2723.944740 0.048283
2726.541740 0.039550
2729.138740 0.037004
2731.735740 0.038929
2734.332740 0.041441
2736.929740 0.038495
2739.526740 0.035887
2742.123740 0.041256
2744.720740 0.041352
2747.317740 0.026828
2749.914740 0.034790
2752.511740 0.032683
2755.108740 0.038651
2757.705740 0.048128
2760.302740 0.038968
2762.899740 0.042293
2765.496740 0.041118
2768.093740 0.040636
2770.690740 0.038069
2773.287740 0.035906
2775.884740 0.035843
2778.481740 0.034951
2781.078740 0.036821
2783.675740 0.036030
2786.272740 0.040486
2788.869740 0.041136
2791.466740 0.033998
2794.063740 0.021608
2796.660740 0.017094
2799.257740 0.018970
2801.854740 0.021638
2804.451740 0.020548
2807.048740 0.027757
2809.645740 0.036976
2812.242740 0.039980
2814.839740 0.041167
2817.436740 0.043423
2820.033740 0.040512
2822.630740 0.038873
2825.227740 0.040574
2827.824740 0.034884
2830.421740 0.037976
2833.018740 0.037172
2835.615740 0.037913
2838.212740 0.038928
2840.809740 0.034419
2843.406740 0.036518
2846.003740 0.041108
2848.600740 0.036717
2851.197740 0.033025
2853.794740 0.035167
2856.391740 0.035189
2858.988740 0.038415
2861.585740 0.041999
2864.182740 0.038974
2866.779740 0.039748
2869.376740 0.041336
2871.973740 0.040001
2874.570740 0.043161
2877.167740 0.040698
2879.764740 0.039164
2882.361740 0.036305
2884.958740 0.036567
2887.555740 0.038848
2890.152740 0.041970
2892.749740 0.042430
2895.346740 0.039645
2897.943740 0.043671
2900.540740 0.044940
2903.137740 0.043749
2905.734740 0.041128
2908.331740 0.042735
2910.928740 0.038186
2913.525740 0.042240
2916.122740 0.046457
2918.719740 0.044136
2921.316740 0.037436
2923.913740 0.038675
2926.510740 0.036360
2929.107740 0.040009
2931.704740 0.039443
2934.301740 0.039081
2936.898740 0.041974
2939.495740 0.046403
2942.092740 0.042505
2944.689740 0.042195
2947.286740 0.043338
2949.883740 0.045409
2952.480740 0.043718
2955.077740 0.043136
2957.674740 0.043768
2960.271740 0.042073
2962.868740 0.042581
2965.465740 0.040779
2968.062740 0.039820
2970.659740 0.041396
2973.256740 0.043114
2975.853740 0.043075
2978.450740 0.041302
2981.047740 0.040578
2983.644740 0.038648
2986.241740 0.035438
2988.838740 0.037761
2991.435740 0.040968
2994.032740 0.037945
2996.629740 0.042987
2999.226740 0.042598
3001.823740 0.039767
3004.420740 0.039928
3007.017740 0.042320
3009.614740 0.041569
3012.211740 0.040595
3014.808740 0.041773
3017.405740 0.039829
3020.002740 0.041139
3022.599740 0.041188
3025.196740 0.037026
3027.793740 0.041094
3030.390740 0.042057
3032.987740 0.044586
3035.584740 0.041589
3038.181740 0.042569
3040.778740 0.046232
3043.375740 0.041517
3045.972740 0.041422
3048.569740 0.042251
3051.166740 0.045289
3053.763740 0.045406
3056.360740 0.043996
3058.957740 0.044352
3061.554740 0.040268
3064.151740 0.040208
3066.748740 0.042108
3069.345740 0.044521
3071.942740 0.042080
3074.539740 0.042957
3077.136740 0.041751
3079.733740 0.042734
3082.330740 0.041631
3084.927740 0.039593
3087.524740 0.043062
3090.121740 0.043780
3092.718740 0.040083
3095.315740 0.038928
3097.912740 0.042036
3100.509740 0.044428
3103.106740 0.042373
3105.703740 0.044982
3108.300740 0.046186
3110.897740 0.045305
3113.494740 0.045336
3116.091740 0.047487
3118.688740 0.042336
3121.285740 0.043770
3123.882740 0.043971
3126.479740 0.044796
3129.076740 0.047196
3131.673740 0.044415
3134.270740 0.046233
3136.867740 0.046081
3139.464740 0.045936
3142.061740 0.045277
3144.658740 0.043901
3147.255740 0.045227
3149.852740 0.046713
3152.449740 0.043116
3155.046740 0.042893
3157.643740 0.043112
3160.240740 0.042943
3162.837740 0.046788
3165.434740 0.044654
3168.031740 0.044003
3170.628740 0.048498
3173.225740 0.048875
3175.822740 0.044891
3178.419740 0.043875
3181.016740 0.040792
3183.613740 0.039189
3186.210740 0.042048
3188.807740 0.044609
3191.404740 0.042618
3194.001740 0.041183
3196.598740 0.041766
3199.195740 0.046390
3201.792740 0.047568
3204.389740 0.046273
3206.986740 0.047044
3209.583740 0.043863
3212.180740 0.043617
3214.777740 0.047457
3217.374740 0.047121
3219.971740 0.048713
3222.568740 0.046824
3225.165740 0.043489
3227.762740 0.046006
3230.359740 0.044749
3232.956740 0.043154
3235.553740 0.040280
3238.150740 0.039891
3240.747740 0.040873
3243.344740 0.043395
3245.941740 0.043175
3248.538740 0.043092
3251.135740 0.041841
3253.732740 0.044905
3256.329740 0.049424
3258.926740 0.047372
3261.523740 0.044517
3264.120740 0.046043
3266.717740 0.047815
3269.314740 0.047872
3271.911740 0.043957
3274.508740 0.046154
3277.105740 0.047683
3279.702740 0.044929
3282.299740 0.042073
3284.896740 0.044019
3287.493740 0.048129
3290.090740 0.049022
3292.687740 0.047067
3295.284740 0.050549
3297.881740 0.051053
3300.478740 0.050607
3303.075740 0.046845
3305.672740 0.045158
3308.269740 0.045348
3310.866740 0.045979
3313.463740 0.047633
3316.060740 0.048490
3318.657740 0.046348
3321.254740 0.044965
3323.851740 0.043398
3326.448740 0.046166
3329.045740 0.043094
3331.642740 0.043499
3334.239740 0.043300
3336.836740 0.043385
3339.433740 0.044319
3342.030740 0.047281
3344.627740 0.047684
3347.224740 0.047788
3349.821740 0.046890
3352.418740 0.047090
3355.015740 0.044019
3357.612740 0.043606
3360.209740 0.044297
3362.806740 0.045788
3365.403740 0.045688
3368.000740 0.042981
3370.597740 0.044498
3373.194740 0.050000
3375.791740 0.049476
3378.388740 0.047638
3380.985740 0.047092
3383.582740 0.047032
3386.179740 0.046151
3388.776740 0.047265
3391.373740 0.047022
3393.970740 0.045950
3396.567740 0.044171
3399.164740 0.047490
3401.761740 0.047414
3404.358740 0.045975
3406.955740 0.045581
3409.552740 0.047266
3412.149740 0.048409
3414.746740 0.045204
3417.343740 0.046982
3419.940740 0.050456
3422.537740 0.049017
3425.134740 0.049750
3427.731740 0.047361
3430.328740 0.044929
3432.925740 0.045122
3435.522740 0.048668
3438.119740 0.046759
3440.716740 0.046463
3443.313740 0.047484
3445.910740 0.048393
3448.507740 0.048518
3451.104740 0.048338
3453.701740 0.046942
3456.298740 0.049124
3458.895740 0.047955
3461.492740 0.046987
3464.089740 0.046922
3466.686740 0.048869
3469.283740 0.049776
3471.880740 0.046021
3474.477740 0.045642
3477.074740 0.045925
3479.671740 0.042948
3482.268740 0.045920
3484.865740 0.043182
3487.462740 0.043498
3490.059740 0.051514
3492.656740 0.046338
3495.253740 0.043187
3497.850740 0.046169
3500.447740 0.050532
3503.044740 0.052636
3505.641740 0.048196
3508.238740 0.049699
3510.835740 0.052104
3513.432740 0.050230
3516.029740 0.048338
3518.626740 0.046470
3521.223740 0.047603
3523.820740 0.047232
3526.417740 0.044855
3529.014740 0.045568
3531.611740 0.047834
3534.208740 0.049777
3536.805740 0.049895
3539.402740 0.052794
3541.999740 0.050955
3544.596740 0.051696
3547.193740 0.052022
3549.790740 0.050981
3552.387740 0.050717
3554.984740 0.050425
3557.581740 0.050816
3560.178740 0.049311
3562.775740 0.045620
3565.372740 0.047410
3567.969740 0.045470
3570.566740 0.048701
3573.163740 0.047501
3575.760740 0.046978
3578.357740 0.047384
3580.954740 0.047153
3583.551740 0.046610
3586.148740 0.047564
3588.745740 0.047653
3591.342740 0.046680
3593.939740 0.048488
3596.536740 0.052385
3599.133740 0.050073
3601.730740 0.048325
3604.327740 0.048545
3606.924740 0.050261
3609.521740 0.046953
3612.118740 0.044257
3614.715740 0.044714
3617.312740 0.047761
3619.909740 0.047578
3622.506740 0.048718
3625.103740 0.049863
3627.700740 0.051721
3630.297740 0.053627
3632.894740 0.051226
3635.491740 0.048595
3638.088740 0.049225
3640.685740 0.051022
3643.282740 0.051785
3645.879740 0.051288
3648.476740 0.047147
3651.073740 0.049185
3653.670740 0.053100
3656.267740 0.053407
3658.864740 0.052175
3661.461740 0.052986
3664.058740 0.052857
3666.655740 0.050540
3669.252740 0.051532
3671.849740 0.048971
3674.446740 0.051479
3677.043740 0.054101
3679.640740 0.052206
3682.237740 0.051467
3684.834740 0.052542
3687.431740 0.052885
3690.028740 0.053299
3692.625740 0.055382
3695.222740 0.053497
3697.819740 0.054984
3700.416740 0.053227
3703.013740 0.049917
3705.610740 0.049442
3708.207740 0.046779
3710.804740 0.048271
3713.401740 0.051725
3715.998740 0.052630
3718.595740 0.056114
3721.192740 0.064367
3723.789740 0.093403
3726.386740 0.134297
3728.983740 0.146622
3731.580740 0.101468
3734.177740 0.062105
3736.774740 0.052812
3739.371740 0.056117
3741.968740 0.058816
3744.565740 0.060779
3747.162740 0.055494
3749.759740 0.050504
3752.356740 0.054634
3754.953740 0.058303
3757.550740 0.057354
3760.147740 0.061176
3762.744740 0.064685
3765.341740 0.057652
3767.938740 0.055465
3770.535740 0.054406
3773.132740 0.053900
3775.729740 0.060600
3778.326740 0.068941
3780.923740 0.066367
3783.520740 0.068534
3786.117740 0.073366
3788.714740 0.069532
3791.311740 0.064057
3793.908740 0.060137
3796.505740 0.054998
3799.102740 0.053721
3801.699740 0.059691
3804.296740 0.063207
3806.893740 0.066745
3809.490740 0.069973
3812.087740 0.070454
3814.684740 0.074485
3817.281740 0.074601
3819.878740 0.073044
3822.475740 0.072122
3825.072740 0.070630
3827.669740 0.065691
3830.266740 0.058820
3832.863740 0.053899
3835.460740 0.049086
3838.057740 0.044249
3840.654740 0.053621
3843.251740 0.061421
3845.848740 0.067481
3848.445740 0.071934
3851.042740 0.076005
3853.639740 0.077437
3856.236740 0.076011
3858.833740 0.075492
3861.430740 0.077058
3864.027740 0.079998
3866.624740 0.081881
3869.221740 0.080311
3871.818740 0.078823
3874.415740 0.076198
3877.012740 0.077802
3879.609740 0.074873
3882.206740 0.071040
3884.803740 0.065914
3887.400740 0.058229
3889.997740 0.056188
3892.594740 0.060651
3895.191740 0.062519
3897.788740 0.069820
3900.385740 0.074129
3902.982740 0.074395
3905.579740 0.070425
3908.176740 0.073662
3910.773740 0.078689
3913.370740 0.080993
3915.967740 0.083874
3918.564740 0.082760
3921.161740 0.083372
3923.758740 0.081205
3926.355740 0.074529
3928.952740 0.067866
3931.549740 0.058999
3934.146740 0.055572
3936.743740 0.059149
3939.340740 0.066718
3941.937740 0.071941
3944.534740 0.078183
3947.131740 0.080777
3949.728740 0.078020
3952.325740 0.076982
3954.922740 0.078977
3957.519740 0.075399
3960.116740 0.071219
3962.713740 0.062096
3965.310740 0.054664
3967.907740 0.045400
3970.504740 0.047410
3973.101740 0.052747
3975.698740 0.054860
3978.295740 0.067411
3980.892740 0.074789
3983.489740 0.076838
3986.086740 0.076765
3988.683740 0.080491
3991.280740 0.087177
3993.877740 0.086256
3996.474740 0.085087
3999.071740 0.088065
4001.668740 0.090419
4004.265740 0.087114
4006.862740 0.084164
4009.459740 0.087740
4012.056740 0.092965
4014.653740 0.094902
4017.250740 0.092771
4019.847740 0.088174
4022.444740 0.086871
4025.041740 0.089375
4027.638740 0.086006
4030.235740 0.084099
4032.832740 0.087043
4035.429740 0.090351
4038.026740 0.091789
4040.623740 0.090252
4043.220740 0.085517
4045.817740 0.083764
4048.414740 0.086803
4051.011740 0.088478
4053.608740 0.088019
4056.205740 0.090776
4058.802740 0.094266
4061.399740 0.091804
4063.996740 0.086397
4066.593740 0.085854
4069.190740 0.085895
4071.787740 0.086293
4074.384740 0.084724
4076.981740 0.083877
4079.578740 0.084114
4082.175740 0.085127
4084.772740 0.086462
4087.369740 0.090347
4089.966740 0.085197
4092.563740 0.079523
4095.160740 0.074621
4097.757740 0.068117
4100.354740 0.070208
4102.951740 0.071660
4105.548740 0.072182
4108.145740 0.073141
4110.742740 0.074170
4113.339740 0.079459
4115.936740 0.082151
4118.533740 0.082339
4121.130740 0.084365
4123.727740 0.083626
4126.324740 0.082079
4128.921740 0.085099
4131.518740 0.081713
4134.115740 0.081999
4136.712740 0.089067
4139.309740 0.089807
4141.906740 0.088642
4144.503740 0.087992
4147.100740 0.085422
4149.697740 0.084078
4152.294740 0.084010
4154.891740 0.084115
4157.488740 0.085231
4160.085740 0.086663
4162.682740 0.087540
4165.279740 0.090195
4167.876740 0.090412
4170.473740 0.088687
4173.070740 0.085932
4175.667740 0.083802
4178.264740 0.081063
4180.861740 0.080819
4183.458740 0.085650
4186.055740 0.088013
4188.652740 0.088027
4191.249740 0.085723
4193.846740 0.082754
4196.443740 0.083482
4199.040740 0.083264
4201.637740 0.080648
4204.234740 0.081811
4206.831740 0.081839
4209.428740 0.082782
4212.025740 0.083195
4214.622740 0.083264
4217.219740 0.083976
4219.816740 0.081857
4222.413740 0.078687
4225.010740 0.080129
4227.607740 0.082837
4230.204740 0.085507
4232.801740 0.090087
4235.398740 0.087729
4237.995740 0.086195
4240.592740 0.085691
4243.189740 0.086121
4245.786740 0.089294
4248.383740 0.088095
4250.980740 0.085913
4253.577740 0.089333
4256.174740 0.087820
4258.771740 0.087802
4261.368740 0.090363
4263.965740 0.092933
4266.562740 0.093029
4269.159740 0.088290
4271.756740 0.085265
4274.353740 0.085825
4276.950740 0.087760
4279.547740 0.086912
4282.144740 0.088322
4284.741740 0.089001
4287.338740 0.084796
4289.935740 0.082704
4292.532740 0.084106
4295.129740 0.085144
4297.726740 0.081823
4300.323740 0.078479
4302.920740 0.077234
4305.517740 0.077901
4308.114740 0.078230
4310.711740 0.078065
4313.308740 0.082389
4315.905740 0.084900
4318.502740 0.084873
4321.099740 0.082919
4323.696740 0.082664
4326.293740 0.080364
4328.890740 0.078952
4331.487740 0.079069
4334.084740 0.078908
4336.681740 0.080748
4339.278740 0.083466
4341.875740 0.086564
4344.472740 0.080630
4347.069740 0.075333
4349.666740 0.074450
4352.263740 0.078599
4354.860740 0.082522
4357.457740 0.081252
4360.054740 0.082522
4362.651740 0.086037
4365.248740 0.086832
4367.845740 0.084841
4370.442740 0.083052
4373.039740 0.084359
4375.636740 0.079742
4378.233740 0.081958
4380.830740 0.082899
4383.427740 0.082149
4386.024740 0.080255
4388.621740 0.080663
4391.218740 0.083016
4393.815740 0.082174
4396.412740 0.084037
4399.009740 0.087335
4401.606740 0.087048
4404.203740 0.084709
4406.800740 0.084209
4409.397740 0.084680
4411.994740 0.087088
4414.591740 0.085659
4417.188740 0.083560
4419.785740 0.085868
4422.382740 0.084979
4424.979740 0.087542
4427.576740 0.086620
4430.173740 0.089237
4432.770740 0.087466
4435.367740 0.085252
4437.964740 0.087597
4440.561740 0.085530
4443.158740 0.085984
4445.755740 0.088781
4448.352740 0.090166
4450.949740 0.093268
4453.546740 0.091356
4456.143740 0.086617
4458.740740 0.089186
4461.337740 0.090277
4463.934740 0.089770
4466.531740 0.089091
4469.128740 0.090492
4471.725740 0.094341
4474.322740 0.092920
4476.919740 0.088813
4479.516740 0.088389
4482.113740 0.091536
4484.710740 0.089749
4487.307740 0.087350
4489.904740 0.091317
4492.501740 0.092804
4495.098740 0.091278
4497.695740 0.093200
4500.292740 0.090404
4502.889740 0.095092
4505.486740 0.095394
4508.083740 0.094156
4510.680740 0.095582
4513.277740 0.092397
4515.874740 0.089047
4518.471740 0.090152
4521.068740 0.094828
4523.665740 0.095120
4526.262740 0.093535
4528.859740 0.088571
4531.456740 0.087391
4534.053740 0.087360
4536.650740 0.090717
4539.247740 0.088404
4541.844740 0.087077
4544.441740 0.087443
4547.038740 0.084941
4549.635740 0.088792
4552.232740 0.087317
4554.829740 0.085187
4557.426740 0.084502
4560.023740 0.088718
4562.620740 0.091079
4565.217740 0.091027
4567.814740 0.091614
4570.411740 0.091372
4573.008740 0.094599
4575.605740 0.090293
4578.202740 0.089356
4580.799740 0.088480
4583.396740 0.090857
4585.993740 0.090843
4588.590740 0.090313
4591.187740 0.091777
4593.784740 0.088609
4596.381740 0.093713
4598.978740 0.093757
4601.575740 0.090433
4604.172740 0.089239
4606.769740 0.092643
4609.366740 0.093799
4611.963740 0.093983
4614.560740 0.095256
4617.157740 0.089710
4619.754740 0.085584
4622.351740 0.087375
4624.948740 0.088764
4627.545740 0.095183
4630.142740 0.093396
4632.739740 0.086911
4635.336740 0.084107
4637.933740 0.084719
4640.530740 0.083676
4643.127740 0.086738
4645.724740 0.086668
4648.321740 0.086259
4650.918740 0.088646
4653.515740 0.095132
4656.112740 0.091130
4658.709740 0.089363
4661.306740 0.089238
4663.903740 0.085224
4666.500740 0.085561
4669.097740 0.088356
4671.694740 0.089654
4674.291740 0.091267
4676.888740 0.087412
4679.485740 0.086955
4682.082740 0.093884
4684.679740 0.094573
4687.276740 0.093427
4689.873740 0.095381
4692.470740 0.091334
4695.067740 0.089150
4697.664740 0.086021
4700.261740 0.087190
4702.858740 0.088030
4705.455740 0.086571
4708.052740 0.087095
4710.649740 0.090447
4713.246740 0.090190
4715.843740 0.091119
4718.440740 0.091857
4721.037740 0.090091
4723.634740 0.086509
4726.231740 0.085724
4728.828740 0.084535
4731.425740 0.083210
4734.022740 0.086580
4736.619740 0.086557
4739.216740 0.088906
4741.813740 0.088177
4744.410740 0.091618
4747.007740 0.086548
4749.604740 0.095870
4752.201740 0.091020
4754.798740 0.090018
4757.395740 0.088775
4759.992740 0.088197
4762.589740 0.093494
4765.186740 0.091954
4767.783740 0.088317
4770.380740 0.089393
4772.977740 0.090991
4775.574740 0.093639
4778.171740 0.088686
4780.768740 0.089057
4783.365740 0.091022
4785.962740 0.089872
4788.559740 0.089742
4791.156740 0.093173
4793.753740 0.094261
4796.350740 0.088962
4798.947740 0.090171
4801.544740 0.087171
4804.141740 0.089882
4806.738740 0.089403
4809.335740 0.088856
4811.932740 0.090890
4814.529740 0.092510
4817.126740 0.092492
4819.723740 0.094330
4822.320740 0.091526
4824.917740 0.089731
4827.514740 0.093126
4830.111740 0.090228
4832.708740 0.088384
4835.305740 0.089783
4837.902740 0.092023
4840.499740 0.094166
4843.096740 0.091075
4845.693740 0.085269
4848.290740 0.088701
4850.887740 0.087287
4853.484740 0.083359
4856.081740 0.091031
4858.678740 0.110310
4861.275740 0.127526
4863.872740 0.124250
4866.469740 0.098383
4869.066740 0.086239
4871.663740 0.080781
4874.260740 0.085242
4876.857740 0.087535
4879.454740 0.085642
4882.051740 0.088231
4884.648740 0.090740
4887.245740 0.091152
4889.842740 0.090507
4892.439740 0.088038
4895.036740 0.089106
4897.633740 0.091396
4900.230740 0.092385
4902.827740 0.090600
4905.424740 0.090860
4908.021740 0.092219
4910.618740 0.093595
4913.215740 0.090716
4915.812740 0.084982
4918.409740 0.087005
4921.006740 0.090517
4923.603740 0.090965
4926.200740 0.089586
4928.797740 0.088206
4931.394740 0.087358
4933.991740 0.085989
4936.588740 0.081170
4939.185740 0.083520
4941.782740 0.087782
4944.379740 0.088090
4946.976740 0.091493
4949.573740 0.092382
4952.170740 0.095377
4954.767740 0.091962
4957.364740 0.092172
4959.961740 0.095756
4962.558740 0.098357
4965.155740 0.091457
4967.752740 0.089269
4970.349740 0.091490
4972.946740 0.098360
4975.543740 0.100748
4978.140740 0.093992
4980.737740 0.089277
4983.334740 0.086412
4985.931740 0.086099
4988.528740 0.082899
4991.125740 0.084896
4993.722740 0.088725
4996.319740 0.089487
4998.916740 0.093247
5001.513740 0.094208
5004.110740 0.103675
5006.707740 0.112382
5009.304740 0.114241
5011.901740 0.099346
5014.498740 0.086540
5017.095740 0.086482
5019.692740 0.083304
5022.289740 0.085915
5024.886740 0.086921
5027.483740 0.084919
5030.080740 0.085763
5032.677740 0.086855
5035.274740 0.087945
5037.871740 0.085662
5040.468740 0.082550
5043.065740 0.081244
5045.662740 0.083302
5048.259740 0.085872
5050.856740 0.088230
5053.453740 0.084796
5056.050740 0.085456
5058.647740 0.087062
5061.244740 0.088754
5063.841740 0.092767
5066.438740 0.088806
5069.035740 0.089236
5071.632740 0.092105
5074.229740 0.090059
5076.826740 0.096659
5079.423740 0.092000
5082.020740 0.086107
5084.617740 0.089349
5087.214740 0.090526
5089.811740 0.093689
5092.408740 0.093205
5095.005740 0.086548
5097.602740 0.083665
5100.199740 0.084785
5102.796740 0.090067
5105.393740 0.088325
5107.990740 0.088594
5110.587740 0.090056
5113.184740 0.085881
5115.781740 0.087505
5118.378740 0.090119
5120.975740 0.087383
5123.572740 0.087961
5126.169740 0.086730
5128.766740 0.089805
5131.363740 0.091094
5133.960740 0.088454
5136.557740 0.085990
5139.154740 0.082832
5141.751740 0.084367
5144.348740 0.084675
5146.945740 0.079722
5149.542740 0.083338
5152.139740 0.087957
5154.736740 0.090889
5157.333740 0.085845
5159.930740 0.085086
5162.527740 0.083075
5165.124740 0.085642
5167.721740 0.083651
5170.318740 0.085865
5172.915740 0.088460
5175.512740 0.088485
5178.109740 0.087820
5180.706740 0.085862
5183.303740 0.083032
5185.900740 0.083087
5188.497740 0.082501
5191.094740 0.082458
5193.691740 0.083935
5196.288740 0.088530
5198.885740 0.089224
