3078.453918 0.025831
3080.773918 0.028210
3083.093918 0.027691
3085.413918 0.027880
3087.733918 0.027902
3090.053918 0.025140
3092.373918 0.023627
3094.693918 0.022154
3097.013918 0.023558
3099.333918 0.024833
3101.653918 0.025144
3103.973918 0.030520
3106.293918 0.027661
3108.613918 0.025050
3110.933918 0.027293
3113.253918 0.028427
3115.573918 0.025139
3117.893918 0.026963
3120.213918 0.024702
3122.533918 0.024642
3124.853918 0.027931
3127.173918 0.026421
3129.493918 0.024784
3131.813918 0.028481
3134.133918 0.026277
3136.453918 0.027172
3138.773918 0.028727
3141.093918 0.029724
3143.413918 0.029563
3145.733918 0.027137
3148.053918 0.027062
3150.373918 0.027128
3152.693918 0.028498
3155.013918 0.027766
3157.333918 0.026689
3159.653918 0.023861
3161.973918 0.021508
3164.293918 0.022862
3166.613918 0.026966
3168.933918 0.029318
3171.253918 0.029740
3173.573918 0.030330
3175.893918 0.028780
3178.213918 0.027805
3180.533918 0.026917
3182.853918 0.028093
3185.173918 0.026487
3187.493918 0.028852
3189.813918 0.030404
3192.133918 0.026590
3194.453918 0.026400
3196.773918 0.027290
3199.093918 0.026794
3201.413918 0.029328
3203.733918 0.029203
3206.053918 0.028140
3208.373918 0.028073
3210.693918 0.028369
3213.013918 0.026670
3215.333918 0.026234
3217.653918 0.028908
3219.973918 0.029182
3222.293918 0.027894
3224.613918 0.025620
3226.933918 0.027407
3229.253918 0.027285
3231.573918 0.029271
3233.893918 0.026387
3236.213918 0.026793
3238.533918 0.027974
3240.853918 0.027521
3243.173918 0.029964
3245.493918 0.030542
3247.813918 0.030071
3250.133918 0.029188
3252.453918 0.030165
3254.773918 0.028855
3257.093918 0.028874
3259.413918 0.030421
3261.733918 0.030964
3264.053918 0.032946
3266.373918 0.031927
3268.693918 0.029710
3271.013918 0.030369
3273.333918 0.030883
3275.653918 0.030258
3277.973918 0.030109
3280.293918 0.029681
3282.613918 0.030824
3284.933918 0.030807
3287.253918 0.032794
3289.573918 0.031321
3291.893918 0.033189
3294.213918 0.032828
3296.533918 0.032178
3298.853918 0.033541
3301.173918 0.034591
3303.493918 0.033235
3305.813918 0.033025
3308.133918 0.031546
3310.453918 0.032242
3312.773918 0.032241
3315.093918 0.031421
3317.413918 0.032108
3319.733918 0.031060
3322.053918 0.030965
3324.373918 0.031165
3326.693918 0.030231
3329.013918 0.030948
3331.333918 0.032335
3333.653918 0.031347
3335.973918 0.028853
3338.293918 0.030118
3340.613918 0.030304
3342.933918 0.030904
3345.253918 0.030756
3347.573918 0.030396
3349.893918 0.032024
3352.213918 0.031432
3354.533918 0.032415
3356.853918 0.031189
3359.173918 0.029444
3361.493918 0.030575
3363.813918 0.030633
3366.133918 0.030327
3368.453918 0.030927
3370.773918 0.028715
3373.093918 0.029285
3375.413918 0.031143
3377.733918 0.032332
3380.053918 0.029642
3382.373918 0.029421
3384.693918 0.030453
3387.013918 0.033322
3389.333918 0.031956
3391.653918 0.030593
3393.973918 0.031681
3396.293918 0.033180
3398.613918 0.033500
3400.933918 0.032408
3403.253918 0.032764
3405.573918 0.032333
3407.893918 0.032454
3410.213918 0.032625
3412.533918 0.032083
3414.853918 0.032481
3417.173918 0.032315
3419.493918 0.033045
3421.813918 0.032443
3424.133918 0.034173
3426.453918 0.032924
3428.773918 0.033056
3431.093918 0.033988
3433.413918 0.033223
3435.733918 0.033041
3438.053918 0.031580
3440.373918 0.029902
3442.693918 0.030198
3445.013918 0.031281
3447.333918 0.032664
3449.653918 0.032058
3451.973918 0.034155
3454.293918 0.034540
3456.613918 0.032699
3458.933918 0.033937
3461.253918 0.032048
3463.573918 0.032127
3465.893918 0.031482
3468.213918 0.033394
3470.533918 0.034063
3472.853918 0.030871
3475.173918 0.030740
3477.493918 0.030381
3479.813918 0.031824
3482.133918 0.031641
3484.453918 0.032600
3486.773918 0.032865
3489.093918 0.031880
3491.413918 0.033415
3493.733918 0.030290
3496.053918 0.031427
3498.373918 0.033765
3500.693918 0.035711
3503.013918 0.034714
3505.333918 0.034864
3507.653918 0.035474
3509.973918 0.034718
3512.293918 0.030798
3514.613918 0.029911
3516.933918 0.033036
3519.253918 0.033344
3521.573918 0.033285
3523.893918 0.031823
3526.213918 0.031629
3528.533918 0.033012
3530.853918 0.034363
3533.173918 0.033472
3535.493918 0.033609
3537.813918 0.035451
3540.133918 0.035890
3542.453918 0.035238
3544.773918 0.035533
3547.093918 0.036112
3549.413918 0.035935
3551.733918 0.036672
3554.053918 0.033517
3556.373918 0.034367
3558.693918 0.036480
3561.013918 0.035115
3563.333918 0.035073
3565.653918 0.032438
3567.973918 0.031102
3570.293918 0.031132
3572.613918 0.032257
3574.933918 0.032258
3577.253918 0.033416
3579.573918 0.031220
3581.893918 0.029969
3584.213918 0.029594
3586.533918 0.029974
3588.853918 0.029469
3591.173918 0.031912
3593.493918 0.033692
3595.813918 0.036062
3598.133918 0.036608
3600.453918 0.036866
3602.773918 0.035766
3605.093918 0.035436
3607.413918 0.034670
3609.733918 0.033895
3612.053918 0.031865
3614.373918 0.031972
3616.693918 0.032500
3619.013918 0.032338
3621.333918 0.034245
3623.653918 0.034228
3625.973918 0.035090
3628.293918 0.035235
3630.613918 0.036225
3632.933918 0.036364
3635.253918 0.034500
3637.573918 0.034784
3639.893918 0.037939
3642.213918 0.036633
3644.533918 0.034593
3646.853918 0.035549
3649.173918 0.036495
3651.493918 0.036504
3653.813918 0.036920
3656.133918 0.038121
3658.453918 0.039170
3660.773918 0.039352
3663.093918 0.039169
3665.413918 0.040022
3667.733918 0.037906
3670.053918 0.038455
3672.373918 0.037783
3674.693918 0.036847
3677.013918 0.036654
3679.333918 0.035303
3681.653918 0.034464
3683.973918 0.035722
3686.293918 0.036150
3688.613918 0.036565
3690.933918 0.037932
3693.253918 0.038883
3695.573918 0.038158
3697.893918 0.039426
3700.213918 0.039442
3702.533918 0.038201
3704.853918 0.036566
3707.173918 0.035448
3709.493918 0.035289
3711.813918 0.037930
3714.133918 0.040042
3716.453918 0.038916
3718.773918 0.039475
3721.093918 0.041982
3723.413918 0.055865
3725.733918 0.080211
3728.053918 0.095543
3730.373918 0.083570
3732.693918 0.060325
3735.013918 0.041324
3737.333918 0.037198
3739.653918 0.039031
3741.973918 0.040101
3744.293918 0.037712
3746.613918 0.035408
3748.933918 0.034529
3751.253918 0.034554
3753.573918 0.039154
3755.893918 0.041235
3758.213918 0.040519
3760.533918 0.041501
3762.853918 0.041052
3765.173918 0.040847
3767.493918 0.039319
3769.813918 0.037392
3772.133918 0.038606
3774.453918 0.041848
3776.773918 0.044027
3779.093918 0.047054
3781.413918 0.048897
3783.733918 0.050377
3786.053918 0.048570
3788.373918 0.047033
3790.693918 0.044204
3793.013918 0.040867
3795.333918 0.039167
3797.653918 0.036131
3799.973918 0.038202
3802.293918 0.041477
3804.613918 0.042474
3806.933918 0.045689
3809.253918 0.048028
3811.573918 0.048606
3813.893918 0.047513
3816.213918 0.046403
3818.533918 0.045446
3820.853918 0.041563
3823.173918 0.041396
3825.493918 0.040247
3827.813918 0.039184
3830.133918 0.034757
3832.453918 0.033473
3834.773918 0.032958
3837.093918 0.030951
3839.413918 0.032565
3841.733918 0.037335
3844.053918 0.041603
3846.373918 0.043593
3848.693918 0.045583
3851.013918 0.045341
3853.333918 0.046510
3855.653918 0.047135
3857.973918 0.045869
3860.293918 0.047813
3862.613918 0.048641
3864.933918 0.048843
3867.253918 0.050840
3869.573918 0.050379
3871.893918 0.047917
3874.213918 0.046034
3876.533918 0.046979
3878.853918 0.046828
3881.173918 0.043417
3883.493918 0.041687
3885.813918 0.041148
3888.133918 0.040006
3890.453918 0.039201
3892.773918 0.041213
3895.093918 0.044725
3897.413918 0.045122
3899.733918 0.048370
3902.053918 0.050716
3904.373918 0.051071
3906.693918 0.051049
3909.013918 0.051625
3911.333918 0.053265
3913.653918 0.054334
3915.973918 0.055459
3918.293918 0.052165
3920.613918 0.049640
3922.933918 0.049617
3925.253918 0.049498
3927.573918 0.043855
3929.893918 0.038539
3932.213918 0.032003
3934.533918 0.029928
3936.853918 0.033250
3939.173918 0.040039
3941.493918 0.043404
3943.813918 0.047292
3946.133918 0.047759
3948.453918 0.052719
3950.773918 0.053805
3953.093918 0.054176
3955.413918 0.051686
3957.733918 0.049493
3960.053918 0.047220
3962.373918 0.041503
3964.693918 0.034814
3967.013918 0.030823
3969.333918 0.029940
3971.653918 0.032933
3973.973918 0.037819
3976.293918 0.043171
3978.613918 0.049172
3980.933918 0.051798
3983.253918 0.054588
3985.573918 0.056634
3987.893918 0.058399
3990.213918 0.060806
3992.533918 0.061338
3994.853918 0.062401
3997.173918 0.061481
3999.493918 0.061879
4001.813918 0.062216
4004.133918 0.061267
4006.453918 0.063008
4008.773918 0.063714
4011.093918 0.065059
4013.413918 0.065312
4015.733918 0.065927
4018.053918 0.067936
4020.373918 0.066175
4022.693918 0.066311
4025.013918 0.064913
4027.333918 0.063099
4029.653918 0.062514
4031.973918 0.062920
4034.293918 0.063172
4036.613918 0.064707
4038.933918 0.065435
4041.253918 0.065307
4043.573918 0.063864
4045.893918 0.062291
4048.213918 0.064621
4050.533918 0.064564
4052.853918 0.065207
4055.173918 0.064999
4057.493918 0.064147
4059.813918 0.062802
4062.133918 0.061626
4064.453918 0.061152
4066.773918 0.061156
4069.093918 0.063514
4071.413918 0.062577
4073.733918 0.062451
4076.053918 0.061293
4078.373918 0.061727
4080.693918 0.063012
4083.013918 0.061412
4085.333918 0.063230
4087.653918 0.061903
4089.973918 0.063836
4092.293918 0.062826
4094.613918 0.057721
4096.933918 0.054594
4099.253918 0.052122
4101.573918 0.053652
4103.893918 0.054164
4106.213918 0.055358
4108.533918 0.056721
4110.853918 0.057901
4113.173918 0.060393
4115.493918 0.062756
4117.813918 0.062081
4120.133918 0.060778
4122.453918 0.061110
4124.773918 0.061835
4127.093918 0.062655
4129.413918 0.063037
4131.733918 0.061065
4134.053918 0.061463
4136.373918 0.064401
4138.693918 0.066335
4141.013918 0.064531
4143.333918 0.062941
4145.653918 0.062894
4147.973918 0.062457
4150.293918 0.062224
4152.613918 0.062531
4154.933918 0.062222
4157.253918 0.063309
4159.573918 0.064837
4161.893918 0.066172
4164.213918 0.066182
4166.533918 0.064064
4168.853918 0.062802
4171.173918 0.061800
4173.493918 0.060136
4175.813918 0.061009
4178.133918 0.061518
4180.453918 0.061894
4182.773918 0.063167
4185.093918 0.062636
4187.413918 0.063208
4189.733918 0.062482
4192.053918 0.063552
4194.373918 0.063282
4196.693918 0.062594
4199.013918 0.061894
4201.333918 0.060109
4203.653918 0.062183
4205.973918 0.064733
4208.293918 0.064970
4210.613918 0.065543
4212.933918 0.065003
4215.253918 0.064601
4217.573918 0.065378
4219.893918 0.065906
4222.213918 0.064190
4224.533918 0.061137
4226.853918 0.059986
4229.173918 0.061285
4231.493918 0.062311
4233.813918 0.064232
4236.133918 0.065221
4238.453918 0.065371
4240.773918 0.065538
4243.093918 0.066653
4245.413918 0.066325
4247.733918 0.064462
4250.053918 0.065053
4252.373918 0.064526
4254.693918 0.063749
4257.013918 0.064520
4259.333918 0.065164
4261.653918 0.065174
4263.973918 0.066388
4266.293918 0.067061
4268.613918 0.064846
4270.933918 0.063511
4273.253918 0.060545
4275.573918 0.062340
4277.893918 0.064268
4280.213918 0.064659
4282.533918 0.064389
4284.853918 0.063162
4287.173918 0.060783
4289.493918 0.060428
4291.813918 0.059530
4294.133918 0.060308
4296.453918 0.057284
4298.773918 0.054697
4301.093918 0.053397
4303.413918 0.051971
4305.733918 0.052132
4308.053918 0.053798
4310.373918 0.056361
4312.693918 0.059694
4315.013918 0.062709
4317.333918 0.067040
4319.653918 0.067119
4321.973918 0.063735
4324.293918 0.061291
4326.613918 0.060164
4328.933918 0.062577
4331.253918 0.063248
4333.573918 0.063477
4335.893918 0.062524
4338.213918 0.062122
4340.533918 0.061188
4342.853918 0.061631
4345.173918 0.062286
4347.493918 0.063114
4349.813918 0.062125
4352.133918 0.061639
4354.453918 0.064601
4356.773918 0.067835
4359.093918 0.069469
4361.413918 0.070874
4363.733918 0.070807
4366.053918 0.068999
4368.373918 0.068779
4370.693918 0.068894
4373.013918 0.068139
4375.333918 0.068119
4377.653918 0.068733
4379.973918 0.068346
4382.293918 0.064490
4384.613918 0.062845
4386.933918 0.061136
4389.253918 0.063556
4391.573918 0.066082
4393.893918 0.067446
4396.213918 0.068433
4398.533918 0.067212
4400.853918 0.067174
4403.173918 0.066310
4405.493918 0.065634
4407.813918 0.066732
4410.133918 0.069100
4412.453918 0.068785
4414.773918 0.068107
4417.093918 0.068747
4419.413918 0.069374
4421.733918 0.070372
4424.053918 0.069912
4426.373918 0.069820
4428.693918 0.070870
4431.013918 0.071527
4433.333918 0.069686
4435.653918 0.070481
4437.973918 0.070736
4440.293918 0.070172
4442.613918 0.071464
4444.933918 0.071878
4447.253918 0.070989
4449.573918 0.072727
4451.893918 0.073414
4454.213918 0.070488
4456.533918 0.069040
4458.853918 0.067306
4461.173918 0.067767
4463.493918 0.067637
4465.813918 0.068398
4468.133918 0.071218
4470.453918 0.071846
4472.773918 0.074995
4475.093918 0.075745
4477.413918 0.075828
4479.733918 0.074394
4482.053918 0.073146
4484.373918 0.073077
4486.693918 0.073554
4489.013918 0.073166
4491.333918 0.073224
4493.653918 0.073440
4495.973918 0.073149
4498.293918 0.074467
4500.613918 0.076291
4502.933918 0.077497
4505.253918 0.078846
4507.573918 0.079393
4509.893918 0.078292
4512.213918 0.078695
4514.533918 0.078457
4516.853918 0.076916
4519.173918 0.077173
4521.493918 0.075511
4523.813918 0.074295
4526.133918 0.072514
4528.453918 0.070570
4530.773918 0.069081
4533.093918 0.069450
4535.413918 0.071038
4537.733918 0.072965
4540.053918 0.075649
4542.373918 0.075193
4544.693918 0.073663
4547.013918 0.072374
4549.333918 0.071970
4551.653918 0.072705
4553.973918 0.073478
4556.293918 0.074053
4558.613918 0.076932
4560.933918 0.078304
4563.253918 0.077607
4565.573918 0.076702
4567.893918 0.077179
4570.213918 0.077149
4572.533918 0.076621
4574.853918 0.076677
4577.173918 0.075428
4579.493918 0.074999
4581.813918 0.074087
4584.133918 0.073221
4586.453918 0.074956
4588.773918 0.074575
4591.093918 0.074832
4593.413918 0.075465
4595.733918 0.074969
4598.053918 0.075049
4600.373918 0.074338
4602.693918 0.073213
4605.013918 0.073313
4607.333918 0.074693
4609.653918 0.076162
4611.973918 0.076008
4614.293918 0.075413
4616.613918 0.076443
4618.933918 0.077120
4621.253918 0.077218
4623.573918 0.077785
4625.893918 0.077717
4628.213918 0.078166
4630.533918 0.078211
4632.853918 0.077238
4635.173918 0.075014
4637.493918 0.073483
4639.813918 0.074713
4642.133918 0.074694
4644.453918 0.074340
4646.773918 0.073879
4649.093918 0.071930
4651.413918 0.072397
4653.733918 0.074628
4656.053918 0.075194
4658.373918 0.075622
4660.693918 0.077380
4663.013918 0.076372
4665.333918 0.074656
4667.653918 0.073408
4669.973918 0.072614
4672.293918 0.073394
4674.613918 0.074809
4676.933918 0.074305
4679.253918 0.073408
4681.573918 0.073437
4683.893918 0.074020
4686.213918 0.075385
4688.533918 0.075484
4690.853918 0.074686
4693.173918 0.074612
4695.493918 0.074590
4697.813918 0.074901
4700.133918 0.074597
4702.453918 0.072684
4704.773918 0.073019
4707.093918 0.074836
4709.413918 0.074170
4711.733918 0.074317
4714.053918 0.075771
4716.373918 0.077263
4718.693918 0.077132
4721.013918 0.077514
4723.333918 0.077748
4725.653918 0.077624
4727.973918 0.075583
4730.293918 0.074063
4732.613918 0.072888
4734.933918 0.074415
4737.253918 0.075157
4739.573918 0.077026
4741.893918 0.076027
4744.213918 0.073277
4746.533918 0.073009
4748.853918 0.073349
4751.173918 0.073935
4753.493918 0.074785
4755.813918 0.073432
4758.133918 0.073662
4760.453918 0.073720
4762.773918 0.071610
4765.093918 0.069646
4767.413918 0.069762
4769.733918 0.071820
4772.053918 0.075089
4774.373918 0.077001
4776.693918 0.077889
4779.013918 0.076630
4781.333918 0.076878
4783.653918 0.075456
4785.973918 0.074513
4788.293918 0.074433
4790.613918 0.076363
4792.933918 0.077010
4795.253918 0.077859
4797.573918 0.077981
4799.893918 0.077036
4802.213918 0.077340
4804.533918 0.078156
4806.853918 0.076214
4809.173918 0.075449
4811.493918 0.076459
4813.813918 0.077579
4816.133918 0.077016
4818.453918 0.079102
4820.773918 0.079152
4823.093918 0.077580
4825.413918 0.077442
4827.733918 0.076881
4830.053918 0.077089
4832.373918 0.077253
4834.693918 0.075634
4837.013918 0.074764
4839.333918 0.074909
4841.653918 0.074907
4843.973918 0.074907
4846.293918 0.073923
4848.613918 0.073167
4850.933918 0.071309
4853.253918 0.069960
4855.573918 0.071031
4857.893918 0.077915
4860.213918 0.085830
4862.533918 0.086412
4864.853918 0.078328
4867.173918 0.069345
4869.493918 0.067656
4871.813918 0.067918
4874.133918 0.068254
4876.453918 0.069915
4878.773918 0.071377
4881.093918 0.073326
4883.413918 0.073439
4885.733918 0.071837
4888.053918 0.071423
4890.373918 0.072121
4892.693918 0.074066
4895.013918 0.076490
4897.333918 0.076529
4899.653918 0.077385
4901.973918 0.076725
4904.293918 0.076511
4906.613918 0.076305
4908.933918 0.075478
4911.253918 0.075511
4913.573918 0.075283
4915.893918 0.074064
4918.213918 0.073065
4920.533918 0.072332
4922.853918 0.071781
4925.173918 0.074591
4927.493918 0.076790
4929.813918 0.077326
4932.133918 0.078296
4934.453918 0.077875
4936.773918 0.076659
4939.093918 0.074950
4941.413918 0.076131
4943.733918 0.078054
4946.053918 0.079293
4948.373918 0.078890
4950.693918 0.077015
4953.013918 0.078280
4955.333918 0.079233
4957.653918 0.076832
4959.973918 0.077752
4962.293918 0.077875
4964.613918 0.075576
4966.933918 0.073684
4969.253918 0.074247
4971.573918 0.074274
4973.893918 0.074392
4976.213918 0.074304
4978.533918 0.073651
4980.853918 0.071551
4983.173918 0.070166
4985.493918 0.070945
4987.813918 0.073005
4990.133918 0.073837
4992.453918 0.076273
4994.773918 0.075849
4997.093918 0.075330
4999.413918 0.075837
5001.733918 0.080714
5004.053918 0.085785
5006.373918 0.094077
5008.693918 0.093895
5011.013918 0.085255
5013.333918 0.074960
5015.653918 0.071520
5017.973918 0.071834
5020.293918 0.071445
5022.613918 0.071161
5024.933918 0.073790
5027.253918 0.073014
5029.573918 0.074461
5031.893918 0.073833
5034.213918 0.072329
5036.533918 0.072714
5038.853918 0.072734
5041.173918 0.070215
5043.493918 0.070106
5045.813918 0.073183
5048.133918 0.075860
5050.453918 0.073625
5052.773918 0.073363
5055.093918 0.076239
5057.413918 0.075578
5059.733918 0.077302
5062.053918 0.078188
5064.373918 0.076742
5066.693918 0.075825
5069.013918 0.075901
5071.333918 0.073609
5073.653918 0.074943
5075.973918 0.075207
5078.293918 0.073351
5080.613918 0.071004
5082.933918 0.071852
5085.253918 0.073311
5087.573918 0.073496
5089.893918 0.074859
5092.213918 0.075058
5094.533918 0.074782
5096.853918 0.073977
5099.173918 0.073583
5101.493918 0.071162
5103.813918 0.072783
5106.133918 0.074900
5108.453918 0.074231
5110.773918 0.072180
5113.093918 0.073939
5115.413918 0.075126
5117.733918 0.075978
5120.053918 0.075072
5122.373918 0.073826
5124.693918 0.072521
5127.013918 0.070845
5129.333918 0.072019
5131.653918 0.073831
5133.973918 0.072864
5136.293918 0.071894
5138.613918 0.071707
5140.933918 0.070885
5143.253918 0.072637
5145.573918 0.071225
5147.893918 0.071160
5150.213918 0.071181
5152.533918 0.070503
5154.853918 0.070625
5157.173918 0.072872
5159.493918 0.074496
5161.813918 0.073193
5164.133918 0.070593
5166.453918 0.065609
5168.773918 0.063230
5171.093918 0.062070
5173.413918 0.062863
5175.733918 0.065510
5178.053918 0.066405
5180.373918 0.067019
5182.693918 0.066171
5185.013918 0.065357
5187.333918 0.067313
5189.653918 0.068711
5191.973918 0.071813
5194.293918 0.073121
5196.613918 0.072829
5198.933918 0.072773
5201.253918 0.073697
5203.573918 0.072488
5205.893918 0.069822
5208.213918 0.068655
5210.533918 0.070455
5212.853918 0.071373
5215.173918 0.073805
5217.493918 0.074019
5219.813918 0.074071
5222.133918 0.073934
5224.453918 0.072789
5226.773918 0.070837
5229.093918 0.071176
5231.413918 0.072120
5233.733918 0.073061
5236.053918 0.074443
5238.373918 0.075500
5240.693918 0.076680
5243.013918 0.073665
5245.333918 0.074149
5247.653918 0.074816
5249.973918 0.073107
5252.293918 0.074237
5254.613918 0.074537
5256.933918 0.075480
5259.253918 0.077009
5261.573918 0.076625
5263.893918 0.073410
5266.213918 0.069971
5268.533918 0.070020
5270.853918 0.072196
5273.173918 0.072328
5275.493918 0.074131
5277.813918 0.077030
5280.133918 0.078374
5282.453918 0.076597
5284.773918 0.077095
5287.093918 0.078796
5289.413918 0.080225
5291.733918 0.079527
5294.053918 0.079739
5296.373918 0.076316
5298.693918 0.072249
5301.013918 0.072488
5303.333918 0.074601
5305.653918 0.076345
5307.973918 0.075719
5310.293918 0.078643
5312.613918 0.078275
5314.933918 0.078379
5317.253918 0.078435
5319.573918 0.076061
5321.893918 0.073627
5324.213918 0.073545
5326.533918 0.074083
5328.853918 0.075553
5331.173918 0.073208
5333.493918 0.074723
5335.813918 0.074326
5338.133918 0.075150
5340.453918 0.076092
5342.773918 0.074766
5345.093918 0.074549
5347.413918 0.077693
5349.733918 0.079089
5352.053918 0.078381
5354.373918 0.080303
5356.693918 0.082635
5359.013918 0.082122
5361.333918 0.081033
5363.653918 0.078375
5365.973918 0.076405
5368.293918 0.075577
5370.613918 0.075752
5372.933918 0.078619
5375.253918 0.080112
5377.573918 0.080556
5379.893918 0.079514
5382.213918 0.080044
5384.533918 0.080927
5386.853918 0.080254
5389.173918 0.076372
5391.493918 0.076284
5393.813918 0.076776
5396.133918 0.077096
5398.453918 0.075258
5400.773918 0.076321
5403.093918 0.075191
5405.413918 0.073840
5407.733918 0.071666
5410.053918 0.072437
5412.373918 0.074828
5414.693918 0.078015
5417.013918 0.079334
5419.333918 0.079067
5421.653918 0.077402
5423.973918 0.078345
5426.293918 0.080334
5428.613918 0.079195
5430.933918 0.079598
5433.253918 0.080675
5435.573918 0.076170
5437.893918 0.075562
5440.213918 0.077261
5442.533918 0.078871
5444.853918 0.078715
5447.173918 0.076918
5449.493918 0.077376
5451.813918 0.076711
5454.133918 0.079038
5456.453918 0.078191
5458.773918 0.077298
5461.093918 0.075798
5463.413918 0.075216
5465.733918 0.076752
5468.053918 0.078624
5470.373918 0.079283
5472.693918 0.077942
5475.013918 0.076642
5477.333918 0.073500
5479.653918 0.072648
5481.973918 0.074371
5484.293918 0.076115
5486.613918 0.077646
5488.933918 0.080229
5491.253918 0.081337
5493.573918 0.079488
5495.893918 0.077641
5498.213918 0.078441
5500.533918 0.078238
5502.853918 0.081391
5505.173918 0.079340
5507.493918 0.075174
5509.813918 0.077718
5512.133918 0.076861
5514.453918 0.075312
5516.773918 0.075581
5519.093918 0.079330
5521.413918 0.081032
5523.733918 0.082178
5526.053918 0.079254
5528.373918 0.077437
5530.693918 0.078144
5533.013918 0.079423
5535.333918 0.078941
5537.653918 0.079622
5539.973918 0.079952
5542.293918 0.080291
5544.613918 0.079553
5546.933918 0.077083
5549.253918 0.077454
5551.573918 0.080130
5553.893918 0.078774
5556.213918 0.080241
5558.533918 0.077727
5560.853918 0.077434
5563.173918 0.080946
5565.493918 0.078381
5567.813918 0.077729
5570.133918 0.078974
5572.453918 0.078563
5574.773918 0.078240
5577.093918 0.077376
5579.413918 0.077933
5581.733918 0.077283
5584.053918 0.077289
5586.373918 0.076834
5588.693918 0.076350
5591.013918 0.075353
5593.333918 0.076537
5595.653918 0.077957
5597.973918 0.077281
5600.293918 0.078261
5602.613918 0.078434
5604.933918 0.078803
5607.253918 0.081329
5609.573918 0.080751
5611.893918 0.079981
5614.213918 0.077465
5616.533918 0.076799
5618.853918 0.077293
5621.173918 0.078247
5623.493918 0.077564
5625.813918 0.076813
5628.133918 0.079180
5630.453918 0.082138
5632.773918 0.080539
5635.093918 0.077919
5637.413918 0.075824
5639.733918 0.076706
5642.053918 0.078299
5644.373918 0.078121
5646.693918 0.077537
5649.013918 0.077274
5651.333918 0.077209
5653.653918 0.077231
5655.973918 0.077761
5658.293918 0.076721
5660.613918 0.076391
5662.933918 0.076564
5665.253918 0.075140
5667.573918 0.078004
5669.893918 0.079470
5672.213918 0.081208
5674.533918 0.082143
5676.853918 0.080087
5679.173918 0.078689
5681.493918 0.079849
5683.813918 0.078165
5686.133918 0.076948
5688.453918 0.079435
5690.773918 0.083162
5693.093918 0.082514
5695.413918 0.083007
5697.733918 0.084140
5700.053918 0.084295
