2349.158535 0.042817
2350.913535 0.043830
2352.668535 0.046627
2354.423535 0.042885
2356.178535 0.042197
2357.933535 0.044353
2359.688535 0.043599
2361.443535 0.037866
2363.198535 0.028956
2364.953535 0.030269
2366.708535 0.018378
2368.463535 0.035502
2370.218535 0.029714
2371.973535 0.014836
2373.728535 0.031615
2375.483535 0.039510
2377.238535 0.038471
2378.993535 0.037128
2380.748535 0.036052
2382.503535 0.032900
2384.258535 0.022302
2386.013535 0.023647
2387.768535 0.033899
2389.523535 0.039730
2391.278535 0.041022
2393.033535 0.038560
2394.788535 0.045598
2396.543535 0.039714
2398.298535 0.040078
2400.053535 0.039269
2401.808535 0.036502
2403.563535 0.039784
2405.318535 0.030798
2407.073535 0.035464
2408.828535 0.039351
2410.583535 0.042390
2412.338535 0.037714
2414.093535 0.026967
2415.848535 0.037510
2417.603535 0.040586
2419.358535 0.044614
2421.113535 0.038371
2422.868535 0.032496
2424.623535 0.031654
2426.378535 0.035648
2428.133535 0.026718
2429.888535 0.035933
2431.643535 0.043338
2433.398535 0.040999
2435.153535 0.037819
2436.908535 0.032050
2438.663535 0.031931
2440.418535 0.036289
2442.173535 0.028140
2443.928535 0.030889
2445.683535 0.037525
2447.438535 0.037415
2449.193535 0.029931
2450.948535 0.033786
2452.703535 0.036276
2454.458535 0.036195
2456.213535 0.033949
2457.968535 0.037147
2459.723535 0.036970
2461.478535 0.036715
2463.233535 0.039806
2464.988535 0.034229
2466.743535 0.031900
2468.498535 0.039276
2470.253535 0.039082
2472.008535 0.034351
2473.763535 0.032598
2475.518535 0.032825
2477.273535 0.037164
2479.028535 0.034723
2480.783535 0.035736
2482.538535 0.036028
2484.293535 0.032829
2486.048535 0.036702
2487.803535 0.036081
2489.558535 0.037169
2491.313535 0.034497
2493.068535 0.038499
2494.823535 0.032258
2496.578535 0.039726
2498.333535 0.033715
2500.088535 0.035743
2501.843535 0.036033
2503.598535 0.041957
2505.353535 0.038250
2507.108535 0.035953
2508.863535 0.034939
2510.618535 0.032809
2512.373535 0.037631
2514.128535 0.036424
2515.883535 0.032204
2517.638535 0.038254
2519.393535 0.036390
2521.148535 0.032882
2522.903535 0.036937
2524.658535 0.033306
2526.413535 0.031151
2528.168535 0.035973
2529.923535 0.037353
2531.678535 0.035662
2533.433535 0.036406
2535.188535 0.036315
2536.943535 0.033875
2538.698535 0.035203
2540.453535 0.035842
2542.208535 0.034516
2543.963535 0.036310
2545.718535 0.028481
2547.473535 0.033385
2549.228535 0.035373
2550.983535 0.031648
2552.738535 0.037102
2554.493535 0.035301
2556.248535 0.037712
2558.003535 0.035240
2559.758535 0.036657
2561.513535 0.048958
2563.268535 0.035744
2565.023535 0.031905
2566.778535 0.031784
2568.533535 0.035023
2570.288535 0.036135
2572.043535 0.037196
2573.798535 0.037351
2575.553535 0.035208
2577.308535 0.036871
2579.063535 0.035329
2580.818535 0.034097
2582.573535 0.030550
2584.328535 0.026898
2586.083535 0.027156
2587.838535 0.033678
2589.593535 0.032766
2591.348535 0.033776
2593.103535 0.034667
2594.858535 0.036690
2596.613535 0.033506
2598.368535 0.023870
2600.123535 0.023399
2601.878535 0.029436
2603.633535 0.035277
2605.388535 0.036347
2607.143535 0.033386
2608.898535 0.034361
2610.653535 0.038389
2612.408535 0.040508
2614.163535 0.032177
2615.918535 0.034777
2617.673535 0.035827
2619.428535 0.034175
2621.183535 0.029627
2622.938535 0.037660
2624.693535 0.040037
2626.448535 0.035137
2628.203535 0.035026
2629.958535 0.035122
2631.713535 0.037066
2633.468535 0.037705
2635.223535 0.038069
2636.978535 0.029954
2638.733535 0.033382
2640.488535 0.037009
2642.243535 0.040750
2643.998535 0.037153
2645.753535 0.039279
2647.508535 0.039185
2649.263535 0.037101
2651.018535 0.031426
2652.773535 0.028855
2654.528535 0.036045
2656.283535 0.033306
2658.038535 0.030605
2659.793535 0.032842
2661.548535 0.036118
2663.303535 0.033111
2665.058535 0.032174
2666.813535 0.036675
2668.568535 0.035342
2670.323535 0.040056
2672.078535 0.033604
2673.833535 0.034837
2675.588535 0.034769
2677.343535 0.035608
2679.098535 0.031092
2680.853535 0.028893
2682.608535 0.027562
2684.363535 0.033641
2686.118535 0.035912
2687.873535 0.038095
2689.628535 0.034016
2691.383535 0.035384
2693.138535 0.033010
2694.893535 0.029683
2696.648535 0.037786
2698.403535 0.034129
2700.158535 0.032431
2701.913535 0.033753
2703.668535 0.035768
2705.423535 0.036073
2707.178535 0.032921
2708.933535 0.031988
2710.688535 0.030759
2712.443535 0.035725
2714.198535 0.036308
2715.953535 0.033277
2717.708535 0.037532
2719.463535 0.036739
2721.218535 0.033115
2722.973535 0.032964
2724.728535 0.031437
2726.483535 0.032577
2728.238535 0.032999
2729.993535 0.029804
2731.748535 0.031953
2733.503535 0.032597
2735.258535 0.031450
2737.013535 0.036590
2738.768535 0.034797
2740.523535 0.033564
2742.278535 0.030874
2744.033535 0.032243
2745.788535 0.028191
2747.543535 0.029299
2749.298535 0.031843
2751.053535 0.033570
2752.808535 0.030243
2754.563535 0.030143
2756.318535 0.029812
2758.073535 0.037361
2759.828535 0.035384
2761.583535 0.034485
2763.338535 0.034864
2765.093535 0.032509
2766.848535 0.031572
2768.603535 0.031050
2770.358535 0.035348
2772.113535 0.032942
2773.868535 0.028350
2775.623535 0.035813
2777.378535 0.032987
2779.133535 0.033608
2780.888535 0.035637
2782.643535 0.029519
2784.398535 0.031450
2786.153535 0.033592
2787.908535 0.033002
2789.663535 0.029673
2791.418535 0.028481
2793.173535 0.029080
2794.928535 0.021258
2796.683535 0.020881
2798.438535 0.024778
2800.193535 0.021670
2801.948535 0.023141
2803.703535 0.026766
2805.458535 0.026055
2807.213535 0.031583
2808.968535 0.030486
2810.723535 0.028713
2812.478535 0.032955
2814.233535 0.034142
2815.988535 0.031136
2817.743535 0.030267
2819.498535 0.033292
2821.253535 0.033585
2823.008535 0.030469
2824.763535 0.035254
2826.518535 0.032772
2828.273535 0.035562
2830.028535 0.032512
2831.783535 0.033810
2833.538535 0.031336
2835.293535 0.032000
2837.048535 0.032622
2838.803535 0.033246
2840.558535 0.026716
2842.313535 0.033545
2844.068535 0.033287
2845.823535 0.032949
2847.578535 0.028437
2849.333535 0.028134
2851.088535 0.028588
2852.843535 0.031975
2854.598535 0.031607
2856.353535 0.031509
2858.108535 0.032337
2859.863535 0.028171
2861.618535 0.030642
2863.373535 0.032758
2865.128535 0.034047
2866.883535 0.032159
2868.638535 0.032474
2870.393535 0.033970
2872.148535 0.032223
2873.903535 0.029287
2875.658535 0.031270
2877.413535 0.030526
2879.168535 0.032414
2880.923535 0.032427
2882.678535 0.032748
2884.433535 0.033429
2886.188535 0.030994
2887.943535 0.029788
2889.698535 0.031259
2891.453535 0.033636
2893.208535 0.032381
2894.963535 0.030704
2896.718535 0.029907
2898.473535 0.030255
2900.228535 0.030613
2901.983535 0.031507
2903.738535 0.031271
2905.493535 0.032481
2907.248535 0.027286
2909.003535 0.029911
2910.758535 0.033126
2912.513535 0.032916
2914.268535 0.033556
2916.023535 0.032913
2917.778535 0.033446
2919.533535 0.033535
2921.288535 0.033145
2923.043535 0.032809
2924.798535 0.031104
2926.553535 0.031313
2928.308535 0.035071
2930.063535 0.037288
2931.818535 0.034967
2933.573535 0.032726
2935.328535 0.036175
2937.083535 0.035892
2938.838535 0.036137
2940.593535 0.032574
2942.348535 0.032512
2944.103535 0.029349
2945.858535 0.032688
2947.613535 0.029888
2949.368535 0.029227
2951.123535 0.027608
2952.878535 0.027964
2954.633535 0.028904
2956.388535 0.031374
2958.143535 0.032010
2959.898535 0.031248
2961.653535 0.035256
2963.408535 0.030168
2965.163535 0.031459
2966.918535 0.030190
2968.673535 0.029483
2970.428535 0.030224
2972.183535 0.033891
2973.938535 0.034087
2975.693535 0.031187
2977.448535 0.030556
2979.203535 0.027555
2980.958535 0.030145
2982.713535 0.029897
2984.468535 0.028841
2986.223535 0.032518
2987.978535 0.031714
2989.733535 0.028743
2991.488535 0.029350
2993.243535 0.030543
2994.998535 0.025754
2996.753535 0.033139
2998.508535 0.032856
3000.263535 0.030662
3002.018535 0.032329
3003.773535 0.031711
3005.528535 0.031353
3007.283535 0.030707
3009.038535 0.032293
3010.793535 0.029484
3012.548535 0.032436
3014.303535 0.031656
3016.058535 0.035197
3017.813535 0.031969
3019.568535 0.031836
3021.323535 0.028613
3023.078535 0.029508
3024.833535 0.029515
3026.588535 0.034285
3028.343535 0.031151
3030.098535 0.032622
3031.853535 0.028813
3033.608535 0.028811
3035.363535 0.032980
3037.118535 0.033219
3038.873535 0.032203
3040.628535 0.029605
3042.383535 0.034475
3044.138535 0.031212
3045.893535 0.029373
3047.648535 0.031610
3049.403535 0.034916
3051.158535 0.034023
3052.913535 0.034322
3054.668535 0.032334
3056.423535 0.028645
3058.178535 0.026694
3059.933535 0.029547
3061.688535 0.025140
3063.443535 0.023882
3065.198535 0.032044
3066.953535 0.031600
3068.708535 0.030406
3070.463535 0.033170
3072.218535 0.032277
3073.973535 0.033466
3075.728535 0.032163
3077.483535 0.031855
3079.238535 0.030147
3080.993535 0.032321
3082.748535 0.036954
3084.503535 0.030913
3086.258535 0.031619
3088.013535 0.032336
3089.768535 0.034189
3091.523535 0.030547
3093.278535 0.025804
3095.033535 0.029853
3096.788535 0.032761
3098.543535 0.030374
3100.298535 0.032168
3102.053535 0.029592
3103.808535 0.028481
3105.563535 0.031508
3107.318535 0.032919
3109.073535 0.030095
3110.828535 0.031918
3112.583535 0.031160
3114.338535 0.031628
3116.093535 0.032856
3117.848535 0.033005
3119.603535 0.032012
3121.358535 0.028226
3123.113535 0.029046
3124.868535 0.027541
3126.623535 0.029485
3128.378535 0.030186
3130.133535 0.027797
3131.888535 0.027069
3133.643535 0.031178
3135.398535 0.031278
3137.153535 0.029585
3138.908535 0.030484
3140.663535 0.030114
3142.418535 0.025540
3144.173535 0.027965
3145.928535 0.027326
3147.683535 0.029380
3149.438535 0.031662
3151.193535 0.030893
3152.948535 0.027600
3154.703535 0.031270
3156.458535 0.031350
3158.213535 0.031861
3159.968535 0.028359
3161.723535 0.029892
3163.478535 0.029108
3165.233535 0.031605
3166.988535 0.030418
3168.743535 0.032000
3170.498535 0.032229
3172.253535 0.031322
3174.008535 0.032412
3175.763535 0.032341
3177.518535 0.033456
3179.273535 0.027921
3181.028535 0.026921
3182.783535 0.028703
3184.538535 0.029406
3186.293535 0.029063
3188.048535 0.029860
3189.803535 0.031720
3191.558535 0.031993
3193.313535 0.027672
3195.068535 0.031282
3196.823535 0.029266
3198.578535 0.031564
3200.333535 0.030748
3202.088535 0.030737
3203.843535 0.032241
3205.598535 0.031333
3207.353535 0.029602
3209.108535 0.030568
3210.863535 0.030625
3212.618535 0.029844
3214.373535 0.029058
3216.128535 0.028291
3217.883535 0.029618
3219.638535 0.029524
3221.393535 0.025294
3223.148535 0.031090
3224.903535 0.029962
3226.658535 0.031252
3228.413535 0.027005
3230.168535 0.029428
3231.923535 0.028222
3233.678535 0.031362
3235.433535 0.026877
3237.188535 0.030165
3238.943535 0.029601
3240.698535 0.030695
3242.453535 0.031071
3244.208535 0.032779
3245.963535 0.030455
3247.718535 0.029058
3249.473535 0.031160
3251.228535 0.031646
3252.983535 0.031334
3254.738535 0.029911
3256.493535 0.031787
3258.248535 0.030782
3260.003535 0.029528
3261.758535 0.031414
3263.513535 0.032344
3265.268535 0.029366
3267.023535 0.029612
3268.778535 0.029775
3270.533535 0.031289
3272.288535 0.029024
3274.043535 0.030796
3275.798535 0.028613
3277.553535 0.031840
3279.308535 0.031456
3281.063535 0.027800
3282.818535 0.031205
3284.573535 0.031379
3286.328535 0.036455
3288.083535 0.031113
3289.838535 0.030980
3291.593535 0.030111
3293.348535 0.032210
3295.103535 0.036161
3296.858535 0.035910
3298.613535 0.033493
3300.368535 0.031959
3302.123535 0.027011
3303.878535 0.028499
3305.633535 0.030768
3307.388535 0.030882
3309.143535 0.031575
3310.898535 0.032315
3312.653535 0.031806
3314.408535 0.030965
3316.163535 0.033551
3317.918535 0.034128
3319.673535 0.030804
3321.428535 0.029406
3323.183535 0.029909
3324.938535 0.030919
3326.693535 0.027613
3328.448535 0.028864
3330.203535 0.029045
3331.958535 0.031113
3333.713535 0.032330
3335.468535 0.033058
3337.223535 0.030205
3338.978535 0.028632
3340.733535 0.027416
3342.488535 0.026650
3344.243535 0.026159
3345.998535 0.027038
3347.753535 0.028778
3349.508535 0.030032
3351.263535 0.028250
3353.018535 0.027541
3354.773535 0.028245
3356.528535 0.031073
3358.283535 0.028899
3360.038535 0.028797
3361.793535 0.033010
3363.548535 0.033297
3365.303535 0.028851
3367.058535 0.027790
3368.813535 0.029590
3370.568535 0.025398
3372.323535 0.027689
3374.078535 0.029218
3375.833535 0.028007
3377.588535 0.032013
3379.343535 0.031832
3381.098535 0.030678
3382.853535 0.032478
3384.608535 0.031313
3386.363535 0.028885
3388.118535 0.027858
3389.873535 0.030791
3391.628535 0.025927
3393.383535 0.029980
3395.138535 0.026836
3396.893535 0.026003
3398.648535 0.028936
3400.403535 0.030847
3402.158535 0.027643
3403.913535 0.029242
3405.668535 0.031361
3407.423535 0.031721
3409.178535 0.030680
3410.933535 0.032819
3412.688535 0.030732
3414.443535 0.029314
3416.198535 0.027983
3417.953535 0.029848
3419.708535 0.033064
3421.463535 0.031253
3423.218535 0.028971
3424.973535 0.029924
3426.728535 0.027743
3428.483535 0.025397
3430.238535 0.027160
3431.993535 0.031503
3433.748535 0.035129
3435.503535 0.034080
3437.258535 0.031087
3439.013535 0.029846
3440.768535 0.031498
3442.523535 0.031514
3444.278535 0.031482
3446.033535 0.027875
3447.788535 0.028615
3449.543535 0.025954
3451.298535 0.027532
3453.053535 0.027973
3454.808535 0.029039
3456.563535 0.028589
3458.318535 0.028669
3460.073535 0.030761
3461.828535 0.031533
3463.583535 0.029558
3465.338535 0.028047
3467.093535 0.030352
3468.848535 0.028449
3470.603535 0.028157
3472.358535 0.029732
3474.113535 0.031648
3475.868535 0.031518
3477.623535 0.028373
3479.378535 0.026235
3481.133535 0.023897
3482.888535 0.024241
3484.643535 0.027636
3486.398535 0.027512
3488.153535 0.029550
3489.908535 0.030085
3491.663535 0.030541
3493.418535 0.026068
3495.173535 0.024985
3496.928535 0.024595
3498.683535 0.027312
3500.438535 0.029234
3502.193535 0.031550
3503.948535 0.032427
3505.703535 0.031048
3507.458535 0.030090
3509.213535 0.028529
3510.968535 0.029664
3512.723535 0.029466
3514.478535 0.028135
3516.233535 0.026412
3517.988535 0.026492
3519.743535 0.031750
3521.498535 0.028784
3523.253535 0.028492
3525.008535 0.032329
3526.763535 0.028550
3528.518535 0.025906
3530.273535 0.029220
3532.028535 0.031881
3533.783535 0.032463
3535.538535 0.029036
3537.293535 0.028624
3539.048535 0.030062
3540.803535 0.030793
3542.558535 0.030578
3544.313535 0.027614
3546.068535 0.028238
3547.823535 0.025251
3549.578535 0.028732
3551.333535 0.028248
3553.088535 0.028797
3554.843535 0.029776
3556.598535 0.029360
3558.353535 0.029021
3560.108535 0.031807
3561.863535 0.032068
3563.618535 0.029317
3565.373535 0.028475
3567.128535 0.026363
3568.883535 0.028146
3570.638535 0.026681
3572.393535 0.027577
3574.148535 0.027233
3575.903535 0.027306
3577.658535 0.024746
3579.413535 0.026223
3581.168535 0.028265
3582.923535 0.028799
3584.678535 0.024141
3586.433535 0.030498
3588.188535 0.028552
3589.943535 0.027329
3591.698535 0.026440
3593.453535 0.030230
3595.208535 0.026681
3596.963535 0.030573
3598.718535 0.030126
3600.473535 0.028760
3602.228535 0.026581
3603.983535 0.025662
3605.738535 0.025337
3607.493535 0.023658
3609.248535 0.027916
3611.003535 0.029817
3612.758535 0.022286
3614.513535 0.024744
3616.268535 0.026257
3618.023535 0.029919
3619.778535 0.028411
3621.533535 0.028724
3623.288535 0.028418
3625.043535 0.032706
3626.798535 0.028801
3628.553535 0.021596
3630.308535 0.026521
3632.063535 0.026334
3633.818535 0.027603
3635.573535 0.027176
3637.328535 0.027744
3639.083535 0.028282
3640.838535 0.023298
3642.593535 0.027941
3644.348535 0.027666
3646.103535 0.028553
3647.858535 0.030367
3649.613535 0.028290
3651.368535 0.026028
3653.123535 0.029563
3654.878535 0.029095
3656.633535 0.027340
3658.388535 0.028751
3660.143535 0.027646
3661.898535 0.028119
3663.653535 0.028829
3665.408535 0.028199
3667.163535 0.027627
3668.918535 0.028541
3670.673535 0.025161
3672.428535 0.027047
3674.183535 0.028424
3675.938535 0.028859
3677.693535 0.026703
3679.448535 0.026228
3681.203535 0.027888
3682.958535 0.027579
3684.713535 0.028737
3686.468535 0.027778
3688.223535 0.029075
3689.978535 0.030611
3691.733535 0.029407
3693.488535 0.026365
3695.243535 0.030731
3696.998535 0.028524
3698.753535 0.027964
3700.508535 0.022165
3702.263535 0.027208
3704.018535 0.028309
3705.773535 0.026952
3707.528535 0.029327
3709.283535 0.026201
3711.038535 0.025520
3712.793535 0.031637
3714.548535 0.029299
3716.303535 0.032232
3718.058535 0.033214
3719.813535 0.033857
3721.568535 0.039244
3723.323535 0.048876
3725.078535 0.054570
3726.833535 0.067271
3728.588535 0.078878
3730.343535 0.065862
3732.098535 0.058565
3733.853535 0.040656
3735.608535 0.030086
3737.363535 0.031554
3739.118535 0.032654
3740.873535 0.031744
3742.628535 0.032741
3744.383535 0.036256
3746.138535 0.033655
3747.893535 0.029771
3749.648535 0.025877
3751.403535 0.027865
3753.158535 0.032847
3754.913535 0.032802
3756.668535 0.030761
3758.423535 0.034088
3760.178535 0.034199
3761.933535 0.033950
3763.688535 0.037174
3765.443535 0.034648
3767.198535 0.032797
3768.953535 0.029673
3770.708535 0.029481
3772.463535 0.033049
3774.218535 0.029789
3775.973535 0.032456
3777.728535 0.037223
3779.483535 0.034874
3781.238535 0.039183
3782.993535 0.040673
3784.748535 0.040447
3786.503535 0.041748
3788.258535 0.043131
3790.013535 0.039192
3791.768535 0.035495
3793.523535 0.034954
3795.278535 0.028887
3797.033535 0.029747
3798.788535 0.031230
3800.543535 0.029589
3802.298535 0.031029
3804.053535 0.031272
3805.808535 0.036823
3807.563535 0.038219
3809.318535 0.041282
3811.073535 0.047322
3812.828535 0.047023
3814.583535 0.047202
3816.338535 0.042993
3818.093535 0.037973
3819.848535 0.036317
3821.603535 0.035706
3823.358535 0.037629
3825.113535 0.036194
3826.868535 0.031152
3828.623535 0.035669
3830.378535 0.031557
3832.133535 0.031690
3833.888535 0.028681
3835.643535 0.028071
3837.398535 0.025730
3839.153535 0.035609
3840.908535 0.036064
3842.663535 0.034972
3844.418535 0.037132
3846.173535 0.040396
3847.928535 0.039397
3849.683535 0.043365
3851.438535 0.043032
3853.193535 0.044876
3854.948535 0.040156
3856.703535 0.046634
3858.458535 0.047162
3860.213535 0.041320
3861.968535 0.042833
3863.723535 0.043795
3865.478535 0.040966
3867.233535 0.053255
3868.988535 0.055441
3870.743535 0.049344
3872.498535 0.050240
3874.253535 0.039986
3876.008535 0.038490
3877.763535 0.037249
3879.518535 0.033674
3881.273535 0.035488
3883.028535 0.032362
3884.783535 0.027628
3886.538535 0.029540
3888.293535 0.039066
3890.048535 0.035376
3891.803535 0.032584
3893.558535 0.030929
3895.313535 0.036192
3897.068535 0.033107
3898.823535 0.037212
3900.578535 0.042961
3902.333535 0.042548
3904.088535 0.036525
3905.843535 0.042013
3907.598535 0.038717
3909.353535 0.043089
3911.108535 0.046068
3912.863535 0.049819
3914.618535 0.054228
3916.373535 0.046996
3918.128535 0.041516
3919.883535 0.043623
3921.638535 0.043833
3923.393535 0.043386
3925.148535 0.038808
3926.903535 0.041753
3928.658535 0.040855
3930.413535 0.041391
3932.168535 0.040062
3933.923535 0.032885
3935.678535 0.031768
3937.433535 0.034996
3939.188535 0.044364
3940.943535 0.037308
3942.698535 0.035981
3944.453535 0.040153
3946.208535 0.045082
3947.963535 0.046118
3949.718535 0.046206
3951.473535 0.046558
3953.228535 0.041275
3954.983535 0.040332
3956.738535 0.036612
3958.493535 0.042932
3960.248535 0.041199
3962.003535 0.034118
3963.758535 0.033579
3965.513535 0.030020
3967.268535 0.028939
3969.023535 0.029064
3970.778535 0.027853
3972.533535 0.029206
3974.288535 0.033812
3976.043535 0.036395
3977.798535 0.039967
3979.553535 0.040778
3981.308535 0.044769
3983.063535 0.033119
3984.818535 0.041725
3986.573535 0.040595
3988.328535 0.044416
3990.083535 0.046712
3991.838535 0.047762
3993.593535 0.037910
3995.348535 0.041313
3997.103535 0.041370
3998.858535 0.050094
4000.613535 0.048565
4002.368535 0.042287
4004.123535 0.044785
4005.878535 0.044277
4007.633535 0.036786
4009.388535 0.042380
4011.143535 0.036191
4012.898535 0.042288
4014.653535 0.040383
4016.408535 0.042800
4018.163535 0.045414
4019.918535 0.043429
4021.673535 0.038582
4023.428535 0.047446
4025.183535 0.046969
4026.938535 0.048921
4028.693535 0.044082
4030.448535 0.039719
4032.203535 0.034564
4033.958535 0.037817
4035.713535 0.037060
4037.468535 0.043720
4039.223535 0.039111
4040.978535 0.042247
4042.733535 0.047238
4044.488535 0.035831
4046.243535 0.047568
4047.998535 0.046901
4049.753535 0.050578
4051.508535 0.044962
4053.263535 0.038183
4055.018535 0.032759
4056.773535 0.032897
4058.528535 0.044641
4060.283535 0.046578
4062.038535 0.048527
4063.793535 0.039541
4065.548535 0.044939
4067.303535 0.040252
4069.058535 0.041962
4070.813535 0.028435
4072.568535 0.046166
4074.323535 0.040837
4076.078535 0.037643
4077.833535 0.043632
4079.588535 0.039770
4081.343535 0.040916
4083.098535 0.033314
4084.853535 0.041407
4086.608535 0.041133
4088.363535 0.038501
4090.118535 0.042900
4091.873535 0.040036
4093.628535 0.038490
4095.383535 0.038165
4097.138535 0.039493
4098.893535 0.040502
4100.648535 0.033281
4102.403535 0.032850
4104.158535 0.035660
4105.913535 0.042220
4107.668535 0.030114
4109.423535 0.035725
4111.178535 0.040276
4112.933535 0.041513
4114.688535 0.042267
4116.443535 0.034716
4118.198535 0.043580
4119.953535 0.039023
4121.708535 0.044525
4123.463535 0.049632
4125.218535 0.038646
4126.973535 0.025528
4128.728535 0.030709
4130.483535 0.033935
4132.238535 0.035785
4133.993535 0.041982
4135.748535 0.045274
4137.503535 0.047269
4139.258535 0.043618
4141.013535 0.040916
4142.768535 0.039544
4144.523535 0.042076
4146.278535 0.041106
4148.033535 0.049351
4149.788535 0.039283
4151.543535 0.040897
4153.298535 0.050707
4155.053535 0.044300
4156.808535 0.050897
4158.563535 0.043994
4160.318535 0.039062
4162.073535 0.037878
4163.828535 0.038189
4165.583535 0.042637
4167.338535 0.040055
4169.093535 0.040002
4170.848535 0.039473
4172.603535 0.038158
4174.358535 0.041872
4176.113535 0.044629
4177.868535 0.042336
4179.623535 0.035681
4181.378535 0.039092
4183.133535 0.032966
4184.888535 0.037798
4186.643535 0.033005
4188.398535 0.041435
4190.153535 0.043750
4191.908535 0.045908
4193.663535 0.046857
4195.418535 0.046484
4197.173535 0.040087
4198.928535 0.039476
4200.683535 0.030261
4202.438535 0.032230
4204.193535 0.045660
4205.948535 0.044976
4207.703535 0.043270
4209.458535 0.037530
4211.213535 0.040218
4212.968535 0.049591
4214.723535 0.037906
4216.478535 0.046384
4218.233535 0.043975
4219.988535 0.041530
4221.743535 0.044383
4223.498535 0.045162
4225.253535 0.043655
4227.008535 0.044277
4228.763535 0.045946
4230.518535 0.047238
4232.273535 0.047606
4234.028535 0.042520
4235.783535 0.040375
4237.538535 0.042691
4239.293535 0.044205
4241.048535 0.047284
4242.803535 0.043523
4244.558535 0.039523
4246.313535 0.042461
4248.068535 0.043196
4249.823535 0.049047
4251.578535 0.043693
4253.333535 0.035156
4255.088535 0.036201
4256.843535 0.036856
4258.598535 0.037079
4260.353535 0.040274
4262.108535 0.043565
4263.863535 0.041378
4265.618535 0.036165
4267.373535 0.037437
4269.128535 0.043391
4270.883535 0.040265
4272.638535 0.042963
4274.393535 0.042775
4276.148535 0.039943
4277.903535 0.041749
4279.658535 0.044229
4281.413535 0.039666
4283.168535 0.039798
4284.923535 0.049280
4286.678535 0.040167
4288.433535 0.042075
4290.188535 0.046636
4291.943535 0.041041
4293.698535 0.039500
4295.453535 0.041271
4297.208535 0.039973
4298.963535 0.039400
4300.718535 0.035306
4302.473535 0.036054
4304.228535 0.039135
4305.983535 0.040128
4307.738535 0.035487
4309.493535 0.036431
4311.248535 0.040266
4313.003535 0.043542
4314.758535 0.044190
4316.513535 0.044494
4318.268535 0.040703
4320.023535 0.042689
4321.778535 0.045009
4323.533535 0.039977
4325.288535 0.039640
4327.043535 0.040395
4328.798535 0.037934
4330.553535 0.036623
4332.308535 0.033746
4334.063535 0.037421
4335.818535 0.036379
4337.573535 0.039765
4339.328535 0.048667
4341.083535 0.043993
4342.838535 0.045469
4344.593535 0.039285
4346.348535 0.036488
4348.103535 0.029285
4349.858535 0.036857
4351.613535 0.039800
4353.368535 0.037901
4355.123535 0.040289
4356.878535 0.036369
4358.633535 0.037234
4360.388535 0.038789
4362.143535 0.042962
4363.898535 0.043721
4365.653535 0.044180
4367.408535 0.039301
4369.163535 0.040939
4370.918535 0.039310
4372.673535 0.047256
4374.428535 0.047985
4376.183535 0.037725
4377.938535 0.043050
4379.693535 0.049943
4381.448535 0.035520
4383.203535 0.041729
4384.958535 0.039348
4386.713535 0.046503
4388.468535 0.046713
4390.223535 0.040922
4391.978535 0.038680
4393.733535 0.039300
4395.488535 0.039562
4397.243535 0.038563
4398.998535 0.039221
4400.753535 0.043812
4402.508535 0.044163
4404.263535 0.044071
4406.018535 0.046117
4407.773535 0.038994
4409.528535 0.046760
4411.283535 0.045133
4413.038535 0.049944
4414.793535 0.049020
4416.548535 0.053089
4418.303535 0.049439
4420.058535 0.047750
4421.813535 0.046251
4423.568535 0.039883
4425.323535 0.043511
4427.078535 0.038171
4428.833535 0.029790
4430.588535 0.042831
4432.343535 0.048605
4434.098535 0.041613
4435.853535 0.045912
4437.608535 0.042374
4439.363535 0.047320
4441.118535 0.050345
4442.873535 0.046849
4444.628535 0.047282
4446.383535 0.036359
4448.138535 0.031499
4449.893535 0.038404
4451.648535 0.042150
4453.403535 0.043543
4455.158535 0.043753
4456.913535 0.033384
4458.668535 0.032529
4460.423535 0.046250
4462.178535 0.043917
4463.933535 0.041848
4465.688535 0.036238
4467.443535 0.041428
4469.198535 0.045360
4470.953535 0.037706
4472.708535 0.032856
4474.463535 0.047491
4476.218535 0.047734
4477.973535 0.040163
4479.728535 0.042544
4481.483535 0.046728
4483.238535 0.045132
4484.993535 0.048487
4486.748535 0.047923
4488.503535 0.047618
4490.258535 0.036758
4492.013535 0.032598
4493.768535 0.033110
4495.523535 0.036188
4497.278535 0.039638
4499.033535 0.043443
4500.788535 0.046782
4502.543535 0.051778
4504.298535 0.044671
4506.053535 0.037458
4507.808535 0.049239
4509.563535 0.042654
4511.318535 0.043019
4513.073535 0.043384
4514.828535 0.036442
4516.583535 0.043123
4518.338535 0.046125
4520.093535 0.044843
4521.848535 0.038034
4523.603535 0.058275
4525.358535 0.051800
4527.113535 0.044605
4528.868535 0.034076
4530.623535 0.033617
4532.378535 0.042475
4534.133535 0.044290
4535.888535 0.043545
4537.643535 0.050990
4539.398535 0.037747
4541.153535 0.040261
4542.908535 0.042467
4544.663535 0.038005
4546.418535 0.038132
4548.173535 0.032239
4549.928535 0.034697
4551.683535 0.047993
4553.438535 0.036004
4555.193535 0.040020
4556.948535 0.041835
4558.703535 0.040605
4560.458535 0.040322
4562.213535 0.039000
4563.968535 0.044499
4565.723535 0.039949
4567.478535 0.036560
4569.233535 0.031406
4570.988535 0.039101
4572.743535 0.046047
4574.498535 0.041863
4576.253535 0.038540
4578.008535 0.047668
4579.763535 0.044643
4581.518535 0.045474
4583.273535 0.046443
4585.028535 0.049966
4586.783535 0.046099
4588.538535 0.040977
4590.293535 0.041017
4592.048535 0.040079
4593.803535 0.035929
4595.558535 0.059117
4597.313535 0.056458
4599.068535 0.058675
4600.823535 0.045007
4602.578535 0.043155
4604.333535 0.041455
4606.088535 0.044538
4607.843535 0.046282
4609.598535 0.040311
4611.353535 0.041753
4613.108535 0.048479
4614.863535 0.050327
4616.618535 0.050877
4618.373535 0.051094
4620.128535 0.045536
4621.883535 0.045536
4623.638535 0.045536
4625.393535 0.058489
4627.148535 0.049983
4628.903535 0.042287
4630.658535 0.049850
4632.413535 0.043658
4634.168535 0.043997
4635.923535 0.041704
4637.678535 0.044602
4639.433535 0.042395
4641.188535 0.044792
4642.943535 0.043086
4644.698535 0.047697
4646.453535 0.043545
4648.208535 0.040174
4649.963535 0.033183
4651.718535 0.041269
4653.473535 0.043971
4655.228535 0.054017
4656.983535 0.045326
4658.738535 0.051426
4660.493535 0.038258
4662.248535 0.032242
4664.003535 0.033102
4665.758535 0.027256
4667.513535 0.045273
4669.268535 0.046080
4671.023535 0.036278
4672.778535 0.044109
4674.533535 0.056305
4676.288535 0.055427
4678.043535 0.036584
4679.798535 0.047088
4681.553535 0.044465
4683.308535 0.048069
4685.063535 0.030820
4686.818535 0.044380
4688.573535 0.049857
4690.328535 0.043433
4692.083535 0.042437
4693.838535 0.042590
4695.593535 0.034999
4697.348535 0.050364
4699.103535 0.046678
4700.858535 0.041146
4702.613535 0.039294
4704.368535 0.035463
4706.123535 0.046376
4707.878535 0.045700
4709.633535 0.050085
4711.388535 0.047259
4713.143535 0.035950
4714.898535 0.051830
4716.653535 0.045727
4718.408535 0.047219
4720.163535 0.035251
4721.918535 0.038044
4723.673535 0.043126
4725.428535 0.040797
4727.183535 0.044838
4728.938535 0.052408
4730.693535 0.036134
4732.448535 0.040373
4734.203535 0.041456
4735.958535 0.032975
4737.713535 0.050748
4739.468535 0.054266
4741.223535 0.046605
4742.978535 0.050365
4744.733535 0.042733
4746.488535 0.037595
4748.243535 0.034055
4749.998535 0.052095
4751.753535 0.048332
4753.508535 0.049663
4755.263535 0.029716
4757.018535 0.034613
4758.773535 0.048912
4760.528535 0.052951
4762.283535 0.051680
4764.038535 0.054809
4765.793535 0.038104
4767.548535 0.041486
4769.303535 0.041063
4771.058535 0.040053
4772.813535 0.036577
4774.568535 0.035146
4776.323535 0.042138
4778.078535 0.040940
4779.833535 0.043077
4781.588535 0.037716
4783.343535 0.041711
4785.098535 0.046656
4786.853535 0.037363
4788.608535 0.035449
4790.363535 0.039793
4792.118535 0.030735
4793.873535 0.041552
4795.628535 0.038584
4797.383535 0.040572
4799.138535 0.029172
4800.893535 0.038505
4802.648535 0.031357
4804.403535 0.037227
4806.158535 0.044450
4807.913535 0.042527
4809.668535 0.041016
4811.423535 0.042446
4813.178535 0.038748
4814.933535 0.047183
4816.688535 0.053626
4818.443535 0.054008
4820.198535 0.052203
4821.953535 0.033667
4823.708535 0.028418
4825.463535 0.037294
4827.218535 0.048304
4828.973535 0.012716
4830.728535 0.034839
4832.483535 0.058491
4834.238535 0.044443
4835.993535 0.041556
4837.748535 0.031524
4839.503535 0.048774
4841.258535 0.031362
4843.013535 0.050025
4844.768535 0.051540
4846.523535 0.045424
4848.278535 0.042296
4850.033535 0.035887
4851.788535 0.050401
4853.543535 0.038518
4855.298535 0.024940
4857.053535 0.043018
4858.808535 0.085990
4860.563535 0.085990
4862.318535 0.080800
4864.073535 0.032409
4865.828535 0.024382
4867.583535 0.036463
4869.338535 0.040567
4871.093535 0.049844
4872.848535 0.043324
4874.603535 0.033514
4876.358535 0.021652
4878.113535 0.012470
4879.868535 0.020622
4881.623535 0.045596
4883.378535 0.053815
4885.133535 0.034649
4886.888535 0.024204
4888.643535 0.020599
4890.398535 0.020599
4892.153535 0.019916
4893.908535 0.034689
4895.663535 0.027274
4897.418535 0.055550
4899.173535 0.055610
4900.928535 0.034558
4902.683535 0.035535
4904.438535 0.055341
4906.193535 0.043913
4907.948535 0.027343
4909.703535 0.039102
4911.458535 0.052566
