2771.340439 0.023166
2773.470439 0.008117
2775.600439 0.003603
2777.730439 0.009384
2779.860439 0.008675
2781.990439 0.008471
2784.120439 0.005322
2786.250439 0.006670
2788.380439 0.008346
2790.510439 0.007311
2792.640439 0.005588
2794.770439 0.006131
2796.900439 0.005000
2799.030439 0.005710
2801.160439 0.010434
2803.290439 0.010120
2805.420439 0.013392
2807.550439 0.011507
2809.680439 0.004463
2811.810439 0.010210
2813.940439 0.011577
2816.070439 0.011963
2818.200439 0.016009
2820.330439 0.021693
2822.460439 0.016156
2824.590439 0.011286
2826.720439 0.008282
2828.850439 0.011062
2830.980439 0.014062
2833.110439 0.018038
2835.240439 0.016912
2837.370439 0.014176
2839.500439 0.011047
2841.630439 0.019360
2843.760439 0.016825
2845.890439 0.016830
2848.020439 0.015567
2850.150439 0.012823
2852.280439 0.010209
2854.410439 0.009146
2856.540439 0.009565
2858.670439 0.013203
2860.800439 0.015192
2862.930439 0.018033
2865.060439 0.016419
2867.190439 0.015032
2869.320439 0.017987
2871.450439 0.013336
2873.580439 0.007599
2875.710439 0.012521
2877.840439 0.007332
2879.970439 0.016266
2882.100439 0.021711
2884.230439 0.016113
2886.360439 0.013318
2888.490439 0.014428
2890.620439 0.007555
2892.750439 0.011206
2894.880439 0.015801
2897.010439 0.019591
2899.140439 0.023426
2901.270439 0.021871
2903.400439 0.021315
2905.530439 0.021815
2907.660439 0.018775
2909.790439 0.018809
2911.920439 0.022846
2914.050439 0.027062
2916.180439 0.023158
2918.310439 0.022888
2920.440439 0.029873
2922.570439 0.024568
2924.700439 0.023164
2926.830439 0.025118
2928.960439 0.019089
2931.090439 0.018977
2933.220439 0.023818
2935.350439 0.024053
2937.480439 0.018550
2939.610439 0.016747
2941.740439 0.022323
2943.870439 0.026133
2946.000439 0.020844
2948.130439 0.018868
2950.260439 0.016095
2952.390439 0.017861
2954.520439 0.017465
2956.650439 0.022090
2958.780439 0.024808
2960.910439 0.023760
2963.040439 0.025928
2965.170439 0.020242
2967.300439 0.014361
2969.430439 0.017820
2971.560439 0.015375
2973.690439 0.020613
2975.820439 0.025634
2977.950439 0.022727
2980.080439 0.019025
2982.210439 0.018026
2984.340439 0.016654
2986.470439 0.022178
2988.600439 0.018253
2990.730439 0.015759
2992.860439 0.021443
2994.990439 0.024228
2997.120439 0.020670
2999.250439 0.016975
3001.380439 0.019113
3003.510439 0.017305
3005.640439 0.019279
3007.770439 0.023898
3009.900439 0.018659
3012.030439 0.018734
3014.160439 0.020502
3016.290439 0.023297
3018.420439 0.019218
3020.550439 0.015557
3022.680439 0.016547
3024.810439 0.023139
3026.940439 0.025614
3029.070439 0.026165
3031.200439 0.029742
3033.330439 0.025075
3035.460439 0.027015
3037.590439 0.028552
3039.720439 0.021890
3041.850439 0.021330
3043.980439 0.025202
3046.110439 0.024227
3048.240439 0.026774
3050.370439 0.031264
3052.500439 0.025031
3054.630439 0.022914
3056.760439 0.025400
3058.890439 0.018109
3061.020439 0.020847
3063.150439 0.022458
3065.280439 0.020348
3067.410439 0.024192
3069.540439 0.021351
3071.670439 0.026217
3073.800439 0.027762
3075.930439 0.029767
3078.060439 0.027842
3080.190439 0.025971
3082.320439 0.026710
3084.450439 0.028760
3086.580439 0.027779
3088.710439 0.026664
3090.840439 0.029112
3092.970439 0.028294
3095.100439 0.019386
3097.230439 0.021461
3099.360439 0.022517
3101.490439 0.022191
3103.620439 0.023604
3105.750439 0.027554
3107.880439 0.026564
3110.010439 0.031225
3112.140439 0.030598
3114.270439 0.029743
3116.400439 0.027781
3118.530439 0.023142
3120.660439 0.025799
3122.790439 0.025377
3124.920439 0.023605
3127.050439 0.031611
3129.180439 0.024833
3131.310439 0.023554
3133.440439 0.025783
3135.570439 0.030525
3137.700439 0.031492
3139.830439 0.028287
3141.960439 0.021483
3144.090439 0.022410
3146.220439 0.023275
3148.350439 0.027663
3150.480439 0.028347
3152.610439 0.025367
3154.740439 0.022377
3156.870439 0.025492
3159.000439 0.024916
3161.130439 0.020529
3163.260439 0.024828
3165.390439 0.023336
3167.520439 0.022929
3169.650439 0.026933
3171.780439 0.031075
3173.910439 0.034235
3176.040439 0.032379
3178.170439 0.032695
3180.300439 0.034827
3182.430439 0.037514
3184.560439 0.027708
3186.690439 0.026302
3188.820439 0.028360
3190.950439 0.025311
3193.080439 0.023128
3195.210439 0.023492
3197.340439 0.018927
3199.470439 0.025323
3201.600439 0.033548
3203.730439 0.034313
3205.860439 0.033075
3207.990439 0.032420
3210.120439 0.032498
3212.250439 0.030814
3214.380439 0.030511
3216.510439 0.030367
3218.640439 0.029284
3220.770439 0.024751
3222.900439 0.027332
3225.030439 0.028444
3227.160439 0.024670
3229.290439 0.026014
3231.420439 0.024376
3233.550439 0.023295
3235.680439 0.023418
3237.810439 0.022519
3239.940439 0.025980
3242.070439 0.030101
3244.200439 0.027277
3246.330439 0.032476
3248.460439 0.033347
3250.590439 0.026021
3252.720439 0.030658
3254.850439 0.031318
3256.980439 0.033484
3259.110439 0.034984
3261.240439 0.035180
3263.370439 0.036667
3265.500439 0.035630
3267.630439 0.030828
3269.760439 0.030383
3271.890439 0.033197
3274.020439 0.037157
3276.150439 0.038792
3278.280439 0.036512
3280.410439 0.032914
3282.540439 0.032059
3284.670439 0.030334
3286.800439 0.033902
3288.930439 0.032061
3291.060439 0.036375
3293.190439 0.036905
3295.320439 0.035408
3297.450439 0.040447
3299.580439 0.038473
3301.710439 0.034673
3303.840439 0.035981
3305.970439 0.037497
3308.100439 0.033085
3310.230439 0.032642
3312.360439 0.040374
3314.490439 0.037442
3316.620439 0.032788
3318.750439 0.033386
3320.880439 0.032848
3323.010439 0.032354
3325.140439 0.033117
3327.270439 0.035517
3329.400439 0.035371
3331.530439 0.034737
3333.660439 0.034769
3335.790439 0.040490
3337.920439 0.034438
3340.050439 0.030686
3342.180439 0.031513
3344.310439 0.037011
3346.440439 0.038527
3348.570439 0.037823
3350.700439 0.037090
3352.830439 0.037309
3354.960439 0.035795
3357.090439 0.031607
3359.220439 0.032286
3361.350439 0.035485
3363.480439 0.035717
3365.610439 0.037548
3367.740439 0.033221
3369.870439 0.032534
3372.000439 0.033301
3374.130439 0.028378
3376.260439 0.032340
3378.390439 0.037617
3380.520439 0.037962
3382.650439 0.032892
3384.780439 0.033300
3386.910439 0.039098
3389.040439 0.036353
3391.170439 0.031847
3393.300439 0.026775
3395.430439 0.033373
3397.560439 0.041833
3399.690439 0.041365
3401.820439 0.036058
3403.950439 0.037603
3406.080439 0.038396
3408.210439 0.037613
3410.340439 0.041815
3412.470439 0.037536
3414.600439 0.036471
3416.730439 0.036356
3418.860439 0.039991
3420.990439 0.045405
3423.120439 0.037307
3425.250439 0.037670
3427.380439 0.033683
3429.510439 0.037283
3431.640439 0.040275
3433.770439 0.042386
3435.900439 0.040450
3438.030439 0.037370
3440.160439 0.032273
3442.290439 0.031070
3444.420439 0.035007
3446.550439 0.034458
3448.680439 0.033802
3450.810439 0.036186
3452.940439 0.034653
3455.070439 0.037186
3457.200439 0.039920
3459.330439 0.038980
3461.460439 0.039520
3463.590439 0.039011
3465.720439 0.038447
3467.850439 0.041902
3469.980439 0.038886
3472.110439 0.032957
3474.240439 0.033792
3476.370439 0.037879
3478.500439 0.038463
3480.630439 0.037931
3482.760439 0.036346
3484.890439 0.035859
3487.020439 0.037208
3489.150439 0.027755
3491.280439 0.030469
3493.410439 0.035234
3495.540439 0.031540
3497.670439 0.035912
3499.800439 0.038856
3501.930439 0.041383
3504.060439 0.038811
3506.190439 0.040610
3508.320439 0.038243
3510.450439 0.037659
3512.580439 0.037041
3514.710439 0.036105
3516.840439 0.040047
3518.970439 0.040213
3521.100439 0.038744
3523.230439 0.036265
3525.360439 0.035967
3527.490439 0.035319
3529.620439 0.036582
3531.750439 0.037103
3533.880439 0.038609
3536.010439 0.043551
3538.140439 0.044970
3540.270439 0.045850
3542.400439 0.045176
3544.530439 0.044123
3546.660439 0.042621
3548.790439 0.039500
3550.920439 0.041078
3553.050439 0.039507
3555.180439 0.038464
3557.310439 0.035444
3559.440439 0.034860
3561.570439 0.036837
3563.700439 0.035566
3565.830439 0.037741
3567.960439 0.036257
3570.090439 0.032373
3572.220439 0.035310
3574.350439 0.035698
3576.480439 0.032409
3578.610439 0.034789
3580.740439 0.032908
3582.870439 0.028212
3585.000439 0.029038
3587.130439 0.029288
3589.260439 0.032781
3591.390439 0.038488
3593.520439 0.038592
3595.650439 0.044307
3597.780439 0.042292
3599.910439 0.045952
3602.040439 0.043221
3604.170439 0.037597
3606.300439 0.040347
3608.430439 0.045123
3610.560439 0.042022
3612.690439 0.038162
3614.820439 0.038685
3616.950439 0.034494
3619.080439 0.030837
3621.210439 0.036331
3623.340439 0.040738
3625.470439 0.049408
3627.600439 0.049613
3629.730439 0.048880
3631.860439 0.044973
3633.990439 0.042667
3636.120439 0.041115
3638.250439 0.039837
3640.380439 0.045048
3642.510439 0.048720
3644.640439 0.044572
3646.770439 0.042026
3648.900439 0.048649
3651.030439 0.046577
3653.160439 0.045789
3655.290439 0.048801
3657.420439 0.053975
3659.550439 0.052072
3661.680439 0.051206
3663.810439 0.050197
3665.940439 0.052654
3668.070439 0.050664
3670.200439 0.047884
3672.330439 0.044198
3674.460439 0.048662
3676.590439 0.052904
3678.720439 0.049116
3680.850439 0.049390
3682.980439 0.041183
3685.110439 0.040351
3687.240439 0.044934
3689.370439 0.045857
3691.500439 0.048073
3693.630439 0.052573
3695.760439 0.053843
3697.890439 0.052542
3700.020439 0.051251
3702.150439 0.050961
3704.280439 0.048903
3706.410439 0.045323
3708.540439 0.044714
3710.670439 0.048682
3712.800439 0.051677
3714.930439 0.052985
3717.060439 0.050430
3719.190439 0.053760
3721.320439 0.053213
3723.450439 0.054138
3725.580439 0.065230
3727.710439 0.067698
3729.840439 0.059433
3731.970439 0.049343
3734.100439 0.043367
3736.230439 0.041882
3738.360439 0.043505
3740.490439 0.044676
3742.620439 0.048312
3744.750439 0.046463
3746.880439 0.042533
3749.010439 0.038822
3751.140439 0.041419
3753.270439 0.050223
3755.400439 0.050616
3757.530439 0.048484
3759.660439 0.047723
3761.790439 0.048836
3763.920439 0.046242
3766.050439 0.049920
3768.180439 0.050676
3770.310439 0.048541
3772.440439 0.054474
3774.570439 0.057956
3776.700439 0.054821
3778.830439 0.060254
3780.960439 0.060215
3783.090439 0.056926
3785.220439 0.060158
3787.350439 0.060177
3789.480439 0.053576
3791.610439 0.045835
3793.740439 0.046253
3795.870439 0.045170
3798.000439 0.046433
3800.130439 0.051248
3802.260439 0.051705
3804.390439 0.052332
3806.520439 0.054076
3808.650439 0.056422
3810.780439 0.055674
3812.910439 0.051470
3815.040439 0.050930
3817.170439 0.052551
3819.300439 0.051117
3821.430439 0.046238
3823.560439 0.040530
3825.690439 0.039959
3827.820439 0.040434
3829.950439 0.037495
3832.080439 0.036789
3834.210439 0.036715
3836.340439 0.032381
3838.470439 0.035272
3840.600439 0.042519
3842.730439 0.053163
3844.860439 0.057390
3846.990439 0.054465
3849.120439 0.051167
3851.250439 0.048253
3853.380439 0.049405
3855.510439 0.051749
3857.640439 0.049791
3859.770439 0.046763
3861.900439 0.040752
3864.030439 0.047443
3866.160439 0.057936
3868.290439 0.053986
3870.420439 0.053471
3872.550439 0.055832
3874.680439 0.053610
3876.810439 0.048703
3878.940439 0.049399
3881.070439 0.049518
3883.200439 0.048015
3885.330439 0.045902
3887.460439 0.045584
3889.590439 0.047623
3891.720439 0.049337
3893.850439 0.050090
3895.980439 0.051481
3898.110439 0.048926
3900.240439 0.050384
3902.370439 0.058670
3904.500439 0.065863
3906.630439 0.063466
3908.760439 0.063075
3910.890439 0.064521
3913.020439 0.061894
3915.150439 0.062551
3917.280439 0.061350
3919.410439 0.058699
3921.540439 0.060407
3923.670439 0.058212
3925.800439 0.049658
3927.930439 0.043457
3930.060439 0.038529
3932.190439 0.029744
3934.320439 0.029988
3936.450439 0.036147
3938.580439 0.040908
3940.710439 0.046314
3942.840439 0.053780
3944.970439 0.055395
3947.100439 0.058863
3949.230439 0.063466
3951.360439 0.064215
3953.490439 0.064889
3955.620439 0.059047
3957.750439 0.055339
3959.880439 0.055824
3962.010439 0.044543
3964.140439 0.041131
3966.270439 0.039749
3968.400439 0.032822
3970.530439 0.033129
3972.660439 0.037211
3974.790439 0.045877
3976.920439 0.050525
3979.050439 0.058280
3981.180439 0.068870
3983.310439 0.068706
3985.440439 0.067389
3987.570439 0.070591
3989.700439 0.079336
3991.830439 0.084285
3993.960439 0.081384
3996.090439 0.084274
3998.220439 0.084659
4000.350439 0.083553
4002.480439 0.078909
4004.610439 0.079663
4006.740439 0.087431
4008.870439 0.092172
4011.000439 0.089613
4013.130439 0.088127
4015.260439 0.089076
4017.390439 0.083551
4019.520439 0.085167
4021.650439 0.087497
4023.780439 0.088964
4025.910439 0.092083
4028.040439 0.090836
4030.170439 0.086755
4032.300439 0.081555
4034.430439 0.079679
4036.560439 0.082887
4038.690439 0.084428
4040.820439 0.086601
4042.950439 0.085272
4045.080439 0.080886
4047.210439 0.077777
4049.340439 0.078119
4051.470439 0.080503
4053.600439 0.082961
4055.730439 0.082010
4057.860439 0.079520
4059.990439 0.081448
4062.120439 0.084513
4064.250439 0.082022
4066.380439 0.079149
4068.510439 0.083545
4070.640439 0.086544
4072.770439 0.082534
4074.900439 0.079724
4077.030439 0.081086
4079.160439 0.080263
4081.290439 0.081705
4083.420439 0.087388
4085.550439 0.092027
4087.680439 0.090753
4089.810439 0.087151
4091.940439 0.089771
4094.070439 0.090783
4096.200439 0.083512
4098.330439 0.075534
4100.460439 0.071464
4102.590439 0.071067
4104.720439 0.076489
4106.850439 0.081774
4108.980439 0.082120
4111.110439 0.084645
4113.240439 0.088767
4115.370439 0.090851
4117.500439 0.091010
4119.630439 0.088843
4121.760439 0.087445
4123.890439 0.083803
4126.020439 0.083307
4128.150439 0.085194
4130.280439 0.085177
4132.410439 0.082150
4134.540439 0.082491
4136.670439 0.089002
4138.800439 0.090576
4140.930439 0.083865
4143.060439 0.085257
4145.190439 0.086273
4147.320439 0.085033
4149.450439 0.085995
4151.580439 0.085514
4153.710439 0.084527
4155.840439 0.078096
4157.970439 0.077055
4160.100439 0.082918
4162.230439 0.090158
4164.360439 0.093931
4166.490439 0.089294
4168.620439 0.082632
4170.750439 0.078769
4172.880439 0.077693
4175.010439 0.078160
4177.140439 0.076340
4179.270439 0.077694
4181.400439 0.084140
4183.530439 0.083895
4185.660439 0.083213
4187.790439 0.084072
4189.920439 0.085546
4192.050439 0.086091
4194.180439 0.085345
4196.310439 0.085370
4198.440439 0.080211
4200.570439 0.080602
4202.700439 0.079680
4204.830439 0.081632
4206.960439 0.081971
4209.090439 0.079009
4211.220439 0.085527
4213.350439 0.085249
4215.480439 0.082259
4217.610439 0.085073
4219.740439 0.079398
4221.870439 0.075230
4224.000439 0.072575
4226.130439 0.077084
4228.260439 0.084726
4230.390439 0.084961
4232.520439 0.084024
4234.650439 0.084128
4236.780439 0.087927
4238.910439 0.093962
4241.040439 0.093214
4243.170439 0.089665
4245.300439 0.089504
4247.430439 0.087197
4249.560439 0.091898
4251.690439 0.095863
4253.820439 0.088555
4255.950439 0.083650
4258.080439 0.086943
4260.210439 0.095016
4262.340439 0.095478
4264.470439 0.094139
4266.600439 0.090572
4268.730439 0.088785
4270.860439 0.084102
4272.990439 0.082867
4275.120439 0.084105
4277.250439 0.094481
4279.380439 0.096433
4281.510439 0.089856
4283.640439 0.088714
4285.770439 0.086831
4287.900439 0.083171
4290.030439 0.081227
4292.160439 0.083798
4294.290439 0.082288
4296.420439 0.078290
4298.550439 0.080694
4300.680439 0.078220
4302.810439 0.070573
4304.940439 0.069560
4307.070439 0.070104
4309.200439 0.070206
4311.330439 0.082480
4313.460439 0.089025
4315.590439 0.092090
4317.720439 0.098925
4319.850439 0.095350
4321.980439 0.093450
4324.110439 0.091748
4326.240439 0.092450
4328.370439 0.094528
4330.500439 0.097377
4332.630439 0.099586
4334.760439 0.098063
4336.890439 0.092613
4339.020439 0.086158
4341.150439 0.085388
4343.280439 0.089385
4345.410439 0.091065
4347.540439 0.091486
4349.670439 0.093046
4351.800439 0.095365
4353.930439 0.097065
4356.060439 0.100278
4358.190439 0.103447
4360.320439 0.103109
4362.450439 0.100788
4364.580439 0.103236
4366.710439 0.105797
4368.840439 0.101538
4370.970439 0.100355
4373.100439 0.098601
4375.230439 0.096334
4377.360439 0.094696
4379.490439 0.098531
4381.620439 0.098968
4383.750439 0.089337
4385.880439 0.089759
4388.010439 0.091152
4390.140439 0.090699
4392.270439 0.096755
4394.400439 0.099324
4396.530439 0.094869
4398.660439 0.096043
4400.790439 0.097686
4402.920439 0.094139
4405.050439 0.096839
4407.180439 0.100148
4409.310439 0.097158
4411.440439 0.098229
4413.570439 0.097607
4415.700439 0.096418
4417.830439 0.102161
4419.960439 0.106893
4422.090439 0.105588
4424.220439 0.101848
4426.350439 0.102124
4428.480439 0.104536
4430.610439 0.099570
4432.740439 0.099133
4434.870439 0.096800
4437.000439 0.103009
4439.130439 0.108943
4441.260439 0.104595
4443.390439 0.099095
4445.520439 0.100351
4447.650439 0.099966
4449.780439 0.104878
4451.910439 0.103750
4454.040439 0.100484
4456.170439 0.098392
4458.300439 0.095138
4460.430439 0.097130
4462.560439 0.105487
4464.690439 0.104260
4466.820439 0.101161
4468.950439 0.099263
4471.080439 0.099774
4473.210439 0.104738
4475.340439 0.107053
4477.470439 0.107479
4479.600439 0.108420
4481.730439 0.108959
4483.860439 0.103577
4485.990439 0.104575
4488.120439 0.107030
4490.250439 0.101454
4492.380439 0.100111
4494.510439 0.104888
4496.640439 0.107123
4498.770439 0.104652
4500.900439 0.112719
4503.030439 0.117409
4505.160439 0.119825
4507.290439 0.120663
4509.420439 0.117308
4511.550439 0.106422
4513.680439 0.105558
4515.810439 0.113082
4517.940439 0.116560
4520.070439 0.118478
4522.200439 0.112359
4524.330439 0.101083
4526.460439 0.099413
4528.590439 0.100544
4530.720439 0.099820
4532.850439 0.102403
4534.980439 0.106925
4537.110439 0.103096
4539.240439 0.107754
4541.370439 0.115752
4543.500439 0.117075
4545.630439 0.113112
4547.760439 0.113230
4549.890439 0.113556
4552.020439 0.109384
4554.150439 0.101806
4556.280439 0.109718
4558.410439 0.123232
4560.540439 0.124680
4562.670439 0.116086
4564.800439 0.118569
4566.930439 0.118753
4569.060439 0.117207
4571.190439 0.116861
4573.320439 0.114557
4575.450439 0.112494
4577.580439 0.115273
4579.710439 0.116107
4581.840439 0.118030
4583.970439 0.112185
4586.100439 0.110582
4588.230439 0.117086
4590.360439 0.117504
4592.490439 0.114764
4594.620439 0.112051
4596.750439 0.108580
4598.880439 0.112501
4601.010439 0.111446
4603.140439 0.111414
4605.270439 0.115489
4607.400439 0.119445
4609.530439 0.121302
4611.660439 0.115392
4613.790439 0.116951
4615.920439 0.118254
4618.050439 0.121913
4620.180439 0.117172
4622.310439 0.118171
4624.440439 0.119328
4626.570439 0.114961
4628.700439 0.120849
4630.830439 0.121371
4632.960439 0.112989
4635.090439 0.113533
4637.220439 0.115400
4639.350439 0.116444
4641.480439 0.112604
4643.610439 0.110542
4645.740439 0.114434
4647.870439 0.114607
4650.000439 0.115329
4652.130439 0.102516
4654.260439 0.107282
4656.390439 0.115866
4658.520439 0.117903
4660.650439 0.115765
4662.780439 0.116621
4664.910439 0.113672
4667.040439 0.108742
4669.170439 0.110447
4671.300439 0.110767
4673.430439 0.111122
4675.560439 0.118877
4677.690439 0.122627
4679.820439 0.111890
4681.950439 0.111774
4684.080439 0.117801
4686.210439 0.121099
4688.340439 0.119333
4690.470439 0.118822
4692.600439 0.119120
4694.730439 0.113672
4696.860439 0.111453
4698.990439 0.112164
4701.120439 0.115510
4703.250439 0.111833
4705.380439 0.108332
4707.510439 0.102367
4709.640439 0.106057
4711.770439 0.111351
4713.900439 0.111077
4716.030439 0.109190
4718.160439 0.115388
4720.290439 0.119475
4722.420439 0.119748
4724.550439 0.114925
4726.680439 0.110889
4728.810439 0.108405
4730.940439 0.106323
4733.070439 0.110598
4735.200439 0.119441
4737.330439 0.120282
4739.460439 0.112469
4741.590439 0.116109
4743.720439 0.120147
4745.850439 0.113337
4747.980439 0.112764
4750.110439 0.117395
4752.240439 0.122512
4754.370439 0.122859
4756.500439 0.114798
4758.630439 0.107545
4760.760439 0.109922
4762.890439 0.109236
4765.020439 0.116907
4767.150439 0.119515
4769.280439 0.119247
4771.410439 0.117021
4773.540439 0.116079
4775.670439 0.122222
4777.800439 0.117170
4779.930439 0.118117
4782.060439 0.120238
4784.190439 0.121608
4786.320439 0.116477
4788.450439 0.116796
4790.580439 0.120270
4792.710439 0.121730
4794.840439 0.117390
4796.970439 0.112434
4799.100439 0.119883
4801.230439 0.126210
4803.360439 0.123897
4805.490439 0.119664
4807.620439 0.127324
4809.750439 0.122185
4811.880439 0.114189
4814.010439 0.114780
4816.140439 0.125077
4818.270439 0.135626
4820.400439 0.131244
4822.530439 0.125187
4824.660439 0.121766
4826.790439 0.117086
4828.920439 0.112363
4831.050439 0.110046
4833.180439 0.120275
4835.310439 0.120896
4837.440439 0.116549
4839.570439 0.123145
4841.700439 0.128219
4843.830439 0.122914
4845.960439 0.117590
4848.090439 0.121798
4850.220439 0.118790
4852.350439 0.119646
4854.480439 0.120190
4856.610439 0.103370
4858.740439 0.098679
4860.870439 0.104475
4863.000439 0.093433
4865.130439 0.100937
4867.260439 0.116836
4869.390439 0.111544
4871.520439 0.106884
4873.650439 0.115540
4875.780439 0.118259
4877.910439 0.117911
4880.040439 0.115443
4882.170439 0.120224
4884.300439 0.125249
4886.430439 0.126907
4888.560439 0.114319
4890.690439 0.116298
4892.820439 0.113967
4894.950439 0.116201
4897.080439 0.124740
4899.210439 0.122295
4901.340439 0.119392
4903.470439 0.129088
4905.600439 0.129536
4907.730439 0.123951
4909.860439 0.128203
4911.990439 0.120339
4914.120439 0.118409
4916.250439 0.117521
4918.380439 0.119164
4920.510439 0.108894
4922.640439 0.104040
4924.770439 0.109088
4926.900439 0.117614
4929.030439 0.123260
4931.160439 0.125034
4933.290439 0.121850
4935.420439 0.115875
4937.550439 0.113274
4939.680439 0.123516
4941.810439 0.121275
4943.940439 0.118063
4946.070439 0.117572
4948.200439 0.126111
4950.330439 0.127893
4952.460439 0.126149
4954.590439 0.128528
4956.720439 0.132873
4958.850439 0.127375
4960.980439 0.120573
4963.110439 0.119755
4965.240439 0.121083
4967.370439 0.116130
4969.500439 0.113968
4971.630439 0.126510
4973.760439 0.126147
4975.890439 0.120659
4978.020439 0.115999
4980.150439 0.117311
4982.280439 0.115367
4984.410439 0.113118
4986.540439 0.118410
4988.670439 0.118842
4990.800439 0.118818
4992.930439 0.116595
4995.060439 0.111046
4997.190439 0.114755
4999.320439 0.113466
5001.450439 0.106946
5003.580439 0.109993
5005.710439 0.114695
5007.840439 0.120226
5009.970439 0.116811
5012.100439 0.116876
5014.230439 0.119688
5016.360439 0.112668
5018.490439 0.113269
5020.620439 0.111985
5022.750439 0.111043
5024.880439 0.112077
5027.010439 0.117130
5029.140439 0.115088
5031.270439 0.116636
5033.400439 0.112251
5035.530439 0.107075
5037.660439 0.121817
5039.790439 0.119917
5041.920439 0.113686
5044.050439 0.116813
5046.180439 0.120110
5048.310439 0.116972
5050.440439 0.122168
5052.570439 0.112354
5054.700439 0.113674
5056.830439 0.115501
5058.960439 0.121960
5061.090439 0.128357
5063.220439 0.121649
5065.350439 0.119971
5067.480439 0.121606
5069.610439 0.114824
5071.740439 0.121902
5073.870439 0.121067
5076.000439 0.119637
5078.130439 0.113454
5080.260439 0.122908
5082.390439 0.118521
5084.520439 0.113533
5086.650439 0.113165
5088.780439 0.118763
5090.910439 0.110418
5093.040439 0.113360
5095.170439 0.123394
5097.300439 0.120658
5099.430439 0.121580
5101.560439 0.120862
5103.690439 0.125402
5105.820439 0.116850
5107.950439 0.124739
5110.080439 0.122485
5112.210439 0.120034
5114.340439 0.120711
5116.470439 0.125063
5118.600439 0.127219
5120.730439 0.122307
5122.860439 0.113295
5124.990439 0.120132
5127.120439 0.120232
5129.250439 0.111262
5131.380439 0.110479
5133.510439 0.110311
5135.640439 0.125571
5137.770439 0.124143
5139.900439 0.124013
5142.030439 0.118857
5144.160439 0.116368
5146.290439 0.113746
5148.420439 0.117657
5150.550439 0.120964
5152.680439 0.112558
5154.810439 0.108342
5156.940439 0.111138
5159.070439 0.117108
5161.200439 0.123372
5163.330439 0.125164
5165.460439 0.114962
5167.590439 0.109233
5169.720439 0.102451
5171.850439 0.102512
5173.980439 0.098263
5176.110439 0.097042
5178.240439 0.096951
5180.370439 0.093965
5182.500439 0.094716
5184.630439 0.101515
5186.760439 0.102530
5188.890439 0.107550
5191.020439 0.107671
5193.150439 0.111755
5195.280439 0.109615
5197.410439 0.116942
5199.540439 0.125471
5201.670439 0.113985
5203.800439 0.117486
5205.930439 0.115193
5208.060439 0.115190
5210.190439 0.123038
5212.320439 0.120290
5214.450439 0.125433
5216.580439 0.128881
5218.710439 0.120328
5220.840439 0.113822
5222.970439 0.105772
5225.100439 0.120595
5227.230439 0.120326
5229.360439 0.118470
5231.490439 0.123017
5233.620439 0.126248
5235.750439 0.116778
5237.880439 0.124183
5240.010439 0.128398
5242.140439 0.122028
5244.270439 0.116289
5246.400439 0.127137
5248.530439 0.131149
5250.660439 0.118448
5252.790439 0.123357
5254.920439 0.126040
5257.050439 0.124282
5259.180439 0.127763
5261.310439 0.117954
5263.440439 0.113663
5265.570439 0.125986
5267.700439 0.122808
5269.830439 0.114770
5271.960439 0.116716
5274.090439 0.112363
5276.220439 0.109651
5278.350439 0.118885
5280.480439 0.122354
5282.610439 0.126994
5284.740439 0.130461
5286.870439 0.125013
5289.000439 0.126400
5291.130439 0.125309
5293.260439 0.126712
5295.390439 0.115672
5297.520439 0.120064
5299.650439 0.132303
5301.780439 0.134948
5303.910439 0.136732
5306.040439 0.134810
5308.170439 0.136777
5310.300439 0.129064
5312.430439 0.130946
5314.560439 0.132342
5316.690439 0.131095
5318.820439 0.129356
5320.950439 0.124078
5323.080439 0.122171
5325.210439 0.117636
5327.340439 0.121101
5329.470439 0.128220
5331.600439 0.127011
5333.730439 0.125313
5335.860439 0.128138
5337.990439 0.127297
5340.120439 0.121425
5342.250439 0.125671
5344.380439 0.131584
5346.510439 0.134738
5348.640439 0.129349
5350.770439 0.130335
5352.900439 0.128135
5355.030439 0.131615
5357.160439 0.133855
5359.290439 0.128232
5361.420439 0.133618
5363.550439 0.138525
5365.680439 0.136412
5367.810439 0.137892
5369.940439 0.136015
5372.070439 0.126266
5374.200439 0.137544
5376.330439 0.140795
5378.460439 0.133776
5380.590439 0.132733
5382.720439 0.134573
5384.850439 0.130132
5386.980439 0.126327
5389.110439 0.132679
5391.240439 0.132910
5393.370439 0.123804
5395.500439 0.134730
5397.630439 0.131007
5399.760439 0.117284
5401.890439 0.117647
5404.020439 0.130875
5406.150439 0.126495
5408.280439 0.136854
5410.410439 0.128159
5412.540439 0.118257
5414.670439 0.133620
5416.800439 0.124360
5418.930439 0.131155
5421.060439 0.135456
5423.190439 0.132144
5425.320439 0.117642
5427.450439 0.118616
5429.580439 0.126658
5431.710439 0.121821
5433.840439 0.121166
5435.970439 0.124266
5438.100439 0.134411
5440.230439 0.121021
5442.360439 0.128214
5444.490439 0.132814
5446.620439 0.132610
5448.750439 0.127406
5450.880439 0.123210
5453.010439 0.133797
5455.140439 0.129536
5457.270439 0.130441
5459.400439 0.131776
5461.530439 0.125878
5463.660439 0.122260
5465.790439 0.122670
5467.920439 0.128522
5470.050439 0.124428
5472.180439 0.124137
5474.310439 0.126000
5476.440439 0.113304
5478.570439 0.116523
5480.700439 0.116507
5482.830439 0.119684
5484.960439 0.118368
5487.090439 0.130115
5489.220439 0.123680
5491.350439 0.122304
5493.480439 0.117674
5495.610439 0.129040
5497.740439 0.123815
5499.870439 0.122542
5502.000439 0.104069
5504.130439 0.114977
5506.260439 0.124695
5508.390439 0.134957
5510.520439 0.125158
5512.650439 0.125514
5514.780439 0.127701
5516.910439 0.121484
5519.040439 0.137499
5521.170439 0.133459
5523.300439 0.127580
5525.430439 0.137121
5527.560439 0.130490
5529.690439 0.120927
5531.820439 0.121544
5533.950439 0.125787
5536.080439 0.126781
5538.210439 0.132158
5540.340439 0.130030
5542.470439 0.122625
5544.600439 0.125342
5546.730439 0.125769
5548.860439 0.131432
5550.990439 0.137327
5553.120439 0.141239
5555.250439 0.135653
5557.380439 0.132045
5559.510439 0.134232
5561.640439 0.121116
5563.770439 0.119455
5565.900439 0.112149
5568.030439 0.129595
5570.160439 0.122437
5572.290439 0.118188
5574.420439 0.131174
5576.550439 0.121756
5578.680439 0.124388
5580.810439 0.129414
5582.940439 0.128475
5585.070439 0.130254
5587.200439 0.132654
5589.330439 0.118418
5591.460439 0.126397
5593.590439 0.131828
5595.720439 0.128610
5597.850439 0.135479
5599.980439 0.131444
5602.110439 0.135896
5604.240439 0.127303
5606.370439 0.124642
5608.500439 0.131389
5610.630439 0.128665
5612.760439 0.127847
5614.890439 0.129428
5617.020439 0.130033
5619.150439 0.131114
