2449.614733 0.055558
2451.744733 0.032475
2453.874733 0.037496
2456.004733 0.047046
2458.134733 0.043676
2460.264733 0.038754
2462.394733 0.061670
2464.524733 0.055511
2466.654733 0.053265
2468.784733 0.048075
2470.914733 0.045739
2473.044733 0.047267
2475.174733 0.052176
2477.304733 0.056557
2479.434733 0.045829
2481.564733 0.043951
2483.694733 0.051739
2485.824733 0.053894
2487.954733 0.045241
2490.084733 0.050294
2492.214733 0.053040
2494.344733 0.050928
2496.474733 0.053855
2498.604733 0.060505
2500.734733 0.060502
2502.864733 0.056268
2504.994733 0.054748
2507.124733 0.053780
2509.254733 0.052702
2511.384733 0.051448
2513.514733 0.045905
2515.644733 0.048207
2517.774733 0.052322
2519.904733 0.050217
2522.034733 0.055508
2524.164733 0.048888
2526.294733 0.043203
2528.424733 0.054852
2530.554733 0.052157
2532.684733 0.043646
2534.814733 0.042880
2536.944733 0.052634
2539.074733 0.050211
2541.204733 0.042819
2543.334733 0.049929
2545.464733 0.054947
2547.594733 0.051643
2549.724733 0.051983
2551.854733 0.050182
2553.984733 0.054650
2556.114733 0.058828
2558.244733 0.055773
2560.374733 0.050094
2562.504733 0.053517
2564.634733 0.049273
2566.764733 0.051817
2568.894733 0.049099
2571.024733 0.052486
2573.154733 0.050503
2575.284733 0.052053
2577.414733 0.054067
2579.544733 0.053891
2581.674733 0.057319
2583.804733 0.043085
2585.934733 0.044811
2588.064733 0.046040
2590.194733 0.049056
2592.324733 0.050120
2594.454733 0.055130
2596.584733 0.047837
2598.714733 0.035766
2600.844733 0.037044
2602.974733 0.047062
2605.104733 0.049490
2607.234733 0.049604
2609.364733 0.056414
2611.494733 0.058304
2613.624733 0.053987
2615.754733 0.050692
2617.884733 0.055273
2620.014733 0.050414
2622.144733 0.056876
2624.274733 0.060629
2626.404733 0.053656
2628.534733 0.047467
2630.664733 0.053092
2632.794733 0.056548
2634.924733 0.058959
2637.054733 0.059676
2639.184733 0.054131
2641.314733 0.060048
2643.444733 0.058774
2645.574733 0.055230
2647.704733 0.057306
2649.834733 0.049303
2651.964733 0.045811
2654.094733 0.052345
2656.224733 0.051615
2658.354733 0.053653
2660.484733 0.054820
2662.614733 0.051913
2664.744733 0.047437
2666.874733 0.045774
2669.004733 0.048849
2671.134733 0.056875
2673.264733 0.051637
2675.394733 0.049062
2677.524733 0.046961
2679.654733 0.057322
2681.784733 0.058669
2683.914733 0.058271
2686.044733 0.054120
2688.174733 0.046752
2690.304733 0.050191
2692.434733 0.054155
2694.564733 0.051658
2696.694733 0.053075
2698.824733 0.052225
2700.954733 0.052758
2703.084733 0.051848
2705.214733 0.052871
2707.344733 0.056784
2709.474733 0.051716
2711.604733 0.051172
2713.734733 0.052718
2715.864733 0.050648
2717.994733 0.054193
2720.124733 0.051434
2722.254733 0.053643
2724.384733 0.047769
2726.514733 0.049432
2728.644733 0.053938
2730.774733 0.052176
2732.904733 0.052626
2735.034733 0.051822
2737.164733 0.052455
2739.294733 0.053597
2741.424733 0.053368
2743.554733 0.054181
2745.684733 0.050085
2747.814733 0.050881
2749.944733 0.047983
2752.074733 0.050250
2754.204733 0.052066
2756.334733 0.050968
2758.464733 0.051286
2760.594733 0.055250
2762.724733 0.050594
2764.854733 0.052159
2766.984733 0.052448
2769.114733 0.049209
2771.244733 0.047041
2773.374733 0.050741
2775.504733 0.053942
2777.634733 0.050832
2779.764733 0.054066
2781.894733 0.054144
2784.024733 0.053755
2786.154733 0.052646
2788.284733 0.051846
2790.414733 0.042659
2792.544733 0.039070
2794.674733 0.028982
2796.804733 0.031159
2798.934733 0.037618
2801.064733 0.031434
2803.194733 0.026069
2805.324733 0.035531
2807.454733 0.047299
2809.584733 0.050566
2811.714733 0.051275
2813.844733 0.055224
2815.974733 0.053025
2818.104733 0.050814
2820.234733 0.052499
2822.364733 0.054260
2824.494733 0.052277
2826.624733 0.050459
2828.754733 0.050574
2830.884733 0.053945
2833.014733 0.056590
2835.144733 0.052635
2837.274733 0.051277
2839.404733 0.054274
2841.534733 0.053562
2843.664733 0.049455
2845.794733 0.050197
2847.924733 0.045016
2850.054733 0.040964
2852.184733 0.044130
2854.314733 0.046584
2856.444733 0.048304
2858.574733 0.053296
2860.704733 0.050125
2862.834733 0.048640
2864.964733 0.046231
2867.094733 0.045876
2869.224733 0.046527
2871.354733 0.047879
2873.484733 0.051031
2875.614733 0.046707
2877.744733 0.047585
2879.874733 0.051507
2882.004733 0.053396
2884.134733 0.050495
2886.264733 0.046786
2888.394733 0.045743
2890.524733 0.046227
2892.654733 0.049408
2894.784733 0.052714
2896.914733 0.046804
2899.044733 0.049822
2901.174733 0.050209
2903.304733 0.048147
2905.434733 0.054095
2907.564733 0.057477
2909.694733 0.055694
2911.824733 0.053725
2913.954733 0.048839
2916.084733 0.050648
2918.214733 0.048092
2920.344733 0.047389
2922.474733 0.047507
2924.604733 0.043550
2926.734733 0.052808
2928.864733 0.049333
2930.994733 0.047019
2933.124733 0.047837
2935.254733 0.050590
2937.384733 0.051218
2939.514733 0.047544
2941.644733 0.048314
2943.774733 0.049827
2945.904733 0.048815
2948.034733 0.048964
2950.164733 0.052996
2952.294733 0.050886
2954.424733 0.047004
2956.554733 0.050263
2958.684733 0.051058
2960.814733 0.052796
2962.944733 0.054173
2965.074733 0.045135
2967.204733 0.046308
2969.334733 0.048832
2971.464733 0.054270
2973.594733 0.055558
2975.724733 0.052303
2977.854733 0.053388
2979.984733 0.052652
2982.114733 0.052257
2984.244733 0.048783
2986.374733 0.049415
2988.504733 0.049262
2990.634733 0.048095
2992.764733 0.050718
2994.894733 0.050469
2997.024733 0.048068
2999.154733 0.048584
3001.284733 0.050990
3003.414733 0.049572
3005.544733 0.048065
3007.674733 0.050838
3009.804733 0.049525
3011.934733 0.049373
3014.064733 0.049567
3016.194733 0.046372
3018.324733 0.048240
3020.454733 0.048239
3022.584733 0.050567
3024.714733 0.048699
3026.844733 0.050539
3028.974733 0.049834
3031.104733 0.049626
3033.234733 0.048029
3035.364733 0.047379
3037.494733 0.048393
3039.624733 0.047914
3041.754733 0.047761
3043.884733 0.050233
3046.014733 0.052796
3048.144733 0.052053
3050.274733 0.052058
3052.404733 0.051183
3054.534733 0.050037
3056.664733 0.049594
3058.794733 0.050556
3060.924733 0.050587
3063.054733 0.047896
3065.184733 0.048780
3067.314733 0.049542
3069.444733 0.049258
3071.574733 0.048904
3073.704733 0.045716
3075.834733 0.049565
3077.964733 0.049095
3080.094733 0.049897
3082.224733 0.049139
3084.354733 0.049587
3086.484733 0.049553
3088.614733 0.046025
3090.744733 0.046400
3092.874733 0.048498
3095.004733 0.049700
3097.134733 0.045481
3099.264733 0.048115
3101.394733 0.049438
3103.524733 0.045520
3105.654733 0.047504
3107.784733 0.048961
3109.914733 0.045846
3112.044733 0.047070
3114.174733 0.046895
3116.304733 0.051943
3118.434733 0.047542
3120.564733 0.043868
3122.694733 0.047879
3124.824733 0.048285
3126.954733 0.047606
3129.084733 0.045229
3131.214733 0.046777
3133.344733 0.046390
3135.474733 0.048295
3137.604733 0.051144
3139.734733 0.052578
3141.864733 0.046113
3143.994733 0.045702
3146.124733 0.046570
3148.254733 0.046056
3150.384733 0.047509
3152.514733 0.050477
3154.644733 0.048185
3156.774733 0.051150
3158.904733 0.046902
3161.034733 0.046128
3163.164733 0.043966
3165.294733 0.045759
3167.424733 0.048287
3169.554733 0.046422
3171.684733 0.048497
3173.814733 0.048344
3175.944733 0.048029
3178.074733 0.047914
3180.204733 0.048001
3182.334733 0.048055
3184.464733 0.045462
3186.594733 0.048486
3188.724733 0.049480
3190.854733 0.050172
3192.984733 0.046496
3195.114733 0.045130
3197.244733 0.046821
3199.374733 0.044908
3201.504733 0.046085
3203.634733 0.051670
3205.764733 0.052268
3207.894733 0.050022
3210.024733 0.048515
3212.154733 0.047782
3214.284733 0.045318
3216.414733 0.046493
3218.544733 0.047330
3220.674733 0.049236
3222.804733 0.048111
3224.934733 0.046248
3227.064733 0.044867
3229.194733 0.044285
3231.324733 0.043239
3233.454733 0.046140
3235.584733 0.044564
3237.714733 0.046217
3239.844733 0.044947
3241.974733 0.045043
3244.104733 0.045084
3246.234733 0.048736
3248.364733 0.048181
3250.494733 0.045136
3252.624733 0.045093
3254.754733 0.045250
3256.884733 0.046558
3259.014733 0.046655
3261.144733 0.046694
3263.274733 0.044210
3265.404733 0.050391
3267.534733 0.048769
3269.664733 0.047726
3271.794733 0.047109
3273.924733 0.048162
3276.054733 0.050822
3278.184733 0.049958
3280.314733 0.050175
3282.444733 0.047485
3284.574733 0.051450
3286.704733 0.047742
3288.834733 0.044079
3290.964733 0.046696
3293.094733 0.049566
3295.224733 0.050138
3297.354733 0.050791
3299.484733 0.048831
3301.614733 0.046723
3303.744733 0.046012
3305.874733 0.043413
3308.004733 0.049640
3310.134733 0.048325
3312.264733 0.050211
3314.394733 0.047624
3316.524733 0.045918
3318.654733 0.046947
3320.784733 0.045654
3322.914733 0.047311
3325.044733 0.048205
3327.174733 0.048811
3329.304733 0.048081
3331.434733 0.045585
3333.564733 0.044600
3335.694733 0.046881
3337.824733 0.044780
3339.954733 0.045609
3342.084733 0.049148
3344.214733 0.050203
3346.344733 0.047177
3348.474733 0.042681
3350.604733 0.043635
3352.734733 0.043244
3354.864733 0.043464
3356.994733 0.045380
3359.124733 0.046244
3361.254733 0.042712
3363.384733 0.047726
3365.514733 0.048492
3367.644733 0.045906
3369.774733 0.047047
3371.904733 0.050860
3374.034733 0.049760
3376.164733 0.046145
3378.294733 0.044787
3380.424733 0.047698
3382.554733 0.047646
3384.684733 0.046431
3386.814733 0.045325
3388.944733 0.046801
3391.074733 0.047702
3393.204733 0.048173
3395.334733 0.045459
3397.464733 0.044076
3399.594733 0.046033
3401.724733 0.048289
3403.854733 0.048562
3405.984733 0.049974
3408.114733 0.047952
3410.244733 0.047852
3412.374733 0.049246
3414.504733 0.048605
3416.634733 0.044566
3418.764733 0.042685
3420.894733 0.044882
3423.024733 0.048429
3425.154733 0.045831
3427.284733 0.041196
3429.414733 0.045699
3431.544733 0.047561
3433.674733 0.048179
3435.804733 0.046409
3437.934733 0.047289
3440.064733 0.046567
3442.194733 0.042084
3444.324733 0.045483
3446.454733 0.043577
3448.584733 0.041491
3450.714733 0.044018
3452.844733 0.046490
3454.974733 0.043809
3457.104733 0.044844
3459.234733 0.045417
3461.364733 0.043574
3463.494733 0.046628
3465.624733 0.044617
3467.754733 0.046363
3469.884733 0.048343
3472.014733 0.047182
3474.144733 0.044603
3476.274733 0.046188
3478.404733 0.047979
3480.534733 0.047990
3482.664733 0.045831
3484.794733 0.046406
3486.924733 0.048131
3489.054733 0.047920
3491.184733 0.046381
3493.314733 0.047004
3495.444733 0.048830
3497.574733 0.049154
3499.704733 0.046035
3501.834733 0.045646
3503.964733 0.046022
3506.094733 0.046383
3508.224733 0.052044
3510.354733 0.050525
3512.484733 0.048994
3514.614733 0.047342
3516.744733 0.047861
3518.874733 0.045864
3521.004733 0.046855
3523.134733 0.044474
3525.264733 0.044362
3527.394733 0.045284
3529.524733 0.047928
3531.654733 0.048669
3533.784733 0.043902
3535.914733 0.047948
3538.044733 0.047973
3540.174733 0.045168
3542.304733 0.048328
3544.434733 0.046411
3546.564733 0.045707
3548.694733 0.046209
3550.824733 0.046421
3552.954733 0.045422
3555.084733 0.047931
3557.214733 0.049301
3559.344733 0.048479
3561.474733 0.049005
3563.604733 0.047951
3565.734733 0.049621
3567.864733 0.046285
3569.994733 0.045439
3572.124733 0.046423
3574.254733 0.046285
3576.384733 0.046076
3578.514733 0.045489
3580.644733 0.044522
3582.774733 0.045219
3584.904733 0.042801
3587.034733 0.038037
3589.164733 0.040057
3591.294733 0.048834
3593.424733 0.046926
3595.554733 0.046451
3597.684733 0.047986
3599.814733 0.048295
3601.944733 0.048311
3604.074733 0.044354
3606.204733 0.044901
3608.334733 0.045512
3610.464733 0.045937
3612.594733 0.046315
3614.724733 0.045109
3616.854733 0.044234
3618.984733 0.048133
3621.114733 0.045613
3623.244733 0.044304
3625.374733 0.044081
3627.504733 0.049392
3629.634733 0.045763
3631.764733 0.043379
3633.894733 0.046698
3636.024733 0.049374
3638.154733 0.049044
3640.284733 0.050003
3642.414733 0.050363
3644.544733 0.047012
3646.674733 0.047288
3648.804733 0.048829
3650.934733 0.046654
3653.064733 0.047726
3655.194733 0.046451
3657.324733 0.046379
3659.454733 0.047418
3661.584733 0.046888
3663.714733 0.045801
3665.844733 0.047607
3667.974733 0.045864
3670.104733 0.043640
3672.234733 0.045136
3674.364733 0.045837
3676.494733 0.044594
3678.624733 0.047277
3680.754733 0.048573
3682.884733 0.046395
3685.014733 0.044945
3687.144733 0.046030
3689.274733 0.044611
3691.404733 0.044029
3693.534733 0.044837
3695.664733 0.045921
3697.794733 0.045841
3699.924733 0.048355
3702.054733 0.049119
3704.184733 0.045386
3706.314733 0.045213
3708.444733 0.046957
3710.574733 0.046313
3712.704733 0.045595
3714.834733 0.045033
3716.964733 0.047982
3719.094733 0.045982
3721.224733 0.054424
3723.354733 0.099174
3725.484733 0.188015
3727.614733 0.237571
3729.744733 0.237950
3731.874733 0.145415
3734.004733 0.069040
3736.134733 0.048696
3738.264733 0.049041
3740.394733 0.052019
3742.524733 0.052815
3744.654733 0.051966
3746.784733 0.047567
3748.914733 0.043613
3751.044733 0.040153
3753.174733 0.040352
3755.304733 0.045295
3757.434733 0.050896
3759.564733 0.054032
3761.694733 0.051067
3763.824733 0.051534
3765.954733 0.048619
3768.084733 0.042297
3770.214733 0.040756
3772.344733 0.041237
3774.474733 0.044829
3776.604733 0.050838
3778.734733 0.057132
3780.864733 0.062649
3782.994733 0.063953
3785.124733 0.059847
3787.254733 0.056778
3789.384733 0.056112
3791.514733 0.056905
3793.644733 0.055361
3795.774733 0.046517
3797.904733 0.041323
3800.034733 0.043765
3802.164733 0.050356
3804.294733 0.056869
3806.424733 0.064231
3808.554733 0.062965
3810.684733 0.068744
3812.814733 0.071216
3814.944733 0.070088
3817.074733 0.068820
3819.204733 0.063058
3821.334733 0.060600
3823.464733 0.062592
3825.594733 0.060404
3827.724733 0.057962
3829.854733 0.052395
3831.984733 0.046139
3834.114733 0.043039
3836.244733 0.047157
3838.374733 0.044807
3840.504733 0.049436
3842.634733 0.053086
3844.764733 0.056439
3846.894733 0.061033
3849.024733 0.064449
3851.154733 0.068488
3853.284733 0.068542
3855.414733 0.068909
3857.544733 0.071110
3859.674733 0.069741
3861.804733 0.069173
3863.934733 0.070382
3866.064733 0.075786
3868.194733 0.075410
3870.324733 0.078867
3872.454733 0.078642
3874.584733 0.073060
3876.714733 0.068964
3878.844733 0.066811
3880.974733 0.062177
3883.104733 0.054871
3885.234733 0.050513
3887.364733 0.053698
3889.494733 0.054110
3891.624733 0.050574
3893.754733 0.053631
3895.884733 0.054282
3898.014733 0.058680
3900.144733 0.064882
3902.274733 0.067155
3904.404733 0.063936
3906.534733 0.067607
3908.664733 0.072188
3910.794733 0.069659
3912.924733 0.070690
3915.054733 0.072372
3917.184733 0.073666
3919.314733 0.073209
3921.444733 0.072982
3923.574733 0.064174
3925.704733 0.063516
3927.834733 0.062710
3929.964733 0.060794
3932.094733 0.051440
3934.224733 0.048382
3936.354733 0.052046
3938.484733 0.056977
3940.614733 0.063586
3942.744733 0.063794
3944.874733 0.064481
3947.004733 0.066782
3949.134733 0.067152
3951.264733 0.068568
3953.394733 0.065884
3955.524733 0.064421
3957.654733 0.060848
3959.784733 0.063520
3961.914733 0.054505
3964.044733 0.047113
3966.174733 0.047409
3968.304733 0.050139
3970.434733 0.052212
3972.564733 0.049890
3974.694733 0.050899
3976.824733 0.051108
3978.954733 0.052992
3981.084733 0.056859
3983.214733 0.062969
3985.344733 0.062141
3987.474733 0.065188
3989.604733 0.067229
3991.734733 0.065716
3993.864733 0.070478
3995.994733 0.070366
3998.124733 0.065804
4000.254733 0.063439
4002.384733 0.066312
4004.514733 0.073273
4006.644733 0.074591
4008.774733 0.071577
4010.904733 0.071015
4013.034733 0.068755
4015.164733 0.071991
4017.294733 0.078724
4019.424733 0.073383
4021.554733 0.070388
4023.684733 0.068967
4025.814733 0.069708
4027.944733 0.071395
4030.074733 0.071783
4032.204733 0.065845
4034.334733 0.065013
4036.464733 0.070145
4038.594733 0.073429
4040.724733 0.074602
4042.854733 0.069024
4044.984733 0.070714
4047.114733 0.071232
4049.244733 0.070946
4051.374733 0.073253
4053.504733 0.071205
4055.634733 0.066578
4057.764733 0.073659
4059.894733 0.074292
4062.024733 0.067719
4064.154733 0.068538
4066.284733 0.072651
4068.414733 0.074195
4070.544733 0.072340
4072.674733 0.066986
4074.804733 0.064375
4076.934733 0.065545
4079.064733 0.065970
4081.194733 0.067089
4083.324733 0.063940
4085.454733 0.062698
4087.584733 0.064296
4089.714733 0.063770
4091.844733 0.061437
4093.974733 0.056355
4096.104733 0.055991
4098.234733 0.058229
4100.364733 0.062781
4102.494733 0.063011
4104.624733 0.057013
4106.754733 0.051443
4108.884733 0.050280
4111.014733 0.057329
4113.144733 0.059007
4115.274733 0.061274
4117.404733 0.065003
4119.534733 0.067889
4121.664733 0.067182
4123.794733 0.062336
4125.924733 0.062542
4128.054733 0.063429
4130.184733 0.066163
4132.314733 0.064119
4134.444733 0.065357
4136.574733 0.063779
4138.704733 0.068341
4140.834733 0.067063
4142.964733 0.066412
4145.094733 0.065574
4147.224733 0.068350
4149.354733 0.073502
4151.484733 0.068463
4153.614733 0.068078
4155.744733 0.066571
4157.874733 0.060716
4160.004733 0.062227
4162.134733 0.065238
4164.264733 0.062668
4166.394733 0.067519
4168.524733 0.064867
4170.654733 0.063944
4172.784733 0.067019
4174.914733 0.069978
4177.044733 0.065876
4179.174733 0.063601
4181.304733 0.065511
4183.434733 0.068819
4185.564733 0.074799
4187.694733 0.068497
4189.824733 0.061317
4191.954733 0.063578
4194.084733 0.066822
4196.214733 0.069174
4198.344733 0.069250
4200.474733 0.065858
4202.604733 0.064670
4204.734733 0.066640
4206.864733 0.066033
4208.994733 0.067395
4211.124733 0.068428
4213.254733 0.073054
4215.384733 0.064851
4217.514733 0.058670
4219.644733 0.059759
4221.774733 0.061559
4223.904733 0.062407
4226.034733 0.061908
4228.164733 0.059648
4230.294733 0.060808
4232.424733 0.067878
4234.554733 0.062496
4236.684733 0.058414
4238.814733 0.060544
4240.944733 0.059365
4243.074733 0.063924
4245.204733 0.071456
4247.334733 0.067480
4249.464733 0.063831
4251.594733 0.068004
4253.724733 0.064563
4255.854733 0.058120
4257.984733 0.059984
4260.114733 0.065346
4262.244733 0.066358
4264.374733 0.068765
4266.504733 0.069909
4268.634733 0.067415
4270.764733 0.063470
4272.894733 0.066217
4275.024733 0.068581
4277.154733 0.063550
4279.284733 0.067352
4281.414733 0.069254
4283.544733 0.069395
4285.674733 0.064597
4287.804733 0.063258
4289.934733 0.061072
4292.064733 0.066221
4294.194733 0.065856
4296.324733 0.062145
4298.454733 0.072426
4300.584733 0.072356
4302.714733 0.060124
4304.844733 0.066825
4306.974733 0.059935
4309.104733 0.057251
4311.234733 0.056257
4313.364733 0.057633
4315.494733 0.061112
4317.624733 0.062820
4319.754733 0.067465
4321.884733 0.064570
4324.014733 0.061157
4326.144733 0.059875
4328.274733 0.058898
4330.404733 0.054794
4332.534733 0.057663
4334.664733 0.060065
4336.794733 0.059751
4338.924733 0.072747
4341.054733 0.081933
4343.184733 0.074528
4345.314733 0.063147
4347.444733 0.054708
4349.574733 0.051450
4351.704733 0.052422
4353.834733 0.056065
4355.964733 0.063804
4358.094733 0.071942
4360.224733 0.067680
4362.354733 0.058221
4364.484733 0.065844
4366.614733 0.070225
4368.744733 0.073732
4370.874733 0.064219
4373.004733 0.061400
4375.134733 0.058933
4377.264733 0.060094
4379.394733 0.065140
4381.524733 0.072354
4383.654733 0.066312
4385.784733 0.061913
4387.914733 0.061844
4390.044733 0.059632
4392.174733 0.058590
4394.304733 0.059822
4396.434733 0.064554
4398.564733 0.068771
4400.694733 0.068046
4402.824733 0.065238
4404.954733 0.060612
4407.084733 0.059866
4409.214733 0.057269
4411.344733 0.060613
4413.474733 0.067048
4415.604733 0.065051
4417.734733 0.064545
4419.864733 0.064136
4421.994733 0.064659
4424.124733 0.062459
4426.254733 0.070916
4428.384733 0.062234
4430.514733 0.064112
4432.644733 0.069266
4434.774733 0.066790
4436.904733 0.063289
4439.034733 0.060552
4441.164733 0.064240
4443.294733 0.064151
4445.424733 0.061634
4447.554733 0.063535
4449.684733 0.064908
4451.814733 0.068999
4453.944733 0.067054
4456.074733 0.061978
4458.204733 0.064644
4460.334733 0.063020
4462.464733 0.065857
4464.594733 0.065752
4466.724733 0.061687
4468.854733 0.062471
4470.984733 0.064015
4473.114733 0.062913
4475.244733 0.062933
4477.374733 0.060415
4479.504733 0.061258
4481.634733 0.056532
4483.764733 0.060906
4485.894733 0.061906
4488.024733 0.061496
4490.154733 0.064027
4492.284733 0.057469
4494.414733 0.065892
4496.544733 0.064463
4498.674733 0.057164
4500.804733 0.063707
4502.934733 0.068791
4505.064733 0.070445
4507.194733 0.069054
4509.324733 0.061060
4511.454733 0.061657
4513.584733 0.067579
4515.714733 0.064081
4517.844733 0.061294
4519.974733 0.062270
4522.104733 0.064654
4524.234733 0.063849
4526.364733 0.063338
4528.494733 0.062385
4530.624733 0.060934
4532.754733 0.061757
4534.884733 0.066037
4537.014733 0.062420
4539.144733 0.061539
4541.274733 0.061978
4543.404733 0.062402
4545.534733 0.062721
4547.664733 0.062428
4549.794733 0.058300
4551.924733 0.060213
4554.054733 0.062787
4556.184733 0.061778
4558.314733 0.067208
4560.444733 0.071044
4562.574733 0.061068
4564.704733 0.063300
4566.834733 0.060414
4568.964733 0.061942
4571.094733 0.066089
4573.224733 0.063481
4575.354733 0.065260
4577.484733 0.061596
4579.614733 0.062334
4581.744733 0.065663
4583.874733 0.062278
4586.004733 0.062668
4588.134733 0.064918
4590.264733 0.064242
4592.394733 0.062862
4594.524733 0.058033
4596.654733 0.056913
4598.784733 0.058359
4600.914733 0.060938
4603.044733 0.066213
4605.174733 0.060724
4607.304733 0.064449
4609.434733 0.065172
4611.564733 0.065192
4613.694733 0.068854
4615.824733 0.061225
4617.954733 0.058915
4620.084733 0.057957
4622.214733 0.060103
4624.344733 0.065401
4626.474733 0.064880
4628.604733 0.067530
4630.734733 0.065481
4632.864733 0.062181
4634.994733 0.062092
4637.124733 0.065075
4639.254733 0.073113
4641.384733 0.063867
4643.514733 0.062411
4645.644733 0.058205
4647.774733 0.063405
4649.904733 0.062208
4652.034733 0.058498
4654.164733 0.064096
4656.294733 0.064136
4658.424733 0.060227
4660.554733 0.061440
4662.684733 0.061260
4664.814733 0.061326
4666.944733 0.062764
4669.074733 0.061344
4671.204733 0.060204
4673.334733 0.059797
4675.464733 0.065685
4677.594733 0.059774
4679.724733 0.055317
4681.854733 0.060132
4683.984733 0.062685
4686.114733 0.056183
4688.244733 0.059279
4690.374733 0.059339
4692.504733 0.058910
4694.634733 0.060459
4696.764733 0.063548
4698.894733 0.065067
4701.024733 0.061288
4703.154733 0.059852
4705.284733 0.061346
4707.414733 0.066595
4709.544733 0.062718
4711.674733 0.062706
4713.804733 0.055847
4715.934733 0.059116
4718.064733 0.059353
4720.194733 0.065044
4722.324733 0.069031
4724.454733 0.066629
4726.584733 0.056192
4728.714733 0.057021
4730.844733 0.057653
4732.974733 0.054890
4735.104733 0.053376
4737.234733 0.052180
4739.364733 0.055564
4741.494733 0.055553
4743.624733 0.059936
4745.754733 0.059138
4747.884733 0.055121
4750.014733 0.057587
4752.144733 0.055945
4754.274733 0.064578
4756.404733 0.063145
4758.534733 0.066850
4760.664733 0.064104
4762.794733 0.061162
4764.924733 0.062892
4767.054733 0.059594
4769.184733 0.056448
4771.314733 0.062893
4773.444733 0.060485
4775.574733 0.061874
4777.704733 0.060019
4779.834733 0.059453
4781.964733 0.057916
4784.094733 0.058442
4786.224733 0.063223
4788.354733 0.064131
4790.484733 0.058324
4792.614733 0.057722
4794.744733 0.057168
4796.874733 0.061489
4799.004733 0.064306
4801.134733 0.060164
4803.264733 0.058185
4805.394733 0.059914
4807.524733 0.060479
4809.654733 0.061137
4811.784733 0.064150
4813.914733 0.060843
4816.044733 0.061986
4818.174733 0.063110
4820.304733 0.064485
4822.434733 0.064171
4824.564733 0.061907
4826.694733 0.058037
4828.824733 0.059642
4830.954733 0.064332
4833.084733 0.061583
4835.214733 0.062001
4837.344733 0.062033
4839.474733 0.064261
4841.604733 0.063780
4843.734733 0.063721
4845.864733 0.064307
4847.994733 0.063043
4850.124733 0.061375
4852.254733 0.062318
4854.384733 0.052456
4856.514733 0.058404
4858.644733 0.090144
4860.774733 0.102207
4862.904733 0.099187
4865.034733 0.095534
4867.164733 0.073323
4869.294733 0.065044
4871.424733 0.054181
4873.554733 0.054975
4875.684733 0.052822
4877.814733 0.068574
4879.944733 0.067123
4882.074733 0.064230
4884.204733 0.065312
4886.334733 0.060346
4888.464733 0.058913
4890.594733 0.064209
4892.724733 0.064659
4894.854733 0.063985
4896.984733 0.063514
4899.114733 0.069832
4901.244733 0.062869
4903.374733 0.060987
4905.504733 0.062398
4907.634733 0.060495
4909.764733 0.057063
4911.894733 0.061343
4914.024733 0.054822
4916.154733 0.058423
4918.284733 0.059590
4920.414733 0.055239
4922.544733 0.059781
4924.674733 0.065662
4926.804733 0.064339
4928.934733 0.058012
4931.064733 0.060172
4933.194733 0.064330
4935.324733 0.061416
4937.454733 0.061608
4939.584733 0.060728
4941.714733 0.051750
4943.844733 0.052371
4945.974733 0.057301
4948.104733 0.050658
4950.234733 0.060128
4952.364733 0.068480
4954.494733 0.068577
4956.624733 0.072312
4958.754733 0.085760
4960.884733 0.089215
4963.014733 0.084442
4965.144733 0.075529
4967.274733 0.059586
4969.404733 0.055269
4971.534733 0.065904
4973.664733 0.062245
4975.794733 0.058507
4977.924733 0.055505
4980.054733 0.051627
4982.184733 0.052766
4984.314733 0.053795
4986.444733 0.059581
4988.574733 0.058333
4990.704733 0.054036
4992.834733 0.053468
4994.964733 0.050928
4997.094733 0.056808
4999.224733 0.059959
5001.354733 0.074674
5003.484733 0.098642
5005.614733 0.130848
5007.744733 0.140054
5009.874733 0.134093
5012.004733 0.098546
5014.134733 0.078666
5016.264733 0.080333
5018.394733 0.062636
5020.524733 0.051195
5022.654733 0.051697
5024.784733 0.066230
5026.914733 0.057549
5029.044733 0.049102
5031.174733 0.052141
5033.304733 0.057169
5035.434733 0.062803
5037.564733 0.064182
5039.694733 0.059196
5041.824733 0.058335
5043.954733 0.054143
5046.084733 0.062929
5048.214733 0.063481
5050.344733 0.064876
5052.474733 0.067891
5054.604733 0.062100
5056.734733 0.048428
5058.864733 0.058299
5060.994733 0.057969
5063.124733 0.058232
5065.254733 0.058494
5067.384733 0.058756
5069.514733 0.059018
5071.644733 0.068624
5073.774733 0.060987
