2811.244310 0.040914
2813.374310 0.038492
2815.504310 0.041097
2817.634310 0.041170
2819.764310 0.039991
2821.894310 0.037919
2824.024310 0.033850
2826.154310 0.034319
2828.284310 0.021799
2830.414310 0.034543
2832.544310 0.038373
2834.674310 0.033836
2836.804310 0.034845
2838.934310 0.037865
2841.064310 0.030781
2843.194310 0.029030
2845.324310 0.033329
2847.454310 0.030797
2849.584310 0.033093
2851.714310 0.030203
2853.844310 0.034383
2855.974310 0.035892
2858.104310 0.037549
2860.234310 0.041689
2862.364310 0.039370
2864.494310 0.036551
2866.624310 0.040411
2868.754310 0.047756
2870.884310 0.041171
2873.014310 0.039677
2875.144310 0.042790
2877.274310 0.037944
2879.404310 0.038844
2881.534310 0.038222
2883.664310 0.037743
2885.794310 0.030590
2887.924310 0.042779
2890.054310 0.047798
2892.184310 0.050526
2894.314310 0.035715
2896.444310 0.037226
2898.574310 0.037802
2900.704310 0.040458
2902.834310 0.046318
2904.964310 0.044076
2907.094310 0.045320
2909.224310 0.043988
2911.354310 0.041777
2913.484310 0.047126
2915.614310 0.044372
2917.744310 0.042120
2919.874310 0.039623
2922.004310 0.032095
2924.134310 0.035421
2926.264310 0.037041
2928.394310 0.036077
2930.524310 0.038940
2932.654310 0.042088
2934.784310 0.040937
2936.914310 0.042110
2939.044310 0.051649
2941.174310 0.045583
2943.304310 0.035592
2945.434310 0.039927
2947.564310 0.038806
2949.694310 0.041671
2951.824310 0.041770
2953.954310 0.046629
2956.084310 0.044043
2958.214310 0.045907
2960.344310 0.037527
2962.474310 0.038744
2964.604310 0.043715
2966.734310 0.041907
2968.864310 0.040978
2970.994310 0.044685
2973.124310 0.043535
2975.254310 0.043976
2977.384310 0.041438
2979.514310 0.043075
2981.644310 0.039746
2983.774310 0.031820
2985.904310 0.030445
2988.034310 0.034841
2990.164310 0.041401
2992.294310 0.036800
2994.424310 0.034512
2996.554310 0.037421
2998.684310 0.039101
3000.814310 0.047276
3002.944310 0.031931
3005.074310 0.029933
3007.204310 0.040993
3009.334310 0.035118
3011.464310 0.033913
3013.594310 0.037161
3015.724310 0.037323
3017.854310 0.033635
3019.984310 0.033981
3022.114310 0.038154
3024.244310 0.029761
3026.374310 0.036192
3028.504310 0.041266
3030.634310 0.033779
3032.764310 0.033717
3034.894310 0.036292
3037.024310 0.033983
3039.154310 0.029310
3041.284310 0.036411
3043.414310 0.041531
3045.544310 0.042074
3047.674310 0.040986
3049.804310 0.043106
3051.934310 0.041868
3054.064310 0.040926
3056.194310 0.045393
3058.324310 0.041602
3060.454310 0.039270
3062.584310 0.040900
3064.714310 0.043023
3066.844310 0.036184
3068.974310 0.038432
3071.104310 0.042419
3073.234310 0.041370
3075.364310 0.039685
3077.494310 0.036771
3079.624310 0.041567
3081.754310 0.042010
3083.884310 0.033775
3086.014310 0.038534
3088.144310 0.046572
3090.274310 0.048438
3092.404310 0.041185
3094.534310 0.036554
3096.664310 0.042718
3098.794310 0.041491
3100.924310 0.040564
3103.054310 0.039618
3105.184310 0.044855
3107.314310 0.039735
3109.444310 0.042829
3111.574310 0.043647
3113.704310 0.044638
3115.834310 0.047074
3117.964310 0.046394
3120.094310 0.043657
3122.224310 0.042427
3124.354310 0.038845
3126.484310 0.041219
3128.614310 0.050080
3130.744310 0.051329
3132.874310 0.043976
3135.004310 0.047069
3137.134310 0.046949
3139.264310 0.050124
3141.394310 0.042827
3143.524310 0.041070
3145.654310 0.047170
3147.784310 0.049103
3149.914310 0.051219
3152.044310 0.041999
3154.174310 0.048010
3156.304310 0.044382
3158.434310 0.045370
3160.564310 0.046540
3162.694310 0.047061
3164.824310 0.045448
3166.954310 0.036974
3169.084310 0.038786
3171.214310 0.047340
3173.344310 0.045203
3175.474310 0.046081
3177.604310 0.043840
3179.734310 0.049175
3181.864310 0.036624
3183.994310 0.030443
3186.124310 0.038756
3188.254310 0.044885
3190.384310 0.040168
3192.514310 0.039089
3194.644310 0.037830
3196.774310 0.038483
3198.904310 0.049092
3201.034310 0.043856
3203.164310 0.045072
3205.294310 0.044999
3207.424310 0.052966
3209.554310 0.043881
3211.684310 0.037465
3213.814310 0.044375
3215.944310 0.046479
3218.074310 0.047787
3220.204310 0.045556
3222.334310 0.042653
3224.464310 0.044262
3226.594310 0.050968
3228.724310 0.046172
3230.854310 0.044503
3232.984310 0.040206
3235.114310 0.039253
3237.244310 0.038525
3239.374310 0.039503
3241.504310 0.036501
3243.634310 0.034842
3245.764310 0.038159
3247.894310 0.038367
3250.024310 0.035688
3252.154310 0.044638
3254.284310 0.043465
3256.414310 0.041223
3258.544310 0.041037
3260.674310 0.044192
3262.804310 0.039814
3264.934310 0.043109
3267.064310 0.043523
3269.194310 0.046528
3271.324310 0.041116
3273.454310 0.035851
3275.584310 0.044055
3277.714310 0.049118
3279.844310 0.041358
3281.974310 0.036619
3284.104310 0.046043
3286.234310 0.050114
3288.364310 0.042758
3290.494310 0.048046
3292.624310 0.050397
3294.754310 0.048730
3296.884310 0.047324
3299.014310 0.052759
3301.144310 0.047562
3303.274310 0.041280
3305.404310 0.043178
3307.534310 0.045601
3309.664310 0.044590
3311.794310 0.041434
3313.924310 0.041502
3316.054310 0.045957
3318.184310 0.048159
3320.314310 0.050098
3322.444310 0.045418
3324.574310 0.042749
3326.704310 0.042168
3328.834310 0.040119
3330.964310 0.045615
3333.094310 0.045348
3335.224310 0.037344
3337.354310 0.040439
3339.484310 0.045421
3341.614310 0.047839
3343.744310 0.049324
3345.874310 0.044739
3348.004310 0.046020
3350.134310 0.046846
3352.264310 0.044169
3354.394310 0.041292
3356.524310 0.043903
3358.654310 0.042757
3360.784310 0.046897
3362.914310 0.048529
3365.044310 0.048287
3367.174310 0.044246
3369.304310 0.037312
3371.434310 0.045290
3373.564310 0.048365
3375.694310 0.046781
3377.824310 0.050764
3379.954310 0.052334
3382.084310 0.048788
3384.214310 0.043203
3386.344310 0.042362
3388.474310 0.048630
3390.604310 0.043542
3392.734310 0.045144
3394.864310 0.044804
3396.994310 0.044876
3399.124310 0.049614
3401.254310 0.044015
3403.384310 0.041262
3405.514310 0.036906
3407.644310 0.039333
3409.774310 0.048460
3411.904310 0.047415
3414.034310 0.048953
3416.164310 0.048216
3418.294310 0.049961
3420.424310 0.048619
3422.554310 0.045717
3424.684310 0.049520
3426.814310 0.052127
3428.944310 0.046169
3431.074310 0.040223
3433.204310 0.044666
3435.334310 0.048531
3437.464310 0.044649
3439.594310 0.039904
3441.724310 0.042177
3443.854310 0.043594
3445.984310 0.048167
3448.114310 0.050962
3450.244310 0.054875
3452.374310 0.045722
3454.504310 0.039451
3456.634310 0.049223
3458.764310 0.051729
3460.894310 0.044793
3463.024310 0.043865
3465.154310 0.041627
3467.284310 0.049274
3469.414310 0.047527
3471.544310 0.040844
3473.674310 0.038380
3475.804310 0.046318
3477.934310 0.046413
3480.064310 0.041883
3482.194310 0.050586
3484.324310 0.043304
3486.454310 0.037905
3488.584310 0.044319
3490.714310 0.055557
3492.844310 0.043858
3494.974310 0.042785
3497.104310 0.043213
3499.234310 0.047201
3501.364310 0.046165
3503.494310 0.049215
3505.624310 0.052334
3507.754310 0.049704
3509.884310 0.048783
3512.014310 0.054613
3514.144310 0.048478
3516.274310 0.050889
3518.404310 0.045255
3520.534310 0.044370
3522.664310 0.041849
3524.794310 0.041002
3526.924310 0.045724
3529.054310 0.051129
3531.184310 0.050885
3533.314310 0.051795
3535.444310 0.049680
3537.574310 0.053454
3539.704310 0.058272
3541.834310 0.051396
3543.964310 0.041527
3546.094310 0.050806
3548.224310 0.051318
3550.354310 0.051952
3552.484310 0.058848
3554.614310 0.059629
3556.744310 0.054051
3558.874310 0.047697
3561.004310 0.047478
3563.134310 0.054738
3565.264310 0.047984
3567.394310 0.038408
3569.524310 0.045845
3571.654310 0.048617
3573.784310 0.045440
3575.914310 0.050031
3578.044310 0.046584
3580.174310 0.045242
3582.304310 0.043376
3584.434310 0.043723
3586.564310 0.045406
3588.694310 0.050026
3590.824310 0.046640
3592.954310 0.042404
3595.084310 0.043954
3597.214310 0.045377
3599.344310 0.042480
3601.474310 0.046097
3603.604310 0.052165
3605.734310 0.049318
3607.864310 0.040476
3609.994310 0.045887
3612.124310 0.045305
3614.254310 0.045197
3616.384310 0.043208
3618.514310 0.044789
3620.644310 0.047323
3622.774310 0.052474
3624.904310 0.049663
3627.034310 0.042138
3629.164310 0.052016
3631.294310 0.055355
3633.424310 0.056009
3635.554310 0.047091
3637.684310 0.044597
3639.814310 0.057515
3641.944310 0.053621
3644.074310 0.050411
3646.204310 0.052004
3648.334310 0.043361
3650.464310 0.036104
3652.594310 0.045776
3654.724310 0.059493
3656.854310 0.060641
3658.984310 0.052044
3661.114310 0.049278
3663.244310 0.049599
3665.374310 0.045388
3667.504310 0.041986
3669.634310 0.047024
3671.764310 0.050057
3673.894310 0.049654
3676.024310 0.051444
3678.154310 0.049052
3680.284310 0.045611
3682.414310 0.046886
3684.544310 0.050719
3686.674310 0.051006
3688.804310 0.058633
3690.934310 0.059324
3693.064310 0.060421
3695.194310 0.050083
3697.324310 0.054384
3699.454310 0.056681
3701.584310 0.051511
3703.714310 0.050988
3705.844310 0.047755
3707.974310 0.043496
3710.104310 0.046997
3712.234310 0.055005
3714.364310 0.053673
3716.494310 0.053835
3718.624310 0.054103
3720.754310 0.057823
3722.884310 0.067874
3725.014310 0.090300
3727.144310 0.107464
3729.274310 0.112463
3731.404310 0.089861
3733.534310 0.064942
3735.664310 0.051550
3737.794310 0.056390
3739.924310 0.060813
3742.054310 0.062369
3744.184310 0.062559
3746.314310 0.053053
3748.444310 0.054265
3750.574310 0.051418
3752.704310 0.052786
3754.834310 0.051626
3756.964310 0.053719
3759.094310 0.058631
3761.224310 0.060517
3763.354310 0.061941
3765.484310 0.061497
3767.614310 0.062089
3769.744310 0.051738
3771.874310 0.052113
3774.004310 0.060603
3776.134310 0.060027
3778.264310 0.061192
3780.394310 0.061459
3782.524310 0.063315
3784.654310 0.077249
3786.784310 0.084170
3788.914310 0.077415
3791.044310 0.068791
3793.174310 0.066990
3795.304310 0.061916
3797.434310 0.048669
3799.564310 0.048952
3801.694310 0.053951
3803.824310 0.061735
3805.954310 0.065358
3808.084310 0.068995
3810.214310 0.077921
3812.344310 0.076647
3814.474310 0.072884
3816.604310 0.072994
3818.734310 0.070392
3820.864310 0.070403
3822.994310 0.073141
3825.124310 0.076025
3827.254310 0.070598
3829.384310 0.057184
3831.514310 0.054553
3833.644310 0.051740
3835.774310 0.051941
3837.904310 0.048185
3840.034310 0.049000
3842.164310 0.059337
3844.294310 0.062403
3846.424310 0.067836
3848.554310 0.072543
3850.684310 0.075386
3852.814310 0.074387
3854.944310 0.074434
3857.074310 0.069543
3859.204310 0.070932
3861.334310 0.072547
3863.464310 0.071182
3865.594310 0.077555
3867.724310 0.079983
3869.854310 0.073410
3871.984310 0.071623
3874.114310 0.070423
3876.244310 0.075761
3878.374310 0.076586
3880.504310 0.070005
3882.634310 0.073019
3884.764310 0.074897
3886.894310 0.066195
3889.024310 0.056947
3891.154310 0.057151
3893.284310 0.058092
3895.414310 0.055319
3897.544310 0.065984
3899.674310 0.074397
3901.804310 0.074807
3903.934310 0.074556
3906.064310 0.070336
3908.194310 0.078858
3910.324310 0.081390
3912.454310 0.074176
3914.584310 0.076929
3916.714310 0.083467
3918.844310 0.085356
3920.974310 0.085335
3923.104310 0.081997
3925.234310 0.079068
3927.364310 0.067131
3929.494310 0.058510
3931.624310 0.054906
3933.754310 0.050906
3935.884310 0.046536
3938.014310 0.055705
3940.144310 0.068593
3942.274310 0.074703
3944.404310 0.074001
3946.534310 0.079584
3948.664310 0.082188
3950.794310 0.074572
3952.924310 0.074357
3955.054310 0.075078
3957.184310 0.069704
3959.314310 0.076484
3961.444310 0.075143
3963.574310 0.061300
3965.704310 0.050422
3967.834310 0.039765
3969.964310 0.041063
3972.094310 0.052932
3974.224310 0.057516
3976.354310 0.052282
3978.484310 0.063993
3980.614310 0.074453
3982.744310 0.075656
3984.874310 0.073841
3987.004310 0.078710
3989.134310 0.084886
3991.264310 0.087473
3993.394310 0.087000
3995.524310 0.082546
3997.654310 0.082924
3999.784310 0.083888
4001.914310 0.085606
4004.044310 0.082144
4006.174310 0.085273
4008.304310 0.090961
4010.434310 0.091274
4012.564310 0.091339
4014.694310 0.095590
4016.824310 0.092885
4018.954310 0.084869
4021.084310 0.082352
4023.214310 0.083264
4025.344310 0.085802
4027.474310 0.082725
4029.604310 0.080099
4031.734310 0.080619
4033.864310 0.082717
4035.994310 0.086580
4038.124310 0.090130
4040.254310 0.091464
4042.384310 0.086910
4044.514310 0.088021
4046.644310 0.084604
4048.774310 0.087784
4050.904310 0.094779
4053.034310 0.098887
4055.164310 0.097748
4057.294310 0.095530
4059.424310 0.099435
4061.554310 0.094795
4063.684310 0.088604
4065.814310 0.085776
4067.944310 0.083494
4070.074310 0.084999
4072.204310 0.085991
4074.334310 0.085280
4076.464310 0.083604
4078.594310 0.083260
4080.724310 0.088947
4082.854310 0.087194
4084.984310 0.086070
4087.114310 0.092404
4089.244310 0.095149
4091.374310 0.085459
4093.504310 0.077732
4095.634310 0.069737
4097.764310 0.059397
4099.894310 0.059696
4102.024310 0.063543
4104.154310 0.066717
4106.284310 0.069810
4108.414310 0.069836
4110.544310 0.069915
4112.674310 0.078192
4114.804310 0.086270
4116.934310 0.086060
4119.064310 0.083077
4121.194310 0.082611
4123.324310 0.085765
4125.454310 0.085190
4127.584310 0.082214
4129.714310 0.084481
4131.844310 0.083103
4133.974310 0.082423
4136.104310 0.087749
4138.234310 0.095066
4140.364310 0.093807
4142.494310 0.087627
4144.624310 0.092492
4146.754310 0.089277
4148.884310 0.080296
4151.014310 0.078909
4153.144310 0.083804
4155.274310 0.084679
4157.404310 0.085193
4159.534310 0.092305
4161.664310 0.092658
4163.794310 0.091833
4165.924310 0.090564
4168.054310 0.091496
4170.184310 0.087423
4172.314310 0.083307
4174.444310 0.093273
4176.574310 0.093275
4178.704310 0.083337
4180.834310 0.081504
4182.964310 0.082053
4185.094310 0.089734
4187.224310 0.092982
4189.354310 0.086231
4191.484310 0.086110
4193.614310 0.088577
4195.744310 0.081521
4197.874310 0.081412
4200.004310 0.074233
4202.134310 0.071897
4204.264310 0.079998
4206.394310 0.080012
4208.524310 0.080458
4210.654310 0.086158
4212.784310 0.080621
4214.914310 0.076655
4217.044310 0.077688
4219.174310 0.078289
4221.304310 0.078509
4223.434310 0.076984
4225.564310 0.080101
4227.694310 0.084492
4229.824310 0.088821
4231.954310 0.093611
4234.084310 0.091793
4236.214310 0.088205
4238.344310 0.086003
4240.474310 0.082030
4242.604310 0.080765
4244.734310 0.088792
4246.864310 0.094416
4248.994310 0.089056
4251.124310 0.080344
4253.254310 0.088762
4255.384310 0.090613
4257.514310 0.085862
4259.644310 0.085188
4261.774310 0.082863
4263.904310 0.087008
4266.034310 0.100208
4268.164310 0.093839
4270.294310 0.083051
4272.424310 0.087034
4274.554310 0.085805
4276.684310 0.081278
4278.814310 0.082051
4280.944310 0.085970
4283.074310 0.089270
4285.204310 0.086669
4287.334310 0.084039
4289.464310 0.086602
4291.594310 0.086571
4293.724310 0.087852
4295.854310 0.090014
4297.984310 0.084372
4300.114310 0.080950
4302.244310 0.079989
4304.374310 0.078555
4306.504310 0.080182
4308.634310 0.079092
4310.764310 0.085048
4312.894310 0.089733
4315.024310 0.089551
4317.154310 0.094015
4319.284310 0.094954
4321.414310 0.088844
4323.544310 0.086567
4325.674310 0.085589
4327.804310 0.084075
4329.934310 0.082029
4332.064310 0.078886
4334.194310 0.080439
4336.324310 0.087843
4338.454310 0.089036
4340.584310 0.085386
4342.714310 0.087313
4344.844310 0.084862
4346.974310 0.078990
4349.104310 0.078356
4351.234310 0.083903
4353.364310 0.090186
4355.494310 0.089903
4357.624310 0.085891
4359.754310 0.087607
4361.884310 0.094049
4364.014310 0.097569
4366.144310 0.095275
4368.274310 0.089779
4370.404310 0.089940
4372.534310 0.091553
4374.664310 0.082737
4376.794310 0.084484
4378.924310 0.089975
4381.054310 0.090804
4383.184310 0.095084
4385.314310 0.092725
4387.444310 0.086173
4389.574310 0.088144
4391.704310 0.091706
4393.834310 0.087179
4395.964310 0.084187
4398.094310 0.091369
4400.224310 0.093610
4402.354310 0.093564
4404.484310 0.087069
4406.614310 0.080551
4408.744310 0.083651
4410.874310 0.092151
4413.004310 0.090571
4415.134310 0.094189
4417.264310 0.097535
4419.394310 0.097914
4421.524310 0.094153
4423.654310 0.097311
4425.784310 0.104673
4427.914310 0.104701
4430.044310 0.101075
4432.174310 0.094017
4434.304310 0.091046
4436.434310 0.097819
4438.564310 0.097842
4440.694310 0.091020
4442.824310 0.090383
4444.954310 0.101436
4447.084310 0.104919
4449.214310 0.105088
4451.344310 0.099468
4453.474310 0.101228
4455.604310 0.098774
4457.734310 0.100347
4459.864310 0.100342
4461.994310 0.092030
4464.124310 0.097648
4466.254310 0.096137
4468.384310 0.093987
4470.514310 0.094870
4472.644310 0.098339
4474.774310 0.097522
4476.904310 0.092937
4479.034310 0.088339
4481.164310 0.087509
4483.294310 0.088927
4485.424310 0.086392
4487.554310 0.082122
4489.684310 0.091888
4491.814310 0.102019
4493.944310 0.097490
4496.074310 0.096147
4498.204310 0.096435
4500.334310 0.091820
4502.464310 0.098894
4504.594310 0.096512
4506.724310 0.095262
4508.854310 0.098002
4510.984310 0.101132
4513.114310 0.090564
4515.244310 0.081718
4517.374310 0.088668
4519.504310 0.101519
4521.634310 0.100743
4523.764310 0.095452
4525.894310 0.095653
4528.024310 0.091647
4530.154310 0.087804
4532.284310 0.093047
4534.414310 0.089609
4536.544310 0.093614
4538.674310 0.101424
4540.804310 0.093531
4542.934310 0.088342
4545.064310 0.087474
4547.194310 0.081995
4549.324310 0.084262
4551.454310 0.089177
4553.584310 0.090928
4555.714310 0.092636
4557.844310 0.084949
4559.974310 0.091960
4562.104310 0.099089
4564.234310 0.090923
4566.364310 0.094147
4568.494310 0.092051
4570.624310 0.084912
4572.754310 0.093672
4574.884310 0.098508
4577.014310 0.094989
4579.144310 0.097783
4581.274310 0.096014
4583.404310 0.094089
4585.534310 0.090270
4587.664310 0.087304
4589.794310 0.093287
4591.924310 0.089325
4594.054310 0.083400
4596.184310 0.094480
4598.314310 0.093673
4600.444310 0.087624
4602.574310 0.089189
4604.704310 0.092367
4606.834310 0.094563
4608.964310 0.102302
4611.094310 0.103997
4613.224310 0.102813
4615.354310 0.098939
4617.484310 0.087387
4619.614310 0.086796
4621.744310 0.089496
4623.874310 0.090054
4626.004310 0.093729
4628.134310 0.104953
4630.264310 0.103422
4632.394310 0.094949
4634.524310 0.095816
4636.654310 0.092335
4638.784310 0.089769
4640.914310 0.085021
4643.044310 0.087062
4645.174310 0.095198
4647.304310 0.089289
4649.434310 0.084573
4651.564310 0.084428
4653.694310 0.103740
4655.824310 0.104736
4657.954310 0.093490
4660.084310 0.101233
4662.214310 0.096902
4664.344310 0.090586
4666.474310 0.093538
4668.604310 0.096429
4670.734310 0.099594
4672.864310 0.096744
4674.994310 0.094800
4677.124310 0.091303
4679.254310 0.081286
4681.384310 0.095625
4683.514310 0.101351
4685.644310 0.099055
4687.774310 0.091157
4689.904310 0.097037
4692.034310 0.099346
4694.164310 0.094852
4696.294310 0.101509
4698.424310 0.094214
4700.554310 0.090259
4702.684310 0.092235
4704.814310 0.090172
4706.944310 0.085351
4709.074310 0.082401
4711.204310 0.091301
4713.334310 0.092943
4715.464310 0.096423
4717.594310 0.093790
4719.724310 0.098141
4721.854310 0.100214
4723.984310 0.097892
4726.114310 0.094331
4728.244310 0.098648
4730.374310 0.093346
4732.504310 0.096158
4734.634310 0.093954
4736.764310 0.096462
4738.894310 0.103592
4741.024310 0.094312
4743.154310 0.099405
4745.284310 0.103184
4747.414310 0.093705
4749.544310 0.102961
4751.674310 0.100394
4753.804310 0.089073
4755.934310 0.093064
4758.064310 0.080803
4760.194310 0.094269
4762.324310 0.095802
4764.454310 0.095055
4766.584310 0.094400
4768.714310 0.098920
4770.844310 0.093448
4772.974310 0.088309
4775.104310 0.098709
4777.234310 0.095184
4779.364310 0.090123
4781.494310 0.095963
4783.624310 0.098730
4785.754310 0.096380
4787.884310 0.089170
4790.014310 0.089749
4792.144310 0.088313
4794.274310 0.099704
4796.404310 0.102080
4798.534310 0.093888
4800.664310 0.077565
4802.794310 0.090182
4804.924310 0.098119
4807.054310 0.091145
4809.184310 0.088315
4811.314310 0.094342
4813.444310 0.097440
4815.574310 0.107523
4817.704310 0.102643
4819.834310 0.100858
4821.964310 0.094261
4824.094310 0.092879
4826.224310 0.100760
4828.354310 0.114640
4830.484310 0.094875
4832.614310 0.088439
4834.744310 0.096489
4836.874310 0.100467
4839.004310 0.105653
4841.134310 0.101769
4843.264310 0.093463
4845.394310 0.086605
4847.524310 0.093747
4849.654310 0.103353
4851.784310 0.097335
4853.914310 0.089809
4856.044310 0.089639
4858.174310 0.112318
4860.304310 0.128992
4862.434310 0.129579
4864.564310 0.114440
4866.694310 0.104496
4868.824310 0.094860
4870.954310 0.093645
4873.084310 0.092788
4875.214310 0.092925
4877.344310 0.098769
4879.474310 0.096239
4881.604310 0.091847
4883.734310 0.098592
4885.864310 0.100971
4887.994310 0.097132
4890.124310 0.091512
4892.254310 0.096578
4894.384310 0.105520
4896.514310 0.104679
4898.644310 0.110861
4900.774310 0.091439
4902.904310 0.086515
4905.034310 0.094931
4907.164310 0.093972
4909.294310 0.110691
4911.424310 0.100553
4913.554310 0.100338
4915.684310 0.094410
4917.814310 0.092854
4919.944310 0.093625
4922.074310 0.102831
4924.204310 0.101238
4926.334310 0.099469
4928.464310 0.095517
4930.594310 0.098096
4932.724310 0.106070
4934.854310 0.103087
4936.984310 0.094392
4939.114310 0.099855
4941.244310 0.103511
4943.374310 0.100112
4945.504310 0.092493
4947.634310 0.099876
4949.764310 0.093472
4951.894310 0.100115
4954.024310 0.097700
4956.154310 0.092195
4958.284310 0.097226
4960.414310 0.102253
4962.544310 0.108354
4964.674310 0.095128
4966.804310 0.090842
4968.934310 0.092032
4971.064310 0.097514
4973.194310 0.103408
4975.324310 0.104041
4977.454310 0.102197
4979.584310 0.096993
4981.714310 0.093565
4983.844310 0.094745
4985.974310 0.101826
4988.104310 0.097712
4990.234310 0.096814
4992.364310 0.100924
4994.494310 0.103680
4996.624310 0.105130
4998.754310 0.110425
5000.884310 0.101721
5003.014310 0.096531
5005.144310 0.097483
5007.274310 0.102869
5009.404310 0.115299
5011.534310 0.104280
5013.664310 0.093405
5015.794310 0.096792
5017.924310 0.102452
5020.054310 0.099282
5022.184310 0.099735
5024.314310 0.097347
5026.444310 0.098644
5028.574310 0.094759
5030.704310 0.090714
5032.834310 0.092030
5034.964310 0.097269
5037.094310 0.097865
5039.224310 0.087220
5041.354310 0.090546
5043.484310 0.091882
5045.614310 0.095393
5047.744310 0.095360
5049.874310 0.100397
