 2489.00    0.09122
 2490.00    0.21229
 2491.00    0.21229
 2492.00    0.09423
 2493.00    0.07047
 2494.00    0.09782
 2495.00    0.18656
 2496.00    0.18656
 2497.00    0.17975
 2498.00    0.17589
 2499.00    0.17765
 2500.00    0.21815
 2501.00    0.21815
 2502.00    0.20226
 2503.00    0.18240
 2504.00    0.18240
 2505.00    0.12268
 2506.00    0.11195
 2507.00    0.10623
 2508.00    0.08913
 2509.00    0.08913
 2510.00    0.09300
 2511.00    0.09506
 2512.00    0.09423
 2513.00    0.08048
 2514.00    0.08048
 2515.00    0.09599
 2516.00    0.11424
 2517.00    0.11424
 2518.00    0.04849
 2519.00    0.03804
 2520.00    0.04986
 2521.00    0.08255
 2522.00    0.08255
 2523.00    0.09512
 2524.00    0.10135
 2525.00    0.10096
 2526.00    0.09599
 2527.00    0.09599
 2528.00    0.09045
 2529.00    0.08433
 2530.00    0.08433
 2531.00    0.08464
 2532.00    0.08469
 2533.00    0.08567
 2534.00    0.08818
 2535.00    0.08818
 2536.00    0.07713
 2537.00    0.07201
 2538.00    0.06647
 2539.00    0.00785
 2540.00    0.00785
 2541.00    0.01525
 2542.00    0.02295
 2543.00    0.02295
 2544.00    0.10386
 2545.00    0.11360
 2546.00    0.13134
 2547.00    0.17364
 2548.00    0.17364
 2549.00    0.14524
 2550.00    0.13300
 2551.00    0.12983
 2552.00    0.10184
 2553.00    0.10184
 2554.00    0.08391
 2555.00    0.06630
 2556.00    0.06630
 2557.00    0.10067
 2558.00    0.10417
 2559.00    0.11287
 2560.00    0.13218
 2561.00    0.13218
 2562.00    0.12327
 2563.00    0.11970
 2564.00    0.11467
 2565.00    0.07661
 2566.00    0.07661
 2567.00    0.05735
 2568.00    0.03954
 2569.00    0.03954
 2570.00    0.06935
 2571.00    0.07185
 2572.00    0.07038
 2573.00    0.06736
 2574.00    0.06736
 2575.00    0.07866
 2576.00    0.08287
 2577.00    0.08542
 2578.00    0.10227
 2579.00    0.10227
 2580.00    0.07360
 2581.00    0.04864
 2582.00    0.04864
 2583.00    0.01824
 2584.00    0.01622
 2585.00    0.00448
 2586.00   -0.01826
 2587.00   -0.01826
 2588.00    0.06165
 2589.00    0.08919
 2590.00    0.09334
 2591.00    0.11748
 2592.00    0.11748
 2593.00    0.13996
 2594.00    0.15837
 2595.00    0.15837
 2596.00    0.09809
 2597.00    0.09509
 2598.00    0.07463
 2599.00    0.03754
 2600.00    0.03754
 2601.00    0.04352
 2602.00    0.04542
 2603.00    0.05442
 2604.00    0.10110
 2605.00    0.10110
 2606.00    0.08245
 2607.00    0.06807
 2608.00    0.06807
 2609.00    0.02827
 2610.00    0.02694
 2611.00    0.03728
 2612.00    0.05483
 2613.00    0.05483
 2614.00    0.09877
 2615.00    0.11164
 2616.00    0.10567
 2617.00    0.07784
 2618.00    0.07784
 2619.00    0.08711
 2620.00    0.09384
 2621.00    0.09384
 2622.00    0.17845
 2623.00    0.17997
 2624.00    0.15532
 2625.00    0.11608
 2626.00    0.11608
 2627.00    0.09338
 2628.00    0.08729
 2629.00    0.08693
 2630.00    0.08537
 2631.00    0.08537
 2632.00    0.10523
 2633.00    0.11877
 2634.00    0.11877
 2635.00    0.19350
 2636.00    0.19368
 2637.00    0.19446
 2638.00    0.19562
 2639.00    0.19562
 2640.00    0.16309
 2641.00    0.15514
 2642.00    0.14202
 2643.00    0.09162
 2644.00    0.09162
 2645.00    0.11483
 2646.00    0.12969
 2647.00    0.13077
 2648.00    0.21461
 2649.00    0.21461
 2650.00    0.18337
 2651.00    0.13942
 2652.00    0.13942
 2653.00    0.17625
 2654.00    0.18441
 2655.00    0.17801
 2656.00    0.15555
 2657.00    0.15555
 2658.00    0.15495
 2659.00    0.15459
 2660.00    0.15436
 2661.00    0.14629
 2662.00    0.14629
 2663.00    0.13012
 2664.00    0.10874
 2665.00    0.10874
 2666.00    0.16779
 2667.00    0.17959
 2668.00    0.17044
 2669.00    0.14095
 2670.00    0.14095
 2671.00    0.18724
 2672.00    0.21332
 2673.00    0.21155
 2674.00    0.17152
 2675.00    0.17152
 2676.00    0.17337
 2677.00    0.17568
 2678.00    0.17568
 2679.00    0.15951
 2680.00    0.15662
 2681.00    0.15696
 2682.00    0.15795
 2683.00    0.15795
 2684.00    0.12085
 2685.00    0.10129
 2686.00    0.10359
 2687.00    0.14131
 2688.00    0.14131
 2689.00    0.12095
 2690.00    0.09710
 2691.00    0.09710
 2692.00    0.10394
 2693.00    0.10502
 2694.00    0.10330
 2695.00    0.09857
 2696.00    0.09857
 2697.00    0.12436
 2698.00    0.13709
 2699.00    0.13992
 2700.00    0.17600
 2701.00    0.17600
 2702.00    0.16881
 2703.00    0.16087
 2704.00    0.16087
 2705.00    0.14325
 2706.00    0.14081
 2707.00    0.13792
 2708.00    0.13054
 2709.00    0.13054
 2710.00    0.11557
 2711.00    0.10866
 2712.00    0.10455
 2713.00    0.06173
 2714.00    0.06173
 2715.00    0.08326
 2716.00    0.10561
 2717.00    0.10561
 2718.00    0.05511
 2719.00    0.04910
 2720.00    0.06626
 2721.00    0.10695
 2722.00    0.10695
 2723.00    0.06239
 2724.00    0.04327
 2725.00    0.04682
 2726.00    0.07796
 2727.00    0.07796
 2728.00    0.11827
 2729.00    0.15768
 2730.00    0.15768
 2731.00    0.10967
 2732.00    0.10484
 2733.00    0.11518
 2734.00    0.13801
 2735.00    0.13801
 2736.00    0.09515
 2737.00    0.07803
 2738.00    0.08136
 2739.00    0.10632
 2740.00    0.10632
 2741.00    0.11729
 2742.00    0.12739
 2743.00    0.12739
 2744.00    0.11368
 2745.00    0.11255
 2746.00    0.12052
 2747.00    0.13696
 2748.00    0.13696
 2749.00    0.14017
 2750.00    0.14136
 2751.00    0.13524
 2752.00    0.09528
 2753.00    0.09528
 2754.00    0.13918
 2755.00    0.17723
 2756.00    0.17723
 2757.00    0.13019
 2758.00    0.12711
 2759.00    0.13451
 2760.00    0.14876
 2761.00    0.14876
 2762.00    0.14825
 2763.00    0.14808
 2764.00    0.15578
 2765.00    0.20035
 2766.00    0.20035
 2767.00    0.15858
 2768.00    0.12451
 2769.00    0.12451
 2770.00    0.15493
 2771.00    0.15641
 2772.00    0.14720
 2773.00    0.13056
 2774.00    0.13056
 2775.00    0.13027
 2776.00    0.13018
 2777.00    0.12320
 2778.00    0.08726
 2779.00    0.08726
 2780.00    0.14698
 2781.00    0.19287
 2782.00    0.19287
 2783.00    0.11942
 2784.00    0.11705
 2785.00    0.10818
 2786.00    0.09318
 2787.00    0.09318
 2788.00    0.13226
 2789.00    0.14364
 2790.00    0.13562
 2791.00    0.09852
 2792.00    0.09852
 2793.00    0.09013
 2794.00    0.08407
 2795.00    0.08407
 2796.00    0.08565
 2797.00    0.08567
 2798.00    0.07336
 2799.00    0.05385
 2800.00    0.05385
 2801.00    0.09602
 2802.00    0.10726
 2803.00    0.10424
 2804.00    0.09160
 2805.00    0.09160
 2806.00    0.09464
 2807.00    0.09670
 2808.00    0.09670
 2809.00    0.13264
 2810.00    0.13269
 2811.00    0.14863
 2812.00    0.17237
 2813.00    0.17237
 2814.00    0.16745
 2815.00    0.16625
 2816.00    0.16291
 2817.00    0.15013
 2818.00    0.15013
 2819.00    0.16016
 2820.00    0.16656
 2821.00    0.16558
 2822.00    0.09512
 2823.00    0.09512
 2824.00    0.10659
 2825.00    0.12266
 2826.00    0.12266
 2827.00    0.16009
 2828.00    0.16833
 2829.00    0.17705
 2830.00    0.20752
 2831.00    0.20752
 2832.00    0.16463
 2833.00    0.13895
 2834.00    0.14037
 2835.00    0.18832
 2836.00    0.18832
 2837.00    0.15965
 2838.00    0.12190
 2839.00    0.12190
 2840.00    0.17599
 2841.00    0.18673
 2842.00    0.17211
 2843.00    0.12525
 2844.00    0.12525
 2845.00    0.15226
 2846.00    0.16741
 2847.00    0.16731
 2848.00    0.16493
 2849.00    0.16493
 2850.00    0.13789
 2851.00    0.10442
 2852.00    0.10442
 2853.00    0.11877
 2854.00    0.12131
 2855.00    0.13161
 2856.00    0.16209
 2857.00    0.16209
 2858.00    0.15930
 2859.00    0.15784
 2860.00    0.15689
 2861.00    0.14174
 2862.00    0.14174
 2863.00    0.15363
 2864.00    0.16751
 2865.00    0.16751
 2866.00    0.16058
 2867.00    0.15950
 2868.00    0.16556
 2869.00    0.18216
 2870.00    0.18216
 2871.00    0.17275
 2872.00    0.16812
 2873.00    0.16846
 2874.00    0.17262
 2875.00    0.17262
 2876.00    0.15849
 2877.00    0.14297
 2878.00    0.14297
 2879.00    0.14506
 2880.00    0.14534
 2881.00    0.15538
 2882.00    0.18086
 2883.00    0.18086
 2884.00    0.18308
 2885.00    0.18410
 2886.00    0.18320
 2887.00    0.17397
 2888.00    0.17397
 2889.00    0.16963
 2890.00    0.16514
 2891.00    0.16514
 2892.00    0.17831
 2893.00    0.17987
 2894.00    0.17968
 2895.00    0.17922
 2896.00    0.17922
 2897.00    0.17513
 2898.00    0.17338
 2899.00    0.16907
 2900.00    0.13178
 2901.00    0.13178
 2902.00    0.15222
 2903.00    0.17212
 2904.00    0.17212
 2905.00    0.17003
 2906.00    0.16982
 2907.00    0.17493
 2908.00    0.18617
 2909.00    0.18617
 2910.00    0.17282
 2911.00    0.16751
 2912.00    0.16907
 2913.00    0.18062
 2914.00    0.18062
 2915.00    0.17522
 2916.00    0.17027
 2917.00    0.17027
 2918.00    0.18263
 2919.00    0.18364
 2920.00    0.19187
 2921.00    0.20876
 2922.00    0.20876
 2923.00    0.22981
 2924.00    0.23758
 2925.00    0.23396
 2926.00    0.21050
 2927.00    0.21050
 2928.00    0.19286
 2929.00    0.17763
 2930.00    0.17763
 2931.00    0.17843
 2932.00    0.17848
 2933.00    0.19194
 2934.00    0.21774
 2935.00    0.21774
 2936.00    0.20941
 2937.00    0.20657
 2938.00    0.21057
 2939.00    0.23354
 2940.00    0.23354
 2941.00    0.24192
 2942.00    0.24874
 2943.00    0.24874
 2944.00    0.23084
 2945.00    0.22998
 2946.00    0.22712
 2947.00    0.22198
 2948.00    0.22198
 2949.00    0.22237
 2950.00    0.22250
 2951.00    0.21130
 2952.00    0.15401
 2953.00    0.15401
 2954.00    0.17692
 2955.00    0.19445
 2956.00    0.19445
 2957.00    0.17510
 2958.00    0.17450
 2959.00    0.17514
 2960.00    0.17621
 2961.00    0.17621
 2962.00    0.15600
 2963.00    0.15015
 2964.00    0.15425
 2965.00    0.17312
 2966.00    0.17312
 2967.00    0.18963
 2968.00    0.20151
 2969.00    0.20151
 2970.00    0.17308
 2971.00    0.17264
 2972.00    0.16978
 2973.00    0.16526
 2974.00    0.16526
 2975.00    0.18873
 2976.00    0.19495
 2977.00    0.19023
 2978.00    0.17057
 2979.00    0.17057
 2980.00    0.17813
 2981.00    0.18323
 2982.00    0.18323
 2983.00    0.22649
 2984.00    0.22651
 2985.00    0.21128
 2986.00    0.18867
 2987.00    0.18867
 2988.00    0.16072
 2989.00    0.15398
 2990.00    0.15633
 2991.00    0.16523
 2992.00    0.16523
 2993.00    0.18640
 2994.00    0.19983
 2995.00    0.19936
 2996.00    0.16785
 2997.00    0.16785
 2998.00    0.16967
 2999.00    0.17221
 3000.00    0.17221
 3001.00    0.14860
 3002.00    0.14344
 3003.00    0.15179
 3004.00    0.18077
 3005.00    0.18077
 3006.00    0.16151
 3007.00    0.15002
 3008.00    0.15033
 3009.00    0.16029
 3010.00    0.16029
 3011.00    0.15815
 3012.00    0.15535
 3013.00    0.15535
 3014.00    0.15652
 3015.00    0.15675
 3016.00    0.16407
 3017.00    0.18739
 3018.00    0.18739
 3019.00    0.17901
 3020.00    0.17432
 3021.00    0.17482
 3022.00    0.18557
 3023.00    0.18557
 3024.00    0.20936
 3025.00    0.23869
 3026.00    0.23869
 3027.00    0.18028
 3028.00    0.17001
 3029.00    0.17514
 3030.00    0.19025
 3031.00    0.19025
 3032.00    0.20462
 3033.00    0.21213
 3034.00    0.21319
 3035.00    0.23001
 3036.00    0.23001
 3037.00    0.20512
 3038.00    0.17620
 3039.00    0.17620
 3040.00    0.24589
 3041.00    0.25670
 3042.00    0.25615
 3043.00    0.25467
 3044.00    0.25467
 3045.00    0.22941
 3046.00    0.21706
 3047.00    0.21374
 3048.00    0.17258
 3049.00    0.17258
 3050.00    0.18115
 3051.00    0.19052
 3052.00    0.19052
 3053.00    0.22311
 3054.00    0.22753
 3055.00    0.21666
 3056.00    0.18924
 3057.00    0.18924
 3058.00    0.22380
 3059.00    0.23959
 3060.00    0.24205
 3061.00    0.26710
 3062.00    0.26710
 3063.00    0.26034
 3064.00    0.25339
 3065.00    0.25339
 3066.00    0.25355
 3067.00    0.25357
 3068.00    0.25716
 3069.00    0.26558
 3070.00    0.26558
 3071.00    0.24813
 3072.00    0.24072
 3073.00    0.23792
 3074.00    0.21398
 3075.00    0.21398
 3076.00    0.19760
 3077.00    0.18172
 3078.00    0.18172
 3079.00    0.23114
 3080.00    0.23599
 3081.00    0.23271
 3082.00    0.22552
 3083.00    0.22552
 3084.00    0.23965
 3085.00    0.24523
 3086.00    0.25035
 3087.00    0.28799
 3088.00    0.28799
 3089.00    0.25982
 3090.00    0.23407
 3091.00    0.23407
 3092.00    0.21468
 3093.00    0.21312
 3094.00    0.19306
 3095.00    0.15206
 3096.00    0.15206
 3097.00    0.18282
 3098.00    0.19412
 3099.00    0.19909
 3100.00    0.23104
 3101.00    0.23104
 3102.00    0.23507
 3103.00    0.23854
 3104.00    0.23854
 3105.00    0.25199
 3106.00    0.25284
 3107.00    0.25255
 3108.00    0.25199
 3109.00    0.25199
 3110.00    0.25639
 3111.00    0.25788
 3112.00    0.25508
 3113.00    0.23915
 3114.00    0.23915
 3115.00    0.24138
 3116.00    0.24319
 3117.00    0.24319
 3118.00    0.23621
 3119.00    0.23588
 3120.00    0.23507
 3121.00    0.23361
 3122.00    0.23361
 3123.00    0.23999
 3124.00    0.24199
 3125.00    0.24188
 3126.00    0.24137
 3127.00    0.24137
 3128.00    0.21489
 3129.00    0.19472
 3130.00    0.19472
 3131.00    0.21245
 3132.00    0.21299
 3133.00    0.21989
 3134.00    0.23147
 3135.00    0.23147
 3136.00    0.25119
 3137.00    0.25686
 3138.00    0.25230
 3139.00    0.23148
 3140.00    0.23148
 3141.00    0.24484
 3142.00    0.25442
 3143.00    0.25442
 3144.00    0.23290
 3145.00    0.23259
 3146.00    0.22835
 3147.00    0.22170
 3148.00    0.22170
 3149.00    0.23304
 3150.00    0.23602
 3151.00    0.23894
 3152.00    0.25103
 3153.00    0.25103
 3154.00    0.24217
 3155.00    0.23621
 3156.00    0.23620
 3157.00    0.21684
 3158.00    0.21684
 3159.00    0.21450
 3160.00    0.21104
 3161.00    0.21104
 3162.00    0.17249
 3163.00    0.16325
 3164.00    0.16949
 3165.00    0.19306
 3166.00    0.19306
 3167.00    0.23182
 3168.00    0.25631
 3169.00    0.25632
 3170.00    0.25738
 3171.00    0.25738
 3172.00    0.24228
 3173.00    0.22129
 3174.00    0.22129
 3175.00    0.22483
 3176.00    0.22560
 3177.00    0.21908
 3178.00    0.19655
 3179.00    0.19655
 3180.00    0.19063
 3181.00    0.18711
 3182.00    0.18881
 3183.00    0.24237
 3184.00    0.24237
 3185.00    0.27063
 3186.00    0.30754
 3187.00    0.30754
 3188.00    0.25805
 3189.00    0.24837
 3190.00    0.24315
 3191.00    0.22660
 3192.00    0.22660
 3193.00    0.25354
 3194.00    0.26853
 3195.00    0.26572
 3196.00    0.20674
 3197.00    0.20674
 3198.00    0.21683
 3199.00    0.22923
 3200.00    0.22923
 3201.00    0.26917
 3202.00    0.27613
 3203.00    0.26783
 3204.00    0.24353
 3205.00    0.24353
 3206.00    0.24406
 3207.00    0.24435
 3208.00    0.24084
 3209.00    0.18652
 3210.00    0.18652
 3211.00    0.21036
 3212.00    0.23795
 3213.00    0.23795
 3214.00    0.22480
 3215.00    0.22277
 3216.00    0.22252
 3217.00    0.22182
 3218.00    0.22182
 3219.00    0.23709
 3220.00    0.24453
 3221.00    0.24786
 3222.00    0.28849
 3223.00    0.28849
 3224.00    0.29232
 3225.00    0.29649
 3226.00    0.29649
 3227.00    0.24966
 3228.00    0.24337
 3229.00    0.22841
 3230.00    0.19082
 3231.00    0.19082
 3232.00    0.23359
 3233.00    0.25303
 3234.00    0.24931
 3235.00    0.21197
 3236.00    0.21197
 3237.00    0.22150
 3238.00    0.23128
 3239.00    0.23128
 3240.00    0.25664
 3241.00    0.25957
 3242.00    0.24607
 3243.00    0.21456
 3244.00    0.21456
 3245.00    0.20277
 3246.00    0.19778
 3247.00    0.20455
 3248.00    0.26197
 3249.00    0.26197
 3250.00    0.26358
 3251.00    0.26513
 3252.00    0.26513
 3253.00    0.28549
 3254.00    0.28746
 3255.00    0.27590
 3256.00    0.25070
 3257.00    0.25070
 3258.00    0.28596
 3259.00    0.29982
 3260.00    0.29984
 3261.00    0.29992
 3262.00    0.29992
 3263.00    0.30537
 3264.00    0.31032
 3265.00    0.31032
 3266.00    0.33440
 3267.00    0.33631
 3268.00    0.30823
 3269.00    0.25113
 3270.00    0.25113
 3271.00    0.27313
 3272.00    0.28116
 3273.00    0.27526
 3274.00    0.23767
 3275.00    0.23767
 3276.00    0.23313
 3277.00    0.22925
 3278.00    0.22925
 3279.00    0.25959
 3280.00    0.26147
 3281.00    0.26074
 3282.00    0.25933
 3283.00    0.25933
 3284.00    0.23132
 3285.00    0.22186
 3286.00    0.23269
 3287.00    0.29375
 3288.00    0.29375
 3289.00    0.28759
 3290.00    0.28263
 3291.00    0.28263
 3292.00    0.29476
 3293.00    0.29531
 3294.00    0.31313
 3295.00    0.34486
 3296.00    0.34486
 3297.00    0.33320
 3298.00    0.32957
 3299.00    0.32436
 3300.00    0.29807
 3301.00    0.29807
 3302.00    0.29202
 3303.00    0.28743
 3304.00    0.28743
 3305.00    0.26306
 3306.00    0.26235
 3307.00    0.25901
 3308.00    0.25342
 3309.00    0.25342
 3310.00    0.28874
 3311.00    0.29884
 3312.00    0.29702
 3313.00    0.28881
 3314.00    0.28881
 3315.00    0.28384
 3316.00    0.28030
 3317.00    0.28030
 3318.00    0.30224
 3319.00    0.30253
 3320.00    0.29951
 3321.00    0.29476
 3322.00    0.29476
 3323.00    0.29244
 3324.00    0.29184
 3325.00    0.29276
 3326.00    0.29657
 3327.00    0.29657
 3328.00    0.28163
 3329.00    0.27161
 3330.00    0.27160
 3331.00    0.26045
 3332.00    0.26045
 3333.00    0.25054
 3334.00    0.23596
 3335.00    0.23596
 3336.00    0.25313
 3337.00    0.25723
 3338.00    0.25779
 3339.00    0.25989
 3340.00    0.25989
 3341.00    0.25524
 3342.00    0.25232
 3343.00    0.25322
 3344.00    0.30669
 3345.00    0.30669
 3346.00    0.30876
 3347.00    0.31163
 3348.00    0.31163
 3349.00    0.28312
 3350.00    0.27698
 3351.00    0.27301
 3352.00    0.25936
 3353.00    0.25936
 3354.00    0.27451
 3355.00    0.28346
 3356.00    0.28339
 3357.00    0.28111
 3358.00    0.28111
 3359.00    0.26820
 3360.00    0.25140
 3361.00    0.25140
 3362.00    0.27690
 3363.00    0.28184
 3364.00    0.28674
 3365.00    0.30219
 3366.00    0.30219
 3367.00    0.27456
 3368.00    0.25925
 3369.00    0.25941
 3370.00    0.26259
 3371.00    0.26259
 3372.00    0.26448
 3373.00    0.26679
 3374.00    0.26679
 3375.00    0.27409
 3376.00    0.27535
 3377.00    0.27804
 3378.00    0.28586
 3379.00    0.28586
 3380.00    0.29641
 3381.00    0.30187
 3382.00    0.30257
 3383.00    0.31324
 3384.00    0.31324
 3385.00    0.29347
 3386.00    0.27069
 3387.00    0.27069
 3388.00    0.27309
 3389.00    0.27346
 3390.00    0.28330
 3391.00    0.30984
 3392.00    0.30984
 3393.00    0.28888
 3394.00    0.27872
 3395.00    0.27938
 3396.00    0.28738
 3397.00    0.28738
 3398.00    0.30933
 3399.00    0.33315
 3400.00    0.33315
 3401.00    0.29934
 3402.00    0.29486
 3403.00    0.29796
 3404.00    0.30572
 3405.00    0.30572
 3406.00    0.30610
 3407.00    0.30627
 3408.00    0.30509
 3409.00    0.29343
 3410.00    0.29343
 3411.00    0.27882
 3412.00    0.26390
 3413.00    0.26390
 3414.00    0.24573
 3415.00    0.24366
 3416.00    0.25291
 3417.00    0.27441
 3418.00    0.27441
 3419.00    0.31039
 3420.00    0.32555
 3421.00    0.32508
 3422.00    0.32113
 3423.00    0.32113
 3424.00    0.28626
 3425.00    0.25272
 3426.00    0.25272
 3427.00    0.33628
 3428.00    0.34429
 3429.00    0.34342
 3430.00    0.34153
 3431.00    0.34153
 3432.00    0.33977
 3433.00    0.33908
 3434.00    0.33584
 3435.00    0.31249
 3436.00    0.31249
 3437.00    0.30482
 3438.00    0.29786
 3439.00    0.29786
 3440.00    0.22609
 3441.00    0.22050
 3442.00    0.21703
 3443.00    0.21000
 3444.00    0.21000
 3445.00    0.25069
 3446.00    0.26546
 3447.00    0.27308
 3448.00    0.32124
 3449.00    0.32124
 3450.00    0.32784
 3451.00    0.33347
 3452.00    0.33347
 3453.00    0.31486
 3454.00    0.31372
 3455.00    0.31679
 3456.00    0.32260
 3457.00    0.32260
 3458.00    0.30261
 3459.00    0.29590
 3460.00    0.29296
 3461.00    0.27652
 3462.00    0.27652
 3463.00    0.27783
 3464.00    0.27887
 3465.00    0.28872
 3466.00    0.46391
 3467.00    0.46391
 3468.00    0.41709
 3469.00    0.37906
 3470.00    0.37906
 3471.00    0.45133
 3472.00    0.45473
 3473.00    0.38839
 3474.00    0.26936
 3475.00    0.26936
 3476.00    0.30868
 3477.00    0.32100
 3478.00    0.33836
 3479.00    0.42658
 3480.00    0.42658
 3481.00    0.39559
 3482.00    0.37191
 3483.00    0.37191
 3484.00    0.18579
 3485.00    0.17998
 3486.00    0.25707
 3487.00    0.38664
 3488.00    0.38664
 3489.00    0.42631
 3490.00    0.43776
 3491.00    0.42207
 3492.00    0.35006
 3493.00    0.35006
 3494.00    0.38957
 3495.00    0.41795
 3496.00    0.41795
 3497.00    0.43700
 3498.00    0.43729
 3499.00    0.41304
 3500.00    0.37478
 3501.00    0.37478
 3502.00    0.42571
 3503.00    0.43917
 3504.00    0.42794
 3505.00    0.38126
 3506.00    0.38126
 3507.00    0.33238
 3508.00    0.29936
 3509.00    0.29936
 3510.00    0.31065
 3511.00    0.31065
 3512.00    0.35942
 3513.00    0.43172
 3514.00    0.43172
 3515.00    0.39034
 3516.00    0.38038
 3517.00    0.36809
 3518.00    0.32160
 3519.00    0.32160
 3520.00    0.32762
 3521.00    0.33144
 3522.00    0.33172
 3523.00    0.35006
 3524.00    0.35006
 3525.00    0.35627
 3526.00    0.36493
 3527.00    0.36493
 3528.00    0.32046
 3529.00    0.31075
 3530.00    0.32332
 3531.00    0.36684
 3532.00    0.36684
 3533.00    0.34906
 3534.00    0.33848
 3535.00    0.34015
 3536.00    0.39435
 3537.00    0.39435
 3538.00    0.38219
 3539.00    0.36627
 3540.00    0.36627
 3541.00    0.37610
 3542.00    0.37804
 3543.00    0.38719
 3544.00    0.41638
 3545.00    0.41638
 3546.00    0.37573
 3547.00    0.35307
 3548.00    0.35507
 3549.00    0.39764
 3550.00    0.39764
 3551.00    0.40567
 3552.00    0.41557
 3553.00    0.41557
 3554.00    0.37598
 3555.00    0.36905
 3556.00    0.34400
 3557.00    0.27038
 3558.00    0.27038
 3559.00    0.32438
 3560.00    0.35260
 3561.00    0.35397
 3562.00    0.37534
 3563.00    0.37534
 3564.00    0.35764
 3565.00    0.33710
 3566.00    0.33710
 3567.00    0.33649
 3568.00    0.33639
 3569.00    0.31862
 3570.00    0.27032
 3571.00    0.27032
 3572.00    0.30627
 3573.00    0.32383
 3574.00    0.32273
 3575.00    0.30917
 3576.00    0.30917
 3577.00    0.29761
 3578.00    0.28498
 3579.00    0.28498
 3580.00    0.30332
 3581.00    0.30580
 3582.00    0.30647
 3583.00    0.30819
 3584.00    0.30819
 3585.00    0.29972
 3586.00    0.29587
 3587.00    0.29930
 3588.00    0.33403
 3589.00    0.33403
 3590.00    0.32544
 3591.00    0.31661
 3592.00    0.31661
 3593.00    0.35846
 3594.00    0.36332
 3595.00    0.36521
 3596.00    0.36965
 3597.00    0.36965
 3598.00    0.39657
 3599.00    0.40800
 3600.00    0.40258
 3601.00    0.35631
 3602.00    0.35631
 3603.00    0.34693
 3604.00    0.33784
 3605.00    0.33784
 3606.00    0.36218
 3607.00    0.36455
 3608.00    0.37032
 3609.00    0.38293
 3610.00    0.38293
 3611.00    0.30760
 3612.00    0.27783
 3613.00    0.28088
 3614.00    0.30317
 3615.00    0.30317
 3616.00    0.32769
 3617.00    0.35006
 3618.00    0.35006
 3619.00    0.33162
 3620.00    0.33014
 3621.00    0.34061
 3622.00    0.36194
 3623.00    0.36194
 3624.00    0.37132
 3625.00    0.37476
 3626.00    0.38048
 3627.00    0.41725
 3628.00    0.41725
 3629.00    0.39368
 3630.00    0.37345
 3631.00    0.37345
 3632.00    0.36986
 3633.00    0.36963
 3634.00    0.36240
 3635.00    0.34859
 3636.00    0.34859
 3637.00    0.32537
 3638.00    0.31751
 3639.00    0.33791
 3640.00    0.45359
 3641.00    0.45359
 3642.00    0.40016
 3643.00    0.35693
 3644.00    0.35693
 3645.00    0.33473
 3646.00    0.33371
 3647.00    0.36135
 3648.00    0.41070
 3649.00    0.41070
 3650.00    0.37039
 3651.00    0.35779
 3652.00    0.36115
 3653.00    0.37813
 3654.00    0.37813
 3655.00    0.42228
 3656.00    0.45587
 3657.00    0.45587
 3658.00    0.43312
 3659.00    0.43244
 3660.00    0.42573
 3661.00    0.41449
 3662.00    0.41449
 3663.00    0.41690
 3664.00    0.41760
 3665.00    0.41638
 3666.00    0.41084
 3667.00    0.41084
 3668.00    0.39582
 3669.00    0.38509
 3670.00    0.38509
 3671.00    0.36772
 3672.00    0.36747
 3673.00    0.37325
 3674.00    0.38233
 3675.00    0.38233
 3676.00    0.41808
 3677.00    0.42747
 3678.00    0.42794
 3679.00    0.42989
 3680.00    0.42989
 3681.00    0.41168
 3682.00    0.39944
 3683.00    0.39948
 3684.00    0.44169
 3685.00    0.44169
 3686.00    0.41919
 3687.00    0.38597
 3688.00    0.38597
 3689.00    0.42835
 3690.00    0.43847
 3691.00    0.44281
 3692.00    0.45915
 3693.00    0.45915
 3694.00    0.44174
 3695.00    0.43074
 3696.00    0.43083
 3697.00    0.43611
 3698.00    0.43611
 3699.00    0.42086
 3700.00    0.39971
 3701.00    0.39971
 3702.00    0.37725
 3703.00    0.37238
 3704.00    0.35925
 3705.00    0.31407
 3706.00    0.31407
 3707.00    0.33154
 3708.00    0.34189
 3709.00    0.34246
 3710.00    0.36043
 3711.00    0.36043
 3712.00    0.37136
 3713.00    0.38562
 3714.00    0.38562
 3715.00    0.40885
 3716.00    0.41338
 3717.00    0.42533
 3718.00    0.46323
 3719.00    0.46323
 3720.00    0.43631
 3721.00    0.42137
 3722.00    0.41887
 3723.00    0.36691
 3724.00    0.36691
 3725.00    0.37289
 3726.00    0.38023
 3727.00    0.38023
 3728.00    0.38364
 3729.00    0.38423
 3730.00    0.37966
 3731.00    0.36631
 3732.00    0.36631
 3733.00    0.30441
 3734.00    0.27224
 3735.00    0.27683
 3736.00    0.34748
 3737.00    0.34748
 3738.00    0.37973
 3739.00    0.41699
 3740.00    0.41699
 3741.00    0.39850
 3742.00    0.39566
 3743.00    0.39123
 3744.00    0.37925
 3745.00    0.37925
 3746.00    0.39038
 3747.00    0.39579
 3748.00    0.39239
 3749.00    0.35099
 3750.00    0.35099
 3751.00    0.34768
 3752.00    0.34409
 3753.00    0.34409
 3754.00    0.39822
 3755.00    0.40547
 3756.00    0.41832
 3757.00    0.45057
 3758.00    0.45057
 3759.00    0.46996
 3760.00    0.47875
 3761.00    0.47307
 3762.00    0.41618
 3763.00    0.41618
 3764.00    0.42984
 3765.00    0.44384
 3766.00    0.44384
 3767.00    0.45715
 3768.00    0.45868
 3769.00    0.45659
 3770.00    0.45172
 3771.00    0.45172
 3772.00    0.43594
 3773.00    0.42927
 3774.00    0.43543
 3775.00    0.48737
 3776.00    0.48737
 3777.00    0.50921
 3778.00    0.53030
 3779.00    0.53030
 3780.00    0.55606
 3781.00    0.55854
 3782.00    0.53633
 3783.00    0.48801
 3784.00    0.48801
 3785.00    0.49539
 3786.00    0.49828
 3787.00    0.49816
 3788.00    0.49727
 3789.00    0.49727
 3790.00    0.47358
 3791.00    0.45205
 3792.00    0.45205
 3793.00    0.37059
 3794.00    0.36415
 3795.00    0.37656
 3796.00    0.40173
 3797.00    0.40173
 3798.00    0.42272
 3799.00    0.43037
 3800.00    0.43656
 3801.00    0.47594
 3802.00    0.47594
 3803.00    0.46858
 3804.00    0.46229
 3805.00    0.46229
 3806.00    0.53215
 3807.00    0.53646
 3808.00    0.54006
 3809.00    0.54690
 3810.00    0.54690
 3811.00    0.51504
 3812.00    0.50431
 3813.00    0.50262
 3814.00    0.49316
 3815.00    0.49316
 3816.00    0.46828
 3817.00    0.44825
 3818.00    0.44825
 3819.00    0.44054
 3820.00    0.44020
 3821.00    0.41280
 3822.00    0.36408
 3823.00    0.36408
 3824.00    0.38197
 3825.00    0.38754
 3826.00    0.38159
 3827.00    0.35171
 3828.00    0.35171
 3829.00    0.35810
 3830.00    0.36295
 3831.00    0.36295
 3832.00    0.34896
 3833.00    0.34856
 3834.00    0.32631
 3835.00    0.28923
 3836.00    0.28923
 3837.00    0.31610
 3838.00    0.32378
 3839.00    0.33033
 3840.00    0.36000
 3841.00    0.36000
 3842.00    0.38585
 3843.00    0.40426
 3844.00    0.40426
 3845.00    0.48838
 3846.00    0.48950
 3847.00    0.48258
 3848.00    0.47175
 3849.00    0.47175
 3850.00    0.50272
 3851.00    0.51080
 3852.00    0.51356
 3853.00    0.52489
 3854.00    0.52489
 3855.00    0.51663
 3856.00    0.51110
 3857.00    0.51095
 3858.00    0.43316
 3859.00    0.43316
 3860.00    0.43681
 3861.00    0.44217
 3862.00    0.44217
 3863.00    0.45891
 3864.00    0.46288
 3865.00    0.46928
 3866.00    0.49322
 3867.00    0.49322
 3868.00    0.49063
 3869.00    0.48900
 3870.00    0.48959
 3871.00    0.52376
 3872.00    0.52376
 3873.00    0.50080
 3874.00    0.46909
 3875.00    0.46909
 3876.00    0.46736
 3877.00    0.46699
 3878.00    0.47440
 3879.00    0.49977
 3880.00    0.49977
 3881.00    0.44159
 3882.00    0.40726
 3883.00    0.40647
 3884.00    0.38233
 3885.00    0.38233
 3886.00    0.39104
 3887.00    0.40234
 3888.00    0.40234
 3889.00    0.39818
 3890.00    0.39737
 3891.00    0.40390
 3892.00    0.42447
 3893.00    0.42447
 3894.00    0.45326
 3895.00    0.46918
 3896.00    0.46940
 3897.00    0.47385
 3898.00    0.47385
 3899.00    0.47621
 3900.00    0.47910
 3901.00    0.47910
 3902.00    0.49230
 3903.00    0.49458
 3904.00    0.49704
 3905.00    0.50418
 3906.00    0.50418
 3907.00    0.50943
 3908.00    0.51214
 3909.00    0.51255
 3910.00    0.51868
 3911.00    0.51868
 3912.00    0.51300
 3913.00    0.50646
 3914.00    0.50646
 3915.00    0.49688
 3916.00    0.49542
 3917.00    0.50384
 3918.00    0.52650
 3919.00    0.52650
 3920.00    0.54091
 3921.00    0.54789
 3922.00    0.54096
 3923.00    0.45777
 3924.00    0.45777
 3925.00    0.41328
 3926.00    0.36509
 3927.00    0.36509
 3928.00    0.28150
 3929.00    0.27040
 3930.00    0.24575
 3931.00    0.18425
 3932.00    0.18425
 3933.00    0.19443
 3934.00    0.19903
 3935.00    0.20005
 3936.00    0.21019
 3937.00    0.21019
 3938.00    0.25153
 3939.00    0.29368
 3940.00    0.29368
 3941.00    0.38211
 3942.00    0.39216
 3943.00    0.41578
 3944.00    0.47068
 3945.00    0.47068
 3946.00    0.48801
 3947.00    0.49529
 3948.00    0.49425
 3949.00    0.48555
 3950.00    0.48555
 3951.00    0.49421
 3952.00    0.50252
 3953.00    0.50252
 3954.00    0.54603
 3955.00    0.55017
 3956.00    0.55049
 3957.00    0.55116
 3958.00    0.55116
 3959.00    0.51072
 3960.00    0.49490
 3961.00    0.48005
 3962.00    0.37328
 3963.00    0.37328
 3964.00    0.31238
 3965.00    0.25726
 3966.00    0.25726
 3967.00    0.25407
 3968.00    0.25382
 3969.00    0.27752
 3970.00    0.32540
 3971.00    0.32540
 3972.00    0.34212
 3973.00    0.34818
 3974.00    0.35764
 3975.00    0.41720
 3976.00    0.41720
 3977.00    0.46683
 3978.00    0.50911
 3979.00    0.50911
 3980.00    0.59544
 3981.00    0.60067
 3982.00    0.61168
 3983.00    0.63250
 3984.00    0.63250
 3985.00    0.61991
 3986.00    0.61569
 3987.00    0.60711
 3988.00    0.55917
 3989.00    0.55917
 3990.00    0.59306
 3991.00    0.62024
 3992.00    0.62024
 3993.00    0.67444
 3994.00    0.67681
 3995.00    0.67791
 3996.00    0.67985
 3997.00    0.67985
 3998.00    0.65330
 3999.00    0.64510
 4000.00    0.64660
 4001.00    0.65409
 4002.00    0.65409
 4003.00    0.67472
 4004.00    0.69030
 4005.00    0.69030
 4006.00    0.69677
 4007.00    0.69695
 4008.00    0.69334
 4009.00    0.68735
 4010.00    0.68735
 4011.00    0.69863
 4012.00    0.70183
 4013.00    0.69622
 4014.00    0.67103
 4015.00    0.67103
 4016.00    0.69816
 4017.00    0.71740
 4018.00    0.71740
 4019.00    0.74547
 4020.00    0.74582
 4021.00    0.74409
 4022.00    0.74141
 4023.00    0.74141
 4024.00    0.73572
 4025.00    0.73424
 4026.00    0.73049
 4027.00    0.71520
 4028.00    0.71520
 4029.00    0.68901
 4030.00    0.67156
 4031.00    0.67152
 4032.00    0.65728
 4033.00    0.65728
 4034.00    0.66031
 4035.00    0.66474
 4036.00    0.66474
 4037.00    0.72114
 4038.00    0.73445
 4039.00    0.73818
 4040.00    0.75206
 4041.00    0.75206
 4042.00    0.72038
 4043.00    0.70053
 4044.00    0.70008
 4045.00    0.67565
 4046.00    0.67565
 4047.00    0.68134
 4048.00    0.68917
 4049.00    0.68917
 4050.00    0.70208
 4051.00    0.70484
 4052.00    0.70103
 4053.00    0.68805
 4054.00    0.68805
 4055.00    0.67862
 4056.00    0.67308
 4057.00    0.67227
 4058.00    0.64833
 4059.00    0.64833
 4060.00    0.64626
 4061.00    0.64358
 4062.00    0.64358
 4063.00    0.66142
 4064.00    0.66484
 4065.00    0.67374
 4066.00    0.70160
 4067.00    0.70160
 4068.00    0.69608
 4069.00    0.69304
 4070.00    0.69210
 4071.00    0.67336
 4072.00    0.67336
 4073.00    0.67762
 4074.00    0.68282
 4075.00    0.68282
 4076.00    0.65232
 4077.00    0.64710
 4078.00    0.63791
 4079.00    0.61131
 4080.00    0.61131
 4081.00    0.64939
 4082.00    0.66902
 4083.00    0.67038
 4084.00    0.69061
 4085.00    0.69061
 4086.00    0.70312
 4087.00    0.71746
 4088.00    0.71746
 4089.00    0.71947
 4090.00    0.71977
 4091.00    0.72134
 4092.00    0.72553
 4093.00    0.72553
 4094.00    0.71077
 4095.00    0.70365
 4096.00    0.69564
 4097.00    0.60113
 4098.00    0.60113
 4099.00    0.59701
 4100.00    0.59256
 4101.00    0.59256
 4102.00    0.59313
 4103.00    0.59321
 4104.00    0.59661
 4105.00    0.60506
 4106.00    0.60506
 4107.00    0.63873
 4108.00    0.65386
 4109.00    0.65896
 4110.00    0.70879
 4111.00    0.70879
 4112.00    0.70676
 4113.00    0.70469
 4114.00    0.70469
 4115.00    0.68395
 4116.00    0.68162
 4117.00    0.69023
 4118.00    0.71014
 4119.00    0.71014
 4120.00    0.74742
 4121.00    0.76301
 4122.00    0.76270
 4123.00    0.76014
 4124.00    0.76014
 4125.00    0.75024
 4126.00    0.74076
 4127.00    0.74076
 4128.00    0.70823
 4129.00    0.70518
 4130.00    0.70232
 4131.00    0.69616
 4132.00    0.69616
 4133.00    0.69701
 4134.00    0.69734
 4135.00    0.70012
 4136.00    0.71996
 4137.00    0.71996
 4138.00    0.71481
 4139.00    0.71016
 4140.00    0.71016
 4141.00    0.74522
 4142.00    0.74792
 4143.00    0.75299
 4144.00    0.76321
 4145.00    0.76321
 4146.00    0.75853
 4147.00    0.75684
 4148.00    0.75498
 4149.00    0.74331
 4150.00    0.74331
 4151.00    0.71913
 4152.00    0.69863
 4153.00    0.69863
 4154.00    0.69072
 4155.00    0.69025
 4156.00    0.70186
 4157.00    0.72376
 4158.00    0.72376
 4159.00    0.74618
 4160.00    0.75365
 4161.00    0.75432
 4162.00    0.75800
 4163.00    0.75800
 4164.00    0.75196
 4165.00    0.74712
 4166.00    0.74712
 4167.00    0.73813
 4168.00    0.73774
 4169.00    0.72009
 4170.00    0.68902
 4171.00    0.68902
 4172.00    0.67143
 4173.00    0.66602
 4174.00    0.67053
 4175.00    0.69289
 4176.00    0.69289
 4177.00    0.70496
 4178.00    0.71402
 4179.00    0.71402
 4180.00    0.69052
 4181.00    0.68989
 4182.00    0.69120
 4183.00    0.69337
 4184.00    0.69337
 4185.00    0.72433
 4186.00    0.73305
 4187.00    0.73724
 4188.00    0.75600
 4189.00    0.75600
 4190.00    0.71980
 4191.00    0.69421
 4192.00    0.69421
 4193.00    0.68881
 4194.00    0.68875
 4195.00    0.70476
 4196.00    0.72963
 4197.00    0.72963
 4198.00    0.72306
 4199.00    0.72136
 4200.00    0.71543
 4201.00    0.69147
 4202.00    0.69147
 4203.00    0.68121
 4204.00    0.67440
 4205.00    0.67463
 4206.00    0.73520
 4207.00    0.73520
 4208.00    0.74015
 4209.00    0.74736
 4210.00    0.74736
 4211.00    0.71903
 4212.00    0.71236
 4213.00    0.71372
 4214.00    0.71875
 4215.00    0.71875
 4216.00    0.73102
 4217.00    0.73866
 4218.00    0.73829
 4219.00    0.71821
 4220.00    0.71821
 4221.00    0.70801
 4222.00    0.69403
 4223.00    0.69403
 4224.00    0.67710
 4225.00    0.67352
 4226.00    0.66955
 4227.00    0.65608
 4228.00    0.65608
 4229.00    0.69307
 4230.00    0.71472
 4231.00    0.71552
 4232.00    0.73824
 4233.00    0.73824
 4234.00    0.73513
 4235.00    0.73113
 4236.00    0.73113
 4237.00    0.73312
 4238.00    0.73350
 4239.00    0.74516
 4240.00    0.78146
 4241.00    0.78146
 4242.00    0.77469
 4243.00    0.77097
 4244.00    0.77053
 4245.00    0.76184
 4246.00    0.76184
 4247.00    0.73461
 4248.00    0.70162
 4249.00    0.70162
 4250.00    0.72227
 4251.00    0.72578
 4252.00    0.72467
 4253.00    0.72147
 4254.00    0.72147
 4255.00    0.72881
 4256.00    0.73257
 4257.00    0.73354
 4258.00    0.74772
 4259.00    0.74772
 4260.00    0.76154
 4261.00    0.77733
 4262.00    0.77733
 4263.00    0.73039
 4264.00    0.72338
 4265.00    0.72476
 4266.00    0.72841
 4267.00    0.72841
 4268.00    0.70391
 4269.00    0.69216
 4270.00    0.68873
 4271.00    0.64879
 4272.00    0.64879
 4273.00    0.67216
 4274.00    0.69729
 4275.00    0.69729
 4276.00    0.66955
 4277.00    0.66594
 4278.00    0.67447
 4279.00    0.69553
 4280.00    0.69553
 4281.00    0.69362
 4282.00    0.69276
 4283.00    0.69460
 4284.00    0.71237
 4285.00    0.71237
 4286.00    0.69062
 4287.00    0.66862
 4288.00    0.66862
 4289.00    0.64556
 4290.00    0.64299
 4291.00    0.64699
 4292.00    0.65620
 4293.00    0.65620
 4294.00    0.63499
 4295.00    0.62616
 4296.00    0.62685
 4297.00    0.63245
 4298.00    0.63245
 4299.00    0.61442
 4300.00    0.59721
 4301.00    0.59721
 4302.00    0.57638
 4303.00    0.57445
 4304.00    0.57253
 4305.00    0.56842
 4306.00    0.56842
 4307.00    0.57502
 4308.00    0.57757
 4309.00    0.57902
 4310.00    0.58922
 4311.00    0.58922
 4312.00    0.64748
 4313.00    0.69981
 4314.00    0.69981
 4315.00    0.71962
 4316.00    0.72112
 4317.00    0.72908
 4318.00    0.74502
 4319.00    0.74502
 4320.00    0.72441
 4321.00    0.71703
 4322.00    0.71809
 4323.00    0.72468
 4324.00    0.72468
 4325.00    0.72262
 4326.00    0.72088
 4327.00    0.72088
 4328.00    0.72322
 4329.00    0.72335
 4330.00    0.73674
 4331.00    0.76187
 4332.00    0.76187
 4333.00    0.76047
 4334.00    0.76001
 4335.00    0.75008
 4336.00    0.69563
 4337.00    0.69563
 4338.00    0.66977
 4339.00    0.64917
 4340.00    0.64917
 4341.00    0.69090
 4342.00    0.69264
 4343.00    0.70401
 4344.00    0.72395
 4345.00    0.72395
 4346.00    0.75669
 4347.00    0.76672
 4348.00    0.76608
 4349.00    0.76293
 4350.00    0.76293
 4351.00    0.76008
 4352.00    0.75795
 4353.00    0.75795
 4354.00    0.76827
 4355.00    0.76854
 4356.00    0.76156
 4357.00    0.75008
 4358.00    0.75008
 4359.00    0.77117
 4360.00    0.77708
 4361.00    0.78390
 4362.00    0.81420
 4363.00    0.81420
 4364.00    0.81808
 4365.00    0.82082
 4366.00    0.82082
 4367.00    0.81438
 4368.00    0.81432
 4369.00    0.80512
 4370.00    0.79088
 4371.00    0.79088
 4372.00    0.78803
 4373.00    0.78730
 4374.00    0.78958
 4375.00    0.79873
 4376.00    0.79873
 4377.00    0.76635
 4378.00    0.74490
 4379.00    0.74488
 4380.00    0.73918
 4381.00    0.73918
 4382.00    0.72390
 4383.00    0.70176
 4384.00    0.70176
 4385.00    0.70677
 4386.00    0.70794
 4387.00    0.72099
 4388.00    0.76895
 4389.00    0.76895
 4390.00    0.75359
 4391.00    0.74406
 4392.00    0.74439
 4393.00    0.76112
 4394.00    0.76112
 4395.00    0.78189
 4396.00    0.81023
 4397.00    0.81023
 4398.00    0.82521
 4399.00    0.82836
 4400.00    0.82470
 4401.00    0.81236
 4402.00    0.81236
 4403.00    0.79498
 4404.00    0.78485
 4405.00    0.78558
 4406.00    0.80569
 4407.00    0.80569
 4408.00    0.80685
 4409.00    0.80833
 4410.00    0.80833
 4411.00    0.82898
 4412.00    0.83289
 4413.00    0.83055
 4414.00    0.82327
 4415.00    0.82327
 4416.00    0.82577
 4417.00    0.82713
 4418.00    0.82615
 4419.00    0.80735
 4420.00    0.80735
 4421.00    0.81704
 4422.00    0.82873
 4423.00    0.82873
 4424.00    0.86142
 4425.00    0.86692
 4426.00    0.86993
 4427.00    0.87856
 4428.00    0.87856
 4429.00    0.84941
 4430.00    0.83453
 4431.00    0.83511
 4432.00    0.84335
 4433.00    0.84335
 4434.00    0.82863
 4435.00    0.81188
 4436.00    0.81188
 4437.00    0.86504
 4438.00    0.87291
 4439.00    0.87035
 4440.00    0.86357
 4441.00    0.86357
 4442.00    0.83576
 4443.00    0.82248
 4444.00    0.82455
 4445.00    0.84833
 4446.00    0.84833
 4447.00    0.85318
 4448.00    0.85836
 4449.00    0.85836
 4450.00    0.85904
 4451.00    0.85912
 4452.00    0.84759
 4453.00    0.81921
 4454.00    0.81921
 4455.00    0.80020
 4456.00    0.79173
 4457.00    0.79086
 4458.00    0.78249
 4459.00    0.78249
 4460.00    0.77983
 4461.00    0.77716
 4462.00    0.77716
 4463.00    0.83561
 4464.00    0.84204
 4465.00    0.84243
 4466.00    0.84331
 4467.00    0.84331
 4468.00    0.85047
 4469.00    0.85344
 4470.00    0.85266
 4471.00    0.84635
 4472.00    0.84635
 4473.00    0.84167
 4474.00    0.83723
 4475.00    0.83723
 4476.00    0.89139
 4477.00    0.89635
 4478.00    0.89257
 4479.00    0.88449
 4480.00    0.88449
 4481.00    0.88660
 4482.00    0.88742
 4483.00    0.88395
 4484.00    0.85964
 4485.00    0.85964
 4486.00    0.87026
 4487.00    0.87975
 4488.00    0.87975
 4489.00    0.86822
 4490.00    0.86736
 4491.00    0.86342
 4492.00    0.85555
 4493.00    0.85555
 4494.00    0.87720
 4495.00    0.88492
 4496.00    0.89053
 4497.00    0.92507
 4498.00    0.92507
 4499.00    0.92589
 4500.00    0.92659
 4501.00    0.92659
 4502.00    0.89967
 4503.00    0.89814
 4504.00    0.92838
 4505.00    0.98488
 4506.00    0.98488
 4507.00    0.99227
 4508.00    0.99470
 4509.00    0.98426
 4510.00    0.92746
 4511.00    0.92746
 4512.00    0.93781
 4513.00    0.94602
 4514.00    0.94602
 4515.00    0.96086
 4516.00    0.96146
 4517.00    0.93924
 4518.00    0.90044
 4519.00    0.90044
 4520.00    0.86475
 4521.00    0.85388
 4522.00    0.85460
 4523.00    0.85814
 4524.00    0.85814
 4525.00    0.84397
 4526.00    0.83342
 4527.00    0.83342
 4528.00    0.81176
 4529.00    0.81122
 4530.00    0.80364
 4531.00    0.79121
 4532.00    0.79121
 4533.00    0.83853
 4534.00    0.85170
 4535.00    0.85820
 4536.00    0.88692
 4537.00    0.88692
 4538.00    0.87124
 4539.00    0.86024
 4540.00    0.86024
 4541.00    0.82436
 4542.00    0.82404
 4543.00    0.83784
 4544.00    0.85910
 4545.00    0.85910
 4546.00    0.84914
 4547.00    0.84660
 4548.00    0.84480
 4549.00    0.83762
 4550.00    0.83762
 4551.00    0.85546
 4552.00    0.86724
 4553.00    0.86733
 4554.00    0.88268
 4555.00    0.88268
 4556.00    0.89407
 4557.00    0.91050
 4558.00    0.91050
 4559.00    0.94425
 4560.00    0.95206
 4561.00    0.94163
 4562.00    0.90350
 4563.00    0.90350
 4564.00    0.94676
 4565.00    0.97348
 4566.00    0.97288
 4567.00    0.94534
 4568.00    0.94534
 4569.00    0.94578
 4570.00    0.94638
 4571.00    0.94638
 4572.00    0.91948
 4573.00    0.91386
 4574.00    0.91675
 4575.00    0.92644
 4576.00    0.92644
 4577.00    0.94532
 4578.00    0.95628
 4579.00    0.95272
 4580.00    0.85787
 4581.00    0.85787
 4582.00    0.87468
 4583.00    0.89617
 4584.00    0.89617
 4585.00    0.94076
 4586.00    0.94914
 4587.00    0.94390
 4588.00    0.92777
 4589.00    0.92777
 4590.00    0.90009
 4591.00    0.88506
 4592.00    0.88599
 4593.00    0.90336
 4594.00    0.90336
 4595.00    0.90499
 4596.00    0.90696
 4597.00    0.90696
 4598.00    0.91714
 4599.00    0.91884
 4600.00    0.92772
 4601.00    0.95303
 4602.00    0.95303
 4603.00    0.96526
 4604.00    0.97147
 4605.00    0.97250
 4606.00    0.98709
 4607.00    0.98709
 4608.00    0.97177
 4609.00    0.95440
 4610.00    0.95440
 4611.00    0.95186
 4612.00    0.95149
 4613.00    0.96346
 4614.00    0.99505
 4615.00    0.99505
 4616.00    1.01045
 4617.00    1.01777
 4618.00    1.01579
 4619.00    0.99335
 4620.00    0.99335
 4621.00    0.95411
 4622.00    0.91227
 4623.00    0.91227
 4624.00    0.93505
 4625.00    0.93796
 4626.00    0.95570
 4627.00    0.99912
 4628.00    0.99912
 4629.00    0.99425
 4630.00    0.99209
 4631.00    0.98907
 4632.00    0.96058
 4633.00    0.96058
 4634.00    0.97272
 4635.00    0.98490
 4636.00    0.98490
 4637.00    0.99443
 4638.00    0.99547
 4639.00    0.98254
 4640.00    0.95303
 4641.00    0.95303
 4642.00    0.93992
 4643.00    0.93452
 4644.00    0.93066
 4645.00    0.89984
 4646.00    0.89984
 4647.00    0.89277
 4648.00    0.88608
 4649.00    0.88608
 4650.00    0.93845
 4651.00    0.94319
 4652.00    0.95035
 4653.00    0.96555
 4654.00    0.96555
 4655.00    0.94156
 4656.00    0.93236
 4657.00    0.93459
 4658.00    0.95004
 4659.00    0.95004
 4660.00    0.93273
 4661.00    0.91733
 4662.00    0.91733
 4663.00    0.92439
 4664.00    0.92491
 4665.00    0.91859
 4666.00    0.90605
 4667.00    0.90605
 4668.00    0.92500
 4669.00    0.93172
 4670.00    0.93583
 4671.00    0.96091
 4672.00    0.96091
 4673.00    0.94576
 4674.00    0.93306
 4675.00    0.93306
 4676.00    0.94076
 4677.00    0.94119
 4678.00    0.94267
 4679.00    0.94541
 4680.00    0.94541
 4681.00    0.94754
 4682.00    0.94824
 4683.00    0.94702
 4684.00    0.94040
 4685.00    0.94040
 4686.00    0.95258
 4687.00    0.96221
 4688.00    0.96221
 4689.00    0.92884
 4690.00    0.92752
 4691.00    0.93197
 4692.00    0.93970
 4693.00    0.93970
 4694.00    0.93903
 4695.00    0.93882
 4696.00    0.93763
 4697.00    0.93186
 4698.00    0.93186
 4699.00    0.91701
 4700.00    0.90600
 4701.00    0.90600
 4702.00    0.92326
 4703.00    0.92368
 4704.00    0.91205
 4705.00    0.89306
 4706.00    0.89306
 4707.00    0.88624
 4708.00    0.88436
 4709.00    0.89552
 4710.00    0.94453
 4711.00    0.94453
 4712.00    0.95663
 4713.00    0.96508
 4714.00    0.96508
 4715.00    0.95649
 4716.00    0.95642
 4717.00    0.95426
 4718.00    0.95093
 4719.00    0.95093
 4720.00    0.96570
 4721.00    0.96944
 4722.00    0.97081
 4723.00    0.97626
 4724.00    0.97626
 4725.00    0.98522
 4726.00    0.99109
 4727.00    0.99063
 4728.00    0.92442
 4729.00    0.92442
 4730.00    0.91884
 4731.00    0.91080
 4732.00    0.91080
 4733.00    0.89109
 4734.00    0.88656
 4735.00    0.89396
 4736.00    0.92084
 4737.00    0.92084
 4738.00    0.92736
 4739.00    0.93137
 4740.00    0.93213
 4741.00    0.96601
 4742.00    0.96601
 4743.00    0.97724
 4744.00    0.99243
 4745.00    0.99243
 4746.00    0.99041
 4747.00    0.98999
 4748.00    0.98382
 4749.00    0.96325
 4750.00    0.96325
 4751.00    0.94515
 4752.00    0.93469
 4753.00    0.93414
 4754.00    0.91981
 4755.00    0.91981
 4756.00    0.91264
 4757.00    0.90350
 4758.00    0.90350
 4759.00    0.91735
 4760.00    0.91994
 4761.00    0.92864
 4762.00    0.95531
 4763.00    0.95531
 4764.00    0.93244
 4765.00    0.92006
 4766.00    0.91971
 4767.00    0.91330
 4768.00    0.91330
 4769.00    0.92173
 4770.00    0.93184
 4771.00    0.93184
 4772.00    0.98446
 4773.00    0.99317
 4774.00    1.00282
 4775.00    1.03018
 4776.00    1.03018
 4777.00    1.01894
 4778.00    1.01325
 4779.00    1.00949
 4780.00    0.95707
 4781.00    0.95707
 4782.00    0.95605
 4783.00    0.95491
 4784.00    0.95491
 4785.00    0.96892
 4786.00    0.97096
 4787.00    0.97130
 4788.00    0.97220
 4789.00    0.97220
 4790.00    0.98638
 4791.00    0.99310
 4792.00    0.99355
 4793.00    0.99864
 4794.00    0.99864
 4795.00    0.97869
 4796.00    0.95749
 4797.00    0.95749
 4798.00    0.97628
 4799.00    0.97865
 4800.00    0.97777
 4801.00    0.97562
 4802.00    0.97562
 4803.00    0.98448
 4804.00    0.98839
 4805.00    0.98829
 4806.00    0.98738
 4807.00    0.98738
 4808.00    0.98927
 4809.00    0.99117
 4810.00    0.99117
 4811.00    0.97649
 4812.00    0.97491
 4813.00    0.97993
 4814.00    0.99133
 4815.00    0.99133
 4816.00    0.97281
 4817.00    0.96520
 4818.00    0.96416
 4819.00    0.95589
 4820.00    0.95589
 4821.00    0.96168
 4822.00    0.96714
 4823.00    0.96714
 4824.00    0.95241
 4825.00    0.95109
 4826.00    0.93835
 4827.00    0.91144
 4828.00    0.91144
 4829.00    0.94898
 4830.00    0.96331
 4831.00    0.96958
 4832.00    1.01269
 4833.00    1.01269
 4834.00    0.99529
 4835.00    0.97987
 4836.00    0.97987
 4837.00    0.96298
 4838.00    0.96176
 4839.00    0.95007
 4840.00    0.92695
 4841.00    0.92695
 4842.00    0.92636
 4843.00    0.92615
 4844.00    0.92728
 4845.00    0.93415
 4846.00    0.93415
 4847.00    0.93812
 4848.00    0.94144
 4849.00    0.94144
 4850.00    0.93506
 4851.00    0.93471
 4852.00    0.91443
 4853.00    0.87688
 4854.00    0.87688
 4855.00    0.82841
 4856.00    0.81259
 4857.00    0.79705
 4858.00    0.71375
 4859.00    0.71375
 4860.00    0.72257
 4861.00    0.72951
 4862.00    0.72951
 4863.00    0.74656
 4864.00    0.74721
 4865.00    0.76927
 4866.00    0.80745
 4867.00    0.80745
 4868.00    0.88033
 4869.00    0.90228
 4870.00    0.90648
 4871.00    0.92669
 4872.00    0.92669
 4873.00    0.94047
 4874.00    0.95065
 4875.00    0.95065
 4876.00    0.94109
 4877.00    0.94087
 4878.00    0.93938
 4879.00    0.93695
 4880.00    0.93695
 4881.00    0.94692
 4882.00    0.94966
 4883.00    0.94764
 4884.00    0.93886
 4885.00    0.93886
 4886.00    0.94675
 4887.00    0.95224
 4888.00    0.95224
 4889.00    0.95223
 4890.00    0.95223
 4891.00    0.96068
 4892.00    0.97358
 4893.00    0.97358
 4894.00    0.99842
 4895.00    1.00467
 4896.00    1.00561
 4897.00    1.00929
 4898.00    1.00929
 4899.00    1.00473
 4900.00    1.00175
 4901.00    1.00144
 4902.00    0.96186
 4903.00    0.96186
 4904.00    0.96093
 4905.00    0.95960
 4906.00    0.95960
 4907.00    0.94465
 4908.00    0.94123
 4909.00    0.93815
 4910.00    0.92701
 4911.00    0.92701
 4912.00    0.93471
 4913.00    0.93943
 4914.00    0.93917
 4915.00    0.92826
 4916.00    0.92826
 4917.00    0.92708
 4918.00    0.92549
 4919.00    0.92549
 4920.00    0.92964
 4921.00    0.93050
 4922.00    0.92472
 4923.00    0.90559
 4924.00    0.90559
 4925.00    0.92975
 4926.00    0.94365
 4927.00    0.94632
 4928.00    1.01366
 4929.00    1.01366
 4930.00    1.00393
 4931.00    0.99158
 4932.00    0.99158
 4933.00    0.98678
 4934.00    0.98589
 4935.00    0.98505
 4936.00    0.98251
 4937.00    0.98251
 4938.00    0.98077
 4939.00    0.97984
 4940.00    0.98121
 4941.00    1.00574
 4942.00    1.00574
 4943.00    1.01128
 4944.00    1.01790
 4945.00    1.01790
 4946.00    1.03170
 4947.00    1.03396
 4948.00    1.02725
 4949.00    1.00831
 4950.00    1.00831
 4951.00    1.01310
 4952.00    1.01551
 4953.00    1.01548
 4954.00    1.01505
 4955.00    1.01505
 4956.00    0.98995
 4957.00    0.96172
 4958.00    0.96172
 4959.00    0.96928
 4960.00    0.97037
 4961.00    0.96748
 4962.00    0.95991
 4963.00    0.95991
 4964.00    0.96040
 4965.00    0.96063
 4966.00    0.96080
 4967.00    0.96270
 4968.00    0.96270
 4969.00    0.96006
 4970.00    0.95727
 4971.00    0.95727
 4972.00    0.94786
 4973.00    0.94668
 4974.00    0.95055
 4975.00    0.95995
 4976.00    0.95995
 4977.00    0.94339
 4978.00    0.93613
 4979.00    0.93242
 4980.00    0.89813
 4981.00    0.89813
 4982.00    0.90520
 4983.00    0.91223
 4984.00    0.91223
 4985.00    0.91773
 4986.00    0.91831
 4987.00    0.92185
 4988.00    0.92987
 4989.00    0.92987
 4990.00    0.93521
 4991.00    0.93739
 4992.00    0.93655
 4993.00    0.92999
 4994.00    0.92999
 4995.00    0.91437
 4996.00    0.89970
 4997.00    0.89970
 4998.00    0.93272
 4999.00    0.93563
 5000.00    0.93608
 5001.00    0.93703
 5002.00    0.93703
 5003.00    0.91507
 5004.00    0.90672
 5005.00    0.90831
 5006.00    0.91910
 5007.00    0.91910
 5008.00    0.93920
 5009.00    0.95694
 5010.00    0.95694
 5011.00    0.91714
 5012.00    0.91431
 5013.00    0.89948
 5014.00    0.87031
 5015.00    0.87031
 5016.00    0.86050
 5017.00    0.85707
 5018.00    0.86337
 5019.00    0.90126
 5020.00    0.90126
 5021.00    0.91953
 5022.00    0.93473
 5023.00    0.93473
 5024.00    0.92437
 5025.00    0.92382
 5026.00    0.93498
 5027.00    0.95556
 5028.00    0.95556
 5029.00    0.94545
 5030.00    0.94217
 5031.00    0.93882
 5032.00    0.92097
 5033.00    0.92097
 5034.00    0.93568
 5035.00    0.94720
 5036.00    0.94720
 5037.00    0.91671
 5038.00    0.91557
 5039.00    0.90039
 5040.00    0.87422
 5041.00    0.87422
 5042.00    0.90952
 5043.00    0.92009
 5044.00    0.92787
 5045.00    0.96512
 5046.00    0.96512
 5047.00    0.96858
 5048.00    0.97112
 5049.00    0.97112
 5050.00    0.98621
 5051.00    0.98653
 5052.00    0.97328
 5053.00    0.95182
 5054.00    0.95182
 5055.00    0.94505
 5056.00    0.94320
 5057.00    0.94265
 5058.00    0.94026
 5059.00    0.94026
 5060.00    0.92791
 5061.00    0.91936
 5062.00    0.91936
 5063.00    0.93606
 5064.00    0.93616
 5065.00    0.94699
 5066.00    0.96346
 5067.00    0.96346
 5068.00    0.96414
 5069.00    0.96432
 5070.00    0.95862
 5071.00    0.93629
 5072.00    0.93629
 5073.00    0.91869
 5074.00    0.90724
 5075.00    0.90723
 5076.00    0.90630
 5077.00    0.90630
 5078.00    0.89636
 5079.00    0.88219
 5080.00    0.88219
 5081.00    0.92354
 5082.00    0.93293
 5083.00    0.94423
 5084.00    0.98480
 5085.00    0.98480
 5086.00    0.98048
 5087.00    0.97784
 5088.00    0.97773
 5089.00    0.97327
 5090.00    0.97327
 5091.00    0.99022
 5092.00    1.01300
 5093.00    1.01300
 5094.00    1.00552
 5095.00    1.00399
 5096.00    0.99348
 5097.00    0.95886
 5098.00    0.95886
 5099.00    0.93451
 5100.00    0.92056
 5101.00    0.92083
 5102.00    0.92751
 5103.00    0.92751
 5104.00    0.94389
 5105.00    0.96458
 5106.00    0.96458
 5107.00    0.96559
 5108.00    0.96577
 5109.00    0.96478
 5110.00    0.96177
 5111.00    0.96177
 5112.00    0.97787
 5113.00    0.98650
 5114.00    0.98662
 5115.00    0.98872
 5116.00    0.98872
 5117.00    0.97005
 5118.00    0.94786
 5119.00    0.94786
 5120.00    0.92506
 5121.00    0.92134
 5122.00    0.91860
 5123.00    0.91092
 5124.00    0.91092
 5125.00    0.92089
 5126.00    0.92588
 5127.00    0.92684
 5128.00    0.93974
 5129.00    0.93974
 5130.00    0.95483
 5131.00    0.97172
 5132.00    0.97172
 5133.00    0.97207
 5134.00    0.97212
 5135.00    0.96744
 5136.00    0.95529
 5137.00    0.95529
 5138.00    0.92798
 5139.00    0.91516
 5140.00    0.91450
 5141.00    0.90733
 5142.00    0.90733
 5143.00    0.91698
 5144.00    0.92712
 5145.00    0.92712
 5146.00    0.91551
 5147.00    0.91407
 5148.00    0.90387
 5149.00    0.87925
 5150.00    0.87925
 5151.00    0.88959
 5152.00    0.89410
 5153.00    0.89670
 5154.00    0.92046
 5155.00    0.92046
 5156.00    0.93748
 5157.00    0.95437
 5158.00    0.95437
 5159.00    0.93813
 5160.00    0.93643
 5161.00    0.92707
 5162.00    0.90601
 5163.00    0.90601
 5164.00    0.86848
 5165.00    0.85322
 5166.00    0.84935
 5167.00    0.81939
 5168.00    0.81939
 5169.00    0.81780
 5170.00    0.81630
 5171.00    0.81630
 5172.00    0.84421
 5173.00    0.84664
 5174.00    0.85053
 5175.00    0.85867
 5176.00    0.85867
 5177.00    0.86190
 5178.00    0.86312
 5179.00    0.86370
 5180.00    0.86764
 5181.00    0.86764
 5182.00    0.85502
 5183.00    0.84393
 5184.00    0.84393
 5185.00    0.84619
 5186.00    0.84635
 5187.00    0.86634
 5188.00    0.90550
 5189.00    0.90550
 5190.00    0.91855
 5191.00    0.92311
 5192.00    0.92214
 5193.00    0.91640
 5194.00    0.91640
 5195.00    0.93557
 5196.00    0.95145
 5197.00    0.95145
 5198.00    0.94134
 5199.00    0.94081
 5200.00    0.92689
 5201.00    0.90134
 5202.00    0.90134
 5203.00    0.89053
 5204.00    0.88703
 5205.00    0.89238
 5206.00    0.92062
 5207.00    0.92062
 5208.00    0.91965
 5209.00    0.91888
 5210.00    0.91888
 5211.00    0.94291
 5212.00    0.94378
 5213.00    0.94550
 5214.00    0.94843
 5215.00    0.94843
 5216.00    0.95457
 5217.00    0.95640
 5218.00    0.95577
 5219.00    0.95282
 5220.00    0.95282
 5221.00    0.95832
 5222.00    0.96235
 5223.00    0.96235
 5224.00    0.93576
 5225.00    0.93522
 5226.00    0.91713
 5227.00    0.88797
 5228.00    0.88797
 5229.00    0.90871
 5230.00    0.91435
 5231.00    0.92357
 5232.00    0.96313
 5233.00    0.96313
 5234.00    0.98985
 5235.00    1.00828
 5236.00    1.00828
 5237.00    1.01588
 5238.00    1.01592
 5239.00    0.99226
 5240.00    0.95645
 5241.00    0.95645
 5242.00    0.95346
 5243.00    0.95272
 5244.00    0.96408
 5245.00    1.00839
 5246.00    1.00839
 5247.00    1.01974
 5248.00    1.02709
 5249.00    1.02688
 5250.00    1.00527
 5251.00    1.00527
 5252.00    1.00521
 5253.00    1.00512
 5254.00    1.00512
 5255.00    1.00063
 5256.00    0.99961
 5257.00    0.99343
 5258.00    0.97137
 5259.00    0.97137
 5260.00    0.94362
 5261.00    0.92676
 5262.00    0.92577
 5263.00    0.88680
 5264.00    0.88680
 5265.00    0.87547
 5266.00    0.86031
 5267.00    0.86031
 5268.00    0.84256
 5269.00    0.83896
 5270.00    0.84820
 5271.00    0.87849
 5272.00    0.87849
 5273.00    0.91844
 5274.00    0.94122
 5275.00    0.94049
 5276.00    0.92296
 5277.00    0.92296
 5278.00    0.94235
 5279.00    0.96675
 5280.00    0.96675
 5281.00    1.01930
 5282.00    1.02889
 5283.00    1.03784
 5284.00    1.06484
 5285.00    1.06484
 5286.00    1.04587
 5287.00    1.03574
 5288.00    1.03769
 5289.00    1.07153
 5290.00    1.07153
 5291.00    1.04047
 5292.00    1.00373
 5293.00    1.00373
 5294.00    0.94424
 5295.00    0.93467
 5296.00    0.94443
 5297.00    0.97169
 5298.00    0.97169
 5299.00    0.96795
 5300.00    0.96608
 5301.00    0.96251
 5302.00    0.91528
 5303.00    0.91528
 5304.00    0.91752
 5305.00    0.92002
 5306.00    0.92002
 5307.00    0.93901
 5308.00    0.94170
 5309.00    0.94065
 5310.00    0.93793
 5311.00    0.93793
 5312.00    0.96944
 5313.00    0.98416
 5314.00    0.98135
 5315.00    0.95110
 5316.00    0.95110
 5317.00    0.93490
 5318.00    0.91792
 5319.00    0.91792
 5320.00    0.87843
 5321.00    0.87358
 5322.00    0.86957
 5323.00    0.85994
 5324.00    0.85994
 5325.00    0.86113
 5326.00    0.86164
 5327.00    0.86631
 5328.00    0.90853
 5329.00    0.90853
 5330.00    0.90502
 5331.00    0.90156
 5332.00    0.90156
 5333.00    0.88793
 5334.00    0.88652
 5335.00    0.89275
 5336.00    0.90671
 5337.00    0.90671
 5338.00    0.91064
 5339.00    0.91223
 5340.00    0.91413
 5341.00    0.92871
 5342.00    0.92871
 5343.00    0.94255
 5344.00    0.95544
 5345.00    0.95544
 5346.00    0.99258
 5347.00    0.99577
 5348.00    0.99853
 5349.00    1.00427
 5350.00    1.00427
 5351.00    1.00007
 5352.00    0.99849
 5353.00    1.00039
 5354.00    1.01313
 5355.00    1.01313
 5356.00    1.04127
 5357.00    1.06591
 5358.00    1.06591
 5359.00    1.02986
 5360.00    1.02738
 5361.00    1.01287
 5362.00    0.98456
 5363.00    0.98456
 5364.00    0.96102
 5365.00    0.95284
 5366.00    0.95865
 5367.00    0.99301
 5368.00    0.99301
 5369.00    0.99289
 5370.00    0.99279
 5371.00    0.99279
 5372.00    1.00731
 5373.00    1.00806
 5374.00    1.00807
 5375.00    1.00809
 5376.00    1.00809
 5377.00    0.99662
 5378.00    0.99293
 5379.00    0.99440
 5380.00    1.00211
 5381.00    1.00211
 5382.00    1.02365
 5383.00    1.04036
 5384.00    1.04036
 5385.00    1.00996
 5386.00    1.00888
 5387.00    1.01628
 5388.00    1.02892
 5389.00    1.02892
 5390.00    1.07484
 5391.00    1.08840
 5392.00    1.07361
 5393.00    1.00374
 5394.00    1.00374
 5395.00    0.97686
 5396.00    0.95725
 5397.00    0.95725
 5398.00    1.00224
 5399.00    1.00312
 5400.00    1.01395
 5401.00    1.03134
 5402.00    1.03134
 5403.00    0.98427
 5404.00    0.97154
 5405.00    0.96815
 5406.00    0.95370
 5407.00    0.95370
 5408.00    0.96963
 5409.00    0.98057
 5410.00    0.98057
 5411.00    0.99106
 5412.00    0.99110
 5413.00    1.00058
 5414.00    1.01488
 5415.00    1.01488
 5416.00    1.00521
 5417.00    1.00282
 5418.00    0.99204
 5419.00    0.95022
 5420.00    0.95022
 5421.00    0.96607
 5422.00    0.97629
 5423.00    0.97638
 5424.00    0.98470
 5425.00    0.98470
 5426.00    0.98463
 5427.00    0.98453
 5428.00    0.98453
 5429.00    0.98470
 5430.00    0.98473
 5431.00    0.98302
 5432.00    0.97694
 5433.00    0.97694
 5434.00    0.98866
 5435.00    0.99575
 5436.00    0.99656
 5437.00    1.02728
 5438.00    1.02728
 5439.00    1.04080
 5440.00    1.05881
 5441.00    1.05881
 5442.00    1.06103
 5443.00    1.06147
 5444.00    1.05098
 5445.00    1.01678
 5446.00    1.01678
 5447.00    1.03311
 5448.00    1.04239
 5449.00    1.04046
 5450.00    0.99548
 5451.00    0.99548
 5452.00    0.99776
 5453.00    1.00062
 5454.00    1.00062
 5455.00    0.99457
 5456.00    0.99347
 5457.00    0.99703
 5458.00    1.00769
 5459.00    1.00769
 5460.00    1.02768
 5461.00    1.03828
 5462.00    1.03851
 5463.00    1.04242
 5464.00    1.04242
 5465.00    1.02863
 5466.00    1.01238
 5467.00    1.01238
 5468.00    0.97869
 5469.00    0.97331
 5470.00    0.97702
 5471.00    0.98732
 5472.00    0.98732
 5473.00    1.01049
 5474.00    1.02200
 5475.00    1.02189
 5476.00    1.02041
 5477.00    1.02041
 5478.00    1.00000
 5479.00    0.97732
 5480.00    0.97732
 5481.00    0.98876
 5482.00    0.99036
 5483.00    0.98724
 5484.00    0.97922
 5485.00    0.97922
 5486.00    0.96155
 5487.00    0.95333
 5488.00    0.95766
 5489.00    1.00364
 5490.00    1.00364
 5491.00    1.02733
 5492.00    1.05206
 5493.00    1.05206
 5494.00    1.06388
 5495.00    1.06532
 5496.00    1.04222
 5497.00    0.98699
 5498.00    0.98699
 5499.00    0.97797
 5500.00    0.97408
 5501.00    0.97959
 5502.00    1.02889
 5503.00    1.02889
 5504.00    1.02415
 5505.00    1.01949
 5506.00    1.01949
 5507.00    0.97719
 5508.00    0.97286
 5509.00    0.98991
 5510.00    1.02794
 5511.00    1.02794
 5512.00    1.02187
 5513.00    1.01942
 5514.00    1.01875
 5515.00    1.01366
 5516.00    1.01366
 5517.00    1.02127
 5518.00    1.02833
 5519.00    1.02833
 5520.00    0.99674
 5521.00    0.99406
 5522.00    0.98908
 5523.00    0.97875
 5524.00    0.97875
 5525.00    1.03245
 5526.00    1.05256
 5527.00    1.04748
 5528.00    1.01379
 5529.00    1.01379
 5530.00    0.97572
 5531.00    0.94253
 5532.00    0.94253
 5533.00    1.00169
 5534.00    1.00567
 5535.00    1.01446
 5536.00    1.03153
 5537.00    1.03153
 5538.00    1.00276
 5539.00    0.99282
 5540.00    0.99136
 5541.00    0.98281
 5542.00    0.98281
 5543.00    0.98983
 5544.00    0.99561
 5545.00    0.99561
 5546.00    0.97879
 5547.00    0.97794
 5548.00    0.98681
 5549.00    1.00292
 5550.00    1.00292
 5551.00    1.01280
 5552.00    1.01596
 5553.00    1.00842
 5554.00    0.96919
 5555.00    0.96919
 5556.00    0.97332
 5557.00    0.97652
 5558.00    0.97652
 5559.00    0.98715
 5560.00    0.98752
 5561.00    0.98365
 5562.00    0.97705
 5563.00    0.97705
 5564.00    0.99723
 5565.00    1.00316
 5566.00    1.00075
 5567.00    0.98944
 5568.00    0.98944
 5569.00    1.00277
 5570.00    1.01246
 5571.00    1.01246
 5572.00    1.04287
 5573.00    1.04343
 5574.00    1.04319
 5575.00    1.04281
 5576.00    1.04281
 5577.00    1.02972
 5578.00    1.02620
 5579.00    1.01868
 5580.00    0.98678
 5581.00    0.98678
 5582.00    0.97285
 5583.00    0.96332
 5584.00    0.96332
 5585.00    1.01059
 5586.00    1.01073
 5587.00    0.98377
 5588.00    0.94331
 5589.00    0.94331
 5590.00    0.95404
 5591.00    0.95667
 5592.00    0.96284
 5593.00    0.98658
 5594.00    0.98658
 5595.00    0.98295
 5596.00    0.98062
 5597.00    0.98034
 5598.00    0.95703
 5599.00    0.95703
 5600.00    0.97037
 5601.00    0.98916
 5602.00    0.98916
 5603.00    0.99296
 5604.00    0.99381
 5605.00    0.98235
 5606.00    0.94190
 5607.00    0.94190
 5608.00    0.97840
 5609.00    1.00039
 5610.00    1.00130
 5611.00    1.03409
 5612.00    1.03409
 5613.00    1.02362
 5614.00    1.00972
 5615.00    1.00972
 5616.00    1.01539
 5617.00    1.01652
 5618.00    1.01342
 5619.00    1.00338
 5620.00    1.00338
 5621.00    0.98925
 5622.00    0.98126
 5623.00    0.98001
 5624.00    0.95154
 5625.00    0.95154
 5626.00    0.95977
 5627.00    0.97001
 5628.00    0.97001

