2300.802539 0.074656
2303.399539 0.070093
2305.996539 0.069989
2308.593539 0.067567
2311.190539 0.069746
2313.787539 0.076122
2316.384539 0.067120
2318.981539 0.063279
2321.578539 0.072237
2324.175539 0.088468
2326.772539 0.091940
2329.369539 0.079625
2331.966539 0.078273
2334.563539 0.072404
2337.160539 0.080926
2339.757539 0.081013
2342.354539 0.060549
2344.951539 0.054068
2347.548539 0.059681
2350.145539 0.075221
2352.742539 0.079091
2355.339539 0.075601
2357.936539 0.076426
2360.533539 0.073689
2363.130539 0.077298
2365.727539 0.077499
2368.324539 0.072983
2370.921539 0.067707
2373.518539 0.056342
2376.115539 0.051055
2378.712539 0.069145
2381.309539 0.065830
2383.906539 0.053711
2386.503539 0.064257
2389.100539 0.071159
2391.697539 0.076063
2394.294539 0.077545
2396.891539 0.077272
2399.488539 0.079767
2402.085539 0.082199
2404.682539 0.073044
2407.279539 0.068085
2409.876539 0.067585
2412.473539 0.076987
2415.070539 0.071596
2417.667539 0.067262
2420.264539 0.069888
2422.861539 0.069054
2425.458539 0.069612
2428.055539 0.072124
2430.652539 0.069008
2433.249539 0.065204
2435.846539 0.066236
2438.443539 0.076500
2441.040539 0.073215
2443.637539 0.067716
2446.234539 0.074236
2448.831539 0.072240
2451.428539 0.068542
2454.025539 0.064913
2456.622539 0.069694
2459.219539 0.068251
2461.816539 0.075262
2464.413539 0.074492
2467.010539 0.065941
2469.607539 0.072837
2472.204539 0.071821
2474.801539 0.076102
2477.398539 0.068650
2479.995539 0.065848
2482.592539 0.062241
2485.189539 0.064351
2487.786539 0.065646
2490.383539 0.068064
2492.980539 0.067349
2495.577539 0.066302
2498.174539 0.063938
2500.771539 0.060192
2503.368539 0.065793
2505.965539 0.073709
2508.562539 0.072480
2511.159539 0.064273
2513.756539 0.063976
2516.353539 0.068235
2518.950539 0.063730
2521.547539 0.063960
2524.144539 0.075500
2526.741539 0.067251
2529.338539 0.065089
2531.935539 0.063052
2534.532539 0.064366
2537.129539 0.065860
2539.726539 0.062529
2542.323539 0.063895
2544.920539 0.067002
2547.517539 0.063546
2550.114539 0.065168
2552.711539 0.064893
2555.308539 0.067950
2557.905539 0.068537
2560.502539 0.068102
2563.099539 0.063986
2565.696539 0.063966
2568.293539 0.065430
2570.890539 0.060167
2573.487539 0.064101
2576.084539 0.059333
2578.681539 0.063962
2581.278539 0.064267
2583.875539 0.055061
2586.472539 0.046268
2589.069539 0.054676
2591.666539 0.061830
2594.263539 0.059008
2596.860539 0.051834
2599.457539 0.041489
2602.054539 0.048045
2604.651539 0.058661
2607.248539 0.061762
2609.845539 0.064808
2612.442539 0.070526
2615.039539 0.070041
2617.636539 0.067597
2620.233539 0.066950
2622.830539 0.066642
2625.427539 0.076712
2628.024539 0.072502
2630.621539 0.072166
2633.218539 0.070951
2635.815539 0.069848
2638.412539 0.067619
2641.009539 0.068404
2643.606539 0.063179
2646.203539 0.070053
2648.800539 0.074633
2651.397539 0.075009
2653.994539 0.068150
2656.591539 0.061581
2659.188539 0.064946
2661.785539 0.059887
2664.382539 0.062583
2666.979539 0.065449
2669.576539 0.065182
2672.173539 0.067788
2674.770539 0.068611
2677.367539 0.065265
2679.964539 0.065336
2682.561539 0.067774
2685.158539 0.070308
2687.755539 0.066150
2690.352539 0.062373
2692.949539 0.071746
2695.546539 0.062977
2698.143539 0.062997
2700.740539 0.069258
2703.337539 0.062662
2705.934539 0.065772
2708.531539 0.066920
2711.128539 0.063114
2713.725539 0.065066
2716.322539 0.064284
2718.919539 0.063947
2721.516539 0.066553
2724.113539 0.063599
2726.710539 0.066309
2729.307539 0.064348
2731.904539 0.067388
2734.501539 0.069352
2737.098539 0.072419
2739.695539 0.059838
2742.292539 0.065786
2744.889539 0.063488
2747.486539 0.062878
2750.083539 0.061582
2752.680539 0.060595
2755.277539 0.058214
2757.874539 0.064748
2760.471539 0.064122
2763.068539 0.063660
2765.665539 0.064238
2768.262539 0.065459
2770.859539 0.058863
2773.456539 0.058180
2776.053539 0.053399
2778.650539 0.056481
2781.247539 0.056624
2783.844539 0.059735
2786.441539 0.060663
2789.038539 0.061370
2791.635539 0.052547
2794.232539 0.050269
2796.829539 0.050664
2799.426539 0.053341
2802.023539 0.049391
2804.620539 0.052037
2807.217539 0.059111
2809.814539 0.060798
2812.411539 0.060449
2815.008539 0.065434
2817.605539 0.064564
2820.202539 0.059455
2822.799539 0.060778
2825.396539 0.060779
2827.993539 0.062919
2830.590539 0.062537
2833.187539 0.060849
2835.784539 0.060045
2838.381539 0.055750
2840.978539 0.058854
2843.575539 0.058310
2846.172539 0.063416
2848.769539 0.065214
2851.366539 0.056456
2853.963539 0.051227
2856.560539 0.053532
2859.157539 0.057459
2861.754539 0.058193
2864.351539 0.056240
2866.948539 0.062441
2869.545539 0.058469
2872.142539 0.056558
2874.739539 0.063373
2877.336539 0.062773
2879.933539 0.055228
2882.530539 0.056370
2885.127539 0.061877
2887.724539 0.059952
2890.321539 0.059626
2892.918539 0.061659
2895.515539 0.057988
2898.112539 0.061571
2900.709539 0.055976
2903.306539 0.055810
2905.903539 0.061073
2908.500539 0.058276
2911.097539 0.056004
2913.694539 0.057955
2916.291539 0.059512
2918.888539 0.062034
2921.485539 0.061180
2924.082539 0.059731
2926.679539 0.061065
2929.276539 0.061256
2931.873539 0.055774
2934.470539 0.056856
2937.067539 0.065489
2939.664539 0.060189
2942.261539 0.054454
2944.858539 0.063632
2947.455539 0.061098
2950.052539 0.061684
2952.649539 0.055419
2955.246539 0.052443
2957.843539 0.056756
2960.440539 0.061903
2963.037539 0.063585
2965.634539 0.060638
2968.231539 0.059579
2970.828539 0.056350
2973.425539 0.054114
2976.022539 0.060690
2978.619539 0.059591
2981.216539 0.059591
2983.813539 0.062058
2986.410539 0.060357
2989.007539 0.056528
2991.604539 0.061380
2994.201539 0.057100
2996.798539 0.055732
2999.395539 0.055899
3001.992539 0.057026
3004.589539 0.058723
3007.186539 0.056784
3009.783539 0.061943
3012.380539 0.063546
3014.977539 0.063002
3017.574539 0.061065
3020.171539 0.057411
3022.768539 0.057643
3025.365539 0.056790
3027.962539 0.059120
3030.559539 0.054789
3033.156539 0.057412
3035.753539 0.057825
3038.350539 0.050667
3040.947539 0.052919
3043.544539 0.056371
3046.141539 0.056839
3048.738539 0.051633
3051.335539 0.053234
3053.932539 0.057002
3056.529539 0.055736
3059.126539 0.056248
3061.723539 0.059812
3064.320539 0.056164
3066.917539 0.057153
3069.514539 0.056297
3072.111539 0.054721
3074.708539 0.061515
3077.305539 0.061539
3079.902539 0.057960
3082.499539 0.053685
3085.096539 0.048368
3087.693539 0.055692
3090.290539 0.054871
3092.887539 0.054147
3095.484539 0.053973
3098.081539 0.057790
3100.678539 0.062285
3103.275539 0.056569
3105.872539 0.052109
3108.469539 0.061460
3111.066539 0.051664
3113.663539 0.053398
3116.260539 0.057891
3118.857539 0.052075
3121.454539 0.053507
3124.051539 0.058068
3126.648539 0.057898
3129.245539 0.058121
3131.842539 0.059257
3134.439539 0.053136
3137.036539 0.062145
3139.633539 0.065343
3142.230539 0.058834
3144.827539 0.057162
3147.424539 0.053071
3150.021539 0.056930
3152.618539 0.056073
3155.215539 0.054502
3157.812539 0.053947
3160.409539 0.057546
3163.006539 0.054269
3165.603539 0.053998
3168.200539 0.050804
3170.797539 0.052363
3173.394539 0.055451
3175.991539 0.062290
3178.588539 0.063993
3181.185539 0.060991
3183.782539 0.057415
3186.379539 0.056142
3188.976539 0.056853
3191.573539 0.056102
3194.170539 0.052364
3196.767539 0.056810
3199.364539 0.059410
3201.961539 0.059210
3204.558539 0.053590
3207.155539 0.056125
3209.752539 0.055805
3212.349539 0.053057
3214.946539 0.051959
3217.543539 0.058908
3220.140539 0.060386
3222.737539 0.059276
3225.334539 0.056651
3227.931539 0.053450
3230.528539 0.055450
3233.125539 0.053167
3235.722539 0.050027
3238.319539 0.054872
3240.916539 0.056421
3243.513539 0.053373
3246.110539 0.052601
3248.707539 0.060713
3251.304539 0.058457
3253.901539 0.051535
3256.498539 0.047147
3259.095539 0.052592
3261.692539 0.059688
3264.289539 0.058659
3266.886539 0.052378
3269.483539 0.051995
3272.080539 0.047203
3274.677539 0.058532
3277.274539 0.059671
3279.871539 0.050147
3282.468539 0.051648
3285.065539 0.053690
3287.662539 0.050794
3290.259539 0.052295
3292.856539 0.057757
3295.453539 0.055733
3298.050539 0.054945
3300.647539 0.052873
3303.244539 0.052452
3305.841539 0.051422
3308.438539 0.051257
3311.035539 0.051294
3313.632539 0.049434
3316.229539 0.052318
3318.826539 0.056656
3321.423539 0.053939
3324.020539 0.051029
3326.617539 0.054010
3329.214539 0.052509
3331.811539 0.048116
3334.408539 0.051251
3337.005539 0.050062
3339.602539 0.051447
3342.199539 0.055351
3344.796539 0.057903
3347.393539 0.056137
3349.990539 0.062057
3352.587539 0.055703
3355.184539 0.048581
3357.781539 0.052320
3360.378539 0.052391
3362.975539 0.055743
3365.572539 0.055654
3368.169539 0.054888
3370.766539 0.052951
3373.363539 0.049174
3375.960539 0.052055
3378.557539 0.057608
3381.154539 0.057154
3383.751539 0.053108
3386.348539 0.054962
3388.945539 0.056397
3391.542539 0.054830
3394.139539 0.051065
3396.736539 0.050421
3399.333539 0.047968
3401.930539 0.051748
3404.527539 0.052224
3407.124539 0.052183
3409.721539 0.052704
3412.318539 0.050314
3414.915539 0.051241
3417.512539 0.054101
3420.109539 0.053566
3422.706539 0.048315
3425.303539 0.052956
3427.900539 0.053679
3430.497539 0.053125
3433.094539 0.056126
3435.691539 0.049433
3438.288539 0.047404
3440.885539 0.053821
3443.482539 0.057145
3446.079539 0.055252
3448.676539 0.053912
3451.273539 0.054293
3453.870539 0.052574
3456.467539 0.055397
3459.064539 0.048603
3461.661539 0.045644
3464.258539 0.048716
3466.855539 0.044037
3469.452539 0.047419
3472.049539 0.045201
3474.646539 0.048139
3477.243539 0.052590
3479.840539 0.052027
3482.437539 0.049858
3485.034539 0.051320
3487.631539 0.051531
3490.228539 0.052486
3492.825539 0.050868
3495.422539 0.047468
3498.019539 0.050297
3500.616539 0.049042
3503.213539 0.051617
3505.810539 0.053516
3508.407539 0.053306
3511.004539 0.050308
3513.601539 0.047295
3516.198539 0.050153
3518.795539 0.045371
3521.392539 0.044793
3523.989539 0.049165
3526.586539 0.046655
3529.183539 0.045879
3531.780539 0.052025
3534.377539 0.052506
3536.974539 0.044408
3539.571539 0.049616
3542.168539 0.047736
3544.765539 0.050004
3547.362539 0.055490
3549.959539 0.049572
3552.556539 0.047079
3555.153539 0.045586
3557.750539 0.052491
3560.347539 0.049022
3562.944539 0.050329
3565.541539 0.048034
3568.138539 0.050156
3570.735539 0.049838
3573.332539 0.048902
3575.929539 0.048712
3578.526539 0.051931
3581.123539 0.051168
3583.720539 0.047688
3586.317539 0.049151
3588.914539 0.054561
3591.511539 0.053488
3594.108539 0.049555
3596.705539 0.046419
3599.302539 0.050647
3601.899539 0.050959
3604.496539 0.052274
3607.093539 0.048851
3609.690539 0.047775
3612.287539 0.049380
3614.884539 0.049604
3617.481539 0.046434
3620.078539 0.050891
3622.675539 0.053633
3625.272539 0.048155
3627.869539 0.043170
3630.466539 0.046500
3633.063539 0.047930
3635.660539 0.049738
3638.257539 0.049755
3640.854539 0.048181
3643.451539 0.046457
3646.048539 0.050709
3648.645539 0.045410
3651.242539 0.044164
3653.839539 0.051079
3656.436539 0.047138
3659.033539 0.040177
3661.630539 0.046169
3664.227539 0.052876
3666.824539 0.052825
3669.421539 0.045944
3672.018539 0.047799
3674.615539 0.048545
3677.212539 0.042386
3679.809539 0.037651
3682.406539 0.042547
3685.003539 0.048938
3687.600539 0.046222
3690.197539 0.045367
3692.794539 0.044171
3695.391539 0.046448
3697.988539 0.043649
3700.585539 0.035029
3703.182539 0.043659
3705.779539 0.045696
3708.376539 0.048161
3710.973539 0.052109
3713.570539 0.048076
3716.167539 0.044120
3718.764539 0.051832
3721.361539 0.046818
3723.958539 0.164850
3726.555539 0.398934
3729.152539 0.470715
3731.749539 0.276619
3734.346539 0.100277
3736.943539 0.050441
3739.540539 0.046540
3742.137539 0.054786
3744.734539 0.048659
3747.331539 0.039183
3749.928539 0.040815
3752.525539 0.041670
3755.122539 0.046858
3757.719539 0.048101
3760.316539 0.054979
3762.913539 0.049650
3765.510539 0.048690
3768.107539 0.050720
3770.704539 0.051396
3773.301539 0.045601
3775.898539 0.042453
3778.495539 0.049659
3781.092539 0.061811
3783.689539 0.061385
3786.286539 0.058365
3788.883539 0.061244
3791.480539 0.059539
3794.077539 0.050855
3796.674539 0.050393
3799.271539 0.050307
3801.868539 0.049906
3804.465539 0.050050
3807.062539 0.053649
3809.659539 0.056565
3812.256539 0.053638
3814.853539 0.058767
3817.450539 0.063368
3820.047539 0.056855
3822.644539 0.064213
3825.241539 0.071046
3827.838539 0.053978
3830.435539 0.049378
3833.032539 0.049126
3835.629539 0.037415
3838.226539 0.039620
3840.823539 0.044085
3843.420539 0.052446
3846.017539 0.054329
3848.614539 0.064409
3851.211539 0.067076
3853.808539 0.058491
3856.405539 0.056503
3859.002539 0.066724
3861.599539 0.072133
3864.196539 0.066758
3866.793539 0.075051
3869.390539 0.082863
3871.987539 0.071744
3874.584539 0.056641
3877.181539 0.050481
3879.778539 0.049358
3882.375539 0.052722
3884.972539 0.053010
3887.569539 0.059384
3890.166539 0.072014
3892.763539 0.059901
3895.360539 0.047888
3897.957539 0.048553
3900.554539 0.049116
3903.151539 0.053942
3905.748539 0.065411
3908.345539 0.065402
3910.942539 0.061874
3913.539539 0.051791
3916.136539 0.046169
3918.733539 0.047801
3921.330539 0.049940
3923.927539 0.058385
3926.524539 0.053423
3929.121539 0.046928
3931.718539 0.059479
3934.315539 0.046703
3936.912539 0.039859
3939.509539 0.049712
3942.106539 0.061570
3944.703539 0.054839
3947.300539 0.058475
3949.897539 0.056469
3952.494539 0.049878
3955.091539 0.055229
3957.688539 0.056761
3960.285539 0.052236
3962.882539 0.057719
3965.479539 0.052317
3968.076539 0.054017
3970.673539 0.065819
3973.270539 0.062247
3975.867539 0.051935
3978.464539 0.045622
3981.061539 0.050742
3983.658539 0.049857
3986.255539 0.050761
3988.852539 0.056936
3991.449539 0.058280
3994.046539 0.063388
3996.643539 0.055046
3999.240539 0.054909
4001.837539 0.055835
4004.434539 0.059738
4007.031539 0.063495
4009.628539 0.064730
4012.225539 0.064574
4014.822539 0.061113
4017.419539 0.065801
4020.016539 0.055627
4022.613539 0.055690
4025.210539 0.058926
4027.807539 0.050494
4030.404539 0.050123
4033.001539 0.058097
4035.598539 0.057069
4038.195539 0.054099
4040.792539 0.057344
4043.389539 0.055726
4045.986539 0.051701
4048.583539 0.054429
4051.180539 0.061478
4053.777539 0.060563
4056.374539 0.064048
4058.971539 0.059734
4061.568539 0.055935
4064.165539 0.057406
4066.762539 0.055164
4069.359539 0.061354
4071.956539 0.055148
4074.553539 0.049332
4077.150539 0.056216
4079.747539 0.057909
4082.344539 0.067869
4084.941539 0.057185
4087.538539 0.057234
4090.135539 0.053375
4092.732539 0.044473
4095.329539 0.043844
4097.926539 0.046419
4100.523539 0.054618
4103.120539 0.064563
4105.717539 0.062117
4108.314539 0.051128
4110.911539 0.041756
4113.508539 0.045274
4116.105539 0.058678
4118.702539 0.055695
4121.299539 0.047118
4123.896539 0.051604
4126.493539 0.053226
4129.090539 0.054759
4131.687539 0.052094
4134.284539 0.052557
4136.881539 0.048739
4139.478539 0.059663
4142.075539 0.053212
4144.672539 0.048726
4147.269539 0.060784
4149.866539 0.052926
4152.463539 0.053016
4155.060539 0.056064
4157.657539 0.056047
4160.254539 0.063985
4162.851539 0.057003
4165.448539 0.052782
4168.045539 0.052961
4170.642539 0.045369
4173.239539 0.050795
4175.836539 0.047412
4178.433539 0.044662
4181.030539 0.046100
4183.627539 0.049059
4186.224539 0.051935
4188.821539 0.045813
4191.418539 0.051996
4194.015539 0.052497
4196.612539 0.039897
4199.209539 0.044199
4201.806539 0.047381
4204.403539 0.051061
4207.000539 0.051721
4209.597539 0.048557
4212.194539 0.052450
4214.791539 0.050479
4217.388539 0.052346
4219.985539 0.048972
4222.582539 0.049588
4225.179539 0.047590
4227.776539 0.054183
4230.373539 0.055071
4232.970539 0.051198
4235.567539 0.053538
4238.164539 0.051913
4240.761539 0.051011
4243.358539 0.046749
4245.955539 0.045718
4248.552539 0.053265
4251.149539 0.056955
4253.746539 0.047219
4256.343539 0.053186
4258.940539 0.058003
4261.537539 0.056554
4264.134539 0.059595
4266.731539 0.056626
4269.328539 0.048724
4271.925539 0.049508
4274.522539 0.058001
4277.119539 0.073290
4279.716539 0.060985
4282.313539 0.058497
4284.910539 0.058981
4287.507539 0.057717
4290.104539 0.053842
4292.701539 0.055235
4295.298539 0.050077
4297.895539 0.056607
4300.492539 0.050995
4303.089539 0.047868
4305.686539 0.053348
4308.283539 0.057018
4310.880539 0.059729
4313.477539 0.057132
4316.074539 0.049745
4318.671539 0.054678
4321.268539 0.051976
4323.865539 0.057640
4326.462539 0.059709
4329.059539 0.055952
4331.656539 0.050408
4334.253539 0.051286
4336.850539 0.060975
4339.447539 0.114605
4342.044539 0.127820
4344.641539 0.073138
4347.238539 0.051457
4349.835539 0.048894
4352.432539 0.051229
4355.029539 0.056973
4357.626539 0.058677
4360.223539 0.057063
4362.820539 0.057208
4365.417539 0.058714
4368.014539 0.051684
4370.611539 0.043635
4373.208539 0.044434
4375.805539 0.041064
4378.402539 0.043086
4380.999539 0.041975
4383.596539 0.047846
4386.193539 0.050649
4388.790539 0.045063
4391.387539 0.056616
4393.984539 0.048231
4396.581539 0.041928
4399.178539 0.047427
4401.775539 0.040807
4404.372539 0.048651
4406.969539 0.045911
4409.566539 0.044845
4412.163539 0.043337
4414.760539 0.053028
4417.357539 0.056498
4419.954539 0.050567
4422.551539 0.040533
4425.148539 0.048032
4427.745539 0.055140
4430.342539 0.049523
4432.939539 0.046678
4435.536539 0.045101
4438.133539 0.053317
4440.730539 0.052836
4443.327539 0.054189
4445.924539 0.049465
4448.521539 0.040901
4451.118539 0.044413
4453.715539 0.049863
4456.312539 0.051953
4458.909539 0.047894
4461.506539 0.050033
4464.103539 0.040611
4466.700539 0.042600
4469.297539 0.046704
4471.894539 0.049634
4474.491539 0.053517
4477.088539 0.050459
4479.685539 0.047647
4482.282539 0.048531
4484.879539 0.039615
4487.476539 0.038411
4490.073539 0.045688
4492.670539 0.041509
4495.267539 0.042013
4497.864539 0.042723
4500.461539 0.047116
4503.058539 0.052611
4505.655539 0.038216
4508.252539 0.038963
4510.849539 0.043506
4513.446539 0.042797
4516.043539 0.038570
4518.640539 0.040945
4521.237539 0.043831
4523.834539 0.041834
4526.431539 0.042266
4529.028539 0.045480
4531.625539 0.049396
4534.222539 0.043447
4536.819539 0.044089
4539.416539 0.043269
4542.013539 0.041311
4544.610539 0.043514
4547.207539 0.046559
4549.804539 0.040719
4552.401539 0.036407
4554.998539 0.036402
4557.595539 0.034226
4560.192539 0.040719
4562.789539 0.035005
4565.386539 0.039672
4567.983539 0.048365
4570.580539 0.043882
4573.177539 0.042356
4575.774539 0.037704
4578.371539 0.039675
4580.968539 0.040729
4583.565539 0.042443
4586.162539 0.038558
4588.759539 0.045502
4591.356539 0.040718
4593.953539 0.039857
4596.550539 0.044115
4599.147539 0.040496
4601.744539 0.033142
4604.341539 0.037282
4606.938539 0.041909
4609.535539 0.038595
4612.132539 0.041782
4614.729539 0.048763
4617.326539 0.044640
4619.923539 0.041897
4622.520539 0.036580
4625.117539 0.037289
4627.714539 0.042002
4630.311539 0.040349
4632.908539 0.038814
4635.505539 0.034160
4638.102539 0.034174
4640.699539 0.041179
4643.296539 0.039938
4645.893539 0.039357
4648.490539 0.037130
4651.087539 0.039166
4653.684539 0.040141
4656.281539 0.040458
4658.878539 0.042340
4661.475539 0.041597
4664.072539 0.043072
4666.669539 0.033833
4669.266539 0.036848
4671.863539 0.039732
4674.460539 0.030506
4677.057539 0.036675
4679.654539 0.032418
4682.251539 0.031249
4684.848539 0.039773
4687.445539 0.039513
4690.042539 0.037219
4692.639539 0.036521
4695.236539 0.043374
4697.833539 0.044094
4700.430539 0.032303
4703.027539 0.024770
4705.624539 0.026902
4708.221539 0.031043
4710.818539 0.026428
4713.415539 0.033758
4716.012539 0.037933
4718.609539 0.034090
4721.206539 0.032044
4723.803539 0.022669
4726.400539 0.027991
4728.997539 0.034430
4731.594539 0.031377
4734.191539 0.031603
4736.788539 0.039578
