3050.267418 0.050056
3052.864418 0.041131
3055.461418 0.053278
3058.058418 0.048350
3060.655418 0.046475
3063.252418 0.051004
3065.849418 0.047953
3068.446418 0.046699
3071.043418 0.045360
3073.640418 0.046653
3076.237418 0.045533
3078.834418 0.046411
3081.431418 0.049288
3084.028418 0.049128
3086.625418 0.047110
3089.222418 0.041964
3091.819418 0.040425
3094.416418 0.044452
3097.013418 0.042206
3099.610418 0.044874
3102.207418 0.057096
3104.804418 0.064753
3107.401418 0.049985
3109.998418 0.051383
3112.595418 0.054753
3115.192418 0.040321
3117.789418 0.041657
3120.386418 0.047224
3122.983418 0.044353
3125.580418 0.050091
3128.177418 0.042671
3130.774418 0.047604
3133.371418 0.050684
3135.968418 0.045254
3138.565418 0.057836
3141.162418 0.064274
3143.759418 0.053833
3146.356418 0.052823
3148.953418 0.052814
3151.550418 0.050926
3154.147418 0.050831
3156.744418 0.048515
3159.341418 0.044372
3161.938418 0.038355
3164.535418 0.042606
3167.132418 0.051238
3169.729418 0.052767
3172.326418 0.054135
3174.923418 0.052166
3177.520418 0.045724
3180.117418 0.048150
3182.714418 0.052169
3185.311418 0.047786
3187.908418 0.056467
3190.505418 0.054463
3193.102418 0.045002
3195.699418 0.050843
3198.296418 0.054616
3200.893418 0.051143
3203.490418 0.050644
3206.087418 0.053575
3208.684418 0.045915
3211.281418 0.049144
3213.878418 0.045862
3216.475418 0.047967
3219.072418 0.050951
3221.669418 0.052220
3224.266418 0.046168
3226.863418 0.048154
3229.460418 0.049825
3232.057418 0.055327
3234.654418 0.046051
3237.251418 0.046630
3239.848418 0.048300
3242.445418 0.048624
3245.042418 0.049985
3247.639418 0.053185
3250.236418 0.053703
3252.833418 0.052399
3255.430418 0.048904
3258.027418 0.049302
3260.624418 0.046138
3263.221418 0.052764
3265.818418 0.052611
3268.415418 0.045900
3271.012418 0.049767
3273.609418 0.049803
3276.206418 0.048907
3278.803418 0.050852
3281.400418 0.049970
3283.997418 0.052875
3286.594418 0.055845
3289.191418 0.052367
3291.788418 0.055846
3294.385418 0.053272
3296.982418 0.053817
3299.579418 0.054164
3302.176418 0.057398
3304.773418 0.056615
3307.370418 0.056364
3309.967418 0.049930
3312.564418 0.047942
3315.161418 0.046367
3317.758418 0.046964
3320.355418 0.046707
3322.952418 0.054435
3325.549418 0.052344
3328.146418 0.049971
3330.743418 0.052365
3333.340418 0.052496
3335.937418 0.048824
3338.534418 0.050221
3341.131418 0.048844
3343.728418 0.050104
3346.325418 0.049503
3348.922418 0.050990
3351.519418 0.051095
3354.116418 0.049094
3356.713418 0.047924
3359.310418 0.044690
3361.907418 0.051506
3364.504418 0.052175
3367.101418 0.051062
3369.698418 0.049723
3372.295418 0.047838
3374.892418 0.050954
3377.489418 0.056060
3380.086418 0.054221
3382.683418 0.049901
3385.280418 0.052135
3387.877418 0.056271
3390.474418 0.050589
3393.071418 0.048964
3395.668418 0.059415
3398.265418 0.061438
3400.862418 0.048393
3403.459418 0.046477
3406.056418 0.049806
3408.653418 0.052057
3411.250418 0.051090
3413.847418 0.052123
3416.444418 0.051783
3419.041418 0.054531
3421.638418 0.055605
3424.235418 0.057163
3426.832418 0.051021
3429.429418 0.053543
3432.026418 0.054708
3434.623418 0.055215
3437.220418 0.053391
3439.817418 0.051032
3442.414418 0.052351
3445.011418 0.055169
3447.608418 0.056897
3450.205418 0.053449
3452.802418 0.054646
3455.399418 0.051129
3457.996418 0.054011
3460.593418 0.054310
3463.190418 0.049919
3465.787418 0.048876
3468.384418 0.056443
3470.981418 0.055446
3473.578418 0.049202
3476.175418 0.048689
3478.772418 0.051580
3481.369418 0.052814
3483.966418 0.048617
3486.563418 0.047203
3489.160418 0.048745
3491.757418 0.052983
3494.354418 0.048769
3496.951418 0.051931
3499.548418 0.055838
3502.145418 0.054518
3504.742418 0.051937
3507.339418 0.052767
3509.936418 0.050781
3512.533418 0.047674
3515.130418 0.048637
3517.727418 0.052774
3520.324418 0.050928
3522.921418 0.050858
3525.518418 0.053475
3528.115418 0.052459
3530.712418 0.057733
3533.309418 0.054407
3535.906418 0.055646
3538.503418 0.056356
3541.100418 0.053390
3543.697418 0.053301
3546.294418 0.054214
3548.891418 0.053649
3551.488418 0.055372
3554.085418 0.050084
3556.682418 0.053004
3559.279418 0.056658
3561.876418 0.055315
3564.473418 0.053999
3567.070418 0.050391
3569.667418 0.053821
3572.264418 0.053263
3574.861418 0.052942
3577.458418 0.057251
3580.055418 0.050867
3582.652418 0.048105
3585.249418 0.050077
3587.846418 0.050280
3590.443418 0.052101
3593.040418 0.051423
3595.637418 0.054161
3598.234418 0.057304
3600.831418 0.056150
3603.428418 0.054682
3606.025418 0.053461
3608.622418 0.054079
3611.219418 0.048329
3613.816418 0.048298
3616.413418 0.049429
3619.010418 0.047953
3621.607418 0.051490
3624.204418 0.049553
3626.801418 0.051437
3629.398418 0.053846
3631.995418 0.054157
3634.592418 0.053805
3637.189418 0.054074
3639.786418 0.058425
3642.383418 0.055505
3644.980418 0.053823
3647.577418 0.053696
3650.174418 0.053446
3652.771418 0.053302
3655.368418 0.053910
3657.965418 0.053688
3660.562418 0.056120
3663.159418 0.056674
3665.756418 0.054434
3668.353418 0.052741
3670.950418 0.054831
3673.547418 0.055394
3676.144418 0.053882
3678.741418 0.051284
3681.338418 0.048093
3683.935418 0.050059
3686.532418 0.051711
3689.129418 0.053477
3691.726418 0.052509
3694.323418 0.050858
3696.920418 0.051455
3699.517418 0.054658
3702.114418 0.056206
3704.711418 0.055218
3707.308418 0.050697
3709.905418 0.051147
3712.502418 0.057542
3715.099418 0.057622
3717.696418 0.058051
3720.293418 0.067695
3722.890418 0.096744
3725.487418 0.155330
3728.084418 0.196640
3730.681418 0.158351
3733.278418 0.101121
3735.875418 0.070277
3738.472418 0.067204
3741.069418 0.066949
3743.666418 0.061500
3746.263418 0.055458
3748.860418 0.054554
3751.457418 0.054616
3754.054418 0.058792
3756.651418 0.061359
3759.248418 0.062670
3761.845418 0.062226
3764.442418 0.060431
3767.039418 0.057620
3769.636418 0.056014
3772.233418 0.056387
3774.830418 0.062487
3777.427418 0.063546
3780.024418 0.070107
3782.621418 0.074988
3785.218418 0.073896
3787.815418 0.069686
3790.412418 0.066706
3793.009418 0.060936
3795.606418 0.058372
3798.203418 0.053866
3800.800418 0.060003
3803.397418 0.063003
3805.994418 0.068384
3808.591418 0.074271
3811.188418 0.074630
3813.785418 0.073487
3816.382418 0.075006
3818.979418 0.074464
3821.576418 0.070176
3824.173418 0.068995
3826.770418 0.066945
3829.367418 0.060447
3831.964418 0.057128
3834.561418 0.055659
3837.158418 0.052685
3839.755418 0.055934
3842.352418 0.063442
3844.949418 0.069014
3847.546418 0.073306
3850.143418 0.074059
3852.740418 0.074014
3855.337418 0.077186
3857.934418 0.076256
3860.531418 0.079698
3863.128418 0.079341
3865.725418 0.081443
3868.322418 0.081261
3870.919418 0.081631
3873.516418 0.078067
3876.113418 0.076571
3878.710418 0.074478
3881.307418 0.070656
3883.904418 0.065570
3886.501418 0.061547
3889.098418 0.059313
3891.695418 0.057139
3894.292418 0.061713
3896.889418 0.066058
3899.486418 0.071123
3902.083418 0.077494
3904.680418 0.080612
3907.277418 0.079444
3909.874418 0.079979
3912.471418 0.081434
3915.068418 0.081617
3917.665418 0.080879
3920.262418 0.078906
3922.859418 0.076802
3925.456418 0.078214
3928.053418 0.072431
3930.650418 0.064223
3933.247418 0.055784
3935.844418 0.056921
3938.441418 0.064054
3941.038418 0.070130
3943.635418 0.076963
3946.232418 0.076334
3948.829418 0.081548
3951.426418 0.079133
3954.023418 0.078171
3956.620418 0.074885
3959.217418 0.071603
3961.814418 0.066223
3964.411418 0.057370
3967.008418 0.049187
3969.605418 0.049644
3972.202418 0.053902
3974.799418 0.061354
3977.396418 0.070945
3979.993418 0.075644
3982.590418 0.077092
3985.187418 0.080093
3987.784418 0.082588
3990.381418 0.085398
3992.978418 0.087385
3995.575418 0.088992
3998.172418 0.089456
4000.769418 0.087856
4003.366418 0.085588
4005.963418 0.089997
4008.560418 0.090090
4011.157418 0.094324
4013.754418 0.089623
4016.351418 0.092458
4018.948418 0.095248
4021.545418 0.089669
4024.142418 0.088908
4026.739418 0.085106
4029.336418 0.084917
4031.933418 0.084644
4034.530418 0.086215
4037.127418 0.089502
4039.724418 0.090153
4042.321418 0.088327
4044.918418 0.086281
4047.515418 0.090867
4050.112418 0.090958
4052.709418 0.088955
4055.306418 0.090722
4057.903418 0.088727
4060.500418 0.084145
4063.097418 0.084158
4065.694418 0.083644
4068.291418 0.088308
4070.888418 0.090532
4073.485418 0.089456
4076.082418 0.087403
4078.679418 0.089183
4081.276418 0.089180
4083.873418 0.086049
4086.470418 0.086670
4089.067418 0.083578
4091.664418 0.082602
4094.261418 0.074066
4096.858418 0.068986
4099.455418 0.066425
4102.052418 0.072859
4104.649418 0.072054
4107.246418 0.073540
4109.843418 0.074877
4112.440418 0.078145
4115.037418 0.081135
4117.634418 0.080227
4120.231418 0.075489
4122.828418 0.080602
4125.425418 0.085446
4128.022418 0.084480
4130.619418 0.083323
4133.216418 0.079282
4135.813418 0.084154
4138.410418 0.090317
4141.007418 0.085990
4143.604418 0.082309
4146.201418 0.086708
4148.798418 0.084774
4151.395418 0.083435
4153.992418 0.084357
4156.589418 0.086928
4159.186418 0.087426
4161.783418 0.087524
4164.380418 0.086248
4166.977418 0.086608
4169.574418 0.085049
4172.171418 0.082079
4174.768418 0.082971
4177.365418 0.086335
4179.962418 0.084784
4182.559418 0.086065
4185.156418 0.082809
4187.753418 0.084844
4190.350418 0.086151
4192.947418 0.090438
4195.544418 0.087072
4198.141418 0.082605
4200.738418 0.082071
4203.335418 0.084077
4205.932418 0.086665
4208.529418 0.086289
4211.126418 0.086505
4213.723418 0.087051
4216.320418 0.086609
4218.917418 0.088725
4221.514418 0.086039
4224.111418 0.083347
4226.708418 0.082900
4229.305418 0.082884
4231.902418 0.084099
4234.499418 0.086015
4237.096418 0.086476
4239.693418 0.086422
4242.290418 0.087671
4244.887418 0.085574
4247.484418 0.082045
4250.081418 0.084397
4252.678418 0.083543
4255.275418 0.083095
4257.872418 0.085931
4260.469418 0.083361
4263.066418 0.084408
4265.663418 0.085649
4268.260418 0.082895
4270.857418 0.083995
4273.454418 0.080888
4276.051418 0.085717
4278.648418 0.083710
4281.245418 0.084426
4283.842418 0.086176
4286.439418 0.082780
4289.036418 0.079867
4291.633418 0.078471
4294.230418 0.081675
4296.827418 0.075738
4299.424418 0.073407
4302.021418 0.072600
4304.618418 0.070647
4307.215418 0.074971
4309.812418 0.080309
4312.409418 0.081075
4315.006418 0.081549
4317.603418 0.087707
4320.200418 0.085183
4322.797418 0.077784
4325.394418 0.074545
4327.991418 0.075613
4330.588418 0.076534
4333.185418 0.075239
4335.782418 0.077100
4338.379418 0.082504
4340.976418 0.081955
4343.573418 0.082222
4346.170418 0.076783
4348.767418 0.074996
4351.364418 0.076405
4353.961418 0.080908
4356.558418 0.086087
4359.155418 0.088156
4361.752418 0.087396
4364.349418 0.088113
4366.946418 0.085611
4369.543418 0.086057
4372.140418 0.084708
4374.737418 0.087926
4377.334418 0.089202
4379.931418 0.083954
4382.528418 0.077178
4385.125418 0.075094
4387.722418 0.077802
4390.319418 0.084665
4392.916418 0.084868
4395.513418 0.084554
4398.110418 0.081914
4400.707418 0.081498
4403.304418 0.081826
4405.901418 0.083914
4408.498418 0.086338
4411.095418 0.086115
4413.692418 0.085379
4416.289418 0.083746
4418.886418 0.081380
4421.483418 0.083120
4424.080418 0.083967
4426.677418 0.080794
4429.274418 0.086506
4431.871418 0.086568
4434.468418 0.085021
4437.065418 0.084622
4439.662418 0.084508
4442.259418 0.084828
4444.856418 0.085197
4447.453418 0.083336
4450.050418 0.085046
4452.647418 0.084362
4455.244418 0.083199
4457.841418 0.080886
4460.438418 0.080165
4463.035418 0.081587
4465.632418 0.081030
4468.229418 0.085294
4470.826418 0.086153
4473.423418 0.091783
4476.020418 0.091143
4478.617418 0.088528
4481.214418 0.084574
4483.811418 0.085509
4486.408418 0.085636
4489.005418 0.084438
4491.602418 0.087870
4494.199418 0.087939
4496.796418 0.088537
4499.393418 0.088542
4501.990418 0.089363
4504.587418 0.091837
4507.184418 0.091205
4509.781418 0.089806
4512.378418 0.091398
4514.975418 0.091204
4517.572418 0.087130
4520.169418 0.087289
4522.766418 0.086036
4525.363418 0.086674
4527.960418 0.086404
4530.557418 0.084052
4533.154418 0.082626
4535.751418 0.080017
4538.348418 0.080244
4540.945418 0.085569
4543.542418 0.083260
4546.139418 0.080874
4548.736418 0.083162
4551.333418 0.086136
4553.930418 0.084152
4556.527418 0.086182
4559.124418 0.088469
4561.721418 0.088580
4564.318418 0.089103
4566.915418 0.087167
4569.512418 0.088497
4572.109418 0.090074
4574.706418 0.088191
4577.303418 0.083103
4579.900418 0.085355
4582.497418 0.084232
4585.094418 0.083013
4587.691418 0.085145
4590.288418 0.084931
4592.885418 0.085036
4595.482418 0.086281
4598.079418 0.088275
4600.676418 0.085592
4603.273418 0.082767
4605.870418 0.082587
4608.467418 0.085196
4611.064418 0.086402
4613.661418 0.082889
4616.258418 0.083406
4618.855418 0.087376
4621.452418 0.084705
4624.049418 0.087268
4626.646418 0.087880
4629.243418 0.088070
4631.840418 0.085811
4634.437418 0.083163
4637.034418 0.079010
4639.631418 0.082389
4642.228418 0.085722
4644.825418 0.085829
4647.422418 0.084701
4650.019418 0.080430
4652.616418 0.081915
4655.213418 0.085846
4657.810418 0.085978
4660.407418 0.090262
4663.004418 0.088226
4665.601418 0.084834
4668.198418 0.082621
4670.795418 0.083479
4673.392418 0.085078
4675.989418 0.084196
4678.586418 0.083634
4681.183418 0.086528
4683.780418 0.085170
4686.377418 0.085871
4688.974418 0.085367
4691.571418 0.083514
4694.168418 0.082916
4696.765418 0.080783
4699.362418 0.082907
4701.959418 0.084384
4704.556418 0.083566
4707.153418 0.086892
4709.750418 0.085071
4712.347418 0.085396
4714.944418 0.085002
4717.541418 0.085765
4720.138418 0.083916
4722.735418 0.083019
4725.332418 0.085970
4727.929418 0.083193
4730.526418 0.080085
4733.123418 0.079989
4735.720418 0.080987
4738.317418 0.080602
4740.914418 0.080952
4743.511418 0.079213
4746.108418 0.079076
4748.705418 0.080259
4751.302418 0.081564
4753.899418 0.082143
4756.496418 0.079295
4759.093418 0.080990
4761.690418 0.078894
4764.287418 0.074761
4766.884418 0.072203
4769.481418 0.073923
4772.078418 0.080004
4774.675418 0.082568
4777.272418 0.083279
4779.869418 0.083495
4782.466418 0.084071
4785.063418 0.081739
4787.660418 0.079917
4790.257418 0.079757
4792.854418 0.079144
4795.451418 0.080488
4798.048418 0.082348
4800.645418 0.080216
4803.242418 0.081891
4805.839418 0.079103
4808.436418 0.075895
4811.033418 0.076118
4813.630418 0.081503
4816.227418 0.081993
4818.824418 0.084660
4821.421418 0.084063
4824.018418 0.082924
4826.615418 0.082939
4829.212418 0.081856
4831.809418 0.081298
4834.406418 0.079075
4837.003418 0.078005
4839.600418 0.078829
4842.197418 0.080480
4844.794418 0.080678
4847.391418 0.077004
4849.988418 0.072987
4852.585418 0.072093
4855.182418 0.076460
4857.779418 0.093418
4860.376418 0.122880
4862.973418 0.118613
4865.570418 0.090378
4868.167418 0.074045
4870.764418 0.073050
4873.361418 0.071449
4875.958418 0.071679
4878.555418 0.073181
4881.152418 0.078189
4883.749418 0.077709
4886.346418 0.074613
4888.943418 0.076882
4891.540418 0.079500
4894.137418 0.081720
4896.734418 0.081684
4899.331418 0.083010
4901.928418 0.081666
4904.525418 0.080790
4907.122418 0.081318
4909.719418 0.080307
4912.316418 0.080017
4914.913418 0.078149
4917.510418 0.077624
4920.107418 0.078619
4922.704418 0.076198
4925.301418 0.078621
4927.898418 0.081019
4930.495418 0.083332
4933.092418 0.082450
4935.689418 0.079389
4938.286418 0.075657
4940.883418 0.077896
4943.480418 0.082195
4946.077418 0.081642
4948.674418 0.082894
4951.271418 0.079649
4953.868418 0.082381
4956.465418 0.082721
4959.062418 0.082501
4961.659418 0.082595
4964.256418 0.077282
4966.853418 0.074877
4969.450418 0.077752
4972.047418 0.078721
4974.644418 0.077242
4977.241418 0.076849
4979.838418 0.078409
4982.435418 0.077003
4985.032418 0.077693
4987.629418 0.078992
4990.226418 0.078906
4992.823418 0.080163
4995.420418 0.079298
4998.017418 0.078366
5000.614418 0.088120
5003.211418 0.105425
5005.808418 0.126939
5008.405418 0.128043
5011.002418 0.097784
5013.599418 0.080123
5016.196418 0.075157
5018.793418 0.076709
5021.390418 0.076056
5023.987418 0.077886
5026.584418 0.079729
5029.181418 0.082054
5031.778418 0.078209
5034.375418 0.074837
5036.972418 0.076221
5039.569418 0.075294
5042.166418 0.071920
5044.763418 0.075150
5047.360418 0.081543
5049.957418 0.081572
5052.554418 0.080661
5055.151418 0.084919
5057.748418 0.078140
5060.345418 0.080639
5062.942418 0.082749
5065.539418 0.082139
5068.136418 0.083703
5070.733418 0.080528
5073.330418 0.082713
5075.927418 0.081136
5078.524418 0.077905
5081.121418 0.074484
5083.718418 0.074160
5086.315418 0.073399
5088.912418 0.073916
5091.509418 0.078715
5094.106418 0.077792
5096.703418 0.080460
5099.300418 0.079131
5101.897418 0.072414
5104.494418 0.076878
5107.091418 0.079110
5109.688418 0.076056
5112.285418 0.076042
5114.882418 0.077281
5117.479418 0.077067
5120.076418 0.078224
5122.673418 0.076188
5125.270418 0.074302
5127.867418 0.074832
5130.464418 0.077573
5133.061418 0.078197
5135.658418 0.073977
5138.255418 0.074191
5140.852418 0.071245
5143.449418 0.077607
5146.046418 0.076252
5148.643418 0.075572
5151.240418 0.076881
5153.837418 0.074559
5156.434418 0.074363
5159.031418 0.078302
5161.628418 0.079676
5164.225418 0.075739
5166.822418 0.069436
5169.419418 0.069614
5172.016418 0.068616
5174.613418 0.071040
5177.210418 0.072998
5179.807418 0.074700
5182.404418 0.073345
5185.001418 0.069296
5187.598418 0.071569
5190.195418 0.070384
5192.792418 0.073655
5195.389418 0.075300
5197.986418 0.076498
5200.583418 0.079035
5203.180418 0.077913
5205.777418 0.073302
5208.374418 0.074819
5210.971418 0.077222
5213.568418 0.079684
5216.165418 0.077911
5218.762418 0.072834
5221.359418 0.072919
5223.956418 0.075295
5226.553418 0.072724
5229.150418 0.071613
5231.747418 0.074469
5234.344418 0.075749
5236.941418 0.075593
5239.538418 0.075187
5242.135418 0.067457
5244.732418 0.068895
5247.329418 0.077894
5249.926418 0.073499
5252.523418 0.073546
5255.120418 0.075954
5257.717418 0.077039
5260.314418 0.080754
5262.911418 0.077583
5265.508418 0.068558
5268.105418 0.067449
5270.702418 0.078545
5273.299418 0.069383
5275.896418 0.070257
5278.493418 0.076971
5281.090418 0.079179
5283.687418 0.077694
5286.284418 0.073022
5288.881418 0.075517
5291.478418 0.075978
5294.075418 0.076798
5296.672418 0.069906
5299.269418 0.068017
5301.866418 0.072928
5304.463418 0.075625
5307.060418 0.071519
5309.657418 0.074939
5312.254418 0.076265
5314.851418 0.077637
5317.448418 0.076426
5320.045418 0.072748
5322.642418 0.067443
5325.239418 0.072612
5327.836418 0.080355
5330.433418 0.082838
5333.030418 0.077713
5335.627418 0.070761
5338.224418 0.074856
5340.821418 0.076604
5343.418418 0.075075
5346.015418 0.075628
5348.612418 0.078777
5351.209418 0.080232
