3498.875365 0.053703
3501.472365 0.057806
3504.069365 0.058930
3506.666365 0.056669
3509.263365 0.049331
3511.860365 0.050546
3514.457365 0.052558
3517.054365 0.056754
3519.651365 0.055601
3522.248365 0.057979
3524.845365 0.059779
3527.442365 0.053221
3530.039365 0.048315
3532.636365 0.052352
3535.233365 0.050634
3537.830365 0.044931
3540.427365 0.048999
3543.024365 0.056891
3545.621365 0.054097
3548.218365 0.052181
3550.815365 0.051645
3553.412365 0.054473
3556.009365 0.052584
3558.606365 0.052513
3561.203365 0.047923
3563.800365 0.050749
3566.397365 0.057309
3568.994365 0.051694
3571.591365 0.045204
3574.188365 0.042806
3576.785365 0.048574
3579.382365 0.050850
3581.979365 0.042355
3584.576365 0.046561
3587.173365 0.055210
3589.770365 0.050691
3592.367365 0.054746
3594.964365 0.051469
3597.561365 0.053042
3600.158365 0.053761
3602.755365 0.049200
3605.352365 0.051518
3607.949365 0.048678
3610.546365 0.048995
3613.143365 0.048000
3615.740365 0.056014
3618.337365 0.052617
3620.934365 0.051503
3623.531365 0.054123
3626.128365 0.052334
3628.725365 0.047584
3631.322365 0.047756
3633.919365 0.051948
3636.516365 0.054704
3639.113365 0.053396
3641.710365 0.050567
3644.307365 0.054006
3646.904365 0.043958
3649.501365 0.049924
3652.098365 0.054566
3654.695365 0.046488
3657.292365 0.054998
3659.889365 0.053118
3662.486365 0.049394
3665.083365 0.055749
3667.680365 0.045907
3670.277365 0.056230
3672.874365 0.052146
3675.471365 0.055650
3678.068365 0.044698
3680.665365 0.047737
3683.262365 0.053499
3685.859365 0.053196
3688.456365 0.050650
3691.053365 0.049838
3693.650365 0.054706
3696.247365 0.051180
3698.844365 0.051034
3701.441365 0.047575
3704.038365 0.052530
3706.635365 0.057639
3709.232365 0.052450
3711.829365 0.051250
3714.426365 0.044762
3717.023365 0.051265
3719.620365 0.058186
3722.217365 0.083158
3724.814365 0.165824
3727.411365 0.256199
3730.008365 0.265741
3732.605365 0.177272
3735.202365 0.083782
3737.799365 0.057697
3740.396365 0.061042
3742.993365 0.061417
3745.590365 0.056499
3748.187365 0.051440
3750.784365 0.045070
3753.381365 0.051584
3755.978365 0.061277
3758.575365 0.057147
3761.172365 0.054864
3763.769365 0.059235
3766.366365 0.060919
3768.963365 0.056142
3771.560365 0.056249
3774.157365 0.060137
3776.754365 0.058276
3779.351365 0.066164
3781.948365 0.078767
3784.545365 0.079277
3787.142365 0.081795
3789.739365 0.071303
3792.336365 0.061236
3794.933365 0.061608
3797.530365 0.052868
3800.127365 0.053575
3802.724365 0.065268
3805.321365 0.070614
3807.918365 0.074919
3810.515365 0.077168
3813.112365 0.084765
3815.709365 0.071264
3818.306365 0.072077
3820.903365 0.078400
3823.500365 0.075326
3826.097365 0.074108
3828.694365 0.066382
3831.291365 0.060514
3833.888365 0.048371
3836.485365 0.047726
3839.082365 0.058004
3841.679365 0.066792
3844.276365 0.073032
3846.873365 0.074191
3849.470365 0.082633
3852.067365 0.084294
3854.664365 0.082482
3857.261365 0.081578
3859.858365 0.081994
3862.455365 0.085820
3865.052365 0.091696
3867.649365 0.096731
3870.246365 0.093587
3872.843365 0.090694
3875.440365 0.082164
3878.037365 0.075834
3880.634365 0.069058
3883.231365 0.068273
3885.828365 0.066205
3888.425365 0.059537
3891.022365 0.062773
3893.619365 0.058907
3896.216365 0.062935
3898.813365 0.074434
3901.410365 0.078353
3904.007365 0.078750
3906.604365 0.078614
3909.201365 0.087681
3911.798365 0.080345
3914.395365 0.086846
3916.992365 0.081806
3919.589365 0.085397
3922.186365 0.088594
3924.783365 0.088971
3927.380365 0.079952
3929.977365 0.072129
3932.574365 0.067627
3935.171365 0.063663
3937.768365 0.069939
3940.365365 0.075643
3942.962365 0.079742
3945.559365 0.079547
3948.156365 0.077843
3950.753365 0.078566
3953.350365 0.085372
3955.947365 0.074773
3958.544365 0.070942
3961.141365 0.068217
3963.738365 0.058372
3966.335365 0.059815
3968.932365 0.057093
3971.529365 0.055357
3974.126365 0.059534
3976.723365 0.063789
3979.320365 0.066411
3981.917365 0.073651
3984.514365 0.077879
3987.111365 0.079627
3989.708365 0.084349
3992.305365 0.084564
3994.902365 0.085841
3997.499365 0.087875
4000.096365 0.087896
4002.693365 0.092901
4005.290365 0.089706
4007.887365 0.083098
4010.484365 0.094461
4013.081365 0.092115
4015.678365 0.086996
4018.275365 0.089954
4020.872365 0.092725
4023.469365 0.090679
4026.066365 0.086975
4028.663365 0.082961
4031.260365 0.082313
4033.857365 0.090524
4036.454365 0.088283
4039.051365 0.094929
4041.648365 0.093272
4044.245365 0.090679
4046.842365 0.086804
4049.439365 0.087479
4052.036365 0.091960
4054.633365 0.089710
4057.230365 0.087929
4059.827365 0.091058
4062.424365 0.086922
4065.021365 0.084281
4067.618365 0.086675
4070.215365 0.091448
4072.812365 0.090366
4075.409365 0.087810
4078.006365 0.086214
4080.603365 0.087976
4083.200365 0.090065
4085.797365 0.088159
4088.394365 0.082692
4090.991365 0.078665
4093.588365 0.073295
4096.185365 0.069369
4098.782365 0.071733
4101.379365 0.073919
4103.976365 0.082748
4106.573365 0.076514
4109.170365 0.071679
4111.767365 0.076240
4114.364365 0.082513
4116.961365 0.081374
4119.558365 0.082572
4122.155365 0.087432
4124.752365 0.086253
4127.349365 0.082915
4129.946365 0.083591
4132.543365 0.090006
4135.140365 0.082375
4137.737365 0.082851
4140.334365 0.084308
4142.931365 0.082470
4145.528365 0.086316
4148.125365 0.089369
4150.722365 0.086090
4153.319365 0.083470
4155.916365 0.087947
4158.513365 0.089191
4161.110365 0.089324
4163.707365 0.092446
4166.304365 0.090350
4168.901365 0.086979
4171.498365 0.087193
4174.095365 0.085232
4176.692365 0.081972
4179.289365 0.084143
4181.886365 0.087267
4184.483365 0.086251
4187.080365 0.085950
4189.677365 0.088283
4192.274365 0.087407
4194.871365 0.086516
4197.468365 0.085410
4200.065365 0.080772
4202.662365 0.077118
4205.259365 0.081680
4207.856365 0.085450
4210.453365 0.083151
4213.050365 0.083091
4215.647365 0.083054
4218.244365 0.081745
4220.841365 0.086957
4223.438365 0.085470
4226.035365 0.083894
4228.632365 0.077670
4231.229365 0.079761
4233.826365 0.081354
4236.423365 0.080652
4239.020365 0.081485
4241.617365 0.076970
4244.214365 0.079926
4246.811365 0.080903
4249.408365 0.086450
4252.005365 0.087060
4254.602365 0.084127
4257.199365 0.083818
4259.796365 0.083564
4262.393365 0.085125
4264.990365 0.085336
4267.587365 0.083273
4270.184365 0.083038
4272.781365 0.081790
4275.378365 0.084218
4277.975365 0.084911
4280.572365 0.080597
4283.169365 0.082978
4285.766365 0.084498
4288.363365 0.082063
4290.960365 0.077589
4293.557365 0.078586
4296.154365 0.078807
4298.751365 0.073617
4301.348365 0.070972
4303.945365 0.073267
4306.542365 0.071958
4309.139365 0.073313
4311.736365 0.076525
4314.333365 0.076829
4316.930365 0.076911
4319.527365 0.077289
4322.124365 0.073755
4324.721365 0.071984
4327.318365 0.075303
4329.915365 0.075099
4332.512365 0.072822
4335.109365 0.080951
4337.706365 0.083818
4340.303365 0.088828
4342.900365 0.080820
4345.497365 0.070004
4348.094365 0.073666
4350.691365 0.071419
4353.288365 0.069579
4355.885365 0.072611
4358.482365 0.079696
4361.079365 0.083225
4363.676365 0.082351
4366.273365 0.084745
4368.870365 0.081133
4371.467365 0.074443
4374.064365 0.079946
4376.661365 0.079613
4379.258365 0.082449
4381.855365 0.080935
4384.452365 0.076251
4387.049365 0.076617
4389.646365 0.076113
4392.243365 0.079885
4394.840365 0.075828
4397.437365 0.071607
4400.034365 0.076851
4402.631365 0.075639
4405.228365 0.076753
4407.825365 0.081770
4410.422365 0.082755
4413.019365 0.080446
4415.616365 0.079017
4418.213365 0.076701
4420.810365 0.078412
4423.407365 0.081800
4426.004365 0.085403
4428.601365 0.084380
4431.198365 0.080006
4433.795365 0.078358
4436.392365 0.083905
4438.989365 0.085838
4441.586365 0.087150
4444.183365 0.080296
4446.780365 0.078551
4449.377365 0.082097
4451.974365 0.087270
4454.571365 0.084644
4457.168365 0.084843
4459.765365 0.088493
4462.362365 0.082092
4464.959365 0.079859
4467.556365 0.083181
4470.153365 0.085120
4472.750365 0.084293
4475.347365 0.085659
4477.944365 0.081974
4480.541365 0.083712
4483.138365 0.082058
4485.735365 0.082077
4488.332365 0.083437
4490.929365 0.080351
4493.526365 0.078199
4496.123365 0.076978
4498.720365 0.079285
4501.317365 0.081763
4503.914365 0.084556
4506.511365 0.083860
4509.108365 0.081404
4511.705365 0.082113
4514.302365 0.081698
4516.899365 0.080490
4519.496365 0.082966
4522.093365 0.084997
4524.690365 0.078516
4527.287365 0.078376
4529.884365 0.081926
4532.481365 0.079261
4535.078365 0.080676
4537.675365 0.081385
4540.272365 0.080472
4542.869365 0.076516
4545.466365 0.082810
4548.063365 0.080647
4550.660365 0.078264
4553.257365 0.076755
4555.854365 0.076995
4558.451365 0.083086
4561.048365 0.089600
4563.645365 0.086144
4566.242365 0.081918
4568.839365 0.083513
4571.436365 0.082265
4574.033365 0.084498
4576.630365 0.084990
4579.227365 0.085543
4581.824365 0.076103
4584.421365 0.077875
4587.018365 0.085571
4589.615365 0.079405
4592.212365 0.077978
4594.809365 0.077958
4597.406365 0.085887
4600.003365 0.080755
4602.600365 0.088213
4605.197365 0.083753
4607.794365 0.081367
4610.391365 0.081329
4612.988365 0.079040
4615.585365 0.085364
4618.182365 0.083063
4620.779365 0.081364
4623.376365 0.079883
4625.973365 0.083696
4628.570365 0.084440
4631.167365 0.083131
4633.764365 0.081400
4636.361365 0.084304
4638.958365 0.081809
4641.555365 0.082237
4644.152365 0.078768
4646.749365 0.080389
4649.346365 0.077578
4651.943365 0.072416
4654.540365 0.077700
4657.137365 0.082127
4659.734365 0.084855
4662.331365 0.084616
4664.928365 0.080137
4667.525365 0.083578
4670.122365 0.084976
4672.719365 0.082497
4675.316365 0.078396
4677.913365 0.080416
4680.510365 0.083793
4683.107365 0.078852
4685.704365 0.076716
4688.301365 0.081501
4690.898365 0.081617
4693.495365 0.078378
4696.092365 0.077515
4698.689365 0.082305
4701.286365 0.081533
4703.883365 0.078484
4706.480365 0.081035
4709.077365 0.080545
4711.674365 0.079060
4714.271365 0.083375
4716.868365 0.086000
4719.465365 0.084745
4722.062365 0.078130
4724.659365 0.082217
4727.256365 0.080321
4729.853365 0.083360
4732.450365 0.083970
4735.047365 0.079694
4737.644365 0.081227
4740.241365 0.085760
4742.838365 0.083916
4745.435365 0.083335
4748.032365 0.082828
4750.629365 0.083267
4753.226365 0.078619
4755.823365 0.078255
4758.420365 0.083040
4761.017365 0.077899
4763.614365 0.074894
4766.211365 0.080520
4768.808365 0.077797
4771.405365 0.079207
4774.002365 0.078660
4776.599365 0.076193
4779.196365 0.076403
4781.793365 0.073962
4784.390365 0.072405
4786.987365 0.070756
4789.584365 0.074144
4792.181365 0.078945
4794.778365 0.075823
4797.375365 0.077305
4799.972365 0.074774
4802.569365 0.074816
4805.166365 0.075655
4807.763365 0.073625
4810.360365 0.074843
4812.957365 0.077390
4815.554365 0.077663
4818.151365 0.079645
4820.748365 0.080828
4823.345365 0.075469
4825.942365 0.076864
4828.539365 0.081945
4831.136365 0.082645
4833.733365 0.073635
4836.330365 0.071824
4838.927365 0.077188
4841.524365 0.081354
4844.121365 0.075521
4846.718365 0.072626
4849.315365 0.071899
4851.912365 0.068490
4854.509365 0.071715
4857.106365 0.092172
4859.703365 0.128554
4862.300365 0.143529
4864.897365 0.100089
4867.494365 0.065451
4870.091365 0.065149
4872.688365 0.068979
4875.285365 0.077057
4877.882365 0.078523
4880.479365 0.076149
4883.076365 0.077950
4885.673365 0.076931
4888.270365 0.072302
4890.867365 0.071861
4893.464365 0.072942
4896.061365 0.079158
4898.658365 0.076351
4901.255365 0.073656
4903.852365 0.071651
4906.449365 0.072944
4909.046365 0.073620
4911.643365 0.073144
4914.240365 0.072287
4916.837365 0.068911
4919.434365 0.071387
4922.031365 0.074771
4924.628365 0.071708
4927.225365 0.078273
4929.822365 0.078382
4932.419365 0.076060
4935.016365 0.072072
4937.613365 0.072789
4940.210365 0.073732
4942.807365 0.074470
4945.404365 0.076574
4948.001365 0.079866
4950.598365 0.084470
4953.195365 0.094911
4955.792365 0.111996
4958.389365 0.126025
4960.986365 0.118238
4963.583365 0.098399
4966.180365 0.083775
4968.777365 0.077466
4971.374365 0.073367
4973.971365 0.073501
4976.568365 0.073318
4979.165365 0.072030
4981.762365 0.071373
4984.359365 0.072625
4986.956365 0.074045
4989.553365 0.076822
4992.150365 0.074132
4994.747365 0.072119
4997.344365 0.073189
4999.941365 0.080811
5002.538365 0.134071
5005.135365 0.231238
5007.732365 0.253676
5010.329365 0.173554
5012.926365 0.092237
5015.523365 0.071166
5018.120365 0.071034
5020.717365 0.068617
5023.314365 0.069797
5025.911365 0.068282
5028.508365 0.070865
5031.105365 0.075195
5033.702365 0.071418
5036.299365 0.070108
5038.896365 0.074307
5041.493365 0.073503
5044.090365 0.073476
5046.687365 0.075605
5049.284365 0.074972
5051.881365 0.074051
5054.478365 0.072126
5057.075365 0.073263
5059.672365 0.075804
5062.269365 0.075142
5064.866365 0.071948
5067.463365 0.070472
5070.060365 0.071747
5072.657365 0.071690
5075.254365 0.073618
5077.851365 0.070845
5080.448365 0.063523
5083.045365 0.067249
5085.642365 0.071476
5088.239365 0.075748
5090.836365 0.078883
5093.433365 0.076511
5096.030365 0.078728
5098.627365 0.073983
5101.224365 0.071581
5103.821365 0.073795
5106.418365 0.072342
5109.015365 0.069517
5111.612365 0.067529
5114.209365 0.069201
5116.806365 0.076211
5119.403365 0.076171
5122.000365 0.071672
5124.597365 0.071491
5127.194365 0.075844
5129.791365 0.072199
5132.388365 0.070925
5134.985365 0.072756
5137.582365 0.074797
5140.179365 0.071023
5142.776365 0.070673
5145.373365 0.071555
5147.970365 0.070404
5150.567365 0.070045
5153.164365 0.069705
5155.761365 0.069676
5158.358365 0.069784
5160.955365 0.075292
5163.552365 0.075904
5166.149365 0.067899
5168.746365 0.062673
5171.343365 0.064588
5173.940365 0.068427
5176.537365 0.071425
5179.134365 0.071402
5181.731365 0.072005
5184.328365 0.072050
5186.925365 0.070915
5189.522365 0.067641
5192.119365 0.067233
5194.716365 0.070193
5197.313365 0.069462
5199.910365 0.070782
5202.507365 0.073507
5205.104365 0.075149
5207.701365 0.069266
5210.298365 0.063112
5212.895365 0.069189
5215.492365 0.073931
5218.089365 0.069647
5220.686365 0.069611
5223.283365 0.067019
5225.880365 0.067648
5228.477365 0.065005
5231.074365 0.067530
5233.671365 0.067235
5236.268365 0.068664
5238.865365 0.070019
5241.462365 0.070892
5244.059365 0.071173
5246.656365 0.070444
5249.253365 0.069020
5251.850365 0.067861
5254.447365 0.070728
5257.044365 0.070254
5259.641365 0.070793
5262.238365 0.071953
5264.835365 0.065095
5267.432365 0.061863
5270.029365 0.066583
5272.626365 0.067859
5275.223365 0.066245
5277.820365 0.067098
5280.417365 0.067114
5283.014365 0.069936
5285.611365 0.072198
5288.208365 0.066104
5290.805365 0.065737
5293.402365 0.070964
5295.999365 0.068047
5298.596365 0.067456
5301.193365 0.065938
5303.790365 0.064917
5306.387365 0.063345
5308.984365 0.066648
5311.581365 0.066149
5314.178365 0.062894
5316.775365 0.060482
5319.372365 0.062878
5321.969365 0.063925
5324.566365 0.060765
5327.163365 0.057480
5329.760365 0.060670
5332.357365 0.060174
5334.954365 0.064977
5337.551365 0.066988
5340.148365 0.065077
5342.745365 0.066741
5345.342365 0.067851
5347.939365 0.060609
5350.536365 0.062523
5353.133365 0.071175
5355.730365 0.073711
5358.327365 0.071151
5360.924365 0.066844
5363.521365 0.064493
5366.118365 0.064051
5368.715365 0.066663
5371.312365 0.064149
5373.909365 0.063398
5376.506365 0.069538
5379.103365 0.071141
5381.700365 0.071566
5384.297365 0.068760
5386.894365 0.069376
5389.491365 0.071671
5392.088365 0.067658
5394.685365 0.066533
5397.282365 0.070175
5399.879365 0.068130
5402.476365 0.069241
5405.073365 0.071686
5407.670365 0.069436
5410.267365 0.070122
5412.864365 0.073158
5415.461365 0.071151
5418.058365 0.066978
5420.655365 0.066076
5423.252365 0.068718
5425.849365 0.070872
5428.446365 0.070549
5431.043365 0.067124
5433.640365 0.063765
5436.237365 0.065999
5438.834365 0.067998
5441.431365 0.066813
5444.028365 0.067137
5446.625365 0.068081
5449.222365 0.069688
5451.819365 0.068936
5454.416365 0.067384
5457.013365 0.069406
5459.610365 0.071012
5462.207365 0.070879
5464.804365 0.069143
5467.401365 0.064968
5469.998365 0.062633
5472.595365 0.066848
5475.192365 0.067936
5477.789365 0.068758
5480.386365 0.071546
5482.983365 0.072872
5485.580365 0.073301
5488.177365 0.074081
5490.774365 0.070113
5493.371365 0.067528
5495.968365 0.068733
5498.565365 0.068697
5501.162365 0.068286
5503.759365 0.069758
5506.356365 0.066686
5508.953365 0.066117
5511.550365 0.070361
5514.147365 0.070071
5516.744365 0.067743
5519.341365 0.069532
5521.938365 0.071502
5524.535365 0.067376
5527.132365 0.065841
5529.729365 0.070211
5532.326365 0.071308
5534.923365 0.069621
5537.520365 0.071123
5540.117365 0.069543
5542.714365 0.067527
5545.311365 0.065732
5547.908365 0.066089
5550.505365 0.070954
5553.102365 0.069431
5555.699365 0.067152
5558.296365 0.067062
5560.893365 0.066097
5563.490365 0.065468
5566.087365 0.062946
5568.684365 0.061909
5571.281365 0.063382
5573.878365 0.064545
5576.475365 0.067365
5579.072365 0.064950
5581.669365 0.065144
5584.266365 0.068695
5586.863365 0.069624
5589.460365 0.066664
5592.057365 0.065854
5594.654365 0.062229
5597.251365 0.062815
5599.848365 0.065853
5602.445365 0.064665
5605.042365 0.066373
5607.639365 0.069169
5610.236365 0.068672
5612.833365 0.065440
5615.430365 0.065504
5618.027365 0.065775
5620.624365 0.069922
5623.221365 0.075256
5625.818365 0.072776
5628.415365 0.064323
5631.012365 0.064032
5633.609365 0.067999
5636.206365 0.065092
5638.803365 0.062940
5641.400365 0.065290
5643.997365 0.071278
5646.594365 0.065766
5649.191365 0.061904
5651.788365 0.070162
5654.385365 0.073421
5656.982365 0.069324
5659.579365 0.068424
5662.176365 0.067926
5664.773365 0.066912
5667.370365 0.066825
5669.967365 0.068903
5672.564365 0.063394
5675.161365 0.062830
5677.758365 0.063877
5680.355365 0.065553
5682.952365 0.065528
5685.549365 0.063413
5688.146365 0.062068
5690.743365 0.062895
5693.340365 0.064334
5695.937365 0.062384
5698.534365 0.061946
5701.131365 0.066081
5703.728365 0.068776
5706.325365 0.062999
5708.922365 0.060729
5711.519365 0.065369
5714.116365 0.067872
5716.713365 0.063648
5719.310365 0.064361
5721.907365 0.071330
5724.504365 0.072330
5727.101365 0.069898
5729.698365 0.068276
5732.295365 0.066211
5734.892365 0.065618
5737.489365 0.066896
5740.086365 0.068435
5742.683365 0.065912
5745.280365 0.066521
5747.877365 0.066727
5750.474365 0.065285
5753.071365 0.066778
5755.668365 0.065716
5758.265365 0.066824
5760.862365 0.070234
5763.459365 0.073564
5766.056365 0.072641
5768.653365 0.065568
5771.250365 0.064615
5773.847365 0.067082
5776.444365 0.066801
5779.041365 0.064898
5781.638365 0.062492
5784.235365 0.061481
5786.832365 0.061295
5789.429365 0.066813
5792.026365 0.068530
5794.623365 0.066264
5797.220365 0.065829
5799.817365 0.066289
5802.414365 0.065803
5805.011365 0.067936
5807.608365 0.068659
5810.205365 0.063276
5812.802365 0.061959
5815.399365 0.065084
5817.996365 0.060426
5820.593365 0.056856
5823.190365 0.061176
5825.787365 0.065369
5828.384365 0.068507
5830.981365 0.069207
5833.578365 0.065464
5836.175365 0.063818
5838.772365 0.064811
5841.369365 0.067540
5843.966365 0.064414
5846.563365 0.061876
5849.160365 0.064873
5851.757365 0.060904
5854.354365 0.060240
5856.951365 0.061299
5859.548365 0.063809
5862.145365 0.067366
5864.742365 0.067867
5867.339365 0.067469
5869.936365 0.067479
5872.533365 0.072493
5875.130365 0.074648
5877.727365 0.075985
5880.324365 0.068989
5882.921365 0.064718
5885.518365 0.062700
5888.115365 0.061606
5890.712365 0.058734
5893.309365 0.058362
5895.906365 0.066250
5898.503365 0.072252
5901.100365 0.068244
5903.697365 0.063668
5906.294365 0.062885
5908.891365 0.062831
5911.488365 0.060091
5914.085365 0.058601
5916.682365 0.062845
5919.279365 0.065034
5921.876365 0.066000
5924.473365 0.066853
5927.070365 0.065747
5929.667365 0.059278
5932.264365 0.057217
5934.861365 0.058432
5937.458365 0.056210
5940.055365 0.053857
5942.652365 0.058504
5945.249365 0.061507
5947.846365 0.062563
5950.443365 0.062697
5953.040365 0.060898
5955.637365 0.057389
5958.234365 0.057304
5960.831365 0.054408
5963.428365 0.053386
5966.025365 0.058122
5968.622365 0.063582
5971.219365 0.066161
5973.816365 0.059857
5976.413365 0.062083
5979.010365 0.062814
5981.607365 0.059415
5984.204365 0.061159
5986.801365 0.064259
5989.398365 0.063789
5991.995365 0.064551
5994.592365 0.063809
5997.189365 0.060053
5999.786365 0.063342
6002.383365 0.063262
6004.980365 0.060881
6007.577365 0.064399
6010.174365 0.065229
6012.771365 0.058786
6015.368365 0.062396
6017.965365 0.065543
6020.562365 0.063106
6023.159365 0.062257
6025.756365 0.063009
6028.353365 0.062749
6030.950365 0.060353
6033.547365 0.062820
6036.144365 0.065784
6038.741365 0.066547
6041.338365 0.064286
6043.935365 0.060943
6046.532365 0.056104
6049.129365 0.057799
6051.726365 0.061922
6054.323365 0.067272
6056.920365 0.065765
6059.517365 0.064462
6062.114365 0.059803
6064.711365 0.055840
6067.308365 0.055996
6069.905365 0.059953
6072.502365 0.061473
6075.099365 0.056574
6077.696365 0.057417
6080.293365 0.060061
6082.890365 0.058287
6085.487365 0.054921
6088.084365 0.053504
6090.681365 0.059338
6093.278365 0.060700
6095.875365 0.060536
6098.472365 0.056925
6101.069365 0.052150
6103.666365 0.056085
6106.263365 0.064224
6108.860365 0.061981
6111.457365 0.057532
6114.054365 0.058792
6116.651365 0.063383
6119.248365 0.060949
6121.845365 0.058325
6124.442365 0.058449
6127.039365 0.057279
6129.636365 0.056917
6132.233365 0.054919
6134.830365 0.052537
6137.427365 0.054092
6140.024365 0.058373
6142.621365 0.059050
6145.218365 0.055410
6147.815365 0.058555
6150.412365 0.057292
6153.009365 0.054666
6155.606365 0.054952
6158.203365 0.051222
6160.800365 0.048705
6163.397365 0.050950
6165.994365 0.057101
6168.591365 0.061431
6171.188365 0.060303
6173.785365 0.054831
6176.382365 0.055710
6178.979365 0.061117
6181.576365 0.056970
6184.173365 0.057602
6186.770365 0.059177
6189.367365 0.059484
6191.964365 0.059761
6194.561365 0.059475
6197.158365 0.054070
6199.755365 0.054921
6202.352365 0.051229
6204.949365 0.053258
6207.546365 0.058669
6210.143365 0.059571
6212.740365 0.057911
6215.337365 0.061010
6217.934365 0.059573
6220.531365 0.054591
6223.128365 0.056827
6225.725365 0.058590
6228.322365 0.056226
6230.919365 0.058857
6233.516365 0.053970
6236.113365 0.057534
6238.710365 0.060871
6241.307365 0.057003
6243.904365 0.055163
6246.501365 0.055311
6249.098365 0.060071
6251.695365 0.059558
6254.292365 0.059463
6256.889365 0.055926
6259.486365 0.058895
6262.083365 0.055751
6264.680365 0.054887
6267.277365 0.058084
6269.874365 0.059301
6272.471365 0.055592
6275.068365 0.054211
6277.665365 0.059516
6280.262365 0.056921
6282.859365 0.052037
6285.456365 0.055949
6288.053365 0.058841
6290.650365 0.061321
6293.247365 0.061881
6295.844365 0.063509
6298.441365 0.065472
6301.038365 0.065985
6303.635365 0.069435
6306.232365 0.061556
6308.829365 0.057283
6311.426365 0.058780
6314.023365 0.057854
6316.620365 0.051084
6319.217365 0.050961
6321.814365 0.051784
6324.411365 0.056021
6327.008365 0.061993
6329.605365 0.058427
6332.202365 0.053383
6334.799365 0.057994
6337.396365 0.058988
6339.993365 0.057070
6342.590365 0.054494
6345.187365 0.055292
6347.784365 0.054387
6350.381365 0.053355
6352.978365 0.057055
6355.575365 0.058807
6358.172365 0.060771
6360.769365 0.062245
6363.366365 0.059955
6365.963365 0.058013
6368.560365 0.057332
6371.157365 0.058295
6373.754365 0.056666
6376.351365 0.054324
6378.948365 0.055953
6381.545365 0.057755
6384.142365 0.052484
6386.739365 0.053537
6389.336365 0.054765
6391.933365 0.052325
6394.530365 0.055302
6397.127365 0.058471
6399.724365 0.056362
6402.321365 0.052705
6404.918365 0.056397
6407.515365 0.056441
6410.112365 0.052037
6412.709365 0.055989
6415.306365 0.054969
6417.903365 0.059975
6420.500365 0.060885
6423.097365 0.061264
6425.694365 0.061578
6428.291365 0.055074
6430.888365 0.055473
6433.485365 0.055566
6436.082365 0.057301
6438.679365 0.055164
6441.276365 0.060082
6443.873365 0.054541
6446.470365 0.048407
6449.067365 0.051850
6451.664365 0.055977
6454.261365 0.057820
6456.858365 0.054655
