3132.118006 0.043126
3134.715006 0.041175
3137.312006 0.040868
3139.909006 0.041333
3142.506006 0.033931
3145.103006 0.036153
3147.700006 0.041037
3150.297006 0.040611
3152.894006 0.037084
3155.491006 0.035801
3158.088006 0.034808
3160.685006 0.033894
3163.282006 0.037185
3165.879006 0.039612
3168.476006 0.036315
3171.073006 0.036169
3173.670006 0.040446
3176.267006 0.040104
3178.864006 0.039819
3181.461006 0.038267
3184.058006 0.040348
3186.655006 0.041843
3189.252006 0.039750
3191.849006 0.037295
3194.446006 0.035610
3197.043006 0.036424
3199.640006 0.039091
3202.237006 0.039536
3204.834006 0.037924
3207.431006 0.039048
3210.028006 0.040660
3212.625006 0.039635
3215.222006 0.037129
3217.819006 0.038963
3220.416006 0.038199
3223.013006 0.037902
3225.610006 0.037461
3228.207006 0.033931
3230.804006 0.035234
3233.401006 0.034966
3235.998006 0.036854
3238.595006 0.039600
3241.192006 0.036433
3243.789006 0.040574
3246.386006 0.042732
3248.983006 0.041997
3251.580006 0.039955
3254.177006 0.038229
3256.774006 0.039305
3259.371006 0.042233
3261.968006 0.041099
3264.565006 0.041980
3267.162006 0.044521
3269.759006 0.042156
3272.356006 0.038967
3274.953006 0.037895
3277.550006 0.039010
3280.147006 0.039173
3282.744006 0.039956
3285.341006 0.039295
3287.938006 0.039799
3290.535006 0.041941
3293.132006 0.042045
3295.729006 0.041182
3298.326006 0.041287
3300.923006 0.042853
3303.520006 0.042582
3306.117006 0.041035
3308.714006 0.040080
3311.311006 0.042284
3313.908006 0.042181
3316.505006 0.041264
3319.102006 0.039973
3321.699006 0.038645
3324.296006 0.038043
3326.893006 0.038508
3329.490006 0.040144
3332.087006 0.039221
3334.684006 0.037180
3337.281006 0.035822
3339.878006 0.037705
3342.475006 0.038510
3345.072006 0.040809
3347.669006 0.042902
3350.266006 0.043155
3352.863006 0.042387
3355.460006 0.042117
3358.057006 0.042403
3360.654006 0.040411
3363.251006 0.039188
3365.848006 0.040558
3368.445006 0.042161
3371.042006 0.039357
3373.639006 0.038553
3376.236006 0.040312
3378.833006 0.038424
3381.430006 0.037339
3384.027006 0.039069
3386.624006 0.040331
3389.221006 0.040613
3391.818006 0.042189
3394.415006 0.041912
3397.012006 0.042190
3399.609006 0.042098
3402.206006 0.043720
3404.803006 0.045093
3407.400006 0.042541
3409.997006 0.039888
3412.594006 0.042627
3415.191006 0.042877
3417.788006 0.042896
3420.385006 0.043178
3422.982006 0.041669
3425.579006 0.042180
3428.176006 0.042494
3430.773006 0.043312
3433.370006 0.043564
3435.967006 0.042344
3438.564006 0.041318
3441.161006 0.039332
3443.758006 0.038148
3446.355006 0.040932
3448.952006 0.042020
3451.549006 0.042866
3454.146006 0.046163
3456.743006 0.045264
3459.340006 0.041852
3461.937006 0.041769
3464.534006 0.041332
3467.131006 0.042380
3469.728006 0.044057
3472.325006 0.044287
3474.922006 0.043890
3477.519006 0.042564
3480.116006 0.043127
3482.713006 0.044250
3485.310006 0.044678
3487.907006 0.044745
3490.504006 0.044862
3493.101006 0.044147
3495.698006 0.042053
3498.295006 0.042791
3500.892006 0.044206
3503.489006 0.043801
3506.086006 0.046659
3508.683006 0.047411
3511.280006 0.045901
3513.877006 0.044005
3516.474006 0.044799
3519.071006 0.045482
3521.668006 0.043496
3524.265006 0.044547
3526.862006 0.043859
3529.459006 0.045372
3532.056006 0.046376
3534.653006 0.045433
3537.250006 0.045180
3539.847006 0.046303
3542.444006 0.046921
3545.041006 0.048108
3547.638006 0.047859
3550.235006 0.046934
3552.832006 0.047206
3555.429006 0.044573
3558.026006 0.045881
3560.623006 0.048031
3563.220006 0.046887
3565.817006 0.043140
3568.414006 0.041039
3571.011006 0.040100
3573.608006 0.042537
3576.205006 0.042984
3578.802006 0.041952
3581.399006 0.041177
3583.996006 0.040916
3586.593006 0.039672
3589.190006 0.040326
3591.787006 0.042667
3594.384006 0.045117
3596.981006 0.047155
3599.578006 0.048732
3602.175006 0.046440
3604.772006 0.043965
3607.369006 0.044707
3609.966006 0.045504
3612.563006 0.044217
3615.160006 0.044755
3617.757006 0.046112
3620.354006 0.047025
3622.951006 0.047400
3625.548006 0.047322
3628.145006 0.048636
3630.742006 0.049619
3633.339006 0.047319
3635.936006 0.044185
3638.533006 0.046327
3641.130006 0.049116
3643.727006 0.046173
3646.324006 0.043643
3648.921006 0.045787
3651.518006 0.046949
3654.115006 0.050387
3656.712006 0.049588
3659.309006 0.050341
3661.906006 0.049486
3664.503006 0.050317
3667.100006 0.050618
3669.697006 0.049199
3672.294006 0.049846
3674.891006 0.049021
3677.488006 0.048568
3680.085006 0.047307
3682.682006 0.046218
3685.279006 0.046935
3687.876006 0.047755
3690.473006 0.049482
3693.070006 0.051976
3695.667006 0.051606
3698.264006 0.051991
3700.861006 0.052083
3703.458006 0.048820
3706.055006 0.045445
3708.652006 0.045770
3711.249006 0.048037
3713.846006 0.050198
3716.443006 0.052020
3719.040006 0.052160
3721.637006 0.058094
3724.234006 0.081470
3726.831006 0.106099
3729.428006 0.109888
3732.025006 0.087278
3734.622006 0.059755
3737.219006 0.047965
3739.816006 0.049292
3742.413006 0.051501
3745.010006 0.049700
3747.607006 0.047358
3750.204006 0.046391
3752.801006 0.048988
3755.398006 0.053921
3757.995006 0.055338
3760.592006 0.054505
3763.189006 0.056410
3765.786006 0.057152
3768.383006 0.052239
3770.980006 0.052166
3773.577006 0.055632
3776.174006 0.058595
3778.771006 0.061694
3781.368006 0.065224
3783.965006 0.067707
3786.562006 0.066675
3789.159006 0.063429
3791.756006 0.058365
3794.353006 0.054146
3796.950006 0.050480
3799.547006 0.050764
3802.144006 0.054636
3804.741006 0.059482
3807.338006 0.063021
3809.935006 0.065859
3812.532006 0.066557
3815.129006 0.065473
3817.726006 0.063392
3820.323006 0.059945
3822.920006 0.057834
3825.517006 0.056950
3828.114006 0.054359
3830.711006 0.049333
3833.308006 0.045103
3835.905006 0.043018
3838.502006 0.042929
3841.099006 0.048702
3843.696006 0.057317
3846.293006 0.062721
3848.890006 0.063928
3851.487006 0.065426
3854.084006 0.066552
3856.681006 0.065179
3859.278006 0.064750
3861.875006 0.067533
3864.472006 0.069025
3867.069006 0.071211
3869.666006 0.071419
3872.263006 0.067471
3874.860006 0.063076
3877.457006 0.063507
3880.054006 0.061329
3882.651006 0.058976
3885.248006 0.059393
3887.845006 0.053820
3890.442006 0.050781
3893.039006 0.052411
3895.636006 0.055364
3898.233006 0.065516
3900.830006 0.067397
3903.427006 0.067489
3906.024006 0.068618
3908.621006 0.070605
3911.218006 0.073887
3913.815006 0.075534
3916.412006 0.074738
3919.009006 0.071425
3921.606006 0.069534
3924.203006 0.068671
3926.800006 0.063978
3929.397006 0.055240
3931.994006 0.047064
3934.591006 0.042868
3937.188006 0.044474
3939.785006 0.054691
3942.382006 0.061586
3944.979006 0.068367
3947.576006 0.071364
3950.173006 0.072908
3952.770006 0.073283
3955.367006 0.071996
3957.964006 0.066265
3960.561006 0.061690
3963.158006 0.055277
3965.755006 0.048090
3968.352006 0.045423
3970.949006 0.046206
3973.546006 0.049675
3976.143006 0.056837
3978.740006 0.065824
3981.337006 0.069280
3983.934006 0.073775
3986.531006 0.075760
3989.128006 0.077405
3991.725006 0.078672
3994.322006 0.077821
3996.919006 0.081592
3999.516006 0.085569
4002.113006 0.086338
4004.710006 0.082540
4007.307006 0.082013
4009.904006 0.084247
4012.501006 0.086268
4015.098006 0.088213
4017.695006 0.089224
4020.292006 0.089623
4022.889006 0.089042
4025.486006 0.085656
4028.083006 0.085191
4030.680006 0.084152
4033.277006 0.084618
4035.874006 0.084708
4038.471006 0.085679
4041.068006 0.085597
4043.665006 0.085659
4046.262006 0.086403
4048.859006 0.088207
4051.456006 0.088289
4054.053006 0.089287
4056.650006 0.086346
4059.247006 0.084906
4061.844006 0.084274
4064.441006 0.082488
4067.038006 0.084002
4069.635006 0.084257
4072.232006 0.083458
4074.829006 0.080675
4077.426006 0.081065
4080.023006 0.081765
4082.620006 0.082334
4085.217006 0.083288
4087.814006 0.083925
4090.411006 0.083542
4093.008006 0.079602
4095.605006 0.073409
4098.202006 0.070504
4100.799006 0.068203
4103.396006 0.071799
4105.993006 0.073437
4108.590006 0.075093
4111.187006 0.079780
4113.784006 0.081919
4116.381006 0.082902
4118.978006 0.083031
4121.575006 0.082668
4124.172006 0.082961
4126.769006 0.085037
4129.366006 0.084206
4131.963006 0.083668
4134.560006 0.084884
4137.157006 0.085615
4139.754006 0.085128
4142.351006 0.082421
4144.948006 0.083268
4147.545006 0.083551
4150.142006 0.084765
4152.739006 0.085187
4155.336006 0.083918
4157.933006 0.084613
4160.530006 0.086958
4163.127006 0.089904
4165.724006 0.090354
4168.321006 0.087086
4170.918006 0.085568
4173.515006 0.084655
4176.112006 0.083158
4178.709006 0.080417
4181.306006 0.082558
4183.903006 0.084704
4186.500006 0.085243
4189.097006 0.084358
4191.694006 0.084334
4194.291006 0.084649
4196.888006 0.085988
4199.485006 0.085642
4202.082006 0.083621
4204.679006 0.085405
4207.276006 0.086570
4209.873006 0.087802
4212.470006 0.089039
4215.067006 0.089465
4217.664006 0.089301
4220.261006 0.089002
4222.858006 0.087515
4225.455006 0.083186
4228.052006 0.083348
4230.649006 0.085035
4233.246006 0.085898
4235.843006 0.087479
4238.440006 0.088982
4241.037006 0.089056
4243.634006 0.089445
4246.231006 0.090028
4248.828006 0.089817
4251.425006 0.088832
4254.022006 0.087318
4256.619006 0.085826
4259.216006 0.085496
4261.813006 0.088797
4264.410006 0.089948
4267.007006 0.089823
4269.604006 0.085630
4272.201006 0.083481
4274.798006 0.083336
4277.395006 0.085050
4279.992006 0.087857
4282.589006 0.087322
4285.186006 0.085900
4287.783006 0.083651
4290.380006 0.080257
4292.977006 0.081181
4295.574006 0.080983
4298.171006 0.078611
4300.768006 0.075516
4303.365006 0.072889
4305.962006 0.072560
4308.559006 0.073908
4311.156006 0.076572
4313.753006 0.081530
4316.350006 0.086928
4318.947006 0.087867
4321.544006 0.085788
4324.141006 0.082441
4326.738006 0.081992
4329.335006 0.083500
4331.932006 0.082931
4334.529006 0.082559
4337.126006 0.081617
4339.723006 0.082109
4342.320006 0.083172
4344.917006 0.084100
4347.514006 0.082455
4350.111006 0.081626
4352.708006 0.082417
4355.305006 0.085597
4357.902006 0.090471
4360.499006 0.093479
4363.096006 0.094717
4365.693006 0.093899
4368.290006 0.091514
4370.887006 0.089791
4373.484006 0.090031
4376.081006 0.089719
4378.678006 0.089824
4381.275006 0.088527
4383.872006 0.083927
4386.469006 0.080993
4389.066006 0.081443
4391.663006 0.085239
4394.260006 0.092612
4396.857006 0.096456
4399.454006 0.091093
4402.051006 0.088600
4404.648006 0.087032
4407.245006 0.087443
4409.842006 0.091078
4412.439006 0.094194
4415.036006 0.093080
4417.633006 0.091713
4420.230006 0.090363
4422.827006 0.091043
4425.424006 0.093055
4428.021006 0.094677
4430.618006 0.092959
4433.215006 0.091522
4435.812006 0.092998
4438.409006 0.095751
4441.006006 0.095248
4443.603006 0.094423
4446.200006 0.095774
4448.797006 0.099033
4451.394006 0.097598
4453.991006 0.094614
4456.588006 0.093478
4459.185006 0.092208
4461.782006 0.091599
4464.379006 0.089523
4466.976006 0.089455
4469.573006 0.093454
4472.170006 0.096457
4474.767006 0.097565
4477.364006 0.098777
4479.961006 0.097061
4482.558006 0.097171
4485.155006 0.097653
4487.752006 0.097400
4490.349006 0.097033
4492.946006 0.097796
4495.543006 0.098776
4498.140006 0.098979
4500.737006 0.101577
4503.334006 0.104111
4505.931006 0.103135
4508.528006 0.102609
4511.125006 0.103508
4513.722006 0.104544
4516.319006 0.104459
4518.916006 0.103108
4521.513006 0.099992
4524.110006 0.095970
4526.707006 0.093575
4529.304006 0.091415
4531.901006 0.091122
4534.498006 0.094956
4537.095006 0.098549
4539.692006 0.100906
4542.289006 0.100706
4544.886006 0.098392
4547.483006 0.097135
4550.080006 0.095298
4552.677006 0.095108
4555.274006 0.097775
4557.871006 0.100355
4560.468006 0.102758
4563.065006 0.100797
4565.662006 0.100806
4568.259006 0.102515
4570.856006 0.101521
4573.453006 0.101256
4576.050006 0.103237
4578.647006 0.101543
4581.244006 0.097744
4583.841006 0.096133
4586.438006 0.097509
4589.035006 0.099154
4591.632006 0.100144
4594.229006 0.100544
4596.826006 0.099789
4599.423006 0.098366
4602.020006 0.097872
4604.617006 0.098738
4607.214006 0.100020
4609.811006 0.102097
4612.408006 0.103110
4615.005006 0.102085
4617.602006 0.100503
4620.199006 0.102568
4622.796006 0.103190
4625.393006 0.102461
4627.990006 0.102188
4630.587006 0.102834
4633.184006 0.103826
4635.781006 0.103113
4638.378006 0.103499
4640.975006 0.102255
4643.572006 0.098881
4646.169006 0.097232
4648.766006 0.096281
4651.363006 0.098138
4653.960006 0.099786
4656.557006 0.099260
4659.154006 0.100684
4661.751006 0.101798
4664.348006 0.100156
4666.945006 0.097609
4669.542006 0.097014
4672.139006 0.097722
4674.736006 0.098193
4677.333006 0.100215
4679.930006 0.101266
4682.527006 0.100144
4685.124006 0.099715
4687.721006 0.100354
4690.318006 0.100732
4692.915006 0.100606
4695.512006 0.100570
4698.109006 0.100770
4700.706006 0.099904
4703.303006 0.098369
4705.900006 0.100421
4708.497006 0.100358
4711.094006 0.100029
4713.691006 0.101214
4716.288006 0.102177
4718.885006 0.102828
4721.482006 0.104025
4724.079006 0.103887
4726.676006 0.101809
4729.273006 0.099655
4731.870006 0.097500
4734.467006 0.097270
4737.064006 0.099825
4739.661006 0.104203
4742.258006 0.104982
4744.855006 0.101909
4747.452006 0.098762
4750.049006 0.098459
4752.646006 0.099822
4755.243006 0.101396
4757.840006 0.101308
4760.437006 0.100216
4763.034006 0.099074
4765.631006 0.097494
4768.228006 0.097569
4770.825006 0.100517
4773.422006 0.103236
4776.019006 0.102732
4778.616006 0.100980
4781.213006 0.100063
4783.810006 0.098721
4786.407006 0.097090
4789.004006 0.098595
4791.601006 0.101967
4794.198006 0.101845
4796.795006 0.103322
4799.392006 0.103968
4801.989006 0.102096
4804.586006 0.101431
4807.183006 0.100859
4809.780006 0.100584
4812.377006 0.101583
4814.974006 0.102316
4817.571006 0.104124
4820.168006 0.104224
4822.765006 0.103690
4825.362006 0.102607
4827.959006 0.101088
4830.556006 0.101581
4833.153006 0.100480
4835.750006 0.099892
4838.347006 0.099854
4840.944006 0.099527
4843.541006 0.098775
4846.138006 0.099029
4848.735006 0.098467
4851.332006 0.094952
4853.929006 0.093124
4856.526006 0.099812
4859.123006 0.110083
4861.720006 0.115665
4864.317006 0.113006
4866.914006 0.099564
4869.511006 0.090055
4872.108006 0.087587
4874.705006 0.088931
4877.302006 0.093054
4879.899006 0.094849
4882.496006 0.094596
4885.093006 0.093499
4887.690006 0.093968
4890.287006 0.095670
4892.884006 0.098078
4895.481006 0.101152
4898.078006 0.102350
4900.675006 0.103615
4903.272006 0.103215
4905.869006 0.103176
4908.466006 0.101441
4911.063006 0.100643
4913.660006 0.099363
4916.257006 0.098465
4918.854006 0.097470
4921.451006 0.094365
4924.048006 0.096863
4926.645006 0.100957
4929.242006 0.103092
4931.839006 0.104377
4934.436006 0.103451
4937.033006 0.101033
4939.630006 0.101125
4942.227006 0.102690
4944.824006 0.106589
4947.421006 0.106953
4950.018006 0.104683
4952.615006 0.104699
4955.212006 0.105690
4957.809006 0.106277
4960.406006 0.108082
4963.003006 0.107578
4965.600006 0.104512
4968.197006 0.102424
4970.794006 0.101238
4973.391006 0.101065
4975.988006 0.101732
4978.585006 0.100376
4981.182006 0.097610
4983.779006 0.095535
4986.376006 0.095267
4988.973006 0.096553
4991.570006 0.098625
4994.167006 0.101026
4996.764006 0.101920
4999.361006 0.103040
5001.958006 0.106644
5004.555006 0.113451
5007.152006 0.119121
5009.749006 0.116452
5012.346006 0.108503
5014.943006 0.099463
5017.540006 0.095712
5020.137006 0.095157
5022.734006 0.095704
5025.331006 0.096902
5027.928006 0.097499
5030.525006 0.098396
5033.122006 0.098748
5035.719006 0.098456
5038.316006 0.096931
5040.913006 0.095555
5043.510006 0.096734
5046.107006 0.098756
5048.704006 0.099365
5051.301006 0.098703
5053.898006 0.100418
5056.495006 0.101003
5059.092006 0.100431
5061.689006 0.102788
5064.286006 0.103622
5066.883006 0.102653
5069.480006 0.100188
5072.077006 0.097207
5074.674006 0.096636
5077.271006 0.096152
5079.868006 0.097311
5082.465006 0.096222
5085.062006 0.097149
5087.659006 0.098198
5090.256006 0.099101
5092.853006 0.100584
5095.450006 0.100872
5098.047006 0.097552
5100.644006 0.096569
5103.241006 0.096787
5105.838006 0.098493
5108.435006 0.098813
5111.032006 0.099769
5113.629006 0.101815
5116.226006 0.102991
5118.823006 0.101894
5121.420006 0.097934
5124.017006 0.097165
5126.614006 0.098618
5129.211006 0.098485
5131.808006 0.098023
5134.405006 0.098121
5137.002006 0.098728
5139.599006 0.096913
5142.196006 0.092642
5144.793006 0.092944
5147.390006 0.094673
5149.987006 0.095421
5152.584006 0.095771
5155.181006 0.096663
5157.778006 0.097739
5160.375006 0.098363
5162.972006 0.095730
5165.569006 0.091780
5168.166006 0.087222
5170.763006 0.087146
5173.360006 0.089229
5175.957006 0.090330
5178.554006 0.092035
5181.151006 0.090630
5183.748006 0.089937
5186.345006 0.091288
5188.942006 0.094103
5191.539006 0.095109
5194.136006 0.096683
5196.733006 0.098518
5199.330006 0.099906
5201.927006 0.098886
5204.524006 0.096407
5207.121006 0.095109
5209.718006 0.094058
5212.315006 0.094703
5214.912006 0.096577
5217.509006 0.098695
5220.106006 0.100712
5222.703006 0.098469
5225.300006 0.095378
5227.897006 0.094486
5230.494006 0.096968
5233.091006 0.098616
5235.688006 0.098871
5238.285006 0.098865
5240.882006 0.102243
5243.479006 0.103125
5246.076006 0.099814
5248.673006 0.098214
5251.270006 0.096414
5253.867006 0.096079
5256.464006 0.098321
5259.061006 0.099610
5261.658006 0.098419
5264.255006 0.093712
5266.852006 0.089797
5269.449006 0.090850
5272.046006 0.094151
5274.643006 0.095700
5277.240006 0.097379
5279.837006 0.100862
5282.434006 0.101655
5285.031006 0.100865
5287.628006 0.102316
5290.225006 0.103533
5292.822006 0.102967
5295.419006 0.103469
5298.016006 0.100088
5300.613006 0.098735
5303.210006 0.100766
5305.807006 0.104726
5308.404006 0.105428
5311.001006 0.105277
5313.598006 0.103444
5316.195006 0.103252
5318.792006 0.102795
5321.389006 0.100459
5323.986006 0.099074
5326.583006 0.098080
5329.180006 0.099980
5331.777006 0.100532
5334.374006 0.099930
5336.971006 0.099046
5339.568006 0.098818
5342.165006 0.098122
5344.762006 0.099112
5347.359006 0.100997
5349.956006 0.102812
5352.553006 0.101243
5355.150006 0.104942
5357.747006 0.106155
5360.344006 0.104432
5362.941006 0.103221
5365.538006 0.101357
5368.135006 0.098636
5370.732006 0.096874
5373.329006 0.099729
5375.926006 0.100993
5378.523006 0.101893
5381.120006 0.101696
5383.717006 0.100897
5386.314006 0.103741
5388.911006 0.102012
5391.508006 0.099154
5394.105006 0.097109
5396.702006 0.098011
5399.299006 0.097154
5401.896006 0.096594
5404.493006 0.094948
5407.090006 0.096264
5409.687006 0.098376
5412.284006 0.098547
5414.881006 0.100971
5417.478006 0.105967
5420.075006 0.106736
5422.672006 0.101976
5425.269006 0.098545
5427.866006 0.099306
5430.463006 0.103730
5433.060006 0.103470
5435.657006 0.099271
5438.254006 0.101541
5440.851006 0.104857
5443.448006 0.103276
5446.045006 0.103215
5448.642006 0.103705
5451.239006 0.101595
5453.836006 0.100935
5456.433006 0.100098
5459.030006 0.100734
5461.627006 0.102463
5464.224006 0.103306
5466.821006 0.103788
5469.418006 0.100227
5472.015006 0.098429
5474.612006 0.099918
5477.209006 0.098914
5479.806006 0.098957
5482.403006 0.099038
5485.000006 0.101237
5487.597006 0.102739
5490.194006 0.104162
5492.791006 0.103244
5495.388006 0.101164
5497.985006 0.101072
5500.582006 0.104758
5503.179006 0.102928
5505.776006 0.100427
5508.373006 0.099971
5510.970006 0.103975
5513.567006 0.103919
5516.164006 0.102428
5518.761006 0.101935
5521.358006 0.105320
5523.955006 0.106342
5526.552006 0.103121
5529.149006 0.102031
5531.746006 0.103137
5534.343006 0.106672
5536.940006 0.109026
5539.537006 0.109893
5542.134006 0.107462
5544.731006 0.105568
5547.328006 0.105028
5549.925006 0.107018
5552.522006 0.108704
5555.119006 0.105796
5557.716006 0.104973
5560.313006 0.104385
5562.910006 0.105269
5565.507006 0.104237
5568.104006 0.103269
5570.701006 0.105625
5573.298006 0.107224
5575.895006 0.107996
5578.492006 0.107155
5581.089006 0.103313
5583.686006 0.100840
5586.283006 0.098974
5588.880006 0.098595
5591.477006 0.101379
5594.074006 0.102698
5596.671006 0.100555
5599.268006 0.101673
5601.865006 0.101331
