2261.663258 0.058601
2263.793258 0.054686
2265.923258 0.050246
2268.053258 0.052573
2270.183258 0.057387
2272.313258 0.059551
2274.443258 0.056096
2276.573258 0.049164
2278.703258 0.056436
2280.833258 0.065611
2282.963258 0.053305
2285.093258 0.049216
2287.223258 0.060912
2289.353258 0.060960
2291.483258 0.056443
2293.613258 0.052201
2295.743258 0.056886
2297.873258 0.060997
2300.003258 0.060015
2302.133258 0.060316
2304.263258 0.060460
2306.393258 0.059715
2308.523258 0.064414
2310.653258 0.062308
2312.783258 0.060612
2314.913258 0.060873
2317.043258 0.059218
2319.173258 0.059430
2321.303258 0.058433
2323.433258 0.065855
2325.563258 0.072585
2327.693258 0.071565
2329.823258 0.069405
2331.953258 0.058833
2334.083258 0.057852
2336.213258 0.060098
2338.343258 0.061547
2340.473258 0.060354
2342.603258 0.047516
2344.733258 0.041825
2346.863258 0.039954
2348.993258 0.057508
2351.123258 0.064599
2353.253258 0.062544
2355.383258 0.057234
2357.513258 0.059823
2359.643258 0.055395
2361.773258 0.058557
2363.903258 0.061756
2366.033258 0.061039
2368.163258 0.056913
2370.293258 0.057289
2372.423258 0.047291
2374.553258 0.039290
2376.683258 0.043040
2378.813258 0.049049
2380.943258 0.050100
2383.073258 0.042352
2385.203258 0.046701
2387.333258 0.055403
2389.463258 0.057761
2391.593258 0.057699
2393.723258 0.063989
2395.853258 0.060901
2397.983258 0.056443
2400.113258 0.056271
2402.243258 0.056130
2404.373258 0.051874
2406.503258 0.053729
2408.633258 0.056834
2410.763258 0.058139
2412.893258 0.060814
2415.023258 0.058915
2417.153258 0.054335
2419.283258 0.056407
2421.413258 0.053070
2423.543258 0.057206
2425.673258 0.058305
2427.803258 0.055023
2429.933258 0.056528
2432.063258 0.055116
2434.193258 0.050384
2436.323258 0.054625
2438.453258 0.061041
2440.583258 0.055807
2442.713258 0.052377
2444.843258 0.056331
2446.973258 0.059865
2449.103258 0.055331
2451.233258 0.056877
2453.363258 0.054489
2455.493258 0.054670
2457.623258 0.052938
2459.753258 0.060772
2461.883258 0.062625
2464.013258 0.063556
2466.143258 0.060693
2468.273258 0.053625
2470.403258 0.061454
2472.533258 0.063460
2474.663258 0.064598
2476.793258 0.058870
2478.923258 0.057156
2481.053258 0.056818
2483.183258 0.054445
2485.313258 0.058702
2487.443258 0.060522
2489.573258 0.057420
2491.703258 0.054375
2493.833258 0.058480
2495.963258 0.062801
2498.093258 0.056253
2500.223258 0.049559
2502.353258 0.051266
2504.483258 0.059995
2506.613258 0.058129
2508.743258 0.057409
2510.873258 0.054947
2513.003258 0.058048
2515.133258 0.059015
2517.263258 0.057883
2519.393258 0.058942
2521.523258 0.056770
2523.653258 0.057612
2525.783258 0.056537
2527.913258 0.054005
2530.043258 0.055979
2532.173258 0.056775
2534.303258 0.055349
2536.433258 0.057316
2538.563258 0.058321
2540.693258 0.059130
2542.823258 0.055686
2544.953258 0.053217
2547.083258 0.057380
2549.213258 0.059869
2551.343258 0.061224
2553.473258 0.059455
2555.603258 0.058610
2557.733258 0.060124
2559.863258 0.058242
2561.993258 0.053855
2564.123258 0.050402
2566.253258 0.053033
2568.383258 0.055928
2570.513258 0.057326
2572.643258 0.059035
2574.773258 0.056058
2576.903258 0.052014
2579.033258 0.050212
2581.163258 0.053907
2583.293258 0.052755
2585.423258 0.042454
2587.553258 0.037781
2589.683258 0.043984
2591.813258 0.048276
2593.943258 0.051121
2596.073258 0.051116
2598.203258 0.037915
2600.333258 0.032238
2602.463258 0.042229
2604.593258 0.048738
2606.723258 0.052245
2608.853258 0.051020
2610.983258 0.055292
2613.113258 0.058742
2615.243258 0.055961
2617.373258 0.056164
2619.503258 0.057821
2621.633258 0.052074
2623.763258 0.059588
2625.893258 0.065255
2628.023258 0.064381
2630.153258 0.060594
2632.283258 0.059530
2634.413258 0.059793
2636.543258 0.059057
2638.673258 0.056883
2640.803258 0.056101
2642.933258 0.051071
2645.063258 0.055102
2647.193258 0.060735
2649.323258 0.058870
2651.453258 0.056640
2653.583258 0.055651
2655.713258 0.051372
2657.843258 0.056882
2659.973258 0.054497
2662.103258 0.051223
2664.233258 0.051405
2666.363258 0.048199
2668.493258 0.053978
2670.623258 0.057585
2672.753258 0.054678
2674.883258 0.059456
2677.013258 0.058563
2679.143258 0.055226
2681.273258 0.053850
2683.403258 0.056882
2685.533258 0.055258
2687.663258 0.056093
2689.793258 0.055040
2691.923258 0.053692
2694.053258 0.054673
2696.183258 0.055268
2698.313258 0.052991
2700.443258 0.056665
2702.573258 0.055321
2704.703258 0.053486
2706.833258 0.057933
2708.963258 0.057912
2711.093258 0.054342
2713.223258 0.054981
2715.353258 0.052144
2717.483258 0.052129
2719.613258 0.052564
2721.743258 0.054056
2723.873258 0.053265
2726.003258 0.054121
2728.133258 0.054937
2730.263258 0.050026
2732.393258 0.050991
2734.523258 0.054822
2736.653258 0.057468
2738.783258 0.056143
2740.913258 0.052245
2743.043258 0.054646
2745.173258 0.055520
2747.303258 0.053501
2749.433258 0.049649
2751.563258 0.050227
2753.693258 0.050132
2755.823258 0.053984
2757.953258 0.054445
2760.083258 0.055660
2762.213258 0.053751
2764.343258 0.053287
2766.473258 0.056831
2768.603258 0.056849
2770.733258 0.053429
2772.863258 0.050334
2774.993258 0.051931
2777.123258 0.048971
2779.253258 0.049913
2781.383258 0.050454
2783.513258 0.052708
2785.643258 0.051913
2787.773258 0.054236
2789.903258 0.048052
2792.033258 0.044841
2794.163258 0.036905
2796.293258 0.034337
2798.423258 0.036282
2800.553258 0.035322
2802.683258 0.033352
2804.813258 0.042209
2806.943258 0.048386
2809.073258 0.050176
2811.203258 0.047785
2813.333258 0.050891
2815.463258 0.053543
2817.593258 0.052154
2819.723258 0.052874
2821.853258 0.051503
2823.983258 0.052687
2826.113258 0.052255
2828.243258 0.053178
2830.373258 0.053643
2832.503258 0.051321
2834.633258 0.051659
2836.763258 0.048933
2838.893258 0.050605
2841.023258 0.047976
2843.153258 0.046383
2845.283258 0.047182
2847.413258 0.050009
2849.543258 0.047500
2851.673258 0.047557
2853.803258 0.046236
2855.933258 0.042928
2858.063258 0.045979
2860.193258 0.046299
2862.323258 0.043856
2864.453258 0.045243
2866.583258 0.045840
2868.713258 0.048912
2870.843258 0.049201
2872.973258 0.046803
2875.103258 0.050999
2877.233258 0.050644
2879.363258 0.048606
2881.493258 0.051286
2883.623258 0.052951
2885.753258 0.052472
2887.883258 0.049428
2890.013258 0.047960
2892.143258 0.047588
2894.273258 0.050678
2896.403258 0.047886
2898.533258 0.048622
2900.663258 0.045640
2902.793258 0.048604
2904.923258 0.051852
2907.053258 0.051280
2909.183258 0.049568
2911.313258 0.045943
2913.443258 0.049955
2915.573258 0.051425
2917.703258 0.052741
2919.833258 0.052535
2921.963258 0.051346
2924.093258 0.050343
2926.223258 0.050136
2928.353258 0.053292
2930.483258 0.054254
2932.613258 0.051133
2934.743258 0.049674
2936.873258 0.053458
2939.003258 0.051774
2941.133258 0.046866
2943.263258 0.047709
2945.393258 0.050583
2947.523258 0.050724
2949.653258 0.049887
2951.783258 0.047291
2953.913258 0.045131
2956.043258 0.048595
2958.173258 0.048254
2960.303258 0.051158
2962.433258 0.053835
2964.563258 0.049745
2966.693258 0.051765
2968.823258 0.051687
2970.953258 0.046030
2973.083258 0.044971
2975.213258 0.050710
2977.343258 0.049013
2979.473258 0.049773
2981.603258 0.050731
2983.733258 0.049649
2985.863258 0.048865
2987.993258 0.045604
2990.123258 0.046242
2992.253258 0.050415
2994.383258 0.048802
2996.513258 0.049899
2998.643258 0.050155
3000.773258 0.047826
3002.903258 0.047448
3005.033258 0.048039
3007.163258 0.048675
3009.293258 0.047290
3011.423258 0.052025
3013.553258 0.050989
3015.683258 0.052192
3017.813258 0.051998
3019.943258 0.049560
3022.073258 0.050288
3024.203258 0.049854
3026.333258 0.051957
3028.463258 0.048354
3030.593258 0.047922
3032.723258 0.048343
3034.853258 0.051394
3036.983258 0.044543
3039.113258 0.045450
3041.243258 0.048485
3043.373258 0.049615
3045.503258 0.047223
3047.633258 0.044944
3049.763258 0.047319
3051.893258 0.047081
3054.023258 0.046064
3056.153258 0.048776
3058.283258 0.046864
3060.413258 0.047383
3062.543258 0.049524
3064.673258 0.048712
3066.803258 0.047719
3068.933258 0.046336
3071.063258 0.047292
3073.193258 0.048648
3075.323258 0.049674
3077.453258 0.050081
3079.583258 0.047032
3081.713258 0.047986
3083.843258 0.045074
3085.973258 0.045937
3088.103258 0.047099
3090.233258 0.046952
3092.363258 0.047598
3094.493258 0.048467
3096.623258 0.049875
3098.753258 0.051046
3100.883258 0.049743
3103.013258 0.050307
3105.143258 0.048522
3107.273258 0.049935
3109.403258 0.052539
3111.533258 0.048984
3113.663258 0.047701
3115.793258 0.049681
3117.923258 0.049920
3120.053258 0.047202
3122.183258 0.046464
3124.313258 0.048982
3126.443258 0.051513
3128.573258 0.050171
3130.703258 0.048815
3132.833258 0.048977
3134.963258 0.048903
3137.093258 0.049299
3139.223258 0.050874
3141.353258 0.051185
3143.483258 0.049170
3145.613258 0.050168
3147.743258 0.049589
3149.873258 0.049808
3152.003258 0.048893
3154.133258 0.048569
3156.263258 0.047346
3158.393258 0.047885
3160.523258 0.049037
3162.653258 0.049117
3164.783258 0.046259
3166.913258 0.044571
3169.043258 0.045899
3171.173258 0.048334
3173.303258 0.047733
3175.433258 0.050324
3177.563258 0.049702
3179.693258 0.050487
3181.823258 0.046702
3183.953258 0.047189
3186.083258 0.044677
3188.213258 0.046990
3190.343258 0.050749
3192.473258 0.048757
3194.603258 0.046226
3196.733258 0.044919
3198.863258 0.048311
3200.993258 0.046521
3203.123258 0.045925
3205.253258 0.044397
3207.383258 0.046103
3209.513258 0.044390
3211.643258 0.044348
3213.773258 0.046629
3215.903258 0.045437
3218.033258 0.048440
3220.163258 0.049081
3222.293258 0.050983
3224.423258 0.047665
3226.553258 0.047989
3228.683258 0.048104
3230.813258 0.046028
3232.943258 0.044031
3235.073258 0.043589
3237.203258 0.042873
3239.333258 0.045901
3241.463258 0.046684
3243.593258 0.045531
3245.723258 0.044605
3247.853258 0.046965
3249.983258 0.050633
3252.113258 0.052443
3254.243258 0.049702
3256.373258 0.045761
3258.503258 0.048813
3260.633258 0.052330
3262.763258 0.051865
3264.893258 0.048337
3267.023258 0.046790
3269.153258 0.047702
3271.283258 0.046186
3273.413258 0.047041
3275.543258 0.050201
3277.673258 0.047998
3279.803258 0.043957
3281.933258 0.046092
3284.063258 0.045556
3286.193258 0.046339
3288.323258 0.045386
3290.453258 0.048198
3292.583258 0.047418
3294.713258 0.046932
3296.843258 0.050357
3298.973258 0.049605
3301.103258 0.048352
3303.233258 0.048197
3305.363258 0.049086
3307.493258 0.049287
3309.623258 0.049587
3311.753258 0.047421
3313.883258 0.044930
3316.013258 0.046840
3318.143258 0.049487
3320.273258 0.049742
3322.403258 0.048090
3324.533258 0.046719
3326.663258 0.046107
3328.793258 0.046334
3330.923258 0.046989
3333.053258 0.047799
3335.183258 0.046713
3337.313258 0.046598
3339.443258 0.047625
3341.573258 0.050250
3343.703258 0.050667
3345.833258 0.051411
3347.963258 0.051150
3350.093258 0.050498
3352.223258 0.047977
3354.353258 0.043949
3356.483258 0.044722
3358.613258 0.047188
3360.743258 0.046814
3362.873258 0.047955
3365.003258 0.049144
3367.133258 0.048539
3369.263258 0.049171
3371.393258 0.050842
3373.523258 0.049820
3375.653258 0.047855
3377.783258 0.048733
3379.913258 0.047924
3382.043258 0.047720
3384.173258 0.047058
3386.303258 0.045693
3388.433258 0.047062
3390.563258 0.048026
3392.693258 0.046440
3394.823258 0.047650
3396.953258 0.048452
3399.083258 0.048756
3401.213258 0.048648
3403.343258 0.048211
3405.473258 0.048229
3407.603258 0.049280
3409.733258 0.049109
3411.863258 0.047830
3413.993258 0.048940
3416.123258 0.047474
3418.253258 0.051210
3420.383258 0.050087
3422.513258 0.049782
3424.643258 0.049807
3426.773258 0.050142
3428.903258 0.050778
3431.033258 0.049444
3433.163258 0.048067
3435.293258 0.048604
3437.423258 0.046186
3439.553258 0.045713
3441.683258 0.046486
3443.813258 0.046927
3445.943258 0.048656
3448.073258 0.047764
3450.203258 0.049110
3452.333258 0.046704
3454.463258 0.047064
3456.593258 0.047071
3458.723258 0.046688
3460.853258 0.044315
3462.983258 0.047021
3465.113258 0.047143
3467.243258 0.045767
3469.373258 0.045545
3471.503258 0.045650
3473.633258 0.045341
3475.763258 0.047593
3477.893258 0.047406
3480.023258 0.044600
3482.153258 0.044757
3484.283258 0.044818
3486.413258 0.046655
3488.543258 0.048157
3490.673258 0.047054
3492.803258 0.044564
3494.933258 0.042506
3497.063258 0.041982
3499.193258 0.044813
3501.323258 0.046505
3503.453258 0.048489
3505.583258 0.046172
3507.713258 0.044742
3509.843258 0.043231
3511.973258 0.042870
3514.103258 0.044068
3516.233258 0.046368
3518.363258 0.047189
3520.493258 0.044422
3522.623258 0.045542
3524.753258 0.046361
3526.883258 0.040015
3529.013258 0.038327
3531.143258 0.044414
3533.273258 0.050681
3535.403258 0.049087
3537.533258 0.045786
3539.663258 0.047333
3541.793258 0.046883
3543.923258 0.045408
3546.053258 0.049064
3548.183258 0.048338
3550.313258 0.044710
3552.443258 0.045995
3554.573258 0.045194
3556.703258 0.046162
3558.833258 0.047877
3560.963258 0.047857
3563.093258 0.048492
3565.223258 0.046480
3567.353258 0.045292
3569.483258 0.046248
3571.613258 0.045641
3573.743258 0.046754
3575.873258 0.048047
3578.003258 0.048006
3580.133258 0.046644
3582.263258 0.044959
3584.393258 0.043585
3586.523258 0.045858
3588.653258 0.046677
3590.783258 0.046929
3592.913258 0.046584
3595.043258 0.046880
3597.173258 0.043621
3599.303258 0.045678
3601.433258 0.043626
3603.563258 0.044517
3605.693258 0.044880
3607.823258 0.044824
3609.953258 0.043906
3612.083258 0.044620
3614.213258 0.046158
3616.343258 0.045387
3618.473258 0.043273
3620.603258 0.043378
3622.733258 0.045135
3624.863258 0.048048
3626.993258 0.046570
3629.123258 0.045089
3631.253258 0.046201
3633.383258 0.044959
3635.513258 0.046557
3637.643258 0.048779
3639.773258 0.050145
3641.903258 0.045307
3644.033258 0.045541
3646.163258 0.046499
3648.293258 0.045143
3650.423258 0.044317
3652.553258 0.045747
3654.683258 0.047504
3656.813258 0.046059
3658.943258 0.043341
3661.073258 0.042861
3663.203258 0.045363
3665.333258 0.045256
3667.463258 0.045544
3669.593258 0.043120
3671.723258 0.044780
3673.853258 0.043625
3675.983258 0.039847
3678.113258 0.038088
3680.243258 0.038529
3682.373258 0.040800
3684.503258 0.044678
3686.633258 0.046181
3688.763258 0.041154
3690.893258 0.040714
3693.023258 0.043977
3695.153258 0.043242
3697.283258 0.045014
3699.413258 0.039205
3701.543258 0.039913
3703.673258 0.042301
3705.803258 0.041942
3707.933258 0.045595
3710.063258 0.045560
3712.193258 0.047962
3714.323258 0.044620
3716.453258 0.044726
3718.583258 0.047323
3720.713258 0.040084
3722.843258 0.058984
3724.973258 0.136650
3727.103258 0.233898
3729.233258 0.260368
3731.363258 0.174128
3733.493258 0.088943
3735.623258 0.054215
3737.753258 0.042979
3739.883258 0.044100
3742.013258 0.046307
3744.143258 0.044709
3746.273258 0.041891
3748.403258 0.040845
3750.533258 0.042395
3752.663258 0.046493
3754.793258 0.052159
3756.923258 0.052701
3759.053258 0.050637
3761.183258 0.051061
3763.313258 0.048876
3765.443258 0.053300
3767.573258 0.046994
3769.703258 0.045352
3771.833258 0.046602
3773.963258 0.043776
3776.093258 0.049123
3778.223258 0.053036
3780.353258 0.055625
3782.483258 0.056615
3784.613258 0.055718
3786.743258 0.053612
3788.873258 0.056662
3791.003258 0.054998
3793.133258 0.049981
3795.263258 0.044256
3797.393258 0.043585
3799.523258 0.043650
3801.653258 0.045605
3803.783258 0.047473
3805.913258 0.049071
3808.043258 0.054803
3810.173258 0.059710
3812.303258 0.056158
3814.433258 0.053533
3816.563258 0.056615
3818.693258 0.057440
3820.823258 0.056670
3822.953258 0.057056
3825.083258 0.055551
3827.213258 0.055497
3829.343258 0.053964
3831.473258 0.048629
3833.603258 0.046870
3835.733258 0.040738
3837.863258 0.038196
3839.993258 0.039278
3842.123258 0.047438
3844.253258 0.052673
3846.383258 0.054745
3848.513258 0.059500
3850.643258 0.060989
3852.773258 0.060615
3854.903258 0.054562
3857.033258 0.055865
3859.163258 0.058786
3861.293258 0.060848
3863.423258 0.063925
3865.553258 0.064628
3867.683258 0.068980
3869.813258 0.073310
3871.943258 0.067094
3874.073258 0.056602
3876.203258 0.050804
3878.333258 0.047352
3880.463258 0.045709
3882.593258 0.046272
3884.723258 0.044821
3886.853258 0.046952
3888.983258 0.053131
3891.113258 0.055088
3893.243258 0.045257
3895.373258 0.040703
3897.503258 0.037699
3899.633258 0.041075
3901.763258 0.049002
3903.893258 0.051357
3906.023258 0.055506
3908.153258 0.057446
3910.283258 0.060052
3912.413258 0.061779
3914.543258 0.053456
3916.673258 0.051983
3918.803258 0.054232
3920.933258 0.056212
3923.063258 0.056988
3925.193258 0.055095
3927.323258 0.053974
3929.453258 0.045157
3931.583258 0.042259
3933.713258 0.040211
3935.843258 0.041259
3937.973258 0.044922
3940.103258 0.050886
3942.233258 0.055991
3944.363258 0.056256
3946.493258 0.056844
3948.623258 0.058704
3950.753258 0.058424
3952.883258 0.054426
3955.013258 0.050475
3957.143258 0.054798
3959.273258 0.053543
3961.403258 0.048898
3963.533258 0.047350
3965.663258 0.044690
3967.793258 0.045810
3969.923258 0.046233
3972.053258 0.050227
3974.183258 0.051178
3976.313258 0.051933
3978.443258 0.049233
3980.573258 0.048816
3982.703258 0.051464
3984.833258 0.056839
3986.963258 0.057459
3989.093258 0.057162
3991.223258 0.056469
3993.353258 0.056803
3995.483258 0.053682
3997.613258 0.056068
3999.743258 0.060490
4001.873258 0.055050
4004.003258 0.057630
4006.133258 0.055062
4008.263258 0.059208
4010.393258 0.058430
4012.523258 0.056866
4014.653258 0.058031
4016.783258 0.061048
4018.913258 0.059112
4021.043258 0.059715
4023.173258 0.064763
4025.303258 0.062953
4027.433258 0.064444
4029.563258 0.057670
4031.693258 0.062362
4033.823258 0.060468
4035.953258 0.056595
4038.083258 0.060627
4040.213258 0.064171
4042.343258 0.064547
4044.473258 0.059539
4046.603258 0.061950
4048.733258 0.060046
4050.863258 0.057767
4052.993258 0.056722
4055.123258 0.056458
4057.253258 0.058074
4059.383258 0.058111
4061.513258 0.056394
4063.643258 0.060934
4065.773258 0.059693
4067.903258 0.060769
4070.033258 0.062971
4072.163258 0.060183
4074.293258 0.060240
4076.423258 0.066562
4078.553258 0.060879
4080.683258 0.065192
4082.813258 0.058058
4084.943258 0.057056
4087.073258 0.060374
4089.203258 0.058636
4091.333258 0.056477
4093.463258 0.054541
4095.593258 0.052652
4097.723258 0.049304
4099.853258 0.056970
4101.983258 0.066040
4104.113258 0.061495
4106.243258 0.053982
4108.373258 0.046046
4110.503258 0.051767
4112.633258 0.052958
4114.763258 0.050233
4116.893258 0.055664
4119.023258 0.055961
4121.153258 0.052898
4123.283258 0.053876
4125.413258 0.058463
4127.543258 0.053667
4129.673258 0.057077
4131.803258 0.056016
4133.933258 0.056728
4136.063258 0.052225
4138.193258 0.054048
4140.323258 0.058232
4142.453258 0.055749
4144.583258 0.051497
4146.713258 0.057321
4148.843258 0.059890
4150.973258 0.055604
4153.103258 0.061753
4155.233258 0.059710
4157.363258 0.058924
4159.493258 0.061822
4161.623258 0.061410
4163.753258 0.056056
4165.883258 0.055411
4168.013258 0.056703
4170.143258 0.053104
4172.273258 0.054116
4174.403258 0.057372
4176.533258 0.052525
4178.663258 0.057776
4180.793258 0.057125
4182.923258 0.057592
4185.053258 0.058975
4187.183258 0.058497
4189.313258 0.054989
4191.443258 0.051196
4193.573258 0.051779
4195.703258 0.049329
4197.833258 0.049977
4199.963258 0.055710
4202.093258 0.052920
4204.223258 0.054309
4206.353258 0.054591
4208.483258 0.057921
4210.613258 0.056878
4212.743258 0.057910
4214.873258 0.062678
4217.003258 0.062271
4219.133258 0.059376
4221.263258 0.050375
4223.393258 0.053551
4225.523258 0.050757
4227.653258 0.062678
4229.783258 0.064719
4231.913258 0.057116
4234.043258 0.057139
4236.173258 0.056433
4238.303258 0.051763
4240.433258 0.052596
4242.563258 0.046969
4244.693258 0.046042
4246.823258 0.051273
4248.953258 0.054323
4251.083258 0.054785
4253.213258 0.051797
4255.343258 0.052021
4257.473258 0.051376
4259.603258 0.056365
4261.733258 0.057354
4263.863258 0.055850
4265.993258 0.051824
4268.123258 0.053664
4270.253258 0.052999
4272.383258 0.051316
4274.513258 0.052983
4276.643258 0.056712
4278.773258 0.057523
4280.903258 0.065534
4283.033258 0.069179
4285.163258 0.059083
4287.293258 0.056779
4289.423258 0.058468
4291.553258 0.056054
4293.683258 0.046400
4295.813258 0.044962
4297.943258 0.051804
4300.073258 0.047518
4302.203258 0.047037
4304.333258 0.047360
4306.463258 0.052579
4308.593258 0.050287
4310.723258 0.047793
4312.853258 0.050943
4314.983258 0.054186
4317.113258 0.049006
4319.243258 0.050155
4321.373258 0.047707
4323.503258 0.056400
4325.633258 0.054587
4327.763258 0.049516
4329.893258 0.047624
4332.023258 0.043605
4334.153258 0.049702
4336.283258 0.050720
4338.413258 0.071970
4340.543258 0.084499
4342.673258 0.070885
4344.803258 0.054917
4346.933258 0.051231
4349.063258 0.048158
4351.193258 0.041769
4353.323258 0.055738
4355.453258 0.054562
4357.583258 0.063177
4359.713258 0.061491
4361.843258 0.050820
4363.973258 0.056722
4366.103258 0.060976
4368.233258 0.059320
4370.363258 0.055162
4372.493258 0.049170
4374.623258 0.052625
4376.753258 0.045455
4378.883258 0.047338
4381.013258 0.050871
4383.143258 0.049170
4385.273258 0.050692
4387.403258 0.050913
4389.533258 0.049512
4391.663258 0.051221
4393.793258 0.052516
4395.923258 0.052706
4398.053258 0.054458
4400.183258 0.054301
4402.313258 0.045278
4404.443258 0.049267
4406.573258 0.045358
4408.703258 0.041869
4410.833258 0.043060
4412.963258 0.040736
4415.093258 0.041400
4417.223258 0.045572
4419.353258 0.040062
4421.483258 0.039678
4423.613258 0.046543
4425.743258 0.044242
4427.873258 0.051680
4430.003258 0.051575
4432.133258 0.059153
4434.263258 0.043047
4436.393258 0.042771
4438.523258 0.050402
4440.653258 0.047206
4442.783258 0.050760
4444.913258 0.056360
4447.043258 0.052703
4449.173258 0.044737
4451.303258 0.050709
4453.433258 0.051079
4455.563258 0.054984
4457.693258 0.051414
4459.823258 0.052865
4461.953258 0.043466
4464.083258 0.043207
4466.213258 0.039161
4468.343258 0.045488
4470.473258 0.050744
4472.603258 0.050902
4474.733258 0.054927
4476.863258 0.048628
4478.993258 0.044295
4481.123258 0.045283
4483.253258 0.049286
4485.383258 0.049367
4487.513258 0.051998
4489.643258 0.051013
4491.773258 0.052346
4493.903258 0.041439
4496.033258 0.047353
4498.163258 0.051004
4500.293258 0.056116
4502.423258 0.056043
4504.553258 0.051851
4506.683258 0.057961
4508.813258 0.054922
4510.943258 0.058075
4513.073258 0.052825
4515.203258 0.047971
4517.333258 0.048924
4519.463258 0.045602
4521.593258 0.052713
4523.723258 0.053924
4525.853258 0.056981
4527.983258 0.055916
4530.113258 0.052569
4532.243258 0.047865
4534.373258 0.047991
4536.503258 0.054026
4538.633258 0.055094
4540.763258 0.056751
4542.893258 0.049531
4545.023258 0.050496
4547.153258 0.053917
4549.283258 0.059024
4551.413258 0.054432
4553.543258 0.048258
4555.673258 0.050854
4557.803258 0.054052
4559.933258 0.057271
4562.063258 0.062378
4564.193258 0.059118
4566.323258 0.058591
4568.453258 0.071650
4570.583258 0.068103
4572.713258 0.061073
4574.843258 0.054917
4576.973258 0.056075
4579.103258 0.057609
4581.233258 0.053958
4583.363258 0.058324
4585.493258 0.057607
4587.623258 0.050835
4589.753258 0.053847
4591.883258 0.053676
4594.013258 0.052381
4596.143258 0.055095
4598.273258 0.058876
4600.403258 0.059983
4602.533258 0.063594
4604.663258 0.060858
4606.793258 0.054457
4608.923258 0.067881
4611.053258 0.058104
4613.183258 0.057892
4615.313258 0.053303
4617.443258 0.054585
4619.573258 0.065864
4621.703258 0.054781
4623.833258 0.056091
4625.963258 0.063563
4628.093258 0.061377
4630.223258 0.060765
4632.353258 0.061683
