2681.247408 0.026312
2683.238408 0.014863
2685.229408 0.018709
2687.220408 0.017789
2689.211408 0.015748
2691.202408 0.011361
2693.193408 0.014102
2695.184408 0.018940
2697.175408 0.010970
2699.166408 0.012414
2701.157408 0.009404
2703.148408 0.012841
2705.139408 0.014412
2707.130408 0.012158
2709.121408 0.015995
2711.112408 0.016179
2713.103408 0.015684
2715.094408 0.013898
2717.085408 0.009859
2719.076408 0.012671
2721.067408 0.015089
2723.058408 0.015623
2725.049408 0.011750
2727.040408 0.019421
2729.031408 0.018211
2731.022408 0.028033
2733.013408 0.010918
2735.004408 0.008959
2736.995408 0.008505
2738.986408 0.006606
2740.977408 0.018575
2742.968408 0.020552
2744.959408 0.012930
2746.950408 0.008942
2748.941408 0.011498
2750.932408 0.008500
2752.923408 0.020006
2754.914408 0.017923
2756.905408 0.014831
2758.896408 0.009732
2760.887408 0.010735
2762.878408 0.008468
2764.869408 0.011145
2766.860408 0.011661
2768.851408 0.015234
2770.842408 0.014650
2772.833408 0.006242
2774.824408 0.019415
2776.815408 0.011425
2778.806408 0.009717
2780.797408 0.012081
2782.788408 0.011170
2784.779408 0.012191
2786.770408 0.014482
2788.761408 0.013356
2790.752408 0.012901
2792.743408 0.008482
2794.734408 0.007183
2796.725408 0.010191
2798.716408 0.013246
2800.707408 0.009869
2802.698408 0.004360
2804.689408 0.012006
2806.680408 0.012776
2808.671408 0.014127
2810.662408 0.014469
2812.653408 0.014198
2814.644408 0.008881
2816.635408 0.011221
2818.626408 0.014234
2820.617408 0.011257
2822.608408 0.017297
2824.599408 0.017914
2826.590408 0.016217
2828.581408 0.015916
2830.572408 0.015126
2832.563408 0.011666
2834.554408 0.011310
2836.545408 0.011998
2838.536408 0.015629
2840.527408 0.012361
2842.518408 0.019274
2844.509408 0.011824
2846.500408 0.022929
2848.491408 0.020305
2850.482408 0.012714
2852.473408 0.014917
2854.464408 0.010919
2856.455408 0.009120
2858.446408 0.014378
2860.437408 0.016921
2862.428408 0.008283
2864.419408 0.009062
2866.410408 0.015197
2868.401408 0.016173
2870.392408 0.016179
2872.383408 0.016306
2874.374408 0.021274
2876.365408 0.021302
2878.356408 0.017836
2880.347408 0.017263
2882.338408 0.014969
2884.329408 0.023861
2886.320408 0.020929
2888.311408 0.015375
2890.302408 0.018127
2892.293408 0.023178
2894.284408 0.016042
2896.275408 0.015973
2898.266408 0.023159
2900.257408 0.014886
2902.248408 0.020136
2904.239408 0.019181
2906.230408 0.020011
2908.221408 0.015816
2910.212408 0.019823
2912.203408 0.021953
2914.194408 0.023726
2916.185408 0.017581
2918.176408 0.015812
2920.167408 0.013382
2922.158408 0.011278
2924.149408 0.013482
2926.140408 0.014343
2928.131408 0.009712
2930.122408 0.008933
2932.113408 0.017977
2934.104408 0.020357
2936.095408 0.020421
2938.086408 0.018653
2940.077408 0.018327
2942.068408 0.017671
2944.059408 0.015505
2946.050408 0.019564
2948.041408 0.008942
2950.032408 0.010220
2952.023408 0.009463
2954.014408 0.016344
2956.005408 0.017562
2957.996408 0.019883
2959.987408 0.021025
2961.978408 0.016189
2963.969408 0.015757
2965.960408 0.016236
2967.951408 0.018316
2969.942408 0.019159
2971.933408 0.014315
2973.924408 0.018027
2975.915408 0.017423
2977.906408 0.017349
2979.897408 0.019385
2981.888408 0.010720
2983.879408 0.011752
2985.870408 0.013032
2987.861408 0.011088
2989.852408 0.018335
2991.843408 0.019276
2993.834408 0.016720
2995.825408 0.021058
2997.816408 0.020527
2999.807408 0.015090
3001.798408 0.014164
3003.789408 0.012158
3005.780408 0.014467
3007.771408 0.011477
3009.762408 0.015020
3011.753408 0.013554
3013.744408 0.013854
3015.735408 0.011514
3017.726408 0.015874
3019.717408 0.016816
3021.708408 0.012368
3023.699408 0.011287
3025.690408 0.016084
3027.681408 0.020213
3029.672408 0.018982
3031.663408 0.012940
3033.654408 0.015190
3035.645408 0.015764
3037.636408 0.012295
3039.627408 0.011872
3041.618408 0.010876
3043.609408 0.016523
3045.600408 0.017485
3047.591408 0.014065
3049.582408 0.018358
3051.573408 0.014493
3053.564408 0.015345
3055.555408 0.018753
3057.546408 0.016460
3059.537408 0.020045
3061.528408 0.022476
3063.519408 0.014784
3065.510408 0.013066
3067.501408 0.021054
3069.492408 0.018443
3071.483408 0.016826
3073.474408 0.017475
3075.465408 0.016789
3077.456408 0.012112
3079.447408 0.013319
3081.438408 0.017956
3083.429408 0.012103
3085.420408 0.014228
3087.411408 0.012571
3089.402408 0.013696
3091.393408 0.010698
3093.384408 0.014115
3095.375408 0.011512
3097.366408 0.010774
3099.357408 0.009552
3101.348408 0.014573
3103.339408 0.009349
3105.330408 0.014641
3107.321408 0.019942
3109.312408 0.013940
3111.303408 0.015760
3113.294408 0.013661
3115.285408 0.013949
3117.276408 0.014583
3119.267408 0.017007
3121.258408 0.016143
3123.249408 0.011578
3125.240408 0.013998
3127.231408 0.011624
3129.222408 0.009323
3131.213408 0.014893
3133.204408 0.012764
3135.195408 0.015599
3137.186408 0.017015
3139.177408 0.012389
3141.168408 0.015365
3143.159408 0.016670
3145.150408 0.015751
3147.141408 0.015817
3149.132408 0.011197
3151.123408 0.010359
3153.114408 0.012520
3155.105408 0.018408
3157.096408 0.017823
3159.087408 0.017131
3161.078408 0.013719
3163.069408 0.011819
3165.060408 0.014283
3167.051408 0.021929
3169.042408 0.017196
3171.033408 0.013135
3173.024408 0.022933
3175.015408 0.021186
3177.006408 0.016143
3178.997408 0.009542
3180.988408 0.014342
3182.979408 0.012032
3184.970408 0.014338
3186.961408 0.017280
3188.952408 0.012476
3190.943408 0.012906
3192.934408 0.016076
3194.925408 0.017731
3196.916408 0.015969
3198.907408 0.015527
3200.898408 0.020991
3202.889408 0.019990
3204.880408 0.012715
3206.871408 0.018355
3208.862408 0.019730
3210.853408 0.017077
3212.844408 0.016866
3214.835408 0.015691
3216.826408 0.014742
3218.817408 0.017851
3220.808408 0.020821
3222.799408 0.021296
3224.790408 0.019664
3226.781408 0.016456
3228.772408 0.015811
3230.763408 0.015921
3232.754408 0.015122
3234.745408 0.016012
3236.736408 0.013272
3238.727408 0.012720
3240.718408 0.014393
3242.709408 0.012746
3244.700408 0.014012
3246.691408 0.018352
3248.682408 0.018076
3250.673408 0.017996
3252.664408 0.021329
3254.655408 0.018685
3256.646408 0.016696
3258.637408 0.019500
3260.628408 0.021695
3262.619408 0.016623
3264.610408 0.013421
3266.601408 0.014967
3268.592408 0.016077
3270.583408 0.015808
3272.574408 0.016852
3274.565408 0.019872
3276.556408 0.019889
3278.547408 0.015730
3280.538408 0.018804
3282.529408 0.015185
3284.520408 0.015542
3286.511408 0.016722
3288.502408 0.015397
3290.493408 0.015006
3292.484408 0.018038
3294.475408 0.018875
3296.466408 0.017281
3298.457408 0.016847
3300.448408 0.016821
3302.439408 0.016439
3304.430408 0.018057
3306.421408 0.018046
3308.412408 0.018118
3310.403408 0.018123
3312.394408 0.019746
3314.385408 0.018434
3316.376408 0.016724
3318.367408 0.013606
3320.358408 0.015587
3322.349408 0.016629
3324.340408 0.015973
3326.331408 0.013015
3328.322408 0.013673
3330.313408 0.015852
3332.304408 0.018337
3334.295408 0.013585
3336.286408 0.017050
3338.277408 0.018206
3340.268408 0.019309
3342.259408 0.017845
3344.250408 0.019054
3346.241408 0.021043
3348.232408 0.019641
3350.223408 0.020215
3352.214408 0.018919
3354.205408 0.018337
3356.196408 0.019926
3358.187408 0.018874
3360.178408 0.015298
3362.169408 0.012540
3364.160408 0.012288
3366.151408 0.015174
3368.142408 0.020496
3370.133408 0.020106
3372.124408 0.016379
3374.115408 0.019533
3376.106408 0.021921
3378.097408 0.018505
3380.088408 0.014039
3382.079408 0.013132
3384.070408 0.015295
3386.061408 0.015331
3388.052408 0.017119
3390.043408 0.019007
3392.034408 0.019184
3394.025408 0.018753
3396.016408 0.017814
3398.007408 0.017489
3399.998408 0.018126
3401.989408 0.022851
3403.980408 0.018166
3405.971408 0.015518
3407.962408 0.020448
3409.953408 0.021885
3411.944408 0.017262
3413.935408 0.014323
3415.926408 0.015266
3417.917408 0.013284
3419.908408 0.016228
3421.899408 0.019663
3423.890408 0.015141
3425.881408 0.020042
3427.872408 0.019989
3429.863408 0.019237
3431.854408 0.018841
3433.845408 0.017843
3435.836408 0.017800
3437.827408 0.020093
3439.818408 0.016387
3441.809408 0.013095
3443.800408 0.016087
3445.791408 0.014477
3447.782408 0.014670
3449.773408 0.020619
3451.764408 0.022888
3453.755408 0.020513
3455.746408 0.019653
3457.737408 0.020996
3459.728408 0.025670
3461.719408 0.022227
3463.710408 0.019072
3465.701408 0.018437
3467.692408 0.015402
3469.683408 0.015409
3471.674408 0.018990
3473.665408 0.018681
3475.656408 0.019503
3477.647408 0.017410
3479.638408 0.016947
3481.629408 0.017213
3483.620408 0.018492
3485.611408 0.018067
3487.602408 0.016568
3489.593408 0.011647
3491.584408 0.018871
3493.575408 0.020544
3495.566408 0.018599
3497.557408 0.022537
3499.548408 0.019660
3501.539408 0.018933
3503.530408 0.024273
3505.521408 0.023593
3507.512408 0.019322
3509.503408 0.017577
3511.494408 0.022349
3513.485408 0.016460
3515.476408 0.019353
3517.467408 0.015548
3519.458408 0.015321
3521.449408 0.013172
3523.440408 0.018985
3525.431408 0.020774
3527.422408 0.016255
3529.413408 0.017175
3531.404408 0.017617
3533.395408 0.016720
3535.386408 0.019596
3537.377408 0.020329
3539.368408 0.017916
3541.359408 0.017569
3543.350408 0.023222
3545.341408 0.019454
3547.332408 0.017157
3549.323408 0.019946
3551.314408 0.019578
3553.305408 0.020057
3555.296408 0.020513
3557.287408 0.019998
3559.278408 0.018145
3561.269408 0.019425
3563.260408 0.018437
3565.251408 0.019230
3567.242408 0.018369
3569.233408 0.017248
3571.224408 0.019656
3573.215408 0.020683
3575.206408 0.016102
3577.197408 0.018369
3579.188408 0.019746
3581.179408 0.016866
3583.170408 0.012380
3585.161408 0.015593
3587.152408 0.017650
3589.143408 0.017226
3591.134408 0.020749
3593.125408 0.018373
3595.116408 0.021974
3597.107408 0.026521
3599.098408 0.019748
3601.089408 0.017526
3603.080408 0.019266
3605.071408 0.016689
3607.062408 0.013578
3609.053408 0.011869
3611.044408 0.017338
3613.035408 0.017888
3615.026408 0.021168
3617.017408 0.021457
3619.008408 0.020427
3620.999408 0.019326
3622.990408 0.019432
3624.981408 0.017170
3626.972408 0.021953
3628.963408 0.024771
3630.954408 0.017498
3632.945408 0.017568
3634.936408 0.020448
3636.927408 0.018437
3638.918408 0.019910
3640.909408 0.021690
3642.900408 0.022209
3644.891408 0.021432
3646.882408 0.017578
3648.873408 0.018359
3650.864408 0.019942
3652.855408 0.020739
3654.846408 0.018243
3656.837408 0.018558
3658.828408 0.019302
3660.819408 0.016381
3662.810408 0.014892
3664.801408 0.016880
3666.792408 0.019539
3668.783408 0.020460
3670.774408 0.019930
3672.765408 0.021475
3674.756408 0.026080
3676.747408 0.022780
3678.738408 0.021174
3680.729408 0.020017
3682.720408 0.017942
3684.711408 0.021765
3686.702408 0.019520
3688.693408 0.017345
3690.684408 0.019711
3692.675408 0.018373
3694.666408 0.017429
3696.657408 0.020751
3698.648408 0.024296
3700.639408 0.021346
3702.630408 0.018947
3704.621408 0.018434
3706.612408 0.017571
3708.603408 0.023119
3710.594408 0.021670
3712.585408 0.016361
3714.576408 0.015660
3716.567408 0.017410
3718.558408 0.019505
3720.549408 0.021973
3722.540408 0.029984
3724.531408 0.048859
3726.522408 0.060233
3728.513408 0.061054
3730.504408 0.048905
3732.495408 0.031871
3734.486408 0.022963
3736.477408 0.018469
3738.468408 0.018410
3740.459408 0.018068
3742.450408 0.020047
3744.441408 0.022619
3746.432408 0.021586
3748.423408 0.019735
3750.414408 0.022037
3752.405408 0.024620
3754.396408 0.019160
3756.387408 0.016872
3758.378408 0.018898
3760.369408 0.026200
3762.360408 0.030758
3764.351408 0.024275
3766.342408 0.020700
3768.333408 0.019897
3770.324408 0.015296
3772.315408 0.013060
3774.306408 0.017114
3776.297408 0.019804
3778.288408 0.022278
3780.279408 0.026449
3782.270408 0.031311
3784.261408 0.031022
3786.252408 0.031408
3788.243408 0.031782
3790.234408 0.030263
3792.225408 0.025433
3794.216408 0.018693
3796.207408 0.019897
3798.198408 0.018598
3800.189408 0.019844
3802.180408 0.022958
3804.171408 0.025899
3806.162408 0.028499
3808.153408 0.029983
3810.144408 0.031402
3812.135408 0.031451
3814.126408 0.030191
3816.117408 0.030914
3818.108408 0.030776
3820.099408 0.033583
3822.090408 0.029863
3824.081408 0.025179
3826.072408 0.024095
3828.063408 0.021533
3830.054408 0.020651
3832.045408 0.017589
3834.036408 0.016266
3836.027408 0.017054
3838.018408 0.017646
3840.009408 0.018332
3842.000408 0.023359
3843.991408 0.024053
3845.982408 0.026288
3847.973408 0.027296
3849.964408 0.029440
3851.955408 0.028324
3853.946408 0.029911
3855.937408 0.031831
3857.928408 0.032725
3859.919408 0.029607
3861.910408 0.028796
3863.901408 0.030529
3865.892408 0.033265
3867.883408 0.034331
3869.874408 0.034104
3871.865408 0.033131
3873.856408 0.033963
3875.847408 0.033780
3877.838408 0.030424
3879.829408 0.030079
3881.820408 0.026431
3883.811408 0.023448
3885.802408 0.025639
3887.793408 0.023461
3889.784408 0.018069
3891.775408 0.017042
3893.766408 0.024494
3895.757408 0.023729
3897.748408 0.024030
3899.739408 0.028329
3901.730408 0.029942
3903.721408 0.031373
3905.712408 0.030918
3907.703408 0.028574
3909.694408 0.029942
3911.685408 0.032952
3913.676408 0.036870
3915.667408 0.035445
3917.658408 0.034179
3919.649408 0.031931
3921.640408 0.030734
3923.631408 0.030551
3925.622408 0.029545
3927.613408 0.029670
3929.604408 0.028138
3931.595408 0.023829
3933.586408 0.019658
3935.577408 0.024310
3937.568408 0.028858
3939.559408 0.027665
3941.550408 0.027502
3943.541408 0.029856
3945.532408 0.032099
3947.523408 0.034536
3949.514408 0.034823
3951.505408 0.035227
3953.496408 0.033717
3955.487408 0.031222
3957.478408 0.027930
3959.469408 0.026346
3961.460408 0.028154
3963.451408 0.026580
3965.442408 0.023969
3967.433408 0.018918
3969.424408 0.017970
3971.415408 0.017417
3973.406408 0.014727
3975.397408 0.020808
3977.388408 0.028734
3979.379408 0.029528
3981.370408 0.028965
3983.361408 0.027422
3985.352408 0.031447
3987.343408 0.034824
3989.334408 0.033290
3991.325408 0.033404
3993.316408 0.034878
3995.307408 0.034297
3997.298408 0.036015
3999.289408 0.035101
4001.280408 0.037279
4003.271408 0.039315
4005.262408 0.038390
4007.253408 0.035082
4009.244408 0.036895
4011.235408 0.038838
4013.226408 0.037070
4015.217408 0.036254
4017.208408 0.038192
4019.199408 0.036907
4021.190408 0.034009
4023.181408 0.034101
4025.172408 0.035981
4027.163408 0.037684
4029.154408 0.035852
4031.145408 0.037546
4033.136408 0.039240
4035.127408 0.038409
4037.118408 0.035302
4039.109408 0.036105
4041.100408 0.037003
4043.091408 0.035303
4045.082408 0.034396
4047.073408 0.039092
4049.064408 0.038380
4051.055408 0.037103
4053.046408 0.036367
4055.037408 0.028267
4057.028408 0.032791
4059.019408 0.037527
4061.010408 0.035526
4063.001408 0.033999
4064.992408 0.034264
4066.983408 0.035312
4068.974408 0.035386
4070.965408 0.032931
4072.956408 0.032001
4074.947408 0.033308
4076.938408 0.033162
4078.929408 0.032699
4080.920408 0.033155
4082.911408 0.033062
4084.902408 0.032498
4086.893408 0.029903
4088.884408 0.029349
4090.875408 0.029506
4092.866408 0.029055
4094.857408 0.027588
4096.848408 0.024986
4098.839408 0.025168
4100.830408 0.026891
4102.821408 0.025521
4104.812408 0.025171
4106.803408 0.030757
4108.794408 0.029495
4110.785408 0.029740
4112.776408 0.034319
4114.767408 0.036674
4116.758408 0.035031
4118.749408 0.034418
4120.740408 0.037137
4122.731408 0.036339
4124.722408 0.033736
4126.713408 0.035479
4128.704408 0.037607
4130.695408 0.032750
4132.686408 0.031033
4134.677408 0.036227
4136.668408 0.037025
4138.659408 0.034501
4140.650408 0.035880
4142.641408 0.040071
4144.632408 0.039703
4146.623408 0.037219
4148.614408 0.036111
4150.605408 0.038350
4152.596408 0.036202
4154.587408 0.037667
4156.578408 0.036660
4158.569408 0.035922
4160.560408 0.037891
4162.551408 0.039522
4164.542408 0.036321
4166.533408 0.036076
4168.524408 0.035743
4170.515408 0.035538
4172.506408 0.033010
4174.497408 0.033670
4176.488408 0.033818
4178.479408 0.035060
4180.470408 0.033580
4182.461408 0.036579
4184.452408 0.034431
4186.443408 0.033943
4188.434408 0.034699
4190.425408 0.035903
4192.416408 0.036626
4194.407408 0.036946
4196.398408 0.033660
4198.389408 0.031605
4200.380408 0.035737
4202.371408 0.035019
4204.362408 0.034968
4206.353408 0.034628
4208.344408 0.036518
4210.335408 0.040187
4212.326408 0.039822
4214.317408 0.037066
4216.308408 0.036950
4218.299408 0.037630
4220.290408 0.036338
4222.281408 0.037894
4224.272408 0.039062
4226.263408 0.034297
4228.254408 0.035583
4230.245408 0.037419
4232.236408 0.036483
4234.227408 0.034380
4236.218408 0.036145
4238.209408 0.039034
4240.200408 0.038108
4242.191408 0.037590
4244.182408 0.037887
4246.173408 0.032509
4248.164408 0.032303
4250.155408 0.035365
4252.146408 0.034344
4254.137408 0.034581
4256.128408 0.036306
4258.119408 0.035326
4260.110408 0.035821
4262.101408 0.035316
4264.092408 0.039493
4266.083408 0.038911
4268.074408 0.036359
4270.065408 0.035159
4272.056408 0.033404
4274.047408 0.031899
4276.038408 0.032228
4278.029408 0.035365
4280.020408 0.037076
4282.011408 0.039912
4284.002408 0.036196
4285.993408 0.033107
4287.984408 0.032184
4289.975408 0.030627
4291.966408 0.032468
4293.957408 0.034192
4295.948408 0.034890
4297.939408 0.030465
4299.930408 0.030785
4301.921408 0.031770
4303.912408 0.028014
4305.903408 0.031299
4307.894408 0.028996
4309.885408 0.036097
4311.876408 0.032587
4313.867408 0.033229
4315.858408 0.036685
4317.849408 0.038644
4319.840408 0.034414
4321.831408 0.034146
4323.822408 0.036110
4325.813408 0.040047
4327.804408 0.040489
4329.795408 0.036055
4331.786408 0.030950
4333.777408 0.030680
4335.768408 0.034687
4337.759408 0.037873
4339.750408 0.034872
4341.741408 0.029537
4343.732408 0.021947
4345.723408 0.025292
4347.714408 0.030816
4349.705408 0.035706
4351.696408 0.034520
4353.687408 0.034688
4355.678408 0.032170
4357.669408 0.034779
4359.660408 0.035020
4361.651408 0.035409
4363.642408 0.040415
4365.633408 0.044172
4367.624408 0.038270
4369.615408 0.036417
4371.606408 0.037408
4373.597408 0.030955
4375.588408 0.030856
4377.579408 0.040452
4379.570408 0.038858
4381.561408 0.032940
4383.552408 0.037215
4385.543408 0.039104
4387.534408 0.036120
4389.525408 0.032033
4391.516408 0.038013
4393.507408 0.036694
4395.498408 0.037667
4397.489408 0.037924
4399.480408 0.032849
4401.471408 0.033415
4403.462408 0.033953
4405.453408 0.040057
4407.444408 0.036278
4409.435408 0.037495
4411.426408 0.042864
4413.417408 0.037389
4415.408408 0.036506
4417.399408 0.034203
4419.390408 0.037549
4421.381408 0.038104
4423.372408 0.034461
4425.363408 0.037503
4427.354408 0.040668
4429.345408 0.037982
4431.336408 0.037866
4433.327408 0.039429
4435.318408 0.035343
4437.309408 0.036471
4439.300408 0.033271
4441.291408 0.034624
4443.282408 0.035742
4445.273408 0.033205
4447.264408 0.033060
4449.255408 0.036292
4451.246408 0.035239
4453.237408 0.034980
4455.228408 0.034031
4457.219408 0.034075
4459.210408 0.034729
4461.201408 0.033862
4463.192408 0.035054
4465.183408 0.035563
4467.174408 0.035281
4469.165408 0.033551
4471.156408 0.029897
4473.147408 0.034479
4475.138408 0.034064
4477.129408 0.035973
4479.120408 0.035896
4481.111408 0.036049
4483.102408 0.034142
4485.093408 0.033493
4487.084408 0.036873
4489.075408 0.038933
4491.066408 0.036795
4493.057408 0.035508
4495.048408 0.040097
4497.039408 0.040923
4499.030408 0.038260
4501.021408 0.038943
4503.012408 0.038830
4505.003408 0.037946
4506.994408 0.038696
4508.985408 0.033091
4510.976408 0.036485
4512.967408 0.030867
4514.958408 0.036187
4516.949408 0.041888
4518.940408 0.034672
4520.931408 0.029782
4522.922408 0.036710
4524.913408 0.043234
4526.904408 0.035354
4528.895408 0.032343
4530.886408 0.036480
4532.877408 0.039152
4534.868408 0.034975
4536.859408 0.038510
4538.850408 0.036616
4540.841408 0.036760
4542.832408 0.033492
4544.823408 0.033401
4546.814408 0.036673
4548.805408 0.035265
4550.796408 0.035178
4552.787408 0.036181
4554.778408 0.034845
4556.769408 0.036127
4558.760408 0.037071
4560.751408 0.038421
4562.742408 0.035162
4564.733408 0.034964
4566.724408 0.032352
4568.715408 0.032793
4570.706408 0.035443
4572.697408 0.033528
4574.688408 0.034568
4576.679408 0.033695
4578.670408 0.033878
4580.661408 0.034794
4582.652408 0.034457
4584.643408 0.037102
4586.634408 0.039816
4588.625408 0.038709
4590.616408 0.032349
4592.607408 0.028744
4594.598408 0.034016
4596.589408 0.032714
4598.580408 0.038490
4600.571408 0.037156
4602.562408 0.031059
4604.553408 0.032683
4606.544408 0.035949
4608.535408 0.033696
4610.526408 0.038244
4612.517408 0.036643
4614.508408 0.034363
4616.499408 0.033551
4618.490408 0.035355
4620.481408 0.034927
4622.472408 0.033631
4624.463408 0.033834
4626.454408 0.036730
4628.445408 0.037272
4630.436408 0.038861
4632.427408 0.039263
4634.418408 0.034629
4636.409408 0.036381
4638.400408 0.039006
4640.391408 0.037386
4642.382408 0.037993
4644.373408 0.040177
4646.364408 0.035729
4648.355408 0.036863
4650.346408 0.035445
4652.337408 0.033417
4654.328408 0.038042
4656.319408 0.036970
4658.310408 0.038429
4660.301408 0.040035
4662.292408 0.037499
4664.283408 0.038722
4666.274408 0.037233
4668.265408 0.035563
4670.256408 0.036510
4672.247408 0.042827
4674.238408 0.040262
4676.229408 0.038230
4678.220408 0.039917
4680.211408 0.037632
4682.202408 0.037083
4684.193408 0.032845
4686.184408 0.034504
4688.175408 0.037690
4690.166408 0.039556
4692.157408 0.029818
4694.148408 0.032270
4696.139408 0.033766
4698.130408 0.029725
4700.121408 0.034722
4702.112408 0.029881
4704.103408 0.030289
4706.094408 0.030132
4708.085408 0.035410
4710.076408 0.033331
4712.067408 0.034141
4714.058408 0.037712
4716.049408 0.035387
4718.040408 0.036245
4720.031408 0.043261
4722.022408 0.047120
4724.013408 0.037979
4726.004408 0.032302
4727.995408 0.038263
4729.986408 0.038242
4731.977408 0.037901
4733.968408 0.034125
4735.959408 0.038263
4737.950408 0.038319
4739.941408 0.034932
4741.932408 0.031630
4743.923408 0.035418
4745.914408 0.034739
4747.905408 0.031931
4749.896408 0.035708
4751.887408 0.037410
4753.878408 0.038943
4755.869408 0.037864
4757.860408 0.038264
4759.851408 0.035848
4761.842408 0.035338
4763.833408 0.037879
4765.824408 0.042203
4767.815408 0.039476
4769.806408 0.037279
4771.797408 0.038317
4773.788408 0.035850
4775.779408 0.030920
4777.770408 0.040258
4779.761408 0.044297
4781.752408 0.044584
4783.743408 0.040472
4785.734408 0.036409
4787.725408 0.036899
4789.716408 0.038780
4791.707408 0.035797
4793.698408 0.037971
4795.689408 0.034919
4797.680408 0.034699
4799.671408 0.036018
4801.662408 0.037983
4803.653408 0.040429
4805.644408 0.036386
4807.635408 0.031456
4809.626408 0.038634
4811.617408 0.039502
4813.608408 0.038623
4815.599408 0.040389
4817.590408 0.032957
4819.581408 0.033082
4821.572408 0.034714
4823.563408 0.032976
4825.554408 0.036364
4827.545408 0.036241
4829.536408 0.033592
4831.527408 0.035012
4833.518408 0.036902
4835.509408 0.040372
4837.500408 0.038183
4839.491408 0.036663
4841.482408 0.036759
4843.473408 0.033461
4845.464408 0.033931
4847.455408 0.037086
4849.446408 0.032967
4851.437408 0.032585
4853.428408 0.032992
4855.419408 0.035949
4857.410408 0.039417
4859.401408 0.045177
4861.392408 0.042745
4863.383408 0.044478
4865.374408 0.039512
4867.365408 0.032647
4869.356408 0.031828
4871.347408 0.033647
4873.338408 0.031971
4875.329408 0.029288
4877.320408 0.031862
4879.311408 0.036435
4881.302408 0.033662
4883.293408 0.029895
4885.284408 0.030644
4887.275408 0.033795
4889.266408 0.034187
4891.257408 0.036395
4893.248408 0.033722
4895.239408 0.031422
4897.230408 0.034632
4899.221408 0.032064
4901.212408 0.030021
4903.203408 0.032768
4905.194408 0.034602
4907.185408 0.030167
4909.176408 0.034100
4911.167408 0.038839
4913.158408 0.037184
4915.149408 0.038666
4917.140408 0.037789
4919.131408 0.034697
4921.122408 0.037391
4923.113408 0.033907
4925.104408 0.037619
4927.095408 0.038449
4929.086408 0.037667
4931.077408 0.036706
4933.068408 0.036740
4935.059408 0.038356
4937.050408 0.033031
4939.041408 0.030608
4941.032408 0.030739
4943.023408 0.036021
4945.014408 0.037466
4947.005408 0.032010
4948.996408 0.033318
4950.987408 0.036206
4952.978408 0.034565
4954.969408 0.040901
4956.960408 0.042262
4958.951408 0.042447
4960.942408 0.039941
4962.933408 0.038455
4964.924408 0.037727
4966.915408 0.037471
4968.906408 0.031980
4970.897408 0.033496
4972.888408 0.029462
4974.879408 0.030629
4976.870408 0.029861
4978.861408 0.035315
4980.852408 0.039345
4982.843408 0.043602
4984.834408 0.039712
4986.825408 0.036551
4988.816408 0.037600
4990.807408 0.033197
4992.798408 0.032235
4994.789408 0.038269
4996.780408 0.034721
4998.771408 0.038378
5000.762408 0.034144
5002.753408 0.047873
5004.744408 0.043480
5006.735408 0.043281
5008.726408 0.056018
5010.717408 0.051252
5012.708408 0.046084
5014.699408 0.032418
5016.690408 0.027676
5018.681408 0.028376
5020.672408 0.035525
5022.663408 0.038016
5024.654408 0.037640
5026.645408 0.032078
5028.636408 0.038371
5030.627408 0.040236
5032.618408 0.036471
5034.609408 0.035387
5036.600408 0.031254
5038.591408 0.035731
5040.582408 0.032631
5042.573408 0.031293
5044.564408 0.036640
5046.555408 0.040411
5048.546408 0.041318
5050.537408 0.038378
5052.528408 0.039658
5054.519408 0.039959
5056.510408 0.039436
5058.501408 0.040907
5060.492408 0.038192
