2446.219887 0.000000
2448.816887 0.000000
2451.413887 0.000000
2454.010887 0.000000
2456.607887 0.000000
2459.204887 -0.000202
2461.801887 0.002784
2464.398887 0.015620
2466.995887 0.017320
2469.592887 0.015183
2472.189887 0.015481
2474.786887 0.010672
2477.383887 0.020291
2479.980887 0.020523
2482.577887 0.018447
2485.174887 0.007041
2487.771887 0.012250
2490.368887 0.025381
2492.965887 0.008426
2495.562887 0.022305
2498.159887 0.021030
2500.756887 0.026082
2503.353887 0.021808
2505.950887 0.013385
2508.547887 0.010656
2511.144887 0.011365
2513.741887 0.009622
2516.338887 0.013658
2518.935887 0.004548
2521.532887 0.009870
2524.129887 0.012117
2526.726887 0.011476
2529.323887 0.010082
2531.920887 0.010125
2534.517887 0.010543
2537.114887 0.008610
2539.711887 0.000939
2542.308887 0.002744
2544.905887 0.013582
2547.502887 0.020761
2550.099887 0.015901
2552.696887 0.012176
2555.293887 0.007927
2557.890887 0.012454
2560.487887 0.015804
2563.084887 0.014311
2565.681887 0.009159
2568.278887 0.004727
2570.875887 0.008590
2573.472887 0.008053
2576.069887 0.009908
2578.666887 0.012228
2581.263887 0.005815
2583.860887 0.001939
2586.457887 -0.002183
2589.054887 0.010664
2591.651887 0.014046
2594.248887 0.018935
2596.845887 0.011369
2599.442887 0.004488
2602.039887 0.005431
2604.636887 0.012087
2607.233887 0.008138
2609.830887 0.003221
2612.427887 0.006556
2615.024887 0.013348
2617.621887 0.009306
2620.218887 0.011219
2622.815887 0.021517
2625.412887 0.013879
2628.009887 0.010437
2630.606887 0.010207
2633.203887 0.014200
2635.800887 0.023157
2638.397887 0.023388
2640.994887 0.018549
2643.591887 0.010954
2646.188887 0.015506
2648.785887 0.025659
2651.382887 0.016669
2653.979887 0.022048
2656.576887 0.018598
2659.173887 0.018483
2661.770887 0.017490
2664.367887 0.013001
2666.964887 0.021472
2669.561887 0.016852
2672.158887 0.025505
2674.755887 0.020507
2677.352887 0.021004
2679.949887 0.018726
2682.546887 0.018884
2685.143887 0.022110
2687.740887 0.016895
2690.337887 0.011609
2692.934887 0.012556
2695.531887 0.011785
2698.128887 0.016391
2700.725887 0.021043
2703.322887 0.019234
2705.919887 0.016835
2708.516887 0.015608
2711.113887 0.012992
2713.710887 0.007380
2716.307887 0.012627
2718.904887 0.015870
2721.501887 0.012787
2724.098887 0.015173
2726.695887 0.016068
2729.292887 0.015509
2731.889887 0.016129
2734.486887 0.014140
2737.083887 0.010823
2739.680887 0.012486
2742.277887 0.013161
2744.874887 0.010439
2747.471887 0.012518
2750.068887 0.012777
2752.665887 0.015563
2755.262887 0.016071
2757.859887 0.012340
2760.456887 0.012972
2763.053887 0.018331
2765.650887 0.016070
2768.247887 0.012858
2770.844887 0.013395
2773.441887 0.011975
2776.038887 0.011669
2778.635887 0.013692
2781.232887 0.013270
2783.829887 0.009703
2786.426887 0.012840
2789.023887 0.010598
2791.620887 0.007359
2794.217887 0.007116
2796.814887 0.006859
2799.411887 0.003985
2802.008887 0.007820
2804.605887 0.007377
2807.202887 0.007214
2809.799887 0.014901
2812.396887 0.014995
2814.993887 0.014416
2817.590887 0.014617
2820.187887 0.018166
2822.784887 0.012420
2825.381887 0.012393
2827.978887 0.015823
2830.575887 0.020540
2833.172887 0.020739
2835.769887 0.019977
2838.366887 0.018254
2840.963887 0.017028
2843.560887 0.015610
2846.157887 0.015288
2848.754887 0.014872
2851.351887 0.010081
2853.948887 0.012931
2856.545887 0.013211
2859.142887 0.017474
2861.739887 0.016416
2864.336887 0.019468
2866.933887 0.016061
2869.530887 0.021056
2872.127887 0.021362
2874.724887 0.022401
2877.321887 0.015027
2879.918887 0.017287
2882.515887 0.019163
2885.112887 0.019437
2887.709887 0.019943
2890.306887 0.019096
2892.903887 0.020944
2895.500887 0.020909
2898.097887 0.020448
2900.694887 0.019064
2903.291887 0.021307
2905.888887 0.025943
2908.485887 0.024598
2911.082887 0.023191
2913.679887 0.021773
2916.276887 0.022705
2918.873887 0.023079
2921.470887 0.024748
2924.067887 0.024991
2926.664887 0.027467
2929.261887 0.023510
2931.858887 0.023438
2934.455887 0.028273
2937.052887 0.025320
2939.649887 0.025123
2942.246887 0.026686
2944.843887 0.025758
2947.440887 0.025017
2950.037887 0.023773
2952.634887 0.021056
2955.231887 0.022961
2957.828887 0.023864
2960.425887 0.023233
2963.022887 0.023851
2965.619887 0.023194
2968.216887 0.021978
2970.813887 0.021365
2973.410887 0.020551
2976.007887 0.023486
2978.604887 0.024027
2981.201887 0.022417
2983.798887 0.025801
2986.395887 0.022438
2988.992887 0.020427
2991.589887 0.022207
2994.186887 0.022852
2996.783887 0.023921
2999.380887 0.024066
3001.977887 0.020383
3004.574887 0.022114
3007.171887 0.021124
3009.768887 0.022201
3012.365887 0.020677
3014.962887 0.021197
3017.559887 0.024245
3020.156887 0.025471
3022.753887 0.024620
3025.350887 0.027129
3027.947887 0.028621
3030.544887 0.028530
3033.141887 0.028149
3035.738887 0.025075
3038.335887 0.028247
3040.932887 0.031877
3043.529887 0.028490
3046.126887 0.027250
3048.723887 0.025868
3051.320887 0.023622
3053.917887 0.027169
3056.514887 0.028519
3059.111887 0.024792
3061.708887 0.026362
3064.305887 0.027920
3066.902887 0.028076
3069.499887 0.030915
3072.096887 0.027322
3074.693887 0.023482
3077.290887 0.022479
3079.887887 0.026517
3082.484887 0.026390
3085.081887 0.027104
3087.678887 0.029444
3090.275887 0.024962
3092.872887 0.020750
3095.469887 0.020130
3098.066887 0.022119
3100.663887 0.026984
3103.260887 0.029331
3105.857887 0.027616
3108.454887 0.027565
3111.051887 0.029711
3113.648887 0.028355
3116.245887 0.026455
3118.842887 0.024909
3121.439887 0.026859
3124.036887 0.029482
3126.633887 0.029572
3129.230887 0.026443
3131.827887 0.028790
3134.424887 0.027640
3137.021887 0.028557
3139.618887 0.029409
3142.215887 0.028424
3144.812887 0.026204
3147.409887 0.025993
3150.006887 0.026712
3152.603887 0.028612
3155.200887 0.027095
3157.797887 0.025653
3160.394887 0.024569
3162.991887 0.021819
3165.588887 0.022797
3168.185887 0.029620
3170.782887 0.030572
3173.379887 0.029663
3175.976887 0.028441
3178.573887 0.027082
3181.170887 0.024467
3183.767887 0.027015
3186.364887 0.031575
3188.961887 0.027928
3191.558887 0.027443
3194.155887 0.028641
3196.752887 0.024398
3199.349887 0.028033
3201.946887 0.032782
3204.543887 0.031838
3207.140887 0.029460
3209.737887 0.024043
3212.334887 0.028377
3214.931887 0.026984
3217.528887 0.027573
3220.125887 0.028906
3222.722887 0.032839
3225.319887 0.032719
3227.916887 0.028075
3230.513887 0.024919
3233.110887 0.028221
3235.707887 0.025974
3238.304887 0.029653
3240.901887 0.031371
3243.498887 0.029089
3246.095887 0.027794
3248.692887 0.031800
3251.289887 0.031654
3253.886887 0.034014
3256.483887 0.031922
3259.080887 0.036548
3261.677887 0.036774
3264.274887 0.037075
3266.871887 0.039856
3269.468887 0.033897
3272.065887 0.035425
3274.662887 0.031773
3277.259887 0.031249
3279.856887 0.032911
3282.453887 0.032640
3285.050887 0.031222
3287.647887 0.035762
3290.244887 0.036887
3292.841887 0.037234
3295.438887 0.042560
3298.035887 0.041883
3300.632887 0.038817
3303.229887 0.036285
3305.826887 0.034965
3308.423887 0.033583
3311.020887 0.036910
3313.617887 0.036036
3316.214887 0.036784
3318.811887 0.038853
3321.408887 0.035565
3324.005887 0.033796
3326.602887 0.034391
3329.199887 0.035037
3331.796887 0.033094
3334.393887 0.032478
3336.990887 0.033352
3339.587887 0.033938
3342.184887 0.033213
3344.781887 0.036388
3347.378887 0.037482
3349.975887 0.034118
3352.572887 0.033504
3355.169887 0.036114
3357.766887 0.034393
3360.363887 0.030998
3362.960887 0.032296
3365.557887 0.034475
3368.154887 0.032165
3370.751887 0.032313
3373.348887 0.030499
3375.945887 0.032162
3378.542887 0.035567
3381.139887 0.037300
3383.736887 0.037797
3386.333887 0.035222
3388.930887 0.035196
3391.527887 0.036510
3394.124887 0.035340
3396.721887 0.036304
3399.318887 0.038683
3401.915887 0.037506
3404.512887 0.038769
3407.109887 0.036375
3409.706887 0.034692
3412.303887 0.034309
3414.900887 0.033413
3417.497887 0.035429
3420.094887 0.038500
3422.691887 0.038888
3425.288887 0.033275
3427.885887 0.037916
3430.482887 0.038608
3433.079887 0.039070
3435.676887 0.038164
3438.273887 0.035391
3440.870887 0.030035
3443.467887 0.029168
3446.064887 0.031863
3448.661887 0.037809
3451.258887 0.040016
3453.855887 0.039573
3456.452887 0.038785
3459.049887 0.036600
3461.646887 0.035413
3464.243887 0.035551
3466.840887 0.037920
3469.437887 0.035008
3472.034887 0.033078
3474.631887 0.034884
3477.228887 0.038054
3479.825887 0.038323
3482.422887 0.037750
3485.019887 0.038583
3487.616887 0.037045
3490.213887 0.035877
3492.810887 0.039201
3495.407887 0.037280
3498.004887 0.037411
3500.601887 0.039598
3503.198887 0.042072
3505.795887 0.039855
3508.392887 0.043060
3510.989887 0.040724
3513.586887 0.035910
3516.183887 0.038612
3518.780887 0.038327
3521.377887 0.036063
3523.974887 0.036875
3526.571887 0.037941
3529.168887 0.037852
3531.765887 0.038713
3534.362887 0.040586
3536.959887 0.041264
3539.556887 0.041308
3542.153887 0.043835
3544.750887 0.041813
3547.347887 0.041457
3549.944887 0.040687
3552.541887 0.040066
3555.138887 0.040806
3557.735887 0.042080
3560.332887 0.044624
3562.929887 0.040602
3565.526887 0.036097
3568.123887 0.033452
3570.720887 0.035578
3573.317887 0.037400
3575.914887 0.038519
3578.511887 0.038685
3581.108887 0.033297
3583.705887 0.030970
3586.302887 0.032967
3588.899887 0.035617
3591.496887 0.036087
3594.093887 0.036985
3596.690887 0.040779
3599.287887 0.043359
3601.884887 0.043551
3604.481887 0.041169
3607.078887 0.039452
3609.675887 0.037715
3612.272887 0.037724
3614.869887 0.036322
3617.466887 0.037348
3620.063887 0.038448
3622.660887 0.040400
3625.257887 0.043011
3627.854887 0.041288
3630.451887 0.040341
3633.048887 0.041086
3635.645887 0.041072
3638.242887 0.041960
3640.839887 0.045498
3643.436887 0.043669
3646.033887 0.040330
3648.630887 0.040185
3651.227887 0.043538
3653.824887 0.043554
3656.421887 0.044654
3659.018887 0.049465
3661.615887 0.047384
3664.212887 0.046715
3666.809887 0.047081
3669.406887 0.047638
3672.003887 0.046999
3674.600887 0.046448
3677.197887 0.046965
3679.794887 0.045304
3682.391887 0.043965
3684.988887 0.042873
3687.585887 0.044084
3690.182887 0.047081
3692.779887 0.048598
3695.376887 0.047256
3697.973887 0.049286
3700.570887 0.046859
3703.167887 0.048657
3705.764887 0.046613
3708.361887 0.044943
3710.958887 0.045774
3713.555887 0.047916
3716.152887 0.048270
3718.749887 0.047309
3721.346887 0.046054
3723.943887 0.051010
3726.540887 0.054074
3729.137887 0.053840
3731.734887 0.051347
3734.331887 0.045972
3736.928887 0.041259
3739.525887 0.047925
3742.122887 0.052640
3744.719887 0.046480
3747.316887 0.042389
3749.913887 0.037715
3752.510887 0.041319
3755.107887 0.051519
3757.704887 0.053574
3760.301887 0.050682
3762.898887 0.047449
3765.495887 0.046198
3768.092887 0.043280
3770.689887 0.042761
3773.286887 0.048539
3775.883887 0.051773
3778.480887 0.057516
3781.077887 0.061353
3783.674887 0.059551
3786.271887 0.056915
3788.868887 0.056350
3791.465887 0.053945
3794.062887 0.049183
3796.659887 0.047137
3799.256887 0.048311
3801.853887 0.050181
3804.450887 0.056011
3807.047887 0.055191
3809.644887 0.057129
3812.241887 0.059143
3814.838887 0.056236
3817.435887 0.055951
3820.032887 0.054451
3822.629887 0.051207
3825.226887 0.049882
3827.823887 0.046732
3830.420887 0.044508
3833.017887 0.038193
3835.614887 0.036166
3838.211887 0.036479
3840.808887 0.042418
3843.405887 0.045874
3846.002887 0.049731
3848.599887 0.056341
3851.196887 0.062195
3853.793887 0.059657
3856.390887 0.055452
3858.987887 0.055076
3861.584887 0.055608
3864.181887 0.056985
3866.778887 0.060745
3869.375887 0.059892
3871.972887 0.057620
3874.569887 0.057436
3877.166887 0.056285
3879.763887 0.055967
3882.360887 0.054083
3884.957887 0.052283
3887.554887 0.050088
3890.151887 0.048688
3892.748887 0.052720
3895.345887 0.055897
3897.942887 0.059221
3900.539887 0.059402
3903.136887 0.058948
3905.733887 0.062001
3908.330887 0.069473
3910.927887 0.073598
3913.524887 0.070245
3916.121887 0.068986
3918.718887 0.068211
3921.315887 0.068955
3923.912887 0.067018
3926.509887 0.059846
3929.106887 0.047618
3931.703887 0.038697
3934.300887 0.032609
3936.897887 0.039203
3939.494887 0.047789
3942.091887 0.053605
3944.688887 0.059756
3947.285887 0.064996
3949.882887 0.065991
3952.479887 0.068399
3955.076887 0.069067
3957.673887 0.065525
3960.270887 0.059876
3962.867887 0.052531
3965.464887 0.042574
3968.061887 0.032124
3970.658887 0.027611
3973.255887 0.038433
3975.852887 0.055844
3978.449887 0.067074
3981.046887 0.072416
3983.643887 0.074043
3986.240887 0.075658
3988.837887 0.080844
3991.434887 0.084761
3994.031887 0.080752
3996.628887 0.082608
3999.225887 0.086307
4001.822887 0.085941
4004.419887 0.086901
4007.016887 0.090140
4009.613887 0.090629
4012.210887 0.089548
4014.807887 0.094694
4017.404887 0.092874
4020.001887 0.092606
4022.598887 0.091956
4025.195887 0.089380
4027.792887 0.089462
4030.389887 0.088543
4032.986887 0.089447
4035.583887 0.090485
4038.180887 0.089953
4040.777887 0.086276
4043.374887 0.085970
4045.971887 0.084683
4048.568887 0.086507
4051.165887 0.088171
4053.762887 0.088528
4056.359887 0.091222
4058.956887 0.089654
4061.553887 0.085298
4064.150887 0.086779
4066.747887 0.085531
4069.344887 0.082793
4071.941887 0.085999
4074.538887 0.084461
4077.135887 0.075242
4079.732887 0.077445
4082.329887 0.084280
4084.926887 0.083230
4087.523887 0.085794
4090.120887 0.087277
4092.717887 0.084774
4095.314887 0.076395
4097.911887 0.068624
4100.508887 0.067754
4103.105887 0.069135
4105.702887 0.073198
4108.299887 0.076505
4110.896887 0.078244
4113.493887 0.080716
4116.090887 0.082423
4118.687887 0.085476
4121.284887 0.085818
4123.881887 0.084976
4126.478887 0.083442
4129.075887 0.084468
4131.672887 0.081419
4134.269887 0.082792
4136.866887 0.086513
4139.463887 0.089931
4142.060887 0.085834
4144.657887 0.083451
4147.254887 0.084583
4149.851887 0.083509
4152.448887 0.082491
4155.045887 0.082603
4157.642887 0.083701
4160.239887 0.083798
4162.836887 0.086514
4165.433887 0.088189
4168.030887 0.089176
4170.627887 0.086461
4173.224887 0.081801
4175.821887 0.081121
4178.418887 0.078577
4181.015887 0.084096
4183.612887 0.086184
4186.209887 0.086137
4188.806887 0.080845
4191.403887 0.082276
4194.000887 0.083302
4196.597887 0.084789
4199.194887 0.083799
4201.791887 0.082616
4204.388887 0.088072
4206.985887 0.086262
4209.582887 0.085821
4212.179887 0.086248
4214.776887 0.084853
4217.373887 0.088205
4219.970887 0.090350
4222.567887 0.087165
4225.164887 0.087395
4227.761887 0.085841
4230.358887 0.081034
4232.955887 0.086455
4235.552887 0.090593
4238.149887 0.086647
4240.746887 0.090997
4243.343887 0.092459
4245.940887 0.090542
4248.537887 0.086618
4251.134887 0.084815
4253.731887 0.086765
4256.328887 0.091763
4258.925887 0.088488
4261.522887 0.091184
4264.119887 0.093411
4266.716887 0.094411
4269.313887 0.084868
4271.910887 0.081723
4274.507887 0.081567
4277.104887 0.085355
4279.701887 0.088643
4282.298887 0.087054
4284.895887 0.082368
4287.492887 0.084254
4290.089887 0.083449
4292.686887 0.078150
4295.283887 0.074914
4297.880887 0.076044
4300.477887 0.079641
4303.074887 0.074140
4305.671887 0.063623
4308.268887 0.064892
4310.865887 0.069263
4313.462887 0.073306
4316.059887 0.081884
4318.656887 0.095509
4321.253887 0.087319
4323.850887 0.087961
4326.447887 0.084284
4329.044887 0.089776
4331.641887 0.083544
4334.238887 0.085616
4336.835887 0.089266
4339.432887 0.083148
4342.029887 0.077914
4344.626887 0.088774
4347.223887 0.096444
4349.820887 0.087014
4352.417887 0.091621
4355.014887 0.097256
4357.611887 0.097695
4360.208887 0.095360
4362.805887 0.100991
4365.402887 0.098986
4367.999887 0.101828
4370.596887 0.099563
4373.193887 0.100208
4375.790887 0.094932
4378.387887 0.093364
4380.984887 0.097144
4383.581887 0.098290
4386.178887 0.098156
4388.775887 0.096524
4391.372887 0.098058
4393.969887 0.094588
4396.566887 0.098774
4399.163887 0.098292
4401.760887 0.094675
4404.357887 0.095375
4406.954887 0.093346
4409.551887 0.091910
4412.148887 0.090973
4414.745887 0.091498
4417.342887 0.099585
4419.939887 0.101645
4422.536887 0.097504
4425.133887 0.096208
4427.730887 0.091261
4430.327887 0.091138
4432.924887 0.090723
4435.521887 0.098217
4438.118887 0.099623
4440.715887 0.109284
4443.312887 0.108004
4445.909887 0.105377
4448.506887 0.096160
4451.103887 0.094610
4453.700887 0.091798
4456.297887 0.087529
4458.894887 0.099135
4461.491887 0.105028
4464.088887 0.099417
4466.685887 0.108213
4469.282887 0.101038
4471.879887 0.098230
4474.476887 0.097946
4477.073887 0.105828
4479.670887 0.104811
4482.267887 0.099460
4484.864887 0.106985
4487.461887 0.111691
4490.058887 0.108768
4492.655887 0.104641
4495.252887 0.105028
4497.849887 0.099206
4500.446887 0.105297
4503.043887 0.110411
4505.640887 0.106350
4508.237887 0.113721
4510.834887 0.114278
4513.431887 0.108842
4516.028887 0.102784
4518.625887 0.101971
4521.222887 0.112017
4523.819887 0.107132
4526.416887 0.091942
4529.013887 0.095440
4531.610887 0.106369
4534.207887 0.103241
4536.804887 0.111299
4539.401887 0.105420
4541.998887 0.111243
4544.595887 0.092027
4547.192887 0.090795
4549.789887 0.101919
4552.386887 0.083490
4554.983887 0.098897
4557.580887 0.127196
4560.177887 0.114321
4562.774887 0.140416
4565.371887 0.125272
4567.968887 0.121023
4570.565887 0.114658
4573.162887 0.114860
4575.759887 0.106189
4578.356887 0.090238
4580.953887 0.086765
4583.550887 0.088367
4586.147887 0.089725
4588.744887 0.096289
4591.341887 0.114192
4593.938887 0.123518
4596.535887 0.110859
4599.132887 0.117825
4601.729887 0.127539
4604.326887 0.132787
4606.923887 0.117469
4609.520887 0.102725
4612.117887 0.113634
4614.714887 0.129332
4617.311887 0.129843
4619.908887 0.129559
4622.505887 0.124070
4625.102887 0.116857
4627.699887 0.132084
4630.296887 0.112535
4632.893887 0.105733
4635.490887 0.110982
4638.087887 0.120345
4640.684887 0.102710
4643.281887 0.111918
4645.878887 0.110937
4648.475887 0.128015
4651.072887 0.107815
4653.669887 0.116721
4656.266887 0.123474
4658.863887 0.128634
4661.460887 0.117660
4664.057887 0.108432
4666.654887 0.123646
4669.251887 0.132472
4671.848887 0.130292
4674.445887 0.119777
4677.042887 0.140204
4679.639887 0.117294
4682.236887 0.096706
4684.833887 0.107853
4687.430887 0.122460
4690.027887 0.126542
4692.624887 0.122629
4695.221887 0.113401
4697.818887 0.122080
4700.415887 0.111561
4703.012887 0.104023
4705.609887 0.100831
4708.206887 0.097327
4710.803887 0.106906
4713.400887 0.104001
4715.997887 0.112276
4718.594887 0.113087
4721.191887 0.111889
4723.788887 0.114102
4726.385887 0.104162
4728.982887 0.104844
4731.579887 0.106839
4734.176887 0.098502
4736.773887 0.098720
4739.370887 0.100058
4741.967887 0.103492
4744.564887 0.121965
4747.161887 0.137494
4749.758887 0.123328
4752.355887 0.136403
4754.952887 0.119288
4757.549887 0.114380
4760.146887 0.092694
4762.743887 0.106290
4765.340887 0.099298
4767.937887 0.104858
4770.534887 0.112160
4773.131887 0.122336
4775.728887 0.126919
4778.325887 0.109746
4780.922887 0.108902
4783.519887 0.109981
4786.116887 0.108890
4788.713887 0.110498
4791.310887 0.108960
4793.907887 0.113083
4796.504887 0.112243
4799.101887 0.117092
4801.698887 0.113900
4804.295887 0.111319
4806.892887 0.112604
4809.489887 0.113866
4812.086887 0.115268
4814.683887 0.116465
4817.280887 0.117879
4819.877887 0.119129
4822.474887 0.121147
4825.071887 0.122477
4827.668887 0.121413
4830.265887 0.120125
4832.862887 0.121814
4835.459887 0.120593
4838.056887 0.100612
4840.653887 0.113869
4843.250887 0.110350
4845.847887 0.095193
4848.444887 0.105406
4851.041887 0.123200
4853.638887 0.131428
4856.235887 0.143208
4858.832887 0.126271
4861.429887 0.106882
4864.026887 0.114528
4866.623887 0.100310
4869.220887 0.105335
4871.817887 0.117557
4874.414887 0.111985
4877.011887 0.102698
4879.608887 0.122080
4882.205887 0.126282
4884.802887 0.125534
4887.399887 0.116714
4889.996887 0.125629
4892.593887 0.128474
4895.190887 0.103336
4897.787887 0.111506
4900.384887 0.136264
4902.981887 0.135555
4905.578887 0.134181
4908.175887 0.120266
4910.772887 0.116822
4913.369887 0.107388
4915.966887 0.119853
4918.563887 0.133633
4921.160887 0.133959
4923.757887 0.134223
4926.354887 0.133554
4928.951887 0.129355
4931.548887 0.121478
4934.145887 0.115429
4936.742887 0.090473
4939.339887 0.098842
4941.936887 0.099028
4944.533887 0.101671
4947.130887 0.106282
4949.727887 0.118932
4952.324887 0.133967
4954.921887 0.124682
4957.518887 0.118068
4960.115887 0.117914
4962.712887 0.112266
4965.309887 0.114636
4967.906887 0.113734
4970.503887 0.134482
4973.100887 0.132545
4975.697887 0.141952
4978.294887 0.108228
4980.891887 0.104743
4983.488887 0.114896
4986.085887 0.101401
4988.682887 0.100634
4991.279887 0.108542
4993.876887 0.113584
4996.473887 0.116611
4999.070887 0.132397
5001.667887 0.124395
5004.264887 0.100873
5006.861887 0.105927
5009.458887 0.115199
5012.055887 0.108001
5014.652887 0.097548
5017.249887 0.095442
5019.846887 0.096880
5022.443887 0.107997
5025.040887 0.121771
5027.637887 0.116596
5030.234887 0.125556
5032.831887 0.123261
5035.428887 0.106075
5038.025887 0.104222
5040.622887 0.107567
5043.219887 0.094152
5045.816887 0.090352
5048.413887 0.103186
5051.010887 0.118757
5053.607887 0.114924
5056.204887 0.121089
5058.801887 0.127984
5061.398887 0.124757
5063.995887 0.107691
5066.592887 0.129647
5069.189887 0.114832
5071.786887 0.118225
5074.383887 0.114313
5076.980887 0.117360
5079.577887 0.111693
