# obs: 255714
# slit: 27
# z: 0.43701
# lines: [OII],K,H,4000{AA}-break
# spec: 716
4451.680000 0.000000 1
4455.040000 0.000000 1
4458.400000 0.000000 1
4461.760000 0.000000 1
4465.120000 0.000000 1
4468.479999 0.000000 1
4471.839999 0.000000 1
4475.199999 0.000000 1
4478.559999 0.000000 1
4481.919999 0.000000 1
4485.279999 0.000000 1
4488.639999 0.000000 1
4491.999999 0.000000 1
4495.359999 0.000000 1
4498.719999 0.000000 1
4502.079998 0.000000 1
4505.439998 -0.065083 1
4508.799998 -0.030150 1
4512.159998 0.029291 1
4515.519998 0.046142 0
4518.879998 0.052996 0
4522.239998 0.024152 0
4525.599998 0.019705 0
4528.959998 0.035074 0
4532.319997 0.021656 0
4535.679997 0.040194 0
4539.039997 0.018598 0
4542.399997 0.038900 0
4545.759997 0.024852 0
4549.119997 0.015951 0
4552.479997 0.029912 0
4555.839997 0.014292 0
4559.199997 0.037209 0
4562.559997 0.045903 0
4565.919996 0.034310 0
4569.279996 0.028253 0
4572.639996 0.005108 0
4575.999996 0.032545 0
4579.359996 0.043191 0
4582.719996 0.040906 0
4586.079996 0.034888 0
4589.439996 0.021474 0
4592.799996 0.012636 0
4596.159995 0.036391 0
4599.519995 0.038567 0
4602.879995 0.025640 0
4606.239995 0.045958 0
4609.599995 0.051336 0
4612.959995 0.047594 0
4616.319995 0.029514 0
4619.679995 0.035128 0
4623.039995 0.015634 0
4626.399995 0.046809 0
4629.759994 0.024456 0
4633.119994 0.020666 0
4636.479994 0.046596 0
4639.839994 0.032087 0
4643.199994 0.027735 0
4646.559994 0.027926 0
4649.919994 0.037768 0
4653.279994 0.034614 0
4656.639994 0.033669 0
4659.999993 0.020770 0
4663.359993 0.026008 0
4666.719993 0.042068 0
4670.079993 0.037240 0
4673.439993 -0.003474 0
4676.799993 0.032650 0
4680.159993 0.037743 0
4683.519993 0.039115 0
4686.879993 0.026469 0
4690.239993 0.026765 0
4693.599992 0.049008 0
4696.959992 0.057876 0
4700.319992 0.056233 0
4703.679992 0.042713 0
4707.039992 0.028790 0
4710.399992 0.034453 0
4713.759992 0.046970 0
4717.119992 0.016455 0
4720.479992 0.039723 0
4723.839992 0.043800 0
4727.199991 0.037225 0
4730.559991 0.042903 0
4733.919991 0.034552 0
4737.279991 0.037281 0
4740.639991 0.059304 0
4743.999991 0.047513 0
4747.359991 0.028020 0
4750.719991 0.046252 0
4754.079991 0.044520 0
4757.439990 0.052099 0
4760.799990 0.027886 0
4764.159990 0.024798 0
4767.519990 0.052079 0
4770.879990 0.040787 0
4774.239990 0.033230 0
4777.599990 0.050106 0
4780.959990 0.049409 0
4784.319990 0.043221 0
4787.679990 0.036932 0
4791.039989 0.023322 0
4794.399989 0.021886 0
4797.759989 0.040306 0
4801.119989 0.065244 0
4804.479989 0.035449 0
4807.839989 0.039196 0
4811.199989 0.054225 0
4814.559989 0.047500 0
4817.919989 0.060971 0
4821.279988 0.046693 0
4824.639988 0.026084 0
4827.999988 0.048820 0
4831.359988 0.034395 0
4834.719988 0.026443 0
4838.079988 0.023561 0
4841.439988 0.034898 0
4844.799988 0.036817 0
4848.159988 0.022793 0
4851.519988 0.020437 0
4854.879987 0.043779 0
4858.239987 0.023185 0
4861.599987 0.051070 0
4864.959987 0.012474 0
4868.319987 0.024642 0
4871.679987 0.042607 0
4875.039987 0.031379 0
4878.399987 0.036283 0
4881.759987 0.053663 0
4885.119986 0.048428 0
4888.479986 0.038083 0
4891.839986 0.026443 0
4895.199986 0.038672 0
4898.559986 0.035692 0
4901.919986 0.031534 0
4905.279986 0.044727 0
4908.639986 0.028683 0
4911.999986 0.049370 0
4915.359986 0.056534 0
4918.719985 0.053985 0
4922.079985 0.054402 0
4925.439985 0.035269 0
4928.799985 0.030685 0
4932.159985 0.050098 0
4935.519985 0.053493 0
4938.879985 0.064272 0
4942.239985 0.055122 0
4945.599985 0.038988 0
4948.959984 0.013247 0
4952.319984 0.049402 0
4955.679984 0.020197 0
4959.039984 0.019520 0
4962.399984 0.049428 0
4965.759984 0.053339 0
4969.119984 0.052635 0
4972.479984 0.041131 0
4975.839984 0.037237 0
4979.199984 0.046256 0
4982.559983 0.031091 0
4985.919983 0.041467 0
4989.279983 0.043673 0
4992.639983 0.042218 0
4995.999983 0.030353 0
4999.359983 0.034140 0
5002.719983 0.034152 0
5006.079983 0.017688 0
5009.439983 0.049254 0
5012.799982 0.030081 0
5016.159982 0.039118 0
5019.519982 0.055858 0
5022.879982 0.031349 0
5026.239982 0.071757 0
5029.599982 0.029294 0
5032.959982 0.048429 0
5036.319982 0.056044 0
5039.679982 0.035263 0
5043.039982 0.040314 0
5046.399981 0.037062 0
5049.759981 0.040143 0
5053.119981 0.046854 0
5056.479981 0.047386 0
5059.839981 0.026159 0
5063.199981 0.029855 0
5066.559981 0.045958 0
5069.919981 0.034910 0
5073.279981 0.040144 0
5076.639980 0.051332 0
5079.999980 0.048185 0
5083.359980 0.049678 0
5086.719980 0.057340 0
5090.079980 0.050820 0
5093.439980 0.042211 0
5096.799980 0.045406 0
5100.159980 0.057355 0
5103.519980 0.038959 0
5106.879980 0.050623 0
5110.239979 0.031689 0
5113.599979 0.035859 0
5116.959979 0.045082 0
5120.319979 0.040265 0
5123.679979 0.049951 0
5127.039979 0.039967 0
5130.399979 0.034836 0
5133.759979 0.007881 0
5137.119979 0.028094 0
5140.479978 0.049244 0
5143.839978 0.047884 0
5147.199978 0.029593 0
5150.559978 0.022215 0
5153.919978 0.025342 0
5157.279978 0.037784 0
5160.639978 0.047084 0
5163.999978 0.030972 0
5167.359978 0.053611 0
5170.719978 0.045757 0
5174.079977 0.039829 0
5177.439977 0.046207 0
5180.799977 0.061449 0
5184.159977 0.042998 0
5187.519977 0.047404 0
5190.879977 0.029318 0
5194.239977 0.042958 0
5197.599977 0.032494 0
5200.959977 0.057181 0
5204.319977 0.038674 0
5207.679976 0.033406 0
5211.039976 0.036733 0
5214.399976 0.053373 0
5217.759976 0.079937 0
5221.119976 0.056623 0
5224.479976 0.031934 0
5227.839976 0.036119 0
5231.199976 0.063759 0
5234.559976 0.053436 0
5237.919975 0.064159 0
5241.279975 0.035270 0
5244.639975 0.044389 0
5247.999975 0.052624 0
5251.359975 0.033866 0
5254.719975 0.050675 0
5258.079975 0.057677 0
5261.439975 0.051846 0
5264.799975 0.048465 0
5268.159975 0.049238 0
5271.519974 0.061453 0
5274.879974 0.053257 0
5278.239974 0.053392 0
5281.599974 0.059005 0
5284.959974 0.070715 0
5288.319974 0.049228 0
5291.679974 0.055493 0
5295.039974 0.060512 0
5298.399974 0.044147 0
5301.759973 0.057267 0
5305.119973 0.078573 0
5308.479973 0.063935 0
5311.839973 0.067302 0
5315.199973 0.046164 0
5318.559973 0.054388 0
5321.919973 0.060002 0
5325.279973 0.053537 0
5328.639973 0.052684 0
5331.999973 0.051962 0
5335.359972 0.063025 0
5338.719972 0.058707 0
5342.079972 0.040001 0
5345.439972 0.051208 0
5348.799972 0.059634 0
5352.159972 0.071565 0
5355.519972 0.087969 0
5358.879972 0.095741 0
5362.239972 0.080215 0
5365.599971 0.083354 0
5368.959971 0.067104 0
5372.319971 0.058717 0
5375.679971 0.061619 0
5379.039971 0.042709 0
5382.399971 0.031129 0
5385.759971 0.042441 0
5389.119971 0.033327 0
5392.479971 0.046638 0
5395.839971 0.055557 0
5399.199970 0.075685 0
5402.559970 0.056567 0
5405.919970 0.032650 0
5409.279970 0.058584 0
5412.639970 0.047609 0
5415.999970 0.053792 0
5419.359970 0.058421 0
5422.719970 0.059521 0
5426.079970 0.063264 0
5429.439969 0.055212 0
5432.799969 0.046338 0
5436.159969 0.072871 0
5439.519969 0.080650 0
5442.879969 0.060847 0
5446.239969 0.051031 0
5449.599969 0.057599 0
5452.959969 0.064178 0
5456.319969 0.038791 0
5459.679969 0.044151 0
5463.039968 0.044716 0
5466.399968 0.056484 0
5469.759968 0.062049 0
5473.119968 0.057737 0
5476.479968 0.060647 0
5479.839968 0.065855 0
5483.199968 0.059298 0
5486.559968 0.044033 0
5489.919968 0.053404 0
5493.279967 0.042498 0
5496.639967 0.025541 0
5499.999967 0.044166 0
5503.359967 0.022531 0
5506.719967 0.048872 0
5510.079967 0.047140 0
5513.439967 0.041864 0
5516.799967 0.021002 0
5520.159967 0.036897 0
5523.519967 0.049438 0
5526.879966 0.049480 0
5530.239966 0.058689 0
5533.599966 0.057063 0
5536.959966 0.055584 0
5540.319966 0.056418 0
5543.679966 0.050241 0
5547.039966 0.053051 0
5550.399966 0.049561 0
5553.759966 0.064518 0
5557.119965 0.042182 0
5560.479965 0.045238 0
5563.839965 0.058955 1
5567.199965 0.070064 1
5570.559965 0.126249 1
5573.919965 0.024954 1
5577.279965 0.009216 1
5580.639965 0.021907 1
5583.999965 -0.036284 1
5587.359965 0.056316 1
5590.719964 0.060587 1
5594.079964 0.070325 1
5597.439964 0.060661 0
5600.799964 0.047373 0
5604.159964 0.064783 0
5607.519964 0.082725 0
5610.879964 0.068086 0
5614.239964 0.063999 0
5617.599964 0.066870 0
5620.959963 0.074614 0
5624.319963 0.082397 0
5627.679963 0.081464 0
5631.039963 0.061509 0
5634.399963 0.067815 0
5637.759963 0.074540 0
5641.119963 0.041207 0
5644.479963 0.036145 0
5647.839963 0.026400 0
5651.199963 0.033229 0
5654.559962 0.032294 0
5657.919962 0.033941 0
5661.279962 0.042715 0
5664.639962 0.051418 0
5667.999962 0.038570 0
5671.359962 0.067752 0
5674.719962 0.068944 0
5678.079962 0.044219 0
5681.439962 0.069564 0
5684.799962 0.079980 0
5688.159961 0.073276 0
5691.519961 0.063343 0
5694.879961 0.064282 0
5698.239961 0.038205 0
5701.599961 0.016492 0
5704.959961 0.031981 0
5708.319961 0.061977 0
5711.679961 0.037202 0
5715.039961 0.054145 0
5718.399960 0.064165 0
5721.759960 0.093634 0
5725.119960 0.068352 0
5728.479960 0.092361 0
5731.839960 0.082048 0
5735.199960 0.087458 0
5738.559960 0.087858 0
5741.919960 0.080377 0
5745.279960 0.088403 0
5748.639960 0.106463 0
5751.999959 0.094733 0
5755.359959 0.078924 0
5758.719959 0.086038 0
5762.079959 0.094776 0
5765.439959 0.082814 0
5768.799959 0.093765 0
5772.159959 0.101556 0
5775.519959 0.093869 0
5778.879959 0.095322 0
5782.239958 0.107679 0
5785.599958 0.105691 0
5788.959958 0.104400 1
5792.319958 0.112494 1
5795.679958 0.099108 1
5799.039958 0.105431 1
5802.399958 0.108180 1
5805.759958 0.096817 1
5809.119958 0.095476 1
5812.479958 0.083668 1
5815.839957 0.072727 1
5819.199957 0.101307 1
5822.559957 0.100613 1
5825.919957 0.086301 1
5829.279957 0.105807 1
5832.639957 0.085984 1
5835.999957 0.085757 1
5839.359957 0.081693 0
5842.719957 0.078889 0
5846.079956 0.099235 0
5849.439956 0.108443 0
5852.799956 0.095174 0
5856.159956 0.093869 0
5859.519956 0.101641 0
5862.879956 0.108132 0
5866.239956 0.112077 0
5869.599956 0.095407 0
5872.959956 0.088913 0
5876.319956 0.110138 0
5879.679955 0.112875 0
5883.039955 0.083829 0
5886.399955 0.071068 0
5889.759955 0.090581 0
5893.119955 0.058520 0
5896.479955 0.075730 0
5899.839955 0.108685 0
5903.199955 0.090845 0
5906.559955 0.101439 0
5909.919954 0.123823 0
5913.279954 0.109072 0
5916.639954 0.117408 0
5919.999954 0.079211 0
5923.359954 0.098564 0
5926.719954 0.093600 0
5930.079954 0.096008 0
5933.439954 0.091564 0
5936.799954 0.082560 0
5940.159954 0.064982 0
5943.519953 0.090906 0
5946.879953 0.095166 0
5950.239953 0.091442 0
5953.599953 0.093174 0
5956.959953 0.076075 0
5960.319953 0.089265 0
5963.679953 0.100110 0
5967.039953 0.086295 0
5970.399953 0.060488 0
5973.759952 0.084683 0
5977.119952 0.092713 0
5980.479952 0.093089 0
5983.839952 0.093321 0
5987.199952 0.083575 0
5990.559952 0.080400 0
5993.919952 0.077102 0
5997.279952 0.096138 0
6000.639952 0.085755 0
6003.999952 0.101515 0
6007.359951 0.070731 0
6010.719951 0.099977 0
6014.079951 0.100549 0
6017.439951 0.074043 0
6020.799951 0.092967 0
6024.159951 0.079728 0
6027.519951 0.092763 0
6030.879951 0.103250 0
6034.239951 0.077505 0
6037.599950 0.089982 0
6040.959950 0.094520 0
6044.319950 0.083195 0
6047.679950 0.102173 0
6051.039950 0.093956 0
6054.399950 0.088125 0
6057.759950 0.098424 0
6061.119950 0.113147 0
6064.479950 0.115395 0
6067.839950 0.090825 0
6071.199949 0.081409 0
6074.559949 0.083833 0
6077.919949 0.080117 0
6081.279949 0.077002 0
6084.639949 0.106761 0
6087.999949 0.108891 0
6091.359949 0.098422 0
6094.719949 0.103537 0
6098.079949 0.096555 0
6101.439948 0.100947 0
6104.799948 0.089760 0
6108.159948 0.101215 0
6111.519948 0.102206 0
6114.879948 0.120928 0
6118.239948 0.110022 0
6121.599948 0.109361 0
6124.959948 0.124111 0
6128.319948 0.115744 0
6131.679948 0.104545 0
6135.039947 0.097062 0
6138.399947 0.091864 0
6141.759947 0.105514 0
6145.119947 0.085981 0
6148.479947 0.101626 0
6151.839947 0.123840 0
6155.199947 0.100981 0
6158.559947 0.097255 0
6161.919947 0.088253 0
6165.279947 0.098052 0
6168.639946 0.102224 0
6171.999946 0.094772 0
6175.359946 0.070432 0
6178.719946 0.066399 0
6182.079946 0.090022 0
6185.439946 0.078882 0
6188.799946 0.074365 0
6192.159946 0.073788 0
6195.519946 0.071624 0
6198.879945 0.084383 0
6202.239945 0.092047 0
6205.599945 0.111868 0
6208.959945 0.120344 0
6212.319945 0.112664 0
6215.679945 0.108598 0
6219.039945 0.098506 0
6222.399945 0.111322 0
6225.759945 0.115291 0
6229.119945 0.121987 0
6232.479944 0.125846 0
6235.839944 0.114102 0
6239.199944 0.111551 0
6242.559944 0.119016 0
6245.919944 0.121532 0
6249.279944 0.108913 0
6252.639944 0.100668 0
6255.999944 0.096635 0
6259.359944 0.094927 0
6262.719943 0.113788 0
6266.079943 0.117062 0
6269.439943 0.105817 0
6272.799943 0.108397 0
6276.159943 0.116508 0
6279.519943 0.121562 0
6282.879943 0.115786 0
6286.239943 0.117325 0
6289.599943 0.108731 0
6292.959943 0.100453 0
6296.319942 0.124171 0
6299.679942 0.149005 0
6303.039942 0.137806 0
6306.399942 0.120333 0
6309.759942 0.099729 0
6313.119942 0.102168 0
6316.479942 0.103795 0
6319.839942 0.101389 0
6323.199942 0.103566 0
6326.559941 0.099949 0
6329.919941 0.109477 0
6333.279941 0.116618 0
6336.639941 0.114403 0
6339.999941 0.104756 0
6343.359941 0.141906 0
6346.719941 0.153761 0
6350.079941 0.117164 0
6353.439941 0.122005 0
6356.799941 0.082680 0
6360.159940 0.133237 0
6363.519940 0.125773 0
6366.879940 0.120356 0
6370.239940 0.113788 0
6373.599940 0.103418 0
6376.959940 0.120308 0
6380.319940 0.132395 0
6383.679940 0.124203 0
6387.039940 0.124652 0
6390.399939 0.115832 0
6393.759939 0.135326 0
6397.119939 0.136426 0
6400.479939 0.127543 0
6403.839939 0.133527 0
6407.199939 0.117215 0
6410.559939 0.114878 0
6413.919939 0.113052 0
6417.279939 0.116912 0
6420.639939 0.099413 0
6423.999938 0.109899 0
6427.359938 0.127512 0
6430.719938 0.136896 0
6434.079938 0.134273 0
6437.439938 0.138794 0
6440.799938 0.155246 0
6444.159938 0.139370 0
6447.519938 0.142540 0
6450.879938 0.131078 0
6454.239937 0.134705 0
6457.599937 0.126417 0
6460.959937 0.125017 0
6464.319937 0.134431 0
6467.679937 0.144828 0
6471.039937 0.174477 0
6474.399937 0.156418 0
6477.759937 0.143080 0
6481.119937 0.120586 0
6484.479937 0.144144 0
6487.839936 0.142287 0
6491.199936 0.138801 0
6494.559936 0.138393 0
6497.919936 0.139322 0
6501.279936 0.123511 0
6504.639936 0.135829 0
6507.999936 0.122382 0
6511.359936 0.126449 0
6514.719936 0.129556 0
6518.079935 0.136953 0
6521.439935 0.131296 0
6524.799935 0.131519 0
6528.159935 0.142393 0
6531.519935 0.127599 0
6534.879935 0.113331 0
6538.239935 0.112502 0
6541.599935 0.117507 0
6544.959935 0.129861 0
6548.319935 0.140749 0
6551.679934 0.127956 0
6555.039934 0.155564 0
6558.399934 0.150397 0
6561.759934 0.130340 0
6565.119934 0.126085 0
6568.479934 0.133974 0
6571.839934 0.131337 0
6575.199934 0.136501 0
6578.559934 0.153582 0
6581.919933 0.143975 0
6585.279933 0.146539 0
6588.639933 0.140559 0
6591.999933 0.131248 0
6595.359933 0.150980 0
6598.719933 0.135037 0
6602.079933 0.134640 0
6605.439933 0.160641 0
6608.799933 0.143789 0
6612.159933 0.140377 0
6615.519932 0.138355 0
6618.879932 0.151626 0
6622.239932 0.154945 0
6625.599932 0.150787 0
6628.959932 0.159219 0
6632.319932 0.136315 0
6635.679932 0.157460 0
6639.039932 0.161149 0
6642.399932 0.163341 0
6645.759932 0.154165 0
6649.119931 0.146607 0
6652.479931 0.139060 0
6655.839931 0.145647 0
6659.199931 0.147776 0
6662.559931 0.160505 0
6665.919931 0.162275 0
6669.279931 0.139309 0
6672.639931 0.140855 0
6675.999931 0.134156 0
6679.359930 0.149894 0
6682.719930 0.148324 0
6686.079930 0.150528 0
6689.439930 0.142672 0
6692.799930 0.137215 0
6696.159930 0.153427 0
6699.519930 0.143075 0
6702.879930 0.137920 0
6706.239930 0.135011 0
6709.599930 0.123786 0
6712.959929 0.121325 0
6716.319929 0.137729 0
6719.679929 0.150024 0
6723.039929 0.148820 0
6726.399929 0.152780 0
6729.759929 0.155579 0
6733.119929 0.151992 0
6736.479929 0.149696 0
6739.839929 0.137377 0
6743.199928 0.135899 0
6746.559928 0.141750 0
6749.919928 0.140137 0
6753.279928 0.139155 0
6756.639928 0.146539 0
6759.999928 0.121254 0
6763.359928 0.131713 0
6766.719928 0.132480 0
6770.079928 0.143604 0
6773.439928 0.142175 0
6776.799927 0.136589 0
6780.159927 0.145555 0
6783.519927 0.153466 0
6786.879927 0.162104 0
6790.239927 0.154345 0
6793.599927 0.142774 0
6796.959927 0.148415 0
6800.319927 0.141499 0
6803.679927 0.145794 0
6807.039926 0.158027 0
6810.399926 0.139408 0
6813.759926 0.160353 0
6817.119926 0.167682 0
6820.479926 0.145432 0
6823.839926 0.143599 0
6827.199926 0.165153 0
6830.559926 0.161250 0
6833.919926 0.138424 0
6837.279926 0.138463 0
6840.639925 0.146291 0
6843.999925 0.150260 0
6847.359925 0.159121 0
6850.719925 0.153644 0
6854.079925 0.153310 0
6857.439925 0.149573 0
6860.799925 0.148938 0
6864.159925 0.152656 0
6867.519925 0.137868 0
6870.879924 0.125864 0
6874.239924 0.119119 0
6877.599924 0.125335 0
6880.959924 0.119708 0
6884.319924 0.143149 0
6887.679924 0.158298 0
6891.039924 0.128168 0
6894.399924 0.134605 0
6897.759924 0.138825 0
6901.119924 0.143025 0
6904.479923 0.129071 0
6907.839923 0.135198 0
6911.199923 0.137829 0
6914.559923 0.138432 0
6917.919923 0.154368 0
6921.279923 0.171605 0
6924.639923 0.160797 0
6927.999923 0.164353 0
6931.359923 0.165495 0
6934.719922 0.151018 0
6938.079922 0.163334 0
6941.439922 0.137040 0
6944.799922 0.134632 0
6948.159922 0.146308 0
6951.519922 0.157849 0
6954.879922 0.138264 0
6958.239922 0.140351 0
6961.599922 0.137179 0
6964.959922 0.153354 0
6968.319921 0.170907 0
6971.679921 0.172171 0
6975.039921 0.140110 0
6978.399921 0.142234 0
6981.759921 0.156885 0
6985.119921 0.143063 0
6988.479921 0.152975 0
6991.839921 0.133321 0
6995.199921 0.149707 0
6998.559920 0.154188 0
7001.919920 0.147086 0
7005.279920 0.137110 0
7008.639920 0.139917 0
7011.999920 0.160143 0
7015.359920 0.150995 0
7018.719920 0.144228 0
7022.079920 0.137013 0
7025.439920 0.136211 0
7028.799920 0.160805 0
7032.159919 0.169313 0
7035.519919 0.166819 0
7038.879919 0.149308 0
7042.239919 0.165363 0
7045.599919 0.160471 0
7048.959919 0.167717 0
7052.319919 0.186678 0
7055.679919 0.170009 0
7059.039919 0.164724 0
7062.399918 0.144053 0
7065.759918 0.146285 0
7069.119918 0.174314 0
7072.479918 0.144030 0
7075.839918 0.137854 0
7079.199918 0.163221 0
7082.559918 0.146165 0
7085.919918 0.164620 0
7089.279918 0.168744 0
7092.639918 0.157532 0
7095.999917 0.154504 0
7099.359917 0.159414 0
7102.719917 0.148778 0
7106.079917 0.161126 0
7109.439917 0.159058 0
7112.799917 0.155926 0
7116.159917 0.181081 0
7119.519917 0.178254 0
7122.879917 0.156679 0
7126.239916 0.150321 0
7129.599916 0.154556 0
7132.959916 0.160858 0
7136.319916 0.148752 0
7139.679916 0.154319 0
7143.039916 0.152889 0
7146.399916 0.166650 0
7149.759916 0.158816 0
7153.119916 0.159725 0
7156.479916 0.160247 0
7159.839915 0.145122 0
7163.199915 0.146338 0
7166.559915 0.146921 0
7169.919915 0.155663 0
7173.279915 0.161482 0
7176.639915 0.141377 0
7179.999915 0.141419 0
7183.359915 0.171936 0
7186.719915 0.168571 0
7190.079915 0.151180 0
7193.439914 0.161846 0
7196.799914 0.164645 0
7200.159914 0.154428 0
7203.519914 0.144484 0
7206.879914 0.151443 0
7210.239914 0.153570 0
7213.599914 0.149616 0
7216.959914 0.140018 0
7220.319914 0.142148 0
7223.679913 0.159709 0
7227.039913 0.157779 0
7230.399913 0.156690 0
7233.759913 0.157213 0
7237.119913 0.149708 0
7240.479913 0.114498 0
7243.839913 0.134877 0
7247.199913 0.155473 0
7250.559913 0.136325 0
7253.919913 0.153396 0
7257.279912 0.148321 0
7260.639912 0.151845 0
7263.999912 0.152430 0
7267.359912 0.180704 0
7270.719912 0.138900 0
7274.079912 0.180572 0
7277.439912 0.167631 0
7280.799912 0.193035 0
7284.159912 0.182666 0
7287.519911 0.148208 0
7290.879911 0.161782 0
7294.239911 0.155671 0
7297.599911 0.144145 0
7300.959911 0.154998 0
7304.319911 0.125861 0
7307.679911 0.129325 0
7311.039911 0.128142 0
7314.399911 0.097669 0
7317.759911 0.138025 0
7321.119910 0.129736 0
7324.479910 0.144351 0
7327.839910 0.119168 0
7331.199910 0.149783 0
7334.559910 0.153685 0
7337.919910 0.137965 0
7341.279910 0.121567 0
7344.639910 0.148004 0
7347.999910 0.143667 0
7351.359909 0.150280 0
7354.719909 0.158573 0
7358.079909 0.170576 0
7361.439909 0.165689 0
7364.799909 0.152397 0
7368.159909 0.160942 0
7371.519909 0.165883 0
7374.879909 0.153013 0
7378.239909 0.159676 0
7381.599909 0.134888 0
7384.959908 0.140717 0
7388.319908 0.152721 0
7391.679908 0.156935 0
7395.039908 0.177323 0
7398.399908 0.158502 0
7401.759908 0.119715 0
7405.119908 0.133776 0
7408.479908 0.138948 0
7411.839908 0.120857 0
7415.199907 0.141406 0
7418.559907 0.137904 0
7421.919907 0.121571 0
7425.279907 0.111615 0
7428.639907 0.104627 0
7431.999907 0.134432 0
7435.359907 0.136330 0
7438.719907 0.111741 0
7442.079907 0.134017 0
7445.439907 0.136264 0
7448.799906 0.136358 0
7452.159906 0.109884 0
7455.519906 0.119566 0
7458.879906 0.120556 0
7462.239906 0.132761 0
7465.599906 0.163657 0
7468.959906 0.139187 0
7472.319906 0.146385 0
7475.679906 0.162236 0
7479.039905 0.142514 0
7482.399905 0.125917 0
7485.759905 0.138208 0
7489.119905 0.150813 0
7492.479905 0.160895 0
7495.839905 0.149096 0
7499.199905 0.135271 0
7502.559905 0.144780 0
7505.919905 0.162952 0
7509.279905 0.156000 0
7512.639904 0.146977 0
7515.999904 0.133235 0
7519.359904 0.135340 0
7522.719904 0.157977 0
7526.079904 0.180212 0
7529.439904 0.178434 0
7532.799904 0.158453 0
7536.159904 0.179867 0
7539.519904 0.175816 0
7542.879903 0.159361 0
7546.239903 0.155104 0
7549.599903 0.139359 0
7552.959903 0.165603 0
7556.319903 0.158297 0
7559.679903 0.175044 0
7563.039903 0.149668 0
7566.399903 0.149723 0
7569.759903 0.110409 0
7573.119903 0.115617 0
7576.479902 0.130121 0
7579.839902 0.150739 0
7583.199902 0.157457 0
7586.559902 0.141631 0
7589.919902 0.164080 0
7593.279902 0.175655 0
7596.639902 0.137534 0
7599.999902 0.143934 0
7603.359902 0.117273 0
7606.719901 0.147421 0
7610.079901 0.134038 0
7613.439901 0.192257 0
7616.799901 0.175035 0
7620.159901 0.183921 0
7623.519901 0.221015 0
7626.879901 0.189011 0
7630.239901 0.177321 0
7633.599901 0.197416 0
7636.959901 0.161360 0
7640.319900 0.170344 0
7643.679900 0.188401 0
7647.039900 0.213327 0
7650.399900 0.172082 0
7653.759900 0.160273 0
7657.119900 0.141711 0
7660.479900 0.174290 0
7663.839900 0.169381 0
7667.199900 0.151056 0
7670.559900 0.157049 0
7673.919899 0.160297 0
7677.279899 0.148749 0
7680.639899 0.156086 0
7683.999899 0.172175 0
7687.359899 0.169626 0
7690.719899 0.160586 0
7694.079899 0.168343 0
7697.439899 0.181493 0
7700.799899 0.155394 0
7704.159898 0.177379 0
7707.519898 0.189618 0
7710.879898 0.152596 0
7714.239898 0.152992 0
7717.599898 0.133566 0
7720.959898 0.145339 0
7724.319898 0.175733 0
7727.679898 0.158779 0
7731.039898 0.170601 0
7734.399898 0.178258 0
7737.759897 0.177438 0
7741.119897 0.162771 0
7744.479897 0.140401 0
7747.839897 0.161318 0
7751.199897 0.144733 0
7754.559897 0.105313 0
7757.919897 0.139267 0
7761.279897 0.130080 0
7764.639897 0.150322 0
7767.999896 0.164592 0
7771.359896 0.172484 0
7774.719896 0.177644 0
7778.079896 0.163320 0
7781.439896 0.149170 0
7784.799896 0.153084 0
7788.159896 0.185013 0
7791.519896 0.184919 0
7794.879896 0.147025 0
7798.239896 0.166341 0
7801.599895 0.157581 0
7804.959895 0.219097 0
7808.319895 0.195981 0
7811.679895 0.168493 0
7815.039895 0.174300 0
7818.399895 0.141378 0
7821.759895 0.176205 0
7825.119895 0.153011 0
7828.479895 0.133317 0
7831.839894 0.170804 0
7835.199894 0.178376 0
7838.559894 0.143790 0
7841.919894 0.149807 0
7845.279894 0.160623 0
7848.639894 0.124717 0
7851.999894 0.142878 0
7855.359894 0.177881 0
7858.719894 0.149943 0
7862.079894 0.173725 0
7865.439893 0.148885 0
7868.799893 0.134128 0
7872.159893 0.167205 0
7875.519893 0.168808 0
7878.879893 0.163310 0
7882.239893 0.185609 0
7885.599893 0.172416 0
7888.959893 0.169924 0
7892.319893 0.163655 0
7895.679892 0.148362 0
7899.039892 0.178527 0
7902.399892 0.179141 0
7905.759892 0.146279 0
7909.119892 0.179648 0
7912.479892 0.121966 0
7915.839892 0.118374 0
7919.199892 0.147756 0
7922.559892 0.162253 0
7925.919892 0.149472 0
7929.279891 0.161894 0
7932.639891 0.140971 0
7935.999891 0.174184 0
7939.359891 0.169724 0
7942.719891 0.169833 0
7946.079891 0.188105 0
7949.439891 0.152476 0
7952.799891 0.158366 0
7956.159891 0.180500 0
7959.519890 0.154868 0
7962.879890 0.213332 0
7966.239890 0.178985 0
7969.599890 0.178984 0
7972.959890 0.175370 0
7976.319890 0.123443 0
7979.679890 0.150272 0
7983.039890 0.182936 0
7986.399890 0.215500 0
7989.759890 0.195979 0
7993.119889 0.172707 0
7996.479889 0.188834 0
7999.839889 0.161985 0
8003.199889 0.195822 0
8006.559889 0.166293 0
8009.919889 0.181350 0
8013.279889 0.202317 0
8016.639889 0.180768 0
8019.999889 0.214533 0
8023.359888 0.144734 0
8026.719888 0.170427 0
8030.079888 0.186718 0
8033.439888 0.163589 0
8036.799888 0.150104 0
8040.159888 0.166177 0
8043.519888 0.184608 0
8046.879888 0.181403 0
8050.239888 0.157127 0
8053.599888 0.164150 0
8056.959887 0.169961 0
8060.319887 0.196239 0
8063.679887 0.179635 0
8067.039887 0.194801 0
8070.399887 0.162884 0
8073.759887 0.176099 0
8077.119887 0.159732 0
8080.479887 0.173800 0
8083.839887 0.193146 0
8087.199886 0.204633 0
8090.559886 0.180079 0
8093.919886 0.164770 0
8097.279886 0.167327 0
8100.639886 0.185660 0
8103.999886 0.170873 0
8107.359886 0.173519 0
8110.719886 0.168301 0
8114.079886 0.181854 0
8117.439886 0.185248 0
8120.799885 0.175266 0
8124.159885 0.182260 0
8127.519885 0.188685 0
8130.879885 0.184805 0
8134.239885 0.189185 0
8137.599885 0.206799 0
8140.959885 0.168079 0
8144.319885 0.153313 0
8147.679885 0.154015 0
8151.039885 0.163751 0
8154.399884 0.171863 0
8157.759884 0.171273 0
8161.119884 0.146021 0
8164.479884 0.173910 0
8167.839884 0.187211 0
8171.199884 0.172835 0
8174.559884 0.176248 0
8177.919884 0.155189 0
8181.279884 0.186265 0
8184.639883 0.158274 0
8187.999883 0.177849 0
8191.359883 0.203660 0
8194.719883 0.162365 0
8198.079883 0.177866 0
8201.439883 0.179555 0
8204.799883 0.162855 0
8208.159883 0.182244 0
8211.519883 0.167715 0
8214.879883 0.174441 0
8218.239882 0.202941 0
8221.599882 0.188189 0
8224.959882 0.167421 0
8228.319882 0.174478 0
8231.679882 0.164560 0
8235.039882 0.180174 0
8238.399882 0.198927 0
8241.759882 0.190855 0
8245.119882 0.170223 0
8248.479881 0.185862 0
8251.839881 0.183318 0
8255.199881 0.167322 0
8258.559881 0.200003 0
8261.919881 0.192556 0
8265.279881 0.180149 0
8268.639881 0.158743 0
8271.999881 0.167258 0
8275.359881 0.182528 0
8278.719881 0.191517 0
8282.079880 0.197134 0
8285.439880 0.188463 0
8288.799880 0.178006 0
8292.159880 0.179470 0
8295.519880 0.186105 0
8298.879880 0.180971 0
8302.239880 0.156046 0
8305.599880 0.168207 0
8308.959880 0.175112 0
8312.319879 0.183949 0
8315.679879 0.179625 0
8319.039879 0.165413 0
8322.399879 0.152944 0
8325.759879 0.152389 0
8329.119879 0.202363 0
8332.479879 0.196689 0
8335.839879 0.171694 0
8339.199879 0.231773 0
8342.559879 0.184045 0
8345.919878 0.132027 0
8349.279878 0.183905 0
8352.639878 0.153104 0
8355.999878 0.161021 0
8359.359878 0.158831 0
8362.719878 0.173057 0
8366.079878 0.206770 0
8369.439878 0.191279 0
8372.799878 0.203250 0
8376.159877 0.172814 0
8379.519877 0.214505 0
8382.879877 0.218444 0
8386.239877 0.191417 0
8389.599877 0.164782 0
8392.959877 0.151093 0
8396.319877 0.168710 0
8399.679877 0.161055 0
8403.039877 0.163461 0
8406.399877 0.186905 0
8409.759876 0.169589 0
8413.119876 0.152562 0
8416.479876 0.188537 0
8419.839876 0.164354 0
8423.199876 0.102597 0
8426.559876 0.088102 0
8429.919876 0.152520 0
8433.279876 0.178001 0
8436.639876 0.190714 0
8439.999875 0.177291 0
8443.359875 0.171202 0
8446.719875 0.147747 0
8450.079875 0.200624 0
8453.439875 0.198740 0
8456.799875 0.148464 0
8460.159875 0.132590 0
8463.519875 0.115420 0
8466.879875 0.109528 0
8470.239875 0.126349 0
8473.599874 0.116675 0
8476.959874 0.124213 0
8480.319874 0.125997 0
8483.679874 0.135965 0
8487.039874 0.169096 0
8490.399874 0.151984 0
8493.759874 0.172923 0
8497.119874 0.170509 0
8500.479874 0.174304 0
8503.839873 0.188526 0
8507.199873 0.175557 0
8510.559873 0.197033 0
8513.919873 0.201061 0
8517.279873 0.195787 0
8520.639873 0.191143 0
8523.999873 0.152949 0
8527.359873 0.151954 0
8530.719873 0.185988 0
8534.079873 0.163112 0
8537.439872 0.170619 0
8540.799872 0.200878 0
8544.159872 0.172308 0
8547.519872 0.162939 0
8550.879872 0.179728 0
8554.239872 0.197241 0
8557.599872 0.168413 0
8560.959872 0.183591 0
8564.319872 0.185931 0
8567.679871 0.191102 0
8571.039871 0.186499 0
8574.399871 0.173787 0
8577.759871 0.205229 0
8581.119871 0.191977 0
8584.479871 0.180431 0
8587.839871 0.185462 0
8591.199871 0.199315 0
8594.559871 0.170022 0
8597.919871 0.177559 0
8601.279870 0.184546 0
8604.639870 0.181340 0
8607.999870 0.188595 0
8611.359870 0.194244 0
8614.719870 0.177099 0
8618.079870 0.155531 0
8621.439870 0.172279 0
8624.799870 0.196406 0
8628.159870 0.157240 0
8631.519870 0.151426 0
8634.879869 0.200976 0
8638.239869 0.204221 0
8641.599869 0.183632 0
8644.959869 0.182954 0
8648.319869 0.208984 0
8651.679869 0.207376 0
8655.039869 0.207007 0
8658.399869 0.202848 0
8661.759869 0.168695 0
8665.119868 0.166553 0
8668.479868 0.188975 0
8671.839868 0.192972 0
8675.199868 0.214427 0
8678.559868 0.184303 0
8681.919868 0.184437 0
8685.279868 0.173043 0
8688.639868 0.205470 0
8691.999868 0.163417 0
8695.359868 0.157111 0
8698.719867 0.182836 0
8702.079867 0.175829 0
8705.439867 0.198389 0
8708.799867 0.187961 0
8712.159867 0.183060 0
8715.519867 0.157077 0
8718.879867 0.177945 0
8722.239867 0.174517 0
8725.599867 0.187183 0
8728.959866 0.211054 0
8732.319866 0.200913 0
8735.679866 0.220680 0
8739.039866 0.204246 0
8742.399866 0.143332 0
8745.759866 0.142384 0
8749.119866 0.183046 0
8752.479866 0.164666 0
8755.839866 0.138561 0
8759.199866 0.176940 0
8762.559865 0.167357 0
8765.919865 0.266821 0
8769.279865 0.174007 0
8772.639865 0.172933 0
8775.999865 0.248993 0
8779.359865 0.201940 0
8782.719865 0.185554 0
8786.079865 0.196179 0
8789.439865 0.186864 0
8792.799864 0.211720 0
8796.159864 0.172045 0
8799.519864 0.168131 0
8802.879864 0.176782 0
8806.239864 0.187623 0
8809.599864 0.197894 1
8812.959864 0.177791 1
8816.319864 0.163169 1
8819.679864 0.174964 1
8823.039864 0.131445 1
8826.399863 0.110426 1
8829.759863 0.176080 1
8833.119863 0.154970 1
8836.479863 0.173999 1
8839.839863 0.217174 1
8843.199863 0.182185 0
8846.559863 0.187640 0
8849.919863 0.174261 0
8853.279863 0.173323 0
8856.639862 0.176663 0
8859.999862 0.158867 0
8863.359862 0.145079 0
8866.719862 0.152700 0
8870.079862 0.165402 0
8873.439862 0.173381 0
8876.799862 0.169279 0
8880.159862 0.127553 0
8883.519862 0.163978 0
8886.879862 0.212905 0
8890.239861 0.098709 0
8893.599861 0.172544 0
8896.959861 0.180692 0
8900.319861 0.151006 0
8903.679861 0.257401 0
8907.039861 0.194373 0
8910.399861 0.138800 0
8913.759861 0.186076 0
8917.119861 0.144036 0
8920.479860 0.221249 0
8923.839860 0.325435 0
8927.199860 0.223530 0
8930.559860 0.179741 0
8933.919860 0.170373 0
8937.279860 0.185832 0
8940.639860 0.163857 0
8943.999860 0.203624 0
8947.359860 0.174028 0
8950.719860 0.199310 0
8954.079859 0.039759 0
8957.439859 0.131323 0
8960.799859 0.135721 0
8964.159859 0.186877 0
8967.519859 0.183252 0
8970.879859 0.185846 0
8974.239859 0.175253 0
8977.599859 0.178047 0
8980.959859 0.162470 0
8984.319858 0.142529 0
8987.679858 0.128361 0
8991.039858 0.128278 0
8994.399858 0.181671 0
8997.759858 0.127367 0
9001.119858 0.088533 0
9004.479858 0.123057 0
9007.839858 0.147315 0
9011.199858 0.183951 0
9014.559858 0.176625 0
9017.919857 0.184071 0
9021.279857 0.192524 0
9024.639857 0.188206 0
9027.999857 0.193221 0
9031.359857 0.191243 0
9034.719857 0.189880 0
9038.079857 0.216165 0
9041.439857 0.194522 0
9044.799857 0.193324 0
9048.159856 0.198642 0
9051.519856 0.166259 0
9054.879856 0.189006 0
9058.239856 0.188658 0
9061.599856 0.220400 0
9064.959856 0.199163 0
9068.319856 0.182774 0
9071.679856 0.183542 0
9075.039856 0.196162 0
9078.399856 0.199108 0
9081.759855 0.171293 0
9085.119855 0.184547 0
9088.479855 0.183366 0
9091.839855 0.211471 0
9095.199855 0.178737 0
9098.559855 0.192587 0
9101.919855 0.183767 0
9105.279855 0.184681 0
9108.639855 0.189349 0
9111.999855 0.191466 0
9115.359854 0.193705 0
9118.719854 0.187182 0
9122.079854 0.174154 0
9125.439854 0.193270 0
9128.799854 0.192368 0
9132.159854 0.180765 0
9135.519854 0.168987 0
9138.879854 0.201604 0
9142.239854 0.208559 0
9145.599853 0.227283 0
9148.959853 0.177997 0
9152.319853 0.148014 0
9155.679853 0.138918 0
9159.039853 0.200852 0
9162.399853 0.214914 0
9165.759853 0.209539 0
9169.119853 0.197068 0
9172.479853 0.191113 0
9175.839853 0.197154 0
9179.199852 0.192517 0
9182.559852 0.201282 0
9185.919852 0.160077 0
9189.279852 0.173162 0
9192.639852 0.208360 0
9195.999852 0.211363 0
9199.359852 0.209431 0
9202.719852 0.198909 0
9206.079852 0.222731 0
9209.439851 0.248736 0
9212.799851 0.207404 0
9216.159851 0.173363 0
9219.519851 0.183159 0
9222.879851 0.193058 0
9226.239851 0.219169 0
9229.599851 0.174604 0
9232.959851 0.151378 0
9236.319851 0.195149 0
9239.679851 0.191088 0
9243.039850 0.155087 0
9246.399850 0.204477 0
9249.759850 0.202623 0
