# obs: 255720-25fits
# slit: 26
# z: 1.00245
# lines: [OII],H9,H8,K,H,4000{AA}-break,H{delta}
# spec: 291
5120.830078 0.000000 1
5122.490078 0.000000 1
5124.150078 0.000000 1
5125.810078 0.000000 1
5127.470078 0.000000 1
5129.130078 0.000000 1
5130.790078 0.000000 1
5132.450078 0.000000 1
5134.110078 0.000000 1
5135.770078 0.000000 1
5137.430078 0.000000 1
5139.090078 0.000000 1
5140.750078 0.000000 1
5142.410078 0.000000 1
5144.070078 0.000000 1
5145.730078 0.000000 1
5147.390078 0.000000 1
5149.050078 0.000000 1
5150.710078 0.000000 1
5152.370078 0.000000 1
5154.030078 0.000000 1
5155.690078 0.000000 1
5157.350078 0.000000 1
5159.010078 0.000000 1
5160.670078 0.000000 1
5162.330078 0.000000 1
5163.990078 0.000000 1
5165.650078 0.000000 1
5167.310078 0.000000 1
5168.970078 0.000000 1
5170.630078 0.000000 1
5172.290078 0.000000 1
5173.950078 0.000000 1
5175.610078 0.000000 1
5177.270078 0.000000 1
5178.930078 0.000000 1
5180.590078 0.000000 1
5182.250078 0.000000 1
5183.910078 0.000000 1
5185.570078 0.000000 1
5187.230078 0.000000 1
5188.890078 0.000000 1
5190.550078 0.000000 1
5192.210078 0.000000 1
5193.870078 0.000000 1
5195.530078 0.000000 1
5197.190078 0.000000 1
5198.850078 0.000000 1
5200.510078 0.000000 1
5202.170078 0.000000 1
5203.830078 0.000000 1
5205.490078 0.000000 1
5207.150078 0.000000 1
5208.810078 0.000000 1
5210.470078 0.000000 1
5212.130078 0.000000 1
5213.790078 0.000000 1
5215.450078 0.000000 1
5217.110078 0.000000 1
5218.770078 0.000000 1
5220.430078 0.000000 1
5222.090078 0.000000 1
5223.750078 0.000000 1
5225.410078 0.000000 1
5227.070078 0.000000 1
5228.730078 0.000000 1
5230.390078 0.000000 1
5232.050078 0.000000 1
5233.710078 0.000000 1
5235.370078 0.000000 1
5237.030078 0.000000 1
5238.690078 0.000000 1
5240.350078 0.000000 1
5242.010078 0.000000 1
5243.670078 0.000000 1
5245.330078 0.000000 1
5246.990078 0.000000 1
5248.650078 0.000000 1
5250.310078 0.000000 1
5251.970078 0.000000 1
5253.630078 0.000000 1
5255.290078 0.000000 1
5256.950078 0.000000 1
5258.610078 0.000000 1
5260.270078 0.000000 1
5261.930078 0.000000 1
5263.590078 0.000000 1
5265.250078 0.000000 1
5266.910078 0.000000 1
5268.570078 0.000000 1
5270.230078 0.000000 1
5271.890078 0.000000 1
5273.550078 0.000000 1
5275.210078 0.000000 1
5276.870078 0.000000 1
5278.530078 0.000000 1
5280.190078 0.000000 1
5281.850078 0.000000 1
5283.510078 0.000000 1
5285.170078 0.000000 1
5286.830078 0.000000 1
5288.490078 0.000000 1
5290.150078 0.000000 1
5291.810078 0.000000 1
5293.470078 0.000000 1
5295.130078 0.000000 1
5296.790078 0.000000 1
5298.450078 0.000000 1
5300.110078 0.000000 1
5301.770078 0.000000 1
5303.430078 0.000000 1
5305.090078 0.000000 1
5306.750078 0.000000 1
5308.410078 0.000000 1
5310.070078 0.000000 1
5311.730078 0.000000 1
5313.390078 0.000000 1
5315.050078 0.000000 1
5316.710078 0.000000 1
5318.370078 0.000000 1
5320.030078 0.000000 1
5321.690078 0.000000 1
5323.350078 0.000000 1
5325.010078 0.000000 1
5326.670078 0.000000 1
5328.330078 0.000000 1
5329.990078 0.000000 1
5331.650078 0.000000 1
5333.310078 0.000000 1
5334.970078 0.000000 1
5336.630078 0.000000 1
5338.290078 0.000000 1
5339.950078 0.000000 1
5341.610078 0.000000 1
5343.270078 0.000000 1
5344.930078 0.000000 1
5346.590078 0.000000 1
5348.250078 0.000000 1
5349.910078 0.000000 1
5351.570078 0.000000 1
5353.230078 0.000000 1
5354.890078 0.000000 1
5356.550078 0.000000 1
5358.210078 0.000000 1
5359.870078 0.000000 1
5361.530078 0.000000 1
5363.190078 0.000000 1
5364.850078 0.000000 1
5366.510078 0.000000 1
5368.170078 0.000000 1
5369.830078 0.000000 1
5371.490078 0.000000 1
5373.150078 0.000000 1
5374.810078 0.000000 1
5376.470078 0.000000 1
5378.130078 0.000000 1
5379.790078 0.000000 1
5381.450078 0.000000 1
5383.110078 0.000000 1
5384.770078 0.000000 1
5386.430078 0.000000 1
5388.090078 0.000000 1
5389.750078 0.000000 1
5391.410078 0.000000 1
5393.070078 0.000000 1
5394.730078 0.000000 1
5396.390078 0.000000 1
5398.050078 0.000000 1
5399.710078 0.000000 1
5401.370078 0.000000 1
5403.030078 0.000000 1
5404.690078 0.000000 1
5406.350078 0.000000 1
5408.010078 0.000000 1
5409.670078 0.000000 1
5411.330078 0.000000 1
5412.990078 0.000000 1
5414.650078 0.000000 1
5416.310078 0.000000 1
5417.970078 0.000000 1
5419.630078 0.000000 1
5421.290078 0.000000 1
5422.950078 0.000000 1
5424.610078 0.000000 1
5426.270078 0.000000 1
5427.930078 0.000000 1
5429.590078 0.000000 1
5431.250078 0.000000 1
5432.910078 0.000000 1
5434.570078 0.000000 1
5436.230078 0.000000 1
5437.890078 0.000000 1
5439.550078 0.000000 1
5441.210078 0.000000 1
5442.870078 0.000000 1
5444.530078 0.000000 1
5446.190078 0.000000 1
5447.850078 0.000000 1
5449.510078 0.000000 1
5451.170078 0.000000 1
5452.830078 0.000000 1
5454.490078 0.000000 1
5456.150078 0.000000 1
5457.810078 0.000000 1
5459.470078 0.000000 1
5461.130078 0.000000 1
5462.790078 0.000000 1
5464.450078 0.000000 1
5466.110078 0.000000 1
5467.770078 0.000000 1
5469.430078 0.000000 1
5471.090078 0.000000 1
5472.750078 0.000000 1
5474.410078 0.000000 1
5476.070078 0.000000 1
5477.730078 0.000000 1
5479.390078 0.000000 1
5481.050078 0.000000 1
5482.710078 0.000000 1
5484.370078 0.000000 1
5486.030078 0.000000 1
5487.690078 0.000000 1
5489.350078 0.000000 1
5491.010078 0.000000 1
5492.670078 0.000000 1
5494.330078 0.000000 1
5495.990078 0.000000 1
5497.650078 0.000000 1
5499.310078 0.000000 1
5500.970078 0.000000 1
5502.630078 0.000000 1
5504.290078 0.000000 1
5505.950078 0.000000 1
5507.610078 0.000000 1
5509.270078 0.000000 1
5510.930078 0.000000 1
5512.590078 0.000000 1
5514.250078 0.000000 1
5515.910078 0.000000 1
5517.570078 0.000000 1
5519.230078 0.000000 1
5520.890078 0.000000 1
5522.550078 0.000000 1
5524.210078 0.000000 1
5525.870078 0.000000 1
5527.530078 0.000000 1
5529.190078 0.000000 1
5530.850078 0.000000 1
5532.510078 0.000000 1
5534.170078 0.000000 1
5535.830078 0.000000 1
5537.490078 0.000000 1
5539.150078 0.000000 1
5540.810078 0.000000 1
5542.470078 0.000000 1
5544.130078 0.000000 1
5545.790078 0.000000 1
5547.450078 0.000000 1
5549.110078 0.000000 1
5550.770078 0.000000 1
5552.430078 0.000000 1
5554.090078 0.000000 1
5555.750078 0.000000 1
5557.410078 0.000000 1
5559.070078 0.000000 1
5560.730078 0.000000 1
5562.390078 0.000000 1
5564.050078 0.000000 1
5565.710078 0.000000 1
5567.370078 0.000000 1
5569.030078 0.000000 1
5570.690078 0.000000 1
5572.350078 0.000000 1
5574.010078 0.000000 1
5575.670078 0.000000 1
5577.330078 0.000000 1
5578.990078 0.000000 1
5580.650078 0.000000 1
5582.310078 0.000000 1
5583.970078 0.000000 1
5585.630078 0.000000 1
5587.290078 0.000000 1
5588.950078 0.000000 1
5590.610078 0.000000 1
5592.270078 0.000000 1
5593.930078 0.000000 1
5595.590078 0.000000 1
5597.250078 0.000000 1
5598.910078 0.000000 1
5600.570078 0.000000 1
5602.230078 0.000000 1
5603.890078 0.000000 1
5605.550078 0.000000 1
5607.210078 0.000000 1
5608.870078 0.000000 1
5610.530078 0.000000 1
5612.190078 0.000000 1
5613.850078 0.000000 1
5615.510078 0.000000 1
5617.170078 0.000000 1
5618.830078 0.000000 1
5620.490078 0.000000 1
5622.150078 0.000000 1
5623.810078 0.000000 1
5625.470078 0.000000 1
5627.130078 0.000000 1
5628.790078 0.000000 1
5630.450078 0.000000 1
5632.110078 0.000000 1
5633.770078 0.000000 1
5635.430078 0.000000 1
5637.090078 0.000000 1
5638.750078 0.000000 1
5640.410078 0.000000 1
5642.070078 0.000000 1
5643.730078 0.000000 1
5645.390078 0.000000 1
5647.050078 0.000000 1
5648.710078 0.000000 1
5650.370078 0.000000 1
5652.030078 0.000000 1
5653.690078 0.000000 1
5655.350078 0.000000 1
5657.010078 0.000000 1
5658.670078 0.000000 1
5660.330078 0.000000 1
5661.990078 0.000000 1
5663.650078 0.000000 1
5665.310078 0.000000 1
5666.970078 0.000000 1
5668.630078 0.000000 1
5670.290078 0.000000 1
5671.950078 0.000000 1
5673.610078 0.000000 1
5675.270078 0.000000 1
5676.930078 0.000000 1
5678.590078 0.000000 1
5680.250078 0.000000 1
5681.910078 0.000000 1
5683.570078 0.000000 1
5685.230078 0.000000 1
5686.890078 0.000000 1
5688.550078 0.000000 1
5690.210078 0.000000 1
5691.870078 0.000000 1
5693.530078 0.000000 1
5695.190078 0.000000 1
5696.850078 0.000000 1
5698.510078 0.000000 1
5700.170078 0.000000 1
5701.830078 0.000000 1
5703.490078 0.000000 1
5705.150078 0.000000 1
5706.810078 0.000000 1
5708.470078 0.000000 1
5710.130078 0.000000 1
5711.790078 0.000000 1
5713.450078 0.000000 1
5715.110078 0.000000 1
5716.770078 0.000000 1
5718.430078 0.000000 1
5720.090078 0.000000 1
5721.750078 0.000000 1
5723.410078 0.000000 1
5725.070078 0.000000 1
5726.730078 0.000000 1
5728.390078 0.000000 1
5730.050078 0.000000 1
5731.710078 0.000000 1
5733.370078 0.000000 1
5735.030078 0.000000 1
5736.690078 0.000000 1
5738.350078 0.000000 1
5740.010078 0.000000 1
5741.670078 0.000000 1
5743.330078 0.000000 1
5744.990078 0.000000 1
5746.650078 0.000000 1
5748.310078 0.000000 1
5749.970078 0.000000 1
5751.630078 0.000000 1
5753.290078 0.000000 1
5754.950078 0.000000 1
5756.610078 0.000000 1
5758.270078 0.000000 1
5759.930078 0.000000 1
5761.590078 0.000000 1
5763.250078 0.000000 1
5764.910078 0.000000 1
5766.570078 0.000000 1
5768.230078 0.000000 1
5769.890078 0.000000 1
5771.550078 0.000000 1
5773.210078 0.000000 1
5774.870078 0.000000 1
5776.530078 0.000000 1
5778.190078 0.000000 1
5779.850078 0.000000 1
5781.510078 0.000000 1
5783.170078 0.000000 1
5784.830078 0.000000 1
5786.490078 0.000000 1
5788.150078 0.000000 1
5789.810078 0.000000 1
5791.470078 0.000000 1
5793.130078 0.000000 1
5794.790078 0.000000 1
5796.450078 0.000000 1
5798.110078 0.000000 1
5799.770078 0.000000 1
5801.430078 0.000000 1
5803.090078 0.000000 1
5804.750078 0.000000 1
5806.410078 0.000000 1
5808.070078 0.000000 1
5809.730078 0.000000 1
5811.390078 0.000000 1
5813.050078 0.000000 1
5814.710078 0.000000 1
5816.370078 0.000000 1
5818.030078 0.000000 1
5819.690078 0.000000 1
5821.350078 0.000000 1
5823.010078 0.000000 1
5824.670078 -0.006981 0
5826.330078 0.006046 0
5827.990078 0.009690 0
5829.650078 0.009691 0
5831.310078 0.009944 0
5832.970078 0.006212 0
5834.630078 0.008486 0
5836.290078 0.011571 0
5837.950078 0.004835 0
5839.610078 0.006525 0
5841.270078 0.013410 0
5842.930078 0.013569 0
5844.590078 0.009225 0
5846.250078 0.005389 0
5847.910078 0.012408 0
5849.570078 0.005170 0
5851.230078 0.007133 0
5852.890078 0.011949 0
5854.550078 0.004710 0
5856.210078 0.012467 0
5857.870078 0.012772 0
5859.530078 0.008230 0
5861.190078 0.008125 0
5862.850078 0.007715 0
5864.510078 0.011562 0
5866.170078 0.013391 0
5867.830078 0.006939 0
5869.490078 0.002143 0
5871.150078 0.014099 0
5872.810078 0.005188 0
5874.470078 0.009410 0
5876.130078 0.011501 0
5877.790078 0.007856 0
5879.450078 0.003291 0
5881.110078 0.003899 0
5882.770078 0.007455 0
5884.430078 0.007840 0
5886.090078 0.005731 0
5887.750078 0.000415 0
5889.410078 0.010978 0
5891.070078 0.007734 0
5892.730078 0.002800 0
5894.390078 0.007239 0
5896.050078 0.005711 0
5897.710078 0.008405 0
5899.370078 0.007234 0
5901.030078 0.008914 0
5902.690078 0.006598 0
5904.350078 0.002518 0
5906.010078 0.003047 0
5907.670078 0.003654 0
5909.330078 0.006165 0
5910.990078 0.004102 0
5912.650078 0.006259 0
5914.310078 0.003303 0
5915.970078 0.005482 0
5917.630078 -0.001024 0
5919.290078 0.006040 0
5920.950078 0.011724 0
5922.610078 0.006496 0
5924.270078 0.011984 0
5925.930078 0.019547 0
5927.590078 0.012819 0
5929.250078 0.016124 0
5930.910078 0.014431 0
5932.570078 0.007505 0
5934.230078 0.007369 0
5935.890078 0.011805 0
5937.550078 0.008235 0
5939.210078 0.011462 0
5940.870078 0.000093 0
5942.530078 -0.001657 0
5944.190078 0.002106 0
5945.850078 0.008911 0
5947.510078 0.008087 0
5949.170078 0.008644 0
5950.830078 0.011141 0
5952.490078 0.003173 0
5954.150078 0.003452 0
5955.810078 0.005440 0
5957.470078 0.002550 0
5959.130078 0.012823 0
5960.790078 0.014350 0
5962.450078 0.005265 0
5964.110078 0.007439 0
5965.770078 0.005719 0
5967.430078 0.008676 0
5969.090078 0.002379 0
5970.750078 0.009535 0
5972.410078 0.007054 0
5974.070078 0.010015 0
5975.730078 0.006689 0
5977.390078 0.002395 0
5979.050078 0.010021 0
5980.710078 0.004315 0
5982.370078 0.009783 0
5984.030078 0.010352 0
5985.690078 0.010066 0
5987.350078 0.006979 0
5989.010078 0.013086 0
5990.670078 -0.001211 0
5992.330078 0.010385 0
5993.990078 0.007251 0
5995.650078 0.004735 0
5997.310078 0.005646 0
5998.970078 0.009811 0
6000.630078 0.008171 0
6002.290078 0.008560 0
6003.950078 0.010710 0
6005.610078 0.015541 0
6007.270078 0.014790 0
6008.930078 0.005473 0
6010.590078 0.008962 0
6012.250078 0.010254 0
6013.910078 0.006968 0
6015.570078 0.007627 0
6017.230078 0.007539 0
6018.890078 0.008663 0
6020.550078 0.007383 0
6022.210078 0.005137 0
6023.870078 0.008507 0
6025.530078 0.008632 0
6027.190078 0.009912 0
6028.850078 0.006890 0
6030.510078 0.006128 0
6032.170078 0.007755 0
6033.830078 0.008870 0
6035.490078 0.006979 0
6037.150078 0.011177 0
6038.810078 0.002528 0
6040.470078 0.010547 0
6042.130078 0.008870 0
6043.790078 0.004567 0
6045.450078 0.004908 0
6047.110078 0.013787 0
6048.770078 0.009588 0
6050.430078 0.013009 0
6052.090078 0.011597 0
6053.750078 0.005204 0
6055.410078 0.012502 0
6057.070078 0.008529 0
6058.730078 0.010465 0
6060.390078 0.009256 0
6062.050078 0.008413 0
6063.710078 0.006715 0
6065.370078 0.007482 0
6067.030078 0.005849 0
6068.690078 0.005789 0
6070.350078 0.012961 0
6072.010078 0.011915 0
6073.670078 0.005885 0
6075.330078 0.001031 0
6076.990078 0.006031 0
6078.650078 0.006177 0
6080.310078 0.009487 0
6081.970078 -0.000352 0
6083.630078 0.012554 0
6085.290078 0.009127 0
6086.950078 0.010241 0
6088.610078 0.005711 0
6090.270078 0.012759 0
6091.930078 0.007465 0
6093.590078 0.008272 0
6095.250078 0.012355 0
6096.910078 0.010770 0
6098.570078 0.013123 0
6100.230078 0.011672 0
6101.890078 0.008506 0
6103.550078 0.010338 0
6105.210078 0.005298 0
6106.870078 0.004249 0
6108.530078 0.004930 0
6110.190078 0.004853 0
6111.850078 0.010945 0
6113.510078 0.014011 0
6115.170078 0.003872 0
6116.830078 0.008693 0
6118.490078 0.011207 0
6120.150078 0.008266 0
6121.810078 0.003431 0
6123.470078 0.009257 0
6125.130078 0.003885 0
6126.790078 0.011927 0
6128.450078 0.005226 0
6130.110078 0.009147 0
6131.770078 0.009357 0
6133.430078 0.006450 0
6135.090078 0.005845 0
6136.750078 0.004507 0
6138.410078 0.004185 0
6140.070078 0.011296 0
6141.730078 0.006528 0
6143.390078 0.010050 0
6145.050078 0.008745 0
6146.710078 0.008552 0
6148.370078 0.012090 0
6150.030078 0.008508 0
6151.690078 0.009107 0
6153.350078 0.005062 0
6155.010078 0.002049 0
6156.670078 0.008313 0
6158.330078 0.009879 0
6159.990078 0.014864 0
6161.650078 0.007851 0
6163.310078 0.010053 0
6164.970078 0.014960 0
6166.630078 0.009518 0
6168.290078 0.006784 0
6169.950078 0.006345 0
6171.610078 0.003409 0
6173.270078 0.004879 0
6174.930078 0.008931 0
6176.590078 0.008738 0
6178.250078 0.001950 0
6179.910078 0.012788 0
6181.570078 0.009787 0
6183.230078 0.008253 0
6184.890078 0.006017 0
6186.550078 0.013121 0
6188.210078 0.006752 0
6189.870078 -0.001383 0
6191.530078 -0.000301 0
6193.190078 0.006769 0
6194.850078 0.014971 0
6196.510078 0.007776 0
6198.170078 0.003480 0
6199.830078 0.005259 0
6201.490078 0.009486 0
6203.150078 0.002183 0
6204.810078 0.004863 0
6206.470078 0.009924 0
6208.130078 0.011667 0
6209.790078 0.006988 0
6211.450078 0.004995 0
6213.110078 0.014437 0
6214.770078 0.012153 0
6216.430078 0.010515 0
6218.090078 0.009723 0
6219.750078 0.011350 0
6221.410078 0.005931 0
6223.070078 0.006309 0
6224.730078 0.003286 0
6226.390078 0.005952 0
6228.050078 0.004767 0
6229.710078 0.010755 0
6231.370078 0.008528 0
6233.030078 0.006697 0
6234.690078 0.008970 0
6236.350078 -0.001532 0
6238.010078 0.010580 0
6239.670078 0.010380 0
6241.330078 0.004798 0
6242.990078 0.006024 0
6244.650078 0.012354 0
6246.310078 0.009992 0
6247.970078 0.004339 0
6249.630078 0.012276 0
6251.290078 0.008075 0
6252.950078 0.002872 0
6254.610078 0.011255 0
6256.270078 0.014224 0
6257.930078 0.010022 0
6259.590078 0.004702 0
6261.250078 0.013443 0
6262.910078 0.011254 0
6264.570078 0.006688 0
6266.230078 0.008249 0
6267.890078 0.011600 0
6269.550078 0.010463 0
6271.210078 0.012265 0
6272.870078 0.008397 0
6274.530078 0.001962 0
6276.190078 -0.000760 0
6277.850078 0.004973 0
6279.510078 0.009768 0
6281.170078 0.005938 0
6282.830078 0.006901 0
6284.490078 0.005941 0
6286.150078 0.013678 0
6287.810078 0.011550 0
6289.470078 0.003360 0
6291.130078 0.002556 0
6292.790078 0.006485 0
6294.450078 0.013337 1
6296.110078 0.007558 1
6297.770078 -0.006076 1
6299.430078 -0.001129 1
6301.090078 -0.001985 1
6302.750078 -0.008912 1
6304.410078 0.005911 1
6306.070078 0.006158 1
6307.730078 0.011413 1
6309.390078 0.004483 0
6311.050078 0.007128 0
6312.710078 0.002050 0
6314.370078 0.005482 0
6316.030078 0.006374 0
6317.690078 0.010033 0
6319.350078 0.008614 0
6321.010078 0.005159 0
6322.670078 0.005219 0
6324.330078 0.009363 0
6325.990078 0.010717 0
6327.650078 0.006619 0
6329.310078 0.007895 0
6330.970078 0.008285 0
6332.630078 0.004323 0
6334.290078 0.004585 0
6335.950078 0.007542 0
6337.610078 0.006961 0
6339.270078 0.007777 0
6340.930078 0.005075 0
6342.590078 0.006712 0
6344.250078 0.012475 0
6345.910078 0.006885 0
6347.570078 0.007351 0
6349.230078 0.005086 0
6350.890078 0.008473 0
6352.550078 0.012140 0
6354.210078 0.012169 0
6355.870078 0.006026 0
6357.530078 0.007843 0
6359.190078 0.006296 0
6360.850078 0.012527 0
6362.510078 0.008489 0
6364.170078 0.002080 0
6365.830078 0.008500 0
6367.490078 0.009642 0
6369.150078 0.008090 0
6370.810078 0.003432 0
6372.470078 0.005842 0
6374.130078 0.006117 0
6375.790078 0.009097 0
6377.450078 0.004958 0
6379.110078 0.007053 0
6380.770078 0.009067 0
6382.430078 0.005373 0
6384.090078 0.007770 0
6385.750078 0.004253 0
6387.410078 0.007272 0
6389.070078 0.006471 0
6390.730078 0.010392 0
6392.390078 0.009302 0
6394.050078 0.000130 0
6395.710078 0.004523 0
6397.370078 0.003774 0
6399.030078 0.007719 0
6400.690078 0.005639 0
6402.350078 0.005532 0
6404.010078 0.012128 0
6405.670078 0.007273 0
6407.330078 0.006235 0
6408.990078 0.008426 0
6410.650078 0.009632 0
6412.310078 0.008096 0
6413.970078 0.012951 0
6415.630078 0.004630 0
6417.290078 0.005094 0
6418.950078 0.007820 0
6420.610078 0.007710 0
6422.270078 0.004082 0
6423.930078 0.007992 0
6425.590078 0.008548 0
6427.250078 0.008173 0
6428.910078 0.011122 0
6430.570078 0.009578 0
6432.230078 0.008928 0
6433.890078 0.007520 0
6435.550078 0.008718 0
6437.210078 0.006710 0
6438.870078 0.008940 0
6440.530078 0.002602 0
6442.190078 0.001256 0
6443.850078 0.004637 0
6445.510078 0.006659 0
6447.170078 0.006726 0
6448.830078 0.005189 0
6450.490078 0.008954 0
6452.150078 0.009693 0
6453.810078 0.003817 0
6455.470078 0.001003 0
6457.130078 0.006837 0
6458.790078 0.005257 0
6460.450078 0.010667 0
6462.110078 0.006575 0
6463.770078 0.011673 0
6465.430078 -0.000071 0
6467.090078 0.004098 0
6468.750078 0.006904 0
6470.410078 0.009842 0
6472.070078 0.007266 0
6473.730078 0.007708 0
6475.390078 0.004398 0
6477.050078 0.005476 0
6478.710078 0.006659 0
6480.370078 0.007117 0
6482.030078 0.009312 0
6483.690078 0.009151 0
6485.350078 0.005961 0
6487.010078 0.008154 0
6488.670078 0.006404 0
6490.330078 0.008493 0
6491.990078 0.012193 0
6493.650078 0.007820 0
6495.310078 0.006671 0
6496.970078 0.004048 0
6498.630078 0.011836 0
6500.290078 0.013466 0
6501.950078 0.015276 0
6503.610078 0.007877 0
6505.270078 0.009983 0
6506.930078 0.007466 0
6508.590078 0.001951 0
6510.250078 0.010678 0
6511.910078 0.008542 0
6513.570078 0.003972 0
6515.230078 0.006723 0
6516.890078 0.010381 0
6518.550078 0.008528 0
6520.210078 0.007133 0
6521.870078 0.009146 0
6523.530078 0.009997 0
6525.190078 0.004796 0
6526.850078 0.008147 0
6528.510078 0.008098 0
6530.170078 0.005766 0
6531.830078 0.004533 0
6533.490078 0.012563 0
6535.150078 0.007859 0
6536.810078 0.011518 0
6538.470078 0.008675 0
6540.130078 0.010793 0
6541.790078 0.011314 0
6543.450078 0.003970 0
6545.110078 0.005081 0
6546.770078 0.010998 0
6548.430078 0.003500 0
6550.090078 0.010692 0
6551.750078 0.009853 0
6553.410078 0.008674 0
6555.070078 0.008489 0
6556.730078 0.009888 0
6558.390078 0.007400 0
6560.050078 0.010785 0
6561.710078 0.007300 0
6563.370078 0.009189 0
6565.030078 0.009472 0
6566.690078 0.010630 0
6568.350078 0.009086 0
6570.010078 0.008126 0
6571.670078 0.002533 0
6573.330078 0.009619 0
6574.990078 0.009863 0
6576.650078 0.003029 0
6578.310078 0.007082 0
6579.970078 0.008972 0
6581.630078 0.009509 0
6583.290078 0.006622 0
6584.950078 0.007017 0
6586.610078 0.010933 0
6588.270078 0.007938 0
6589.930078 0.009185 0
6591.590078 0.008345 0
6593.250078 0.003386 0
6594.910078 0.009602 0
6596.570078 0.010680 0
6598.230078 0.010107 0
6599.890078 0.012303 0
6601.550078 0.010285 0
6603.210078 0.008528 0
6604.870078 0.012678 0
6606.530078 0.010884 0
6608.190078 0.010012 0
6609.850078 0.008947 0
6611.510078 0.009376 0
6613.170078 0.009668 0
6614.830078 0.012348 0
6616.490078 0.010211 0
6618.150078 0.011056 0
6619.810078 0.004370 0
6621.470078 0.008745 0
6623.130078 0.006728 0
6624.790078 0.008854 0
6626.450078 0.009500 0
6628.110078 0.008632 0
6629.770078 0.012786 0
6631.430078 0.010371 0
6633.090078 0.011907 0
6634.750078 0.012700 0
6636.410078 0.008234 0
6638.070078 0.009171 0
6639.730078 0.011484 0
6641.390078 0.011407 0
6643.050078 0.011511 0
6644.710078 0.009709 0
6646.370078 0.008070 0
6648.030078 0.011479 0
6649.690078 0.004869 0
6651.350078 0.008605 0
6653.010078 0.011026 0
6654.670078 0.007282 0
6656.330078 0.007536 0
6657.990078 0.010230 0
6659.650078 0.011242 0
6661.310078 0.012076 0
6662.970078 0.008888 0
6664.630078 0.008089 0
6666.290078 0.006195 0
6667.950078 0.007676 0
6669.610078 0.007426 0
6671.270078 0.007527 0
6672.930078 0.012096 0
6674.590078 0.009976 0
6676.250078 0.006179 0
6677.910078 0.011864 0
6679.570078 0.008788 0
6681.230078 0.007160 0
6682.890078 0.005220 0
6684.550078 0.007391 0
6686.210078 0.010691 0
6687.870078 0.005582 0
6689.530078 0.008989 0
6691.190078 0.007224 0
6692.850078 0.008485 0
6694.510078 0.006003 0
6696.170078 0.008809 0
6697.830078 0.010748 0
6699.490078 0.007972 0
6701.150078 0.004752 0
6702.810078 0.009718 0
6704.470078 0.009577 0
6706.130078 0.007496 0
6707.790078 0.008850 0
6709.450078 0.006262 0
6711.110078 0.008402 0
6712.770078 0.010489 0
6714.430078 0.009343 0
6716.090078 0.010789 0
6717.750078 0.007269 0
6719.410078 0.009274 0
6721.070078 0.008359 0
6722.730078 0.009906 0
6724.390078 0.008803 0
6726.050078 0.003310 0
6727.710078 0.005908 0
6729.370078 0.009602 0
6731.030078 0.010999 0
6732.690078 0.009715 0
6734.350078 0.007981 0
6736.010078 0.008619 0
6737.670078 0.008977 0
6739.330078 0.005441 0
6740.990078 0.008791 0
6742.650078 0.008874 0
6744.310078 0.007997 0
6745.970078 0.006751 0
6747.630078 0.005937 0
6749.290078 0.005890 0
6750.950078 0.008937 0
6752.610078 0.005806 0
6754.270078 0.007066 0
6755.930078 0.006228 0
6757.590078 0.005752 0
6759.250078 0.005445 0
6760.910078 0.007418 0
6762.570078 0.008813 0
6764.230078 0.005770 0
6765.890078 0.007957 0
6767.550078 0.005915 0
6769.210078 0.008299 0
6770.870078 0.004097 0
6772.530078 0.009075 0
6774.190078 0.010079 0
6775.850078 0.007147 0
6777.510078 0.006823 0
6779.170078 0.006244 0
6780.830078 0.009038 0
6782.490078 0.007990 0
6784.150078 0.011708 0
6785.810078 0.010422 0
6787.470078 0.006252 0
6789.130078 0.013460 0
6790.790078 0.007883 0
6792.450078 0.006881 0
6794.110078 0.014031 0
6795.770078 0.010706 0
6797.430078 0.008105 0
6799.090078 0.007197 0
6800.750078 0.005324 0
6802.410078 0.000833 0
6804.070078 0.008464 0
6805.730078 0.009375 0
6807.390078 0.006285 0
6809.050078 0.007196 0
6810.710078 0.015130 0
6812.370078 0.009908 0
6814.030078 0.008052 0
6815.690078 0.007509 0
6817.350078 0.006135 0
6819.010078 0.008256 0
6820.670078 0.005402 0
6822.330078 0.009552 0
6823.990078 0.008989 0
6825.650078 0.001144 0
6827.310078 0.009607 0
6828.970078 0.002598 0
6830.630078 0.004441 0
6832.290078 0.003821 0
6833.950078 0.002589 0
6835.610078 0.009990 0
6837.270078 0.015012 0
6838.930078 0.014153 0
6840.590078 0.012353 0
6842.250078 0.007475 0
6843.910078 0.004602 0
6845.570078 0.006360 0
6847.230078 0.007280 0
6848.890078 0.011462 0
6850.550078 0.011709 0
6852.210078 0.008205 0
6853.870078 0.009972 0
6855.530078 0.013543 0
6857.190078 0.003927 0
6858.850078 0.007676 0
6860.510078 0.005155 0
6862.170078 0.005137 0
6863.830078 0.006409 0
6865.490078 0.008444 0
6867.150078 0.004670 0
6868.810078 0.004169 0
6870.470078 0.003511 0
6872.130078 0.005289 0
6873.790078 0.008102 0
6875.450078 0.009982 0
6877.110078 0.007580 0
6878.770078 0.007022 0
6880.430078 0.006772 0
6882.090078 0.006335 0
6883.750078 0.007873 0
6885.410078 0.012670 0
6887.070078 0.007451 0
6888.730078 0.002644 0
6890.390078 0.004814 0
6892.050078 0.006161 0
6893.710078 0.008022 0
6895.370078 0.008672 0
6897.030078 0.007643 0
6898.690078 0.003379 0
6900.350078 0.006782 0
6902.010078 0.009344 0
6903.670078 0.007475 0
6905.330078 0.012405 0
6906.990078 0.009784 0
6908.650078 0.007675 0
6910.310078 0.010106 0
6911.970078 0.011346 0
6913.630078 0.008026 0
6915.290078 0.010968 0
6916.950078 0.010616 0
6918.610078 0.007391 0
6920.270078 0.007886 0
6921.930078 0.008442 0
6923.590078 0.004037 0
6925.250078 0.009027 0
6926.910078 0.010165 0
6928.570078 0.007843 0
6930.230078 0.011665 0
6931.890078 0.010591 0
6933.550078 0.007762 0
6935.210078 0.008272 0
6936.870078 0.008580 0
6938.530078 0.008783 0
6940.190078 0.009177 0
6941.850078 0.006523 0
6943.510078 0.009125 0
6945.170078 0.005540 0
6946.830078 0.010811 0
6948.490078 0.009524 0
6950.150078 0.009532 0
6951.810078 0.009152 0
6953.470078 0.007634 0
6955.130078 0.003422 0
6956.790078 0.009932 0
6958.450078 0.007971 0
6960.110078 0.010061 0
6961.770078 0.012983 0
6963.430078 0.011402 0
6965.090078 0.007809 0
6966.750078 0.007160 0
6968.410078 0.008332 0
6970.070078 0.013277 0
6971.730078 0.005910 0
6973.390078 0.006848 0
6975.050078 0.012639 0
6976.710078 0.008440 0
6978.370078 0.010505 0
6980.030078 0.013260 0
6981.690078 0.006957 0
6983.350078 0.005866 0
6985.010078 0.005284 0
6986.670078 0.011110 0
6988.330078 0.006195 0
6989.990078 0.008488 0
6991.650078 0.009721 0
6993.310078 0.009378 0
6994.970078 0.010089 0
6996.630078 0.010683 0
6998.290078 0.008525 0
6999.950078 0.012718 0
7001.610078 0.012878 0
7003.270078 0.008986 0
7004.930078 0.009460 0
7006.590078 0.007347 0
7008.250078 0.008179 0
7009.910078 0.006316 0
7011.570078 0.009763 0
7013.230078 0.012482 0
7014.890078 0.006299 0
7016.550078 0.012569 0
7018.210078 0.011104 0
7019.870078 0.006924 0
7021.530078 0.009932 0
7023.190078 0.010818 0
7024.850078 0.012867 0
7026.510078 0.012345 0
7028.170078 0.008326 0
7029.830078 0.005121 0
7031.490078 0.008606 0
7033.150078 0.014297 0
7034.810078 0.012845 0
7036.470078 0.010641 0
7038.130078 0.010974 0
7039.790078 0.015757 0
7041.450078 0.010964 0
7043.110078 0.007070 0
7044.770078 0.008094 0
7046.430078 0.015043 0
7048.090078 0.009268 0
7049.750078 0.005305 0
7051.410078 0.005854 0
7053.070078 0.004369 0
7054.730078 0.008713 0
7056.390078 0.007733 0
7058.050078 0.012877 0
7059.710078 0.005960 0
7061.370078 0.009914 0
7063.030078 0.004906 0
7064.690078 0.010726 0
7066.350078 0.012589 0
7068.010078 0.008631 0
7069.670078 0.011238 0
7071.330078 0.008359 0
7072.990078 0.010649 0
7074.650078 0.012476 0
7076.310078 0.008220 0
7077.970078 0.007034 0
7079.630078 0.009916 0
7081.290078 0.013301 0
7082.950078 0.013344 0
7084.610078 0.009385 0
7086.270078 0.011189 0
7087.930078 0.012060 0
7089.590078 0.007936 0
7091.250078 0.013721 0
7092.910078 0.011377 0
7094.570078 0.012222 0
7096.230078 0.014215 0
7097.890078 0.007127 0
7099.550078 0.011633 0
7101.210078 0.009212 0
7102.870078 0.008364 0
7104.530078 0.011807 0
7106.190078 0.009125 0
7107.850078 0.012504 0
7109.510078 0.011161 0
7111.170078 0.008427 0
7112.830078 0.010043 0
7114.490078 0.009049 0
7116.150078 0.014319 0
7117.810078 0.008911 0
7119.470078 0.010785 0
7121.130078 0.010125 0
7122.790078 0.012259 0
7124.450078 0.011380 0
7126.110078 0.008633 0
7127.770078 0.011915 0
7129.430078 0.005397 0
7131.090078 0.010381 0
7132.750078 0.013387 0
7134.410078 0.007521 0
7136.070078 0.011176 0
7137.730078 0.014008 0
7139.390078 0.012012 0
7141.050078 0.008990 0
7142.710078 0.008439 0
7144.370078 0.008412 0
7146.030078 0.007883 0
7147.690078 0.009203 0
7149.350078 0.007303 0
7151.010078 0.007842 0
7152.670078 0.009668 0
7154.330078 0.009435 0
7155.990078 0.014180 0
7157.650078 0.007474 0
7159.310078 0.010422 0
7160.970078 0.010333 0
7162.630078 0.011047 0
7164.290078 0.010530 0
7165.950078 0.013056 0
7167.610078 0.006205 0
7169.270078 0.007321 0
7170.930078 0.011434 0
7172.590078 0.008219 0
7174.250078 0.009924 0
7175.910078 0.008392 0
7177.570078 0.008670 0
7179.230078 0.008767 0
7180.890078 0.007269 0
7182.550078 0.011871 0
7184.210078 0.011174 0
7185.870078 0.008061 0
7187.530078 0.010119 0
7189.190078 0.008063 0
7190.850078 0.008547 0
7192.510078 0.007634 0
7194.170078 0.008794 0
7195.830078 0.009444 0
7197.490078 0.010381 0
7199.150078 0.006321 0
7200.810078 0.010615 0
7202.470078 0.009518 0
7204.130078 0.013259 0
7205.790078 0.011474 0
7207.450078 0.010625 0
7209.110078 0.015347 0
7210.770078 0.010257 0
7212.430078 0.012066 0
7214.090078 0.010414 0
7215.750078 0.009415 0
7217.410078 0.008373 0
7219.070078 0.010479 0
7220.730078 0.009321 0
7222.390078 0.011603 0
7224.050078 0.012897 0
7225.710078 0.012760 0
7227.370078 0.009326 0
7229.030078 0.010652 0
7230.690078 0.011535 0
7232.350078 0.009482 0
7234.010078 0.009381 0
7235.670078 0.008516 0
7237.330078 0.006781 0
7238.990078 0.017240 0
7240.650078 0.011724 0
7242.310078 0.012051 0
7243.970078 0.015926 0
7245.630078 0.012760 0
7247.290078 0.001440 0
7248.950078 0.013525 0
7250.610078 0.012764 0
7252.270078 0.009441 0
7253.930078 0.013868 0
7255.590078 0.007486 0
7257.250078 0.008847 0
7258.910078 0.012504 0
7260.570078 0.013067 0
7262.230078 0.012032 0
7263.890078 0.010371 0
7265.550078 0.010659 0
7267.210078 0.006972 0
7268.870078 0.011059 0
7270.530078 0.013681 0
7272.190078 0.016305 0
7273.850078 0.013274 0
7275.510078 -0.001282 0
7277.170078 0.003671 0
7278.830078 0.006171 0
7280.490078 0.004266 0
7282.150078 0.014864 0
7283.810078 0.008026 0
7285.470078 0.008641 0
7287.130078 0.012336 0
7288.790078 0.014579 0
7290.450078 0.015903 0
7292.110078 0.013617 0
7293.770078 0.007563 0
7295.430078 0.015826 0
7297.090078 0.012802 0
7298.750078 0.014513 0
7300.410078 0.010862 0
7302.070078 0.011122 0
7303.730078 0.006495 0
7305.390078 0.014977 0
7307.050078 0.014079 0
7308.710078 0.008657 0
7310.370078 0.009122 0
7312.030078 0.012857 0
7313.690078 0.015663 0
7315.350078 0.020093 0
7317.010078 0.007755 0
7318.670078 0.002620 0
7320.330078 0.007279 0
7321.990078 0.009707 0
7323.650078 0.009595 0
7325.310078 0.017797 0
7326.970078 0.009793 0
7328.630078 0.009943 0
7330.290078 0.009095 0
7331.950078 0.014083 0
7333.610078 0.013072 0
7335.270078 0.013015 1
7336.930078 0.010988 1
7338.590078 0.000442 1
7340.250078 0.002974 1
7341.910078 0.004081 1
7343.570078 0.016512 1
7345.230078 0.007553 1
7346.890078 0.012446 1
7348.550078 0.010714 0
7350.210078 0.013346 0
7351.870078 0.011365 0
7353.530078 0.010697 0
7355.190078 0.015170 0
7356.850078 0.013392 0
7358.510078 0.001452 0
7360.170078 0.010643 0
7361.830078 0.008102 0
7363.490078 0.010244 0
7365.150078 0.017882 0
7366.810078 0.016498 0
7368.470078 0.013399 0
7370.130078 0.021563 0
7371.790078 0.003216 0
7373.450078 0.011233 0
7375.110078 0.009822 0
7376.770078 0.009245 0
7378.430078 0.006866 0
7380.090078 0.013457 0
7381.750078 0.011705 0
7383.410078 0.015193 0
7385.070078 0.014768 0
7386.730078 0.014280 0
7388.390078 0.009383 0
7390.050078 0.010546 0
7391.710078 0.012898 0
7393.370078 0.011048 0
7395.030078 0.008884 0
7396.690078 0.006658 0
7398.350078 0.012197 0
7400.010078 0.014094 0
7401.670078 0.019356 0
7403.330078 0.015458 0
7404.990078 0.010750 0
7406.650078 0.012276 0
7408.310078 0.010623 0
7409.970078 0.010979 0
7411.630078 0.010639 0
7413.290078 0.010496 0
7414.950078 0.013834 0
7416.610078 0.009759 0
7418.270078 0.011577 0
7419.930078 0.016838 0
7421.590078 0.015822 0
7423.250078 0.014612 0
7424.910078 0.014143 0
7426.570078 0.017662 0
7428.230078 0.011172 0
7429.890078 0.010965 0
7431.550078 0.016528 0
7433.210078 0.013717 0
7434.870078 0.015462 0
7436.530078 0.017722 0
7438.190078 0.012753 0
7439.850078 0.014585 0
7441.510078 0.019538 0
7443.170078 0.012211 0
7444.830078 0.011734 0
7446.490078 0.011256 0
7448.150078 0.010264 0
7449.810078 0.010744 0
7451.470078 0.007992 0
7453.130078 0.013154 0
7454.790078 0.020837 0
7456.450078 0.021080 0
7458.110078 0.024274 0
7459.770078 0.031057 0
7461.430078 0.038515 0
7463.090078 0.030902 0
7464.750078 0.033943 0
7466.410078 0.027979 0
7468.070078 0.016996 0
7469.730078 0.013579 0
7471.390078 0.022445 0
7473.050078 0.009896 0
7474.710078 0.009386 0
7476.370078 0.012115 0
7478.030078 0.014925 0
7479.690078 0.012183 0
7481.350078 0.004684 0
7483.010078 0.016174 0
7484.670078 0.010950 0
7486.330078 0.012719 0
7487.990078 0.014379 0
7489.650078 0.014905 0
7491.310078 0.019214 0
7492.970078 0.020804 0
7494.630078 0.010303 0
7496.290078 0.011546 0
7497.950078 0.015011 0
7499.610078 0.015354 0
7501.270078 0.016602 0
7502.930078 0.009117 0
7504.590078 0.013182 0
7506.250078 0.010266 0
7507.910078 0.008026 0
7509.570078 0.010996 0
7511.230078 0.009570 0
7512.890078 0.009467 0
7514.550078 0.015416 0
7516.210078 0.014561 0
7517.870078 0.013326 0
7519.530078 0.016115 0
7521.190078 0.011205 0
7522.850078 0.015931 0
7524.510078 0.019693 0
7526.170078 0.017026 0
7527.830078 0.016425 0
7529.490078 0.017982 0
7531.150078 0.012924 0
7532.810078 0.015017 0
7534.470078 0.015026 0
7536.130078 0.013070 0
7537.790078 0.012949 0
7539.450078 0.011897 0
7541.110078 0.012726 0
7542.770078 0.009399 0
7544.430078 0.010819 0
7546.090078 0.013624 0
7547.750078 0.014839 0
7549.410078 0.015854 0
7551.070078 0.008546 0
7552.730078 0.010443 0
7554.390078 0.018089 0
7556.050078 0.011684 0
7557.710078 0.008092 0
7559.370078 0.013976 0
7561.030078 0.014340 0
7562.690078 0.015785 0
7564.350078 0.018217 0
7566.010078 0.017249 0
7567.670078 0.008532 0
7569.330078 0.013931 0
7570.990078 0.012872 0
7572.650078 0.018305 0
7574.310078 0.011078 0
7575.970078 0.009918 0
7577.630078 0.018135 0
7579.290078 0.017184 0
7580.950078 0.014700 0
7582.610078 0.011836 0
7584.270078 0.015027 0
7585.930078 0.022801 0
7587.590078 0.020089 0
7589.250078 0.017397 0
7590.910078 0.013647 0
7592.570078 0.016335 0
7594.230078 0.021107 0
7595.890078 0.015860 0
7597.550078 0.021524 0
7599.210078 0.019840 0
7600.870078 0.014096 0
7602.530078 0.017891 0
7604.190078 0.014099 0
7605.850078 0.016701 0
7607.510078 0.015608 0
7609.170078 0.008563 0
7610.830078 0.011260 0
7612.490078 0.010796 0
7614.150078 0.015291 0
7615.810078 0.006669 0
7617.470078 0.026442 0
7619.130078 0.021216 0
7620.790078 0.022011 0
7622.450078 0.016332 0
7624.110078 0.016104 0
7625.770078 0.014526 0
7627.430078 0.015489 0
7629.090078 0.019119 0
7630.750078 0.018564 0
7632.410078 0.019250 0
7634.070078 0.017602 0
7635.730078 0.019370 0
7637.390078 0.016594 0
7639.050078 0.017571 0
7640.710078 0.014169 0
7642.370078 0.014856 0
7644.030078 0.018189 0
7645.690078 0.018312 0
7647.350078 0.016336 0
7649.010078 0.015681 0
7650.670078 0.018917 0
7652.330078 0.018196 0
7653.990078 0.023238 0
7655.650078 0.024078 0
7657.310078 0.021804 0
7658.970078 0.011006 0
7660.630078 0.009348 0
7662.290078 0.015889 0
7663.950078 0.021247 0
7665.610078 0.016531 0
7667.270078 0.013329 0
7668.930078 0.014218 0
7670.590078 0.010395 0
7672.250078 0.010321 0
7673.910078 0.009114 0
7675.570078 0.012771 0
7677.230078 0.015017 0
7678.890078 0.009784 0
7680.550078 0.019436 0
7682.210078 0.011899 0
7683.870078 0.008654 0
7685.530078 0.012259 0
7687.190078 0.009671 0
7688.850078 0.013368 0
7690.510078 0.013007 0
7692.170078 0.013230 0
7693.830078 0.011577 0
7695.490078 0.012273 0
7697.150078 0.015576 0
7698.810078 0.020400 0
7700.470078 0.015716 0
7702.130078 0.010474 0
7703.790078 0.014182 0
7705.450078 0.017518 0
7707.110078 0.014825 0
7708.770078 0.025207 0
7710.430078 0.021449 0
7712.090078 0.024013 0
7713.750078 0.024770 0
7715.410078 0.015062 0
7717.070078 0.020268 0
7718.730078 0.027745 0
7720.390078 0.013826 0
7722.050078 0.017337 0
7723.710078 0.012401 0
7725.370078 0.018983 0
7727.030078 0.021638 0
7728.690078 0.013392 0
7730.350078 0.020680 0
7732.010078 0.017830 0
7733.670078 0.019573 0
7735.330078 0.015660 0
7736.990078 0.022570 0
7738.650078 0.018078 0
7740.310078 0.018641 0
7741.970078 0.017668 0
7743.630078 0.022948 0
7745.290078 0.020413 0
7746.950078 0.015293 0
7748.610078 0.022147 0
7750.270078 0.017121 0
7751.930078 0.020223 0
7753.590078 0.020210 0
7755.250078 0.013823 0
7756.910078 0.012583 0
7758.570078 0.022326 0
7760.230078 0.024767 0
7761.890078 0.022681 0
7763.550078 0.007288 0
7765.210078 0.013869 0
7766.870078 0.015402 0
7768.530078 0.014973 0
7770.190078 0.012556 0
7771.850078 0.009612 0
7773.510078 0.020343 0
7775.170078 0.016412 0
7776.830078 0.017038 0
7778.490078 0.013123 0
7780.150078 0.010284 0
7781.810078 0.010808 0
7783.470078 0.014662 0
7785.130078 0.012177 0
7786.790078 0.011659 0
7788.450078 0.016483 0
7790.110078 0.014672 0
7791.770078 0.018221 0
7793.430078 0.012595 0
7795.090078 0.005497 0
7796.750078 0.017191 0
7798.410078 0.015526 0
7800.070078 0.015739 0
7801.730078 0.018274 0
7803.390078 0.018761 0
7805.050078 0.017544 0
7806.710078 0.018055 0
7808.370078 0.011635 0
7810.030078 0.024473 0
7811.690078 0.009102 0
7813.350078 0.017436 0
7815.010078 0.020073 0
7816.670078 0.022732 0
7818.330078 0.020887 0
7819.990078 0.016894 0
7821.650078 0.014313 0
7823.310078 0.028464 0
7824.970078 0.013138 0
7826.630078 0.017540 0
7828.290078 0.018112 0
7829.950078 0.020192 0
7831.610078 0.022734 0
7833.270078 0.016969 0
7834.930078 0.017442 0
7836.590078 0.024343 0
7838.250078 0.024006 0
7839.910078 0.022801 0
7841.570078 0.017829 0
7843.230078 0.018309 0
7844.890078 0.014548 0
7846.550078 0.020814 0
7848.210078 0.026768 0
7849.870078 0.007191 0
7851.530078 0.017780 0
7853.190078 0.033901 0
7854.850078 0.029850 0
7856.510078 0.013573 0
7858.170078 0.030618 0
7859.830078 0.039058 0
7861.490078 0.022362 0
7863.150078 0.017053 0
7864.810078 0.015714 0
7866.470078 0.019994 0
7868.130078 0.011767 0
7869.790078 0.006230 0
7871.450078 0.018266 0
7873.110078 0.023165 0
7874.770078 0.013679 0
7876.430078 0.006799 0
7878.090078 0.012793 0
7879.750078 0.009764 0
7881.410078 0.019183 0
7883.070078 0.020220 0
7884.730078 0.017915 0
7886.390078 0.019224 0
7888.050078 0.014225 0
7889.710078 0.021928 0
7891.370078 0.018803 0
7893.030078 0.020806 0
7894.690078 0.020118 0
7896.350078 0.016325 0
7898.010078 0.016973 0
7899.670078 0.016777 0
7901.330078 0.019209 0
7902.990078 0.017434 0
7904.650078 0.020481 0
7906.310078 0.022900 0
7907.970078 0.018213 0
7909.630078 0.019430 0
7911.290078 0.023178 0
7912.950078 0.016979 0
7914.610078 0.033051 0
7916.270078 0.019014 0
7917.930078 0.023968 0
7919.590078 0.017152 0
7921.250078 0.002688 0
7922.910078 0.018657 0
7924.570078 0.015164 0
7926.230078 0.018032 0
7927.890078 0.010420 0
7929.550078 0.013949 0
7931.210078 0.014386 0
7932.870078 0.015223 0
7934.530078 0.014632 0
7936.190078 0.013265 0
7937.850078 0.013620 0
7939.510078 0.015404 0
7941.170078 0.011864 0
7942.830078 0.009803 0
7944.490078 0.010311 0
7946.150078 0.008759 0
7947.810078 0.013849 0
7949.470078 0.011555 0
7951.130078 0.017034 0
7952.790078 0.016995 0
7954.450078 0.012628 0
7956.110078 0.013727 0
7957.770078 0.017908 0
7959.430078 0.016896 0
7961.090078 0.017140 0
7962.750078 0.026388 0
7964.410078 0.020740 0
7966.070078 0.013901 0
7967.730078 0.018016 0
7969.390078 0.011810 0
7971.050078 0.019023 0
7972.710078 0.017670 0
7974.370078 0.023405 0
7976.030078 0.018788 0
7977.690078 0.022019 0
7979.350078 0.018686 0
7981.010078 0.016768 0
7982.670078 0.014560 0
7984.330078 0.022524 0
7985.990078 0.023784 0
7987.650078 0.026493 0
7989.310078 0.030946 0
7990.970078 0.030184 0
7992.630078 0.026007 0
7994.290078 0.034685 0
7995.950078 0.014808 0
7997.610078 0.011937 0
7999.270078 0.026934 0
8000.930078 0.020480 0
8002.590078 0.025012 0
8004.250078 0.023809 0
8005.910078 0.024955 0
8007.570078 0.020886 0
8009.230078 0.019402 0
8010.890078 0.028262 0
8012.550078 0.024190 0
8014.210078 0.023935 0
8015.870078 0.021412 0
8017.530078 0.024137 0
8019.190078 0.029179 0
8020.850078 0.027766 0
8022.510078 0.037888 0
8024.170078 0.026944 0
8025.830078 0.019916 0
8027.490078 0.021921 0
8029.150078 0.023435 0
8030.810078 0.021760 0
8032.470078 0.021804 0
8034.130078 0.023510 0
8035.790078 0.026117 0
8037.450078 0.021505 0
8039.110078 0.029298 0
8040.770078 0.024724 0
8042.430078 0.029046 0
8044.090078 0.023177 0
8045.750078 0.024764 0
8047.410078 0.026203 0
8049.070078 0.019164 0
8050.730078 0.026167 0
8052.390078 0.019119 0
8054.050078 0.020935 0
8055.710078 0.022025 0
8057.370078 0.023942 0
8059.030078 0.025526 0
8060.690078 0.024735 0
8062.350078 0.017903 0
8064.010078 0.017498 0
8065.670078 0.019214 0
8067.330078 0.020455 0
8068.990078 0.020915 0
8070.650078 0.024089 0
8072.310078 0.031002 0
8073.970078 0.025824 0
8075.630078 0.024404 0
8077.290078 0.024973 0
8078.950078 0.020552 0
8080.610078 0.022850 0
8082.270078 0.024028 0
8083.930078 0.026086 0
8085.590078 0.022712 0
8087.250078 0.024476 0
8088.910078 0.022821 0
8090.570078 0.023803 0
8092.230078 0.018388 0
8093.890078 0.023655 0
8095.550078 0.020696 0
8097.210078 0.022581 0
8098.870078 0.022321 0
8100.530078 0.021525 0
8102.190078 0.019041 0
8103.850078 0.024353 0
8105.510078 0.023749 0
8107.170078 0.023788 0
8108.830078 0.027755 0
8110.490078 0.024581 0
8112.150078 0.024936 0
8113.810078 0.023889 0
8115.470078 0.017918 0
8117.130078 0.025935 0
8118.790078 0.023565 0
8120.450078 0.024046 0
8122.110078 0.022463 0
8123.770078 0.028308 0
8125.430078 0.026895 0
8127.090078 0.019447 0
8128.750078 0.020646 0
8130.410078 0.023684 0
8132.070078 0.025390 0
8133.730078 0.025912 0
8135.390078 0.020812 0
8137.050078 0.025919 0
8138.710078 0.028986 0
8140.370078 0.023070 0
8142.030078 0.021335 0
8143.690078 0.021604 0
8145.350078 0.024011 0
8147.010078 0.025590 0
8148.670078 0.024817 0
8150.330078 0.020581 0
8151.990078 0.025107 0
8153.650078 0.022526 0
8155.310078 0.017457 0
8156.970078 0.023702 0
8158.630078 0.023116 0
8160.290078 0.021908 0
8161.950078 0.019275 0
8163.610078 0.017002 0
8165.270078 0.020882 0
8166.930078 0.021254 0
8168.590078 0.020322 0
8170.250078 0.022194 0
8171.910078 0.025786 0
8173.570078 0.022823 0
8175.230078 0.023309 0
8176.890078 0.021276 0
8178.550078 0.020211 0
8180.210078 0.025778 0
8181.870078 0.025298 0
8183.530078 0.023151 0
8185.190078 0.022726 0
8186.850078 0.020550 0
8188.510078 0.017537 0
8190.170078 0.021352 0
8191.830078 0.021507 0
8193.490078 0.019894 0
8195.150078 0.022167 0
8196.810078 0.019582 0
8198.470078 0.017180 0
8200.130078 0.023408 0
8201.790078 0.018716 0
8203.450078 0.017077 0
8205.110078 0.015887 0
8206.770078 0.014896 0
8208.430078 0.022643 0
8210.090078 0.017966 0
8211.750078 0.014576 0
8213.410078 0.018961 0
8215.070078 0.015121 0
8216.730078 0.024503 0
8218.390078 0.020411 0
8220.050078 0.018599 0
8221.710078 0.016449 0
8223.370078 0.023402 0
8225.030078 0.022914 0
8226.690078 0.013656 0
8228.350078 0.017982 0
8230.010078 0.017716 0
8231.670078 0.017544 0
8233.330078 0.020280 0
8234.990078 0.020739 0
8236.650078 0.022816 0
8238.310078 0.018747 0
8239.970078 0.018506 0
8241.630078 0.023761 0
8243.290078 0.022336 0
8244.950078 0.018608 0
8246.610078 0.023059 0
8248.270078 0.025711 0
8249.930078 0.021663 0
8251.590078 0.023041 0
8253.250078 0.016086 0
8254.910078 0.025704 0
8256.570078 0.028410 0
8258.230078 0.018468 0
8259.890078 0.025737 0
8261.550078 0.017089 0
8263.210078 0.020037 0
8264.870078 0.019647 0
8266.530078 0.022749 0
8268.190078 0.023727 0
8269.850078 0.026193 0
8271.510078 0.025081 0
8273.170078 0.021154 0
8274.830078 0.023127 0
8276.490078 0.027217 0
8278.150078 0.024556 0
8279.810078 0.026600 0
8281.470078 0.035030 0
8283.130078 0.013841 0
8284.790078 0.031759 0
8286.450078 0.017030 0
8288.110078 0.012475 0
8289.770078 0.020544 0
8291.430078 0.019131 0
8293.090078 0.017154 0
8294.750078 0.011312 0
8296.410078 0.027677 0
8298.070078 0.018537 0
8299.730078 0.024512 0
8301.390078 0.018693 0
8303.050078 0.021950 0
8304.710078 0.018687 0
8306.370078 0.026220 0
8308.030078 0.032700 0
8309.690078 0.016682 0
8311.350078 0.017148 0
8313.010078 0.022510 0
8314.670078 0.024801 0
8316.330078 0.023920 0
8317.990078 0.023347 0
8319.650078 0.022637 0
8321.310078 0.028540 0
8322.970078 0.018196 0
8324.630078 0.025439 0
8326.290078 0.026144 0
8327.950078 0.028270 0
8329.610078 0.025567 0
8331.270078 0.016942 0
8332.930078 0.019907 0
8334.590078 0.026898 0
8336.250078 0.022211 0
8337.910078 0.020402 0
8339.570078 0.020410 0
8341.230078 0.041596 0
8342.890078 0.004704 0
8344.550078 0.013574 0
8346.210078 0.014625 0
8347.870078 0.014881 0
8349.530078 0.012939 0
8351.190078 0.041984 0
8352.850078 0.032118 0
8354.510078 0.024199 0
8356.170078 0.024080 0
8357.830078 0.027198 0
8359.490078 0.021225 0
8361.150078 0.019602 0
8362.810078 0.023380 0
8364.470078 0.022099 0
8366.130078 0.031698 0
8367.790078 0.021756 0
8369.450078 0.020960 0
8371.110078 0.020624 0
8372.770078 0.022061 0
8374.430078 0.025577 0
8376.090078 0.025767 0
8377.750078 0.029038 0
8379.410078 0.029714 0
8381.070078 0.022743 0
8382.730078 0.017054 0
8384.390078 0.027060 0
8386.050078 0.023682 0
8387.710078 0.019677 0
8389.370078 0.019062 0
8391.030078 0.021893 0
8392.690078 0.022419 0
8394.350078 0.031613 0
8396.010078 0.030553 0
8397.670078 0.038895 0
8399.330078 0.019192 0
8400.990078 0.010530 0
8402.650078 0.023471 0
8404.310078 0.025412 0
8405.970078 0.019056 0
8407.630078 0.023840 0
8409.290078 0.022078 0
8410.950078 0.019185 0
8412.610078 0.033534 0
8414.270078 0.018170 0
8415.930078 0.014148 0
8417.590078 0.020871 0
8419.250078 0.016717 0
8420.910078 0.024542 0
8422.570078 0.027177 0
8424.230078 0.025385 0
8425.890078 0.012191 0
8427.550078 0.016124 0
8429.210078 0.017233 0
8430.870078 0.015631 0
8432.530078 0.018465 0
8434.190078 0.028160 0
8435.850078 0.023419 0
8437.510078 0.018236 0
8439.170078 0.024514 0
8440.830078 0.021841 0
8442.490078 0.021167 0
8444.150078 0.029621 0
8445.810078 0.024533 0
8447.470078 0.027903 0
8449.130078 0.039777 0
8450.790078 0.019287 0
8452.450078 0.028170 0
8454.110078 0.030291 0
8455.770078 0.014069 0
8457.430078 0.022060 0
8459.090078 0.024364 0
8460.750078 0.016892 0
8462.410078 0.021271 0
8464.070078 0.019285 0
8465.730078 0.018375 0
8467.390078 0.017911 0
8469.050078 0.014599 0
8470.710078 0.026707 0
8472.370078 0.026420 0
8474.030078 0.027474 0
8475.690078 0.041208 0
8477.350078 0.068154 0
8479.010078 0.000000 1
8480.670078 0.000000 1
8482.330078 0.000000 1
8483.990078 0.000000 1
8485.650078 0.000000 1
8487.310078 0.000000 1
8488.970078 0.000000 1
8490.630078 0.000000 1
8492.290078 0.000000 1
8493.950078 0.000000 1
8495.610078 0.000000 1
8497.270078 0.000000 1
8498.930078 0.000000 1
