# obs: 255710
# slit: 26
# z: 0.20323
# lines: H9,K,H,H{delta},[OIII],H{alpha}
# spec: 160
4451.680176 0.000000 1
4455.040176 0.000000 1
4458.400176 0.000000 1
4461.760176 0.000000 1
4465.120176 -0.004328 1
4468.480176 -0.053350 1
4471.840176 0.001754 1
4475.200176 0.032256 1
4478.560176 0.035514 1
4481.920176 0.034388 1
4485.280176 0.019779 1
4488.640176 0.041358 1
4492.000176 0.047594 1
4495.360176 0.037958 1
4498.720176 0.021755 0
4502.080176 0.025984 0
4505.440176 0.025452 0
4508.800176 0.025540 0
4512.160176 0.025965 0
4515.520176 0.024876 0
4518.880176 0.027023 0
4522.240176 0.026479 0
4525.600176 0.024020 0
4528.960176 0.015172 0
4532.320176 0.021025 0
4535.680176 0.018649 0
4539.040176 0.026570 0
4542.400176 0.031434 0
4545.760176 0.028055 0
4549.120176 0.034862 0
4552.480176 0.028410 0
4555.840176 0.025061 0
4559.200176 0.024244 0
4562.560176 0.022096 0
4565.920176 0.016385 0
4569.280176 0.025306 0
4572.640176 0.026475 0
4576.000176 0.029232 0
4579.360176 0.035181 0
4582.720176 0.029672 0
4586.080176 0.032113 0
4589.440176 0.031196 0
4592.800176 0.026334 0
4596.160176 0.030385 0
4599.520176 0.025626 0
4602.880176 0.023334 0
4606.240176 0.021460 0
4609.600176 0.019760 0
4612.960176 0.020398 0
4616.320176 0.018360 0
4619.680176 0.020394 0
4623.040176 0.024031 0
4626.400176 0.027584 0
4629.760176 0.034088 0
4633.120176 0.033933 0
4636.480176 0.027981 0
4639.840176 0.026906 0
4643.200176 0.031029 0
4646.560176 0.033759 0
4649.920176 0.032627 0
4653.280176 0.033694 0
4656.640176 0.029648 0
4660.000176 0.027497 0
4663.360176 0.030300 0
4666.720176 0.028177 0
4670.080176 0.024891 0
4673.440176 0.020789 0
4676.800176 0.023616 0
4680.160176 0.023262 0
4683.520176 0.023488 0
4686.880176 0.026379 0
4690.240176 0.027812 0
4693.600176 0.027086 0
4696.960176 0.027810 0
4700.320176 0.034536 0
4703.680176 0.029778 0
4707.040176 0.029027 0
4710.400176 0.033802 0
4713.760176 0.033891 0
4717.120176 0.030074 0
4720.480176 0.027857 0
4723.840176 0.028699 0
4727.200176 0.026818 0
4730.560176 0.022607 0
4733.920176 0.022950 0
4737.280176 0.023999 0
4740.640176 0.028947 0
4744.000176 0.033750 0
4747.360176 0.028980 0
4750.720176 0.029693 0
4754.080176 0.027655 0
4757.440176 0.032861 0
4760.800176 0.031015 0
4764.160176 0.032407 0
4767.520176 0.026462 0
4770.880176 0.025240 0
4774.240176 0.020473 0
4777.600176 0.019161 0
4780.960176 0.024178 0
4784.320176 0.026410 0
4787.680176 0.028921 0
4791.040176 0.031505 0
4794.400176 0.029767 0
4797.760176 0.028375 0
4801.120176 0.038163 0
4804.480176 0.034238 0
4807.840176 0.030536 0
4811.200176 0.033813 0
4814.560176 0.032223 0
4817.920176 0.032016 0
4821.280176 0.035038 0
4824.640176 0.034262 0
4828.000176 0.032288 0
4831.360176 0.032337 0
4834.720176 0.030172 0
4838.080176 0.037443 0
4841.440176 0.037713 0
4844.800176 0.034203 0
4848.160176 0.031779 0
4851.520176 0.035114 0
4854.880176 0.033645 0
4858.240176 0.037428 0
4861.600176 0.029318 0
4864.960176 0.034105 0
4868.320176 0.033070 0
4871.680176 0.036797 0
4875.040176 0.036576 0
4878.400176 0.032174 0
4881.760176 0.031966 0
4885.120176 0.030414 0
4888.480176 0.033311 0
4891.840176 0.033655 0
4895.200176 0.035317 0
4898.560176 0.035535 0
4901.920176 0.029877 0
4905.280176 0.032295 0
4908.640176 0.031798 0
4912.000176 0.030674 0
4915.360176 0.031220 0
4918.720176 0.030025 0
4922.080176 0.027374 0
4925.440176 0.029526 0
4928.800176 0.025824 0
4932.160176 0.021714 0
4935.520176 0.024073 0
4938.880176 0.026992 0
4942.240176 0.027347 0
4945.600176 0.030319 0
4948.960176 0.029223 0
4952.320176 0.026610 0
4955.680176 0.028778 0
4959.040176 0.033878 0
4962.400176 0.033913 0
4965.760176 0.030343 0
4969.120176 0.031456 0
4972.480176 0.031334 0
4975.840176 0.033254 0
4979.200176 0.035518 0
4982.560176 0.031998 0
4985.920176 0.031556 0
4989.280176 0.029392 0
4992.640176 0.031138 0
4996.000176 0.033178 0
4999.360176 0.030666 0
5002.720176 0.031852 0
5006.080176 0.030182 0
5009.440176 0.029457 0
5012.800176 0.031555 0
5016.160176 0.033529 0
5019.520176 0.030361 0
5022.880176 0.032512 0
5026.240176 0.033055 0
5029.600176 0.028865 0
5032.960176 0.033025 0
5036.320176 0.026683 0
5039.680176 0.034252 0
5043.040176 0.036601 0
5046.400176 0.034984 0
5049.760176 0.034601 0
5053.120176 0.031224 0
5056.480176 0.033608 0
5059.840176 0.031945 0
5063.200176 0.031001 0
5066.560176 0.030888 0
5069.920176 0.030764 0
5073.280176 0.031527 0
5076.640176 0.028720 0
5080.000176 0.031231 0
5083.360176 0.030037 0
5086.720176 0.030906 0
5090.080176 0.032797 0
5093.440176 0.032276 0
5096.800176 0.032395 0
5100.160176 0.033438 0
5103.520176 0.030259 0
5106.880176 0.032841 0
5110.240176 0.032306 0
5113.600176 0.032895 0
5116.960176 0.034345 0
5120.320176 0.029229 0
5123.680176 0.028235 0
5127.040176 0.028547 0
5130.400176 0.029712 0
5133.760176 0.030355 0
5137.120176 0.028177 0
5140.480176 0.030046 0
5143.840176 0.031090 0
5147.200176 0.033702 0
5150.560176 0.034345 0
5153.920176 0.035601 0
5157.280176 0.028695 0
5160.640176 0.028467 0
5164.000176 0.028653 0
5167.360176 0.032792 0
5170.720176 0.032114 0
5174.080176 0.033324 0
5177.440176 0.030372 0
5180.800176 0.028935 0
5184.160176 0.026268 0
5187.520176 0.027992 0
5190.880176 0.026976 0
5194.240176 0.034797 0
5197.600176 0.030134 0
5200.960176 0.026254 0
5204.320176 0.032089 0
5207.680176 0.028825 0
5211.040176 0.031553 0
5214.400176 0.027864 0
5217.760176 0.032336 0
5221.120176 0.029155 0
5224.480176 0.026899 0
5227.840176 0.028898 0
5231.200176 0.027026 0
5234.560176 0.025129 0
5237.920176 0.031918 0
5241.280176 0.031372 0
5244.640176 0.030690 0
5248.000176 0.030098 0
5251.360176 0.033167 0
5254.720176 0.033597 0
5258.080176 0.030138 0
5261.440176 0.033201 0
5264.800176 0.033382 0
5268.160176 0.035715 0
5271.520176 0.030391 0
5274.880176 0.030004 0
5278.240176 0.033114 0
5281.600176 0.033415 0
5284.960176 0.030578 0
5288.320176 0.032499 0
5291.680176 0.034051 0
5295.040176 0.028862 0
5298.400176 0.031644 0
5301.760176 0.034363 0
5305.120176 0.033673 0
5308.480176 0.032384 0
5311.840176 0.029556 0
5315.200176 0.028412 0
5318.560176 0.033264 0
5321.920176 0.034922 0
5325.280176 0.034946 0
5328.640176 0.037307 0
5332.000176 0.033547 0
5335.360176 0.037594 0
5338.720176 0.036815 0
5342.080176 0.034224 0
5345.440176 0.032239 0
5348.800176 0.034183 0
5352.160176 0.035588 0
5355.520176 0.030709 0
5358.880176 0.032856 0
5362.240176 0.032823 0
5365.600176 0.032356 0
5368.960176 0.032509 0
5372.320176 0.033344 0
5375.680176 0.032397 0
5379.040176 0.035930 0
5382.400176 0.034811 0
5385.760176 0.032883 0
5389.120176 0.032869 0
5392.480176 0.033682 0
5395.840176 0.026198 0
5399.200176 0.032117 0
5402.560176 0.036191 0
5405.920176 0.032336 0
5409.280176 0.032067 0
5412.640176 0.031571 0
5416.000176 0.032703 0
5419.360176 0.034820 0
5422.720176 0.037436 0
5426.080176 0.035888 0
5429.440176 0.029233 0
5432.800176 0.032919 0
5436.160176 0.036524 0
5439.520176 0.031653 0
5442.880176 0.033028 0
5446.240176 0.031521 0
5449.600176 0.030601 0
5452.960176 0.034530 0
5456.320176 0.033956 0
5459.680176 0.033802 0
5463.040176 0.031380 0
5466.400176 0.034090 0
5469.760176 0.029891 0
5473.120176 0.034234 0
5476.480176 0.034766 0
5479.840176 0.035178 0
5483.200176 0.029837 0
5486.560176 0.033264 0
5489.920176 0.031881 0
5493.280176 0.031368 0
5496.640176 0.032645 0
5500.000176 0.031556 0
5503.360176 0.034160 0
5506.720176 0.032487 0
5510.080176 0.033400 0
5513.440176 0.036647 0
5516.800176 0.034876 0
5520.160176 0.034315 0
5523.520176 0.031065 0
5526.880176 0.032714 0
5530.240176 0.030903 0
5533.600176 0.029249 0
5536.960176 0.030494 0
5540.320176 0.035341 0
5543.680176 0.032061 0
5547.040176 0.034434 0
5550.400176 0.032670 0
5553.760176 0.031853 0
5557.120176 0.030448 0
5560.480176 0.035227 1
5563.840176 0.035038 1
5567.200176 0.036777 1
5570.560176 0.084851 1
5573.920176 0.227079 1
5577.280176 0.233185 1
5580.640176 0.032917 1
5584.000176 0.039787 1
5587.360176 -0.031256 1
5590.720176 0.033311 1
5594.080176 0.030581 1
5597.440176 0.041128 1
5600.800176 0.034716 1
5604.160176 0.033391 0
5607.520176 0.031672 0
5610.880176 0.030971 0
5614.240176 0.032153 0
5617.600176 0.030378 0
5620.960176 0.029178 0
5624.320176 0.034341 0
5627.680176 0.030817 0
5631.040176 0.032126 0
5634.400176 0.032665 0
5637.760176 0.031996 0
5641.120176 0.032913 0
5644.480176 0.029968 0
5647.840176 0.030773 0
5651.200176 0.036245 0
5654.560176 0.033305 0
5657.920176 0.034202 0
5661.280176 0.031290 0
5664.640176 0.033893 0
5668.000176 0.033623 0
5671.360176 0.033165 0
5674.720176 0.030301 0
5678.080176 0.033726 0
5681.440176 0.032005 0
5684.800176 0.035321 0
5688.160176 0.032156 0
5691.520176 0.027789 0
5694.880176 0.031997 0
5698.240176 0.031711 0
5701.600176 0.032823 0
5704.960176 0.032142 0
5708.320176 0.031110 0
5711.680176 0.033103 0
5715.040176 0.030043 0
5718.400176 0.034201 0
5721.760176 0.032242 0
5725.120176 0.031567 0
5728.480176 0.032756 0
5731.840176 0.034612 0
5735.200176 0.032738 0
5738.560176 0.031358 0
5741.920176 0.030431 0
5745.280176 0.032792 0
5748.640176 0.027060 0
5752.000176 0.031369 0
5755.360176 0.029339 0
5758.720176 0.028414 0
5762.080176 0.032026 0
5765.440176 0.028887 0
5768.800176 0.027852 0
5772.160176 0.031092 0
5775.520176 0.030595 0
5778.880176 0.031380 0
5782.240176 0.032207 0
5785.600176 0.028048 0
5788.960176 0.027751 0
5792.320176 0.027467 0
5795.680176 0.032813 0
5799.040176 0.031678 0
5802.400176 0.032177 0
5805.760176 0.027672 0
5809.120176 0.028210 0
5812.480176 0.033435 0
5815.840176 0.034012 0
5819.200176 0.032925 0
5822.560176 0.028301 0
5825.920176 0.027604 0
5829.280176 0.029137 0
5832.640176 0.028466 0
5836.000176 0.031435 0
5839.360176 0.024975 0
5842.720176 0.021639 0
5846.080176 0.024402 0
5849.440176 0.031931 0
5852.800176 0.032150 0
5856.160176 0.028064 0
5859.520176 0.025373 0
5862.880176 0.025697 0
5866.240176 0.027890 0
5869.600176 0.031566 0
5872.960176 0.029829 0
5876.320176 0.031952 0
5879.680176 0.028595 0
5883.040176 0.039424 0
5886.400176 0.035279 0
5889.760176 0.033568 0
5893.120176 0.030906 0
5896.480176 0.022827 0
5899.840176 0.030097 0
5903.200176 0.031158 0
5906.560176 0.028405 0
5909.920176 0.027643 0
5913.280176 0.030170 0
5916.640176 0.027371 0
5920.000176 0.029713 0
5923.360176 0.029116 0
5926.720176 0.034541 0
5930.080176 0.031325 0
5933.440176 0.032697 0
5936.800176 0.031006 0
5940.160176 0.032710 0
5943.520176 0.031517 0
5946.880176 0.033791 0
5950.240176 0.028251 0
5953.600176 0.028282 0
5956.960176 0.029533 0
5960.320176 0.028729 0
5963.680176 0.030637 0
5967.040176 0.034765 0
5970.400176 0.033539 0
5973.760176 0.035953 0
5977.120176 0.029242 0
5980.480176 0.025175 0
5983.840176 0.029639 0
5987.200176 0.025886 0
5990.560176 0.032232 0
5993.920176 0.031075 0
5997.280176 0.031640 0
6000.640176 0.027964 0
6004.000176 0.030643 0
6007.360176 0.030689 0
6010.720176 0.027400 0
6014.080176 0.031676 0
6017.440176 0.030559 0
6020.800176 0.036845 0
6024.160176 0.045711 0
6027.520176 0.043959 0
6030.880176 0.036195 0
6034.240176 0.027045 0
6037.600176 0.029065 0
6040.960176 0.028380 0
6044.320176 0.028650 0
6047.680176 0.027096 0
6051.040176 0.030484 0
6054.400176 0.029551 0
6057.760176 0.030589 0
6061.120176 0.026625 0
6064.480176 0.025485 0
6067.840176 0.031105 0
6071.200176 0.029539 0
6074.560176 0.025518 0
6077.920176 0.028830 0
6081.280176 0.029923 0
6084.640176 0.029970 0
6088.000176 0.030452 0
6091.360176 0.029451 0
6094.720176 0.028758 0
6098.080176 0.031864 0
6101.440176 0.028278 0
6104.800176 0.029955 0
6108.160176 0.027711 0
6111.520176 0.030902 0
6114.880176 0.025372 0
6118.240176 0.030167 0
6121.600176 0.027343 0
6124.960176 0.031780 0
6128.320176 0.029326 0
6131.680176 0.030190 0
6135.040176 0.030367 0
6138.400176 0.031442 0
6141.760176 0.028734 0
6145.120176 0.030310 0
6148.480176 0.028622 0
6151.840176 0.029183 0
6155.200176 0.027445 0
6158.560176 0.031152 0
6161.920176 0.031572 0
6165.280176 0.029961 0
6168.640176 0.028238 0
6172.000176 0.032615 0
6175.360176 0.031504 0
6178.720176 0.032259 0
6182.080176 0.029550 0
6185.440176 0.026328 0
6188.800176 0.025972 0
6192.160176 0.027136 0
6195.520176 0.025787 0
6198.880176 0.027740 0
6202.240176 0.026854 0
6205.600176 0.029123 0
6208.960176 0.029587 0
6212.320176 0.026445 0
6215.680176 0.027086 0
6219.040176 0.027860 0
6222.400176 0.027811 0
6225.760176 0.027901 0
6229.120176 0.028813 0
6232.480176 0.031832 0
6235.840176 0.030302 0
6239.200176 0.029541 0
6242.560176 0.026070 0
6245.920176 0.027014 0
6249.280176 0.030353 0
6252.640176 0.033484 0
6256.000176 0.026471 0
6259.360176 0.026324 0
6262.720176 0.030062 0
6266.080176 0.026471 0
6269.440176 0.025934 0
6272.800176 0.025869 0
6276.160176 0.029366 0
6279.520176 0.027644 0
6282.880176 0.031491 0
6286.240176 0.029347 0
6289.600176 0.029063 0
6292.960176 0.026922 0
6296.320176 0.021336 0
6299.680176 0.037214 0
6303.040176 0.035998 0
6306.400176 0.035147 0
6309.760176 0.027632 0
6313.120176 0.030569 0
6316.480176 0.025532 0
6319.840176 0.028298 0
6323.200176 0.031836 0
6326.560176 0.029089 0
6329.920176 0.026974 0
6333.280176 0.027461 0
6336.640176 0.024844 0
6340.000176 0.028115 0
6343.360176 0.028468 0
6346.720176 0.029930 0
6350.080176 0.027624 0
6353.440176 0.030294 0
6356.800176 0.032234 0
6360.160176 0.027813 0
6363.520176 0.030301 0
6366.880176 0.037294 0
6370.240176 0.029460 0
6373.600176 0.030148 0
6376.960176 0.027403 0
6380.320176 0.026799 0
6383.680176 0.024347 0
6387.040176 0.027756 0
6390.400176 0.030423 0
6393.760176 0.029008 0
6397.120176 0.028987 0
6400.480176 0.025954 0
6403.840176 0.025336 0
6407.200176 0.027684 0
6410.560176 0.025896 0
6413.920176 0.026301 0
6417.280176 0.032026 0
6420.640176 0.028108 0
6424.000176 0.027412 0
6427.360176 0.028477 0
6430.720176 0.029517 0
6434.080176 0.027595 0
6437.440176 0.027859 0
6440.800176 0.028211 0
6444.160176 0.028100 0
6447.520176 0.026351 0
6450.880176 0.028805 0
6454.240176 0.027254 0
6457.600176 0.027443 0
6460.960176 0.029696 0
6464.320176 0.025254 0
6467.680176 0.027861 0
6471.040176 0.030172 0
6474.400176 0.025873 0
6477.760176 0.028301 0
6481.120176 0.030719 0
6484.480176 0.026006 0
6487.840176 0.027198 0
6491.200176 0.030475 0
6494.560176 0.031572 0
6497.920176 0.029436 0
6501.280176 0.030711 0
6504.640176 0.024377 0
6508.000176 0.023497 0
6511.360176 0.029908 0
6514.720176 0.029271 0
6518.080176 0.030015 0
6521.440176 0.028291 0
6524.800176 0.028401 0
6528.160176 0.027574 0
6531.520176 0.026450 0
6534.880176 0.027973 0
6538.240176 0.026802 0
6541.600176 0.029202 0
6544.960176 0.027555 0
6548.320176 0.027397 0
6551.680176 0.028865 0
6555.040176 0.025450 0
6558.400176 0.025418 0
6561.760176 0.029378 0
6565.120176 0.028545 0
6568.480176 0.027008 0
6571.840176 0.029558 0
6575.200176 0.031266 0
6578.560176 0.024147 0
6581.920176 0.025340 0
6585.280176 0.026659 0
6588.640176 0.027404 0
6592.000176 0.027101 0
6595.360176 0.028606 0
6598.720176 0.031449 0
6602.080176 0.031714 0
6605.440176 0.028191 0
6608.800176 0.024462 0
6612.160176 0.028476 0
6615.520176 0.026891 0
6618.880176 0.026156 0
6622.240176 0.024713 0
6625.600176 0.028265 0
6628.960176 0.028746 0
6632.320176 0.029896 0
6635.680176 0.027036 0
6639.040176 0.028148 0
6642.400176 0.026883 0
6645.760176 0.025584 0
6649.120176 0.027588 0
6652.480176 0.026078 0
6655.840176 0.027020 0
6659.200176 0.028436 0
6662.560176 0.029983 0
6665.920176 0.029568 0
6669.280176 0.023679 0
6672.640176 0.026924 0
6676.000176 0.029667 0
6679.360176 0.027795 0
6682.720176 0.029189 0
6686.080176 0.028971 0
6689.440176 0.022747 0
6692.800176 0.025889 0
6696.160176 0.026156 0
6699.520176 0.028274 0
6702.880176 0.029510 0
6706.240176 0.024486 0
6709.600176 0.028251 0
6712.960176 0.026891 0
6716.320176 0.029365 0
6719.680176 0.023700 0
6723.040176 0.028992 0
6726.400176 0.028844 0
6729.760176 0.025801 0
6733.120176 0.027652 0
6736.480176 0.027675 0
6739.840176 0.025062 0
6743.200176 0.027792 0
6746.560176 0.024713 0
6749.920176 0.025631 0
6753.280176 0.026621 0
6756.640176 0.029871 0
6760.000176 0.028463 0
6763.360176 0.028019 0
6766.720176 0.028681 0
6770.080176 0.025654 0
6773.440176 0.027780 0
6776.800176 0.026349 0
6780.160176 0.026107 0
6783.520176 0.029116 0
6786.880176 0.031552 0
6790.240176 0.026159 0
6793.600176 0.024728 0
6796.960176 0.028297 0
6800.320176 0.025865 0
6803.680176 0.025565 0
6807.040176 0.028248 0
6810.400176 0.024796 0
6813.760176 0.029335 0
6817.120176 0.033658 1
6820.480176 0.029826 1
6823.840176 0.025057 1
6827.200176 0.019109 1
6830.560176 0.026939 1
6833.920176 0.031187 1
6837.280176 0.023682 1
6840.640176 0.024765 0
6844.000176 0.027683 0
6847.360176 0.027970 0
6850.720176 0.027015 0
6854.080176 0.027211 0
6857.440176 0.028719 0
6860.800176 0.029407 0
6864.160176 0.026324 0
6867.520176 0.026540 0
6870.880176 0.022844 0
6874.240176 0.021804 0
6877.600176 0.023832 0
6880.960176 0.022581 0
6884.320176 0.024394 0
6887.680176 0.026550 0
6891.040176 0.025609 0
6894.400176 0.023574 0
6897.760176 0.022035 0
6901.120176 0.022779 0
6904.480176 0.025507 0
6907.840176 0.023907 0
6911.200176 0.024072 0
6914.560176 0.025904 0
6917.920176 0.027399 0
6921.280176 0.021542 0
6924.640176 0.025988 0
6928.000176 0.026123 0
6931.360176 0.025625 0
6934.720176 0.025656 0
6938.080176 0.022638 0
6941.440176 0.024521 0
6944.800176 0.027983 0
6948.160176 0.027125 0
6951.520176 0.029207 0
6954.880176 0.023657 0
6958.240176 0.023840 0
6961.600176 0.027369 0
6964.960176 0.024879 0
6968.320176 0.027774 0
6971.680176 0.027812 0
6975.040176 0.026320 0
6978.400176 0.029289 0
6981.760176 0.028540 0
6985.120176 0.026605 0
6988.480176 0.028656 0
6991.840176 0.027333 0
6995.200176 0.029589 0
6998.560176 0.027051 0
7001.920176 0.026600 0
7005.280176 0.024951 0
7008.640176 0.025333 0
7012.000176 0.026052 0
7015.360176 0.026205 0
7018.720176 0.029146 0
7022.080176 0.026837 0
7025.440176 0.029506 0
7028.800176 0.026720 0
7032.160176 0.025712 0
7035.520176 0.025541 0
7038.880176 0.023870 0
7042.240176 0.022440 0
7045.600176 0.025802 0
7048.960176 0.022726 0
7052.320176 0.026396 0
7055.680176 0.025980 0
7059.040176 0.026239 0
7062.400176 0.026430 0
7065.760176 0.026127 0
7069.120176 0.024888 0
7072.480176 0.028822 0
7075.840176 0.030420 0
7079.200176 0.024832 0
7082.560176 0.028800 0
7085.920176 0.028055 0
7089.280176 0.027421 0
7092.640176 0.024418 0
7096.000176 0.024560 0
7099.360176 0.025907 0
7102.720176 0.025787 0
7106.080176 0.026266 0
7109.440176 0.025817 0
7112.800176 0.025794 0
7116.160176 0.028344 0
7119.520176 0.025734 0
7122.880176 0.020951 0
7126.240176 0.026154 0
7129.600176 0.027583 0
7132.960176 0.022499 0
7136.320176 0.025299 0
7139.680176 0.025408 0
7143.040176 0.028274 0
7146.400176 0.026017 0
7149.760176 0.024390 0
7153.120176 0.025932 0
7156.480176 0.023867 0
7159.840176 0.023212 0
7163.200176 0.025967 0
7166.560176 0.026606 0
7169.920176 0.023610 0
7173.280176 0.026991 0
7176.640176 0.024519 0
7180.000176 0.023083 0
7183.360176 0.022320 0
7186.720176 0.025916 0
7190.080176 0.023545 0
7193.440176 0.025963 0
7196.800176 0.022363 0
7200.160176 0.019056 0
7203.520176 0.027064 0
7206.880176 0.023130 0
7210.240176 0.024750 0
7213.600176 0.024384 0
7216.960176 0.027657 0
7220.320176 0.027360 0
7223.680176 0.026464 0
7227.040176 0.027352 0
7230.400176 0.026684 0
7233.760176 0.027689 0
7237.120176 0.023673 0
7240.480176 0.024689 0
7243.840176 0.026824 0
7247.200176 0.028995 0
7250.560176 0.028118 0
7253.920176 0.020145 0
7257.280176 0.027028 0
7260.640176 0.026719 0
7264.000176 0.022764 0
7267.360176 0.022896 0
7270.720176 0.030228 0
7274.080176 0.034860 0
7277.440176 0.020049 0
7280.800176 0.019693 0
7284.160176 0.034231 0
7287.520176 0.023078 0
7290.880176 0.027093 0
7294.240176 0.025491 0
7297.600176 0.023449 0
7300.960176 0.027336 0
7304.320176 0.028929 0
7307.680176 0.027088 0
7311.040176 0.025027 0
7314.400176 0.021858 0
7317.760176 0.024006 0
7321.120176 0.025214 0
7324.480176 0.025731 0
7327.840176 0.025158 0
7331.200176 0.027876 0
7334.560176 0.025798 0
7337.920176 0.029261 0
7341.280176 0.023815 0
7344.640176 0.018755 0
7348.000176 0.029843 0
7351.360176 0.023474 0
7354.720176 0.029282 0
7358.080176 0.022172 0
7361.440176 0.023994 0
7364.800176 0.029901 0
7368.160176 0.022782 0
7371.520176 0.027820 0
7374.880176 0.025641 0
7378.240176 0.028462 0
7381.600176 0.025379 0
7384.960176 0.026423 0
7388.320176 0.023859 0
7391.680176 0.023879 0
7395.040176 0.025454 0
7398.400176 0.024586 0
7401.760176 0.025674 0
7405.120176 0.025774 0
7408.480176 0.023825 0
7411.840176 0.023609 0
7415.200176 0.022944 0
7418.560176 0.025896 0
7421.920176 0.027491 0
7425.280176 0.026776 0
7428.640176 0.027614 0
7432.000176 0.024494 0
7435.360176 0.032260 0
7438.720176 0.025370 0
7442.080176 0.024048 0
7445.440176 0.025993 0
7448.800176 0.022822 0
7452.160176 0.022187 0
7455.520176 0.023351 0
7458.880176 0.024975 0
7462.240176 0.026568 0
7465.600176 0.023547 0
7468.960176 0.025495 0
7472.320176 0.025474 0
7475.680176 0.025531 0
7479.040176 0.023721 0
7482.400176 0.022679 0
7485.760176 0.026027 0
7489.120176 0.024744 0
7492.480176 0.026623 0
7495.840176 0.025970 0
7499.200176 0.023724 0
7502.560176 0.027018 0
7505.920176 0.023771 0
7509.280176 0.020344 0
7512.640176 0.021898 0
7516.000176 0.026833 0
7519.360176 0.025333 0
7522.720176 0.030513 0
7526.080176 0.023688 0
7529.440176 0.022675 0
7532.800176 0.025969 0
7536.160176 0.018392 0
7539.520176 0.023721 0
7542.880176 0.022744 0
7546.240176 0.021031 0
7549.600176 0.022607 0
7552.960176 0.024372 0
7556.320176 0.024171 0
7559.680176 0.027518 0
7563.040176 0.025532 0
7566.400176 0.024930 0
7569.760176 0.022804 0
7573.120176 0.021216 0
7576.480176 0.022021 0
7579.840176 0.024771 0
7583.200176 0.025603 0
7586.560176 0.026561 0
7589.920176 0.026784 0
7593.280176 0.029154 0
7596.640176 0.027458 0
7600.000176 0.021507 0
7603.360176 0.022549 0
7606.720176 0.016259 0
7610.080176 0.019862 0
7613.440176 0.024158 0
7616.800176 0.024033 0
7620.160176 0.025315 0
7623.520176 0.024698 0
7626.880176 0.022517 0
7630.240176 0.023402 0
7633.600176 0.016110 0
7636.960176 0.023255 0
7640.320176 0.025119 0
7643.680176 0.027239 0
7647.040176 0.027522 0
7650.400176 0.025285 0
7653.760176 0.021417 0
7657.120176 0.030678 0
7660.480176 0.028300 0
7663.840176 0.028397 0
7667.200176 0.023934 0
7670.560176 0.024255 0
7673.920176 0.024190 0
7677.280176 0.020783 0
7680.640176 0.020358 0
7684.000176 0.018526 0
7687.360176 0.024399 0
7690.720176 0.027187 0
7694.080176 0.026112 0
7697.440176 0.020164 0
7700.800176 0.025142 0
7704.160176 0.023923 0
7707.520176 0.019247 0
7710.880176 0.024156 0
7714.240176 0.024216 0
7717.600176 0.021947 0
7720.960176 0.015673 0
7724.320176 0.014293 0
7727.680176 0.018894 0
7731.040176 0.024081 0
7734.400176 0.025082 0
7737.760176 0.024219 0
7741.120176 0.023600 0
7744.480176 0.017798 0
7747.840176 0.023950 0
7751.200176 0.022699 0
7754.560176 0.027274 0
7757.920176 0.022635 0
7761.280176 0.026362 0
7764.640176 0.025752 0
7768.000176 0.022980 0
7771.360176 0.023789 0
7774.720176 0.018463 0
7778.080176 0.019008 0
7781.440176 0.024289 0
7784.800176 0.024261 0
7788.160176 0.025137 0
7791.520176 0.017363 0
7794.880176 0.023423 0
7798.240176 0.027616 0
7801.600176 0.021749 0
7804.960176 0.022313 0
7808.320176 0.019814 0
7811.680176 0.018237 0
7815.040176 0.020421 0
7818.400176 0.022946 0
7821.760176 0.025602 0
7825.120176 0.027660 0
7828.480176 0.022596 0
7831.840176 0.018936 0
7835.200176 0.016862 0
7838.560176 0.023499 0
7841.920176 0.026781 0
7845.280176 0.024181 0
7848.640176 0.023176 0
7852.000176 0.030940 0
7855.360176 0.024728 0
7858.720176 0.014878 0
7862.080176 0.015321 0
7865.440176 0.018867 0
7868.800176 0.018168 0
7872.160176 0.026139 0
7875.520176 0.032441 0
7878.880176 0.019170 0
7882.240176 0.018897 0
7885.600176 0.025433 0
7888.960176 0.023178 0
7892.320176 0.024661 0
7895.680176 0.045053 0
7899.040176 0.050924 0
7902.400176 0.030210 0
7905.760176 0.025981 0
7909.120176 0.028116 0
7912.480176 0.024735 0
7915.840176 0.019225 0
7919.200176 0.021612 0
7922.560176 0.025444 0
7925.920176 0.019709 0
7929.280176 0.016744 0
7932.640176 0.029251 0
7936.000176 0.029747 0
7939.360176 0.025679 0
7942.720176 0.017036 0
7946.080176 0.025355 0
7949.440176 0.019980 0
7952.800176 0.017812 0
7956.160176 0.028297 0
7959.520176 0.026791 0
7962.880176 0.033876 0
7966.240176 0.026799 0
7969.600176 0.039969 1
7972.960176 0.013938 1
7976.320176 0.000737 1
7979.680176 0.006863 1
7983.040176 0.006796 1
7986.400176 -0.004239 1
7989.760176 0.000728 1
7993.120176 0.008677 1
7996.480176 0.006894 1
7999.840176 -0.009477 1
8003.200176 0.005048 1
8006.560176 0.013622 1
8009.920176 0.016067 1
8013.280176 0.016337 1
8016.640176 0.015610 1
8020.000176 0.029558 1
8023.360176 0.020032 1
8026.720176 0.019262 1
8030.080176 -0.000264 1
8033.440176 0.003282 1
8036.800176 0.008943 1
8040.160176 0.005939 1
8043.520176 0.007879 1
8046.880176 0.009965 1
8050.240176 0.008227 1
8053.600176 0.007447 1
8056.960176 0.003786 1
8060.320176 0.016372 1
8063.680176 0.014292 1
8067.040176 0.008124 1
8070.400176 0.003697 1
8073.760176 0.008299 1
8077.120176 0.011757 1
8080.480176 0.011032 1
8083.840176 0.019954 1
8087.200176 0.012171 1
8090.560176 0.009465 1
8093.920176 0.013049 1
8097.280176 0.014449 1
8100.640176 0.013931 1
8104.000176 0.014891 1
8107.360176 0.016274 1
8110.720176 0.004742 1
8114.080176 0.008188 1
8117.440176 0.005929 1
8120.800176 0.005082 1
8124.160176 0.009275 1
8127.520176 0.014071 1
8130.880176 0.015198 1
8134.240176 0.011476 1
8137.600176 0.012676 1
8140.960176 0.009388 1
8144.320176 0.007794 1
8147.680176 0.005412 1
8151.040176 0.007665 1
8154.400176 0.011194 1
8157.760176 0.011776 1
8161.120176 0.006662 1
8164.480176 0.010389 1
8167.840176 0.007258 1
8171.200176 0.009240 1
8174.560176 0.010203 1
8177.920176 0.009436 1
8181.280176 0.009202 1
8184.640176 0.010215 1
8188.000176 0.009298 1
8191.360176 0.011106 1
8194.720176 0.012114 1
8198.080176 0.011110 1
8201.440176 0.009711 1
8204.800176 0.016509 1
8208.160176 0.009686 1
8211.520176 0.006172 1
8214.880176 0.007410 1
8218.240176 0.010499 1
8221.600176 0.010183 1
8224.960176 0.006292 1
8228.320176 0.007367 1
8231.680176 0.006634 1
8235.040176 0.008647 1
8238.400176 0.008564 1
8241.760176 0.002308 1
8245.120176 0.007992 1
8248.480176 0.012777 1
8251.840176 0.010195 1
8255.200176 0.005891 1
8258.560176 0.006469 1
8261.920176 0.008449 1
8265.280176 0.009365 1
8268.640176 0.007481 1
8272.000176 0.007014 1
8275.360176 -0.001311 1
8278.720176 -0.000646 1
8282.080176 0.006823 1
8285.440176 0.008159 1
8288.800176 0.020515 1
8292.160176 0.017954 1
8295.520176 0.020969 1
8298.880176 0.009151 1
8302.240176 0.006763 1
8305.600176 0.015410 1
8308.960176 0.020311 1
8312.320176 0.013673 1
8315.680176 0.011649 1
8319.040176 0.018258 1
8322.400176 0.008268 1
8325.760176 0.011022 1
8329.120176 0.008154 1
8332.480176 0.007768 1
8335.840176 0.010589 1
8339.200176 0.004300 1
8342.560176 0.017567 1
8345.920176 0.006513 1
8349.280176 -0.010952 1
8352.640176 0.047613 1
8356.000176 0.022051 1
8359.360176 0.002905 1
8362.720176 0.016996 1
8366.080176 0.008396 1
8369.440176 0.007928 1
8372.800176 0.018639 1
8376.160176 0.000000 1
8379.520176 0.000000 1
8382.880176 0.000000 1
8386.240176 0.000000 1
8389.600176 0.000000 1
8392.960176 0.000000 1
8396.320176 0.000000 1
8399.680176 0.000000 1
8403.040176 0.000000 1
8406.400176 0.000000 1
8409.760176 0.000000 1
8413.120176 0.000000 1
8416.480176 0.000000 1
8419.840176 0.000000 1
8423.200176 0.000000 1
8426.560176 0.000000 1
8429.920176 0.000000 1
8433.280176 0.000000 1
8436.640176 0.000000 1
8440.000176 0.000000 1
8443.360176 0.000000 1
8446.720176 0.000000 1
8450.080176 0.000000 1
8453.440176 0.000000 1
8456.800176 0.000000 1
8460.160176 0.000000 1
8463.520176 0.000000 1
8466.880176 0.000000 1
8470.240176 0.000000 1
8473.600176 0.000000 1
8476.960176 0.000000 1
8480.320176 0.000000 1
8483.680176 0.000000 1
8487.040176 0.000000 1
8490.400176 0.000000 1
8493.760176 0.000000 1
8497.120176 0.000000 1
8500.480176 0.000000 1
8503.840176 0.000000 1
8507.200176 0.000000 1
8510.560176 0.000000 1
8513.920176 0.000000 1
8517.280176 0.000000 1
8520.640176 0.000000 1
8524.000176 0.000000 1
8527.360176 0.000000 1
8530.720176 0.000000 1
8534.080176 0.000000 1
8537.440176 0.000000 1
8540.800176 0.000000 1
8544.160176 0.000000 1
8547.520176 0.000000 1
8550.880176 0.000000 1
8554.240176 0.000000 1
8557.600176 0.000000 1
8560.960176 0.000000 1
8564.320176 0.000000 1
8567.680176 0.000000 1
8571.040176 0.000000 1
8574.400176 0.000000 1
8577.760176 0.000000 1
8581.120176 0.000000 1
8584.480176 0.000000 1
8587.840176 0.000000 1
8591.200176 0.000000 1
8594.560176 0.000000 1
8597.920176 0.000000 1
8601.280176 0.000000 1
8604.640176 0.000000 1
8608.000176 0.000000 1
8611.360176 0.000000 1
8614.720176 0.000000 1
8618.080176 0.000000 1
8621.440176 0.000000 1
8624.800176 0.000000 1
8628.160176 0.000000 1
8631.520176 0.000000 1
8634.880176 0.000000 1
8638.240176 0.000000 1
8641.600176 0.000000 1
8644.960176 0.000000 1
8648.320176 0.000000 1
8651.680176 0.000000 1
8655.040176 0.000000 1
8658.400176 0.000000 1
8661.760176 0.000000 1
8665.120176 0.000000 1
8668.480176 0.000000 1
8671.840176 0.000000 1
8675.200176 0.000000 1
8678.560176 0.000000 1
8681.920176 0.000000 1
8685.280176 0.000000 1
8688.640176 0.000000 1
8692.000176 0.000000 1
8695.360176 0.000000 1
8698.720176 0.000000 1
8702.080176 0.000000 1
8705.440176 0.000000 1
8708.800176 0.000000 1
8712.160176 0.000000 1
8715.520176 0.000000 1
8718.880176 0.000000 1
8722.240176 0.000000 1
8725.600176 0.000000 1
8728.960176 0.000000 1
8732.320176 0.000000 1
8735.680176 0.000000 1
8739.040176 0.000000 1
8742.400176 0.000000 1
8745.760176 0.000000 1
8749.120176 0.000000 1
8752.480176 0.000000 1
8755.840176 0.000000 1
8759.200176 0.000000 1
8762.560176 0.000000 1
8765.920176 0.000000 1
8769.280176 0.000000 1
8772.640176 0.000000 1
8776.000176 0.000000 1
8779.360176 0.000000 1
8782.720176 0.000000 1
8786.080176 0.000000 1
8789.440176 0.000000 1
8792.800176 0.000000 1
8796.160176 0.000000 1
8799.520176 0.000000 1
8802.880176 0.000000 1
8806.240176 0.000000 1
8809.600176 0.000000 1
8812.960176 0.000000 1
8816.320176 0.000000 1
8819.680176 0.000000 1
8823.040176 0.000000 1
8826.400176 0.000000 1
8829.760176 0.000000 1
8833.120176 0.000000 1
8836.480176 0.000000 1
8839.840176 0.000000 1
8843.200176 0.000000 1
8846.560176 0.000000 1
8849.920176 0.000000 1
8853.280176 0.000000 1
8856.640176 0.000000 1
8860.000176 0.000000 1
8863.360176 0.000000 1
8866.720176 0.000000 1
8870.080176 0.000000 1
8873.440176 0.000000 1
8876.800176 0.000000 1
8880.160176 0.000000 1
8883.520176 0.000000 1
8886.880176 0.000000 1
8890.240176 0.000000 1
8893.600176 0.000000 1
8896.960176 0.000000 1
8900.320176 0.000000 1
8903.680176 0.000000 1
8907.040176 0.000000 1
8910.400176 0.000000 1
8913.760176 0.000000 1
8917.120176 0.000000 1
8920.480176 0.000000 1
8923.840176 0.000000 1
8927.200176 0.000000 1
8930.560176 0.000000 1
8933.920176 0.000000 1
8937.280176 0.000000 1
8940.640176 0.000000 1
8944.000176 0.000000 1
8947.360176 0.000000 1
8950.720176 0.000000 1
8954.080176 0.000000 1
8957.440176 0.000000 1
8960.800176 0.000000 1
8964.160176 0.000000 1
8967.520176 0.000000 1
8970.880176 0.000000 1
8974.240176 0.000000 1
8977.600176 0.000000 1
8980.960176 0.000000 1
8984.320176 0.000000 1
8987.680176 0.000000 1
8991.040176 0.000000 1
8994.400176 0.000000 1
8997.760176 0.000000 1
9001.120176 0.000000 1
9004.480176 0.000000 1
9007.840176 0.000000 1
9011.200176 0.000000 1
9014.560176 0.000000 1
9017.920176 0.000000 1
9021.280176 0.000000 1
9024.640176 0.000000 1
9028.000176 0.000000 1
9031.360176 0.000000 1
9034.720176 0.000000 1
9038.080176 0.000000 1
9041.440176 0.000000 1
9044.800176 0.000000 1
9048.160176 0.000000 1
9051.520176 0.000000 1
9054.880176 0.000000 1
9058.240176 0.000000 1
9061.600176 0.000000 1
9064.960176 0.000000 1
9068.320176 0.000000 1
9071.680176 0.000000 1
9075.040176 0.000000 1
9078.400176 0.000000 1
9081.760176 0.000000 1
9085.120176 0.000000 1
9088.480176 0.000000 1
9091.840176 0.000000 1
9095.200176 0.000000 1
9098.560176 0.000000 1
9101.920176 0.000000 1
9105.280176 0.000000 1
9108.640176 0.000000 1
9112.000176 0.000000 1
9115.360176 0.000000 1
9118.720176 0.000000 1
9122.080176 0.000000 1
9125.440176 0.000000 1
9128.800176 0.000000 1
9132.160176 0.000000 1
9135.520176 0.000000 1
9138.880176 0.000000 1
9142.240176 0.000000 1
9145.600176 0.000000 1
9148.960176 0.000000 1
9152.320176 0.000000 1
9155.680176 0.000000 1
9159.040176 0.000000 1
9162.400176 0.000000 1
9165.760176 0.000000 1
9169.120176 0.000000 1
9172.480176 0.000000 1
9175.840176 0.000000 1
9179.200176 0.000000 1
9182.560176 0.000000 1
9185.920176 0.000000 1
9189.280176 0.000000 1
9192.640176 0.000000 1
9196.000176 0.000000 1
9199.360176 0.000000 1
9202.720176 0.000000 1
9206.080176 0.000000 1
9209.440176 0.000000 1
9212.800176 0.000000 1
9216.160176 0.000000 1
9219.520176 0.000000 1
9222.880176 0.000000 1
9226.240176 0.000000 1
9229.600176 0.000000 1
9232.960176 0.000000 1
9236.320176 0.000000 1
9239.680176 0.000000 1
9243.040176 0.000000 1
9246.400176 0.000000 1
9249.760176 0.000000 1
