# obs: 255752-59-60
# slit: 49
# z: 0.43446
# lines: [OII]
# spec: 319
4451.680000 0.000000 1
4455.040000 0.000000 1
4458.400000 0.000000 1
4461.760000 0.000000 1
4465.120000 0.000000 1
4468.480000 0.000000 1
4471.840000 0.000000 1
4475.200000 0.000000 1
4478.560000 0.000000 1
4481.920000 0.000000 1
4485.280000 0.000000 1
4488.640000 0.000000 1
4492.000000 0.000000 1
4495.360000 -0.055024 1
4498.720000 -0.004099 1
4502.080000 0.012044 1
4505.440000 0.012202 1
4508.800000 0.016892 0
4512.160000 0.024087 0
4515.520000 0.011970 0
4518.880000 0.008975 0
4522.240000 0.009581 0
4525.600000 0.013142 0
4528.960000 0.008125 0
4532.320000 0.007356 0
4535.680000 0.015637 0
4539.040000 0.015293 0
4542.400000 0.005579 0
4545.760000 0.020939 0
4549.120000 0.019732 0
4552.480000 0.020482 0
4555.840000 0.017893 0
4559.200000 0.015560 0
4562.560000 0.018996 0
4565.920000 0.008682 0
4569.280000 0.028545 0
4572.640000 0.017632 0
4576.000000 0.012884 0
4579.360000 -0.003748 0
4582.720000 0.005948 0
4586.080000 0.007565 0
4589.440000 0.018310 0
4592.800000 0.003504 0
4596.160000 0.014640 0
4599.520000 0.019158 0
4602.880000 -0.000937 0
4606.240000 0.004290 0
4609.600000 0.016365 0
4612.960000 0.008697 0
4616.320000 0.017697 0
4619.680000 0.014018 0
4623.040000 0.014268 0
4626.400000 0.014102 0
4629.760000 0.004053 0
4633.120000 0.005122 0
4636.480000 0.014495 0
4639.840000 0.007875 0
4643.200000 0.004141 0
4646.560000 0.013946 0
4649.920000 0.008151 0
4653.280000 -0.000301 0
4656.640000 0.006090 0
4660.000000 -0.002055 0
4663.360000 0.020195 0
4666.720000 0.016137 0
4670.080000 0.009656 0
4673.440000 0.015052 0
4676.800000 0.009469 0
4680.160000 0.009517 0
4683.520000 0.005366 0
4686.880000 0.017810 0
4690.240000 0.005226 0
4693.600000 0.013139 0
4696.960000 0.005721 0
4700.320000 0.004084 0
4703.680000 0.017774 0
4707.040000 0.004392 0
4710.400000 0.012782 0
4713.760000 0.011223 0
4717.120000 0.014379 0
4720.480000 0.023403 0
4723.840000 0.010791 0
4727.200000 0.002126 0
4730.560000 0.011892 0
4733.920000 0.005803 0
4737.280000 0.006694 0
4740.640000 0.009427 0
4744.000000 0.012745 0
4747.360000 0.015696 0
4750.720000 0.013031 0
4754.080000 0.020224 0
4757.440000 0.011493 0
4760.800000 0.012239 0
4764.160000 0.009621 0
4767.520000 0.006742 0
4770.880000 0.006692 0
4774.240000 0.010136 0
4777.600000 0.015875 0
4780.960000 0.006572 0
4784.320000 0.001781 0
4787.680000 0.001388 0
4791.040000 0.006993 0
4794.400000 0.008024 0
4797.760000 0.012395 0
4801.120000 0.012387 0
4804.480000 0.008276 0
4807.840000 0.010584 0
4811.200000 0.016146 0
4814.560000 -0.003512 0
4817.920000 0.007411 0
4821.280000 0.006202 0
4824.640000 0.018554 0
4828.000000 0.006938 0
4831.360000 -0.002260 0
4834.720000 -0.004159 0
4838.080000 0.005662 0
4841.440000 0.003134 0
4844.800000 0.012293 0
4848.160000 0.015703 0
4851.520000 0.009880 0
4854.880000 0.014627 0
4858.240000 0.009153 0
4861.600000 0.000497 0
4864.960000 0.005695 0
4868.320000 0.013796 0
4871.680000 0.013238 0
4875.040000 0.013512 0
4878.400000 0.007774 0
4881.760000 0.007458 0
4885.120000 0.017417 0
4888.480000 0.016660 0
4891.840000 0.021396 0
4895.200000 0.016781 0
4898.560000 0.003995 0
4901.920000 0.016211 0
4905.280000 0.007951 0
4908.640000 0.014168 0
4912.000000 0.010756 0
4915.360000 0.015659 0
4918.720000 0.013542 0
4922.080000 0.007955 0
4925.440000 0.019777 0
4928.800000 0.008992 0
4932.160000 0.014097 0
4935.520000 0.008075 0
4938.880000 0.011788 0
4942.240000 0.020960 0
4945.600000 0.008789 0
4948.960000 0.019629 0
4952.320000 0.011372 0
4955.680000 0.013970 0
4959.040000 0.002654 0
4962.400000 0.006056 0
4965.760000 0.004334 0
4969.120000 -0.002253 0
4972.480000 0.009766 0
4975.840000 0.018740 0
4979.200000 0.010856 0
4982.560000 0.014206 0
4985.920000 0.010355 0
4989.280000 0.007964 0
4992.640000 0.010573 0
4996.000000 0.006053 0
4999.360000 0.008665 0
5002.720000 0.013471 0
5006.080000 0.006228 0
5009.440000 0.010175 0
5012.800000 0.017971 0
5016.160000 0.012611 0
5019.520000 0.005471 0
5022.880000 0.018630 0
5026.240000 0.014165 0
5029.600000 0.012883 0
5032.960000 0.010839 0
5036.320000 0.006721 0
5039.680000 0.005916 0
5043.040000 0.015579 0
5046.400000 0.012662 0
5049.760000 0.008810 0
5053.120000 0.017829 0
5056.480000 0.003490 0
5059.840000 0.009051 0
5063.200000 0.007340 0
5066.560000 0.009638 0
5069.920000 0.009915 0
5073.280000 0.012167 0
5076.640000 0.007146 0
5080.000000 0.014402 0
5083.360000 0.008302 0
5086.720000 0.012807 0
5090.080000 0.009905 0
5093.440000 0.017161 0
5096.800000 0.007453 0
5100.160000 0.006973 0
5103.520000 0.012770 0
5106.880000 0.009928 0
5110.240000 0.014065 0
5113.600000 0.018926 0
5116.960000 0.013905 0
5120.320000 0.012649 0
5123.680000 0.012092 0
5127.040000 0.015232 0
5130.400000 0.011629 0
5133.760000 0.007682 0
5137.120000 0.005681 0
5140.480000 0.010206 0
5143.840000 0.008044 0
5147.200000 0.017964 0
5150.560000 0.011989 0
5153.920000 0.009997 0
5157.280000 0.014321 0
5160.640000 0.009430 0
5164.000000 0.010258 0
5167.360000 0.014652 0
5170.720000 0.006953 0
5174.080000 0.006230 0
5177.440000 0.012502 0
5180.800000 0.013003 0
5184.160000 0.009991 0
5187.520000 0.014667 0
5190.880000 0.003318 0
5194.240000 0.004876 0
5197.600000 0.008872 0
5200.960000 0.012086 0
5204.320000 0.021708 0
5207.680000 0.020271 0
5211.040000 0.015293 0
5214.400000 0.012054 0
5217.760000 0.014654 0
5221.120000 0.012664 0
5224.480000 0.008236 0
5227.840000 -0.004111 0
5231.200000 0.009006 0
5234.560000 0.014163 0
5237.920000 0.004970 0
5241.280000 0.005861 0
5244.640000 0.010330 0
5248.000000 0.001760 0
5251.360000 0.010787 0
5254.720000 0.018767 0
5258.080000 0.011978 0
5261.440000 0.003152 0
5264.800000 0.021319 0
5268.160000 0.012655 0
5271.520000 0.006618 0
5274.880000 0.012670 0
5278.240000 0.007921 0
5281.600000 0.015665 0
5284.960000 0.009783 0
5288.320000 0.009531 0
5291.680000 0.009509 0
5295.040000 0.014753 0
5298.400000 0.004727 0
5301.760000 0.018079 0
5305.120000 0.010782 0
5308.480000 0.010800 0
5311.840000 0.016496 0
5315.200000 0.007294 0
5318.560000 0.014170 0
5321.920000 0.010386 0
5325.280000 0.009386 0
5328.640000 0.015586 0
5332.000000 0.014846 0
5335.360000 0.010796 0
5338.720000 0.013089 0
5342.080000 0.035270 0
5345.440000 0.039013 0
5348.800000 0.047717 0
5352.160000 0.037924 0
5355.520000 0.023741 0
5358.880000 0.012958 0
5362.240000 0.014510 0
5365.600000 0.006540 0
5368.960000 0.018237 0
5372.320000 0.010095 0
5375.680000 0.016294 0
5379.040000 0.004636 0
5382.400000 0.014812 0
5385.760000 0.012001 0
5389.120000 0.013031 0
5392.480000 0.013372 0
5395.840000 0.016481 0
5399.200000 0.018157 0
5402.560000 0.017056 0
5405.920000 0.010283 0
5409.280000 0.010746 0
5412.640000 0.010772 0
5416.000000 0.015735 0
5419.360000 0.012530 0
5422.720000 0.017002 0
5426.080000 0.013702 0
5429.440000 0.010591 0
5432.800000 0.015981 0
5436.160000 0.009304 0
5439.520000 0.012542 0
5442.880000 0.002850 0
5446.240000 0.004289 0
5449.600000 0.007271 0
5452.960000 0.016914 0
5456.320000 0.016351 0
5459.680000 0.015546 0
5463.040000 0.019424 0
5466.400000 0.014365 0
5469.760000 0.016663 0
5473.120000 0.020550 0
5476.480000 0.014619 0
5479.840000 0.017787 0
5483.200000 0.022158 0
5486.560000 0.013352 0
5489.920000 0.016703 0
5493.280000 0.017654 0
5496.640000 0.012228 0
5500.000000 0.014693 0
5503.360000 0.009821 0
5506.720000 0.016996 0
5510.080000 0.017060 0
5513.440000 0.020095 0
5516.800000 0.017416 0
5520.160000 0.008466 0
5523.520000 0.023928 0
5526.880000 0.015607 0
5530.240000 0.019030 0
5533.600000 0.022602 0
5536.960000 0.017468 0
5540.320000 0.008935 0
5543.680000 0.026913 0
5547.040000 0.019660 0
5550.400000 0.031317 0
5553.760000 0.017899 0
5557.120000 0.017151 0
5560.480000 0.017602 0
5563.840000 0.004247 0
5567.200000 -0.004200 1
5570.560000 -0.068799 1
5573.920000 0.009981 1
5577.280000 -0.007381 1
5580.640000 0.098307 1
5584.000000 0.122943 1
5587.360000 0.015318 1
5590.720000 0.021126 1
5594.080000 0.017858 1
5597.440000 0.021048 0
5600.800000 0.012862 0
5604.160000 0.012027 0
5607.520000 0.019294 0
5610.880000 0.021447 0
5614.240000 0.015601 0
5617.600000 0.007922 0
5620.960000 0.021246 0
5624.320000 0.023547 0
5627.680000 0.008811 0
5631.040000 0.018627 0
5634.400000 0.012962 0
5637.760000 0.007849 0
5641.120000 0.008092 0
5644.480000 0.017441 0
5647.840000 0.018171 0
5651.200000 0.014045 0
5654.560000 0.011181 0
5657.920000 0.014830 0
5661.280000 0.024436 0
5664.640000 0.020611 0
5668.000000 0.014531 0
5671.360000 0.013592 0
5674.720000 0.024724 0
5678.080000 0.015781 0
5681.440000 0.004757 0
5684.800000 0.011445 0
5688.160000 0.021338 0
5691.520000 0.015224 0
5694.880000 0.002716 0
5698.240000 0.016598 0
5701.600000 0.018053 0
5704.960000 0.014289 0
5708.320000 0.004811 0
5711.680000 0.011374 0
5715.040000 0.011734 0
5718.400000 0.019636 0
5721.760000 0.012363 0
5725.120000 0.015928 0
5728.480000 0.016318 0
5731.840000 0.017367 0
5735.200000 0.011992 0
5738.560000 0.024101 0
5741.920000 0.009413 0
5745.280000 0.026583 0
5748.640000 0.024371 0
5752.000000 0.019075 0
5755.360000 0.017887 0
5758.720000 0.023087 0
5762.080000 0.022277 0
5765.440000 0.029553 0
5768.800000 0.022951 0
5772.160000 0.011109 0
5775.520000 0.018886 0
5778.880000 0.022601 0
5782.240000 0.022162 0
5785.600000 0.025597 0
5788.960000 0.014990 0
5792.320000 0.018414 0
5795.680000 0.030899 0
5799.040000 0.016469 0
5802.400000 0.019069 0
5805.760000 0.028441 0
5809.120000 0.019068 0
5812.480000 0.019813 0
5815.840000 0.026238 0
5819.200000 0.021802 0
5822.560000 0.017434 0
5825.920000 0.019839 0
5829.280000 0.017663 0
5832.640000 0.018149 0
5836.000000 0.025050 0
5839.360000 0.011827 0
5842.720000 0.017976 0
5846.080000 0.014856 0
5849.440000 0.011390 0
5852.800000 0.022413 0
5856.160000 0.019736 0
5859.520000 0.020318 0
5862.880000 0.002302 0
5866.240000 0.009917 0
5869.600000 0.017982 0
5872.960000 0.020781 0
5876.320000 0.018751 1
5879.680000 0.027627 1
5883.040000 0.009780 1
5886.400000 0.014467 1
5889.760000 0.009065 1
5893.120000 -0.003589 1
5896.480000 0.036009 1
5899.840000 0.028221 1
5903.200000 0.020108 1
5906.560000 0.022261 1
5909.920000 0.021151 1
5913.280000 0.018145 1
5916.640000 0.018461 0
5920.000000 0.030112 0
5923.360000 0.016514 0
5926.720000 0.028400 0
5930.080000 0.018072 0
5933.440000 0.015375 0
5936.800000 0.025712 0
5940.160000 0.019181 0
5943.520000 0.010261 0
5946.880000 0.026668 0
5950.240000 0.014634 0
5953.600000 0.023672 0
5956.960000 0.021326 0
5960.320000 0.011356 0
5963.680000 0.023236 0
5967.040000 0.006141 0
5970.400000 0.009593 0
5973.760000 0.022625 0
5977.120000 0.016705 0
5980.480000 0.019841 0
5983.840000 0.013737 0
5987.200000 0.023244 0
5990.560000 0.019320 0
5993.920000 0.014363 0
5997.280000 0.015375 0
6000.640000 0.017202 0
6004.000000 0.022938 0
6007.360000 0.013960 0
6010.720000 0.020141 0
6014.080000 0.027188 0
6017.440000 0.011594 0
6020.800000 0.019778 0
6024.160000 0.019039 0
6027.520000 0.016419 0
6030.880000 0.021875 0
6034.240000 0.025868 0
6037.600000 0.034217 0
6040.960000 0.022594 0
6044.320000 0.019242 0
6047.680000 0.012193 0
6051.040000 0.018899 0
6054.400000 0.023419 0
6057.760000 0.016088 0
6061.120000 0.030346 0
6064.480000 0.025591 0
6067.840000 0.016546 0
6071.200000 0.012808 0
6074.560000 0.021391 0
6077.920000 0.013987 0
6081.280000 0.021006 0
6084.640000 0.015720 0
6088.000000 0.014638 0
6091.360000 0.011646 0
6094.720000 0.021363 0
6098.080000 0.022494 0
6101.440000 0.008990 0
6104.800000 0.007012 0
6108.160000 0.017736 0
6111.520000 0.018744 0
6114.880000 0.012526 0
6118.240000 0.024119 0
6121.600000 0.015446 0
6124.960000 0.018010 0
6128.320000 0.016411 0
6131.680000 0.020631 0
6135.040000 0.016977 0
6138.400000 0.018856 0
6141.760000 0.020099 0
6145.120000 0.023166 0
6148.480000 0.024993 0
6151.840000 0.014560 0
6155.200000 0.014288 0
6158.560000 0.016617 0
6161.920000 0.022111 0
6165.280000 0.014576 0
6168.640000 0.020541 0
6172.000000 0.012102 0
6175.360000 0.011551 0
6178.720000 0.010770 0
6182.080000 0.019805 0
6185.440000 0.017764 0
6188.800000 0.014316 0
6192.160000 0.011428 0
6195.520000 0.019650 0
6198.880000 0.022634 0
6202.240000 0.015851 0
6205.600000 0.020486 0
6208.960000 0.024557 0
6212.320000 0.026638 0
6215.680000 0.024314 0
6219.040000 0.011973 0
6222.400000 0.009728 0
6225.760000 0.017084 0
6229.120000 0.021878 0
6232.480000 0.025135 0
6235.840000 0.017755 0
6239.200000 0.007603 0
6242.560000 0.015492 0
6245.920000 0.011321 0
6249.280000 0.008777 0
6252.640000 0.011599 0
6256.000000 0.028089 0
6259.360000 0.015943 0
6262.720000 0.020719 0
6266.080000 0.027444 0
6269.440000 0.018936 0
6272.800000 0.013824 0
6276.160000 0.017173 0
6279.520000 0.022141 0
6282.880000 0.022745 0
6286.240000 0.016249 0
6289.600000 0.016095 0
6292.960000 0.009869 0
6296.320000 -0.000255 0
6299.680000 0.015247 0
6303.040000 0.020821 0
6306.400000 0.011583 0
6309.760000 0.020294 0
6313.120000 0.009540 0
6316.480000 0.012405 0
6319.840000 0.018612 0
6323.200000 0.026632 0
6326.560000 0.020381 0
6329.920000 0.017744 0
6333.280000 0.022152 0
6336.640000 0.015711 0
6340.000000 0.016692 0
6343.360000 0.024974 0
6346.720000 0.023650 0
6350.080000 0.016516 0
6353.440000 0.014572 0
6356.800000 0.017696 0
6360.160000 0.019385 0
6363.520000 0.019946 0
6366.880000 0.015688 0
6370.240000 0.005339 0
6373.600000 0.017371 0
6376.960000 0.019333 0
6380.320000 0.029914 0
6383.680000 0.024104 0
6387.040000 0.022446 0
6390.400000 0.025681 0
6393.760000 0.009886 0
6397.120000 0.012792 0
6400.480000 0.013387 0
6403.840000 0.018194 0
6407.200000 0.023767 0
6410.560000 0.019691 0
6413.920000 0.022968 0
6417.280000 0.010136 0
6420.640000 0.011155 0
6424.000000 0.013809 0
6427.360000 0.024280 0
6430.720000 0.019292 0
6434.080000 0.015139 0
6437.440000 0.025578 0
6440.800000 0.019974 0
6444.160000 0.020362 0
6447.520000 0.014171 0
6450.880000 0.019898 0
6454.240000 0.019242 0
6457.600000 0.022359 0
6460.960000 0.018683 0
6464.320000 0.006975 0
6467.680000 0.008417 0
6471.040000 0.014065 0
6474.400000 0.015430 0
6477.760000 0.008265 0
6481.120000 0.018198 0
6484.480000 0.020456 0
6487.840000 0.019621 0
6491.200000 0.024267 0
6494.560000 0.015052 0
6497.920000 0.010338 0
6501.280000 0.013704 0
6504.640000 0.006161 0
6508.000000 0.022817 0
6511.360000 0.013975 0
6514.720000 0.016409 0
6518.080000 0.031559 0
6521.440000 0.021734 0
6524.800000 0.018853 0
6528.160000 0.016421 0
6531.520000 0.017721 0
6534.880000 0.023647 0
6538.240000 0.018095 0
6541.600000 0.026352 0
6544.960000 0.023596 0
6548.320000 0.027728 0
6551.680000 0.030007 0
6555.040000 0.023041 0
6558.400000 0.019812 0
6561.760000 0.025273 0
6565.120000 0.021741 0
6568.480000 0.016691 0
6571.840000 0.013512 0
6575.200000 0.019817 0
6578.560000 0.022916 0
6581.920000 0.017996 0
6585.280000 0.024370 0
6588.640000 0.016709 0
6592.000000 0.015430 0
6595.360000 0.015738 0
6598.720000 0.018473 0
6602.080000 0.025200 0
6605.440000 0.013436 0
6608.800000 0.014013 0
6612.160000 0.019319 0
6615.520000 0.022236 0
6618.880000 0.022924 0
6622.240000 0.019299 0
6625.600000 0.029112 0
6628.960000 0.018651 0
6632.320000 0.023765 0
6635.680000 0.019084 0
6639.040000 0.021379 0
6642.400000 0.023141 0
6645.760000 0.016674 0
6649.120000 0.019750 0
6652.480000 0.018262 0
6655.840000 0.017663 0
6659.200000 0.019864 0
6662.560000 0.021268 0
6665.920000 0.024191 0
6669.280000 0.022387 0
6672.640000 0.024357 0
6676.000000 0.021629 0
6679.360000 0.021861 0
6682.720000 0.015962 0
6686.080000 0.019726 0
6689.440000 0.023787 0
6692.800000 0.013486 0
6696.160000 0.019541 0
6699.520000 0.025618 0
6702.880000 0.022205 0
6706.240000 0.021572 0
6709.600000 0.008879 0
6712.960000 0.016000 0
6716.320000 0.021877 0
6719.680000 0.024348 0
6723.040000 0.022820 0
6726.400000 0.021490 0
6729.760000 0.015808 0
6733.120000 0.016501 0
6736.480000 0.026416 0
6739.840000 0.019968 0
6743.200000 0.016325 0
6746.560000 0.025429 0
6749.920000 0.017376 0
6753.280000 0.015429 0
6756.640000 0.019749 0
6760.000000 0.019872 0
6763.360000 0.022612 0
6766.720000 0.015957 0
6770.080000 0.025759 0
6773.440000 0.020263 0
6776.800000 0.015850 0
6780.160000 0.021392 0
6783.520000 0.016821 0
6786.880000 0.017746 0
6790.240000 0.018396 0
6793.600000 0.012664 0
6796.960000 0.017935 0
6800.320000 0.030994 0
6803.680000 0.021114 0
6807.040000 0.020532 0
6810.400000 0.022929 0
6813.760000 0.025640 0
6817.120000 0.014353 0
6820.480000 0.028231 0
6823.840000 0.028593 0
6827.200000 0.029661 0
6830.560000 0.018736 0
6833.920000 0.037817 0
6837.280000 -0.003695 0
6840.640000 0.001996 0
6844.000000 0.012915 0
6847.360000 0.006130 0
6850.720000 0.013597 0
6854.080000 0.021597 0
6857.440000 0.030138 0
6860.800000 0.024950 0
6864.160000 0.019513 0
6867.520000 0.001849 0
6870.880000 0.007128 0
6874.240000 0.007995 0
6877.600000 0.015949 0
6880.960000 0.021083 0
6884.320000 0.015604 0
6887.680000 0.011982 0
6891.040000 0.023480 0
6894.400000 0.018921 0
6897.760000 0.016875 0
6901.120000 0.013415 0
6904.480000 0.028502 0
6907.840000 0.020141 0
6911.200000 0.017848 0
6914.560000 0.032557 0
6917.920000 0.013931 0
6921.280000 0.014819 0
6924.640000 0.022960 0
6928.000000 0.004334 0
6931.360000 0.006824 0
6934.720000 0.014912 0
6938.080000 0.030797 0
6941.440000 0.022939 0
6944.800000 0.026358 0
6948.160000 0.019334 0
6951.520000 0.021526 0
6954.880000 0.008286 0
6958.240000 0.018385 0
6961.600000 0.013294 0
6964.960000 0.024621 0
6968.320000 0.025122 0
6971.680000 0.039073 0
6975.040000 0.031138 0
6978.400000 0.020736 0
6981.760000 0.026422 0
6985.120000 0.016135 0
6988.480000 0.011680 0
6991.840000 0.014477 0
6995.200000 0.011660 0
6998.560000 0.024006 0
7001.920000 0.024154 0
7005.280000 0.024554 0
7008.640000 0.018404 0
7012.000000 0.020762 0
7015.360000 0.011977 0
7018.720000 0.007782 0
7022.080000 0.020137 0
7025.440000 0.008593 0
7028.800000 0.026822 0
7032.160000 0.017852 0
7035.520000 0.024455 0
7038.880000 0.023008 0
7042.240000 0.019528 0
7045.600000 0.020491 0
7048.960000 0.013323 0
7052.320000 0.015125 0
7055.680000 0.025084 0
7059.040000 0.020502 0
7062.400000 0.025612 0
7065.760000 0.020051 0
7069.120000 0.014616 0
7072.480000 0.022537 0
7075.840000 0.012518 0
7079.200000 0.016022 0
7082.560000 0.020378 0
7085.920000 0.021200 0
7089.280000 0.017531 0
7092.640000 0.019389 0
7096.000000 0.013808 0
7099.360000 0.022390 0
7102.720000 0.017551 0
7106.080000 0.010266 0
7109.440000 0.017528 0
7112.800000 0.018079 0
7116.160000 0.025336 0
7119.520000 0.022877 0
7122.880000 0.022316 0
7126.240000 0.020255 0
7129.600000 0.012821 0
7132.960000 0.009336 0
7136.320000 0.019163 0
7139.680000 0.023311 0
7143.040000 0.023316 0
7146.400000 0.020865 0
7149.760000 0.023945 0
7153.120000 0.024913 0
7156.480000 0.023130 0
7159.840000 0.014376 0
7163.200000 0.018544 0
7166.560000 0.023820 0
7169.920000 0.018520 0
7173.280000 0.015081 0
7176.640000 0.027073 0
7180.000000 0.027415 0
7183.360000 0.030803 0
7186.720000 0.025300 0
7190.080000 0.021609 0
7193.440000 0.017905 0
7196.800000 0.021258 0
7200.160000 0.022041 0
7203.520000 0.014271 0
7206.880000 0.018856 0
7210.240000 0.020553 0
7213.600000 0.021234 0
7216.960000 0.022474 1
7220.320000 0.026114 1
7223.680000 0.028123 1
7227.040000 0.015137 1
7230.400000 0.036729 1
7233.760000 0.063782 1
7237.120000 0.077589 1
7240.480000 0.046283 1
7243.840000 0.001677 1
7247.200000 -0.006271 1
7250.560000 -0.027586 1
7253.920000 -0.003218 1
7257.280000 0.003032 1
7260.640000 0.002522 1
7264.000000 0.017420 1
7267.360000 0.043562 1
7270.720000 0.041603 1
7274.080000 0.057299 1
7277.440000 0.038163 1
7280.800000 -0.022422 1
7284.160000 0.012405 1
7287.520000 -0.006736 1
7290.880000 0.003808 1
7294.240000 0.023650 1
7297.600000 0.028576 1
7300.960000 0.015220 1
7304.320000 0.017153 1
7307.680000 0.048036 1
7311.040000 0.048149 1
7314.400000 0.030384 1
7317.760000 0.022435 1
7321.120000 -0.009881 1
7324.480000 -0.003986 1
7327.840000 0.002601 1
7331.200000 0.034696 1
7334.560000 0.041185 1
7337.920000 0.023012 1
7341.280000 0.020983 1
7344.640000 0.007729 1
7348.000000 -0.011714 1
7351.360000 0.009934 1
7354.720000 0.021574 1
7358.080000 0.010155 1
7361.440000 0.045292 1
7364.800000 0.014890 1
7368.160000 0.014196 1
7371.520000 -0.011502 1
7374.880000 -0.027916 1
7378.240000 -0.000573 1
7381.600000 0.016302 1
7384.960000 0.027747 1
7388.320000 0.019663 1
7391.680000 0.023016 1
7395.040000 0.029311 1
7398.400000 0.035536 1
7401.760000 0.017641 1
7405.120000 0.001952 1
7408.480000 0.016603 1
7411.840000 0.019761 1
7415.200000 0.018900 1
7418.560000 0.022600 1
7421.920000 0.022610 1
7425.280000 0.024705 1
7428.640000 0.021832 1
7432.000000 0.032643 1
7435.360000 0.009517 1
7438.720000 0.024568 1
7442.080000 0.001305 1
7445.440000 -0.001381 1
7448.800000 0.018788 1
7452.160000 0.016763 1
7455.520000 0.019087 1
7458.880000 0.032766 1
7462.240000 0.028421 1
7465.600000 0.034905 1
7468.960000 0.026569 1
7472.320000 0.041317 1
7475.680000 0.036630 1
7479.040000 0.029771 1
7482.400000 0.016600 1
7485.760000 0.004797 1
7489.120000 0.012509 1
7492.480000 0.025122 1
7495.840000 0.022142 1
7499.200000 0.018598 1
7502.560000 0.018604 1
7505.920000 0.016673 1
7509.280000 0.022901 1
7512.640000 0.028374 1
7516.000000 0.042931 1
7519.360000 0.039520 1
7522.720000 0.023678 1
7526.080000 0.021025 1
7529.440000 -0.013735 1
7532.800000 0.015579 1
7536.160000 0.017450 1
7539.520000 0.022406 1
7542.880000 0.028957 1
7546.240000 0.016387 1
7549.600000 0.015018 1
7552.960000 0.021785 1
7556.320000 0.018463 1
7559.680000 0.005444 1
7563.040000 0.025708 1
7566.400000 0.022880 1
7569.760000 0.012436 1
7573.120000 0.025643 1
7576.480000 0.013486 1
7579.840000 0.022480 1
7583.200000 0.014460 1
7586.560000 0.011548 1
7589.920000 0.024263 1
7593.280000 0.018707 1
7596.640000 0.008831 1
7600.000000 0.008499 1
7603.360000 0.016622 1
7606.720000 0.003776 1
7610.080000 0.033263 1
7613.440000 0.047822 1
7616.800000 0.032683 1
7620.160000 0.019994 1
7623.520000 0.009576 1
7626.880000 0.005815 1
7630.240000 0.005610 1
7633.600000 0.003284 1
7636.960000 0.015197 1
7640.320000 0.016122 1
7643.680000 0.024753 1
7647.040000 0.031298 1
7650.400000 0.025142 1
7653.760000 0.023573 1
7657.120000 0.022073 1
7660.480000 0.032408 1
7663.840000 0.019025 1
7667.200000 0.021248 1
7670.560000 0.009660 1
7673.920000 0.022544 1
7677.280000 0.014834 1
7680.640000 0.023235 1
7684.000000 0.023862 1
7687.360000 0.027315 1
7690.720000 0.033150 1
7694.080000 0.019809 1
7697.440000 0.015229 1
7700.800000 0.017696 1
7704.160000 0.020615 1
7707.520000 0.068688 1
7710.880000 0.077513 1
7714.240000 0.037756 1
7717.600000 0.014067 1
7720.960000 -0.006740 1
7724.320000 -0.004510 1
7727.680000 0.021468 1
7731.040000 0.013070 1
7734.400000 0.016718 1
7737.760000 0.015456 1
7741.120000 0.037151 1
7744.480000 0.069697 1
7747.840000 0.005032 1
7751.200000 0.026034 1
7754.560000 0.010187 1
7757.920000 -0.032325 1
7761.280000 0.013812 1
7764.640000 0.009034 1
7768.000000 0.028915 1
7771.360000 0.034009 1
7774.720000 0.018780 1
7778.080000 0.017215 1
7781.440000 0.019743 1
7784.800000 0.016634 1
7788.160000 0.032072 1
7791.520000 0.024221 1
7794.880000 0.024840 1
7798.240000 0.026958 1
7801.600000 0.009101 1
7804.960000 0.024852 1
7808.320000 0.027369 1
7811.680000 0.019798 1
7815.040000 0.042454 1
7818.400000 0.032798 1
7821.760000 0.022763 1
7825.120000 0.014616 1
7828.480000 -0.003984 1
7831.840000 0.018818 1
7835.200000 0.019392 1
7838.560000 0.036722 1
7841.920000 0.038299 1
7845.280000 0.044428 1
7848.640000 0.044244 1
7852.000000 0.057615 1
7855.360000 0.014580 1
7858.720000 -0.019365 1
7862.080000 0.021675 1
7865.440000 0.029952 1
7868.800000 0.004631 1
7872.160000 -0.005836 1
7875.520000 -0.006930 1
7878.880000 0.016008 1
7882.240000 0.006165 1
7885.600000 0.009856 1
7888.960000 0.020917 1
7892.320000 0.035490 1
7895.680000 0.018812 1
7899.040000 0.031153 1
7902.400000 0.032048 1
7905.760000 0.041933 1
7909.120000 0.038379 1
7912.480000 0.022667 1
7915.840000 0.037550 1
7919.200000 0.013453 1
7922.560000 0.012725 1
7925.920000 0.008185 1
7929.280000 0.010011 1
7932.640000 0.015450 1
7936.000000 0.012257 1
7939.360000 0.021115 1
7942.720000 0.024280 1
7946.080000 0.013870 1
7949.440000 0.014204 1
7952.800000 0.011858 1
7956.160000 0.037817 1
7959.520000 0.033824 1
7962.880000 0.018693 1
7966.240000 0.041089 1
7969.600000 0.003667 1
7972.960000 0.023713 1
7976.320000 0.040061 1
7979.680000 0.024976 1
7983.040000 0.003579 1
7986.400000 0.021311 1
7989.760000 0.005643 1
7993.120000 0.017692 1
7996.480000 0.006000 1
7999.840000 0.007725 1
8003.200000 0.009946 1
8006.560000 0.028490 1
8009.920000 0.017562 1
8013.280000 0.030238 1
8016.640000 0.034062 1
8020.000000 0.023798 1
8023.360000 0.005012 1
8026.720000 0.016075 1
8030.080000 0.031784 1
8033.440000 0.015539 1
8036.800000 0.031152 1
8040.160000 0.009948 1
8043.520000 0.017318 1
8046.880000 0.019827 1
8050.240000 0.019342 1
8053.600000 0.015134 1
8056.960000 0.021525 1
8060.320000 0.009051 1
8063.680000 0.003564 1
8067.040000 0.017422 1
8070.400000 0.014198 1
8073.760000 0.019390 1
8077.120000 0.029382 1
8080.480000 0.022761 1
8083.840000 0.017816 1
8087.200000 0.010600 1
8090.560000 0.027647 1
8093.920000 0.024218 1
8097.280000 0.018017 1
8100.640000 0.022238 1
8104.000000 0.027428 1
8107.360000 0.021609 1
8110.720000 0.021514 1
8114.080000 0.019860 1
8117.440000 0.023144 1
8120.800000 0.026558 1
8124.160000 0.017250 1
8127.520000 0.019593 1
8130.880000 0.016806 1
8134.240000 0.028110 1
8137.600000 0.020419 1
8140.960000 0.014216 1
8144.320000 0.011565 1
8147.680000 0.012019 1
8151.040000 0.021325 1
8154.400000 0.025881 1
8157.760000 0.018838 1
8161.120000 0.020346 1
8164.480000 0.024751 1
8167.840000 0.021697 1
8171.200000 0.013116 1
8174.560000 0.016722 1
8177.920000 0.019771 1
8181.280000 0.022902 1
8184.640000 0.024051 1
8188.000000 0.012936 1
8191.360000 0.019373 1
8194.720000 0.022723 1
8198.080000 0.024511 1
8201.440000 0.009605 1
8204.800000 0.010832 1
8208.160000 0.020596 1
8211.520000 0.015869 1
8214.880000 0.018947 1
8218.240000 0.011600 1
8221.600000 0.021986 1
8224.960000 0.004683 1
8228.320000 0.013454 1
8231.680000 0.017404 1
8235.040000 0.020906 1
8238.400000 0.020234 1
8241.760000 0.017893 1
8245.120000 0.016048 1
8248.480000 0.021917 1
8251.840000 0.021505 1
8255.200000 0.011568 1
8258.560000 0.014614 1
8261.920000 0.022969 1
8265.280000 0.025365 1
8268.640000 0.015677 1
8272.000000 0.008782 1
8275.360000 0.021195 1
8278.720000 0.042605 1
8282.080000 -0.009429 1
8285.440000 0.005852 1
8288.800000 0.016142 1
8292.160000 0.025761 1
8295.520000 0.013050 1
8298.880000 0.030506 1
8302.240000 0.024208 1
8305.600000 0.026564 1
8308.960000 0.014465 1
8312.320000 0.041044 1
8315.680000 0.034231 1
8319.040000 0.020135 1
8322.400000 0.021840 1
8325.760000 0.020051 1
8329.120000 0.022976 1
8332.480000 0.017970 1
8335.840000 0.001554 1
8339.200000 -0.035938 1
8342.560000 0.008913 1
8345.920000 0.024977 1
8349.280000 0.024767 1
8352.640000 0.031497 1
8356.000000 0.038089 1
8359.360000 0.011052 1
8362.720000 0.004117 1
8366.080000 0.033439 1
8369.440000 0.018723 1
8372.800000 0.015888 1
8376.160000 0.022572 1
8379.520000 0.013321 1
8382.880000 0.018421 1
8386.240000 0.038737 1
8389.600000 0.032226 1
8392.960000 -0.000374 1
8396.320000 0.001547 1
8399.680000 0.041304 1
8403.040000 0.042029 1
8406.400000 0.052771 1
8409.760000 0.027703 1
8413.120000 0.053395 1
8416.480000 0.031336 1
8419.840000 0.025831 1
8423.200000 -0.026557 1
8426.560000 0.018692 1
8429.920000 0.038513 1
8433.280000 0.015390 1
8436.640000 0.059249 1
8440.000000 0.025581 1
8443.360000 0.010350 1
8446.720000 0.019334 1
8450.080000 0.011268 1
8453.440000 0.031710 1
8456.800000 -0.000667 1
8460.160000 0.014902 1
8463.520000 0.035421 1
8466.880000 0.028424 1
8470.240000 0.049837 1
8473.600000 0.034469 1
8476.960000 0.015471 1
8480.320000 0.017793 1
8483.680000 0.015916 1
8487.040000 -0.000290 1
8490.400000 0.024937 1
8493.760000 0.018801 1
8497.120000 0.028621 1
8500.480000 0.029495 1
8503.840000 0.010331 1
8507.200000 0.034810 1
8510.560000 0.034594 1
8513.920000 0.011774 1
8517.280000 0.014590 1
8520.640000 0.024217 1
8524.000000 0.019956 1
8527.360000 0.017616 1
8530.720000 0.019396 1
8534.080000 0.023638 1
8537.440000 0.015638 1
8540.800000 0.030002 1
8544.160000 0.023713 1
8547.520000 0.021992 1
8550.880000 0.044605 1
8554.240000 0.032051 1
8557.600000 0.021994 1
8560.960000 0.026403 1
8564.320000 0.022101 1
8567.680000 0.011889 1
8571.040000 0.021379 1
8574.400000 0.017755 1
8577.760000 0.002699 1
8581.120000 0.021920 1
8584.480000 0.024294 1
8587.840000 0.023032 1
8591.200000 0.010967 1
8594.560000 0.020337 1
8597.920000 0.024539 1
8601.280000 0.016913 1
8604.640000 0.017557 1
8608.000000 0.013385 1
8611.360000 0.019963 1
8614.720000 0.047433 1
8618.080000 0.035792 1
8621.440000 0.051783 1
8624.800000 0.042931 1
8628.160000 0.039628 1
8631.520000 0.057258 1
8634.880000 0.052427 1
8638.240000 0.049314 1
8641.600000 0.051911 1
8644.960000 0.050865 1
8648.320000 0.019907 1
8651.680000 0.065324 1
8655.040000 0.054928 1
8658.400000 0.032587 1
8661.760000 0.043765 1
8665.120000 0.050477 1
8668.480000 0.057039 1
8671.840000 0.052327 1
8675.200000 0.024902 1
8678.560000 0.036148 1
8681.920000 0.040973 1
8685.280000 0.035164 1
8688.640000 0.025035 1
8692.000000 0.026089 1
8695.360000 0.020042 1
8698.720000 0.025349 1
8702.080000 0.028745 1
8705.440000 0.033165 1
8708.800000 0.031957 1
8712.160000 0.028371 1
8715.520000 0.023069 1
8718.880000 0.017144 1
8722.240000 0.022014 1
8725.600000 0.022782 1
8728.960000 0.022578 1
8732.320000 0.016227 1
8735.680000 0.025449 1
8739.040000 0.018837 1
8742.400000 0.012064 1
8745.760000 0.015769 1
8749.120000 0.020948 1
8752.480000 0.050048 1
8755.840000 0.018151 1
8759.200000 0.036309 1
8762.560000 0.094957 1
8765.920000 0.061482 1
8769.280000 0.086986 1
8772.640000 0.096962 1
8776.000000 0.074925 1
8779.360000 0.063696 1
8782.720000 0.047818 1
8786.080000 0.045086 1
8789.440000 0.031556 1
8792.800000 0.025159 1
8796.160000 0.025539 1
8799.520000 0.014707 1
8802.880000 0.022364 1
8806.240000 0.022865 1
8809.600000 0.034593 1
8812.960000 0.028827 1
8816.320000 0.051567 1
8819.680000 0.083967 1
8823.040000 0.091166 1
8826.400000 0.127555 1
8829.760000 0.093898 1
8833.120000 0.070118 1
8836.480000 0.046301 1
8839.840000 0.039556 1
8843.200000 0.029416 1
8846.560000 0.021476 1
8849.920000 0.021586 1
8853.280000 0.019450 1
8856.640000 0.032014 1
8860.000000 0.032885 1
8863.360000 0.033936 1
8866.720000 0.046102 1
8870.080000 0.022130 1
8873.440000 0.038642 1
8876.800000 0.060093 1
8880.160000 0.074182 1
8883.520000 0.074418 1
8886.880000 0.038605 1
8890.240000 0.032970 1
8893.600000 0.039225 1
8896.960000 0.028966 1
8900.320000 0.023549 1
8903.680000 0.016786 1
8907.040000 0.041314 1
8910.400000 0.056124 1
8913.760000 0.059516 1
8917.120000 0.065828 1
8920.480000 0.022256 1
8923.840000 0.003458 1
8927.200000 0.016630 1
8930.560000 0.021851 1
8933.920000 0.014994 1
8937.280000 0.019403 1
8940.640000 0.012842 1
8944.000000 0.014203 1
8947.360000 0.025847 1
8950.720000 0.026881 1
8954.080000 0.028327 1
8957.440000 0.021343 1
8960.800000 0.008341 1
8964.160000 0.002153 1
8967.520000 -0.001681 1
8970.880000 0.001738 1
8974.240000 0.001235 1
8977.600000 -0.001190 1
8980.960000 -0.002340 1
8984.320000 0.001923 1
8987.680000 0.002951 1
8991.040000 -0.000374 1
8994.400000 0.001940 1
8997.760000 0.002710 1
9001.120000 -0.000254 1
9004.480000 -0.002843 1
9007.840000 -0.003251 1
9011.200000 -0.000874 1
9014.560000 0.002041 1
9017.920000 0.000330 1
9021.280000 -0.005010 1
9024.640000 -0.002718 1
9028.000000 0.004442 1
9031.360000 -0.002918 1
9034.720000 -0.001539 1
9038.080000 -0.002781 1
9041.440000 -0.000325 1
9044.800000 -0.001847 1
9048.160000 -0.003931 1
9051.520000 0.000000 1
9054.880000 0.000000 1
9058.240000 0.000000 1
9061.600000 0.000000 1
9064.960000 0.000000 1
9068.320000 0.000000 1
9071.680000 0.000000 1
9075.040000 0.000000 1
9078.400000 0.000000 1
9081.760000 0.000000 1
9085.120000 0.000000 1
9088.480000 0.000000 1
9091.840000 0.000000 1
9095.200000 0.000000 1
9098.560000 0.000000 1
9101.920000 0.000000 1
9105.280000 0.000000 1
9108.640000 0.000000 1
9112.000000 0.000000 1
9115.360000 0.000000 1
9118.720000 0.000000 1
9122.080000 0.000000 1
9125.440000 0.000000 1
9128.800000 0.000000 1
9132.160000 0.000000 1
9135.520000 0.000000 1
9138.880000 0.000000 1
9142.240000 0.000000 1
9145.600000 0.000000 1
9148.960000 0.000000 1
9152.320000 0.000000 1
9155.680000 0.000000 1
9159.040000 0.000000 1
9162.400000 0.000000 1
9165.760000 0.000000 1
9169.120000 0.000000 1
9172.480000 0.000000 1
9175.840000 0.000000 1
9179.200000 0.000000 1
9182.560000 0.000000 1
9185.920000 0.000000 1
9189.280000 0.000000 1
9192.640000 0.000000 1
9196.000000 0.000000 1
9199.360000 0.000000 1
9202.720000 0.000000 1
9206.080000 0.000000 1
9209.440000 0.000000 1
9212.800000 0.000000 1
9216.160000 0.000000 1
9219.520000 0.000000 1
9222.880000 0.000000 1
9226.240000 0.000000 1
9229.600000 0.000000 1
9232.960000 0.000000 1
9236.320000 0.000000 1
9239.680000 0.000000 1
9243.040000 0.000000 1
9246.400000 0.000000 1
9249.760000 0.000000 1
