# obs: 255730-33
# slit: 36d
# z: 0.77903
# lines: MgII,[OII],K,H
# spec: 545
4451.680000 0.000000 1
4455.040000 0.000000 1
4458.400000 0.000000 1
4461.760000 0.000000 1
4465.120000 0.000000 1
4468.480000 0.000000 1
4471.840000 -0.060421 1
4475.200000 -0.086615 1
4478.560000 -0.088484 1
4481.920000 -0.092675 1
4485.280000 -0.042520 1
4488.640000 0.032183 1
4492.000000 0.034416 1
4495.360000 0.018606 1
4498.720000 0.025102 1
4502.080000 0.020905 0
4505.440000 0.030909 0
4508.800000 0.028005 0
4512.160000 0.037416 0
4515.520000 0.034983 0
4518.880000 0.029821 0
4522.240000 0.035416 0
4525.600000 0.023488 0
4528.960000 0.019530 0
4532.320000 0.018918 0
4535.680000 0.023272 0
4539.040000 0.034769 0
4542.400000 0.022446 0
4545.760000 0.046879 0
4549.120000 0.037205 0
4552.480000 0.028187 0
4555.840000 0.035218 0
4559.200000 0.040495 0
4562.560000 0.039314 0
4565.920000 0.035954 0
4569.280000 0.027017 0
4572.640000 0.014931 0
4576.000000 0.024949 0
4579.360000 0.025275 0
4582.720000 0.031208 0
4586.080000 0.032509 0
4589.440000 0.030676 0
4592.800000 0.027241 0
4596.160000 0.037751 0
4599.520000 0.025506 0
4602.880000 0.027859 0
4606.240000 0.032864 0
4609.600000 0.030827 0
4612.960000 0.022331 0
4616.320000 0.020143 0
4619.680000 0.024659 0
4623.040000 0.031234 0
4626.400000 0.026745 0
4629.760000 0.025630 0
4633.120000 0.033578 0
4636.480000 0.033177 0
4639.840000 0.024098 0
4643.200000 0.017010 0
4646.560000 0.028875 0
4649.920000 0.017591 0
4653.280000 0.017547 0
4656.640000 0.025088 0
4660.000000 0.034481 0
4663.360000 0.030810 0
4666.720000 0.026931 0
4670.080000 0.031161 0
4673.440000 0.029998 0
4676.800000 0.022730 0
4680.160000 0.025583 0
4683.520000 0.028404 0
4686.880000 0.028702 0
4690.240000 0.033780 0
4693.600000 0.036274 0
4696.960000 0.034812 0
4700.320000 0.028727 0
4703.680000 0.019429 0
4707.040000 0.018342 0
4710.400000 0.028953 0
4713.760000 0.030087 0
4717.120000 0.027221 0
4720.480000 0.025946 0
4723.840000 0.023142 0
4727.200000 0.024118 0
4730.560000 0.032520 0
4733.920000 0.029861 0
4737.280000 0.026408 0
4740.640000 0.019456 0
4744.000000 0.029994 0
4747.360000 0.026254 0
4750.720000 0.032124 0
4754.080000 0.025332 0
4757.440000 0.024125 0
4760.800000 0.035572 0
4764.160000 0.028620 0
4767.520000 0.027403 0
4770.880000 0.027428 0
4774.240000 0.031549 0
4777.600000 0.033114 0
4780.960000 0.038564 0
4784.320000 0.031053 0
4787.680000 0.026910 0
4791.040000 0.027359 0
4794.400000 0.030785 0
4797.760000 0.028025 0
4801.120000 0.026877 0
4804.480000 0.028223 0
4807.840000 0.027269 0
4811.200000 0.022566 0
4814.560000 0.026721 0
4817.920000 0.026769 0
4821.280000 0.026625 0
4824.640000 0.032596 0
4828.000000 0.032258 0
4831.360000 0.025233 0
4834.720000 0.028300 0
4838.080000 0.022492 0
4841.440000 0.029208 0
4844.800000 0.033868 0
4848.160000 0.030118 0
4851.520000 0.024018 0
4854.880000 0.033899 0
4858.240000 0.029981 0
4861.600000 0.033013 0
4864.960000 0.023364 0
4868.320000 0.019445 0
4871.680000 0.026283 0
4875.040000 0.027250 0
4878.400000 0.029511 0
4881.760000 0.022220 0
4885.120000 0.029669 0
4888.480000 0.024769 0
4891.840000 0.020660 0
4895.200000 0.029336 0
4898.560000 0.032119 0
4901.920000 0.029241 0
4905.280000 0.031174 0
4908.640000 0.026992 0
4912.000000 0.033579 0
4915.360000 0.032406 0
4918.720000 0.026837 0
4922.080000 0.025145 0
4925.440000 0.034347 0
4928.800000 0.029529 0
4932.160000 0.031983 0
4935.520000 0.032666 0
4938.880000 0.028784 0
4942.240000 0.024426 0
4945.600000 0.034489 0
4948.960000 0.028305 0
4952.320000 0.026640 0
4955.680000 0.019112 0
4959.040000 0.025329 0
4962.400000 0.032451 0
4965.760000 0.032329 0
4969.120000 0.016114 0
4972.480000 0.025520 0
4975.840000 0.024979 0
4979.200000 0.020655 0
4982.560000 0.016060 0
4985.920000 0.018262 0
4989.280000 0.018565 0
4992.640000 0.029675 0
4996.000000 0.029201 0
4999.360000 0.019162 0
5002.720000 0.023512 0
5006.080000 0.027968 0
5009.440000 0.024162 0
5012.800000 0.031341 0
5016.160000 0.027622 0
5019.520000 0.027193 0
5022.880000 0.027850 0
5026.240000 0.030993 0
5029.600000 0.032042 0
5032.960000 0.026816 0
5036.320000 0.026384 0
5039.680000 0.024684 0
5043.040000 0.021372 0
5046.400000 0.021621 0
5049.760000 0.028382 0
5053.120000 0.031904 0
5056.480000 0.027273 0
5059.840000 0.026444 0
5063.200000 0.032643 0
5066.560000 0.015025 0
5069.920000 0.023759 0
5073.280000 0.027790 0
5076.640000 0.029469 0
5080.000000 0.028643 0
5083.360000 0.022916 0
5086.720000 0.027376 0
5090.080000 0.032500 0
5093.440000 0.026297 0
5096.800000 0.020819 0
5100.160000 0.030306 0
5103.520000 0.026971 0
5106.880000 0.027951 0
5110.240000 0.030565 0
5113.600000 0.018419 0
5116.960000 0.020332 0
5120.320000 0.027337 0
5123.680000 0.022269 0
5127.040000 0.027135 0
5130.400000 0.025553 0
5133.760000 0.023200 0
5137.120000 0.026758 0
5140.480000 0.027003 0
5143.840000 0.027965 0
5147.200000 0.022187 0
5150.560000 0.028334 0
5153.920000 0.024361 0
5157.280000 0.023378 0
5160.640000 0.022364 0
5164.000000 0.033647 0
5167.360000 0.031212 0
5170.720000 0.027753 0
5174.080000 0.030163 0
5177.440000 0.030632 0
5180.800000 0.028186 0
5184.160000 0.026468 0
5187.520000 0.031258 0
5190.880000 0.029266 0
5194.240000 0.031748 0
5197.600000 0.021267 0
5200.960000 0.024242 0
5204.320000 0.026928 0
5207.680000 0.013636 0
5211.040000 0.028363 0
5214.400000 0.031104 0
5217.760000 0.030087 0
5221.120000 0.026008 0
5224.480000 0.022807 0
5227.840000 0.023664 0
5231.200000 0.020775 0
5234.560000 0.030506 0
5237.920000 0.027612 0
5241.280000 0.020403 0
5244.640000 0.024555 0
5248.000000 0.024377 0
5251.360000 0.035137 0
5254.720000 0.027589 0
5258.080000 0.025038 0
5261.440000 0.025488 0
5264.800000 0.025773 0
5268.160000 0.031614 0
5271.520000 0.025819 0
5274.880000 0.031151 0
5278.240000 0.028811 0
5281.600000 0.031067 0
5284.960000 0.029935 0
5288.320000 0.028412 0
5291.680000 0.028602 0
5295.040000 0.036953 0
5298.400000 0.025733 0
5301.760000 0.019576 0
5305.120000 0.025428 0
5308.480000 0.020984 0
5311.840000 0.023474 0
5315.200000 0.028451 0
5318.560000 0.024029 0
5321.920000 0.021177 0
5325.280000 0.033420 0
5328.640000 0.024967 0
5332.000000 0.031444 0
5335.360000 0.027087 0
5338.720000 0.013681 0
5342.080000 0.030983 0
5345.440000 0.031734 0
5348.800000 0.012077 0
5352.160000 0.015458 0
5355.520000 0.035832 0
5358.880000 0.021272 0
5362.240000 0.025001 0
5365.600000 0.030409 0
5368.960000 0.030193 0
5372.320000 0.020902 0
5375.680000 0.026275 0
5379.040000 0.024727 0
5382.400000 0.026808 0
5385.760000 0.031549 0
5389.120000 0.032054 0
5392.480000 0.031204 0
5395.840000 0.023098 0
5399.200000 0.023249 0
5402.560000 0.020494 0
5405.920000 0.026975 0
5409.280000 0.026163 0
5412.640000 0.027670 0
5416.000000 0.023361 0
5419.360000 0.026361 0
5422.720000 0.031366 0
5426.080000 0.021663 0
5429.440000 0.022811 0
5432.800000 0.028770 0
5436.160000 0.025642 0
5439.520000 0.027264 0
5442.880000 0.025882 0
5446.240000 0.016817 0
5449.600000 0.026833 0
5452.960000 0.025596 0
5456.320000 0.027947 0
5459.680000 0.024176 0
5463.040000 0.024813 0
5466.400000 0.027543 0
5469.760000 0.021524 0
5473.120000 0.025251 0
5476.480000 0.023243 0
5479.840000 0.029859 0
5483.200000 0.022483 0
5486.560000 0.025432 0
5489.920000 0.026704 0
5493.280000 0.031297 0
5496.640000 0.022906 0
5500.000000 0.030228 0
5503.360000 0.024235 0
5506.720000 0.023941 0
5510.080000 0.021963 0
5513.440000 0.020898 0
5516.800000 0.029978 0
5520.160000 0.028410 0
5523.520000 0.027256 0
5526.880000 0.023066 0
5530.240000 0.033808 0
5533.600000 0.020095 0
5536.960000 0.031280 0
5540.320000 0.029999 0
5543.680000 0.021595 0
5547.040000 0.024295 0
5550.400000 0.018890 0
5553.760000 0.021382 0
5557.120000 0.030546 0
5560.480000 0.029809 0
5563.840000 0.013899 0
5567.200000 0.028290 1
5570.560000 0.221595 1
5573.920000 0.336073 1
5577.280000 0.012347 1
5580.640000 0.002325 1
5584.000000 -0.320622 1
5587.360000 -0.050202 1
5590.720000 0.022980 1
5594.080000 0.027370 1
5597.440000 0.025553 1
5600.800000 0.030016 0
5604.160000 0.024955 0
5607.520000 0.030860 0
5610.880000 0.019594 0
5614.240000 0.022522 0
5617.600000 0.032034 0
5620.960000 0.032484 0
5624.320000 0.025947 0
5627.680000 0.027448 0
5631.040000 0.025303 0
5634.400000 0.025535 0
5637.760000 0.021972 0
5641.120000 0.027287 0
5644.480000 0.030077 0
5647.840000 0.030726 0
5651.200000 0.027176 0
5654.560000 0.022173 0
5657.920000 0.023764 0
5661.280000 0.020928 0
5664.640000 0.026242 0
5668.000000 0.024246 0
5671.360000 0.024948 0
5674.720000 0.030056 0
5678.080000 0.026134 0
5681.440000 0.023610 0
5684.800000 0.025210 0
5688.160000 0.027191 0
5691.520000 0.026205 0
5694.880000 0.031902 0
5698.240000 0.023216 0
5701.600000 0.023738 0
5704.960000 0.023704 0
5708.320000 0.032388 0
5711.680000 0.027226 0
5715.040000 0.040004 0
5718.400000 0.041794 0
5721.760000 0.037584 0
5725.120000 0.032527 0
5728.480000 0.028250 0
5731.840000 0.021950 0
5735.200000 0.022644 0
5738.560000 0.024991 0
5741.920000 0.023561 0
5745.280000 0.021017 0
5748.640000 0.021281 0
5752.000000 0.022662 0
5755.360000 0.020371 0
5758.720000 0.023883 0
5762.080000 0.030813 0
5765.440000 0.026782 0
5768.800000 0.026808 0
5772.160000 0.028809 0
5775.520000 0.023870 0
5778.880000 0.020780 0
5782.240000 0.021629 0
5785.600000 0.026868 0
5788.960000 0.029159 0
5792.320000 0.025485 0
5795.680000 0.026963 0
5799.040000 0.029770 0
5802.400000 0.033294 0
5805.760000 0.033746 0
5809.120000 0.024696 0
5812.480000 0.028838 0
5815.840000 0.027212 0
5819.200000 0.019143 0
5822.560000 0.025876 0
5825.920000 0.023785 0
5829.280000 0.025144 0
5832.640000 0.017793 0
5836.000000 0.026974 0
5839.360000 0.025652 0
5842.720000 0.021654 0
5846.080000 0.022328 0
5849.440000 0.028958 0
5852.800000 0.023990 0
5856.160000 0.027099 0
5859.520000 0.032918 0
5862.880000 0.032565 0
5866.240000 0.028736 0
5869.600000 0.023976 0
5872.960000 0.023394 0
5876.320000 0.011884 0
5879.680000 0.017639 0
5883.040000 0.034936 0
5886.400000 0.033083 0
5889.760000 0.047530 0
5893.120000 0.029260 0
5896.480000 0.003725 0
5899.840000 0.028190 0
5903.200000 0.016241 0
5906.560000 0.024548 0
5909.920000 0.030233 0
5913.280000 0.027757 0
5916.640000 0.021255 0
5920.000000 0.029886 0
5923.360000 0.032757 0
5926.720000 0.027637 0
5930.080000 0.018299 0
5933.440000 0.032338 0
5936.800000 0.023509 0
5940.160000 0.014508 0
5943.520000 0.029524 0
5946.880000 0.035964 0
5950.240000 0.030887 0
5953.600000 0.017810 0
5956.960000 0.028569 0
5960.320000 0.023301 0
5963.680000 0.028613 0
5967.040000 0.025642 0
5970.400000 0.030000 0
5973.760000 0.024552 0
5977.120000 0.022124 0
5980.480000 0.025871 0
5983.840000 0.033405 0
5987.200000 0.027157 0
5990.560000 0.023177 0
5993.920000 0.026589 0
5997.280000 0.022972 0
6000.640000 0.023765 0
6004.000000 0.030487 0
6007.360000 0.020293 0
6010.720000 0.023951 0
6014.080000 0.030295 0
6017.440000 0.024702 0
6020.800000 0.030762 0
6024.160000 0.028580 0
6027.520000 0.026864 0
6030.880000 0.022239 0
6034.240000 0.023557 0
6037.600000 0.018445 0
6040.960000 0.021830 0
6044.320000 0.028229 0
6047.680000 0.018947 0
6051.040000 0.024909 0
6054.400000 0.032061 0
6057.760000 0.028731 0
6061.120000 0.024947 0
6064.480000 0.023417 0
6067.840000 0.025423 0
6071.200000 0.028896 0
6074.560000 0.024783 0
6077.920000 0.026639 0
6081.280000 0.020035 0
6084.640000 0.023651 0
6088.000000 0.028014 0
6091.360000 0.028558 0
6094.720000 0.025071 0
6098.080000 0.019855 0
6101.440000 0.024997 0
6104.800000 0.023540 0
6108.160000 0.023378 0
6111.520000 0.027967 0
6114.880000 0.026147 0
6118.240000 0.023085 0
6121.600000 0.032141 0
6124.960000 0.022417 0
6128.320000 0.018638 0
6131.680000 0.028634 0
6135.040000 0.028109 0
6138.400000 0.022017 0
6141.760000 0.023512 0
6145.120000 0.025846 0
6148.480000 0.027188 0
6151.840000 0.024196 0
6155.200000 0.023864 0
6158.560000 0.029436 0
6161.920000 0.027715 0
6165.280000 0.028783 0
6168.640000 0.021100 0
6172.000000 0.022069 0
6175.360000 0.022589 0
6178.720000 0.025739 0
6182.080000 0.019087 0
6185.440000 0.024408 0
6188.800000 0.029074 0
6192.160000 0.021159 0
6195.520000 0.028993 0
6198.880000 0.027929 0
6202.240000 0.028947 0
6205.600000 0.025984 0
6208.960000 0.032334 0
6212.320000 0.025151 0
6215.680000 0.029579 0
6219.040000 0.031010 0
6222.400000 0.028825 0
6225.760000 0.024229 0
6229.120000 0.023784 0
6232.480000 0.027705 0
6235.840000 0.026215 0
6239.200000 0.026346 0
6242.560000 0.035237 0
6245.920000 0.031056 0
6249.280000 0.030872 0
6252.640000 0.020844 0
6256.000000 0.023092 0
6259.360000 0.024439 0
6262.720000 0.036397 0
6266.080000 0.031052 0
6269.440000 0.010524 0
6272.800000 0.033745 0
6276.160000 0.027047 0
6279.520000 0.019286 0
6282.880000 0.022481 0
6286.240000 0.025725 0
6289.600000 0.015731 0
6292.960000 0.002546 1
6296.320000 -0.082167 1
6299.680000 0.037093 1
6303.040000 0.024165 1
6306.400000 0.141401 1
6309.760000 0.101189 1
6313.120000 0.017289 1
6316.480000 0.023396 1
6319.840000 0.020561 0
6323.200000 0.023105 0
6326.560000 0.030036 0
6329.920000 0.033094 0
6333.280000 0.032332 0
6336.640000 0.032221 0
6340.000000 0.027639 0
6343.360000 0.023641 0
6346.720000 0.020741 0
6350.080000 0.024421 0
6353.440000 0.014283 1
6356.800000 0.000413 1
6360.160000 -0.009127 1
6363.520000 0.040225 1
6366.880000 0.027797 1
6370.240000 0.086455 1
6373.600000 0.029102 1
6376.960000 0.025001 0
6380.320000 0.020713 0
6383.680000 0.032559 0
6387.040000 0.031603 0
6390.400000 0.022302 0
6393.760000 0.033110 0
6397.120000 0.021620 0
6400.480000 0.026190 0
6403.840000 0.027585 0
6407.200000 0.023469 0
6410.560000 0.023569 0
6413.920000 0.026380 0
6417.280000 0.018874 0
6420.640000 0.018097 0
6424.000000 0.022148 0
6427.360000 0.026342 0
6430.720000 0.028469 0
6434.080000 0.028807 0
6437.440000 0.023952 0
6440.800000 0.027634 0
6444.160000 0.021608 0
6447.520000 0.022747 0
6450.880000 0.029033 0
6454.240000 0.028321 0
6457.600000 0.028145 0
6460.960000 0.017719 0
6464.320000 0.023663 0
6467.680000 0.029024 0
6471.040000 0.028902 0
6474.400000 0.027480 0
6477.760000 0.030771 0
6481.120000 0.024012 0
6484.480000 0.025424 0
6487.840000 0.022396 0
6491.200000 0.016420 0
6494.560000 0.020749 0
6497.920000 0.022176 0
6501.280000 0.025139 0
6504.640000 0.036766 0
6508.000000 0.032270 0
6511.360000 0.020918 0
6514.720000 0.025629 0
6518.080000 0.022923 0
6521.440000 0.023399 0
6524.800000 0.026089 0
6528.160000 0.018228 0
6531.520000 0.013305 0
6534.880000 0.020744 0
6538.240000 0.029711 0
6541.600000 0.022757 0
6544.960000 0.018608 0
6548.320000 0.017394 0
6551.680000 0.024803 0
6555.040000 0.018170 0
6558.400000 0.027278 0
6561.760000 0.026621 0
6565.120000 0.025723 0
6568.480000 0.024975 0
6571.840000 0.021434 0
6575.200000 0.024213 0
6578.560000 0.024926 0
6581.920000 0.028471 0
6585.280000 0.028218 0
6588.640000 0.021566 0
6592.000000 0.021077 0
6595.360000 0.019215 0
6598.720000 0.019436 0
6602.080000 0.022460 0
6605.440000 0.029541 0
6608.800000 0.032433 0
6612.160000 0.029154 0
6615.520000 0.018947 0
6618.880000 0.029363 0
6622.240000 0.060343 0
6625.600000 0.078664 0
6628.960000 0.078899 0
6632.320000 0.068397 0
6635.680000 0.047629 0
6639.040000 0.039893 0
6642.400000 0.028136 0
6645.760000 0.021980 0
6649.120000 0.025505 0
6652.480000 0.022341 0
6655.840000 0.026452 0
6659.200000 0.032427 0
6662.560000 0.030048 0
6665.920000 0.026234 0
6669.280000 0.020350 0
6672.640000 0.027516 0
6676.000000 0.027519 0
6679.360000 0.029913 0
6682.720000 0.030263 0
6686.080000 0.026376 0
6689.440000 0.031844 0
6692.800000 0.026631 0
6696.160000 0.026147 0
6699.520000 0.029610 0
6702.880000 0.021838 0
6706.240000 0.028517 0
6709.600000 0.025652 0
6712.960000 0.033605 0
6716.320000 0.034535 0
6719.680000 0.032328 0
6723.040000 0.033682 0
6726.400000 0.036388 0
6729.760000 0.031919 0
6733.120000 0.028375 0
6736.480000 0.033121 0
6739.840000 0.035800 0
6743.200000 0.031379 0
6746.560000 0.033539 0
6749.920000 0.030751 0
6753.280000 0.022234 0
6756.640000 0.022376 0
6760.000000 0.034385 0
6763.360000 0.027206 0
6766.720000 0.035900 0
6770.080000 0.035834 0
6773.440000 0.027248 0
6776.800000 0.035011 0
6780.160000 0.036049 0
6783.520000 0.035081 0
6786.880000 0.034254 0
6790.240000 0.036558 0
6793.600000 0.030902 0
6796.960000 0.039490 0
6800.320000 0.028011 0
6803.680000 0.032747 0
6807.040000 0.035921 0
6810.400000 0.032145 0
6813.760000 0.026548 0
6817.120000 0.022361 0
6820.480000 0.024859 0
6823.840000 0.010286 0
6827.200000 0.032316 0
6830.560000 0.036984 0
6833.920000 0.040898 0
6837.280000 0.032305 0
6840.640000 0.037810 0
6844.000000 0.043872 0
6847.360000 0.039231 0
6850.720000 0.036206 0
6854.080000 0.039495 0
6857.440000 0.030453 0
6860.800000 0.033816 0
6864.160000 0.023135 0
6867.520000 0.022088 0
6870.880000 0.043110 0
6874.240000 0.029406 0
6877.600000 0.033354 0
6880.960000 0.033619 0
6884.320000 0.030315 0
6887.680000 0.033367 0
6891.040000 0.030992 0
6894.400000 0.030818 0
6897.760000 0.033886 0
6901.120000 0.033532 0
6904.480000 0.032306 0
6907.840000 0.032833 0
6911.200000 0.028806 0
6914.560000 0.026376 0
6917.920000 0.023293 0
6921.280000 0.029880 0
6924.640000 0.033840 0
6928.000000 0.029714 0
6931.360000 0.037706 0
6934.720000 0.024774 0
6938.080000 0.031102 0
6941.440000 0.035379 0
6944.800000 0.032727 0
6948.160000 0.032194 0
6951.520000 0.031843 0
6954.880000 0.050082 0
6958.240000 0.042732 0
6961.600000 0.037771 0
6964.960000 0.030697 0
6968.320000 0.039489 0
6971.680000 0.038576 0
6975.040000 0.040018 0
6978.400000 0.032221 0
6981.760000 0.033036 0
6985.120000 0.033150 0
6988.480000 0.029198 0
6991.840000 0.031216 0
6995.200000 0.028499 0
6998.560000 0.028072 0
7001.920000 0.035450 0
7005.280000 0.034696 0
7008.640000 0.031946 0
7012.000000 0.042170 0
7015.360000 0.039952 0
7018.720000 0.038443 0
7022.080000 0.033890 0
7025.440000 0.034270 0
7028.800000 0.036105 0
7032.160000 0.037975 0
7035.520000 0.042033 0
7038.880000 0.034494 0
7042.240000 0.029223 0
7045.600000 0.030722 0
7048.960000 0.020999 0
7052.320000 0.027311 0
7055.680000 0.020528 0
7059.040000 0.021981 0
7062.400000 0.025757 0
7065.760000 0.025829 0
7069.120000 0.020186 0
7072.480000 0.026131 0
7075.840000 0.031654 0
7079.200000 0.039528 0
7082.560000 0.029341 0
7085.920000 0.030835 0
7089.280000 0.036730 0
7092.640000 0.045408 0
7096.000000 0.038645 0
7099.360000 0.041544 0
7102.720000 0.035934 0
7106.080000 0.045197 0
7109.440000 0.034431 0
7112.800000 0.043985 0
7116.160000 0.039352 0
7119.520000 0.039562 0
7122.880000 0.035324 0
7126.240000 0.039118 0
7129.600000 0.035190 0
7132.960000 0.029924 0
7136.320000 0.041316 0
7139.680000 0.035348 0
7143.040000 0.036377 0
7146.400000 0.038890 0
7149.760000 0.034325 0
7153.120000 0.035691 0
7156.480000 0.035759 0
7159.840000 0.039839 0
7163.200000 0.035875 0
7166.560000 0.039548 0
7169.920000 0.034359 0
7173.280000 0.034830 0
7176.640000 0.038570 0
7180.000000 0.037032 0
7183.360000 0.042850 0
7186.720000 0.035435 0
7190.080000 0.035691 0
7193.440000 0.043903 0
7196.800000 0.044098 0
7200.160000 0.044040 0
7203.520000 0.039666 0
7206.880000 0.041255 0
7210.240000 0.036824 0
7213.600000 0.039157 0
7216.960000 0.038348 0
7220.320000 0.043042 0
7223.680000 0.040809 0
7227.040000 0.036258 0
7230.400000 0.045210 0
7233.760000 0.041234 0
7237.120000 0.050285 0
7240.480000 0.053907 0
7243.840000 0.041360 0
7247.200000 0.039905 0
7250.560000 0.036908 0
7253.920000 0.027069 0
7257.280000 0.032739 0
7260.640000 0.036891 0
7264.000000 0.031573 0
7267.360000 0.036619 0
7270.720000 0.056336 0
7274.080000 0.034838 0
7277.440000 0.043550 0
7280.800000 0.028893 0
7284.160000 0.011779 0
7287.520000 0.025398 0
7290.880000 0.017913 0
7294.240000 0.030161 0
7297.600000 0.040201 0
7300.960000 0.021263 0
7304.320000 0.028866 0
7307.680000 0.038154 0
7311.040000 0.056260 0
7314.400000 0.046993 0
7317.760000 0.049515 0
7321.120000 0.025565 0
7324.480000 0.027327 0
7327.840000 0.033883 0
7331.200000 0.039429 0
7334.560000 0.056674 0
7337.920000 0.038923 0
7341.280000 0.037313 0
7344.640000 0.028314 0
7348.000000 0.019339 0
7351.360000 0.042077 0
7354.720000 0.044742 0
7358.080000 0.042263 0
7361.440000 0.039363 0
7364.800000 0.042261 0
7368.160000 0.036823 0
7371.520000 0.034830 0
7374.880000 0.017643 0
7378.240000 0.023726 0
7381.600000 0.038195 0
7384.960000 0.039547 0
7388.320000 0.036615 0
7391.680000 0.034682 0
7395.040000 0.052037 0
7398.400000 0.044114 0
7401.760000 0.032224 0
7405.120000 0.049337 0
7408.480000 0.027579 0
7411.840000 0.037016 0
7415.200000 0.041558 0
7418.560000 0.034014 0
7421.920000 0.039681 0
7425.280000 0.039815 0
7428.640000 0.041386 0
7432.000000 0.038576 0
7435.360000 0.037431 0
7438.720000 0.037106 0
7442.080000 0.032269 0
7445.440000 0.027296 0
7448.800000 0.031267 0
7452.160000 0.040577 0
7455.520000 0.043913 0
7458.880000 0.044739 0
7462.240000 0.042693 0
7465.600000 0.043803 0
7468.960000 0.042697 0
7472.320000 0.035264 0
7475.680000 0.039655 0
7479.040000 0.045577 0
7482.400000 0.028771 0
7485.760000 0.036331 0
7489.120000 0.040455 0
7492.480000 0.040222 0
7495.840000 0.029744 0
7499.200000 0.037249 0
7502.560000 0.027842 0
7505.920000 0.029937 0
7509.280000 0.034321 0
7512.640000 0.040101 0
7516.000000 0.045261 0
7519.360000 0.050133 0
7522.720000 0.038717 0
7526.080000 0.027093 0
7529.440000 0.012500 0
7532.800000 0.025405 0
7536.160000 0.035803 0
7539.520000 0.028434 0
7542.880000 0.033214 0
7546.240000 0.037621 0
7549.600000 0.038220 0
7552.960000 0.034444 0
7556.320000 0.028316 0
7559.680000 0.034098 0
7563.040000 0.041467 0
7566.400000 0.055270 0
7569.760000 0.046234 0
7573.120000 0.040550 0
7576.480000 0.020569 0
7579.840000 0.028389 0
7583.200000 0.034563 0
7586.560000 0.039896 0
7589.920000 0.041035 0
7593.280000 0.045501 0
7596.640000 0.032807 0
7600.000000 0.024854 0
7603.360000 0.025872 0
7606.720000 0.015607 0
7610.080000 0.046919 0
7613.440000 0.044406 0
7616.800000 0.039558 0
7620.160000 0.044894 0
7623.520000 0.043723 0
7626.880000 0.038722 0
7630.240000 0.041067 0
7633.600000 0.030034 0
7636.960000 0.033436 0
7640.320000 0.040606 0
7643.680000 0.036042 0
7647.040000 0.037240 0
7650.400000 0.025573 0
7653.760000 0.047350 0
7657.120000 0.053092 0
7660.480000 0.037624 0
7663.840000 0.033201 0
7667.200000 0.031376 0
7670.560000 0.027556 0
7673.920000 0.030344 0
7677.280000 0.032663 0
7680.640000 0.038147 0
7684.000000 0.041421 0
7687.360000 0.029701 0
7690.720000 0.028214 0
7694.080000 0.033291 0
7697.440000 0.026350 0
7700.800000 0.028441 0
7704.160000 0.037971 0
7707.520000 0.059632 0
7710.880000 0.048250 0
7714.240000 0.067320 0
7717.600000 0.033083 0
7720.960000 0.000747 0
7724.320000 0.007170 0
7727.680000 0.024302 0
7731.040000 0.025965 0
7734.400000 0.021835 0
7737.760000 0.029069 0
7741.120000 0.042399 0
7744.480000 0.050823 0
7747.840000 0.046812 0
7751.200000 0.032253 0
7754.560000 0.032078 0
7757.920000 -0.011215 0
7761.280000 0.015333 0
7764.640000 0.032162 0
7768.000000 0.028039 0
7771.360000 0.032405 0
7774.720000 0.041699 0
7778.080000 0.039757 0
7781.440000 0.027517 0
7784.800000 0.036546 0
7788.160000 0.040096 0
7791.520000 0.039664 0
7794.880000 0.021461 0
7798.240000 0.022092 0
7801.600000 0.024701 0
7804.960000 0.033689 0
7808.320000 0.034741 0
7811.680000 0.043028 0
7815.040000 0.047994 0
7818.400000 0.038833 0
7821.760000 0.041500 0
7825.120000 0.043823 0
7828.480000 0.024906 0
7831.840000 0.038802 0
7835.200000 0.040270 0
7838.560000 0.033016 0
7841.920000 0.029283 0
7845.280000 0.039878 0
7848.640000 0.049093 0
7852.000000 0.031957 0
7855.360000 0.019415 0
7858.720000 0.019973 0
7862.080000 0.026110 0
7865.440000 0.043667 0
7868.800000 0.030763 0
7872.160000 0.023001 0
7875.520000 0.029375 0
7878.880000 0.035516 0
7882.240000 0.035891 0
7885.600000 0.022629 0
7888.960000 0.022211 0
7892.320000 0.032539 0
7895.680000 0.039614 0
7899.040000 0.031092 0
7902.400000 0.029200 0
7905.760000 0.025509 0
7909.120000 0.015470 0
7912.480000 0.027333 0
7915.840000 0.059187 0
7919.200000 0.045388 0
7922.560000 0.028305 0
7925.920000 0.040160 0
7929.280000 0.045333 0
7932.640000 0.043609 0
7936.000000 0.051284 0
7939.360000 0.043232 0
7942.720000 0.025842 0
7946.080000 0.030557 0
7949.440000 0.037406 0
7952.800000 0.035620 0
7956.160000 0.027189 0
7959.520000 -0.001697 0
7962.880000 0.027184 0
7966.240000 0.024290 0
7969.600000 0.053083 0
7972.960000 0.045864 0
7976.320000 0.030684 0
7979.680000 0.029855 0
7983.040000 0.038584 0
7986.400000 -0.003808 0
7989.760000 -0.000283 0
7993.120000 0.017206 0
7996.480000 0.043552 0
7999.840000 0.103224 0
8003.200000 0.054310 0
8006.560000 0.025331 0
8009.920000 0.018169 0
8013.280000 0.019618 0
8016.640000 0.045006 0
8020.000000 0.000000 1
8023.360000 0.000000 1
8026.720000 0.000000 1
8030.080000 0.000000 1
8033.440000 0.000000 1
8036.800000 0.000000 1
8040.160000 0.000000 1
8043.520000 0.000000 1
8046.880000 0.000000 1
8050.240000 0.000000 1
8053.600000 0.000000 1
8056.960000 0.000000 1
8060.320000 0.000000 1
8063.680000 0.000000 1
8067.040000 0.000000 1
8070.400000 0.000000 1
8073.760000 0.000000 1
8077.120000 0.000000 1
8080.480000 0.000000 1
8083.840000 0.000000 1
8087.200000 0.000000 1
8090.560000 0.000000 1
8093.920000 0.000000 1
8097.280000 0.000000 1
8100.640000 0.000000 1
8104.000000 0.000000 1
8107.360000 0.000000 1
8110.720000 0.000000 1
8114.080000 0.000000 1
8117.440000 0.000000 1
8120.800000 0.000000 1
8124.160000 0.000000 1
8127.520000 0.000000 1
8130.880000 0.000000 1
8134.240000 0.000000 1
8137.600000 0.000000 1
8140.960000 0.000000 1
8144.320000 0.000000 1
8147.680000 0.000000 1
8151.040000 0.000000 1
8154.400000 0.000000 1
8157.760000 0.000000 1
8161.120000 0.000000 1
8164.480000 0.000000 1
8167.840000 0.000000 1
8171.200000 0.000000 1
8174.560000 0.000000 1
8177.920000 0.000000 1
8181.280000 0.000000 1
8184.640000 0.000000 1
8188.000000 0.000000 1
8191.360000 0.000000 1
8194.720000 0.000000 1
8198.080000 0.000000 1
8201.440000 0.000000 1
8204.800000 0.000000 1
8208.160000 0.000000 1
8211.520000 0.000000 1
8214.880000 0.000000 1
8218.240000 0.000000 1
8221.600000 0.000000 1
8224.960000 0.000000 1
8228.320000 0.000000 1
8231.680000 0.000000 1
8235.040000 0.000000 1
8238.400000 0.000000 1
8241.760000 0.000000 1
8245.120000 0.000000 1
8248.480000 0.000000 1
8251.840000 0.000000 1
8255.200000 0.000000 1
8258.560000 0.000000 1
8261.920000 0.000000 1
8265.280000 0.000000 1
8268.640000 0.000000 1
8272.000000 0.000000 1
8275.360000 0.000000 1
8278.720000 0.000000 1
8282.080000 0.000000 1
8285.440000 0.000000 1
8288.800000 0.000000 1
8292.160000 0.000000 1
8295.520000 0.000000 1
8298.880000 0.000000 1
8302.240000 0.000000 1
8305.600000 0.000000 1
8308.960000 0.000000 1
8312.320000 0.000000 1
8315.680000 0.000000 1
8319.040000 0.000000 1
8322.400000 0.000000 1
8325.760000 0.000000 1
8329.120000 0.000000 1
8332.480000 0.000000 1
8335.840000 0.000000 1
8339.200000 0.000000 1
8342.560000 0.000000 1
8345.920000 0.000000 1
8349.280000 0.000000 1
8352.640000 0.000000 1
8356.000000 0.000000 1
8359.360000 0.000000 1
8362.720000 0.000000 1
8366.080000 0.000000 1
8369.440000 0.000000 1
8372.800000 0.000000 1
8376.160000 0.000000 1
8379.520000 0.000000 1
8382.880000 0.000000 1
8386.240000 0.000000 1
8389.600000 0.000000 1
8392.960000 0.000000 1
8396.320000 0.000000 1
8399.680000 0.000000 1
8403.040000 0.000000 1
8406.400000 0.000000 1
8409.760000 0.000000 1
8413.120000 0.000000 1
8416.480000 0.000000 1
8419.840000 0.000000 1
8423.200000 0.000000 1
8426.560000 0.000000 1
8429.920000 0.000000 1
8433.280000 0.000000 1
8436.640000 0.000000 1
8440.000000 0.000000 1
8443.360000 0.000000 1
8446.720000 0.000000 1
8450.080000 0.000000 1
8453.440000 0.000000 1
8456.800000 0.000000 1
8460.160000 0.000000 1
8463.520000 0.000000 1
8466.880000 0.000000 1
8470.240000 0.000000 1
8473.600000 0.000000 1
8476.960000 0.000000 1
8480.320000 0.000000 1
8483.680000 0.000000 1
8487.040000 0.000000 1
8490.400000 0.000000 1
8493.760000 0.000000 1
8497.120000 0.000000 1
8500.480000 0.000000 1
8503.840000 0.000000 1
8507.200000 0.000000 1
8510.560000 0.000000 1
8513.920000 0.000000 1
8517.280000 0.000000 1
8520.640000 0.000000 1
8524.000000 0.000000 1
8527.360000 0.000000 1
8530.720000 0.000000 1
8534.080000 0.000000 1
8537.440000 0.000000 1
8540.800000 0.000000 1
8544.160000 0.000000 1
8547.520000 0.000000 1
8550.880000 0.000000 1
8554.240000 0.000000 1
8557.600000 0.000000 1
8560.960000 0.000000 1
8564.320000 0.000000 1
8567.680000 0.000000 1
8571.040000 0.000000 1
8574.400000 0.000000 1
8577.760000 0.000000 1
8581.120000 0.000000 1
8584.480000 0.000000 1
8587.840000 0.000000 1
8591.200000 0.000000 1
8594.560000 0.000000 1
8597.920000 0.000000 1
8601.280000 0.000000 1
8604.640000 0.000000 1
8608.000000 0.000000 1
8611.360000 0.000000 1
8614.720000 0.000000 1
8618.080000 0.000000 1
8621.440000 0.000000 1
8624.800000 0.000000 1
8628.160000 0.000000 1
8631.520000 0.000000 1
8634.880000 0.000000 1
8638.240000 0.000000 1
8641.600000 0.000000 1
8644.960000 0.000000 1
8648.320000 0.000000 1
8651.680000 0.000000 1
8655.040000 0.000000 1
8658.400000 0.000000 1
8661.760000 0.000000 1
8665.120000 0.000000 1
8668.480000 0.000000 1
8671.840000 0.000000 1
8675.200000 0.000000 1
8678.560000 0.000000 1
8681.920000 0.000000 1
8685.280000 0.000000 1
8688.640000 0.000000 1
8692.000000 0.000000 1
8695.360000 0.000000 1
8698.720000 0.000000 1
8702.080000 0.000000 1
8705.440000 0.000000 1
8708.800000 0.000000 1
8712.160000 0.000000 1
8715.520000 0.000000 1
8718.880000 0.000000 1
8722.240000 0.000000 1
8725.600000 0.000000 1
8728.960000 0.000000 1
8732.320000 0.000000 1
8735.680000 0.000000 1
8739.040000 0.000000 1
8742.400000 0.000000 1
8745.760000 0.000000 1
8749.120000 0.000000 1
8752.480000 0.000000 1
8755.840000 0.000000 1
8759.200000 0.000000 1
8762.560000 0.000000 1
8765.920000 0.000000 1
8769.280000 0.000000 1
8772.640000 0.000000 1
8776.000000 0.000000 1
8779.360000 0.000000 1
8782.720000 0.000000 1
8786.080000 0.000000 1
8789.440000 0.000000 1
8792.800000 0.000000 1
8796.160000 0.000000 1
8799.520000 0.000000 1
8802.880000 0.000000 1
8806.240000 0.000000 1
8809.600000 0.000000 1
8812.960000 0.000000 1
8816.320000 0.000000 1
8819.680000 0.000000 1
8823.040000 0.000000 1
8826.400000 0.000000 1
8829.760000 0.000000 1
8833.120000 0.000000 1
8836.480000 0.000000 1
8839.840000 0.000000 1
8843.200000 0.000000 1
8846.560000 0.000000 1
8849.920000 0.000000 1
8853.280000 0.000000 1
8856.640000 0.000000 1
8860.000000 0.000000 1
8863.360000 0.000000 1
8866.720000 0.000000 1
8870.080000 0.000000 1
8873.440000 0.000000 1
8876.800000 0.000000 1
8880.160000 0.000000 1
8883.520000 0.000000 1
8886.880000 0.000000 1
8890.240000 0.000000 1
8893.600000 0.000000 1
8896.960000 0.000000 1
8900.320000 0.000000 1
8903.680000 0.000000 1
8907.040000 0.000000 1
8910.400000 0.000000 1
8913.760000 0.000000 1
8917.120000 0.000000 1
8920.480000 0.000000 1
8923.840000 0.000000 1
8927.200000 0.000000 1
8930.560000 0.000000 1
8933.920000 0.000000 1
8937.280000 0.000000 1
8940.640000 0.000000 1
8944.000000 0.000000 1
8947.360000 0.000000 1
8950.720000 0.000000 1
8954.080000 0.000000 1
8957.440000 0.000000 1
8960.800000 0.000000 1
8964.160000 0.000000 1
8967.520000 0.000000 1
8970.880000 0.000000 1
8974.240000 0.000000 1
8977.600000 0.000000 1
8980.960000 0.000000 1
8984.320000 0.000000 1
8987.680000 0.000000 1
8991.040000 0.000000 1
8994.400000 0.000000 1
8997.760000 0.000000 1
9001.120000 0.000000 1
9004.480000 0.000000 1
9007.840000 0.000000 1
9011.200000 0.000000 1
9014.560000 0.000000 1
9017.920000 0.000000 1
9021.280000 0.000000 1
9024.640000 0.000000 1
9028.000000 0.000000 1
9031.360000 0.000000 1
9034.720000 0.000000 1
9038.080000 0.000000 1
9041.440000 0.000000 1
9044.800000 0.000000 1
9048.160000 0.000000 1
9051.520000 0.000000 1
9054.880000 0.000000 1
9058.240000 0.000000 1
9061.600000 0.000000 1
9064.960000 0.000000 1
9068.320000 0.000000 1
9071.680000 0.000000 1
9075.040000 0.000000 1
9078.400000 0.000000 1
9081.760000 0.000000 1
9085.120000 0.000000 1
9088.480000 0.000000 1
9091.840000 0.000000 1
9095.200000 0.000000 1
9098.560000 0.000000 1
9101.920000 0.000000 1
9105.280000 0.000000 1
9108.640000 0.000000 1
9112.000000 0.000000 1
9115.360000 0.000000 1
9118.720000 0.000000 1
9122.080000 0.000000 1
9125.440000 0.000000 1
9128.800000 0.000000 1
9132.160000 0.000000 1
9135.520000 0.000000 1
9138.880000 0.000000 1
9142.240000 0.000000 1
9145.600000 0.000000 1
9148.960000 0.000000 1
9152.320000 0.000000 1
9155.680000 0.000000 1
9159.040000 0.000000 1
9162.400000 0.000000 1
9165.760000 0.000000 1
9169.120000 0.000000 1
9172.480000 0.000000 1
9175.840000 0.000000 1
9179.200000 0.000000 1
9182.560000 0.000000 1
9185.920000 0.000000 1
9189.280000 0.000000 1
9192.640000 0.000000 1
9196.000000 0.000000 1
9199.360000 0.000000 1
9202.720000 0.000000 1
9206.080000 0.000000 1
9209.440000 0.000000 1
9212.800000 0.000000 1
9216.160000 0.000000 1
9219.520000 0.000000 1
9222.880000 0.000000 1
9226.240000 0.000000 1
9229.600000 0.000000 1
9232.960000 0.000000 1
9236.320000 0.000000 1
9239.680000 0.000000 1
9243.040000 0.000000 1
9246.400000 0.000000 1
9249.760000 0.000000 1
