# obs: 255704
# slit: 3
# z: 0.29278
# lines: G,H{beta},Mgb
# spec: 446
5120.830000 0.000000 1
5122.490000 0.000000 1
5124.150000 0.000000 1
5125.810000 0.000000 1
5127.470000 0.000000 1
5129.130000 0.000000 1
5130.790000 0.000000 1
5132.450000 0.000000 1
5134.110000 0.000000 1
5135.770000 0.000000 1
5137.430000 0.000000 1
5139.090000 0.000000 1
5140.750000 0.000000 1
5142.410000 0.000000 1
5144.070000 0.000000 1
5145.730000 0.000000 1
5147.390000 0.000000 1
5149.050000 0.000000 1
5150.710000 0.000000 1
5152.370000 0.000000 1
5154.030000 0.000000 1
5155.690000 0.000000 1
5157.350000 0.000000 1
5159.010000 0.000000 1
5160.670000 0.000000 1
5162.330000 0.000000 1
5163.990000 0.000000 1
5165.650000 0.000000 1
5167.310000 0.000000 1
5168.970000 0.000000 1
5170.630000 0.000000 1
5172.290000 0.000000 1
5173.950000 0.000000 1
5175.610000 0.000000 1
5177.270000 0.000000 1
5178.930000 0.000000 1
5180.590000 -0.030907 1
5182.250000 0.061768 1
5183.910000 0.104715 1
5185.570000 0.051825 0
5187.230000 0.058892 0
5188.890000 0.067204 0
5190.550000 0.058475 0
5192.210000 0.095204 0
5193.870000 0.031281 0
5195.530000 0.019926 0
5197.190000 0.044225 0
5198.850000 0.061320 0
5200.510000 0.107426 0
5202.170000 0.115551 0
5203.830000 0.093010 0
5205.490000 0.088553 0
5207.150000 0.039075 0
5208.810000 0.056881 0
5210.470000 0.056797 0
5212.130000 0.059198 0
5213.790000 0.064935 0
5215.450000 0.041884 0
5217.110000 0.043843 0
5218.770000 0.039087 0
5220.430000 0.059398 0
5222.090000 0.041590 0
5223.750000 0.052919 0
5225.410000 0.058522 0
5227.070000 0.056713 0
5228.730000 0.060569 0
5230.390000 0.061850 0
5232.050000 0.051094 0
5233.710000 0.072505 0
5235.370000 0.031337 0
5237.030000 0.053092 0
5238.690000 0.043055 0
5240.350000 0.055820 0
5242.010000 0.081479 0
5243.670000 0.056679 0
5245.330000 0.044839 0
5246.990000 0.047147 0
5248.650000 0.065366 0
5250.310000 0.049576 0
5251.970000 0.069457 0
5253.630000 0.050231 0
5255.290000 0.045024 0
5256.950000 0.069603 0
5258.610000 0.069150 0
5260.270000 0.058764 0
5261.930000 0.070215 0
5263.590000 0.038385 0
5265.250000 0.059057 0
5266.910000 0.053634 0
5268.570000 0.058885 0
5270.230000 0.067741 0
5271.890000 0.033925 0
5273.550000 0.048027 0
5275.210000 0.048494 0
5276.870000 0.061554 0
5278.530000 0.044900 0
5280.190000 0.081145 0
5281.850000 0.043143 0
5283.510000 0.063726 0
5285.170000 0.063939 0
5286.830000 0.062501 0
5288.490000 0.046918 0
5290.150000 0.038820 0
5291.810000 0.051697 0
5293.470000 0.056863 0
5295.130000 0.053666 0
5296.790000 0.064556 0
5298.450000 0.044432 0
5300.110000 0.022992 0
5301.770000 0.055579 0
5303.430000 0.064043 0
5305.090000 0.058186 0
5306.750000 0.044232 0
5308.410000 0.070347 0
5310.070000 0.060020 0
5311.730000 0.058128 0
5313.390000 0.047185 0
5315.050000 0.069887 0
5316.710000 0.054651 0
5318.370000 0.064586 0
5320.030000 0.061272 0
5321.690000 0.083395 0
5323.350000 0.071798 0
5325.010000 0.064377 0
5326.670000 0.058025 0
5328.330000 0.050858 0
5329.990000 0.059018 0
5331.650000 0.079484 0
5333.310000 0.059632 0
5334.970000 0.089026 0
5336.630000 0.071868 0
5338.290000 0.058861 0
5339.950000 0.050589 0
5341.610000 0.067124 0
5343.270000 0.064863 0
5344.930000 0.059240 0
5346.590000 0.069306 0
5348.250000 0.055332 0
5349.910000 0.065710 0
5351.570000 0.060131 0
5353.230000 0.052056 0
5354.890000 0.060237 0
5356.550000 0.051621 0
5358.210000 0.062472 0
5359.870000 0.050209 0
5361.530000 0.062009 0
5363.190000 0.053620 0
5364.850000 0.054948 0
5366.510000 0.046552 0
5368.170000 0.055283 0
5369.830000 0.055310 0
5371.490000 0.039762 0
5373.150000 0.067404 0
5374.810000 0.055417 0
5376.470000 0.052447 0
5378.130000 0.068336 0
5379.790000 0.054072 0
5381.450000 0.075912 0
5383.110000 0.069895 0
5384.770000 0.078701 0
5386.430000 0.048466 0
5388.090000 0.089698 0
5389.750000 0.054411 0
5391.410000 0.059635 0
5393.070000 0.067706 0
5394.730000 0.056636 0
5396.390000 0.037242 0
5398.050000 0.035414 0
5399.710000 0.030002 0
5401.370000 0.050967 0
5403.030000 0.049488 0
5404.690000 0.069534 0
5406.350000 0.075639 0
5408.010000 0.049067 0
5409.670000 0.050900 0
5411.330000 0.079883 0
5412.990000 0.078659 0
5414.650000 0.060651 0
5416.310000 0.062988 0
5417.970000 0.082805 0
5419.630000 0.077554 0
5421.290000 0.068719 0
5422.950000 0.062732 0
5424.610000 0.059200 0
5426.270000 0.070215 0
5427.930000 0.043656 0
5429.590000 0.041013 0
5431.250000 0.070881 0
5432.910000 0.056534 0
5434.570000 0.042621 0
5436.230000 0.075642 0
5437.890000 0.089605 0
5439.550000 0.064068 0
5441.210000 0.072065 0
5442.870000 0.076683 0
5444.530000 0.055254 0
5446.190000 0.064861 0
5447.850000 0.075285 0
5449.510000 0.045146 0
5451.170000 0.059963 0
5452.830000 0.047326 0
5454.490000 0.060689 0
5456.150000 0.076414 0
5457.810000 0.068117 0
5459.470000 0.065937 0
5461.130000 0.060749 0
5462.790000 0.068347 0
5464.450000 0.058711 0
5466.110000 0.065992 0
5467.770000 0.049734 0
5469.430000 0.055372 0
5471.090000 0.062159 0
5472.750000 0.072043 0
5474.410000 0.060407 0
5476.070000 0.072225 0
5477.730000 0.087961 0
5479.390000 0.056847 0
5481.050000 0.051198 0
5482.710000 0.071602 0
5484.370000 0.044658 0
5486.030000 0.068147 0
5487.690000 0.087866 0
5489.350000 0.078414 0
5491.010000 0.062263 0
5492.670000 0.061367 0
5494.330000 0.047404 0
5495.990000 0.060035 0
5497.650000 0.050032 0
5499.310000 0.053179 0
5500.970000 0.074454 0
5502.630000 0.070764 0
5504.290000 0.060392 0
5505.950000 0.073816 0
5507.610000 0.052612 0
5509.270000 0.071392 0
5510.930000 0.050251 0
5512.590000 0.044413 0
5514.250000 0.083940 0
5515.910000 0.041924 0
5517.570000 0.084523 0
5519.230000 0.058329 0
5520.890000 0.059710 0
5522.550000 0.061652 0
5524.210000 0.056312 0
5525.870000 0.067747 0
5527.530000 0.044471 0
5529.190000 0.052823 0
5530.850000 0.077523 0
5532.510000 0.050021 0
5534.170000 0.051164 0
5535.830000 0.083852 0
5537.490000 0.059633 0
5539.150000 0.053543 0
5540.810000 0.059938 0
5542.470000 0.030261 0
5544.130000 0.060632 0
5545.790000 0.058570 0
5547.450000 0.065148 0
5549.110000 0.078437 0
5550.770000 0.044259 0
5552.430000 0.052109 0
5554.090000 0.057078 0
5555.750000 0.063350 0
5557.410000 0.059519 0
5559.070000 0.049230 0
5560.730000 0.039090 0
5562.390000 0.036920 0
5564.050000 0.037881 0
5565.710000 0.045140 0
5567.370000 0.044420 0
5569.030000 0.042135 0
5570.690000 0.032058 0
5572.350000 0.034422 1
5574.010000 -0.484561 1
5575.670000 -0.283130 1
5577.330000 0.068930 1
5578.990000 0.088511 1
5580.650000 0.612426 1
5582.310000 0.084385 1
5583.970000 0.071706 1
5585.630000 0.079889 0
5587.290000 0.064102 0
5588.950000 0.077321 0
5590.610000 0.056980 0
5592.270000 0.062303 0
5593.930000 0.072838 0
5595.590000 0.059038 0
5597.250000 0.053741 0
5598.910000 0.059831 0
5600.570000 0.064144 0
5602.230000 0.054170 0
5603.890000 0.079445 0
5605.550000 0.076389 0
5607.210000 0.078724 0
5608.870000 0.058075 0
5610.530000 0.042696 0
5612.190000 0.047419 0
5613.850000 0.068176 0
5615.510000 0.061170 0
5617.170000 0.066163 0
5618.830000 0.068724 0
5620.490000 0.050959 0
5622.150000 0.067701 0
5623.810000 0.056312 0
5625.470000 0.061014 0
5627.130000 0.051783 0
5628.790000 0.068972 0
5630.450000 0.072016 0
5632.110000 0.067974 0
5633.770000 0.085793 0
5635.430000 0.082764 0
5637.090000 0.081085 0
5638.750000 0.076322 0
5640.410000 0.059948 0
5642.070000 0.091472 0
5643.730000 0.067883 0
5645.390000 0.070109 0
5647.050000 0.074616 0
5648.710000 0.075972 0
5650.370000 0.066800 0
5652.030000 0.045315 0
5653.690000 0.070243 0
5655.350000 0.068462 0
5657.010000 0.066843 0
5658.670000 0.062687 0
5660.330000 0.069033 0
5661.990000 0.077354 0
5663.650000 0.059758 0
5665.310000 0.061226 0
5666.970000 0.062492 0
5668.630000 0.063752 0
5670.290000 0.050793 0
5671.950000 0.064622 0
5673.610000 0.047668 0
5675.270000 0.072979 0
5676.930000 0.057193 0
5678.590000 0.059177 0
5680.250000 0.063742 0
5681.910000 0.074378 0
5683.570000 0.068268 0
5685.230000 0.068409 0
5686.890000 0.071822 0
5688.550000 0.060430 0
5690.210000 0.061853 0
5691.870000 0.067755 0
5693.530000 0.063431 0
5695.190000 0.066781 0
5696.850000 0.046971 0
5698.510000 0.036810 0
5700.170000 0.062330 0
5701.830000 0.076047 0
5703.490000 0.078724 0
5705.150000 0.065588 0
5706.810000 0.078123 0
5708.470000 0.064410 0
5710.130000 0.069938 0
5711.790000 0.067293 0
5713.450000 0.068411 0
5715.110000 0.071927 0
5716.770000 0.061234 0
5718.430000 0.076822 0
5720.090000 0.070693 0
5721.750000 0.072259 0
5723.410000 0.072491 0
5725.070000 0.081838 0
5726.730000 0.086243 0
5728.390000 0.084787 0
5730.050000 0.058293 0
5731.710000 0.064650 0
5733.370000 0.053440 0
5735.030000 0.075266 0
5736.690000 0.076764 0
5738.350000 0.072491 0
5740.010000 0.066802 0
5741.670000 0.074155 0
5743.330000 0.079486 0
5744.990000 0.075023 0
5746.650000 0.080395 0
5748.310000 0.084786 0
5749.970000 0.082106 0
5751.630000 0.083131 0
5753.290000 0.061090 0
5754.950000 0.057572 0
5756.610000 0.072000 0
5758.270000 0.064513 0
5759.930000 0.058578 0
5761.590000 0.063497 0
5763.250000 0.064232 0
5764.910000 0.077941 0
5766.570000 0.076606 0
5768.230000 0.052135 0
5769.890000 0.067814 0
5771.550000 0.083741 0
5773.210000 0.077873 0
5774.870000 0.099179 0
5776.530000 0.082492 0
5778.190000 0.073532 0
5779.850000 0.070422 0
5781.510000 0.061451 0
5783.170000 0.070266 0
5784.830000 0.088433 0
5786.490000 0.087579 0
5788.150000 0.074833 0
5789.810000 0.079399 0
5791.470000 0.076361 0
5793.130000 0.062085 0
5794.790000 0.092711 0
5796.450000 0.077046 0
5798.110000 0.073139 0
5799.770000 0.076987 0
5801.430000 0.091789 0
5803.090000 0.067216 0
5804.750000 0.073522 0
5806.410000 0.069022 0
5808.070000 0.054762 0
5809.730000 0.095517 0
5811.390000 0.082415 0
5813.050000 0.063339 0
5814.710000 0.079229 0
5816.370000 0.054038 0
5818.030000 0.069006 0
5819.690000 0.070185 0
5821.350000 0.072257 0
5823.010000 0.100264 0
5824.670000 0.092148 0
5826.330000 0.083429 0
5827.990000 0.100506 0
5829.650000 0.076502 0
5831.310000 0.085576 0
5832.970000 0.080712 0
5834.630000 0.077348 0
5836.290000 0.079901 0
5837.950000 0.071280 0
5839.610000 0.068245 0
5841.270000 0.083337 0
5842.930000 0.078300 0
5844.590000 0.068418 0
5846.250000 0.068029 0
5847.910000 0.089229 0
5849.570000 0.085315 0
5851.230000 0.071963 0
5852.890000 0.085086 0
5854.550000 0.086120 0
5856.210000 0.055218 0
5857.870000 0.079745 0
5859.530000 0.059410 0
5861.190000 0.065144 0
5862.850000 0.068807 0
5864.510000 0.075706 0
5866.170000 0.067024 0
5867.830000 0.079431 0
5869.490000 0.085013 0
5871.150000 0.079078 0
5872.810000 0.081139 0
5874.470000 0.043143 0
5876.130000 0.079362 0
5877.790000 0.083444 0
5879.450000 0.083716 0
5881.110000 0.080729 0
5882.770000 0.062573 0
5884.430000 0.059215 0
5886.090000 0.073944 0
5887.750000 0.112024 0
5889.410000 0.059930 0
5891.070000 0.020717 0
5892.730000 0.067597 0
5894.390000 0.077300 0
5896.050000 0.065996 0
5897.710000 0.069428 0
5899.370000 0.061415 0
5901.030000 0.077989 0
5902.690000 0.094885 0
5904.350000 0.082271 0
5906.010000 0.098579 0
5907.670000 0.074506 0
5909.330000 0.075706 0
5910.990000 0.076233 0
5912.650000 0.080088 0
5914.310000 0.076818 0
5915.970000 0.075945 0
5917.630000 0.085084 0
5919.290000 0.067000 0
5920.950000 0.065782 0
5922.610000 0.070038 0
5924.270000 0.079642 0
5925.930000 0.078089 0
5927.590000 0.089433 0
5929.250000 0.080086 0
5930.910000 0.087704 0
5932.570000 0.086081 0
5934.230000 0.081997 0
5935.890000 0.071629 0
5937.550000 0.077565 0
5939.210000 0.081101 0
5940.870000 0.077741 0
5942.530000 0.068354 0
5944.190000 0.061677 0
5945.850000 0.062906 0
5947.510000 0.082963 0
5949.170000 0.073791 0
5950.830000 0.101939 0
5952.490000 0.080006 0
5954.150000 0.087038 0
5955.810000 0.068803 0
5957.470000 0.077219 0
5959.130000 0.084929 0
5960.790000 0.078507 0
5962.450000 0.059987 0
5964.110000 0.072471 0
5965.770000 0.100013 0
5967.430000 0.095776 0
5969.090000 0.084528 0
5970.750000 0.094658 0
5972.410000 0.091506 0
5974.070000 0.079462 0
5975.730000 0.076682 0
5977.390000 0.077311 0
5979.050000 0.095920 0
5980.710000 0.072495 0
5982.370000 0.062090 0
5984.030000 0.055613 0
5985.690000 0.079072 0
5987.350000 0.084304 0
5989.010000 0.073054 0
5990.670000 0.081996 0
5992.330000 0.069710 0
5993.990000 0.075464 0
5995.650000 0.070706 0
5997.310000 0.069941 0
5998.970000 0.068770 0
6000.630000 0.077770 0
6002.290000 0.056414 0
6003.950000 0.090227 0
6005.610000 0.074692 0
6007.270000 0.058061 0
6008.930000 0.063703 0
6010.590000 0.084858 0
6012.250000 0.079774 0
6013.910000 0.061410 0
6015.570000 0.052717 0
6017.230000 0.078819 0
6018.890000 0.070123 0
6020.550000 0.070099 0
6022.210000 0.067998 0
6023.870000 0.073450 0
6025.530000 0.085045 0
6027.190000 0.076583 0
6028.850000 0.072491 0
6030.510000 0.090711 0
6032.170000 0.079721 0
6033.830000 0.073547 0
6035.490000 0.073984 0
6037.150000 0.062516 0
6038.810000 0.063657 0
6040.470000 0.067986 0
6042.130000 0.085334 0
6043.790000 0.074845 0
6045.450000 0.090090 0
6047.110000 0.080306 0
6048.770000 0.084323 0
6050.430000 0.082650 0
6052.090000 0.086418 0
6053.750000 0.085202 0
6055.410000 0.056726 0
6057.070000 0.080674 0
6058.730000 0.075788 0
6060.390000 0.075723 0
6062.050000 0.066533 0
6063.710000 0.072426 0
6065.370000 0.065604 0
6067.030000 0.069220 0
6068.690000 0.086208 0
6070.350000 0.077659 0
6072.010000 0.062115 0
6073.670000 0.095382 0
6075.330000 0.090828 0
6076.990000 0.077513 0
6078.650000 0.065929 0
6080.310000 0.060919 0
6081.970000 0.073865 0
6083.630000 0.071043 0
6085.290000 0.066277 0
6086.950000 0.068506 0
6088.610000 0.093917 0
6090.270000 0.085944 0
6091.930000 0.067667 0
6093.590000 0.082095 0
6095.250000 0.068362 0
6096.910000 0.072048 0
6098.570000 0.085560 0
6100.230000 0.079315 0
6101.890000 0.094741 0
6103.550000 0.079296 0
6105.210000 0.072406 0
6106.870000 0.076023 0
6108.530000 0.081161 0
6110.190000 0.083256 0
6111.850000 0.086284 0
6113.510000 0.088490 0
6115.170000 0.077858 0
6116.830000 0.089729 0
6118.490000 0.089020 0
6120.150000 0.076179 0
6121.810000 0.072030 0
6123.470000 0.094227 0
6125.130000 0.078838 0
6126.790000 0.080948 0
6128.450000 0.077839 0
6130.110000 0.081007 0
6131.770000 0.081465 0
6133.430000 0.084747 0
6135.090000 0.070159 0
6136.750000 0.077802 0
6138.410000 0.081953 0
6140.070000 0.097693 0
6141.730000 0.098963 0
6143.390000 0.079881 0
6145.050000 0.074892 0
6146.710000 0.081420 0
6148.370000 0.092667 0
6150.030000 0.067577 0
6151.690000 0.084832 0
6153.350000 0.083752 0
6155.010000 0.103200 0
6156.670000 0.079150 0
6158.330000 0.078786 0
6159.990000 0.068598 0
6161.650000 0.067931 0
6163.310000 0.079480 0
6164.970000 0.075857 0
6166.630000 0.072940 0
6168.290000 0.071850 0
6169.950000 0.076419 0
6171.610000 0.085457 0
6173.270000 0.092331 0
6174.930000 0.089834 0
6176.590000 0.074072 0
6178.250000 0.075205 0
6179.910000 0.076959 0
6181.570000 0.074275 0
6183.230000 0.077401 0
6184.890000 0.086886 0
6186.550000 0.073249 0
6188.210000 0.068175 0
6189.870000 0.072845 0
6191.530000 0.084720 0
6193.190000 0.081890 0
6194.850000 0.089670 0
6196.510000 0.081196 0
6198.170000 0.078194 0
6199.830000 0.088653 0
6201.490000 0.082916 0
6203.150000 0.067627 0
6204.810000 0.073553 0
6206.470000 0.066951 0
6208.130000 0.076231 0
6209.790000 0.075023 0
6211.450000 0.069066 0
6213.110000 0.089510 0
6214.770000 0.093188 0
6216.430000 0.087532 0
6218.090000 0.081390 0
6219.750000 0.078586 0
6221.410000 0.088690 0
6223.070000 0.077305 0
6224.730000 0.064649 0
6226.390000 0.072051 0
6228.050000 0.075951 0
6229.710000 0.101791 0
6231.370000 0.086610 0
6233.030000 0.082481 0
6234.690000 0.079681 0
6236.350000 0.090667 0
6238.010000 0.078774 0
6239.670000 0.078638 0
6241.330000 0.068215 0
6242.990000 0.065411 0
6244.650000 0.074431 0
6246.310000 0.077639 0
6247.970000 0.081116 0
6249.630000 0.091211 0
6251.290000 0.085744 0
6252.950000 0.078824 0
6254.610000 0.094721 0
6256.270000 0.069724 0
6257.930000 0.066801 0
6259.590000 0.073662 0
6261.250000 0.056834 0
6262.910000 0.092298 0
6264.570000 0.084212 0
6266.230000 0.088333 0
6267.890000 0.089860 0
6269.550000 0.079966 0
6271.210000 0.073609 0
6272.870000 0.078177 0
6274.530000 0.071032 0
6276.190000 0.080548 0
6277.850000 0.076198 0
6279.510000 0.080845 0
6281.170000 0.061750 0
6282.830000 0.075845 0
6284.490000 0.078939 0
6286.150000 0.044207 0
6287.810000 0.069931 0
6289.470000 0.036880 0
6291.130000 0.052996 1
6292.790000 0.072653 1
6294.450000 0.070317 1
6296.110000 0.353390 1
6297.770000 0.110188 1
6299.430000 0.045839 1
6301.090000 -0.005863 1
6302.750000 -0.272305 1
6304.410000 -0.046399 1
6306.070000 0.051885 1
6307.730000 0.074837 1
6309.390000 0.071710 1
6311.050000 0.088273 1
6312.710000 0.081621 0
6314.370000 0.083353 0
6316.030000 0.069143 0
6317.690000 0.059751 0
6319.350000 0.056966 0
6321.010000 0.074447 0
6322.670000 0.070618 0
6324.330000 0.060607 0
6325.990000 0.077985 0
6327.650000 0.082299 0
6329.310000 0.078362 0
6330.970000 0.077036 0
6332.630000 0.078729 0
6334.290000 0.079753 0
6335.950000 0.072522 0
6337.610000 0.087582 0
6339.270000 0.078449 0
6340.930000 0.072188 0
6342.590000 0.061113 0
6344.250000 0.080093 0
6345.910000 0.076138 0
6347.570000 0.071719 0
6349.230000 0.067508 0
6350.890000 0.087084 0
6352.550000 0.077574 0
6354.210000 0.095328 0
6355.870000 0.067396 0
6357.530000 0.079026 1
6359.190000 0.091181 1
6360.850000 0.088388 1
6362.510000 0.131814 1
6364.170000 0.063417 1
6365.830000 0.042894 1
6367.490000 0.040242 1
6369.150000 0.069556 1
6370.810000 0.078652 0
6372.470000 0.086440 0
6374.130000 0.088089 0
6375.790000 0.078192 0
6377.450000 0.068375 0
6379.110000 0.077883 0
6380.770000 0.087351 0
6382.430000 0.077091 0
6384.090000 0.070210 0
6385.750000 0.068714 0
6387.410000 0.067027 0
6389.070000 0.082688 0
6390.730000 0.085467 0
6392.390000 0.083469 0
6394.050000 0.084071 0
6395.710000 0.087737 0
6397.370000 0.096430 0
6399.030000 0.074879 0
6400.690000 0.079923 0
6402.350000 0.080984 0
6404.010000 0.079718 0
6405.670000 0.088067 0
6407.330000 0.084043 0
6408.990000 0.083951 0
6410.650000 0.084359 0
6412.310000 0.082129 0
6413.970000 0.064788 0
6415.630000 0.086189 0
6417.290000 0.085658 0
6418.950000 0.070493 0
6420.610000 0.073491 0
6422.270000 0.081253 0
6423.930000 0.079103 0
6425.590000 0.070376 0
6427.250000 0.085616 0
6428.910000 0.084027 0
6430.570000 0.069360 0
6432.230000 0.083998 0
6433.890000 0.069611 0
6435.550000 0.067708 0
6437.210000 0.077219 0
6438.870000 0.079800 0
6440.530000 0.080168 0
6442.190000 0.074281 0
6443.850000 0.081043 0
6445.510000 0.075888 0
6447.170000 0.070440 0
6448.830000 0.086514 0
6450.490000 0.073158 0
6452.150000 0.071811 0
6453.810000 0.073386 0
6455.470000 0.075267 0
6457.130000 0.085206 0
6458.790000 0.084934 0
6460.450000 0.083938 0
6462.110000 0.073262 0
6463.770000 0.056805 0
6465.430000 0.063485 0
6467.090000 0.075277 0
6468.750000 0.064387 0
6470.410000 0.062326 0
6472.070000 0.072568 0
6473.730000 0.070523 0
6475.390000 0.076438 0
6477.050000 0.073321 0
6478.710000 0.070236 0
6480.370000 0.069356 0
6482.030000 0.070213 0
6483.690000 0.075999 0
6485.350000 0.070059 0
6487.010000 0.079500 0
6488.670000 0.069657 0
6490.330000 0.065690 0
6491.990000 0.077345 0
6493.650000 0.065116 0
6495.310000 0.072069 0
6496.970000 0.070360 0
6498.630000 0.089311 0
6500.290000 0.077183 0
6501.950000 0.066983 0
6503.610000 0.067900 0
6505.270000 0.068541 0
6506.930000 0.072484 0
6508.590000 0.067604 0
6510.250000 0.082364 0
6511.910000 0.083044 0
6513.570000 0.072327 0
6515.230000 0.067993 0
6516.890000 0.056556 0
6518.550000 0.065477 0
6520.210000 0.063930 0
6521.870000 0.069812 0
6523.530000 0.080542 0
6525.190000 0.084390 0
6526.850000 0.079160 0
6528.510000 0.087642 0
6530.170000 0.071978 0
6531.830000 0.077206 0
6533.490000 0.091221 0
6535.150000 0.072540 0
6536.810000 0.070053 0
6538.470000 0.081181 0
6540.130000 0.082500 0
6541.790000 0.078133 0
6543.450000 0.084831 0
6545.110000 0.072611 0
6546.770000 0.068449 0
6548.430000 0.075863 0
6550.090000 0.075328 0
6551.750000 0.075152 0
6553.410000 0.077678 0
6555.070000 0.075277 0
6556.730000 0.059782 0
6558.390000 0.070307 0
6560.050000 0.076065 0
6561.710000 0.067105 0
6563.370000 0.064830 0
6565.030000 0.079405 0
6566.690000 0.085309 0
6568.350000 0.069110 0
6570.010000 0.067683 0
6571.670000 0.069818 0
6573.330000 0.073300 0
6574.990000 0.080647 0
6576.650000 0.064142 0
6578.310000 0.078766 0
6579.970000 0.074904 0
6581.630000 0.080041 0
6583.290000 0.082355 0
6584.950000 0.068771 0
6586.610000 0.068510 0
6588.270000 0.068368 0
6589.930000 0.072964 0
6591.590000 0.077277 0
6593.250000 0.076909 0
6594.910000 0.071492 0
6596.570000 0.072501 0
6598.230000 0.082208 0
6599.890000 0.078915 0
6601.550000 0.075071 0
6603.210000 0.067767 0
6604.870000 0.060329 0
6606.530000 0.070823 0
6608.190000 0.066128 0
6609.850000 0.072654 0
6611.510000 0.072038 0
6613.170000 0.069517 0
6614.830000 0.080868 0
6616.490000 0.090653 0
6618.150000 0.081943 0
6619.810000 0.071290 0
6621.470000 0.088913 0
6623.130000 0.061634 0
6624.790000 0.080145 0
6626.450000 0.072013 0
6628.110000 0.072918 0
6629.770000 0.062809 0
6631.430000 0.069868 0
6633.090000 0.073669 0
6634.750000 0.079892 0
6636.410000 0.067547 0
6638.070000 0.072474 0
6639.730000 0.076483 0
6641.390000 0.057817 0
6643.050000 0.078828 0
6644.710000 0.074671 0
6646.370000 0.054945 0
6648.030000 0.066329 0
6649.690000 0.065289 0
6651.350000 0.072269 0
6653.010000 0.070112 0
6654.670000 0.069934 0
6656.330000 0.088751 0
6657.990000 0.075973 0
6659.650000 0.064218 0
6661.310000 0.069547 0
6662.970000 0.066891 0
6664.630000 0.068263 0
6666.290000 0.066498 0
6667.950000 0.074088 0
6669.610000 0.085126 0
6671.270000 0.083004 0
6672.930000 0.078059 0
6674.590000 0.075375 0
6676.250000 0.070656 0
6677.910000 0.065318 0
6679.570000 0.056134 0
6681.230000 0.059387 0
6682.890000 0.063148 0
6684.550000 0.053103 0
6686.210000 0.056097 0
6687.870000 0.059826 0
6689.530000 0.052143 0
6691.190000 0.050461 0
6692.850000 0.064492 0
6694.510000 0.072349 0
6696.170000 0.059927 0
6697.830000 0.050631 0
6699.490000 0.058298 0
6701.150000 0.062486 0
6702.810000 0.056444 0
6704.470000 0.050168 0
6706.130000 0.060034 0
6707.790000 0.071550 0
6709.450000 0.079120 0
6711.110000 0.072996 0
6712.770000 0.073493 0
6714.430000 0.059791 0
6716.090000 0.062676 0
6717.750000 0.074217 0
6719.410000 0.069055 0
6721.070000 0.071843 0
6722.730000 0.079538 0
6724.390000 0.079810 0
6726.050000 0.077810 0
6727.710000 0.066044 0
6729.370000 0.065698 0
6731.030000 0.077445 0
6732.690000 0.063209 0
6734.350000 0.066734 0
6736.010000 0.072246 0
6737.670000 0.073121 0
6739.330000 0.064732 0
6740.990000 0.084059 0
6742.650000 0.070485 0
6744.310000 0.069712 0
6745.970000 0.067701 0
6747.630000 0.077557 0
6749.290000 0.073148 0
6750.950000 0.079112 0
6752.610000 0.072936 0
6754.270000 0.060708 0
6755.930000 0.064488 0
6757.590000 0.060332 0
6759.250000 0.061224 0
6760.910000 0.078846 0
6762.570000 0.071370 0
6764.230000 0.070703 0
6765.890000 0.070349 0
6767.550000 0.075453 0
6769.210000 0.086253 0
6770.870000 0.074439 0
6772.530000 0.066801 0
6774.190000 0.074115 0
6775.850000 0.080662 0
6777.510000 0.071636 0
6779.170000 0.076495 0
6780.830000 0.078010 0
6782.490000 0.077326 0
6784.150000 0.073080 0
6785.810000 0.071502 0
6787.470000 0.063931 0
6789.130000 0.074158 0
6790.790000 0.067039 0
6792.450000 0.066078 0
6794.110000 0.072001 0
6795.770000 0.068788 0
6797.430000 0.079081 0
6799.090000 0.073520 0
6800.750000 0.071915 0
6802.410000 0.066324 0
6804.070000 0.065071 0
6805.730000 0.073034 0
6807.390000 0.066966 0
6809.050000 0.065637 0
6810.710000 0.064092 0
6812.370000 0.062226 0
6814.030000 0.063321 0
6815.690000 0.070910 0
6817.350000 0.079600 0
6819.010000 0.068360 0
6820.670000 0.078523 0
6822.330000 0.070615 0
6823.990000 0.071440 0
6825.650000 0.080973 0
6827.310000 0.084701 0
6828.970000 0.055622 0
6830.630000 0.044213 0
6832.290000 0.076326 0
6833.950000 0.078265 0
6835.610000 0.077901 0
6837.270000 0.075835 0
6838.930000 0.076380 0
6840.590000 0.080170 0
6842.250000 0.084795 0
6843.910000 0.074068 0
6845.570000 0.082485 0
6847.230000 0.082991 0
6848.890000 0.072662 0
6850.550000 0.074576 0
6852.210000 0.078313 0
6853.870000 0.070433 0
6855.530000 0.070752 0
6857.190000 0.078389 0
6858.850000 0.084005 0
6860.510000 0.060802 0
6862.170000 0.071348 0
6863.830000 0.069891 0
6865.490000 0.074631 0
6867.150000 0.074490 0
6868.810000 0.051552 0
6870.470000 0.066769 0
6872.130000 0.060855 0
6873.790000 0.058906 0
6875.450000 0.063733 0
6877.110000 0.059665 0
6878.770000 0.080165 0
6880.430000 0.076805 0
6882.090000 0.066113 0
6883.750000 0.056712 0
6885.410000 0.069966 0
6887.070000 0.056026 0
6888.730000 0.055289 0
6890.390000 0.056301 0
6892.050000 0.052906 0
6893.710000 0.070466 0
6895.370000 0.070036 0
6897.030000 0.077538 0
6898.690000 0.066760 0
6900.350000 0.059871 0
6902.010000 0.068159 0
6903.670000 0.057427 0
6905.330000 0.078109 0
6906.990000 0.080635 0
6908.650000 0.066118 0
6910.310000 0.062898 0
6911.970000 0.072333 0
6913.630000 0.069978 0
6915.290000 0.068538 0
6916.950000 0.070324 0
6918.610000 0.071691 0
6920.270000 0.077465 0
6921.930000 0.070214 0
6923.590000 0.065706 0
6925.250000 0.075631 0
6926.910000 0.084711 0
6928.570000 0.075145 0
6930.230000 0.070681 0
6931.890000 0.073584 0
6933.550000 0.074779 0
6935.210000 0.074451 0
6936.870000 0.075308 0
6938.530000 0.061162 0
6940.190000 0.059794 0
6941.850000 0.061826 0
6943.510000 0.073542 0
6945.170000 0.081629 0
6946.830000 0.073895 0
6948.490000 0.073493 0
6950.150000 0.069765 0
6951.810000 0.074912 0
6953.470000 0.081019 0
6955.130000 0.078520 0
6956.790000 0.088589 0
6958.450000 0.071487 0
6960.110000 0.072586 0
6961.770000 0.072077 0
6963.430000 0.069995 0
6965.090000 0.074985 0
6966.750000 0.076982 0
6968.410000 0.079255 0
6970.070000 0.075259 0
6971.730000 0.069424 0
6973.390000 0.067135 0
6975.050000 0.077894 0
6976.710000 0.072694 0
6978.370000 0.068197 0
6980.030000 0.077944 0
6981.690000 0.073346 0
6983.350000 0.079124 0
6985.010000 0.062878 0
6986.670000 0.068978 0
6988.330000 0.069467 0
6989.990000 0.059551 0
6991.650000 0.059501 0
6993.310000 0.064736 0
6994.970000 0.063323 0
6996.630000 0.065703 0
6998.290000 0.079143 0
6999.950000 0.077165 0
7001.610000 0.079413 0
7003.270000 0.078769 0
7004.930000 0.078703 0
7006.590000 0.069401 0
7008.250000 0.066220 0
7009.910000 0.063794 0
7011.570000 0.073162 0
7013.230000 0.072927 0
7014.890000 0.070077 0
7016.550000 0.069224 0
7018.210000 0.072751 0
7019.870000 0.070432 0
7021.530000 0.066554 0
7023.190000 0.074600 0
7024.850000 0.077662 0
7026.510000 0.070076 0
7028.170000 0.078173 0
7029.830000 0.074178 0
7031.490000 0.082086 0
7033.150000 0.069610 0
7034.810000 0.066448 0
7036.470000 0.083910 0
7038.130000 0.064079 0
7039.790000 0.062086 0
7041.450000 0.070695 0
7043.110000 0.080218 0
7044.770000 0.073780 0
7046.430000 0.067586 0
7048.090000 0.066917 0
7049.750000 0.082807 0
7051.410000 0.085635 0
7053.070000 0.078517 0
7054.730000 0.065567 0
7056.390000 0.071994 0
7058.050000 0.088022 0
7059.710000 0.091833 0
7061.370000 0.069789 0
7063.030000 0.075170 0
7064.690000 0.079227 0
7066.350000 0.077788 0
7068.010000 0.076393 0
7069.670000 0.075199 0
7071.330000 0.073973 0
7072.990000 0.061792 0
7074.650000 0.068718 0
7076.310000 0.065237 0
7077.970000 0.068210 0
7079.630000 0.071349 0
7081.290000 0.059570 0
7082.950000 0.063214 0
7084.610000 0.074003 0
7086.270000 0.066357 0
7087.930000 0.069716 0
7089.590000 0.078846 0
7091.250000 0.076298 0
7092.910000 0.066184 0
7094.570000 0.067198 0
7096.230000 0.067485 0
7097.890000 0.074612 0
7099.550000 0.074570 0
7101.210000 0.071783 0
7102.870000 0.071437 0
7104.530000 0.074531 0
7106.190000 0.081041 0
7107.850000 0.071959 0
7109.510000 0.059895 0
7111.170000 0.063333 0
7112.830000 0.068898 0
7114.490000 0.079192 0
7116.150000 0.069151 0
7117.810000 0.078006 0
7119.470000 0.071246 0
7121.130000 0.077300 0
7122.790000 0.068230 0
7124.450000 0.067089 0
7126.110000 0.056766 0
7127.770000 0.068224 0
7129.430000 0.078942 0
7131.090000 0.067779 0
7132.750000 0.068268 0
7134.410000 0.070458 0
7136.070000 0.067872 0
7137.730000 0.076319 0
7139.390000 0.074674 0
7141.050000 0.076457 0
7142.710000 0.085264 0
7144.370000 0.080131 0
7146.030000 0.075594 0
7147.690000 0.064136 0
7149.350000 0.066395 0
7151.010000 0.071653 0
7152.670000 0.062374 0
7154.330000 0.070319 0
7155.990000 0.058632 0
7157.650000 0.072840 0
7159.310000 0.061479 0
7160.970000 0.076657 0
7162.630000 0.080104 0
7164.290000 0.076395 0
7165.950000 0.073654 0
7167.610000 0.070711 0
7169.270000 0.078811 0
7170.930000 0.063784 0
7172.590000 0.069432 0
7174.250000 0.056981 0
7175.910000 0.070852 0
7177.570000 0.074041 0
7179.230000 0.067366 0
7180.890000 0.079110 0
7182.550000 0.066172 0
7184.210000 0.070892 0
7185.870000 0.060871 0
7187.530000 0.071595 0
7189.190000 0.064442 0
7190.850000 0.061126 0
7192.510000 0.077436 0
7194.170000 0.064950 0
7195.830000 0.063743 0
7197.490000 0.065820 0
7199.150000 0.060438 0
7200.810000 0.067937 0
7202.470000 0.063603 0
7204.130000 0.056573 0
7205.790000 0.056785 0
7207.450000 0.074688 0
7209.110000 0.069998 0
7210.770000 0.062234 0
7212.430000 0.065738 0
7214.090000 0.064575 0
7215.750000 0.069571 0
7217.410000 0.071102 0
7219.070000 0.065939 0
7220.730000 0.056734 0
7222.390000 0.048825 0
7224.050000 0.067061 0
7225.710000 0.070388 0
7227.370000 0.066863 0
7229.030000 0.057683 0
7230.690000 0.064888 0
7232.350000 0.057511 0
7234.010000 0.058569 0
7235.670000 0.066565 0
7237.330000 0.067348 0
7238.990000 0.065987 0
7240.650000 0.043231 0
7242.310000 0.082255 0
7243.970000 0.076966 0
7245.630000 0.065710 0
7247.290000 0.076988 0
7248.950000 0.076783 0
7250.610000 0.063571 0
7252.270000 0.066730 0
7253.930000 0.073860 0
7255.590000 0.068433 0
7257.250000 0.072128 0
7258.910000 0.075614 0
7260.570000 0.072265 0
7262.230000 0.063418 0
7263.890000 0.064864 0
7265.550000 0.065006 0
7267.210000 0.061962 0
7268.870000 0.070719 0
7270.530000 0.063147 0
7272.190000 0.056942 0
7273.850000 0.079604 0
7275.510000 0.052423 0
7277.170000 0.059949 0
7278.830000 0.095211 0
7280.490000 0.062216 0
7282.150000 0.067115 0
7283.810000 0.063385 0
7285.470000 0.057477 0
7287.130000 0.058161 0
7288.790000 0.067969 0
7290.450000 0.075377 0
7292.110000 0.077745 0
7293.770000 0.065478 0
7295.430000 0.073676 0
7297.090000 0.075064 0
7298.750000 0.069402 0
7300.410000 0.058267 0
7302.070000 0.063786 0
7303.730000 0.062175 0
7305.390000 0.073962 0
7307.050000 0.071651 0
7308.710000 0.069295 0
7310.370000 0.075786 0
7312.030000 0.064765 0
7313.690000 0.070537 0
7315.350000 0.070826 0
7317.010000 0.076652 0
7318.670000 0.087415 0
7320.330000 0.053250 0
7321.990000 0.062367 0
7323.650000 0.057923 0
7325.310000 0.056592 0
7326.970000 0.064430 0
7328.630000 0.055639 0
7330.290000 0.056466 0
7331.950000 0.070150 0
7333.610000 0.059220 0
7335.270000 0.077563 0
7336.930000 0.065519 0
7338.590000 0.077161 0
7340.250000 0.038726 0
7341.910000 0.050538 0
7343.570000 0.098918 0
7345.230000 0.052803 0
7346.890000 0.068228 0
7348.550000 0.070649 0
7350.210000 0.048850 0
7351.870000 0.072646 0
7353.530000 0.068074 0
7355.190000 0.061836 0
7356.850000 0.077010 0
7358.510000 0.063121 0
7360.170000 0.069582 0
7361.830000 0.070779 0
7363.490000 0.061822 0
7365.150000 0.063349 0
7366.810000 0.067618 0
7368.470000 0.075014 0
7370.130000 0.056767 0
7371.790000 0.049081 0
7373.450000 0.058418 0
7375.110000 0.062871 0
7376.770000 0.063301 0
7378.430000 0.063839 0
7380.090000 0.062682 0
7381.750000 0.068053 0
7383.410000 0.066571 0
7385.070000 0.065110 0
7386.730000 0.059164 0
7388.390000 0.054440 0
7390.050000 0.062573 0
7391.710000 0.070463 0
7393.370000 0.061534 0
7395.030000 0.068335 0
7396.690000 0.062249 0
7398.350000 0.054887 0
7400.010000 0.060533 0
7401.670000 0.058513 0
7403.330000 0.058926 0
7404.990000 0.068305 0
7406.650000 0.079380 0
7408.310000 0.069717 0
7409.970000 0.064364 0
7411.630000 0.063355 0
7413.290000 0.062549 0
7414.950000 0.061200 0
7416.610000 0.070636 0
7418.270000 0.081496 0
7419.930000 0.063805 0
7421.590000 0.070055 0
7423.250000 0.082582 0
7424.910000 0.073883 0
7426.570000 0.074341 0
7428.230000 0.068076 0
7429.890000 0.066562 0
7431.550000 0.071489 0
7433.210000 0.062281 0
7434.870000 0.059230 0
7436.530000 0.071054 0
7438.190000 0.068217 0
7439.850000 0.060236 0
7441.510000 0.060764 0
7443.170000 0.074509 0
7444.830000 0.070146 0
7446.490000 0.070979 0
7448.150000 0.066391 0
7449.810000 0.068743 0
7451.470000 0.060026 0
7453.130000 0.065482 0
7454.790000 0.057358 0
7456.450000 0.053070 0
7458.110000 0.066941 0
7459.770000 0.074672 0
7461.430000 0.071951 0
7463.090000 0.058963 0
7464.750000 0.067248 0
7466.410000 0.050417 0
7468.070000 0.071906 0
7469.730000 0.078205 0
7471.390000 0.051731 0
7473.050000 0.080548 0
7474.710000 0.068277 0
7476.370000 0.065173 0
7478.030000 0.056288 0
7479.690000 0.066125 0
7481.350000 0.067800 0
7483.010000 0.078294 0
7484.670000 0.051218 0
7486.330000 0.065224 0
7487.990000 0.071937 0
7489.650000 0.077521 0
7491.310000 0.069339 0
7492.970000 0.062910 0
7494.630000 0.059597 0
7496.290000 0.068184 0
7497.950000 0.061747 0
7499.610000 0.076976 0
7501.270000 0.065677 0
7502.930000 0.072707 0
7504.590000 0.073881 0
7506.250000 0.055563 0
7507.910000 0.063625 0
7509.570000 0.066311 0
7511.230000 0.065357 0
7512.890000 0.067753 0
7514.550000 0.074342 0
7516.210000 0.064630 0
7517.870000 0.061107 0
7519.530000 0.061298 0
7521.190000 0.039489 0
7522.850000 0.085554 0
7524.510000 0.084476 0
7526.170000 0.083666 0
7527.830000 0.090838 0
7529.490000 0.076473 0
7531.150000 0.057079 0
7532.810000 0.070330 0
7534.470000 0.075051 0
7536.130000 0.071993 0
7537.790000 0.068737 0
7539.450000 0.061536 0
7541.110000 0.069439 0
7542.770000 0.062995 0
7544.430000 0.062253 0
7546.090000 0.055678 0
7547.750000 0.068946 0
7549.410000 0.061213 0
7551.070000 0.062350 0
7552.730000 0.067022 0
7554.390000 0.067407 0
7556.050000 0.069304 0
7557.710000 0.063285 0
7559.370000 0.072150 0
7561.030000 0.058895 0
7562.690000 0.054427 0
7564.350000 0.054939 0
7566.010000 0.052788 0
7567.670000 0.063437 0
7569.330000 0.039432 0
7570.990000 0.041741 0
7572.650000 0.054839 0
7574.310000 0.073238 0
7575.970000 0.070338 0
7577.630000 0.071326 0
7579.290000 0.067426 0
7580.950000 0.066184 0
7582.610000 0.063689 0
7584.270000 0.056136 0
7585.930000 0.054516 0
7587.590000 0.055893 0
7589.250000 0.066932 0
7590.910000 0.062342 0
7592.570000 0.062358 0
7594.230000 0.054160 0
7595.890000 0.058991 0
7597.550000 0.035881 0
7599.210000 0.052439 0
7600.870000 0.072466 0
7602.530000 0.084201 0
7604.190000 0.047789 0
7605.850000 0.066947 0
7607.510000 0.055159 0
7609.170000 0.055316 0
7610.830000 0.071303 0
7612.490000 0.059205 0
7614.150000 0.037064 0
7615.810000 0.050046 0
7617.470000 0.053012 0
7619.130000 0.067107 0
7620.790000 0.067165 0
7622.450000 0.057808 0
7624.110000 0.039304 0
7625.770000 0.066834 0
7627.430000 0.055227 0
7629.090000 0.056324 0
7630.750000 0.060505 0
7632.410000 0.095234 0
7634.070000 0.072218 0
7635.730000 0.086538 0
7637.390000 0.069694 0
7639.050000 0.071122 0
7640.710000 0.092126 0
7642.370000 0.060652 0
7644.030000 0.074371 0
7645.690000 0.062341 0
7647.350000 0.061765 0
7649.010000 0.048730 0
7650.670000 0.056962 0
7652.330000 0.071622 0
7653.990000 0.057045 0
7655.650000 0.066970 0
7657.310000 0.064745 0
7658.970000 0.070474 0
7660.630000 0.055611 0
7662.290000 0.054516 0
7663.950000 0.064670 0
7665.610000 0.078493 0
7667.270000 0.061336 0
7668.930000 0.072133 0
7670.590000 0.053216 0
7672.250000 0.064708 0
7673.910000 0.065133 0
7675.570000 0.058575 0
7677.230000 0.059732 0
7678.890000 0.065482 0
7680.550000 0.075459 0
7682.210000 0.063721 0
7683.870000 0.059698 0
7685.530000 0.056454 0
7687.190000 0.054799 0
7688.850000 0.064092 0
7690.510000 0.062047 0
7692.170000 0.064936 0
7693.830000 0.057040 0
7695.490000 0.057198 0
7697.150000 0.059146 0
7698.810000 0.069615 0
7700.470000 0.055274 0
7702.130000 0.058944 0
7703.790000 0.063666 0
7705.450000 0.058588 0
7707.110000 0.060274 0
7708.770000 0.029335 0
7710.430000 0.041703 1
7712.090000 0.055700 1
7713.750000 0.081899 1
7715.410000 0.082791 1
7717.070000 0.067815 1
7718.730000 0.076736 1
7720.390000 0.092706 1
7722.050000 0.049650 1
7723.710000 0.060278 1
7725.370000 0.070804 1
7727.030000 0.064727 1
7728.690000 0.071548 1
7730.350000 0.071229 1
7732.010000 0.074735 1
7733.670000 0.071429 1
7735.330000 0.084408 1
7736.990000 0.079739 1
7738.650000 0.085892 1
7740.310000 0.080202 1
7741.970000 0.074910 1
7743.630000 0.073797 1
7745.290000 0.053614 1
7746.950000 0.046386 1
7748.610000 0.105388 1
7750.270000 0.150866 1
7751.930000 0.185176 1
7753.590000 0.177414 1
7755.250000 0.079005 1
7756.910000 0.057629 1
7758.570000 0.101194 1
7760.230000 0.093301 1
7761.890000 0.106801 1
7763.550000 0.079703 1
7765.210000 0.080663 1
7766.870000 0.069509 1
7768.530000 0.069755 1
7770.190000 0.057996 1
7771.850000 0.063817 1
7773.510000 0.070524 1
7775.170000 0.086132 1
7776.830000 0.065927 1
7778.490000 0.066649 1
7780.150000 0.089127 1
7781.810000 0.089552 1
7783.470000 0.076180 1
7785.130000 0.070235 1
7786.790000 0.052481 1
7788.450000 0.060261 1
7790.110000 0.046937 1
7791.770000 0.071856 1
7793.430000 0.128102 1
7795.090000 0.142155 1
7796.750000 0.131802 1
7798.410000 0.089110 1
7800.070000 0.053911 1
7801.730000 0.045836 1
7803.390000 0.040480 1
7805.050000 0.036246 1
7806.710000 0.054066 1
7808.370000 0.072514 1
7810.030000 0.095157 1
7811.690000 0.079459 1
7813.350000 0.059238 1
7815.010000 0.038974 1
7816.670000 0.015667 1
7818.330000 0.053112 1
7819.990000 0.100235 1
7821.650000 0.119546 1
7823.310000 0.131167 1
7824.970000 0.075456 1
7826.630000 0.035153 1
7828.290000 0.035419 1
7829.950000 0.039817 1
7831.610000 0.031843 1
7833.270000 0.032451 1
7834.930000 0.039633 1
7836.590000 0.036725 1
7838.250000 0.048595 1
7839.910000 0.054258 1
7841.570000 0.053998 1
7843.230000 0.044914 1
7844.890000 0.032287 1
7846.550000 0.026944 1
7848.210000 0.021845 1
7849.870000 0.052701 1
7851.530000 0.093979 1
7853.190000 0.078056 1
7854.850000 0.067628 1
7856.510000 0.047989 1
7858.170000 0.041796 1
7859.830000 0.034269 1
7861.490000 0.035340 1
7863.150000 0.027773 1
7864.810000 0.022090 1
7866.470000 0.027756 1
7868.130000 0.033450 1
7869.790000 0.035321 1
7871.450000 0.036229 1
7873.110000 0.013338 1
7874.770000 0.013562 1
7876.430000 0.021895 1
7878.090000 0.018679 1
7879.750000 0.023939 1
7881.410000 0.016353 1
7883.070000 0.006576 1
7884.730000 0.014995 1
7886.390000 0.017448 1
7888.050000 0.016374 1
7889.710000 0.015833 1
7891.370000 0.010789 1
7893.030000 0.007743 1
7894.690000 0.005074 1
7896.350000 0.005123 1
7898.010000 0.005452 1
7899.670000 0.009684 1
7901.330000 -0.000052 1
7902.990000 -0.000443 1
7904.650000 -0.000069 1
7906.310000 -0.000118 1
7907.970000 0.000000 1
7909.630000 0.000000 1
7911.290000 0.000000 1
7912.950000 0.000000 1
7914.610000 0.000000 1
7916.270000 0.000000 1
7917.930000 0.000000 1
7919.590000 0.000000 1
7921.250000 0.000000 1
7922.910000 0.000000 1
7924.570000 0.000000 1
7926.230000 0.000000 1
7927.890000 0.000000 1
7929.550000 0.000000 1
7931.210000 0.000000 1
7932.870000 0.000000 1
7934.530000 0.000000 1
7936.190000 0.000000 1
7937.850000 0.000000 1
7939.510000 0.000000 1
7941.170000 0.000000 1
7942.830000 0.000000 1
7944.490000 0.000000 1
7946.150000 0.000000 1
7947.810000 0.000000 1
7949.470000 0.000000 1
7951.130000 0.000000 1
7952.790000 0.000000 1
7954.450000 0.000000 1
7956.110000 0.000000 1
7957.770000 0.000000 1
7959.430000 0.000000 1
7961.090000 0.000000 1
7962.750000 0.000000 1
7964.410000 0.000000 1
7966.070000 0.000000 1
7967.730000 0.000000 1
7969.390000 0.000000 1
7971.050000 0.000000 1
7972.710000 0.000000 1
7974.370000 0.000000 1
7976.030000 0.000000 1
7977.690000 0.000000 1
7979.350000 0.000000 1
7981.010000 0.000000 1
7982.670000 0.000000 1
7984.330000 0.000000 1
7985.990000 0.000000 1
7987.650000 0.000000 1
7989.310000 0.000000 1
7990.970000 0.000000 1
7992.630000 0.000000 1
7994.290000 0.000000 1
7995.950000 0.000000 1
7997.610000 0.000000 1
7999.270000 0.000000 1
8000.930000 0.000000 1
8002.590000 0.000000 1
8004.250000 0.000000 1
8005.910000 0.000000 1
8007.570000 0.000000 1
8009.230000 0.000000 1
8010.890000 0.000000 1
8012.550000 0.000000 1
8014.210000 0.000000 1
8015.870000 0.000000 1
8017.530000 0.000000 1
8019.190000 0.000000 1
8020.850000 0.000000 1
8022.510000 0.000000 1
8024.170000 0.000000 1
8025.830000 0.000000 1
8027.490000 0.000000 1
8029.150000 0.000000 1
8030.810000 0.000000 1
8032.470000 0.000000 1
8034.130000 0.000000 1
8035.790000 0.000000 1
8037.450000 0.000000 1
8039.110000 0.000000 1
8040.770000 0.000000 1
8042.430000 0.000000 1
8044.090000 0.000000 1
8045.750000 0.000000 1
8047.410000 0.000000 1
8049.070000 0.000000 1
8050.730000 0.000000 1
8052.390000 0.000000 1
8054.050000 0.000000 1
8055.710000 0.000000 1
8057.370000 0.000000 1
8059.030000 0.000000 1
8060.690000 0.000000 1
8062.350000 0.000000 1
8064.010000 0.000000 1
8065.670000 0.000000 1
8067.330000 0.000000 1
8068.990000 0.000000 1
8070.650000 0.000000 1
8072.310000 0.000000 1
8073.970000 0.000000 1
8075.630000 0.000000 1
8077.290000 0.000000 1
8078.950000 0.000000 1
8080.610000 0.000000 1
8082.270000 0.000000 1
8083.930000 0.000000 1
8085.590000 0.000000 1
8087.250000 0.000000 1
8088.910000 0.000000 1
8090.570000 0.000000 1
8092.230000 0.000000 1
8093.890000 0.000000 1
8095.550000 0.000000 1
8097.210000 0.000000 1
8098.870000 0.000000 1
8100.530000 0.000000 1
8102.190000 0.000000 1
8103.850000 0.000000 1
8105.510000 0.000000 1
8107.170000 0.000000 1
8108.830000 0.000000 1
8110.490000 0.000000 1
8112.150000 0.000000 1
8113.810000 0.000000 1
8115.470000 0.000000 1
8117.130000 0.000000 1
8118.790000 0.000000 1
8120.450000 0.000000 1
8122.110000 0.000000 1
8123.770000 0.000000 1
8125.430000 0.000000 1
8127.090000 0.000000 1
8128.750000 0.000000 1
8130.410000 0.000000 1
8132.070000 0.000000 1
8133.730000 0.000000 1
8135.390000 0.000000 1
8137.050000 0.000000 1
8138.710000 0.000000 1
8140.370000 0.000000 1
8142.030000 0.000000 1
8143.690000 0.000000 1
8145.350000 0.000000 1
8147.010000 0.000000 1
8148.670000 0.000000 1
8150.330000 0.000000 1
8151.990000 0.000000 1
8153.650000 0.000000 1
8155.310000 0.000000 1
8156.970000 0.000000 1
8158.630000 0.000000 1
8160.290000 0.000000 1
8161.950000 0.000000 1
8163.610000 0.000000 1
8165.270000 0.000000 1
8166.930000 0.000000 1
8168.590000 0.000000 1
8170.250000 0.000000 1
8171.910000 0.000000 1
8173.570000 0.000000 1
8175.230000 0.000000 1
8176.890000 0.000000 1
8178.550000 0.000000 1
8180.210000 0.000000 1
8181.870000 0.000000 1
8183.530000 0.000000 1
8185.190000 0.000000 1
8186.850000 0.000000 1
8188.510000 0.000000 1
8190.170000 0.000000 1
8191.830000 0.000000 1
8193.490000 0.000000 1
8195.150000 0.000000 1
8196.810000 0.000000 1
8198.470000 0.000000 1
8200.130000 0.000000 1
8201.790000 0.000000 1
8203.450000 0.000000 1
8205.110000 0.000000 1
8206.770000 0.000000 1
8208.430000 0.000000 1
8210.090000 0.000000 1
8211.750000 0.000000 1
8213.410000 0.000000 1
8215.070000 0.000000 1
8216.730000 0.000000 1
8218.390000 0.000000 1
8220.050000 0.000000 1
8221.710000 0.000000 1
8223.370000 0.000000 1
8225.030000 0.000000 1
8226.690000 0.000000 1
8228.350000 0.000000 1
8230.010000 0.000000 1
8231.670000 0.000000 1
8233.330000 0.000000 1
8234.990000 0.000000 1
8236.650000 0.000000 1
8238.310000 0.000000 1
8239.970000 0.000000 1
8241.630000 0.000000 1
8243.290000 0.000000 1
8244.950000 0.000000 1
8246.610000 0.000000 1
8248.270000 0.000000 1
8249.930000 0.000000 1
8251.590000 0.000000 1
8253.250000 0.000000 1
8254.910000 0.000000 1
8256.570000 0.000000 1
8258.230000 0.000000 1
8259.890000 0.000000 1
8261.550000 0.000000 1
8263.210000 0.000000 1
8264.870000 0.000000 1
8266.530000 0.000000 1
8268.190000 0.000000 1
8269.850000 0.000000 1
8271.510000 0.000000 1
8273.170000 0.000000 1
8274.830000 0.000000 1
8276.490000 0.000000 1
8278.150000 0.000000 1
8279.810000 0.000000 1
8281.470000 0.000000 1
8283.130000 0.000000 1
8284.790000 0.000000 1
8286.450000 0.000000 1
8288.110000 0.000000 1
8289.770000 0.000000 1
8291.430000 0.000000 1
8293.090000 0.000000 1
8294.750000 0.000000 1
8296.410000 0.000000 1
8298.070000 0.000000 1
8299.730000 0.000000 1
8301.390000 0.000000 1
8303.050000 0.000000 1
8304.710000 0.000000 1
8306.370000 0.000000 1
8308.030000 0.000000 1
8309.690000 0.000000 1
8311.350000 0.000000 1
8313.010000 0.000000 1
8314.670000 0.000000 1
8316.330000 0.000000 1
8317.990000 0.000000 1
8319.650000 0.000000 1
8321.310000 0.000000 1
8322.970000 0.000000 1
8324.630000 0.000000 1
8326.290000 0.000000 1
8327.950000 0.000000 1
8329.610000 0.000000 1
8331.270000 0.000000 1
8332.930000 0.000000 1
8334.590000 0.000000 1
8336.250000 0.000000 1
8337.910000 0.000000 1
8339.570000 0.000000 1
8341.230000 0.000000 1
8342.890000 0.000000 1
8344.550000 0.000000 1
8346.210000 0.000000 1
8347.870000 0.000000 1
8349.530000 0.000000 1
8351.190000 0.000000 1
8352.850000 0.000000 1
8354.510000 0.000000 1
8356.170000 0.000000 1
8357.830000 0.000000 1
8359.490000 0.000000 1
8361.150000 0.000000 1
8362.810000 0.000000 1
8364.470000 0.000000 1
8366.130000 0.000000 1
8367.790000 0.000000 1
8369.450000 0.000000 1
8371.110000 0.000000 1
8372.770000 0.000000 1
8374.430000 0.000000 1
8376.090000 0.000000 1
8377.750000 0.000000 1
8379.410000 0.000000 1
8381.070000 0.000000 1
8382.730000 0.000000 1
8384.390000 0.000000 1
8386.050000 0.000000 1
8387.710000 0.000000 1
8389.370000 0.000000 1
8391.030000 0.000000 1
8392.690000 0.000000 1
8394.350000 0.000000 1
8396.010000 0.000000 1
8397.670000 0.000000 1
8399.330000 0.000000 1
8400.990000 0.000000 1
8402.650000 0.000000 1
8404.310000 0.000000 1
8405.970000 0.000000 1
8407.630000 0.000000 1
8409.290000 0.000000 1
8410.950000 0.000000 1
8412.610000 0.000000 1
8414.270000 0.000000 1
8415.930000 0.000000 1
8417.590000 0.000000 1
8419.250000 0.000000 1
8420.910000 0.000000 1
8422.570000 0.000000 1
8424.230000 0.000000 1
8425.890000 0.000000 1
8427.550000 0.000000 1
8429.210000 0.000000 1
8430.870000 0.000000 1
8432.530000 0.000000 1
8434.190000 0.000000 1
8435.850000 0.000000 1
8437.510000 0.000000 1
8439.170000 0.000000 1
8440.830000 0.000000 1
8442.490000 0.000000 1
8444.150000 0.000000 1
8445.810000 0.000000 1
8447.470000 0.000000 1
8449.130000 0.000000 1
8450.790000 0.000000 1
8452.450000 0.000000 1
8454.110000 0.000000 1
8455.770000 0.000000 1
8457.430000 0.000000 1
8459.090000 0.000000 1
8460.750000 0.000000 1
8462.410000 0.000000 1
8464.070000 0.000000 1
8465.730000 0.000000 1
8467.390000 0.000000 1
8469.050000 0.000000 1
8470.710000 0.000000 1
8472.370000 0.000000 1
8474.030000 0.000000 1
8475.690000 0.000000 1
8477.350000 0.000000 1
8479.010000 0.000000 1
8480.670000 0.000000 1
8482.330000 0.000000 1
8483.990000 0.000000 1
8485.650000 0.000000 1
8487.310000 0.000000 1
8488.970000 0.000000 1
8490.630000 0.000000 1
8492.290000 0.000000 1
8493.950000 0.000000 1
8495.610000 0.000000 1
8497.270000 0.000000 1
8498.930000 0.000000 1
