# obs: 255704
# slit: 18
# z: 0.13826
# lines: H{beta},[OIII],H{alpha}
# spec: 461
5120.830000 0.000000 1
5122.490000 0.000000 1
5124.150000 0.000000 1
5125.810000 0.000000 1
5127.470000 0.000000 1
5129.130000 0.000000 1
5130.790000 0.000000 1
5132.450000 0.000000 1
5134.110000 0.000000 1
5135.770000 0.000000 1
5137.430000 0.000000 1
5139.090000 0.000000 1
5140.750000 0.000000 1
5142.410000 0.000000 1
5144.070000 0.000000 1
5145.730000 0.000000 1
5147.390000 0.000000 1
5149.050000 0.000000 1
5150.710000 0.000000 1
5152.370000 0.000000 1
5154.030000 0.000000 1
5155.690000 0.000000 1
5157.350000 0.000000 1
5159.010000 0.000000 1
5160.670000 0.000000 1
5162.330000 0.000000 1
5163.990000 0.000000 1
5165.650000 0.000000 1
5167.310000 0.000000 1
5168.970000 0.000000 1
5170.630000 -0.011488 1
5172.290000 0.062510 1
5173.950000 0.060104 1
5175.610000 0.055602 1
5177.270000 0.049362 1
5178.930000 0.052486 1
5180.590000 0.047138 0
5182.250000 0.062087 0
5183.910000 0.073369 0
5185.570000 0.037027 0
5187.230000 0.058069 0
5188.890000 0.056962 0
5190.550000 0.064545 0
5192.210000 0.070649 0
5193.870000 0.087034 0
5195.530000 0.064865 0
5197.190000 0.068687 0
5198.850000 0.084096 0
5200.510000 0.103014 0
5202.170000 0.089985 0
5203.830000 0.067826 0
5205.490000 0.081664 0
5207.150000 0.087855 0
5208.810000 0.080830 0
5210.470000 0.068609 0
5212.130000 0.051581 0
5213.790000 0.052406 0
5215.450000 0.079117 0
5217.110000 0.077541 0
5218.770000 0.073691 0
5220.430000 0.072323 0
5222.090000 0.057103 0
5223.750000 0.066423 0
5225.410000 0.084079 0
5227.070000 0.073294 0
5228.730000 0.044924 0
5230.390000 0.038510 0
5232.050000 0.061554 0
5233.710000 0.072476 0
5235.370000 0.051384 0
5237.030000 0.073742 0
5238.690000 0.063353 0
5240.350000 0.058772 0
5242.010000 0.066317 0
5243.670000 0.061798 0
5245.330000 0.062297 0
5246.990000 0.062878 0
5248.650000 0.056206 0
5250.310000 0.075314 0
5251.970000 0.047132 0
5253.630000 0.058092 0
5255.290000 0.053806 0
5256.950000 0.062304 0
5258.610000 0.075076 0
5260.270000 0.066210 0
5261.930000 0.070574 0
5263.590000 0.050832 0
5265.250000 0.052000 0
5266.910000 0.072410 0
5268.570000 0.069436 0
5270.230000 0.063969 0
5271.890000 0.064246 0
5273.550000 0.048017 0
5275.210000 0.055811 0
5276.870000 0.060948 0
5278.530000 0.049882 0
5280.190000 0.047666 0
5281.850000 0.053516 0
5283.510000 0.069315 0
5285.170000 0.090525 0
5286.830000 0.084899 0
5288.490000 0.064265 0
5290.150000 0.055886 0
5291.810000 0.065585 0
5293.470000 0.072895 0
5295.130000 0.069783 0
5296.790000 0.071479 0
5298.450000 0.078478 0
5300.110000 0.066837 0
5301.770000 0.049338 0
5303.430000 0.061640 0
5305.090000 0.064068 0
5306.750000 0.082265 0
5308.410000 0.070905 0
5310.070000 0.047448 0
5311.730000 0.058376 0
5313.390000 0.079246 0
5315.050000 0.062787 0
5316.710000 0.066472 0
5318.370000 0.067137 0
5320.030000 0.062337 0
5321.690000 0.051188 0
5323.350000 0.068324 0
5325.010000 0.074762 0
5326.670000 0.064360 0
5328.330000 0.080676 0
5329.990000 0.041885 0
5331.650000 0.073182 0
5333.310000 0.053389 0
5334.970000 0.061249 0
5336.630000 0.052843 0
5338.290000 0.057541 0
5339.950000 0.081033 0
5341.610000 0.068363 0
5343.270000 0.053325 0
5344.930000 0.067654 0
5346.590000 0.067658 0
5348.250000 0.058707 0
5349.910000 0.063922 0
5351.570000 0.048569 0
5353.230000 0.066991 0
5354.890000 0.060453 0
5356.550000 0.079933 0
5358.210000 0.069950 0
5359.870000 0.057530 0
5361.530000 0.077799 0
5363.190000 0.052826 0
5364.850000 0.074650 0
5366.510000 0.055246 0
5368.170000 0.069649 0
5369.830000 0.046533 0
5371.490000 0.058375 0
5373.150000 0.052696 0
5374.810000 0.070703 0
5376.470000 0.081712 0
5378.130000 0.070786 0
5379.790000 0.078339 0
5381.450000 0.073107 0
5383.110000 0.034238 0
5384.770000 0.061300 0
5386.430000 0.066073 0
5388.090000 0.049928 0
5389.750000 0.042049 0
5391.410000 0.062127 0
5393.070000 0.064477 0
5394.730000 0.050112 0
5396.390000 0.077031 0
5398.050000 0.060276 0
5399.710000 0.063629 0
5401.370000 0.066536 0
5403.030000 0.074582 0
5404.690000 0.067618 0
5406.350000 0.075516 0
5408.010000 0.058302 0
5409.670000 0.066318 0
5411.330000 0.058637 0
5412.990000 0.063048 0
5414.650000 0.079846 0
5416.310000 0.066391 0
5417.970000 0.064991 0
5419.630000 0.069218 0
5421.290000 0.078372 0
5422.950000 0.043563 0
5424.610000 0.032799 0
5426.270000 0.054823 0
5427.930000 0.043027 0
5429.590000 0.061302 0
5431.250000 0.068840 0
5432.910000 0.074229 0
5434.570000 0.064728 0
5436.230000 0.069855 0
5437.890000 0.060469 0
5439.550000 0.071254 0
5441.210000 0.065728 0
5442.870000 0.057805 0
5444.530000 0.059007 0
5446.190000 0.056790 0
5447.850000 0.057263 0
5449.510000 0.058630 0
5451.170000 0.072510 0
5452.830000 0.069783 0
5454.490000 0.067126 0
5456.150000 0.075396 0
5457.810000 0.052514 0
5459.470000 0.060223 0
5461.130000 0.081574 0
5462.790000 0.068136 0
5464.450000 0.059284 0
5466.110000 0.059883 0
5467.770000 0.059232 0
5469.430000 0.065932 0
5471.090000 0.064317 0
5472.750000 0.054868 0
5474.410000 0.087339 0
5476.070000 0.054680 0
5477.730000 0.060105 0
5479.390000 0.067716 0
5481.050000 0.088067 0
5482.710000 0.080152 0
5484.370000 0.052739 0
5486.030000 0.048585 0
5487.690000 0.072348 0
5489.350000 0.056125 0
5491.010000 0.064158 0
5492.670000 0.058660 0
5494.330000 0.059307 0
5495.990000 0.054598 0
5497.650000 0.070292 0
5499.310000 0.073562 0
5500.970000 0.064055 0
5502.630000 0.046428 0
5504.290000 0.050380 0
5505.950000 0.081286 0
5507.610000 0.070883 0
5509.270000 0.054424 0
5510.930000 0.071009 0
5512.590000 0.055450 0
5514.250000 0.058835 0
5515.910000 0.069781 0
5517.570000 0.070104 0
5519.230000 0.056646 0
5520.890000 0.043999 0
5522.550000 0.038668 0
5524.210000 0.057989 0
5525.870000 0.058220 0
5527.530000 0.038461 0
5529.190000 0.038944 0
5530.850000 0.047469 0
5532.510000 0.065566 0
5534.170000 0.129760 0
5535.830000 0.118914 0
5537.490000 0.065430 0
5539.150000 0.071500 0
5540.810000 0.056356 0
5542.470000 0.047565 0
5544.130000 0.060413 0
5545.790000 0.077359 0
5547.450000 0.056059 0
5549.110000 0.078954 0
5550.770000 0.075489 0
5552.430000 0.068787 0
5554.090000 0.073441 0
5555.750000 0.071958 0
5557.410000 0.060448 0
5559.070000 0.057640 0
5560.730000 0.055194 0
5562.390000 0.041347 0
5564.050000 0.039572 0
5565.710000 0.063762 0
5567.370000 0.052493 0
5569.030000 0.058362 0
5570.690000 0.054848 0
5572.350000 0.114645 1
5574.010000 -0.049399 1
5575.670000 0.206507 1
5577.330000 0.216213 1
5578.990000 -0.076154 1
5580.650000 0.070495 1
5582.310000 0.043572 1
5583.970000 0.073076 1
5585.630000 0.052363 0
5587.290000 0.055580 0
5588.950000 0.077131 0
5590.610000 0.064218 0
5592.270000 0.054708 0
5593.930000 0.063260 0
5595.590000 0.069293 0
5597.250000 0.057545 0
5598.910000 0.056231 0
5600.570000 0.051510 0
5602.230000 0.051774 0
5603.890000 0.058030 0
5605.550000 0.048096 0
5607.210000 0.052775 0
5608.870000 0.078428 0
5610.530000 0.052436 0
5612.190000 0.044591 0
5613.850000 0.074710 0
5615.510000 0.063869 0
5617.170000 0.051474 0
5618.830000 0.059971 0
5620.490000 0.076113 0
5622.150000 0.081581 0
5623.810000 0.058648 0
5625.470000 0.062452 0
5627.130000 0.073271 0
5628.790000 0.060411 0
5630.450000 0.057311 0
5632.110000 0.064383 0
5633.770000 0.078643 0
5635.430000 0.059617 0
5637.090000 0.064495 0
5638.750000 0.084028 0
5640.410000 0.072390 0
5642.070000 0.069242 0
5643.730000 0.058179 0
5645.390000 0.086342 0
5647.050000 0.086536 0
5648.710000 0.080859 0
5650.370000 0.043716 0
5652.030000 0.036533 0
5653.690000 0.068500 0
5655.350000 0.076460 0
5657.010000 0.065565 0
5658.670000 0.032115 0
5660.330000 0.043712 0
5661.990000 0.069706 0
5663.650000 0.055516 0
5665.310000 0.046471 0
5666.970000 0.070319 0
5668.630000 0.050961 0
5670.290000 0.055396 0
5671.950000 0.054822 0
5673.610000 0.066469 0
5675.270000 0.065657 0
5676.930000 0.080243 0
5678.590000 0.079379 0
5680.250000 0.058227 0
5681.910000 0.058119 0
5683.570000 0.044953 0
5685.230000 0.045702 0
5686.890000 0.068738 0
5688.550000 0.067741 0
5690.210000 0.057882 0
5691.870000 0.069231 0
5693.530000 0.053780 0
5695.190000 0.044022 0
5696.850000 0.070850 0
5698.510000 0.082143 0
5700.170000 0.146383 0
5701.830000 0.122258 0
5703.490000 0.104430 0
5705.150000 0.077146 0
5706.810000 0.044458 0
5708.470000 0.048527 0
5710.130000 0.054797 0
5711.790000 0.049063 0
5713.450000 0.048781 0
5715.110000 0.059989 0
5716.770000 0.060651 0
5718.430000 0.062678 0
5720.090000 0.065989 0
5721.750000 0.061194 0
5723.410000 0.046207 0
5725.070000 0.060244 0
5726.730000 0.063664 0
5728.390000 0.051936 0
5730.050000 0.064001 0
5731.710000 0.045490 0
5733.370000 0.083428 0
5735.030000 0.052084 0
5736.690000 0.047825 0
5738.350000 0.046886 0
5740.010000 0.053004 0
5741.670000 0.063179 0
5743.330000 0.089075 0
5744.990000 0.071476 0
5746.650000 0.062976 0
5748.310000 0.061797 0
5749.970000 0.047577 0
5751.630000 0.043415 0
5753.290000 0.060455 0
5754.950000 0.056508 0
5756.610000 0.057811 0
5758.270000 0.066184 0
5759.930000 0.056412 0
5761.590000 0.070017 0
5763.250000 0.049803 0
5764.910000 0.051157 0
5766.570000 0.076857 0
5768.230000 0.068002 0
5769.890000 0.052366 0
5771.550000 0.055485 0
5773.210000 0.043922 0
5774.870000 0.047655 0
5776.530000 0.059431 0
5778.190000 0.046405 0
5779.850000 0.056542 0
5781.510000 0.080304 0
5783.170000 0.056790 0
5784.830000 0.063357 0
5786.490000 0.064004 0
5788.150000 0.049047 0
5789.810000 0.029864 0
5791.470000 0.057981 0
5793.130000 0.057116 0
5794.790000 0.072578 0
5796.450000 0.046507 0
5798.110000 0.044867 0
5799.770000 0.060917 0
5801.430000 0.069545 0
5803.090000 0.053621 0
5804.750000 0.070160 0
5806.410000 0.066991 0
5808.070000 0.036033 0
5809.730000 0.044527 0
5811.390000 0.064431 0
5813.050000 0.054704 0
5814.710000 0.058802 0
5816.370000 0.073069 0
5818.030000 0.053445 0
5819.690000 0.059089 0
5821.350000 0.055828 0
5823.010000 0.062986 0
5824.670000 0.060428 0
5826.330000 0.077520 0
5827.990000 0.072735 0
5829.650000 0.049529 0
5831.310000 0.051561 0
5832.970000 0.064838 0
5834.630000 0.070101 0
5836.290000 0.060905 0
5837.950000 0.051531 0
5839.610000 0.038167 0
5841.270000 0.067833 0
5842.930000 0.062804 0
5844.590000 0.061065 0
5846.250000 0.066140 0
5847.910000 0.055135 0
5849.570000 0.053414 0
5851.230000 0.051983 0
5852.890000 0.045599 0
5854.550000 0.060717 0
5856.210000 0.051027 0
5857.870000 0.056578 0
5859.530000 0.049828 0
5861.190000 0.055144 0
5862.850000 0.057475 0
5864.510000 0.066462 0
5866.170000 0.068662 0
5867.830000 0.053499 0
5869.490000 0.046095 0
5871.150000 0.069277 0
5872.810000 0.055549 0
5874.470000 0.053292 0
5876.130000 0.071768 0
5877.790000 0.042189 0
5879.450000 0.045300 0
5881.110000 0.059213 0
5882.770000 0.034576 0
5884.430000 0.030146 0
5886.090000 0.057635 0
5887.750000 0.032880 0
5889.410000 0.039803 0
5891.070000 0.049379 0
5892.730000 0.036695 0
5894.390000 0.074876 0
5896.050000 0.064222 0
5897.710000 0.054641 0
5899.370000 0.042457 0
5901.030000 0.053632 0
5902.690000 0.044006 0
5904.350000 0.038417 0
5906.010000 0.058824 0
5907.670000 0.053498 0
5909.330000 0.050731 0
5910.990000 0.044380 0
5912.650000 0.060266 0
5914.310000 0.067073 0
5915.970000 0.058310 0
5917.630000 0.042262 0
5919.290000 0.044148 0
5920.950000 0.054507 0
5922.610000 0.053161 0
5924.270000 0.058533 0
5925.930000 0.034059 0
5927.590000 0.057132 0
5929.250000 0.044254 0
5930.910000 0.063897 0
5932.570000 0.032914 0
5934.230000 0.055769 0
5935.890000 0.046620 0
5937.550000 0.052425 0
5939.210000 0.044006 0
5940.870000 0.067803 0
5942.530000 0.055461 0
5944.190000 0.050217 0
5945.850000 0.055037 0
5947.510000 0.064660 0
5949.170000 0.054448 0
5950.830000 0.051041 0
5952.490000 0.055321 0
5954.150000 0.044364 0
5955.810000 0.040138 0
5957.470000 0.057236 0
5959.130000 0.033397 0
5960.790000 0.059157 0
5962.450000 0.036951 0
5964.110000 0.047097 0
5965.770000 0.059744 0
5967.430000 0.052758 0
5969.090000 0.048637 0
5970.750000 0.036397 0
5972.410000 0.061361 0
5974.070000 0.052757 0
5975.730000 0.045121 0
5977.390000 0.059384 0
5979.050000 0.062679 0
5980.710000 0.053081 0
5982.370000 0.069234 0
5984.030000 0.031736 0
5985.690000 0.055598 0
5987.350000 0.057228 0
5989.010000 0.051292 0
5990.670000 0.053482 0
5992.330000 0.056442 0
5993.990000 0.053137 0
5995.650000 0.046476 0
5997.310000 0.033307 0
5998.970000 0.038413 0
6000.630000 0.039225 0
6002.290000 0.050493 0
6003.950000 0.047410 0
6005.610000 0.051349 0
6007.270000 0.055700 0
6008.930000 0.057359 0
6010.590000 0.051419 0
6012.250000 0.065637 0
6013.910000 0.055947 0
6015.570000 0.053849 0
6017.230000 0.052351 0
6018.890000 0.059296 0
6020.550000 0.051188 0
6022.210000 0.068838 0
6023.870000 0.055954 0
6025.530000 0.048518 0
6027.190000 0.065376 0
6028.850000 0.063360 0
6030.510000 0.057402 0
6032.170000 0.054263 0
6033.830000 0.049568 0
6035.490000 0.045163 0
6037.150000 0.053891 0
6038.810000 0.058650 0
6040.470000 0.059391 0
6042.130000 0.051772 0
6043.790000 0.058328 0
6045.450000 0.062053 0
6047.110000 0.071119 0
6048.770000 0.057130 0
6050.430000 0.055853 0
6052.090000 0.045638 0
6053.750000 0.051508 0
6055.410000 0.057840 0
6057.070000 0.063880 0
6058.730000 0.068796 0
6060.390000 0.072504 0
6062.050000 0.050975 0
6063.710000 0.052268 0
6065.370000 0.050526 0
6067.030000 0.031775 0
6068.690000 0.047445 0
6070.350000 0.043939 0
6072.010000 0.046878 0
6073.670000 0.059300 0
6075.330000 0.059779 0
6076.990000 0.069584 0
6078.650000 0.060449 0
6080.310000 0.057125 0
6081.970000 0.041027 0
6083.630000 0.052513 0
6085.290000 0.054724 0
6086.950000 0.049047 0
6088.610000 0.057103 0
6090.270000 0.048594 0
6091.930000 0.049378 0
6093.590000 0.060775 0
6095.250000 0.068559 0
6096.910000 0.042986 0
6098.570000 0.042816 0
6100.230000 0.060196 0
6101.890000 0.046926 0
6103.550000 0.064882 0
6105.210000 0.067591 0
6106.870000 0.061151 0
6108.530000 0.049935 0
6110.190000 0.049230 0
6111.850000 0.066602 0
6113.510000 0.069450 0
6115.170000 0.053697 0
6116.830000 0.050923 0
6118.490000 0.053343 0
6120.150000 0.053513 0
6121.810000 0.049930 0
6123.470000 0.055284 0
6125.130000 0.067919 0
6126.790000 0.053774 0
6128.450000 0.050526 0
6130.110000 0.061673 0
6131.770000 0.058557 0
6133.430000 0.057015 0
6135.090000 0.058120 0
6136.750000 0.048354 0
6138.410000 0.052395 0
6140.070000 0.043163 0
6141.730000 0.042795 0
6143.390000 0.053075 0
6145.050000 0.047346 0
6146.710000 0.056059 0
6148.370000 0.059054 0
6150.030000 0.055716 0
6151.690000 0.053278 0
6153.350000 0.052210 0
6155.010000 0.048511 0
6156.670000 0.043690 0
6158.330000 0.046139 0
6159.990000 0.055644 0
6161.650000 0.062017 0
6163.310000 0.062379 0
6164.970000 0.046904 0
6166.630000 0.039968 0
6168.290000 0.062368 0
6169.950000 0.051367 0
6171.610000 0.045368 0
6173.270000 0.046068 0
6174.930000 0.051334 0
6176.590000 0.040357 0
6178.250000 0.050392 0
6179.910000 0.063677 0
6181.570000 0.050635 0
6183.230000 0.055576 0
6184.890000 0.050030 0
6186.550000 0.078322 0
6188.210000 0.066598 0
6189.870000 0.054409 0
6191.530000 0.049432 0
6193.190000 0.032609 0
6194.850000 0.045730 0
6196.510000 0.029440 0
6198.170000 0.050086 0
6199.830000 0.034755 0
6201.490000 0.056308 0
6203.150000 0.047292 0
6204.810000 0.059580 0
6206.470000 0.067613 0
6208.130000 0.051261 0
6209.790000 0.036665 0
6211.450000 0.043014 0
6213.110000 0.050607 0
6214.770000 0.063701 0
6216.430000 0.062083 0
6218.090000 0.051995 0
6219.750000 0.044951 0
6221.410000 0.056363 0
6223.070000 0.051144 0
6224.730000 0.044936 0
6226.390000 0.051658 0
6228.050000 0.049530 0
6229.710000 0.050494 0
6231.370000 0.063138 0
6233.030000 0.064388 0
6234.690000 0.051564 0
6236.350000 0.048300 0
6238.010000 0.065035 0
6239.670000 0.049857 0
6241.330000 0.050361 0
6242.990000 0.048103 0
6244.650000 0.042866 0
6246.310000 0.054089 0
6247.970000 0.047845 0
6249.630000 0.056185 0
6251.290000 0.056411 0
6252.950000 0.058105 0
6254.610000 0.034806 0
6256.270000 0.039942 0
6257.930000 0.058711 0
6259.590000 0.045353 0
6261.250000 0.050305 0
6262.910000 0.057209 0
6264.570000 0.045081 0
6266.230000 0.045180 0
6267.890000 0.046692 0
6269.550000 0.062562 0
6271.210000 0.056872 0
6272.870000 0.052549 0
6274.530000 0.048775 0
6276.190000 0.047660 0
6277.850000 0.044412 0
6279.510000 0.049702 0
6281.170000 0.049421 0
6282.830000 0.056149 0
6284.490000 0.062746 0
6286.150000 0.051293 0
6287.810000 0.047902 0
6289.470000 0.048747 0
6291.130000 0.057290 1
6292.790000 0.035723 1
6294.450000 0.037083 1
6296.110000 0.118910 1
6297.770000 0.122039 1
6299.430000 0.080190 1
6301.090000 -0.053607 1
6302.750000 -0.077846 1
6304.410000 0.057685 1
6306.070000 0.038364 1
6307.730000 0.040683 1
6309.390000 0.039492 1
6311.050000 0.043728 1
6312.710000 0.036017 0
6314.370000 0.048806 0
6316.030000 0.050002 0
6317.690000 0.055869 0
6319.350000 0.047528 0
6321.010000 0.050083 0
6322.670000 0.050632 0
6324.330000 0.049680 0
6325.990000 0.055433 0
6327.650000 0.045844 0
6329.310000 0.073151 0
6330.970000 0.054451 0
6332.630000 0.033803 0
6334.290000 0.033755 0
6335.950000 0.054818 0
6337.610000 0.056977 0
6339.270000 0.048066 0
6340.930000 0.045019 0
6342.590000 0.051653 0
6344.250000 0.047451 0
6345.910000 0.049745 0
6347.570000 0.046253 0
6349.230000 0.033866 0
6350.890000 0.048590 0
6352.550000 0.046013 0
6354.210000 0.054372 0
6355.870000 0.041402 0
6357.530000 0.047855 1
6359.190000 0.051693 1
6360.850000 0.100511 1
6362.510000 0.050664 1
6364.170000 0.089245 1
6365.830000 0.112057 1
6367.490000 -0.016207 1
6369.150000 0.046822 1
6370.810000 0.042798 0
6372.470000 0.045830 0
6374.130000 0.041118 0
6375.790000 0.039708 0
6377.450000 0.047984 0
6379.110000 0.045871 0
6380.770000 0.049325 0
6382.430000 0.057614 0
6384.090000 0.048243 0
6385.750000 0.039118 0
6387.410000 0.051757 0
6389.070000 0.056046 0
6390.730000 0.045739 0
6392.390000 0.058676 0
6394.050000 0.051908 0
6395.710000 0.056664 0
6397.370000 0.049936 0
6399.030000 0.049383 0
6400.690000 0.036324 0
6402.350000 0.050156 0
6404.010000 0.053823 0
6405.670000 0.051127 0
6407.330000 0.049134 0
6408.990000 0.057907 0
6410.650000 0.047562 0
6412.310000 0.053230 0
6413.970000 0.044591 0
6415.630000 0.037799 0
6417.290000 0.043753 0
6418.950000 0.046987 0
6420.610000 0.047484 0
6422.270000 0.038062 0
6423.930000 0.049648 0
6425.590000 0.050406 0
6427.250000 0.048051 0
6428.910000 0.040390 0
6430.570000 0.039743 0
6432.230000 0.044459 0
6433.890000 0.043478 0
6435.550000 0.053673 0
6437.210000 0.049648 0
6438.870000 0.034381 0
6440.530000 0.037638 0
6442.190000 0.044928 0
6443.850000 0.054962 0
6445.510000 0.046350 0
6447.170000 0.051618 0
6448.830000 0.046493 0
6450.490000 0.059038 0
6452.150000 0.058417 0
6453.810000 0.047324 0
6455.470000 0.042483 0
6457.130000 0.044580 0
6458.790000 0.045717 0
6460.450000 0.059990 0
6462.110000 0.054775 0
6463.770000 0.054434 0
6465.430000 0.040336 0
6467.090000 0.037345 0
6468.750000 0.048521 0
6470.410000 0.047711 0
6472.070000 0.045138 0
6473.730000 0.048388 0
6475.390000 0.044943 0
6477.050000 0.048146 0
6478.710000 0.068516 0
6480.370000 0.055947 0
6482.030000 0.056179 0
6483.690000 0.042487 0
6485.350000 0.033000 0
6487.010000 0.057621 0
6488.670000 0.054186 0
6490.330000 0.053274 0
6491.990000 0.046271 0
6493.650000 0.057322 0
6495.310000 0.060899 0
6496.970000 0.042614 0
6498.630000 0.055205 0
6500.290000 0.063974 0
6501.950000 0.052443 0
6503.610000 0.040860 0
6505.270000 0.053742 0
6506.930000 0.038404 0
6508.590000 0.052384 0
6510.250000 0.048311 0
6511.910000 0.058527 0
6513.570000 0.053123 0
6515.230000 0.052238 0
6516.890000 0.049628 0
6518.550000 0.033413 0
6520.210000 0.042976 0
6521.870000 0.053434 0
6523.530000 0.044986 0
6525.190000 0.041130 0
6526.850000 0.050261 0
6528.510000 0.051101 0
6530.170000 0.055313 0
6531.830000 0.050156 0
6533.490000 0.040638 0
6535.150000 0.055506 0
6536.810000 0.060070 0
6538.470000 0.045127 0
6540.130000 0.048729 0
6541.790000 0.055378 0
6543.450000 0.049382 0
6545.110000 0.042074 0
6546.770000 0.053621 0
6548.430000 0.051203 0
6550.090000 0.053474 0
6551.750000 0.050506 0
6553.410000 0.049898 0
6555.070000 0.051659 0
6556.730000 0.035113 0
6558.390000 0.032463 0
6560.050000 0.048021 0
6561.710000 0.057278 0
6563.370000 0.059471 0
6565.030000 0.048421 0
6566.690000 0.057244 0
6568.350000 0.047141 0
6570.010000 0.038865 0
6571.670000 0.044009 0
6573.330000 0.051027 0
6574.990000 0.061644 0
6576.650000 0.046859 0
6578.310000 0.042667 0
6579.970000 0.035731 0
6581.630000 0.048296 0
6583.290000 0.042559 0
6584.950000 0.048393 0
6586.610000 0.047438 0
6588.270000 0.042967 0
6589.930000 0.033259 0
6591.590000 0.042949 0
6593.250000 0.046836 0
6594.910000 0.058287 0
6596.570000 0.039628 0
6598.230000 0.042888 0
6599.890000 0.047301 0
6601.550000 0.047287 0
6603.210000 0.054513 0
6604.870000 0.049957 0
6606.530000 0.061951 0
6608.190000 0.045331 0
6609.850000 0.040197 0
6611.510000 0.044179 0
6613.170000 0.041856 0
6614.830000 0.050571 0
6616.490000 0.038163 0
6618.150000 0.042132 0
6619.810000 0.041348 0
6621.470000 0.037352 0
6623.130000 0.049741 0
6624.790000 0.050659 0
6626.450000 0.049375 0
6628.110000 0.053440 0
6629.770000 0.051888 0
6631.430000 0.055263 0
6633.090000 0.045781 0
6634.750000 0.046100 0
6636.410000 0.044952 0
6638.070000 0.047218 0
6639.730000 0.045511 0
6641.390000 0.043387 0
6643.050000 0.044312 0
6644.710000 0.055480 0
6646.370000 0.047425 0
6648.030000 0.057527 0
6649.690000 0.050416 0
6651.350000 0.043692 0
6653.010000 0.040221 0
6654.670000 0.051995 0
6656.330000 0.055163 0
6657.990000 0.051540 0
6659.650000 0.050960 0
6661.310000 0.047300 0
6662.970000 0.042208 0
6664.630000 0.047400 0
6666.290000 0.034912 0
6667.950000 0.034773 0
6669.610000 0.044289 0
6671.270000 0.037721 0
6672.930000 0.046530 0
6674.590000 0.049034 0
6676.250000 0.052107 0
6677.910000 0.047206 0
6679.570000 0.036880 0
6681.230000 0.040965 0
6682.890000 0.040777 0
6684.550000 0.044715 0
6686.210000 0.055822 0
6687.870000 0.046255 0
6689.530000 0.046746 0
6691.190000 0.052912 0
6692.850000 0.049727 0
6694.510000 0.050747 0
6696.170000 0.039918 0
6697.830000 0.040518 0
6699.490000 0.044515 0
6701.150000 0.052267 0
6702.810000 0.045688 0
6704.470000 0.040241 0
6706.130000 0.049068 0
6707.790000 0.039874 0
6709.450000 0.048303 0
6711.110000 0.045089 0
6712.770000 0.048345 0
6714.430000 0.031542 0
6716.090000 0.031391 0
6717.750000 0.038003 0
6719.410000 0.042400 0
6721.070000 0.039129 0
6722.730000 0.054121 0
6724.390000 0.046039 0
6726.050000 0.037772 0
6727.710000 0.045156 0
6729.370000 0.046280 0
6731.030000 0.043986 0
6732.690000 0.047376 0
6734.350000 0.040682 0
6736.010000 0.045884 0
6737.670000 0.043904 0
6739.330000 0.039746 0
6740.990000 0.037357 0
6742.650000 0.040182 0
6744.310000 0.035750 0
6745.970000 0.033540 0
6747.630000 0.043637 0
6749.290000 0.056753 0
6750.950000 0.046154 0
6752.610000 0.048994 0
6754.270000 0.047245 0
6755.930000 0.047792 0
6757.590000 0.036914 0
6759.250000 0.037722 0
6760.910000 0.051997 0
6762.570000 0.047279 0
6764.230000 0.050842 0
6765.890000 0.041414 0
6767.550000 0.046550 0
6769.210000 0.036421 0
6770.870000 0.051025 0
6772.530000 0.036950 0
6774.190000 0.046669 0
6775.850000 0.050028 0
6777.510000 0.039374 0
6779.170000 0.042233 0
6780.830000 0.047295 0
6782.490000 0.045745 0
6784.150000 0.033909 0
6785.810000 0.048387 0
6787.470000 0.045073 0
6789.130000 0.043437 0
6790.790000 0.040391 0
6792.450000 0.042170 0
6794.110000 0.046496 0
6795.770000 0.052200 0
6797.430000 0.047108 0
6799.090000 0.033788 0
6800.750000 0.046520 0
6802.410000 0.044424 0
6804.070000 0.055200 0
6805.730000 0.045763 0
6807.390000 0.041418 0
6809.050000 0.040695 0
6810.710000 0.046792 0
6812.370000 0.033241 0
6814.030000 0.053912 0
6815.690000 0.049803 0
6817.350000 0.038826 0
6819.010000 0.043611 0
6820.670000 0.035321 0
6822.330000 0.043431 0
6823.990000 0.049233 0
6825.650000 0.048727 0
6827.310000 0.031741 0
6828.970000 0.043189 0
6830.630000 0.040280 0
6832.290000 0.046909 0
6833.950000 0.044151 0
6835.610000 0.049931 0
6837.270000 0.034867 0
6838.930000 0.039721 0
6840.590000 0.040328 0
6842.250000 0.046105 0
6843.910000 0.039600 0
6845.570000 0.040795 0
6847.230000 0.039698 0
6848.890000 0.037707 0
6850.550000 0.037186 0
6852.210000 0.035320 0
6853.870000 0.035432 0
6855.530000 0.037781 0
6857.190000 0.036936 0
6858.850000 0.039854 0
6860.510000 0.030724 0
6862.170000 0.057748 0
6863.830000 0.068139 0
6865.490000 0.046053 0
6867.150000 0.023426 0
6868.810000 0.031933 0
6870.470000 0.027048 0
6872.130000 0.029430 0
6873.790000 0.029236 0
6875.450000 0.031167 0
6877.110000 0.032968 0
6878.770000 0.039187 0
6880.430000 0.039398 0
6882.090000 0.035381 0
6883.750000 0.031381 0
6885.410000 0.041953 0
6887.070000 0.034474 0
6888.730000 0.042483 0
6890.390000 0.043009 0
6892.050000 0.032009 0
6893.710000 0.031663 0
6895.370000 0.034075 0
6897.030000 0.039031 0
6898.690000 0.045065 0
6900.350000 0.042987 0
6902.010000 0.042955 0
6903.670000 0.035458 0
6905.330000 0.038329 0
6906.990000 0.035439 0
6908.650000 0.049237 0
6910.310000 0.035152 0
6911.970000 0.030294 0
6913.630000 0.038135 0
6915.290000 0.043178 0
6916.950000 0.047816 0
6918.610000 0.043770 0
6920.270000 0.041741 0
6921.930000 0.039721 0
6923.590000 0.022828 0
6925.250000 0.033407 0
6926.910000 0.038695 0
6928.570000 0.039981 0
6930.230000 0.039840 0
6931.890000 0.033917 0
6933.550000 0.039520 0
6935.210000 0.038890 0
6936.870000 0.037351 0
6938.530000 0.042312 0
6940.190000 0.043551 0
6941.850000 0.039910 0
6943.510000 0.027242 0
6945.170000 0.028874 0
6946.830000 0.017454 0
6948.490000 0.047444 0
6950.150000 0.031727 0
6951.810000 0.023204 0
6953.470000 0.045084 0
6955.130000 0.044173 0
6956.790000 0.041379 0
6958.450000 0.033461 0
6960.110000 0.032130 0
6961.770000 0.033156 0
6963.430000 0.043825 0
6965.090000 0.040559 0
6966.750000 0.034718 0
6968.410000 0.026752 0
6970.070000 0.040411 0
6971.730000 0.040091 0
6973.390000 0.034534 0
6975.050000 0.046543 0
6976.710000 0.045015 0
6978.370000 0.035880 0
6980.030000 0.033816 0
6981.690000 0.043418 0
6983.350000 0.039468 0
6985.010000 0.031218 0
6986.670000 0.034270 0
6988.330000 0.031147 0
6989.990000 0.030978 0
6991.650000 0.031686 0
6993.310000 0.055125 0
6994.970000 0.041583 0
6996.630000 0.034144 0
6998.290000 0.037116 0
6999.950000 0.037878 0
7001.610000 0.037075 0
7003.270000 0.033011 0
7004.930000 0.040886 0
7006.590000 0.057990 0
7008.250000 0.030708 0
7009.910000 0.024765 0
7011.570000 0.042295 0
7013.230000 0.043372 0
7014.890000 0.036638 0
7016.550000 0.036134 0
7018.210000 0.023374 0
7019.870000 0.034463 0
7021.530000 0.047493 0
7023.190000 0.036019 0
7024.850000 0.030614 0
7026.510000 0.034331 0
7028.170000 0.033255 0
7029.830000 0.033139 0
7031.490000 0.047771 0
7033.150000 0.041085 0
7034.810000 0.037623 0
7036.470000 0.037272 0
7038.130000 0.039203 0
7039.790000 0.050378 0
7041.450000 0.036007 0
7043.110000 0.031367 0
7044.770000 0.041108 0
7046.430000 0.037413 0
7048.090000 0.037600 0
7049.750000 0.027301 0
7051.410000 0.036328 0
7053.070000 0.036848 0
7054.730000 0.044483 0
7056.390000 0.052353 0
7058.050000 0.041376 0
7059.710000 0.036145 0
7061.370000 0.042494 0
7063.030000 0.032604 0
7064.690000 0.030874 0
7066.350000 0.045874 0
7068.010000 0.038545 0
7069.670000 0.034857 0
7071.330000 0.038755 0
7072.990000 0.042792 0
7074.650000 0.036300 0
7076.310000 0.028594 0
7077.970000 0.041149 0
7079.630000 0.041861 0
7081.290000 0.031025 0
7082.950000 0.028789 0
7084.610000 0.030670 0
7086.270000 0.042980 0
7087.930000 0.041764 0
7089.590000 0.030091 0
7091.250000 0.035161 0
7092.910000 0.037131 0
7094.570000 0.035979 0
7096.230000 0.028940 0
7097.890000 0.036170 0
7099.550000 0.040791 0
7101.210000 0.033286 0
7102.870000 0.036472 0
7104.530000 0.034878 0
7106.190000 0.031122 0
7107.850000 0.024760 0
7109.510000 0.035885 0
7111.170000 0.043206 0
7112.830000 0.045209 0
7114.490000 0.034811 0
7116.150000 0.034968 0
7117.810000 0.036948 0
7119.470000 0.036458 0
7121.130000 0.043795 0
7122.790000 0.040160 0
7124.450000 0.023908 0
7126.110000 0.038331 0
7127.770000 0.023475 0
7129.430000 0.026189 0
7131.090000 0.043923 0
7132.750000 0.041386 0
7134.410000 0.039083 0
7136.070000 0.040725 0
7137.730000 0.034795 0
7139.390000 0.037589 0
7141.050000 0.032508 0
7142.710000 0.030479 0
7144.370000 0.040211 0
7146.030000 0.034128 0
7147.690000 0.028070 0
7149.350000 0.017930 0
7151.010000 0.024951 0
7152.670000 0.040159 0
7154.330000 0.035647 0
7155.990000 0.035041 0
7157.650000 0.034394 0
7159.310000 0.029326 0
7160.970000 0.036772 0
7162.630000 0.037975 0
7164.290000 0.036583 0
7165.950000 0.027432 0
7167.610000 0.034881 0
7169.270000 0.037022 0
7170.930000 0.045159 0
7172.590000 0.043307 0
7174.250000 0.037792 0
7175.910000 0.039627 0
7177.570000 0.037110 0
7179.230000 0.041507 0
7180.890000 0.046355 0
7182.550000 0.036715 0
7184.210000 0.037505 0
7185.870000 0.042318 0
7187.530000 0.034479 0
7189.190000 0.033152 0
7190.850000 0.024694 0
7192.510000 0.025854 0
7194.170000 0.026646 0
7195.830000 0.024609 0
7197.490000 0.034044 0
7199.150000 0.027274 0
7200.810000 0.032614 0
7202.470000 0.039224 0
7204.130000 0.033906 0
7205.790000 0.036010 0
7207.450000 0.034165 0
7209.110000 0.034634 0
7210.770000 0.037883 0
7212.430000 0.034563 0
7214.090000 0.038231 0
7215.750000 0.028348 0
7217.410000 0.038720 0
7219.070000 0.035233 0
7220.730000 0.041669 0
7222.390000 0.033611 0
7224.050000 0.033785 0
7225.710000 0.030201 0
7227.370000 0.039198 0
7229.030000 0.038872 0
7230.690000 0.031777 0
7232.350000 0.033071 0
7234.010000 0.028062 0
7235.670000 0.044775 0
7237.330000 0.042954 0
7238.990000 0.046665 0
7240.650000 0.028751 0
7242.310000 0.043499 0
7243.970000 0.064898 0
7245.630000 0.055341 0
7247.290000 0.027906 0
7248.950000 0.029918 0
7250.610000 0.028090 0
7252.270000 0.010840 0
7253.930000 0.029908 0
7255.590000 0.029983 0
7257.250000 0.036987 0
7258.910000 0.040032 0
7260.570000 0.043436 0
7262.230000 0.030209 0
7263.890000 0.033754 0
7265.550000 0.040519 0
7267.210000 0.033924 0
7268.870000 0.033213 0
7270.530000 0.033875 0
7272.190000 0.043453 0
7273.850000 0.046317 0
7275.510000 0.023255 0
7277.170000 0.035091 0
7278.830000 -0.020524 0
7280.490000 0.027032 0
7282.150000 0.039284 0
7283.810000 0.024560 0
7285.470000 0.041096 0
7287.130000 0.021607 0
7288.790000 0.041099 0
7290.450000 0.038227 0
7292.110000 0.039846 0
7293.770000 0.029819 0
7295.430000 0.026809 0
7297.090000 0.025507 0
7298.750000 0.035236 0
7300.410000 0.040063 0
7302.070000 0.033785 0
7303.730000 0.036210 0
7305.390000 0.044605 0
7307.050000 0.037995 0
7308.710000 0.032493 0
7310.370000 0.033828 0
7312.030000 0.035928 0
7313.690000 0.027618 0
7315.350000 0.023624 0
7317.010000 0.042334 0
7318.670000 0.031684 0
7320.330000 0.045590 0
7321.990000 0.034237 0
7323.650000 0.027319 0
7325.310000 0.036419 0
7326.970000 0.034425 0
7328.630000 0.031997 0
7330.290000 0.034704 0
7331.950000 0.020164 0
7333.610000 0.031508 0
7335.270000 0.034039 0
7336.930000 0.042191 0
7338.590000 0.033924 0
7340.250000 0.029830 0
7341.910000 0.025177 0
7343.570000 0.029179 0
7345.230000 0.027500 0
7346.890000 0.036278 0
7348.550000 0.032733 0
7350.210000 0.032825 0
7351.870000 0.032710 0
7353.530000 0.037237 0
7355.190000 0.043963 0
7356.850000 0.025463 0
7358.510000 0.028916 0
7360.170000 0.021149 0
7361.830000 0.041257 0
7363.490000 0.034272 0
7365.150000 0.046714 0
7366.810000 0.050424 0
7368.470000 0.044862 0
7370.130000 0.056985 0
7371.790000 0.033307 0
7373.450000 0.030525 0
7375.110000 0.035318 0
7376.770000 0.047112 0
7378.430000 0.037318 0
7380.090000 0.026804 0
7381.750000 0.034103 0
7383.410000 0.034985 0
7385.070000 0.032304 0
7386.730000 0.034942 0
7388.390000 0.044755 0
7390.050000 0.040049 0
7391.710000 0.033216 0
7393.370000 0.032535 0
7395.030000 0.030498 0
7396.690000 0.034371 0
7398.350000 0.048254 0
7400.010000 0.023713 0
7401.670000 0.033159 0
7403.330000 0.033608 0
7404.990000 0.036506 0
7406.650000 0.025990 0
7408.310000 0.032277 0
7409.970000 0.042414 0
7411.630000 0.035973 0
7413.290000 0.035005 0
7414.950000 0.039787 0
7416.610000 0.041286 0
7418.270000 0.040965 0
7419.930000 0.046403 0
7421.590000 0.040718 0
7423.250000 0.038412 0
7424.910000 0.034592 0
7426.570000 0.034426 0
7428.230000 0.023631 0
7429.890000 0.028256 0
7431.550000 0.026720 0
7433.210000 0.031331 0
7434.870000 0.035418 0
7436.530000 0.015194 0
7438.190000 0.019228 0
7439.850000 0.032429 0
7441.510000 0.030512 0
7443.170000 0.039922 0
7444.830000 0.037026 0
7446.490000 0.037709 0
7448.150000 0.035478 0
7449.810000 0.035456 0
7451.470000 0.030305 0
7453.130000 0.041728 0
7454.790000 0.040474 0
7456.450000 0.044992 0
7458.110000 0.032977 0
7459.770000 0.030276 0
7461.430000 0.042081 0
7463.090000 0.032547 0
7464.750000 0.034387 0
7466.410000 0.032200 0
7468.070000 0.024037 0
7469.730000 0.079760 0
7471.390000 0.193262 0
7473.050000 0.189701 0
7474.710000 0.117615 0
7476.370000 0.049304 0
7478.030000 0.022582 0
7479.690000 0.035742 0
7481.350000 0.037231 0
7483.010000 0.026776 0
7484.670000 0.027364 0
7486.330000 0.020091 0
7487.990000 0.049597 0
7489.650000 0.029184 0
7491.310000 0.019079 0
7492.970000 0.041846 0
7494.630000 0.059945 0
7496.290000 0.064656 0
7497.950000 0.037890 0
7499.610000 0.044069 0
7501.270000 0.036288 0
7502.930000 0.025578 0
7504.590000 0.024322 0
7506.250000 0.032280 0
7507.910000 0.031285 0
7509.570000 0.034470 0
7511.230000 0.028224 0
7512.890000 0.027096 0
7514.550000 0.018761 0
7516.210000 0.033699 0
7517.870000 0.036189 0
7519.530000 0.045250 0
7521.190000 0.030998 0
7522.850000 0.021936 0
7524.510000 0.035291 0
7526.170000 0.018836 0
7527.830000 0.035655 0
7529.490000 0.033111 0
7531.150000 0.023817 0
7532.810000 0.034220 0
7534.470000 0.032767 0
7536.130000 0.024536 0
7537.790000 0.028289 0
7539.450000 0.031263 0
7541.110000 0.038900 0
7542.770000 0.034475 0
7544.430000 0.025187 0
7546.090000 0.035342 0
7547.750000 0.030371 0
7549.410000 0.033494 0
7551.070000 0.031252 0
7552.730000 0.017260 0
7554.390000 0.029888 0
7556.050000 0.027089 0
7557.710000 0.018924 0
7559.370000 0.021957 0
7561.030000 0.036193 0
7562.690000 0.030130 0
7564.350000 0.030941 0
7566.010000 0.029977 0
7567.670000 0.026101 0
7569.330000 0.031023 0
7570.990000 0.019325 0
7572.650000 0.023354 0
7574.310000 0.025692 0
7575.970000 0.042287 0
7577.630000 0.032734 0
7579.290000 0.045260 0
7580.950000 0.028793 0
7582.610000 0.018395 0
7584.270000 0.022619 0
7585.930000 0.029282 0
7587.590000 0.027726 0
7589.250000 0.023440 0
7590.910000 0.038032 0
7592.570000 0.029953 0
7594.230000 0.011776 0
7595.890000 0.022486 0
7597.550000 0.020425 0
7599.210000 0.017721 0
7600.870000 0.013301 0
7602.530000 0.025352 0
7604.190000 0.017771 0
7605.850000 0.012042 0
7607.510000 0.023960 0
7609.170000 0.011506 0
7610.830000 0.041142 0
7612.490000 0.037642 0
7614.150000 0.047092 0
7615.810000 0.033872 0
7617.470000 0.029215 0
7619.130000 0.028320 0
7620.790000 0.037134 0
7622.450000 0.035306 0
7624.110000 0.046372 0
7625.770000 0.045189 0
7627.430000 0.042500 0
7629.090000 0.014296 0
7630.750000 0.042525 0
7632.410000 0.020075 0
7634.070000 0.034694 0
7635.730000 0.034570 0
7637.390000 0.026371 0
7639.050000 0.028602 0
7640.710000 0.034234 0
7642.370000 0.022093 0
7644.030000 0.039379 0
7645.690000 0.061704 0
7647.350000 0.068434 0
7649.010000 0.057456 0
7650.670000 0.036590 0
7652.330000 0.022739 0
7653.990000 0.045078 0
7655.650000 0.042784 0
7657.310000 0.028466 0
7658.970000 0.035135 0
7660.630000 0.039889 0
7662.290000 0.044922 0
7663.950000 0.052589 0
7665.610000 0.047586 0
7667.270000 0.032559 0
7668.930000 0.043022 0
7670.590000 0.028976 0
7672.250000 0.024873 0
7673.910000 0.022106 0
7675.570000 0.031342 0
7677.230000 0.035592 0
7678.890000 0.030143 0
7680.550000 0.031984 0
7682.210000 0.022519 0
7683.870000 0.030695 0
7685.530000 0.033525 0
7687.190000 0.035923 0
7688.850000 0.033326 0
7690.510000 0.034871 0
7692.170000 0.031818 0
7693.830000 0.033146 0
7695.490000 0.030794 0
7697.150000 0.033621 0
7698.810000 0.018908 0
7700.470000 0.025079 0
7702.130000 0.035676 0
7703.790000 0.025159 0
7705.450000 0.030534 0
7707.110000 0.027594 0
7708.770000 0.009404 0
7710.430000 0.033557 0
7712.090000 -0.000016 0
7713.750000 0.033073 0
7715.410000 0.041397 0
7717.070000 0.022185 0
7718.730000 0.046182 0
7720.390000 0.044098 0
7722.050000 0.035083 0
7723.710000 0.022562 0
7725.370000 0.027200 0
7727.030000 0.030483 0
7728.690000 0.033236 0
7730.350000 0.037975 0
7732.010000 0.019460 0
7733.670000 0.023206 0
7735.330000 0.028852 0
7736.990000 0.035045 0
7738.650000 0.033272 0
7740.310000 0.018806 0
7741.970000 0.016011 0
7743.630000 0.018248 0
7745.290000 0.019317 0
7746.950000 -0.016347 0
7748.610000 -0.005351 0
7750.270000 0.031795 0
7751.930000 0.051591 0
7753.590000 0.054747 0
7755.250000 0.027700 0
7756.910000 0.000000 1
7758.570000 0.000000 1
7760.230000 0.000000 1
7761.890000 0.000000 1
7763.550000 0.000000 1
7765.210000 0.000000 1
7766.870000 0.000000 1
7768.530000 0.000000 1
7770.190000 0.000000 1
7771.850000 0.000000 1
7773.510000 0.000000 1
7775.170000 0.000000 1
7776.830000 0.000000 1
7778.490000 0.000000 1
7780.150000 0.000000 1
7781.810000 0.000000 1
7783.470000 0.000000 1
7785.130000 0.000000 1
7786.790000 0.000000 1
7788.450000 0.000000 1
7790.110000 0.000000 1
7791.770000 0.000000 1
7793.430000 0.000000 1
7795.090000 0.000000 1
7796.750000 0.000000 1
7798.410000 0.000000 1
7800.070000 0.000000 1
7801.730000 0.000000 1
7803.390000 0.000000 1
7805.050000 0.000000 1
7806.710000 0.000000 1
7808.370000 0.000000 1
7810.030000 0.000000 1
7811.690000 0.000000 1
7813.350000 0.000000 1
7815.010000 0.000000 1
7816.670000 0.000000 1
7818.330000 0.000000 1
7819.990000 0.000000 1
7821.650000 0.000000 1
7823.310000 0.000000 1
7824.970000 0.000000 1
7826.630000 0.000000 1
7828.290000 0.000000 1
7829.950000 0.000000 1
7831.610000 0.000000 1
7833.270000 0.000000 1
7834.930000 0.000000 1
7836.590000 0.000000 1
7838.250000 0.000000 1
7839.910000 0.000000 1
7841.570000 0.000000 1
7843.230000 0.000000 1
7844.890000 0.000000 1
7846.550000 0.000000 1
7848.210000 0.000000 1
7849.870000 0.000000 1
7851.530000 0.000000 1
7853.190000 0.000000 1
7854.850000 0.000000 1
7856.510000 0.000000 1
7858.170000 0.000000 1
7859.830000 0.000000 1
7861.490000 0.000000 1
7863.150000 0.000000 1
7864.810000 0.000000 1
7866.470000 0.000000 1
7868.130000 0.000000 1
7869.790000 0.000000 1
7871.450000 0.000000 1
7873.110000 0.000000 1
7874.770000 0.000000 1
7876.430000 0.000000 1
7878.090000 0.000000 1
7879.750000 0.000000 1
7881.410000 0.000000 1
7883.070000 0.000000 1
7884.730000 0.000000 1
7886.390000 0.000000 1
7888.050000 0.000000 1
7889.710000 0.000000 1
7891.370000 0.000000 1
7893.030000 0.000000 1
7894.690000 0.000000 1
7896.350000 0.000000 1
7898.010000 0.000000 1
7899.670000 0.000000 1
7901.330000 0.000000 1
7902.990000 0.000000 1
7904.650000 0.000000 1
7906.310000 0.000000 1
7907.970000 0.000000 1
7909.630000 0.000000 1
7911.290000 0.000000 1
7912.950000 0.000000 1
7914.610000 0.000000 1
7916.270000 0.000000 1
7917.930000 0.000000 1
7919.590000 0.000000 1
7921.250000 0.000000 1
7922.910000 0.000000 1
7924.570000 0.000000 1
7926.230000 0.000000 1
7927.890000 0.000000 1
7929.550000 0.000000 1
7931.210000 0.000000 1
7932.870000 0.000000 1
7934.530000 0.000000 1
7936.190000 0.000000 1
7937.850000 0.000000 1
7939.510000 0.000000 1
7941.170000 0.000000 1
7942.830000 0.000000 1
7944.490000 0.000000 1
7946.150000 0.000000 1
7947.810000 0.000000 1
7949.470000 0.000000 1
7951.130000 0.000000 1
7952.790000 0.000000 1
7954.450000 0.000000 1
7956.110000 0.000000 1
7957.770000 0.000000 1
7959.430000 0.000000 1
7961.090000 0.000000 1
7962.750000 0.000000 1
7964.410000 0.000000 1
7966.070000 0.000000 1
7967.730000 0.000000 1
7969.390000 0.000000 1
7971.050000 0.000000 1
7972.710000 0.000000 1
7974.370000 0.000000 1
7976.030000 0.000000 1
7977.690000 0.000000 1
7979.350000 0.000000 1
7981.010000 0.000000 1
7982.670000 0.000000 1
7984.330000 0.000000 1
7985.990000 0.000000 1
7987.650000 0.000000 1
7989.310000 0.000000 1
7990.970000 0.000000 1
7992.630000 0.000000 1
7994.290000 0.000000 1
7995.950000 0.000000 1
7997.610000 0.000000 1
7999.270000 0.000000 1
8000.930000 0.000000 1
8002.590000 0.000000 1
8004.250000 0.000000 1
8005.910000 0.000000 1
8007.570000 0.000000 1
8009.230000 0.000000 1
8010.890000 0.000000 1
8012.550000 0.000000 1
8014.210000 0.000000 1
8015.870000 0.000000 1
8017.530000 0.000000 1
8019.190000 0.000000 1
8020.850000 0.000000 1
8022.510000 0.000000 1
8024.170000 0.000000 1
8025.830000 0.000000 1
8027.490000 0.000000 1
8029.150000 0.000000 1
8030.810000 0.000000 1
8032.470000 0.000000 1
8034.130000 0.000000 1
8035.790000 0.000000 1
8037.450000 0.000000 1
8039.110000 0.000000 1
8040.770000 0.000000 1
8042.430000 0.000000 1
8044.090000 0.000000 1
8045.750000 0.000000 1
8047.410000 0.000000 1
8049.070000 0.000000 1
8050.730000 0.000000 1
8052.390000 0.000000 1
8054.050000 0.000000 1
8055.710000 0.000000 1
8057.370000 0.000000 1
8059.030000 0.000000 1
8060.690000 0.000000 1
8062.350000 0.000000 1
8064.010000 0.000000 1
8065.670000 0.000000 1
8067.330000 0.000000 1
8068.990000 0.000000 1
8070.650000 0.000000 1
8072.310000 0.000000 1
8073.970000 0.000000 1
8075.630000 0.000000 1
8077.290000 0.000000 1
8078.950000 0.000000 1
8080.610000 0.000000 1
8082.270000 0.000000 1
8083.930000 0.000000 1
8085.590000 0.000000 1
8087.250000 0.000000 1
8088.910000 0.000000 1
8090.570000 0.000000 1
8092.230000 0.000000 1
8093.890000 0.000000 1
8095.550000 0.000000 1
8097.210000 0.000000 1
8098.870000 0.000000 1
8100.530000 0.000000 1
8102.190000 0.000000 1
8103.850000 0.000000 1
8105.510000 0.000000 1
8107.170000 0.000000 1
8108.830000 0.000000 1
8110.490000 0.000000 1
8112.150000 0.000000 1
8113.810000 0.000000 1
8115.470000 0.000000 1
8117.130000 0.000000 1
8118.790000 0.000000 1
8120.450000 0.000000 1
8122.110000 0.000000 1
8123.770000 0.000000 1
8125.430000 0.000000 1
8127.090000 0.000000 1
8128.750000 0.000000 1
8130.410000 0.000000 1
8132.070000 0.000000 1
8133.730000 0.000000 1
8135.390000 0.000000 1
8137.050000 0.000000 1
8138.710000 0.000000 1
8140.370000 0.000000 1
8142.030000 0.000000 1
8143.690000 0.000000 1
8145.350000 0.000000 1
8147.010000 0.000000 1
8148.670000 0.000000 1
8150.330000 0.000000 1
8151.990000 0.000000 1
8153.650000 0.000000 1
8155.310000 0.000000 1
8156.970000 0.000000 1
8158.630000 0.000000 1
8160.290000 0.000000 1
8161.950000 0.000000 1
8163.610000 0.000000 1
8165.270000 0.000000 1
8166.930000 0.000000 1
8168.590000 0.000000 1
8170.250000 0.000000 1
8171.910000 0.000000 1
8173.570000 0.000000 1
8175.230000 0.000000 1
8176.890000 0.000000 1
8178.550000 0.000000 1
8180.210000 0.000000 1
8181.870000 0.000000 1
8183.530000 0.000000 1
8185.190000 0.000000 1
8186.850000 0.000000 1
8188.510000 0.000000 1
8190.170000 0.000000 1
8191.830000 0.000000 1
8193.490000 0.000000 1
8195.150000 0.000000 1
8196.810000 0.000000 1
8198.470000 0.000000 1
8200.130000 0.000000 1
8201.790000 0.000000 1
8203.450000 0.000000 1
8205.110000 0.000000 1
8206.770000 0.000000 1
8208.430000 0.000000 1
8210.090000 0.000000 1
8211.750000 0.000000 1
8213.410000 0.000000 1
8215.070000 0.000000 1
8216.730000 0.000000 1
8218.390000 0.000000 1
8220.050000 0.000000 1
8221.710000 0.000000 1
8223.370000 0.000000 1
8225.030000 0.000000 1
8226.690000 0.000000 1
8228.350000 0.000000 1
8230.010000 0.000000 1
8231.670000 0.000000 1
8233.330000 0.000000 1
8234.990000 0.000000 1
8236.650000 0.000000 1
8238.310000 0.000000 1
8239.970000 0.000000 1
8241.630000 0.000000 1
8243.290000 0.000000 1
8244.950000 0.000000 1
8246.610000 0.000000 1
8248.270000 0.000000 1
8249.930000 0.000000 1
8251.590000 0.000000 1
8253.250000 0.000000 1
8254.910000 0.000000 1
8256.570000 0.000000 1
8258.230000 0.000000 1
8259.890000 0.000000 1
8261.550000 0.000000 1
8263.210000 0.000000 1
8264.870000 0.000000 1
8266.530000 0.000000 1
8268.190000 0.000000 1
8269.850000 0.000000 1
8271.510000 0.000000 1
8273.170000 0.000000 1
8274.830000 0.000000 1
8276.490000 0.000000 1
8278.150000 0.000000 1
8279.810000 0.000000 1
8281.470000 0.000000 1
8283.130000 0.000000 1
8284.790000 0.000000 1
8286.450000 0.000000 1
8288.110000 0.000000 1
8289.770000 0.000000 1
8291.430000 0.000000 1
8293.090000 0.000000 1
8294.750000 0.000000 1
8296.410000 0.000000 1
8298.070000 0.000000 1
8299.730000 0.000000 1
8301.390000 0.000000 1
8303.050000 0.000000 1
8304.710000 0.000000 1
8306.370000 0.000000 1
8308.030000 0.000000 1
8309.690000 0.000000 1
8311.350000 0.000000 1
8313.010000 0.000000 1
8314.670000 0.000000 1
8316.330000 0.000000 1
8317.990000 0.000000 1
8319.650000 0.000000 1
8321.310000 0.000000 1
8322.970000 0.000000 1
8324.630000 0.000000 1
8326.290000 0.000000 1
8327.950000 0.000000 1
8329.610000 0.000000 1
8331.270000 0.000000 1
8332.930000 0.000000 1
8334.590000 0.000000 1
8336.250000 0.000000 1
8337.910000 0.000000 1
8339.570000 0.000000 1
8341.230000 0.000000 1
8342.890000 0.000000 1
8344.550000 0.000000 1
8346.210000 0.000000 1
8347.870000 0.000000 1
8349.530000 0.000000 1
8351.190000 0.000000 1
8352.850000 0.000000 1
8354.510000 0.000000 1
8356.170000 0.000000 1
8357.830000 0.000000 1
8359.490000 0.000000 1
8361.150000 0.000000 1
8362.810000 0.000000 1
8364.470000 0.000000 1
8366.130000 0.000000 1
8367.790000 0.000000 1
8369.450000 0.000000 1
8371.110000 0.000000 1
8372.770000 0.000000 1
8374.430000 0.000000 1
8376.090000 0.000000 1
8377.750000 0.000000 1
8379.410000 0.000000 1
8381.070000 0.000000 1
8382.730000 0.000000 1
8384.390000 0.000000 1
8386.050000 0.000000 1
8387.710000 0.000000 1
8389.370000 0.000000 1
8391.030000 0.000000 1
8392.690000 0.000000 1
8394.350000 0.000000 1
8396.010000 0.000000 1
8397.670000 0.000000 1
8399.330000 0.000000 1
8400.990000 0.000000 1
8402.650000 0.000000 1
8404.310000 0.000000 1
8405.970000 0.000000 1
8407.630000 0.000000 1
8409.290000 0.000000 1
8410.950000 0.000000 1
8412.610000 0.000000 1
8414.270000 0.000000 1
8415.930000 0.000000 1
8417.590000 0.000000 1
8419.250000 0.000000 1
8420.910000 0.000000 1
8422.570000 0.000000 1
8424.230000 0.000000 1
8425.890000 0.000000 1
8427.550000 0.000000 1
8429.210000 0.000000 1
8430.870000 0.000000 1
8432.530000 0.000000 1
8434.190000 0.000000 1
8435.850000 0.000000 1
8437.510000 0.000000 1
8439.170000 0.000000 1
8440.830000 0.000000 1
8442.490000 0.000000 1
8444.150000 0.000000 1
8445.810000 0.000000 1
8447.470000 0.000000 1
8449.130000 0.000000 1
8450.790000 0.000000 1
8452.450000 0.000000 1
8454.110000 0.000000 1
8455.770000 0.000000 1
8457.430000 0.000000 1
8459.090000 0.000000 1
8460.750000 0.000000 1
8462.410000 0.000000 1
8464.070000 0.000000 1
8465.730000 0.000000 1
8467.390000 0.000000 1
8469.050000 0.000000 1
8470.710000 0.000000 1
8472.370000 0.000000 1
8474.030000 0.000000 1
8475.690000 0.000000 1
8477.350000 0.000000 1
8479.010000 0.000000 1
8480.670000 0.000000 1
8482.330000 0.000000 1
8483.990000 0.000000 1
8485.650000 0.000000 1
8487.310000 0.000000 1
8488.970000 0.000000 1
8490.630000 0.000000 1
8492.290000 0.000000 1
8493.950000 0.000000 1
8495.610000 0.000000 1
8497.270000 0.000000 1
8498.930000 0.000000 1
