# obs: 255716
# slit: 33
# z: 0.29266
# lines: [OII],K,H
# spec: 679
4451.680000 0.000000 1
4455.040000 0.000000 1
4458.400000 0.000000 1
4461.760000 0.000000 1
4465.120000 0.000000 1
4468.479999 0.000000 1
4471.839999 0.000000 1
4475.199999 0.000000 1
4478.559999 0.000000 1
4481.919999 0.000000 1
4485.279999 0.000000 1
4488.639999 0.000000 1
4491.999999 0.000000 1
4495.359999 0.000000 1
4498.719999 0.000000 1
4502.079998 0.000000 1
4505.439998 0.000000 1
4508.799998 0.000000 1
4512.159998 0.000000 1
4515.519998 0.000000 1
4518.879998 0.000000 1
4522.239998 0.000000 1
4525.599998 0.000000 1
4528.959998 0.000000 1
4532.319997 0.000000 1
4535.679997 -0.022952 0
4539.039997 -0.002596 0
4542.399997 0.066427 0
4545.759997 0.080322 0
4549.119997 0.080010 0
4552.479997 0.054247 0
4555.839997 0.086420 0
4559.199997 0.050613 0
4562.559997 0.033098 0
4565.919996 0.069740 0
4569.279996 0.050899 0
4572.639996 0.061011 0
4575.999996 0.087122 0
4579.359996 0.083874 0
4582.719996 0.079101 0
4586.079996 0.066110 0
4589.439996 0.037329 0
4592.799996 0.027140 0
4596.159995 0.058591 0
4599.519995 0.056439 0
4602.879995 0.060243 0
4606.239995 0.092418 0
4609.599995 0.070514 0
4612.959995 0.088424 0
4616.319995 0.077779 0
4619.679995 0.015576 0
4623.039995 0.052551 0
4626.399995 0.068572 0
4629.759994 0.073886 0
4633.119994 0.060363 0
4636.479994 0.054764 0
4639.839994 0.046250 0
4643.199994 0.050386 0
4646.559994 0.053287 0
4649.919994 0.062885 0
4653.279994 0.073413 0
4656.639994 0.061428 0
4659.999993 0.070615 0
4663.359993 0.082567 0
4666.719993 0.070616 0
4670.079993 0.065059 0
4673.439993 0.072096 0
4676.799993 0.069636 0
4680.159993 0.051574 0
4683.519993 0.069394 0
4686.879993 0.066093 0
4690.239993 0.056865 0
4693.599992 0.049149 0
4696.959992 0.063646 0
4700.319992 0.071014 0
4703.679992 0.070284 0
4707.039992 0.045577 0
4710.399992 0.038607 0
4713.759992 0.041506 0
4717.119992 0.068979 0
4720.479992 0.089596 0
4723.839992 0.062194 0
4727.199991 0.026594 0
4730.559991 0.039700 0
4733.919991 0.068801 0
4737.279991 0.067241 0
4740.639991 0.077266 0
4743.999991 0.065124 0
4747.359991 0.061020 0
4750.719991 0.063147 0
4754.079991 0.062088 0
4757.439990 0.073087 0
4760.799990 0.049647 0
4764.159990 0.042756 0
4767.519990 0.054465 0
4770.879990 0.042844 0
4774.239990 0.047589 0
4777.599990 0.096136 0
4780.959990 0.061707 0
4784.319990 0.061925 0
4787.679990 0.068080 0
4791.039989 0.046233 0
4794.399989 0.067624 0
4797.759989 0.068667 0
4801.119989 0.050726 0
4804.479989 0.077781 0
4807.839989 0.033716 0
4811.199989 0.035643 0
4814.559989 0.079251 0
4817.919989 0.103332 0
4821.279988 0.125149 0
4824.639988 0.082259 0
4827.999988 0.077541 0
4831.359988 0.052205 0
4834.719988 0.039387 0
4838.079988 0.066646 0
4841.439988 0.065803 0
4844.799988 0.087375 0
4848.159988 0.049498 0
4851.519988 0.061368 0
4854.879987 0.056985 0
4858.239987 0.069762 0
4861.599987 0.062560 0
4864.959987 0.076022 0
4868.319987 0.074911 0
4871.679987 0.070984 0
4875.039987 0.051727 0
4878.399987 0.043007 0
4881.759987 0.069019 0
4885.119986 0.072540 0
4888.479986 0.082188 0
4891.839986 0.098229 0
4895.199986 0.095517 0
4898.559986 0.090950 0
4901.919986 0.073058 0
4905.279986 0.056424 0
4908.639986 0.079172 0
4911.999986 0.059856 0
4915.359986 0.045634 0
4918.719985 0.086473 0
4922.079985 0.100929 0
4925.439985 0.070248 0
4928.799985 0.074402 0
4932.159985 0.073799 0
4935.519985 0.083813 0
4938.879985 0.066585 0
4942.239985 0.082525 0
4945.599985 0.088617 0
4948.959984 0.074377 0
4952.319984 0.053138 0
4955.679984 0.041091 0
4959.039984 0.060645 0
4962.399984 0.061432 0
4965.759984 0.053162 0
4969.119984 0.058028 0
4972.479984 0.079274 0
4975.839984 0.079527 0
4979.199984 0.092944 0
4982.559983 0.087433 0
4985.919983 0.080969 0
4989.279983 0.077098 0
4992.639983 0.085730 0
4995.999983 0.101495 0
4999.359983 0.091312 0
5002.719983 0.095550 0
5006.079983 0.092112 0
5009.439983 0.101524 0
5012.799982 0.068269 0
5016.159982 0.072722 0
5019.519982 0.058260 0
5022.879982 0.070950 0
5026.239982 0.083665 0
5029.599982 0.067932 0
5032.959982 0.062549 0
5036.319982 0.070765 0
5039.679982 0.080124 0
5043.039982 0.084575 0
5046.399981 0.093359 0
5049.759981 0.090484 0
5053.119981 0.080902 0
5056.479981 0.086449 0
5059.839981 0.088226 0
5063.199981 0.094493 0
5066.559981 0.110151 0
5069.919981 0.065716 0
5073.279981 0.082274 0
5076.639980 0.072076 0
5079.999980 0.064273 0
5083.359980 0.047795 0
5086.719980 0.047834 0
5090.079980 0.069207 0
5093.439980 0.081128 0
5096.799980 0.088535 0
5100.159980 0.101059 0
5103.519980 0.094793 0
5106.879980 0.070085 0
5110.239979 0.088251 0
5113.599979 0.087592 0
5116.959979 0.105564 0
5120.319979 0.099878 0
5123.679979 0.063056 0
5127.039979 0.072454 0
5130.399979 0.045986 0
5133.759979 0.057556 0
5137.119979 0.060651 0
5140.479978 0.080552 0
5143.839978 0.085307 0
5147.199978 0.065392 0
5150.559978 0.095500 0
5153.919978 0.099529 0
5157.279978 0.091503 0
5160.639978 0.117862 0
5163.999978 0.092404 0
5167.359978 0.098001 0
5170.719978 0.096924 0
5174.079977 0.119713 0
5177.439977 0.114358 0
5180.799977 0.122450 0
5184.159977 0.112571 0
5187.519977 0.103415 0
5190.879977 0.088958 0
5194.239977 0.114800 0
5197.599977 0.128744 0
5200.959977 0.091287 0
5204.319977 0.107460 0
5207.679976 0.106683 0
5211.039976 0.115156 0
5214.399976 0.074036 0
5217.759976 0.100855 0
5221.119976 0.098378 0
5224.479976 0.094352 0
5227.839976 0.092962 0
5231.199976 0.096836 0
5234.559976 0.117950 0
5237.919975 0.117182 0
5241.279975 0.114619 0
5244.639975 0.105152 0
5247.999975 0.100542 0
5251.359975 0.079324 0
5254.719975 0.084157 0
5258.079975 0.088385 0
5261.439975 0.100103 0
5264.799975 0.110936 0
5268.159975 0.090139 0
5271.519974 0.090238 0
5274.879974 0.098236 0
5278.239974 0.130671 0
5281.599974 0.096715 0
5284.959974 0.119304 0
5288.319974 0.104898 0
5291.679974 0.109421 0
5295.039974 0.089394 0
5298.399974 0.087457 0
5301.759973 0.094380 0
5305.119973 0.073453 0
5308.479973 0.111332 0
5311.839973 0.119185 0
5315.199973 0.076069 0
5318.559973 0.107051 0
5321.919973 0.079808 0
5325.279973 0.071494 0
5328.639973 0.087273 0
5331.999973 0.092560 0
5335.359972 0.124686 0
5338.719972 0.094195 0
5342.079972 0.076962 0
5345.439972 0.120611 0
5348.799972 0.125500 0
5352.159972 0.110989 0
5355.519972 0.119974 0
5358.879972 0.097198 0
5362.239972 0.078763 0
5365.599971 0.092009 0
5368.959971 0.096666 0
5372.319971 0.101313 0
5375.679971 0.092875 0
5379.039971 0.111921 0
5382.399971 0.092083 0
5385.759971 0.096398 0
5389.119971 0.106489 0
5392.479971 0.098984 0
5395.839971 0.118142 0
5399.199970 0.083601 0
5402.559970 0.079603 0
5405.919970 0.090831 0
5409.279970 0.111900 0
5412.639970 0.108458 0
5415.999970 0.110092 0
5419.359970 0.102041 0
5422.719970 0.099530 0
5426.079970 0.102378 0
5429.439969 0.108935 0
5432.799969 0.114574 0
5436.159969 0.100590 0
5439.519969 0.127052 0
5442.879969 0.116659 0
5446.239969 0.111911 0
5449.599969 0.118832 0
5452.959969 0.091257 0
5456.319969 0.101627 0
5459.679969 0.111868 0
5463.039968 0.085193 0
5466.399968 0.083258 0
5469.759968 0.123418 0
5473.119968 0.105481 0
5476.479968 0.109657 0
5479.839968 0.096505 0
5483.199968 0.095863 0
5486.559968 0.111147 0
5489.919968 0.105176 0
5493.279967 0.121097 0
5496.639967 0.112500 0
5499.999967 0.111925 0
5503.359967 0.109508 0
5506.719967 0.120916 0
5510.079967 0.109076 0
5513.439967 0.120290 0
5516.799967 0.105979 0
5520.159967 0.114145 0
5523.519967 0.096088 0
5526.879966 0.113258 0
5530.239966 0.103626 0
5533.599966 0.109392 0
5536.959966 0.111652 0
5540.319966 0.109230 0
5543.679966 0.101677 0
5547.039966 0.099613 0
5550.399966 0.095599 0
5553.759966 0.092629 0
5557.119965 0.114080 0
5560.479965 0.095372 0
5563.839965 0.088037 0
5567.199965 0.069670 1
5570.559965 0.240809 1
5573.919965 0.144283 1
5577.279965 0.088055 1
5580.639965 0.081793 1
5583.999965 0.018690 1
5587.359965 0.059659 0
5590.719964 0.098791 0
5594.079964 0.090481 0
5597.439964 0.103636 0
5600.799964 0.101752 0
5604.159964 0.083599 0
5607.519964 0.074156 0
5610.879964 0.094046 0
5614.239964 0.089845 0
5617.599964 0.114541 0
5620.959963 0.072725 0
5624.319963 0.098296 0
5627.679963 0.092403 0
5631.039963 0.105342 0
5634.399963 0.087278 0
5637.759963 0.104174 0
5641.119963 0.126476 0
5644.479963 0.131428 0
5647.839963 0.114168 0
5651.199963 0.094714 0
5654.559962 0.104116 0
5657.919962 0.109731 0
5661.279962 0.113872 0
5664.639962 0.106176 0
5667.999962 0.097292 0
5671.359962 0.114483 0
5674.719962 0.094008 0
5678.079962 0.105337 0
5681.439962 0.099235 0
5684.799962 0.101890 0
5688.159961 0.110645 0
5691.519961 0.105695 0
5694.879961 0.104611 0
5698.239961 0.094837 0
5701.599961 0.108830 0
5704.959961 0.116217 0
5708.319961 0.104515 0
5711.679961 0.105058 0
5715.039961 0.094211 0
5718.399960 0.099049 0
5721.759960 0.106383 0
5725.119960 0.101636 0
5728.479960 0.114449 0
5731.839960 0.106845 0
5735.199960 0.108000 0
5738.559960 0.104059 0
5741.919960 0.115292 0
5745.279960 0.105072 0
5748.639960 0.107220 0
5751.999959 0.115938 0
5755.359959 0.096901 0
5758.719959 0.122766 0
5762.079959 0.104492 0
5765.439959 0.110978 0
5768.799959 0.107811 0
5772.159959 0.096097 0
5775.519959 0.108455 0
5778.879959 0.118070 0
5782.239958 0.112747 0
5785.599958 0.115068 0
5788.959958 0.111119 0
5792.319958 0.099866 0
5795.679958 0.130126 0
5799.039958 0.110579 0
5802.399958 0.114577 0
5805.759958 0.122356 0
5809.119958 0.127368 0
5812.479958 0.116707 0
5815.839957 0.119188 0
5819.199957 0.119522 0
5822.559957 0.128296 0
5825.919957 0.121226 0
5829.279957 0.138125 0
5832.639957 0.118068 0
5835.999957 0.098883 0
5839.359957 0.109895 0
5842.719957 0.113915 0
5846.079956 0.112261 0
5849.439956 0.109878 0
5852.799956 0.095548 0
5856.159956 0.119183 0
5859.519956 0.109063 0
5862.879956 0.113468 0
5866.239956 0.118684 0
5869.599956 0.121475 0
5872.959956 0.123083 0
5876.319956 0.130871 0
5879.679955 0.122103 0
5883.039955 0.121155 0
5886.399955 0.061349 0
5889.759955 0.146442 0
5893.119955 0.105280 0
5896.479955 0.128993 0
5899.839955 0.133321 0
5903.199955 0.118339 0
5906.559955 0.105424 0
5909.919954 0.110699 0
5913.279954 0.111089 0
5916.639954 0.135790 0
5919.999954 0.120192 0
5923.359954 0.090656 0
5926.719954 0.114063 0
5930.079954 0.112956 0
5933.439954 0.117250 0
5936.799954 0.118755 0
5940.159954 0.116147 0
5943.519953 0.108523 0
5946.879953 0.118985 0
5950.239953 0.115675 0
5953.599953 0.109929 0
5956.959953 0.107621 0
5960.319953 0.109556 0
5963.679953 0.110662 0
5967.039953 0.116798 0
5970.399953 0.117977 0
5973.759952 0.131463 0
5977.119952 0.139537 0
5980.479952 0.125877 0
5983.839952 0.119025 0
5987.199952 0.108247 0
5990.559952 0.134213 0
5993.919952 0.119851 0
5997.279952 0.119707 0
6000.639952 0.123632 0
6003.999952 0.098817 0
6007.359951 0.115090 0
6010.719951 0.107984 0
6014.079951 0.112982 0
6017.439951 0.124130 0
6020.799951 0.126230 0
6024.159951 0.117776 0
6027.519951 0.118930 0
6030.879951 0.110932 0
6034.239951 0.126757 0
6037.599950 0.109546 0
6040.959950 0.120180 0
6044.319950 0.131649 0
6047.679950 0.125347 0
6051.039950 0.110638 0
6054.399950 0.127047 0
6057.759950 0.122650 0
6061.119950 0.107376 0
6064.479950 0.135193 0
6067.839950 0.137223 0
6071.199949 0.115830 0
6074.559949 0.120243 0
6077.919949 0.116105 0
6081.279949 0.124073 0
6084.639949 0.145627 0
6087.999949 0.111343 0
6091.359949 0.134198 0
6094.719949 0.147453 0
6098.079949 0.116307 0
6101.439948 0.112072 0
6104.799948 0.133914 0
6108.159948 0.108034 0
6111.519948 0.116915 0
6114.879948 0.120576 0
6118.239948 0.120116 0
6121.599948 0.131687 0
6124.959948 0.129262 0
6128.319948 0.104386 0
6131.679948 0.108445 0
6135.039947 0.099892 0
6138.399947 0.128483 0
6141.759947 0.102785 0
6145.119947 0.090005 0
6148.479947 0.108210 0
6151.839947 0.109653 0
6155.199947 0.114727 0
6158.559947 0.100933 0
6161.919947 0.099516 0
6165.279947 0.128377 0
6168.639946 0.131815 0
6171.999946 0.137615 0
6175.359946 0.127967 0
6178.719946 0.118097 0
6182.079946 0.111008 0
6185.439946 0.138568 0
6188.799946 0.123966 0
6192.159946 0.116627 0
6195.519946 0.134981 0
6198.879945 0.125504 0
6202.239945 0.124864 0
6205.599945 0.128731 0
6208.959945 0.130746 0
6212.319945 0.123238 0
6215.679945 0.140413 0
6219.039945 0.127281 0
6222.399945 0.113943 0
6225.759945 0.108856 0
6229.119945 0.114495 0
6232.479944 0.083645 0
6235.839944 0.110180 0
6239.199944 0.121614 0
6242.559944 0.139434 0
6245.919944 0.121196 0
6249.279944 0.126602 0
6252.639944 0.128034 0
6255.999944 0.129543 0
6259.359944 0.110210 0
6262.719943 0.110580 0
6266.079943 0.110369 0
6269.439943 0.104550 0
6272.799943 0.090663 0
6276.159943 0.088223 0
6279.519943 0.119009 0
6282.879943 0.157733 0
6286.239943 0.129982 0
6289.599943 0.139853 0
6292.959943 0.152958 1
6296.319942 0.179017 1
6299.679942 0.104163 1
6303.039942 0.075205 1
6306.399942 0.038187 1
6309.759942 0.097087 1
6313.119942 0.109696 1
6316.479942 0.109273 1
6319.839942 0.106181 0
6323.199942 0.135522 0
6326.559941 0.121602 0
6329.919941 0.135832 0
6333.279941 0.127886 0
6336.639941 0.121294 0
6339.999941 0.103359 0
6343.359941 0.107995 0
6346.719941 0.107669 0
6350.079941 0.105275 0
6353.439941 0.120317 0
6356.799941 0.144210 0
6360.159940 0.121803 0
6363.519940 0.120712 0
6366.879940 0.060042 0
6370.239940 0.094576 0
6373.599940 0.133489 0
6376.959940 0.123701 0
6380.319940 0.113146 0
6383.679940 0.110566 0
6387.039940 0.113594 0
6390.399939 0.108962 0
6393.759939 0.132212 0
6397.119939 0.136818 0
6400.479939 0.125493 0
6403.839939 0.110721 0
6407.199939 0.115760 0
6410.559939 0.133028 0
6413.919939 0.130903 0
6417.279939 0.123893 0
6420.639939 0.140106 0
6423.999938 0.137318 0
6427.359938 0.134615 0
6430.719938 0.127844 0
6434.079938 0.133645 0
6437.439938 0.153857 0
6440.799938 0.097371 0
6444.159938 0.120975 0
6447.519938 0.129801 0
6450.879938 0.097056 0
6454.239937 0.119310 0
6457.599937 0.114636 0
6460.959937 0.123026 0
6464.319937 0.115064 0
6467.679937 0.135988 0
6471.039937 0.142986 0
6474.399937 0.143081 0
6477.759937 0.124467 0
6481.119937 0.110268 0
6484.479937 0.127098 0
6487.839936 0.104420 0
6491.199936 0.105615 0
6494.559936 0.107456 0
6497.919936 0.136190 0
6501.279936 0.137510 0
6504.639936 0.119240 0
6507.999936 0.121315 0
6511.359936 0.102729 0
6514.719936 0.109710 0
6518.079935 0.138664 0
6521.439935 0.137985 0
6524.799935 0.110117 0
6528.159935 0.116907 0
6531.519935 0.139768 0
6534.879935 0.113439 0
6538.239935 0.135094 0
6541.599935 0.126972 0
6544.959935 0.117111 0
6548.319935 0.128603 0
6551.679934 0.138526 0
6555.039934 0.115840 0
6558.399934 0.112538 0
6561.759934 0.135456 0
6565.119934 0.121106 0
6568.479934 0.128748 0
6571.839934 0.142388 0
6575.199934 0.106244 0
6578.559934 0.121692 0
6581.919933 0.135950 0
6585.279933 0.116680 0
6588.639933 0.112206 0
6591.999933 0.127062 0
6595.359933 0.120354 0
6598.719933 0.122330 0
6602.079933 0.132052 0
6605.439933 0.120306 0
6608.799933 0.110471 0
6612.159933 0.104702 0
6615.519932 0.100586 0
6618.879932 0.097067 0
6622.239932 0.122112 0
6625.599932 0.139673 0
6628.959932 0.112831 0
6632.319932 0.113240 0
6635.679932 0.116345 0
6639.039932 0.107841 0
6642.399932 0.147827 0
6645.759932 0.110005 0
6649.119931 0.116339 0
6652.479931 0.134418 0
6655.839931 0.111180 0
6659.199931 0.126525 0
6662.559931 0.144817 0
6665.919931 0.112357 0
6669.279931 0.106763 0
6672.639931 0.125879 0
6675.999931 0.102416 0
6679.359930 0.110552 0
6682.719930 0.122085 0
6686.079930 0.095143 0
6689.439930 0.116586 0
6692.799930 0.118003 0
6696.159930 0.111034 0
6699.519930 0.097965 0
6702.879930 0.130461 0
6706.239930 0.111628 0
6709.599930 0.110137 0
6712.959929 0.125098 0
6716.319929 0.130663 0
6719.679929 0.122239 0
6723.039929 0.126918 0
6726.399929 0.130482 0
6729.759929 0.123687 0
6733.119929 0.113994 0
6736.479929 0.119762 0
6739.839929 0.129347 0
6743.199928 0.118238 0
6746.559928 0.108989 0
6749.919928 0.098377 0
6753.279928 0.128556 0
6756.639928 0.117125 0
6759.999928 0.114658 0
6763.359928 0.115248 0
6766.719928 0.107512 0
6770.079928 0.125660 0
6773.439928 0.128839 0
6776.799927 0.128989 0
6780.159927 0.135706 0
6783.519927 0.135388 0
6786.879927 0.120395 0
6790.239927 0.103782 0
6793.599927 0.131914 0
6796.959927 0.127269 0
6800.319927 0.119953 0
6803.679927 0.120051 0
6807.039926 0.109262 0
6810.399926 0.104265 0
6813.759926 0.093189 0
6817.119926 0.108846 0
6820.479926 0.133134 0
6823.839926 0.131056 0
6827.199926 0.115612 0
6830.559926 0.127407 0
6833.919926 0.136373 0
6837.279926 0.124404 0
6840.639925 0.146600 0
6843.999925 0.141456 0
6847.359925 0.117441 0
6850.719925 0.110968 0
6854.079925 0.148452 0
6857.439925 0.152061 0
6860.799925 0.127077 0
6864.159925 0.119031 0
6867.519925 0.108198 0
6870.879924 0.098919 0
6874.239924 0.100189 0
6877.599924 0.116814 0
6880.959924 0.100977 0
6884.319924 0.109135 0
6887.679924 0.122680 0
6891.039924 0.114275 0
6894.399924 0.139846 0
6897.759924 0.116583 0
6901.119924 0.096823 0
6904.479923 0.107508 0
6907.839923 0.122746 0
6911.199923 0.122157 0
6914.559923 0.136684 0
6917.919923 0.133149 0
6921.279923 0.143698 0
6924.639923 0.148047 0
6927.999923 0.136258 0
6931.359923 0.135654 0
6934.719922 0.108484 0
6938.079922 0.119537 0
6941.439922 0.133243 0
6944.799922 0.137133 0
6948.159922 0.111331 0
6951.519922 0.117187 0
6954.879922 0.109002 0
6958.239922 0.118999 0
6961.599922 0.140274 0
6964.959922 0.128544 0
6968.319921 0.126732 0
6971.679921 0.122231 0
6975.039921 0.117176 0
6978.399921 0.117843 0
6981.759921 0.126536 0
6985.119921 0.127495 0
6988.479921 0.119243 0
6991.839921 0.110210 0
6995.199921 0.132697 0
6998.559920 0.147729 0
7001.919920 0.127017 0
7005.279920 0.126307 0
7008.639920 0.131449 0
7011.999920 0.124641 0
7015.359920 0.137583 0
7018.719920 0.129344 0
7022.079920 0.140227 0
7025.439920 0.133413 0
7028.799920 0.134602 0
7032.159919 0.133454 0
7035.519919 0.124775 0
7038.879919 0.117860 0
7042.239919 0.113515 0
7045.599919 0.139650 0
7048.959919 0.107646 0
7052.319919 0.100924 0
7055.679919 0.113859 0
7059.039919 0.136960 0
7062.399918 0.124889 0
7065.759918 0.131696 0
7069.119918 0.121688 0
7072.479918 0.143612 0
7075.839918 0.125591 0
7079.199918 0.124645 0
7082.559918 0.128111 0
7085.919918 0.123439 0
7089.279918 0.109636 0
7092.639918 0.138728 0
7095.999917 0.120359 0
7099.359917 0.114436 0
7102.719917 0.126380 0
7106.079917 0.140986 0
7109.439917 0.109775 0
7112.799917 0.134374 0
7116.159917 0.101076 0
7119.519917 0.137401 0
7122.879917 0.135229 0
7126.239916 0.133304 0
7129.599916 0.128481 0
7132.959916 0.127916 0
7136.319916 0.127897 0
7139.679916 0.127866 0
7143.039916 0.135472 0
7146.399916 0.126506 0
7149.759916 0.131375 0
7153.119916 0.117068 0
7156.479916 0.116439 0
7159.839915 0.121551 0
7163.199915 0.131257 0
7166.559915 0.126740 0
7169.919915 0.127606 0
7173.279915 0.129354 0
7176.639915 0.150705 0
7179.999915 0.126459 0
7183.359915 0.128228 0
7186.719915 0.125490 0
7190.079915 0.133547 0
7193.439914 0.113077 0
7196.799914 0.118596 0
7200.159914 0.137621 0
7203.519914 0.117218 0
7206.879914 0.120111 0
7210.239914 0.125145 0
7213.599914 0.130430 0
7216.959914 0.127226 0
7220.319914 0.119694 0
7223.679913 0.114041 0
7227.039913 0.137936 0
7230.399913 0.117967 0
7233.759913 0.122728 0
7237.119913 0.140535 0
7240.479913 0.119024 0
7243.839913 0.125432 0
7247.199913 0.154868 0
7250.559913 0.151209 0
7253.919913 0.134598 0
7257.279912 0.127682 0
7260.639912 0.139672 0
7263.999912 0.126946 0
7267.359912 0.127304 0
7270.719912 0.117610 0
7274.079912 0.117992 0
7277.439912 0.124195 0
7280.799912 0.100496 0
7284.159912 0.112929 0
7287.519911 0.077242 0
7290.879911 0.127180 0
7294.239911 0.130715 0
7297.599911 0.104275 0
7300.959911 0.109300 0
7304.319911 0.113776 0
7307.679911 0.129029 0
7311.039911 0.124226 0
7314.399911 0.131751 0
7317.759911 0.135565 0
7321.119910 0.136856 0
7324.479910 0.130589 0
7327.839910 0.134762 0
7331.199910 0.133287 0
7334.559910 0.148076 0
7337.919910 0.126367 0
7341.279910 0.118761 0
7344.639910 0.101817 0
7347.999910 0.109106 0
7351.359909 0.120559 0
7354.719909 0.142259 0
7358.079909 0.113747 0
7361.439909 0.118761 0
7364.799909 0.145189 0
7368.159909 0.115086 0
7371.519909 0.115833 0
7374.879909 0.136469 0
7378.239909 0.132646 0
7381.599909 0.104601 0
7384.959908 0.111953 0
7388.319908 0.151261 0
7391.679908 0.153021 0
7395.039908 0.140932 0
7398.399908 0.129246 0
7401.759908 0.111637 0
7405.119908 0.110584 0
7408.479908 0.097604 0
7411.839908 0.131674 0
7415.199907 0.130659 0
7418.559907 0.135780 0
7421.919907 0.159370 0
7425.279907 0.154674 0
7428.639907 0.133830 0
7431.999907 0.112935 0
7435.359907 0.124611 0
7438.719907 0.154365 0
7442.079907 0.127531 0
7445.439907 0.133437 0
7448.799906 0.136011 0
7452.159906 0.119747 0
7455.519906 0.126754 0
7458.879906 0.147551 0
7462.239906 0.110502 0
7465.599906 0.118836 0
7468.959906 0.136295 0
7472.319906 0.144437 0
7475.679906 0.137376 0
7479.039905 0.118061 0
7482.399905 0.126192 0
7485.759905 0.103222 0
7489.119905 0.128599 0
7492.479905 0.142936 0
7495.839905 0.129352 0
7499.199905 0.118493 0
7502.559905 0.139672 0
7505.919905 0.130336 0
7509.279905 0.121849 0
7512.639904 0.121699 0
7515.999904 0.129689 0
7519.359904 0.143665 0
7522.719904 0.137486 0
7526.079904 0.109815 0
7529.439904 0.134893 0
7532.799904 0.137573 0
7536.159904 0.133809 0
7539.519904 0.153879 0
7542.879903 0.121231 0
7546.239903 0.116333 0
7549.599903 0.115293 0
7552.959903 0.126949 0
7556.319903 0.127700 0
7559.679903 0.111951 0
7563.039903 0.131461 0
7566.399903 0.097067 0
7569.759903 0.105546 0
7573.119903 0.138763 0
7576.479902 0.122148 0
7579.839902 0.122423 0
7583.199902 0.134533 0
7586.559902 0.124688 0
7589.919902 0.111878 0
7593.279902 0.088988 0
7596.639902 0.069561 0
7599.999902 0.075258 0
7603.359902 0.078792 0
7606.719901 0.159946 0
7610.079901 0.156327 0
7613.439901 0.169420 0
7616.799901 0.135420 0
7620.159901 0.126054 0
7623.519901 0.114024 0
7626.879901 0.101031 0
7630.239901 0.149423 0
7633.599901 0.143618 0
7636.959901 0.130620 0
7640.319900 0.121467 0
7643.679900 0.130304 0
7647.039900 0.139037 0
7650.399900 0.137730 0
7653.759900 0.126811 0
7657.119900 0.135634 0
7660.479900 0.126266 0
7663.839900 0.117033 0
7667.199900 0.132481 0
7670.559900 0.139857 0
7673.919899 0.135935 0
7677.279899 0.124981 0
7680.639899 0.143380 0
7683.999899 0.139534 0
7687.359899 0.109714 0
7690.719899 0.122361 0
7694.079899 0.121317 0
7697.439899 0.141643 0
7700.799899 0.115839 0
7704.159898 0.125324 0
7707.519898 0.140006 0
7710.879898 0.144336 0
7714.239898 0.127710 0
7717.599898 0.113360 0
7720.959898 0.139811 0
7724.319898 0.115539 0
7727.679898 0.135540 0
7731.039898 0.137519 0
7734.399898 0.135246 0
7737.759897 0.116458 0
7741.119897 0.129494 0
7744.479897 0.139670 0
7747.839897 0.152214 0
7751.199897 0.153278 0
7754.559897 0.147711 0
7757.919897 0.135344 0
7761.279897 0.130110 0
7764.639897 0.091512 0
7767.999896 0.097533 0
7771.359896 0.121216 0
7774.719896 0.106104 0
7778.079896 0.102516 0
7781.439896 0.118410 0
7784.799896 0.109827 0
7788.159896 0.133386 0
7791.519896 0.134103 0
7794.879896 0.129950 0
7798.239896 0.130509 0
7801.599895 0.146043 0
7804.959895 0.159138 0
7808.319895 0.131696 0
7811.679895 0.143772 0
7815.039895 0.149344 0
7818.399895 0.113076 0
7821.759895 0.106813 0
7825.119895 0.133747 0
7828.479895 0.113394 0
7831.839894 0.105018 0
7835.199894 0.145637 0
7838.559894 0.127843 0
7841.919894 0.151788 0
7845.279894 0.167928 0
7848.639894 0.129453 0
7851.999894 0.114017 0
7855.359894 0.154417 0
7858.719894 0.150060 0
7862.079894 0.138694 0
7865.439893 0.120674 0
7868.799893 0.139657 0
7872.159893 0.148940 0
7875.519893 0.126202 0
7878.879893 0.110168 0
7882.239893 0.114211 0
7885.599893 0.130046 0
7888.959893 0.113143 0
7892.319893 0.135910 0
7895.679892 0.120335 0
7899.039892 0.123387 0
7902.399892 0.140779 0
7905.759892 0.127148 0
7909.119892 0.198374 0
7912.479892 0.124231 0
7915.839892 0.093722 0
7919.199892 0.099172 0
7922.559892 0.074975 0
7925.919892 0.094994 0
7929.279891 0.109585 0
7932.639891 0.105549 0
7935.999891 0.133528 0
7939.359891 0.126319 0
7942.719891 0.138807 0
7946.079891 0.143377 0
7949.439891 0.121522 0
7952.799891 0.119987 0
7956.159891 0.113141 0
7959.519890 0.178961 0
7962.879890 0.091762 0
7966.239890 0.120439 0
7969.599890 0.103474 0
7972.959890 0.125081 0
7976.319890 0.135140 0
7979.679890 0.108799 0
7983.039890 0.131599 0
7986.399890 0.110529 0
7989.759890 0.125392 0
7993.119889 0.110130 0
7996.479889 0.143101 0
7999.839889 0.115342 0
8003.199889 0.116332 0
8006.559889 0.113877 0
8009.919889 0.091555 0
8013.279889 0.131086 0
8016.639889 0.149978 0
8019.999889 0.115950 0
8023.359888 0.134915 0
8026.719888 0.154094 0
8030.079888 0.109022 0
8033.439888 0.103515 0
8036.799888 0.115220 0
8040.159888 0.123331 0
8043.519888 0.137398 0
8046.879888 0.126869 0
8050.239888 0.105807 0
8053.599888 0.101105 0
8056.959887 0.103443 0
8060.319887 0.126698 0
8063.679887 0.113325 0
8067.039887 0.087933 0
8070.399887 0.096849 0
8073.759887 0.116078 0
8077.119887 0.136397 0
8080.479887 0.126865 0
8083.839887 0.120050 0
8087.199886 0.117962 0
8090.559886 0.128547 0
8093.919886 0.124594 0
8097.279886 0.115014 0
8100.639886 0.127895 0
8103.999886 0.120498 0
8107.359886 0.125557 0
8110.719886 0.111464 0
8114.079886 0.124487 0
8117.439886 0.143016 0
8120.799885 0.123179 0
8124.159885 0.125738 0
8127.519885 0.119020 0
8130.879885 0.129753 0
8134.239885 0.120210 0
8137.599885 0.117314 0
8140.959885 0.115897 0
8144.319885 0.111745 0
8147.679885 0.138028 0
8151.039885 0.130539 0
8154.399884 0.121286 0
8157.759884 0.122556 0
8161.119884 0.120592 0
8164.479884 0.131161 0
8167.839884 0.120688 0
8171.199884 0.114116 0
8174.559884 0.113833 0
8177.919884 0.128788 0
8181.279884 0.140702 0
8184.639883 0.110759 0
8187.999883 0.126897 0
8191.359883 0.138823 0
8194.719883 0.118718 0
8198.079883 0.099497 0
8201.439883 0.125158 0
8204.799883 0.105347 0
8208.159883 0.096005 0
8211.519883 0.111325 0
8214.879883 0.140289 0
8218.239882 0.139548 0
8221.599882 0.098948 0
8224.959882 0.124257 0
8228.319882 0.109344 0
8231.679882 0.117809 0
8235.039882 0.132744 0
8238.399882 0.112712 0
8241.759882 0.107377 0
8245.119882 0.130605 0
8248.479881 0.138166 0
8251.839881 0.135933 0
8255.199881 0.101541 0
8258.559881 0.136258 0
8261.919881 0.117873 0
8265.279881 0.115665 0
8268.639881 0.120777 0
8271.999881 0.107445 0
8275.359881 0.127765 0
8278.719881 0.139327 0
8282.079880 0.132669 0
8285.439880 0.103653 0
8288.799880 0.094534 0
8292.159880 0.119815 0
8295.519880 0.093825 0
8298.879880 0.079325 0
8302.239880 0.135923 0
8305.599880 0.109113 0
8308.959880 0.143788 0
8312.319879 0.115251 0
8315.679879 0.132769 0
8319.039879 0.117644 0
8322.399879 0.122983 0
8325.759879 0.115017 0
8329.119879 0.117051 0
8332.479879 0.115664 0
8335.839879 0.133067 0
8339.199879 0.116337 0
8342.559879 0.113932 0
8345.919878 0.104842 0
8349.279878 0.060426 0
8352.639878 0.161234 0
8355.999878 0.188481 0
8359.359878 0.099317 0
8362.719878 0.086077 0
8366.079878 0.143389 0
8369.439878 0.136707 0
8372.799878 0.113532 0
8376.159877 0.125750 0
8379.519877 0.121491 0
8382.879877 0.123941 0
8386.239877 0.157153 0
8389.599877 0.128302 0
8392.959877 0.166939 0
8396.319877 0.121109 0
8399.679877 0.132060 0
8403.039877 0.130420 0
8406.399877 0.115977 0
8409.759876 0.149733 0
8413.119876 0.130777 0
8416.479876 0.118901 0
8419.839876 0.130023 0
8423.199876 0.090172 0
8426.559876 0.111930 0
8429.919876 0.125536 0
8433.279876 0.094374 0
8436.639876 0.116077 0
8439.999875 0.084770 0
8443.359875 0.119947 0
8446.719875 0.113602 0
8450.079875 0.084773 0
8453.439875 0.139312 0
8456.799875 0.127816 0
8460.159875 0.184177 0
8463.519875 0.178051 0
8466.879875 0.160540 0
8470.239875 0.144215 0
8473.599874 0.092988 0
8476.959874 0.115655 0
8480.319874 0.235587 0
8483.679874 0.442917 0
8487.039874 0.364001 0
8490.399874 0.197899 0
8493.759874 0.149282 0
8497.119874 0.119098 0
8500.479874 0.143879 0
8503.839873 0.128602 0
8507.199873 0.147776 0
8510.559873 0.220761 0
8513.919873 0.210798 0
8517.279873 0.163314 0
8520.639873 0.128216 0
8523.999873 0.125492 0
8527.359873 0.106426 0
8530.719873 0.103534 0
8534.079873 0.117331 0
8537.439872 0.150702 0
8540.799872 0.132989 0
8544.159872 0.118533 0
8547.519872 0.103316 0
8550.879872 0.083219 0
8554.239872 0.110076 0
8557.599872 0.136658 0
8560.959872 0.142974 0
8564.319872 0.128346 0
8567.679871 0.121507 0
8571.039871 0.126326 0
8574.399871 0.136737 0
8577.759871 0.134824 0
8581.119871 0.135460 0
8584.479871 0.135023 0
8587.839871 0.126063 0
8591.199871 0.118891 0
8594.559871 0.120712 0
8597.919871 0.119810 0
8601.279870 0.116875 0
8604.639870 0.128845 0
8607.999870 0.129730 0
8611.359870 0.110073 0
8614.719870 0.145316 0
8618.079870 0.163314 0
8621.439870 0.130763 0
8624.799870 0.104400 0
8628.159870 0.041232 0
8631.519870 0.081379 0
8634.879869 0.143953 0
8638.239869 0.080508 0
8641.599869 0.117783 0
8644.959869 0.122930 0
8648.319869 0.145130 0
8651.679869 0.106513 0
8655.039869 0.165146 0
8658.399869 0.164212 0
8661.759869 0.178986 0
8665.119868 0.228281 0
8668.479868 0.135490 0
8671.839868 0.040144 0
8675.199868 0.132100 0
8678.559868 0.155240 0
8681.919868 0.184023 0
8685.279868 0.180372 0
8688.639868 0.141434 0
8691.999868 0.121479 0
8695.359868 0.133608 0
8698.719867 0.142419 0
8702.079867 0.158374 0
8705.439867 0.125421 0
8708.799867 0.133896 0
8712.159867 0.133369 0
8715.519867 0.119840 0
8718.879867 0.124067 0
8722.239867 0.129461 0
8725.599867 0.129431 0
8728.959866 0.119611 0
8732.319866 0.105739 0
8735.679866 0.133610 0
8739.039866 0.140260 0
8742.399866 0.152384 0
8745.759866 0.130234 0
8749.119866 0.100836 0
8752.479866 0.121789 0
8755.839866 0.155061 0
8759.199866 0.135189 0
8762.559865 0.119428 0
8765.919865 0.149898 0
8769.279865 0.140459 0
8772.639865 0.088976 0
8775.999865 0.069527 0
8779.359865 0.123458 0
8782.719865 0.105373 0
8786.079865 0.131305 0
8789.439865 0.140422 0
8792.799864 0.134742 0
8796.159864 0.120185 0
8799.519864 0.109881 0
8802.879864 0.129120 0
8806.239864 0.107637 0
8809.599864 0.122992 0
8812.959864 0.144686 0
8816.319864 0.159373 0
8819.679864 0.155739 0
8823.039864 0.129958 0
8826.399863 0.146756 0
8829.759863 0.104484 0
8833.119863 0.085264 0
8836.479863 0.088271 0
8839.839863 0.111763 0
8843.199863 0.117609 0
8846.559863 0.154316 0
8849.919863 0.087097 0
8853.279863 0.106857 0
8856.639862 0.145439 0
8859.999862 0.140788 0
8863.359862 0.100186 0
8866.719862 0.123509 0
8870.079862 0.115736 0
8873.439862 0.116795 0
8876.799862 0.174437 0
8880.159862 0.182864 0
8883.519862 0.152147 0
8886.879862 0.147399 0
8890.239861 0.044759 0
8893.599861 0.053376 0
8896.959861 0.136682 0
8900.319861 0.186529 0
8903.679861 0.140357 0
8907.039861 0.101127 0
8910.399861 0.145658 0
8913.759861 0.209527 0
8917.119861 0.141960 0
8920.479860 0.207134 0
8923.839860 0.136992 0
8927.199860 0.136432 0
8930.559860 0.121149 0
8933.919860 0.090262 0
8937.279860 0.116338 0
8940.639860 0.113684 0
8943.999860 0.096296 0
8947.359860 0.148178 0
8950.719860 0.165145 0
8954.079859 0.173640 0
8957.439859 0.131629 0
8960.799859 0.110034 0
8964.159859 0.101446 0
8967.519859 0.105138 0
8970.879859 0.107647 0
8974.239859 0.133314 0
8977.599859 0.135596 0
8980.959859 0.136407 0
8984.319858 0.133524 0
8987.679858 0.120230 0
8991.039858 0.142135 0
8994.399858 0.117984 0
8997.759858 0.146482 0
9001.119858 0.105625 0
9004.479858 0.100504 0
9007.839858 0.110471 0
9011.199858 0.089422 0
9014.559858 0.104683 0
9017.919857 0.109994 0
9021.279857 0.110112 0
9024.639857 0.106179 0
9027.999857 0.116771 0
9031.359857 0.162255 0
9034.719857 0.130090 0
9038.079857 0.113394 0
9041.439857 0.124750 0
9044.799857 0.078989 0
9048.159856 0.104964 0
9051.519856 0.128062 0
9054.879856 0.158156 0
9058.239856 0.144126 0
9061.599856 0.109812 0
9064.959856 0.105652 0
9068.319856 0.104202 0
9071.679856 0.135147 0
9075.039856 0.124592 0
9078.399856 0.123467 0
9081.759855 0.124605 0
9085.119855 0.142443 0
9088.479855 0.123104 0
9091.839855 0.121811 0
9095.199855 0.132353 0
9098.559855 0.149863 0
9101.919855 0.135968 0
9105.279855 0.149959 0
9108.639855 0.122833 0
9111.999855 0.087956 0
9115.359854 0.122539 0
9118.719854 0.110408 0
9122.079854 0.130328 0
9125.439854 0.114128 0
9128.799854 0.105688 0
9132.159854 0.124512 0
9135.519854 0.124484 0
9138.879854 0.100034 0
9142.239854 0.110882 0
9145.599853 0.097797 0
9148.959853 0.114047 0
9152.319853 0.126522 0
9155.679853 0.133246 0
9159.039853 0.099243 0
9162.399853 0.127589 0
9165.759853 0.132440 0
9169.119853 0.111082 0
9172.479853 0.123481 0
9175.839853 0.127826 0
9179.199852 0.115533 0
9182.559852 0.114386 0
9185.919852 0.109335 0
9189.279852 0.133817 0
9192.639852 0.099522 0
9195.999852 0.107305 0
9199.359852 0.127231 0
9202.719852 0.121719 0
9206.079852 0.116165 0
9209.439851 0.131192 0
9212.799851 0.146605 0
9216.159851 0.128710 0
9219.519851 0.135793 0
9222.879851 0.100564 0
9226.239851 0.131911 0
9229.599851 0.132773 0
9232.959851 0.125369 0
9236.319851 0.131297 0
9239.679851 0.125553 0
9243.039850 0.136668 0
9246.399850 0.092980 0
9249.759850 0.100425 0
