# obs: 255704
# slit: 33
# z: 0.11575
# lines: H{beta},H{alpha}
# spec: 477
5120.830000 0.000000 1
5122.490000 0.000000 1
5124.150000 0.000000 1
5125.810000 0.000000 1
5127.470000 0.000000 1
5129.130000 0.000000 1
5130.790000 0.000000 1
5132.450000 0.000000 1
5134.110000 0.000000 1
5135.770000 0.000000 1
5137.430000 0.000000 1
5139.090000 0.000000 1
5140.750000 0.000000 1
5142.410000 0.000000 1
5144.070000 0.000000 1
5145.730000 0.000000 1
5147.390000 0.000000 1
5149.050000 0.000000 1
5150.710000 0.000000 1
5152.370000 0.000000 1
5154.030000 0.000000 1
5155.690000 0.000000 1
5157.350000 0.000000 1
5159.010000 0.000000 1
5160.670000 0.000000 1
5162.330000 0.000000 1
5163.990000 0.000000 1
5165.650000 0.000000 1
5167.310000 0.000000 1
5168.970000 0.000000 1
5170.630000 0.000000 1
5172.290000 0.000000 1
5173.950000 0.000000 1
5175.610000 0.000000 1
5177.270000 0.000000 1
5178.930000 0.000000 1
5180.590000 0.000000 1
5182.250000 0.000000 1
5183.910000 0.000000 1
5185.570000 0.000000 1
5187.230000 0.000000 1
5188.890000 0.000000 1
5190.550000 0.000000 1
5192.210000 0.000000 1
5193.870000 0.035253 1
5195.530000 0.111150 1
5197.190000 0.107004 0
5198.850000 0.106496 0
5200.510000 0.116633 0
5202.170000 0.099614 0
5203.830000 0.093682 0
5205.490000 0.107213 0
5207.150000 0.127162 0
5208.810000 0.106798 0
5210.470000 0.073241 0
5212.130000 0.112467 0
5213.790000 0.106473 0
5215.450000 0.103719 0
5217.110000 0.140979 0
5218.770000 0.117583 0
5220.430000 0.115543 0
5222.090000 0.069401 0
5223.750000 0.109434 0
5225.410000 0.111657 0
5227.070000 0.105204 0
5228.730000 0.111579 0
5230.390000 0.101303 0
5232.050000 0.096937 0
5233.710000 0.081501 0
5235.370000 0.096722 0
5237.030000 0.119333 0
5238.690000 0.109062 0
5240.350000 0.110271 0
5242.010000 0.118366 0
5243.670000 0.116537 0
5245.330000 0.110565 0
5246.990000 0.100151 0
5248.650000 0.120705 0
5250.310000 0.092787 0
5251.970000 0.124679 0
5253.630000 0.102589 0
5255.290000 0.103497 0
5256.950000 0.109499 0
5258.610000 0.108912 0
5260.270000 0.093992 0
5261.930000 0.095853 0
5263.590000 0.106349 0
5265.250000 0.121797 0
5266.910000 0.110953 0
5268.570000 0.102647 0
5270.230000 0.124462 0
5271.890000 0.117284 0
5273.550000 0.138310 0
5275.210000 0.097903 0
5276.870000 0.097486 0
5278.530000 0.087351 0
5280.190000 0.102100 0
5281.850000 0.112464 0
5283.510000 0.115143 0
5285.170000 0.117005 0
5286.830000 0.124756 0
5288.490000 0.106022 0
5290.150000 0.104693 0
5291.810000 0.127513 0
5293.470000 0.122018 0
5295.130000 0.111588 0
5296.790000 0.136245 0
5298.450000 0.118108 0
5300.110000 0.134538 0
5301.770000 0.133263 0
5303.430000 0.109399 0
5305.090000 0.129443 0
5306.750000 0.129419 0
5308.410000 0.111683 0
5310.070000 0.118652 0
5311.730000 0.093767 0
5313.390000 0.100136 0
5315.050000 0.064279 0
5316.710000 0.102225 0
5318.370000 0.123120 0
5320.030000 0.129437 0
5321.690000 0.107449 0
5323.350000 0.121528 0
5325.010000 0.130646 0
5326.670000 0.130343 0
5328.330000 0.108122 0
5329.990000 0.082777 0
5331.650000 0.128968 0
5333.310000 0.104995 0
5334.970000 0.095956 0
5336.630000 0.114174 0
5338.290000 0.088492 0
5339.950000 0.107265 0
5341.610000 0.103574 0
5343.270000 0.112395 0
5344.930000 0.119656 0
5346.590000 0.112186 0
5348.250000 0.133107 0
5349.910000 0.107946 0
5351.570000 0.098228 0
5353.230000 0.151291 0
5354.890000 0.094896 0
5356.550000 0.113340 0
5358.210000 0.123190 0
5359.870000 0.121662 0
5361.530000 0.126310 0
5363.190000 0.141547 0
5364.850000 0.114974 0
5366.510000 0.128868 0
5368.170000 0.121157 0
5369.830000 0.108622 0
5371.490000 0.117203 0
5373.150000 0.095257 0
5374.810000 0.128811 0
5376.470000 0.123878 0
5378.130000 0.115768 0
5379.790000 0.101320 0
5381.450000 0.105525 0
5383.110000 0.097719 0
5384.770000 0.121989 0
5386.430000 0.111660 0
5388.090000 0.115377 0
5389.750000 0.138711 0
5391.410000 0.129490 0
5393.070000 0.120579 0
5394.730000 0.114586 0
5396.390000 0.121823 0
5398.050000 0.111758 0
5399.710000 0.116621 0
5401.370000 0.118036 0
5403.030000 0.111376 0
5404.690000 0.112611 0
5406.350000 0.115361 0
5408.010000 0.125051 0
5409.670000 0.104737 0
5411.330000 0.090535 0
5412.990000 0.099062 0
5414.650000 0.124392 0
5416.310000 0.098529 0
5417.970000 0.092383 0
5419.630000 0.095671 0
5421.290000 0.096566 0
5422.950000 0.122896 0
5424.610000 0.164477 0
5426.270000 0.196525 0
5427.930000 0.117572 0
5429.590000 0.104780 0
5431.250000 0.097855 0
5432.910000 0.101652 0
5434.570000 0.098760 0
5436.230000 0.110635 0
5437.890000 0.118427 0
5439.550000 0.094618 0
5441.210000 0.144680 0
5442.870000 0.120078 0
5444.530000 0.123436 0
5446.190000 0.118900 0
5447.850000 0.110156 0
5449.510000 0.109236 0
5451.170000 0.109323 0
5452.830000 0.114964 0
5454.490000 0.106229 0
5456.150000 0.112745 0
5457.810000 0.121405 0
5459.470000 0.120194 0
5461.130000 0.119539 0
5462.790000 0.114312 0
5464.450000 0.122684 0
5466.110000 0.124898 0
5467.770000 0.106348 0
5469.430000 0.117860 0
5471.090000 0.104579 0
5472.750000 0.099164 0
5474.410000 0.118911 0
5476.070000 0.130254 0
5477.730000 0.124310 0
5479.390000 0.127654 0
5481.050000 0.124530 0
5482.710000 0.122464 0
5484.370000 0.116308 0
5486.030000 0.122936 0
5487.690000 0.108095 0
5489.350000 0.105833 0
5491.010000 0.104082 0
5492.670000 0.101220 0
5494.330000 0.111035 0
5495.990000 0.096638 0
5497.650000 0.086680 0
5499.310000 0.104693 0
5500.970000 0.101831 0
5502.630000 0.100621 0
5504.290000 0.108075 0
5505.950000 0.092598 0
5507.610000 0.101615 0
5509.270000 0.115376 0
5510.930000 0.113336 0
5512.590000 0.104340 0
5514.250000 0.113195 0
5515.910000 0.135179 0
5517.570000 0.113499 0
5519.230000 0.086984 0
5520.890000 0.103673 0
5522.550000 0.124859 0
5524.210000 0.143085 0
5525.870000 0.110554 0
5527.530000 0.143957 0
5529.190000 0.120875 0
5530.850000 0.113170 0
5532.510000 0.108912 0
5534.170000 0.113029 0
5535.830000 0.111103 0
5537.490000 0.114103 0
5539.150000 0.110787 0
5540.810000 0.102331 0
5542.470000 0.104612 0
5544.130000 0.110493 0
5545.790000 0.116182 0
5547.450000 0.103398 0
5549.110000 0.126826 0
5550.770000 0.128970 0
5552.430000 0.126839 0
5554.090000 0.110643 0
5555.750000 0.125661 0
5557.410000 0.100539 0
5559.070000 0.094788 0
5560.730000 0.094137 0
5562.390000 0.090311 0
5564.050000 0.094431 0
5565.710000 0.127596 0
5567.370000 0.105830 0
5569.030000 0.078960 0
5570.690000 0.105411 0
5572.350000 0.123109 1
5574.010000 0.074512 1
5575.670000 0.060425 1
5577.330000 0.078799 1
5578.990000 0.035738 1
5580.650000 0.060456 1
5582.310000 0.093413 1
5583.970000 0.110366 1
5585.630000 0.113745 0
5587.290000 0.134941 0
5588.950000 0.123252 0
5590.610000 0.103797 0
5592.270000 0.086692 0
5593.930000 0.104561 0
5595.590000 0.084596 0
5597.250000 0.082064 0
5598.910000 0.098784 0
5600.570000 0.106474 0
5602.230000 0.104396 0
5603.890000 0.123086 0
5605.550000 0.125682 0
5607.210000 0.111608 0
5608.870000 0.118630 0
5610.530000 0.105146 0
5612.190000 0.096414 0
5613.850000 0.110583 0
5615.510000 0.119831 0
5617.170000 0.124954 0
5618.830000 0.118247 0
5620.490000 0.121407 0
5622.150000 0.116391 0
5623.810000 0.120861 0
5625.470000 0.129752 0
5627.130000 0.103075 0
5628.790000 0.106975 0
5630.450000 0.119423 0
5632.110000 0.095594 0
5633.770000 0.105453 0
5635.430000 0.124370 0
5637.090000 0.105704 0
5638.750000 0.103077 0
5640.410000 0.099985 0
5642.070000 0.119759 0
5643.730000 0.117373 0
5645.390000 0.121521 0
5647.050000 0.117937 0
5648.710000 0.127739 0
5650.370000 0.118868 0
5652.030000 0.111428 0
5653.690000 0.106573 0
5655.350000 0.085931 0
5657.010000 0.095309 0
5658.670000 0.123247 0
5660.330000 0.122661 0
5661.990000 0.105501 0
5663.650000 0.098182 0
5665.310000 0.106771 0
5666.970000 0.099294 0
5668.630000 0.082914 0
5670.290000 0.098614 0
5671.950000 0.111217 0
5673.610000 0.107102 0
5675.270000 0.089336 0
5676.930000 0.107742 0
5678.590000 0.131326 0
5680.250000 0.124152 0
5681.910000 0.104415 0
5683.570000 0.110658 0
5685.230000 0.129121 0
5686.890000 0.116889 0
5688.550000 0.119113 0
5690.210000 0.100066 0
5691.870000 0.105354 0
5693.530000 0.123086 0
5695.190000 0.142608 0
5696.850000 0.116619 0
5698.510000 0.123112 0
5700.170000 0.110908 0
5701.830000 0.129691 0
5703.490000 0.120824 0
5705.150000 0.116926 0
5706.810000 0.111685 0
5708.470000 0.112592 0
5710.130000 0.104741 0
5711.790000 0.131527 0
5713.450000 0.119974 0
5715.110000 0.136558 0
5716.770000 0.095159 0
5718.430000 0.100993 0
5720.090000 0.134467 0
5721.750000 0.110596 0
5723.410000 0.128302 0
5725.070000 0.125272 0
5726.730000 0.096600 0
5728.390000 0.112992 0
5730.050000 0.110416 0
5731.710000 0.143999 0
5733.370000 0.143358 0
5735.030000 0.124011 0
5736.690000 0.129804 0
5738.350000 0.120461 0
5740.010000 0.114369 0
5741.670000 0.098430 0
5743.330000 0.127301 0
5744.990000 0.118851 0
5746.650000 0.108225 0
5748.310000 0.113605 0
5749.970000 0.104429 0
5751.630000 0.108988 0
5753.290000 0.118583 0
5754.950000 0.128931 0
5756.610000 0.116549 0
5758.270000 0.106337 0
5759.930000 0.113294 0
5761.590000 0.107479 0
5763.250000 0.123608 0
5764.910000 0.118041 0
5766.570000 0.081528 0
5768.230000 0.098964 0
5769.890000 0.094774 0
5771.550000 0.089089 0
5773.210000 0.087560 0
5774.870000 0.117667 0
5776.530000 0.116438 0
5778.190000 0.122424 0
5779.850000 0.105029 0
5781.510000 0.116104 0
5783.170000 0.095999 0
5784.830000 0.086140 0
5786.490000 0.086263 0
5788.150000 0.107217 0
5789.810000 0.117359 0
5791.470000 0.130800 0
5793.130000 0.118294 0
5794.790000 0.112379 0
5796.450000 0.095189 0
5798.110000 0.110241 0
5799.770000 0.117303 0
5801.430000 0.122362 0
5803.090000 0.103300 0
5804.750000 0.122077 0
5806.410000 0.118715 0
5808.070000 0.137180 0
5809.730000 0.116663 0
5811.390000 0.089907 0
5813.050000 0.093400 0
5814.710000 0.120760 0
5816.370000 0.130118 0
5818.030000 0.126877 0
5819.690000 0.126485 0
5821.350000 0.124732 0
5823.010000 0.123868 0
5824.670000 0.139032 0
5826.330000 0.153115 0
5827.990000 0.118995 0
5829.650000 0.105609 0
5831.310000 0.118370 0
5832.970000 0.127447 0
5834.630000 0.125046 0
5836.290000 0.104343 0
5837.950000 0.131133 0
5839.610000 0.104696 0
5841.270000 0.123585 0
5842.930000 0.118495 0
5844.590000 0.118974 0
5846.250000 0.120404 0
5847.910000 0.132591 0
5849.570000 0.134841 0
5851.230000 0.129813 0
5852.890000 0.125860 0
5854.550000 0.134689 0
5856.210000 0.124214 0
5857.870000 0.121945 0
5859.530000 0.113085 0
5861.190000 0.119691 0
5862.850000 0.106676 0
5864.510000 0.117125 0
5866.170000 0.126643 0
5867.830000 0.127544 0
5869.490000 0.129293 0
5871.150000 0.118984 0
5872.810000 0.100863 0
5874.470000 0.114465 0
5876.130000 0.113675 0
5877.790000 0.119965 0
5879.450000 0.099539 0
5881.110000 0.101100 0
5882.770000 0.123845 0
5884.430000 0.114721 0
5886.090000 0.106576 0
5887.750000 0.112398 0
5889.410000 0.108064 0
5891.070000 0.142916 0
5892.730000 0.127160 0
5894.390000 0.108623 0
5896.050000 0.104083 0
5897.710000 0.123742 0
5899.370000 0.131028 0
5901.030000 0.136622 0
5902.690000 0.114353 0
5904.350000 0.140790 0
5906.010000 0.138481 0
5907.670000 0.137881 0
5909.330000 0.126360 0
5910.990000 0.101368 0
5912.650000 0.088254 0
5914.310000 0.106788 0
5915.970000 0.139850 0
5917.630000 0.138670 0
5919.290000 0.128420 0
5920.950000 0.125673 0
5922.610000 0.148364 0
5924.270000 0.123022 0
5925.930000 0.123224 0
5927.590000 0.129308 0
5929.250000 0.129310 0
5930.910000 0.139623 0
5932.570000 0.116690 0
5934.230000 0.127235 0
5935.890000 0.129149 0
5937.550000 0.139248 0
5939.210000 0.129272 0
5940.870000 0.139300 0
5942.530000 0.123843 0
5944.190000 0.119039 0
5945.850000 0.113735 0
5947.510000 0.126630 0
5949.170000 0.129703 0
5950.830000 0.131206 0
5952.490000 0.133386 0
5954.150000 0.129462 0
5955.810000 0.126466 0
5957.470000 0.125426 0
5959.130000 0.119585 0
5960.790000 0.112423 0
5962.450000 0.130464 0
5964.110000 0.119846 0
5965.770000 0.115335 0
5967.430000 0.110059 0
5969.090000 0.103931 0
5970.750000 0.101179 0
5972.410000 0.124704 0
5974.070000 0.117539 0
5975.730000 0.134162 0
5977.390000 0.112290 0
5979.050000 0.128262 0
5980.710000 0.104223 0
5982.370000 0.126046 0
5984.030000 0.124507 0
5985.690000 0.111937 0
5987.350000 0.120701 0
5989.010000 0.119319 0
5990.670000 0.118272 0
5992.330000 0.104070 0
5993.990000 0.105661 0
5995.650000 0.116661 0
5997.310000 0.122244 0
5998.970000 0.143833 0
6000.630000 0.121457 0
6002.290000 0.116758 0
6003.950000 0.125493 0
6005.610000 0.121717 0
6007.270000 0.127105 0
6008.930000 0.129353 0
6010.590000 0.110849 0
6012.250000 0.117285 0
6013.910000 0.130386 0
6015.570000 0.121940 0
6017.230000 0.118896 0
6018.890000 0.097428 0
6020.550000 0.116475 0
6022.210000 0.101654 0
6023.870000 0.125188 0
6025.530000 0.116228 0
6027.190000 0.102723 0
6028.850000 0.125373 0
6030.510000 0.122507 0
6032.170000 0.117516 0
6033.830000 0.104087 0
6035.490000 0.108005 0
6037.150000 0.123206 0
6038.810000 0.125153 0
6040.470000 0.131946 0
6042.130000 0.125687 0
6043.790000 0.114047 0
6045.450000 0.126726 0
6047.110000 0.120135 0
6048.770000 0.110311 0
6050.430000 0.107296 0
6052.090000 0.110733 0
6053.750000 0.110501 0
6055.410000 0.135966 0
6057.070000 0.116809 0
6058.730000 0.108234 0
6060.390000 0.125720 0
6062.050000 0.115212 0
6063.710000 0.117954 0
6065.370000 0.109350 0
6067.030000 0.102266 0
6068.690000 0.122809 0
6070.350000 0.129413 0
6072.010000 0.125923 0
6073.670000 0.125571 0
6075.330000 0.121685 0
6076.990000 0.114733 0
6078.650000 0.115916 0
6080.310000 0.124822 0
6081.970000 0.109443 0
6083.630000 0.132693 0
6085.290000 0.127307 0
6086.950000 0.119582 0
6088.610000 0.125209 0
6090.270000 0.105302 0
6091.930000 0.116735 0
6093.590000 0.118858 0
6095.250000 0.129008 0
6096.910000 0.120388 0
6098.570000 0.140452 0
6100.230000 0.102054 0
6101.890000 0.134135 0
6103.550000 0.110364 0
6105.210000 0.106661 0
6106.870000 0.115074 0
6108.530000 0.146461 0
6110.190000 0.123619 0
6111.850000 0.106198 0
6113.510000 0.112309 0
6115.170000 0.101535 0
6116.830000 0.117770 0
6118.490000 0.124931 0
6120.150000 0.121947 0
6121.810000 0.123551 0
6123.470000 0.121281 0
6125.130000 0.123746 0
6126.790000 0.113686 0
6128.450000 0.114568 0
6130.110000 0.120844 0
6131.770000 0.128054 0
6133.430000 0.116010 0
6135.090000 0.113508 0
6136.750000 0.128791 0
6138.410000 0.130684 0
6140.070000 0.116861 0
6141.730000 0.107962 0
6143.390000 0.100370 0
6145.050000 0.126007 0
6146.710000 0.122755 0
6148.370000 0.126901 0
6150.030000 0.127755 0
6151.690000 0.130604 0
6153.350000 0.118328 0
6155.010000 0.121142 0
6156.670000 0.118530 0
6158.330000 0.128492 0
6159.990000 0.128439 0
6161.650000 0.118528 0
6163.310000 0.128434 0
6164.970000 0.135453 0
6166.630000 0.119934 0
6168.290000 0.117243 0
6169.950000 0.129205 0
6171.610000 0.123433 0
6173.270000 0.117138 0
6174.930000 0.108874 0
6176.590000 0.123219 0
6178.250000 0.124553 0
6179.910000 0.130631 0
6181.570000 0.131854 0
6183.230000 0.142763 0
6184.890000 0.136777 0
6186.550000 0.133801 0
6188.210000 0.127381 0
6189.870000 0.116071 0
6191.530000 0.109773 0
6193.190000 0.125031 0
6194.850000 0.130708 0
6196.510000 0.137599 0
6198.170000 0.133538 0
6199.830000 0.114790 0
6201.490000 0.136777 0
6203.150000 0.135665 0
6204.810000 0.136356 0
6206.470000 0.130347 0
6208.130000 0.123634 0
6209.790000 0.130532 0
6211.450000 0.133260 0
6213.110000 0.127326 0
6214.770000 0.135675 0
6216.430000 0.127748 0
6218.090000 0.124213 0
6219.750000 0.122610 0
6221.410000 0.113844 0
6223.070000 0.121479 0
6224.730000 0.125109 0
6226.390000 0.133937 0
6228.050000 0.134769 0
6229.710000 0.130091 0
6231.370000 0.131349 0
6233.030000 0.113512 0
6234.690000 0.098666 0
6236.350000 0.114636 0
6238.010000 0.126998 0
6239.670000 0.110156 0
6241.330000 0.116870 0
6242.990000 0.111243 0
6244.650000 0.105435 0
6246.310000 0.113174 0
6247.970000 0.129803 0
6249.630000 0.119957 0
6251.290000 0.125914 0
6252.950000 0.126518 0
6254.610000 0.115690 0
6256.270000 0.127888 0
6257.930000 0.138413 0
6259.590000 0.128078 0
6261.250000 0.135385 0
6262.910000 0.114987 0
6264.570000 0.134473 0
6266.230000 0.123416 0
6267.890000 0.142784 0
6269.550000 0.134664 0
6271.210000 0.133310 0
6272.870000 0.115863 0
6274.530000 0.117149 0
6276.190000 0.124631 0
6277.850000 0.118476 0
6279.510000 0.116840 0
6281.170000 0.132765 0
6282.830000 0.145691 0
6284.490000 0.127419 0
6286.150000 0.129264 0
6287.810000 0.115787 0
6289.470000 0.121075 0
6291.130000 0.108983 1
6292.790000 0.124606 1
6294.450000 0.118082 1
6296.110000 0.137156 1
6297.770000 0.061309 1
6299.430000 0.069998 1
6301.090000 0.120937 1
6302.750000 0.077117 1
6304.410000 0.096201 1
6306.070000 0.121841 1
6307.730000 0.109318 1
6309.390000 0.116149 1
6311.050000 0.134068 1
6312.710000 0.132344 0
6314.370000 0.115394 0
6316.030000 0.128080 0
6317.690000 0.128436 0
6319.350000 0.127731 0
6321.010000 0.116084 0
6322.670000 0.102851 0
6324.330000 0.133128 0
6325.990000 0.122409 0
6327.650000 0.121381 0
6329.310000 0.127680 0
6330.970000 0.134755 0
6332.630000 0.131269 0
6334.290000 0.126101 0
6335.950000 0.124155 0
6337.610000 0.131938 0
6339.270000 0.124835 0
6340.930000 0.111651 0
6342.590000 0.118639 0
6344.250000 0.135714 0
6345.910000 0.126813 0
6347.570000 0.127242 0
6349.230000 0.148852 0
6350.890000 0.125908 0
6352.550000 0.124235 0
6354.210000 0.106326 0
6355.870000 0.141359 0
6357.530000 0.129158 1
6359.190000 0.122097 1
6360.850000 0.126589 1
6362.510000 0.100296 1
6364.170000 0.112397 1
6365.830000 0.092690 1
6367.490000 0.125989 1
6369.150000 0.110909 1
6370.810000 0.107726 0
6372.470000 0.118520 0
6374.130000 0.133620 0
6375.790000 0.108541 0
6377.450000 0.127681 0
6379.110000 0.122312 0
6380.770000 0.127873 0
6382.430000 0.154040 0
6384.090000 0.141541 0
6385.750000 0.121685 0
6387.410000 0.130973 0
6389.070000 0.108704 0
6390.730000 0.123315 0
6392.390000 0.104838 0
6394.050000 0.114221 0
6395.710000 0.132259 0
6397.370000 0.121272 0
6399.030000 0.125423 0
6400.690000 0.129833 0
6402.350000 0.138360 0
6404.010000 0.141850 0
6405.670000 0.134516 0
6407.330000 0.132116 0
6408.990000 0.142016 0
6410.650000 0.123105 0
6412.310000 0.123368 0
6413.970000 0.136808 0
6415.630000 0.146875 0
6417.290000 0.132982 0
6418.950000 0.125386 0
6420.610000 0.128829 0
6422.270000 0.130063 0
6423.930000 0.125018 0
6425.590000 0.125120 0
6427.250000 0.129616 0
6428.910000 0.143826 0
6430.570000 0.132806 0
6432.230000 0.132946 0
6433.890000 0.135829 0
6435.550000 0.121005 0
6437.210000 0.135451 0
6438.870000 0.131923 0
6440.530000 0.127494 0
6442.190000 0.125238 0
6443.850000 0.145457 0
6445.510000 0.123993 0
6447.170000 0.132367 0
6448.830000 0.113404 0
6450.490000 0.131576 0
6452.150000 0.127182 0
6453.810000 0.120259 0
6455.470000 0.124885 0
6457.130000 0.129020 0
6458.790000 0.141161 0
6460.450000 0.138236 0
6462.110000 0.136118 0
6463.770000 0.138303 0
6465.430000 0.139782 0
6467.090000 0.118990 0
6468.750000 0.145690 0
6470.410000 0.146698 0
6472.070000 0.135513 0
6473.730000 0.119365 0
6475.390000 0.121373 0
6477.050000 0.123086 0
6478.710000 0.131086 0
6480.370000 0.147555 0
6482.030000 0.142272 0
6483.690000 0.130977 0
6485.350000 0.119528 0
6487.010000 0.120746 0
6488.670000 0.143618 0
6490.330000 0.139660 0
6491.990000 0.128150 0
6493.650000 0.114591 0
6495.310000 0.108403 0
6496.970000 0.118233 0
6498.630000 0.129244 0
6500.290000 0.120932 0
6501.950000 0.147713 0
6503.610000 0.126982 0
6505.270000 0.131011 0
6506.930000 0.144615 0
6508.590000 0.135348 0
6510.250000 0.144960 0
6511.910000 0.139472 0
6513.570000 0.150757 0
6515.230000 0.122987 0
6516.890000 0.141315 0
6518.550000 0.126936 0
6520.210000 0.143426 0
6521.870000 0.126823 0
6523.530000 0.126372 0
6525.190000 0.128340 0
6526.850000 0.141076 0
6528.510000 0.141486 0
6530.170000 0.123931 0
6531.830000 0.112094 0
6533.490000 0.121786 0
6535.150000 0.127197 0
6536.810000 0.135609 0
6538.470000 0.130589 0
6540.130000 0.130088 0
6541.790000 0.139787 0
6543.450000 0.140232 0
6545.110000 0.128876 0
6546.770000 0.124069 0
6548.430000 0.135407 0
6550.090000 0.131132 0
6551.750000 0.127819 0
6553.410000 0.130095 0
6555.070000 0.133016 0
6556.730000 0.130642 0
6558.390000 0.140801 0
6560.050000 0.135736 0
6561.710000 0.125719 0
6563.370000 0.123119 0
6565.030000 0.123280 0
6566.690000 0.121508 0
6568.350000 0.130000 0
6570.010000 0.125315 0
6571.670000 0.109260 0
6573.330000 0.116948 0
6574.990000 0.103114 0
6576.650000 0.113083 0
6578.310000 0.107146 0
6579.970000 0.111957 0
6581.630000 0.127884 0
6583.290000 0.119279 0
6584.950000 0.127333 0
6586.610000 0.128645 0
6588.270000 0.122964 0
6589.930000 0.138144 0
6591.590000 0.135317 0
6593.250000 0.117463 0
6594.910000 0.133005 0
6596.570000 0.133918 0
6598.230000 0.133676 0
6599.890000 0.141998 0
6601.550000 0.129303 0
6603.210000 0.129664 0
6604.870000 0.121602 0
6606.530000 0.145177 0
6608.190000 0.129080 0
6609.850000 0.142241 0
6611.510000 0.122429 0
6613.170000 0.132504 0
6614.830000 0.126831 0
6616.490000 0.138902 0
6618.150000 0.129765 0
6619.810000 0.134254 0
6621.470000 0.124711 0
6623.130000 0.121132 0
6624.790000 0.140880 0
6626.450000 0.133452 0
6628.110000 0.138709 0
6629.770000 0.134381 0
6631.430000 0.113579 0
6633.090000 0.134821 0
6634.750000 0.137603 0
6636.410000 0.129056 0
6638.070000 0.128847 0
6639.730000 0.132184 0
6641.390000 0.136925 0
6643.050000 0.129254 0
6644.710000 0.134430 0
6646.370000 0.147948 0
6648.030000 0.126157 0
6649.690000 0.129347 0
6651.350000 0.137551 0
6653.010000 0.148968 0
6654.670000 0.123433 0
6656.330000 0.146876 0
6657.990000 0.160308 0
6659.650000 0.137696 0
6661.310000 0.133403 0
6662.970000 0.139122 0
6664.630000 0.141123 0
6666.290000 0.137207 0
6667.950000 0.145769 0
6669.610000 0.141214 0
6671.270000 0.134489 0
6672.930000 0.137546 0
6674.590000 0.131941 0
6676.250000 0.116496 0
6677.910000 0.127824 0
6679.570000 0.128280 0
6681.230000 0.140103 0
6682.890000 0.138987 0
6684.550000 0.131673 0
6686.210000 0.141267 0
6687.870000 0.131374 0
6689.530000 0.142245 0
6691.190000 0.146187 0
6692.850000 0.136754 0
6694.510000 0.149391 0
6696.170000 0.144333 0
6697.830000 0.131017 0
6699.490000 0.142272 0
6701.150000 0.145614 0
6702.810000 0.130465 0
6704.470000 0.136397 0
6706.130000 0.112372 0
6707.790000 0.149705 0
6709.450000 0.130209 0
6711.110000 0.144877 0
6712.770000 0.139086 0
6714.430000 0.124319 0
6716.090000 0.117424 0
6717.750000 0.135724 0
6719.410000 0.127795 0
6721.070000 0.132702 0
6722.730000 0.138736 0
6724.390000 0.149434 0
6726.050000 0.150720 0
6727.710000 0.121839 0
6729.370000 0.118750 0
6731.030000 0.130681 0
6732.690000 0.137915 0
6734.350000 0.147995 0
6736.010000 0.121330 0
6737.670000 0.140238 0
6739.330000 0.139809 0
6740.990000 0.138785 0
6742.650000 0.127992 0
6744.310000 0.126480 0
6745.970000 0.119977 0
6747.630000 0.131145 0
6749.290000 0.145752 0
6750.950000 0.133119 0
6752.610000 0.135940 0
6754.270000 0.148180 0
6755.930000 0.132758 0
6757.590000 0.128573 0
6759.250000 0.128876 0
6760.910000 0.128275 0
6762.570000 0.128743 0
6764.230000 0.123501 0
6765.890000 0.131096 0
6767.550000 0.136374 0
6769.210000 0.127223 0
6770.870000 0.132917 0
6772.530000 0.137083 0
6774.190000 0.145083 0
6775.850000 0.139209 0
6777.510000 0.150996 0
6779.170000 0.142512 0
6780.830000 0.147902 0
6782.490000 0.141273 0
6784.150000 0.125942 0
6785.810000 0.127204 0
6787.470000 0.129972 0
6789.130000 0.129488 0
6790.790000 0.127298 0
6792.450000 0.127219 0
6794.110000 0.115632 0
6795.770000 0.122175 0
6797.430000 0.122850 0
6799.090000 0.123778 0
6800.750000 0.134333 0
6802.410000 0.126283 0
6804.070000 0.125757 0
6805.730000 0.127095 0
6807.390000 0.133553 0
6809.050000 0.138570 0
6810.710000 0.121543 0
6812.370000 0.125785 0
6814.030000 0.126718 0
6815.690000 0.139074 0
6817.350000 0.133018 0
6819.010000 0.137677 0
6820.670000 0.145066 0
6822.330000 0.130238 0
6823.990000 0.119117 0
6825.650000 0.122949 0
6827.310000 0.127533 0
6828.970000 0.129206 0
6830.630000 0.122120 0
6832.290000 0.116917 0
6833.950000 0.116838 0
6835.610000 0.134626 0
6837.270000 0.128818 0
6838.930000 0.124627 0
6840.590000 0.123199 0
6842.250000 0.136780 0
6843.910000 0.121540 0
6845.570000 0.137269 0
6847.230000 0.118256 0
6848.890000 0.125925 0
6850.550000 0.107734 0
6852.210000 0.132571 0
6853.870000 0.125914 0
6855.530000 0.127317 0
6857.190000 0.132141 0
6858.850000 0.130892 0
6860.510000 0.128161 0
6862.170000 0.125038 0
6863.830000 0.129262 0
6865.490000 0.106735 0
6867.150000 0.115326 0
6868.810000 0.088618 0
6870.470000 0.092193 0
6872.130000 0.093482 0
6873.790000 0.098088 0
6875.450000 0.090237 0
6877.110000 0.096894 0
6878.770000 0.100753 0
6880.430000 0.106335 0
6882.090000 0.107907 0
6883.750000 0.099307 0
6885.410000 0.111092 0
6887.070000 0.118838 0
6888.730000 0.112254 0
6890.390000 0.103358 0
6892.050000 0.113439 0
6893.710000 0.116830 0
6895.370000 0.113930 0
6897.030000 0.117014 0
6898.690000 0.112712 0
6900.350000 0.119380 0
6902.010000 0.105478 0
6903.670000 0.103989 0
6905.330000 0.109549 0
6906.990000 0.110091 0
6908.650000 0.121949 0
6910.310000 0.125543 0
6911.970000 0.100898 0
6913.630000 0.109070 0
6915.290000 0.126411 0
6916.950000 0.126320 0
6918.610000 0.125510 0
6920.270000 0.112262 0
6921.930000 0.124112 0
6923.590000 0.127272 0
6925.250000 0.102591 0
6926.910000 0.122879 0
6928.570000 0.137517 0
6930.230000 0.133396 0
6931.890000 0.127765 0
6933.550000 0.130555 0
6935.210000 0.133392 0
6936.870000 0.118161 0
6938.530000 0.116345 0
6940.190000 0.109049 0
6941.850000 0.100822 0
6943.510000 0.116565 0
6945.170000 0.135007 0
6946.830000 0.115636 0
6948.490000 0.103444 0
6950.150000 0.107646 0
6951.810000 0.114031 0
6953.470000 0.114104 0
6955.130000 0.136366 0
6956.790000 0.131087 0
6958.450000 0.116111 0
6960.110000 0.112594 0
6961.770000 0.122364 0
6963.430000 0.116601 0
6965.090000 0.119471 0
6966.750000 0.119045 0
6968.410000 0.112791 0
6970.070000 0.124212 0
6971.730000 0.113873 0
6973.390000 0.109276 0
6975.050000 0.132541 0
6976.710000 0.114413 0
6978.370000 0.101401 0
6980.030000 0.094215 0
6981.690000 0.121860 0
6983.350000 0.125443 0
6985.010000 0.131614 0
6986.670000 0.112059 0
6988.330000 0.116229 0
6989.990000 0.126521 0
6991.650000 0.117228 0
6993.310000 0.106707 0
6994.970000 0.137554 0
6996.630000 0.134532 0
6998.290000 0.121815 0
6999.950000 0.118139 0
7001.610000 0.117166 0
7003.270000 0.127647 0
7004.930000 0.115796 0
7006.590000 0.120791 0
7008.250000 0.131647 0
7009.910000 0.102995 0
7011.570000 0.113930 0
7013.230000 0.120210 0
7014.890000 0.118638 0
7016.550000 0.117692 0
7018.210000 0.116198 0
7019.870000 0.118691 0
7021.530000 0.126556 0
7023.190000 0.137055 0
7024.850000 0.125887 0
7026.510000 0.126526 0
7028.170000 0.106852 0
7029.830000 0.129290 0
7031.490000 0.132286 0
7033.150000 0.136202 0
7034.810000 0.123188 0
7036.470000 0.117494 0
7038.130000 0.127497 0
7039.790000 0.136740 0
7041.450000 0.135970 0
7043.110000 0.140519 0
7044.770000 0.128210 0
7046.430000 0.117107 0
7048.090000 0.136312 0
7049.750000 0.103891 0
7051.410000 0.122773 0
7053.070000 0.108446 0
7054.730000 0.118584 0
7056.390000 0.134299 0
7058.050000 0.127909 0
7059.710000 0.128913 0
7061.370000 0.136106 0
7063.030000 0.127932 0
7064.690000 0.125802 0
7066.350000 0.123390 0
7068.010000 0.130238 0
7069.670000 0.128450 0
7071.330000 0.121323 0
7072.990000 0.124102 0
7074.650000 0.117427 0
7076.310000 0.116301 0
7077.970000 0.127145 0
7079.630000 0.127463 0
7081.290000 0.125026 0
7082.950000 0.123226 0
7084.610000 0.142821 0
7086.270000 0.134871 0
7087.930000 0.121445 0
7089.590000 0.139126 0
7091.250000 0.133040 0
7092.910000 0.115390 0
7094.570000 0.126016 0
7096.230000 0.118483 0
7097.890000 0.121769 0
7099.550000 0.128490 0
7101.210000 0.127645 0
7102.870000 0.129888 0
7104.530000 0.139231 0
7106.190000 0.131345 0
7107.850000 0.139335 0
7109.510000 0.143159 0
7111.170000 0.140102 0
7112.830000 0.126712 0
7114.490000 0.123603 0
7116.150000 0.128446 0
7117.810000 0.125415 0
7119.470000 0.129531 0
7121.130000 0.127548 0
7122.790000 0.125236 0
7124.450000 0.132544 0
7126.110000 0.130739 0
7127.770000 0.122835 0
7129.430000 0.126515 0
7131.090000 0.125634 0
7132.750000 0.114444 0
7134.410000 0.119200 0
7136.070000 0.116350 0
7137.730000 0.116816 0
7139.390000 0.133816 0
7141.050000 0.128398 0
7142.710000 0.124022 0
7144.370000 0.125960 0
7146.030000 0.125707 0
7147.690000 0.117354 0
7149.350000 0.124268 0
7151.010000 0.137234 0
7152.670000 0.134505 0
7154.330000 0.122751 0
7155.990000 0.125571 0
7157.650000 0.123657 0
7159.310000 0.123734 0
7160.970000 0.124511 0
7162.630000 0.125880 0
7164.290000 0.118152 0
7165.950000 0.119366 0
7167.610000 0.119319 0
7169.270000 0.120995 0
7170.930000 0.120676 0
7172.590000 0.125645 0
7174.250000 0.127283 0
7175.910000 0.117612 0
7177.570000 0.112606 0
7179.230000 0.119323 0
7180.890000 0.119068 0
7182.550000 0.130102 0
7184.210000 0.131922 0
7185.870000 0.121077 0
7187.530000 0.115840 0
7189.190000 0.113274 0
7190.850000 0.118293 0
7192.510000 0.112803 0
7194.170000 0.122740 0
7195.830000 0.116600 0
7197.490000 0.117862 0
7199.150000 0.116917 0
7200.810000 0.117332 0
7202.470000 0.115621 0
7204.130000 0.115126 0
7205.790000 0.124755 0
7207.450000 0.127826 0
7209.110000 0.121846 0
7210.770000 0.123259 0
7212.430000 0.118060 0
7214.090000 0.135949 0
7215.750000 0.140829 0
7217.410000 0.132674 0
7219.070000 0.128435 0
7220.730000 0.118755 0
7222.390000 0.117190 0
7224.050000 0.133055 0
7225.710000 0.129847 0
7227.370000 0.125008 0
7229.030000 0.122745 0
7230.690000 0.130630 0
7232.350000 0.125867 0
7234.010000 0.114286 0
7235.670000 0.114003 0
7237.330000 0.113431 0
7238.990000 0.113083 0
7240.650000 0.089606 0
7242.310000 0.080110 0
7243.970000 0.111764 0
7245.630000 0.102266 0
7247.290000 0.084179 0
7248.950000 0.108427 0
7250.610000 0.107957 0
7252.270000 0.086155 0
7253.930000 0.098306 0
7255.590000 0.103901 0
7257.250000 0.118845 0
7258.910000 0.116093 0
7260.570000 0.113509 0
7262.230000 0.119015 0
7263.890000 0.121181 0
7265.550000 0.107142 0
7267.210000 0.117117 0
7268.870000 0.118430 0
7270.530000 0.108205 0
7272.190000 0.114548 0
7273.850000 0.095589 0
7275.510000 0.090575 0
7277.170000 0.104163 0
7278.830000 0.103329 0
7280.490000 0.115397 0
7282.150000 0.131764 0
7283.810000 0.130233 0
7285.470000 0.116065 0
7287.130000 0.104109 0
7288.790000 0.106898 0
7290.450000 0.113224 0
7292.110000 0.114433 0
7293.770000 0.110400 0
7295.430000 0.116622 0
7297.090000 0.116546 0
7298.750000 0.122718 0
7300.410000 0.110237 0
7302.070000 0.118400 0
7303.730000 0.116948 0
7305.390000 0.131717 0
7307.050000 0.166900 0
7308.710000 0.170459 0
7310.370000 0.139107 0
7312.030000 0.112918 0
7313.690000 0.119679 0
7315.350000 0.106051 0
7317.010000 0.090711 0
7318.670000 0.093371 0
7320.330000 0.131302 0
7321.990000 0.261305 0
7323.650000 0.479739 0
7325.310000 0.552256 0
7326.970000 0.319022 0
7328.630000 0.134136 0
7330.290000 0.105671 0
7331.950000 0.113668 0
7333.610000 0.115432 0
7335.270000 0.119792 0
7336.930000 0.124448 0
7338.590000 0.131705 0
7340.250000 0.100802 0
7341.910000 0.098212 0
7343.570000 0.120099 0
7345.230000 0.182296 0
7346.890000 0.233157 0
7348.550000 0.287330 0
7350.210000 0.174931 0
7351.870000 0.133381 0
7353.530000 0.129729 0
7355.190000 0.126326 0
7356.850000 0.116034 0
7358.510000 0.113602 0
7360.170000 0.135020 0
7361.830000 0.121713 0
7363.490000 0.128174 0
7365.150000 0.126489 0
7366.810000 0.085557 0
7368.470000 0.125393 0
7370.130000 0.126443 0
7371.790000 0.113192 0
7373.450000 0.092497 0
7375.110000 0.116142 0
7376.770000 0.107901 0
7378.430000 0.118590 0
7380.090000 0.125170 0
7381.750000 0.129117 0
7383.410000 0.147421 0
7385.070000 0.137382 0
7386.730000 0.114510 0
7388.390000 0.130501 0
7390.050000 0.125121 0
7391.710000 0.129121 0
7393.370000 0.119944 0
7395.030000 0.139500 0
7396.690000 0.135301 0
7398.350000 0.120594 0
7400.010000 0.121599 0
7401.670000 0.107546 0
7403.330000 0.107743 0
7404.990000 0.134555 0
7406.650000 0.131567 0
7408.310000 0.129964 0
7409.970000 0.130965 0
7411.630000 0.130189 0
7413.290000 0.124236 0
7414.950000 0.119145 0
7416.610000 0.130190 0
7418.270000 0.126766 0
7419.930000 0.129067 0
7421.590000 0.119303 0
7423.250000 0.132538 0
7424.910000 0.131930 0
7426.570000 0.127850 0
7428.230000 0.123209 0
7429.890000 0.127496 0
7431.550000 0.136710 0
7433.210000 0.127187 0
7434.870000 0.118182 0
7436.530000 0.119558 0
7438.190000 0.142773 0
7439.850000 0.129226 0
7441.510000 0.142672 0
7443.170000 0.143668 0
7444.830000 0.138629 0
7446.490000 0.146943 0
7448.150000 0.129339 0
7449.810000 0.135084 0
7451.470000 0.133153 0
7453.130000 0.135965 0
7454.790000 0.138617 0
7456.450000 0.122466 0
7458.110000 0.121509 0
7459.770000 0.135912 0
7461.430000 0.133614 0
7463.090000 0.127532 0
7464.750000 0.136905 0
7466.410000 0.131408 0
7468.070000 0.140581 0
7469.730000 0.141959 0
7471.390000 0.109202 0
7473.050000 0.100962 0
7474.710000 0.122650 0
7476.370000 0.112757 0
7478.030000 0.123760 0
7479.690000 0.124392 0
7481.350000 0.136483 0
7483.010000 0.125285 0
7484.670000 0.143373 0
7486.330000 0.132689 0
7487.990000 0.131521 0
7489.650000 0.126635 0
7491.310000 0.125871 0
7492.970000 0.159655 0
7494.630000 0.201612 0
7496.290000 0.243489 0
7497.950000 0.197021 0
7499.610000 0.136346 0
7501.270000 0.147157 0
7502.930000 0.133297 0
7504.590000 0.139161 0
7506.250000 0.134514 0
7507.910000 0.150819 0
7509.570000 0.163038 0
7511.230000 0.202103 0
7512.890000 0.212677 0
7514.550000 0.162083 0
7516.210000 0.145515 0
7517.870000 0.130489 0
7519.530000 0.114534 0
7521.190000 0.118317 0
7522.850000 0.136437 0
7524.510000 0.097546 0
7526.170000 0.111609 0
7527.830000 0.129880 0
7529.490000 0.127266 0
7531.150000 0.121382 0
7532.810000 0.113280 0
7534.470000 0.122523 0
7536.130000 0.126622 0
7537.790000 0.120719 0
7539.450000 0.122876 0
7541.110000 0.126591 0
7542.770000 0.125595 0
7544.430000 0.134128 0
7546.090000 0.135257 0
7547.750000 0.133970 0
7549.410000 0.134732 0
7551.070000 0.117805 0
7552.730000 0.119309 0
7554.390000 0.126136 0
7556.050000 0.115430 0
7557.710000 0.118313 0
7559.370000 0.116249 0
7561.030000 0.114202 0
7562.690000 0.110740 0
7564.350000 0.120977 0
7566.010000 0.114378 0
7567.670000 0.124213 0
7569.330000 0.097239 0
7570.990000 0.074003 0
7572.650000 0.092174 0
7574.310000 0.122081 0
7575.970000 0.128403 0
7577.630000 0.123571 0
7579.290000 0.134202 0
7580.950000 0.134633 0
7582.610000 0.134969 0
7584.270000 0.112024 0
7585.930000 0.119715 0
7587.590000 0.124580 0
7589.250000 0.128431 0
7590.910000 0.133030 0
7592.570000 0.134910 0
7594.230000 0.140856 0
7595.890000 0.139938 0
7597.550000 0.130222 0
7599.210000 0.143037 0
7600.870000 0.123579 0
7602.530000 0.103183 0
7604.190000 0.093623 0
7605.850000 0.085560 0
7607.510000 0.109878 0
7609.170000 0.117025 0
7610.830000 0.114237 0
7612.490000 0.105708 0
7614.150000 0.116113 0
7615.810000 0.109590 0
7617.470000 0.129157 0
7619.130000 0.107244 0
7620.790000 0.115180 0
7622.450000 0.129052 0
7624.110000 0.114663 0
7625.770000 0.088160 0
7627.430000 0.069525 0
7629.090000 0.087412 0
7630.750000 0.085231 0
7632.410000 0.105423 0
7634.070000 0.116383 0
7635.730000 0.120335 0
7637.390000 0.109876 0
7639.050000 0.131281 0
7640.710000 0.131852 0
7642.370000 0.124802 0
7644.030000 0.126473 0
7645.690000 0.129120 0
7647.350000 0.125131 0
7649.010000 0.136792 0
7650.670000 0.131038 0
7652.330000 0.104441 0
7653.990000 0.114751 0
7655.650000 0.106035 0
7657.310000 0.107879 0
7658.970000 0.121162 0
7660.630000 0.102572 0
7662.290000 0.101751 0
7663.950000 0.134068 0
7665.610000 0.122952 0
7667.270000 0.117744 0
7668.930000 0.118991 0
7670.590000 0.109853 0
7672.250000 0.116719 0
7673.910000 0.115412 0
7675.570000 0.108444 0
7677.230000 0.100768 0
7678.890000 0.131590 0
7680.550000 0.127050 0
7682.210000 0.112920 0
7683.870000 0.130630 0
7685.530000 0.117048 0
7687.190000 0.117875 0
7688.850000 0.105910 0
7690.510000 0.115261 0
7692.170000 0.126350 0
7693.830000 0.116912 0
7695.490000 0.121193 0
7697.150000 0.129974 0
7698.810000 0.126019 0
7700.470000 0.113597 0
7702.130000 0.116280 0
7703.790000 0.120718 0
7705.450000 0.109459 0
7707.110000 0.110523 0
7708.770000 0.115768 0
7710.430000 0.122816 0
7712.090000 0.123251 0
7713.750000 0.119821 0
7715.410000 0.114065 0
7717.070000 0.098338 0
7718.730000 0.106835 0
7720.390000 0.112496 0
7722.050000 0.109261 0
7723.710000 0.105925 0
7725.370000 0.113501 0
7727.030000 0.115993 0
7728.690000 0.115711 0
7730.350000 0.106862 0
7732.010000 0.110752 0
7733.670000 0.109143 0
7735.330000 0.108950 0
7736.990000 0.112318 0
7738.650000 0.108858 0
7740.310000 0.103828 0
7741.970000 0.128173 0
7743.630000 0.134783 0
7745.290000 0.123810 0
7746.950000 0.124145 0
7748.610000 0.093981 0
7750.270000 0.119858 0
7751.930000 0.102653 0
7753.590000 0.101413 0
7755.250000 0.100711 0
7756.910000 0.122052 0
7758.570000 0.105321 0
7760.230000 0.099841 0
7761.890000 0.112692 0
7763.550000 0.117891 0
7765.210000 0.123490 0
7766.870000 0.125003 0
7768.530000 0.120804 0
7770.190000 0.113196 0
7771.850000 0.113942 0
7773.510000 0.125468 0
7775.170000 0.107304 0
7776.830000 0.102347 0
7778.490000 0.098338 0
7780.150000 0.107845 0
7781.810000 0.125214 0
7783.470000 0.121166 0
7785.130000 0.117192 0
7786.790000 0.114655 0
7788.450000 0.107579 0
7790.110000 0.099980 0
7791.770000 0.114969 0
7793.430000 0.119445 0
7795.090000 0.102585 0
7796.750000 0.106260 0
7798.410000 0.109385 0
7800.070000 0.118920 0
7801.730000 0.111344 0
7803.390000 0.125404 0
7805.050000 0.132946 0
7806.710000 0.131440 0
7808.370000 0.124332 0
7810.030000 0.111129 0
7811.690000 0.122441 0
7813.350000 0.132104 0
7815.010000 0.126520 0
7816.670000 0.113611 0
7818.330000 0.109123 0
7819.990000 0.098855 0
7821.650000 0.104864 0
7823.310000 0.121073 0
7824.970000 0.128328 0
7826.630000 0.128816 0
7828.290000 0.108172 0
7829.950000 0.125660 0
7831.610000 0.130176 0
7833.270000 0.123498 0
7834.930000 0.145290 0
7836.590000 0.128909 0
7838.250000 0.119750 0
7839.910000 0.133109 0
7841.570000 0.132122 0
7843.230000 0.111920 0
7844.890000 0.133507 0
7846.550000 0.138759 0
7848.210000 0.128567 0
7849.870000 0.113813 0
7851.530000 0.108939 0
7853.190000 0.108531 0
7854.850000 0.093629 0
7856.510000 0.121439 0
7858.170000 0.133789 0
7859.830000 0.128157 0
7861.490000 0.132276 0
7863.150000 0.119738 0
7864.810000 0.130569 0
7866.470000 0.119019 0
7868.130000 0.099618 0
7869.790000 0.102435 0
7871.450000 0.117487 0
7873.110000 0.116668 0
7874.770000 0.111202 0
7876.430000 0.123979 0
7878.090000 0.103965 0
7879.750000 0.103134 0
7881.410000 0.132644 0
7883.070000 0.121826 0
7884.730000 0.121300 0
7886.390000 0.110541 0
7888.050000 0.108747 0
7889.710000 0.119109 0
7891.370000 0.106945 0
7893.030000 0.116898 0
7894.690000 0.115889 0
7896.350000 0.112961 0
7898.010000 0.114399 0
7899.670000 0.136862 0
7901.330000 0.120637 0
7902.990000 0.115773 0
7904.650000 0.114471 0
7906.310000 0.119052 0
7907.970000 0.133123 0
7909.630000 0.104272 0
7911.290000 0.092245 0
7912.950000 0.103161 0
7914.610000 0.108484 0
7916.270000 0.103527 0
7917.930000 0.108762 0
7919.590000 0.102361 0
7921.250000 0.102855 0
7922.910000 0.101566 0
7924.570000 0.113307 0
7926.230000 0.117309 0
7927.890000 0.117407 0
7929.550000 0.119002 0
7931.210000 0.103352 0
7932.870000 0.104250 0
7934.530000 0.113505 0
7936.190000 0.109295 0
7937.850000 0.114582 0
7939.510000 0.122739 0
7941.170000 0.120232 0
7942.830000 0.118681 0
7944.490000 0.117979 0
7946.150000 0.116863 0
7947.810000 0.109360 0
7949.470000 0.119394 0
7951.130000 0.119697 0
7952.790000 0.108507 0
7954.450000 0.121265 0
7956.110000 0.128433 0
7957.770000 0.126195 0
7959.430000 0.113257 0
7961.090000 0.096802 0
7962.750000 0.083924 0
7964.410000 0.107935 0
7966.070000 0.098443 0
7967.730000 0.090690 0
7969.390000 0.121909 0
7971.050000 0.104940 0
7972.710000 0.105340 0
7974.370000 0.108260 0
7976.030000 0.106449 0
7977.690000 0.125536 0
7979.350000 0.100534 0
7981.010000 0.095391 0
7982.670000 0.106248 0
7984.330000 0.100421 0
7985.990000 0.103970 0
7987.650000 0.112970 0
7989.310000 0.114186 0
7990.970000 0.087587 0
7992.630000 0.098585 0
7994.290000 0.100002 0
7995.950000 0.100834 0
7997.610000 0.099305 0
7999.270000 0.113563 0
8000.930000 0.127053 0
8002.590000 0.114137 0
8004.250000 0.119350 0
8005.910000 0.118319 0
8007.570000 0.108169 0
8009.230000 0.131445 0
8010.890000 0.117871 0
8012.550000 0.101577 0
8014.210000 0.105330 0
8015.870000 0.091510 0
8017.530000 0.098147 0
8019.190000 0.109914 0
8020.850000 0.103900 0
8022.510000 0.109379 0
8024.170000 0.103142 0
8025.830000 0.091237 0
8027.490000 0.093967 0
8029.150000 0.098049 0
8030.810000 0.115344 0
8032.470000 0.122702 0
8034.130000 0.097723 0
8035.790000 0.093972 0
8037.450000 0.092179 0
8039.110000 0.092873 0
8040.770000 0.109050 0
8042.430000 0.096496 0
8044.090000 0.111667 0
8045.750000 0.106130 0
8047.410000 0.107947 0
8049.070000 0.108980 0
8050.730000 0.111112 0
8052.390000 0.105473 0
8054.050000 0.103034 0
8055.710000 0.119263 0
8057.370000 0.134075 0
8059.030000 0.114202 0
8060.690000 0.113279 0
8062.350000 0.109994 0
8064.010000 0.088394 0
8065.670000 0.090475 0
8067.330000 0.116786 0
8068.990000 0.118990 0
8070.650000 0.117754 0
8072.310000 0.111747 0
8073.970000 0.117360 0
8075.630000 0.108313 0
8077.290000 0.113076 0
8078.950000 0.106365 0
8080.610000 0.118197 0
8082.270000 0.106277 0
8083.930000 0.108983 0
8085.590000 0.125905 0
8087.250000 0.124604 0
8088.910000 0.116653 0
8090.570000 0.108405 0
8092.230000 0.108017 0
8093.890000 0.115365 0
8095.550000 0.118907 0
8097.210000 0.106337 0
8098.870000 0.091420 0
8100.530000 0.065493 0
8102.190000 0.072409 0
8103.850000 0.091595 0
8105.510000 0.104571 0
8107.170000 0.118807 0
8108.830000 0.104614 0
8110.490000 0.098681 0
8112.150000 0.105868 0
8113.810000 0.108516 0
8115.470000 0.115489 0
8117.130000 0.112012 0
8118.790000 0.114773 0
8120.450000 0.110909 0
8122.110000 0.111402 0
8123.770000 0.109749 0
8125.430000 0.105792 0
8127.090000 0.108306 0
8128.750000 0.106060 0
8130.410000 0.123036 0
8132.070000 0.107205 0
8133.730000 0.107773 0
8135.390000 0.122820 0
8137.050000 0.104170 0
8138.710000 0.105636 0
8140.370000 0.093523 0
8142.030000 0.104298 0
8143.690000 0.113550 0
8145.350000 0.108641 0
8147.010000 0.109728 0
8148.670000 0.108391 0
8150.330000 0.113420 0
8151.990000 0.115242 0
8153.650000 0.105641 0
8155.310000 0.107900 0
8156.970000 0.099239 0
8158.630000 0.084126 0
8160.290000 0.084383 0
8161.950000 0.098231 0
8163.610000 0.106231 0
8165.270000 0.117421 0
8166.930000 0.113737 0
8168.590000 0.122718 0
8170.250000 0.107314 0
8171.910000 0.112790 0
8173.570000 0.115526 0
8175.230000 0.109135 0
8176.890000 0.097637 0
8178.550000 0.098384 0
8180.210000 0.116861 0
8181.870000 0.119913 0
8183.530000 0.105110 0
8185.190000 0.121305 0
8186.850000 0.113263 0
8188.510000 0.101339 0
8190.170000 0.103291 0
8191.830000 0.097412 0
8193.490000 0.101586 0
8195.150000 0.096143 0
8196.810000 0.107457 0
8198.470000 0.098732 0
8200.130000 0.100920 0
8201.790000 0.119212 0
8203.450000 0.119257 0
8205.110000 0.122433 0
8206.770000 0.128348 0
8208.430000 0.118073 0
8210.090000 0.102835 0
8211.750000 0.094490 0
8213.410000 0.086126 0
8215.070000 0.117660 0
8216.730000 0.115223 0
8218.390000 0.106577 0
8220.050000 0.118519 0
8221.710000 0.123405 0
8223.370000 0.107804 0
8225.030000 0.110963 0
8226.690000 0.097032 0
8228.350000 0.083150 0
8230.010000 0.099235 0
8231.670000 0.094044 0
8233.330000 0.105292 0
8234.990000 0.114387 0
8236.650000 0.105436 0
8238.310000 0.121860 0
8239.970000 0.106912 0
8241.630000 0.111984 0
8243.290000 0.104500 0
8244.950000 0.117243 0
8246.610000 0.112780 0
8248.270000 0.115487 0
8249.930000 0.117774 0
8251.590000 0.109402 0
8253.250000 0.114854 0
8254.910000 0.104986 0
8256.570000 0.116224 0
8258.230000 0.111173 0
8259.890000 0.115270 0
8261.550000 0.100172 0
8263.210000 0.102233 0
8264.870000 0.105376 0
8266.530000 0.111535 0
8268.190000 0.108748 0
8269.850000 0.107270 0
8271.510000 0.118602 0
8273.170000 0.110854 0
8274.830000 0.097006 0
8276.490000 0.087938 0
8278.150000 0.094952 0
8279.810000 0.059785 0
8281.470000 0.109714 0
8283.130000 0.090073 0
8284.790000 0.086403 0
8286.450000 0.112343 0
8288.110000 0.065247 0
8289.770000 0.100204 0
8291.430000 0.106969 0
8293.090000 0.115744 0
8294.750000 0.094285 0
8296.410000 0.085143 0
8298.070000 0.102778 0
8299.730000 0.088213 0
8301.390000 0.095173 0
8303.050000 0.110387 0
8304.710000 0.091016 0
8306.370000 0.099713 0
8308.030000 0.104625 0
8309.690000 0.079332 0
8311.350000 0.099344 0
8313.010000 0.097986 0
8314.670000 0.100503 0
8316.330000 0.114042 0
8317.990000 0.106048 0
8319.650000 0.079135 0
8321.310000 0.105552 0
8322.970000 0.100007 0
8324.630000 0.109687 0
8326.290000 0.111240 0
8327.950000 0.104765 0
8329.610000 0.114161 0
8331.270000 0.108108 0
8332.930000 0.108708 0
8334.590000 0.121217 0
8336.250000 0.108603 0
8337.910000 0.108901 0
8339.570000 0.104908 0
8341.230000 0.071099 0
8342.890000 0.085992 0
8344.550000 0.060906 0
8346.210000 0.091595 0
8347.870000 0.078010 0
8349.530000 0.092706 0
8351.190000 0.079071 0
8352.850000 0.105089 0
8354.510000 0.083084 0
8356.170000 0.073093 0
8357.830000 0.108890 0
8359.490000 0.105329 0
8361.150000 0.115846 0
8362.810000 0.098646 0
8364.470000 0.102206 0
8366.130000 0.118714 0
8367.790000 0.092379 0
8369.450000 0.118398 0
8371.110000 0.112863 0
8372.770000 0.101416 0
8374.430000 0.123175 0
8376.090000 0.107581 0
8377.750000 0.111482 0
8379.410000 0.098790 0
8381.070000 0.079944 0
8382.730000 0.103222 0
8384.390000 0.075685 0
8386.050000 0.089017 0
8387.710000 0.110338 0
8389.370000 0.102462 0
8391.030000 0.106227 0
8392.690000 0.122054 0
8394.350000 0.109254 0
8396.010000 0.081350 0
8397.670000 0.083559 0
8399.330000 0.057021 0
8400.990000 0.075046 0
8402.650000 0.085555 0
8404.310000 0.082926 0
8405.970000 0.101972 0
8407.630000 0.117022 0
8409.290000 0.130369 0
8410.950000 0.094186 0
8412.610000 0.091814 0
8414.270000 0.095309 0
8415.930000 0.115880 0
8417.590000 0.090059 0
8419.250000 0.089198 0
8420.910000 0.087526 0
8422.570000 0.096673 0
8424.230000 0.111271 0
8425.890000 0.102585 0
8427.550000 0.095374 0
8429.210000 0.075166 0
8430.870000 0.079014 0
8432.530000 0.100747 0
8434.190000 0.099298 0
8435.850000 0.108133 0
8437.510000 0.101707 0
8439.170000 0.094214 0
8440.830000 0.118906 0
8442.490000 0.120286 0
8444.150000 0.103842 0
8445.810000 0.109431 0
8447.470000 0.116270 0
8449.130000 0.103375 0
8450.790000 0.092217 0
8452.450000 0.082262 0
8454.110000 0.101337 0
8455.770000 0.101872 0
8457.430000 0.107015 0
8459.090000 0.107645 0
8460.750000 0.097733 0
8462.410000 0.092520 0
8464.070000 0.075594 0
8465.730000 0.071407 0
8467.390000 0.077161 0
8469.050000 0.077951 0
8470.710000 0.089988 1
8472.370000 0.099329 1
8474.030000 0.131700 1
8475.690000 0.226264 1
8477.350000 0.328033 1
8479.010000 0.000000 1
8480.670000 0.000000 1
8482.330000 0.000000 1
8483.990000 0.000000 1
8485.650000 0.000000 1
8487.310000 0.000000 1
8488.970000 0.000000 1
8490.630000 0.000000 1
8492.290000 0.000000 1
8493.950000 0.000000 1
8495.610000 0.000000 1
8497.270000 0.000000 1
8498.930000 0.000000 1
