# obs: 255710
# slit: 43
# z: 0.35439
# lines: K,H,G,H{beta}
# spec: 382
4451.680000 0.000000 1
4455.040000 0.000000 1
4458.400000 0.000000 1
4461.760000 0.000000 1
4465.120000 0.000000 1
4468.480000 0.000000 1
4471.840000 0.000000 1
4475.200000 0.000000 1
4478.560000 0.000000 1
4481.920000 0.000000 1
4485.280000 0.000000 1
4488.640000 0.000000 1
4492.000000 0.000000 1
4495.360000 0.000000 1
4498.720000 0.000000 1
4502.080000 0.000000 1
4505.440000 0.000000 1
4508.800000 0.000000 1
4512.160000 0.000000 1
4515.520000 0.000000 1
4518.880000 0.000000 1
4522.240000 0.000000 1
4525.600000 0.000000 1
4528.960000 -0.000247 0
4532.320000 0.039114 0
4535.680000 0.061807 0
4539.040000 0.050810 0
4542.400000 0.081155 0
4545.760000 0.058449 0
4549.120000 0.060986 0
4552.480000 0.063221 0
4555.840000 0.056140 0
4559.200000 0.046147 0
4562.560000 0.053915 0
4565.920000 0.060601 0
4569.280000 0.050449 0
4572.640000 0.052962 0
4576.000000 0.061843 0
4579.360000 0.052169 0
4582.720000 0.061237 0
4586.080000 0.064732 0
4589.440000 0.058587 0
4592.800000 0.052399 0
4596.160000 0.056704 0
4599.520000 0.056984 0
4602.880000 0.070733 0
4606.240000 0.059803 0
4609.600000 0.069244 0
4612.960000 0.046765 0
4616.320000 0.069472 0
4619.680000 0.053298 0
4623.040000 0.071484 0
4626.400000 0.079795 0
4629.760000 0.082399 0
4633.120000 0.058352 0
4636.480000 0.061454 0
4639.840000 0.067532 0
4643.200000 0.048086 0
4646.560000 0.065515 0
4649.920000 0.063988 0
4653.280000 0.058056 0
4656.640000 0.043111 0
4660.000000 0.052042 0
4663.360000 0.057244 0
4666.720000 0.030035 0
4670.080000 0.063684 0
4673.440000 0.059931 0
4676.800000 0.068704 0
4680.160000 0.086905 0
4683.520000 0.049364 0
4686.880000 0.049739 0
4690.240000 0.080404 0
4693.600000 0.037751 0
4696.960000 0.041714 0
4700.320000 0.071286 0
4703.680000 0.072966 0
4707.040000 0.078715 0
4710.400000 0.062233 0
4713.760000 0.049385 0
4717.120000 0.058480 0
4720.480000 0.058192 0
4723.840000 0.053924 0
4727.200000 0.061198 0
4730.560000 0.071553 0
4733.920000 0.053239 0
4737.280000 0.059708 0
4740.640000 0.055785 0
4744.000000 0.056920 0
4747.360000 0.067965 0
4750.720000 0.070288 0
4754.080000 0.064272 0
4757.440000 0.031415 0
4760.800000 0.052957 0
4764.160000 0.059031 0
4767.520000 0.048160 0
4770.880000 0.054485 0
4774.240000 0.042793 0
4777.600000 0.076859 0
4780.960000 0.045726 0
4784.320000 0.063105 0
4787.680000 0.066878 0
4791.040000 0.081633 0
4794.400000 0.057267 0
4797.760000 0.051924 0
4801.120000 0.076789 0
4804.480000 0.089576 0
4807.840000 0.070280 0
4811.200000 0.070953 0
4814.560000 0.083185 0
4817.920000 0.068177 0
4821.280000 0.056100 0
4824.640000 0.069559 0
4828.000000 0.068213 0
4831.360000 0.038133 0
4834.720000 0.037558 0
4838.080000 0.049284 0
4841.440000 0.047980 0
4844.800000 0.056692 0
4848.160000 0.043200 0
4851.520000 0.045682 0
4854.880000 0.062098 0
4858.240000 0.062344 0
4861.600000 0.040339 0
4864.960000 0.073324 0
4868.320000 0.065038 0
4871.680000 0.079627 0
4875.040000 0.059062 0
4878.400000 0.071768 0
4881.760000 0.057226 0
4885.120000 0.047897 0
4888.480000 0.060331 0
4891.840000 0.060968 0
4895.200000 0.059658 0
4898.560000 0.056073 0
4901.920000 0.061015 0
4905.280000 0.065763 0
4908.640000 0.050719 0
4912.000000 0.068121 0
4915.360000 0.094886 0
4918.720000 0.037471 0
4922.080000 0.072422 0
4925.440000 0.063565 0
4928.800000 0.063616 0
4932.160000 0.072539 0
4935.520000 0.065187 0
4938.880000 0.053996 0
4942.240000 0.042830 0
4945.600000 0.059621 0
4948.960000 0.058698 0
4952.320000 0.074164 0
4955.680000 0.065115 0
4959.040000 0.074624 0
4962.400000 0.079417 0
4965.760000 0.061757 0
4969.120000 0.071411 0
4972.480000 0.074923 0
4975.840000 0.069486 0
4979.200000 0.081839 0
4982.560000 0.081982 0
4985.920000 0.072934 0
4989.280000 0.048837 0
4992.640000 0.043750 0
4996.000000 0.089040 0
4999.360000 0.073091 0
5002.720000 0.073257 0
5006.080000 0.070280 0
5009.440000 0.080239 0
5012.800000 0.079859 0
5016.160000 0.083180 0
5019.520000 0.052354 0
5022.880000 0.082686 0
5026.240000 0.073523 0
5029.600000 0.089951 0
5032.960000 0.098552 0
5036.320000 0.083317 0
5039.680000 0.097424 0
5043.040000 0.114295 0
5046.400000 0.103347 0
5049.760000 0.104277 0
5053.120000 0.135099 0
5056.480000 0.102365 0
5059.840000 0.058905 0
5063.200000 0.064378 0
5066.560000 0.089534 0
5069.920000 0.066571 0
5073.280000 0.069079 0
5076.640000 0.065417 0
5080.000000 0.056071 0
5083.360000 0.068722 0
5086.720000 0.069255 0
5090.080000 0.084524 0
5093.440000 0.083739 0
5096.800000 0.092502 0
5100.160000 0.094617 0
5103.520000 0.066600 0
5106.880000 0.069031 0
5110.240000 0.104211 0
5113.600000 0.092991 0
5116.960000 0.093617 0
5120.320000 0.094452 0
5123.680000 0.107699 0
5127.040000 0.100212 0
5130.400000 0.090740 0
5133.760000 0.093413 0
5137.120000 0.090345 0
5140.480000 0.068357 0
5143.840000 0.061180 0
5147.200000 0.077421 0
5150.560000 0.079038 0
5153.920000 0.074966 0
5157.280000 0.087222 0
5160.640000 0.093624 0
5164.000000 0.097259 0
5167.360000 0.101840 0
5170.720000 0.090483 0
5174.080000 0.089037 0
5177.440000 0.069012 0
5180.800000 0.070079 0
5184.160000 0.085461 0
5187.520000 0.098637 0
5190.880000 0.088787 0
5194.240000 0.048914 0
5197.600000 0.065291 0
5200.960000 0.075188 0
5204.320000 0.070339 0
5207.680000 0.085450 0
5211.040000 0.098223 0
5214.400000 0.103679 0
5217.760000 0.090980 0
5221.120000 0.104791 0
5224.480000 0.082386 0
5227.840000 0.098164 0
5231.200000 0.099606 0
5234.560000 0.091778 0
5237.920000 0.100550 0
5241.280000 0.112651 0
5244.640000 0.097735 0
5248.000000 0.099744 0
5251.360000 0.081469 0
5254.720000 0.077469 0
5258.080000 0.084172 0
5261.440000 0.065939 0
5264.800000 0.064110 0
5268.160000 0.078432 0
5271.520000 0.083281 0
5274.880000 0.085540 0
5278.240000 0.098055 0
5281.600000 0.091219 0
5284.960000 0.099142 0
5288.320000 0.098507 0
5291.680000 0.092596 0
5295.040000 0.105698 0
5298.400000 0.113307 0
5301.760000 0.113265 0
5305.120000 0.125892 0
5308.480000 0.104116 0
5311.840000 0.093567 0
5315.200000 0.079349 0
5318.560000 0.093738 0
5321.920000 0.094311 0
5325.280000 0.040391 0
5328.640000 0.037268 0
5332.000000 0.041405 0
5335.360000 0.075593 0
5338.720000 0.090456 0
5342.080000 0.096236 0
5345.440000 0.090138 0
5348.800000 0.097913 0
5352.160000 0.080494 0
5355.520000 0.114295 0
5358.880000 0.119360 0
5362.240000 0.094559 0
5365.600000 0.076820 0
5368.960000 0.086225 0
5372.320000 0.060509 0
5375.680000 0.041579 0
5379.040000 0.057696 0
5382.400000 0.069280 0
5385.760000 0.077601 0
5389.120000 0.094758 0
5392.480000 0.113650 0
5395.840000 0.112576 0
5399.200000 0.112588 0
5402.560000 0.118248 0
5405.920000 0.140887 0
5409.280000 0.124671 0
5412.640000 0.123660 0
5416.000000 0.111492 0
5419.360000 0.129915 0
5422.720000 0.127739 0
5426.080000 0.114738 0
5429.440000 0.129649 0
5432.800000 0.140437 0
5436.160000 0.135811 0
5439.520000 0.150689 0
5442.880000 0.156780 0
5446.240000 0.151353 0
5449.600000 0.130839 0
5452.960000 0.152136 0
5456.320000 0.139403 0
5459.680000 0.127115 0
5463.040000 0.117974 0
5466.400000 0.143279 0
5469.760000 0.142060 0
5473.120000 0.152790 0
5476.480000 0.141368 0
5479.840000 0.139097 0
5483.200000 0.152725 0
5486.560000 0.142596 0
5489.920000 0.171812 0
5493.280000 0.130739 0
5496.640000 0.148348 0
5500.000000 0.119235 0
5503.360000 0.112417 0
5506.720000 0.114504 0
5510.080000 0.116978 0
5513.440000 0.127021 0
5516.800000 0.124447 0
5520.160000 0.117714 0
5523.520000 0.150441 0
5526.880000 0.127024 0
5530.240000 0.135930 0
5533.600000 0.143327 0
5536.960000 0.157428 0
5540.320000 0.134581 0
5543.680000 0.130531 0
5547.040000 0.133491 0
5550.400000 0.094841 0
5553.760000 0.085290 0
5557.120000 0.099947 0
5560.480000 0.125892 0
5563.840000 0.101900 1
5567.200000 0.130635 1
5570.560000 0.158014 1
5573.920000 0.175672 1
5577.280000 0.098374 1
5580.640000 0.093942 1
5584.000000 0.095048 1
5587.360000 0.098801 1
5590.720000 0.132247 1
5594.080000 0.130210 1
5597.440000 0.124585 1
5600.800000 0.125919 1
5604.160000 0.142238 0
5607.520000 0.139624 0
5610.880000 0.141361 0
5614.240000 0.131270 0
5617.600000 0.127428 0
5620.960000 0.146694 0
5624.320000 0.113753 0
5627.680000 0.121471 0
5631.040000 0.133730 0
5634.400000 0.131561 0
5637.760000 0.161491 0
5641.120000 0.144457 0
5644.480000 0.145485 0
5647.840000 0.136444 0
5651.200000 0.124354 0
5654.560000 0.135727 0
5657.920000 0.122498 0
5661.280000 0.122940 0
5664.640000 0.138938 0
5668.000000 0.151755 0
5671.360000 0.141273 0
5674.720000 0.137936 0
5678.080000 0.132927 0
5681.440000 0.132787 0
5684.800000 0.127713 0
5688.160000 0.127115 0
5691.520000 0.125295 0
5694.880000 0.121436 0
5698.240000 0.135491 0
5701.600000 0.126353 0
5704.960000 0.153220 0
5708.320000 0.142443 0
5711.680000 0.142502 0
5715.040000 0.135561 0
5718.400000 0.138540 0
5721.760000 0.137527 0
5725.120000 0.108729 0
5728.480000 0.133907 0
5731.840000 0.127727 0
5735.200000 0.127590 0
5738.560000 0.137162 0
5741.920000 0.136646 0
5745.280000 0.174799 0
5748.640000 0.163320 0
5752.000000 0.120415 0
5755.360000 0.137995 0
5758.720000 0.135421 0
5762.080000 0.129630 0
5765.440000 0.138197 0
5768.800000 0.130273 0
5772.160000 0.136486 0
5775.520000 0.145899 0
5778.880000 0.144895 0
5782.240000 0.150018 0
5785.600000 0.144720 0
5788.960000 0.147383 0
5792.320000 0.117158 0
5795.680000 0.131490 0
5799.040000 0.142665 0
5802.400000 0.150209 0
5805.760000 0.134453 0
5809.120000 0.151022 0
5812.480000 0.120900 0
5815.840000 0.125291 0
5819.200000 0.128057 0
5822.560000 0.118877 0
5825.920000 0.118108 0
5829.280000 0.113132 0
5832.640000 0.093795 0
5836.000000 0.132135 0
5839.360000 0.142673 0
5842.720000 0.133215 0
5846.080000 0.135930 0
5849.440000 0.138793 0
5852.800000 0.149414 0
5856.160000 0.126504 0
5859.520000 0.115354 0
5862.880000 0.144756 0
5866.240000 0.140020 0
5869.600000 0.145491 0
5872.960000 0.138757 0
5876.320000 0.126334 0
5879.680000 0.127652 0
5883.040000 0.158832 0
5886.400000 0.155011 0
5889.760000 0.155455 0
5893.120000 0.150120 0
5896.480000 0.127427 0
5899.840000 0.152576 0
5903.200000 0.134153 0
5906.560000 0.147367 0
5909.920000 0.143943 0
5913.280000 0.187564 0
5916.640000 0.154532 0
5920.000000 0.160028 0
5923.360000 0.157497 0
5926.720000 0.146998 0
5930.080000 0.159686 0
5933.440000 0.144973 0
5936.800000 0.114068 0
5940.160000 0.155594 0
5943.520000 0.128980 0
5946.880000 0.139518 0
5950.240000 0.175699 0
5953.600000 0.153797 0
5956.960000 0.153886 0
5960.320000 0.139654 0
5963.680000 0.138747 0
5967.040000 0.142519 0
5970.400000 0.143248 0
5973.760000 0.151330 0
5977.120000 0.195322 0
5980.480000 0.178159 0
5983.840000 0.184444 0
5987.200000 0.182287 0
5990.560000 0.156371 0
5993.920000 0.172331 0
5997.280000 0.170848 0
6000.640000 0.157663 0
6004.000000 0.167872 0
6007.360000 0.170623 0
6010.720000 0.161063 0
6014.080000 0.150938 0
6017.440000 0.149076 0
6020.800000 0.151283 0
6024.160000 0.171077 0
6027.520000 0.157264 0
6030.880000 0.155295 0
6034.240000 0.166159 0
6037.600000 0.172611 0
6040.960000 0.156998 0
6044.320000 0.158559 0
6047.680000 0.165973 0
6051.040000 0.152334 0
6054.400000 0.151929 0
6057.760000 0.168350 0
6061.120000 0.179178 0
6064.480000 0.159655 0
6067.840000 0.180001 0
6071.200000 0.173300 0
6074.560000 0.162719 0
6077.920000 0.188598 0
6081.280000 0.181890 0
6084.640000 0.164974 0
6088.000000 0.179769 0
6091.360000 0.176779 0
6094.720000 0.175779 0
6098.080000 0.164299 0
6101.440000 0.181814 0
6104.800000 0.195765 0
6108.160000 0.191003 0
6111.520000 0.193751 0
6114.880000 0.182707 0
6118.240000 0.182928 0
6121.600000 0.184869 0
6124.960000 0.190663 0
6128.320000 0.159469 0
6131.680000 0.145156 0
6135.040000 0.163694 0
6138.400000 0.157844 0
6141.760000 0.157753 0
6145.120000 0.153528 0
6148.480000 0.174332 0
6151.840000 0.192145 0
6155.200000 0.184905 0
6158.560000 0.155742 0
6161.920000 0.164270 0
6165.280000 0.165399 0
6168.640000 0.172206 0
6172.000000 0.180969 0
6175.360000 0.178021 0
6178.720000 0.182243 0
6182.080000 0.169468 0
6185.440000 0.159503 0
6188.800000 0.158807 0
6192.160000 0.184492 0
6195.520000 0.170536 0
6198.880000 0.188470 0
6202.240000 0.172831 0
6205.600000 0.161538 0
6208.960000 0.156072 0
6212.320000 0.169234 0
6215.680000 0.177575 0
6219.040000 0.178933 0
6222.400000 0.171209 0
6225.760000 0.175485 0
6229.120000 0.175667 0
6232.480000 0.159463 0
6235.840000 0.192676 0
6239.200000 0.200791 0
6242.560000 0.178841 0
6245.920000 0.176191 0
6249.280000 0.169610 0
6252.640000 0.189226 0
6256.000000 0.196543 0
6259.360000 0.168270 0
6262.720000 0.153836 0
6266.080000 0.185402 0
6269.440000 0.173787 0
6272.800000 0.191659 0
6276.160000 0.187126 0
6279.520000 0.163952 0
6282.880000 0.154905 0
6286.240000 0.171099 0
6289.600000 0.185053 0
6292.960000 0.160969 0
6296.320000 0.151737 0
6299.680000 0.188105 0
6303.040000 0.184076 0
6306.400000 0.155236 0
6309.760000 0.188107 0
6313.120000 0.193600 0
6316.480000 0.152614 0
6319.840000 0.137132 0
6323.200000 0.161094 0
6326.560000 0.162848 0
6329.920000 0.159510 0
6333.280000 0.171203 0
6336.640000 0.181188 0
6340.000000 0.186351 0
6343.360000 0.180117 0
6346.720000 0.184412 0
6350.080000 0.177450 0
6353.440000 0.175040 0
6356.800000 0.207300 0
6360.160000 0.173436 0
6363.520000 0.197813 0
6366.880000 0.159454 0
6370.240000 0.150583 0
6373.600000 0.172558 0
6376.960000 0.180472 0
6380.320000 0.182972 0
6383.680000 0.155864 0
6387.040000 0.178970 0
6390.400000 0.184055 0
6393.760000 0.188369 0
6397.120000 0.180205 0
6400.480000 0.184988 0
6403.840000 0.167914 0
6407.200000 0.140857 0
6410.560000 0.158359 0
6413.920000 0.180165 0
6417.280000 0.155924 0
6420.640000 0.188741 0
6424.000000 0.187531 0
6427.360000 0.167096 0
6430.720000 0.185560 0
6434.080000 0.182404 0
6437.440000 0.179647 0
6440.800000 0.176063 0
6444.160000 0.168737 0
6447.520000 0.178684 0
6450.880000 0.146513 0
6454.240000 0.173221 0
6457.600000 0.184865 0
6460.960000 0.181435 0
6464.320000 0.190821 0
6467.680000 0.209612 0
6471.040000 0.182068 0
6474.400000 0.177110 0
6477.760000 0.181740 0
6481.120000 0.156313 0
6484.480000 0.162275 0
6487.840000 0.191932 0
6491.200000 0.187861 0
6494.560000 0.194111 0
6497.920000 0.194762 0
6501.280000 0.169087 0
6504.640000 0.194151 0
6508.000000 0.185534 0
6511.360000 0.172014 0
6514.720000 0.177056 0
6518.080000 0.179610 0
6521.440000 0.194283 0
6524.800000 0.184158 0
6528.160000 0.186696 0
6531.520000 0.162316 0
6534.880000 0.195340 0
6538.240000 0.167538 0
6541.600000 0.163456 0
6544.960000 0.167165 0
6548.320000 0.176474 0
6551.680000 0.167484 0
6555.040000 0.164975 0
6558.400000 0.164979 0
6561.760000 0.175984 0
6565.120000 0.180420 0
6568.480000 0.163346 0
6571.840000 0.168271 0
6575.200000 0.170089 0
6578.560000 0.157718 0
6581.920000 0.151901 0
6585.280000 0.122133 0
6588.640000 0.144836 0
6592.000000 0.174348 0
6595.360000 0.160525 0
6598.720000 0.150300 0
6602.080000 0.168385 0
6605.440000 0.187749 0
6608.800000 0.162384 0
6612.160000 0.158457 0
6615.520000 0.171937 0
6618.880000 0.163290 0
6622.240000 0.161765 0
6625.600000 0.170648 0
6628.960000 0.179980 0
6632.320000 0.188588 0
6635.680000 0.162041 0
6639.040000 0.184573 0
6642.400000 0.172023 0
6645.760000 0.197489 0
6649.120000 0.182519 0
6652.480000 0.175276 0
6655.840000 0.168995 0
6659.200000 0.152373 0
6662.560000 0.170578 0
6665.920000 0.169382 0
6669.280000 0.171658 0
6672.640000 0.164403 0
6676.000000 0.178504 0
6679.360000 0.187551 0
6682.720000 0.173887 0
6686.080000 0.192203 0
6689.440000 0.183050 0
6692.800000 0.177712 0
6696.160000 0.186594 0
6699.520000 0.175827 0
6702.880000 0.178530 0
6706.240000 0.193712 0
6709.600000 0.183055 0
6712.960000 0.172249 0
6716.320000 0.166604 0
6719.680000 0.186811 0
6723.040000 0.188457 0
6726.400000 0.163229 0
6729.760000 0.154422 0
6733.120000 0.167180 0
6736.480000 0.191072 0
6739.840000 0.176157 0
6743.200000 0.173385 0
6746.560000 0.175163 0
6749.920000 0.161891 0
6753.280000 0.158463 0
6756.640000 0.159239 0
6760.000000 0.171317 0
6763.360000 0.182537 0
6766.720000 0.183358 0
6770.080000 0.166259 0
6773.440000 0.176845 0
6776.800000 0.183902 0
6780.160000 0.193380 0
6783.520000 0.189382 0
6786.880000 0.178971 0
6790.240000 0.191676 0
6793.600000 0.175815 0
6796.960000 0.182074 0
6800.320000 0.170726 0
6803.680000 0.164438 0
6807.040000 0.156593 0
6810.400000 0.174410 0
6813.760000 0.187700 0
6817.120000 0.179110 0
6820.480000 0.180974 0
6823.840000 0.176305 0
6827.200000 0.140729 0
6830.560000 0.184489 0
6833.920000 0.183234 0
6837.280000 0.162092 0
6840.640000 0.171440 0
6844.000000 0.176160 0
6847.360000 0.180350 0
6850.720000 0.190068 0
6854.080000 0.177981 0
6857.440000 0.188654 0
6860.800000 0.174762 0
6864.160000 0.175083 0
6867.520000 0.161983 0
6870.880000 0.126729 0
6874.240000 0.166165 0
6877.600000 0.148296 0
6880.960000 0.165324 0
6884.320000 0.144170 0
6887.680000 0.136757 0
6891.040000 0.134607 0
6894.400000 0.170396 0
6897.760000 0.179489 0
6901.120000 0.171096 0
6904.480000 0.178963 0
6907.840000 0.170816 0
6911.200000 0.180766 0
6914.560000 0.180599 0
6917.920000 0.148999 0
6921.280000 0.151615 0
6924.640000 0.187832 0
6928.000000 0.181568 0
6931.360000 0.186039 0
6934.720000 0.176535 0
6938.080000 0.156916 0
6941.440000 0.156000 0
6944.800000 0.172805 0
6948.160000 0.148627 0
6951.520000 0.167160 0
6954.880000 0.165772 0
6958.240000 0.180172 0
6961.600000 0.185208 0
6964.960000 0.174263 0
6968.320000 0.157151 0
6971.680000 0.166350 0
6975.040000 0.181065 0
6978.400000 0.173590 0
6981.760000 0.185507 0
6985.120000 0.180879 0
6988.480000 0.159174 0
6991.840000 0.160878 0
6995.200000 0.162996 0
6998.560000 0.149974 0
7001.920000 0.134369 0
7005.280000 0.161766 0
7008.640000 0.174378 0
7012.000000 0.179642 0
7015.360000 0.171744 0
7018.720000 0.155211 0
7022.080000 0.151109 0
7025.440000 0.151608 0
7028.800000 0.166728 0
7032.160000 0.173857 0
7035.520000 0.159077 0
7038.880000 0.173159 0
7042.240000 0.193099 0
7045.600000 0.167624 0
7048.960000 0.173441 0
7052.320000 0.166366 0
7055.680000 0.171500 0
7059.040000 0.152271 0
7062.400000 0.182529 0
7065.760000 0.180957 0
7069.120000 0.148506 0
7072.480000 0.162096 0
7075.840000 0.176075 0
7079.200000 0.167826 0
7082.560000 0.159628 0
7085.920000 0.163327 0
7089.280000 0.174542 0
7092.640000 0.162448 0
7096.000000 0.175440 0
7099.360000 0.187578 0
7102.720000 0.182376 0
7106.080000 0.158191 0
7109.440000 0.156706 0
7112.800000 0.193467 0
7116.160000 0.174909 0
7119.520000 0.174788 0
7122.880000 0.190476 0
7126.240000 0.174447 0
7129.600000 0.161879 0
7132.960000 0.172802 0
7136.320000 0.133363 0
7139.680000 0.159068 0
7143.040000 0.183892 0
7146.400000 0.152367 0
7149.760000 0.177899 0
7153.120000 0.182552 0
7156.480000 0.199862 0
7159.840000 0.193762 0
7163.200000 0.191249 0
7166.560000 0.183308 0
7169.920000 0.183943 0
7173.280000 0.159822 0
7176.640000 0.179421 0
7180.000000 0.190328 0
7183.360000 0.178928 0
7186.720000 0.194830 0
7190.080000 0.172865 0
7193.440000 0.185693 0
7196.800000 0.175111 0
7200.160000 0.179554 0
7203.520000 0.175263 0
7206.880000 0.195652 0
7210.240000 0.197705 0
7213.600000 0.153199 0
7216.960000 0.170796 0
7220.320000 0.166567 0
7223.680000 0.180664 0
7227.040000 0.198754 0
7230.400000 0.199541 0
7233.760000 0.165059 0
7237.120000 0.176052 0
7240.480000 0.156467 0
7243.840000 0.159423 0
7247.200000 0.182495 0
7250.560000 0.142933 0
7253.920000 0.187840 0
7257.280000 0.194677 0
7260.640000 0.197143 0
7264.000000 0.184596 0
7267.360000 0.207274 0
7270.720000 0.171233 0
7274.080000 0.174990 0
7277.440000 0.189004 0
7280.800000 0.140620 0
7284.160000 0.153177 0
7287.520000 0.174355 0
7290.880000 0.181541 0
7294.240000 0.206855 0
7297.600000 0.211286 0
7300.960000 0.154587 0
7304.320000 0.169002 0
7307.680000 0.155385 0
7311.040000 0.187731 0
7314.400000 0.165128 0
7317.760000 0.141777 0
7321.120000 0.165737 0
7324.480000 0.155021 0
7327.840000 0.190142 0
7331.200000 0.186592 0
7334.560000 0.128553 0
7337.920000 0.222199 0
7341.280000 0.200943 0
7344.640000 0.207924 0
7348.000000 0.192716 0
7351.360000 0.189522 0
7354.720000 0.175818 0
7358.080000 0.177558 0
7361.440000 0.188209 0
7364.800000 0.164050 0
7368.160000 0.189089 0
7371.520000 0.195329 0
7374.880000 0.150261 0
7378.240000 0.202138 0
7381.600000 0.187404 0
7384.960000 0.194189 0
7388.320000 0.176089 0
7391.680000 0.181709 0
7395.040000 0.186247 0
7398.400000 0.215898 0
7401.760000 0.196243 0
7405.120000 0.182708 0
7408.480000 0.161772 0
7411.840000 0.187532 0
7415.200000 0.203113 0
7418.560000 0.163254 0
7421.920000 0.193487 0
7425.280000 0.173087 0
7428.640000 0.179741 0
7432.000000 0.204002 0
7435.360000 0.196197 0
7438.720000 0.179776 0
7442.080000 0.172977 0
7445.440000 0.171431 0
7448.800000 0.168696 0
7452.160000 0.179850 0
7455.520000 0.194258 0
7458.880000 0.178863 0
7462.240000 0.184564 0
7465.600000 0.199979 0
7468.960000 0.196302 0
7472.320000 0.187447 0
7475.680000 0.178409 0
7479.040000 0.181232 0
7482.400000 0.200863 0
7485.760000 0.169286 0
7489.120000 0.168165 0
7492.480000 0.184315 0
7495.840000 0.166176 0
7499.200000 0.167170 0
7502.560000 0.172528 0
7505.920000 0.177229 0
7509.280000 0.166169 0
7512.640000 0.164816 0
7516.000000 0.179208 0
7519.360000 0.182366 0
7522.720000 0.179191 0
7526.080000 0.183286 0
7529.440000 0.167228 0
7532.800000 0.174297 0
7536.160000 0.159103 0
7539.520000 0.186783 0
7542.880000 0.178331 0
7546.240000 0.186769 0
7549.600000 0.178716 0
7552.960000 0.185739 0
7556.320000 0.185935 0
7559.680000 0.178510 0
7563.040000 0.187257 0
7566.400000 0.196599 0
7569.760000 0.178461 0
7573.120000 0.162433 0
7576.480000 0.177969 0
7579.840000 0.172004 0
7583.200000 0.177075 0
7586.560000 0.199915 0
7589.920000 0.185914 0
7593.280000 0.189903 0
7596.640000 0.180352 0
7600.000000 0.183222 0
7603.360000 0.148591 0
7606.720000 0.230616 0
7610.080000 0.210354 0
7613.440000 0.220514 0
7616.800000 0.205790 0
7620.160000 0.189004 0
7623.520000 0.196364 0
7626.880000 0.189683 0
7630.240000 0.198458 0
7633.600000 0.205612 0
7636.960000 0.200127 0
7640.320000 0.216311 0
7643.680000 0.211914 0
7647.040000 0.206487 0
7650.400000 0.200225 0
7653.760000 0.192997 0
7657.120000 0.213277 0
7660.480000 0.216096 0
7663.840000 0.186899 0
7667.200000 0.191776 0
7670.560000 0.191292 0
7673.920000 0.178087 0
7677.280000 0.159508 0
7680.640000 0.179315 0
7684.000000 0.184260 0
7687.360000 0.196571 0
7690.720000 0.193463 0
7694.080000 0.192164 0
7697.440000 0.182306 0
7700.800000 0.178180 0
7704.160000 0.161306 0
7707.520000 0.169598 0
7710.880000 0.179603 0
7714.240000 0.168458 0
7717.600000 0.179747 0
7720.960000 0.156931 0
7724.320000 0.183410 0
7727.680000 0.184941 0
7731.040000 0.210567 0
7734.400000 0.166750 0
7737.760000 0.193268 0
7741.120000 0.188594 0
7744.480000 0.214278 0
7747.840000 0.180541 0
7751.200000 0.199356 0
7754.560000 0.214669 0
7757.920000 0.152414 0
7761.280000 0.176004 0
7764.640000 0.169733 0
7768.000000 0.159895 0
7771.360000 0.179943 0
7774.720000 0.208092 0
7778.080000 0.184052 0
7781.440000 0.187798 0
7784.800000 0.202422 0
7788.160000 0.195287 0
7791.520000 0.156620 0
7794.880000 0.188018 0
7798.240000 0.177004 0
7801.600000 0.194831 0
7804.960000 0.164626 0
7808.320000 0.177785 0
7811.680000 0.194327 0
7815.040000 0.200933 0
7818.400000 0.181449 0
7821.760000 0.228424 0
7825.120000 0.189838 0
7828.480000 0.167754 0
7831.840000 0.205928 0
7835.200000 0.186537 0
7838.560000 0.170258 0
7841.920000 0.222118 0
7845.280000 0.207882 0
7848.640000 0.182836 0
7852.000000 0.181452 0
7855.360000 0.172836 0
7858.720000 0.157727 0
7862.080000 0.162109 0
7865.440000 0.169704 0
7868.800000 0.183208 0
7872.160000 0.191914 0
7875.520000 0.207021 0
7878.880000 0.207039 0
7882.240000 0.174911 0
7885.600000 0.172598 0
7888.960000 0.213853 0
7892.320000 0.211892 0
7895.680000 0.151726 0
7899.040000 0.182886 0
7902.400000 0.192286 0
7905.760000 0.170269 0
7909.120000 0.162348 0
7912.480000 0.173054 0
7915.840000 0.171257 0
7919.200000 0.169368 0
7922.560000 0.232939 0
7925.920000 0.212937 0
7929.280000 0.219674 0
7932.640000 0.160247 0
7936.000000 0.166154 0
7939.360000 0.177253 0
7942.720000 0.185425 0
7946.080000 0.181299 0
7949.440000 0.183126 0
7952.800000 0.185522 0
7956.160000 0.147567 0
7959.520000 0.191838 0
7962.880000 0.169784 0
7966.240000 0.155941 0
7969.600000 0.168801 0
7972.960000 0.191737 0
7976.320000 0.203227 0
7979.680000 0.168509 0
7983.040000 0.142885 0
7986.400000 0.194117 0
7989.760000 0.195382 0
7993.120000 0.210938 0
7996.480000 0.182605 0
7999.840000 0.149519 0
8003.200000 0.178153 0
8006.560000 0.161713 0
8009.920000 0.186220 0
8013.280000 0.204758 0
8016.640000 0.204408 0
8020.000000 0.190290 0
8023.360000 0.186236 0
8026.720000 0.163955 0
8030.080000 0.176124 0
8033.440000 0.186086 0
8036.800000 0.183483 0
8040.160000 0.181173 0
8043.520000 0.180522 0
8046.880000 0.175796 0
8050.240000 0.190125 0
8053.600000 0.178191 0
8056.960000 0.158966 0
8060.320000 0.219369 0
8063.680000 0.208927 0
8067.040000 0.148182 0
8070.400000 0.196193 0
8073.760000 0.203541 0
8077.120000 0.192384 0
8080.480000 0.191708 0
8083.840000 0.190211 0
8087.200000 0.192152 0
8090.560000 0.183393 0
8093.920000 0.195411 0
8097.280000 0.204434 0
8100.640000 0.160405 0
8104.000000 0.195842 0
8107.360000 0.194736 0
8110.720000 0.174591 0
8114.080000 0.186665 0
8117.440000 0.210692 0
8120.800000 0.185753 0
8124.160000 0.205559 0
8127.520000 0.196465 0
8130.880000 0.174414 0
8134.240000 0.163681 0
8137.600000 0.165797 0
8140.960000 0.204377 0
8144.320000 0.191282 0
8147.680000 0.185054 0
8151.040000 0.174336 0
8154.400000 0.180493 0
8157.760000 0.165749 0
8161.120000 0.181928 0
8164.480000 0.200962 0
8167.840000 0.177946 0
8171.200000 0.196878 0
8174.560000 0.185845 0
8177.920000 0.174722 0
8181.280000 0.183704 0
8184.640000 0.200704 0
8188.000000 0.174509 0
8191.360000 0.169132 0
8194.720000 0.180234 0
8198.080000 0.183368 0
8201.440000 0.196263 0
8204.800000 0.186371 0
8208.160000 0.186543 0
8211.520000 0.174603 0
8214.880000 0.187401 0
8218.240000 0.194477 0
8221.600000 0.185270 0
8224.960000 0.191519 0
8228.320000 0.187537 0
8231.680000 0.187470 0
8235.040000 0.176234 0
8238.400000 0.174688 0
8241.760000 0.184877 0
8245.120000 0.188667 0
8248.480000 0.178672 0
8251.840000 0.173886 0
8255.200000 0.180981 0
8258.560000 0.183968 0
8261.920000 0.192306 0
8265.280000 0.163136 0
8268.640000 0.143553 0
8272.000000 0.160546 0
8275.360000 0.134147 0
8278.720000 0.156722 0
8282.080000 0.213224 0
8285.440000 0.196855 0
8288.800000 0.124300 0
8292.160000 0.186723 0
8295.520000 0.220872 0
8298.880000 0.200986 0
8302.240000 0.175877 0
8305.600000 0.171393 0
8308.960000 0.151284 0
8312.320000 0.175033 0
8315.680000 0.182544 0
8319.040000 0.185247 0
8322.400000 0.198203 0
8325.760000 0.191713 0
8329.120000 0.184803 0
8332.480000 0.185183 0
8335.840000 0.148034 0
8339.200000 0.155837 0
8342.560000 0.145640 0
8345.920000 0.189099 0
8349.280000 0.199297 0
8352.640000 0.158317 0
8356.000000 0.196922 0
8359.360000 0.193728 0
8362.720000 0.189092 0
8366.080000 0.219521 0
8369.440000 0.162548 0
8372.800000 0.193612 0
8376.160000 0.184966 0
8379.520000 0.192008 0
8382.880000 0.177343 0
8386.240000 0.170080 0
8389.600000 0.147145 0
8392.960000 0.125627 0
8396.320000 0.232625 0
8399.680000 0.225763 0
8403.040000 0.167551 0
8406.400000 0.176484 0
8409.760000 0.145629 0
8413.120000 0.177754 0
8416.480000 0.211015 0
8419.840000 0.165871 0
8423.200000 0.110727 0
8426.560000 0.191091 0
8429.920000 0.174637 0
8433.280000 0.179313 0
8436.640000 0.189777 0
8440.000000 0.168027 0
8443.360000 0.168781 0
8446.720000 0.154846 0
8450.080000 0.236865 0
8453.440000 0.194050 0
8456.800000 0.145652 0
8460.160000 0.147164 0
8463.520000 0.170166 0
8466.880000 0.154236 0
8470.240000 0.171510 0
8473.600000 0.182992 0
8476.960000 0.173328 0
8480.320000 0.157768 0
8483.680000 0.155019 0
8487.040000 0.180931 0
8490.400000 0.152002 0
8493.760000 0.166659 0
8497.120000 0.156356 0
8500.480000 0.140178 0
8503.840000 0.157989 0
8507.200000 0.151548 0
8510.560000 0.214352 0
8513.920000 0.190688 0
8517.280000 0.168027 0
8520.640000 0.170718 0
8524.000000 0.175096 0
8527.360000 0.187161 0
8530.720000 0.199944 0
8534.080000 0.176509 0
8537.440000 0.177654 0
8540.800000 0.176533 0
8544.160000 0.199216 0
8547.520000 0.178665 0
8550.880000 0.193308 0
8554.240000 0.183557 0
8557.600000 0.165943 0
8560.960000 0.161894 0
8564.320000 0.195726 0
8567.680000 0.199362 0
8571.040000 0.212308 0
8574.400000 0.211899 0
8577.760000 0.180956 0
8581.120000 0.167437 0
8584.480000 0.153760 0
8587.840000 0.177961 0
8591.200000 0.168185 0
8594.560000 0.176572 0
8597.920000 0.180386 0
8601.280000 0.199091 0
8604.640000 0.194425 0
8608.000000 0.156402 0
8611.360000 0.179194 0
8614.720000 0.162073 0
8618.080000 0.161954 0
8621.440000 0.173821 0
8624.800000 0.167309 0
8628.160000 0.196769 0
8631.520000 0.193909 0
8634.880000 0.202143 0
8638.240000 0.213903 0
8641.600000 0.210414 0
8644.960000 0.135876 0
8648.320000 0.165666 0
8651.680000 0.178957 0
8655.040000 0.199313 0
8658.400000 0.207489 0
8661.760000 0.184922 0
8665.120000 0.198086 0
8668.480000 0.242991 0
8671.840000 0.186605 0
8675.200000 0.179597 0
8678.560000 0.203646 0
8681.920000 0.217249 0
8685.280000 0.215145 0
8688.640000 0.194438 0
8692.000000 0.160637 0
8695.360000 0.154958 0
8698.720000 0.173786 0
8702.080000 0.170424 0
8705.440000 0.193058 0
8708.800000 0.195658 0
8712.160000 0.151192 0
8715.520000 0.176787 0
8718.880000 0.181957 0
8722.240000 0.174617 0
8725.600000 0.163917 0
8728.960000 0.176713 0
8732.320000 0.175437 0
8735.680000 0.167328 0
8739.040000 0.195739 0
8742.400000 0.217948 0
8745.760000 0.196021 0
8749.120000 0.180164 0
8752.480000 0.168207 0
8755.840000 0.160827 0
8759.200000 0.097931 0
8762.560000 0.153045 0
8765.920000 0.222544 0
8769.280000 0.117927 0
8772.640000 0.150944 0
8776.000000 0.185115 0
8779.360000 0.255541 0
8782.720000 0.211238 0
8786.080000 0.186085 0
8789.440000 0.164345 0
8792.800000 0.219028 0
8796.160000 0.194555 0
8799.520000 0.171367 0
8802.880000 0.197857 0
8806.240000 0.175284 0
8809.600000 0.200366 0
8812.960000 0.184315 0
8816.320000 0.169187 0
8819.680000 0.118002 0
8823.040000 0.166714 0
8826.400000 0.120413 0
8829.760000 0.167082 0
8833.120000 0.168176 0
8836.480000 0.230493 0
8839.840000 0.192528 0
8843.200000 0.233215 0
8846.560000 0.176404 0
8849.920000 0.157225 0
8853.280000 0.180713 0
8856.640000 0.196189 0
8860.000000 0.178200 0
8863.360000 0.216656 0
8866.720000 0.204772 0
8870.080000 0.193601 0
8873.440000 0.200502 0
8876.800000 0.190039 0
8880.160000 0.168705 0
8883.520000 0.186220 0
8886.880000 0.223172 0
8890.240000 0.225458 0
8893.600000 0.181558 0
8896.960000 0.201000 0
8900.320000 0.171302 0
8903.680000 0.180946 0
8907.040000 0.211219 0
8910.400000 0.165637 0
8913.760000 0.173803 0
8917.120000 0.106144 0
8920.480000 0.227398 0
8923.840000 0.289732 0
8927.200000 0.244877 0
8930.560000 0.231241 0
8933.920000 0.197651 0
8937.280000 0.204232 0
8940.640000 0.207055 0
8944.000000 0.233928 0
8947.360000 0.206649 0
8950.720000 0.122580 0
8954.080000 0.145050 0
8957.440000 0.163433 0
8960.800000 0.166892 0
8964.160000 0.184376 0
8967.520000 0.235024 0
8970.880000 0.228632 0
8974.240000 0.187118 0
8977.600000 0.199726 0
8980.960000 0.182314 0
8984.320000 0.152355 0
8987.680000 0.182811 0
8991.040000 0.215174 0
8994.400000 0.169746 0
8997.760000 0.234931 0
9001.120000 0.213624 0
9004.480000 0.179682 0
9007.840000 0.197096 0
9011.200000 0.160540 0
9014.560000 0.183268 0
9017.920000 0.175092 0
9021.280000 0.186418 0
9024.640000 0.195403 0
9028.000000 0.164353 0
9031.360000 0.153895 0
9034.720000 0.203227 0
9038.080000 0.189109 0
9041.440000 0.113881 0
9044.800000 0.129133 0
9048.160000 0.173004 0
9051.520000 0.157993 0
9054.880000 0.196345 0
9058.240000 0.237134 0
9061.600000 0.200457 0
9064.960000 0.199841 0
9068.320000 0.141174 0
9071.680000 0.158455 0
9075.040000 0.218401 0
9078.400000 0.187710 0
9081.760000 0.192177 0
9085.120000 0.185701 0
9088.480000 0.150164 0
9091.840000 0.187020 0
9095.200000 0.243885 0
9098.560000 0.223880 0
9101.920000 0.215755 0
9105.280000 0.223388 0
9108.640000 0.163966 0
9112.000000 0.193024 0
9115.360000 0.195688 0
9118.720000 0.228910 0
9122.080000 0.201992 0
9125.440000 0.177574 0
9128.800000 0.184590 0
9132.160000 0.188820 0
9135.520000 0.175928 0
9138.880000 0.194133 0
9142.240000 0.208773 0
9145.600000 0.153463 0
9148.960000 0.154497 0
9152.320000 0.185312 0
9155.680000 0.171683 0
9159.040000 0.149923 0
9162.400000 0.184089 0
9165.760000 0.175756 0
9169.120000 0.187856 0
9172.480000 0.179668 0
9175.840000 0.203704 0
9179.200000 0.189616 0
9182.560000 0.196735 0
9185.920000 0.221235 0
9189.280000 0.223692 0
9192.640000 0.223254 0
9196.000000 0.185761 0
9199.360000 0.176627 0
9202.720000 0.189302 0
9206.080000 0.179250 0
9209.440000 0.194049 0
9212.800000 0.171031 0
9216.160000 0.196330 0
9219.520000 0.214779 0
9222.880000 0.201291 0
9226.240000 0.203124 0
9229.600000 0.215172 0
9232.960000 0.223710 0
9236.320000 0.192281 0
9239.680000 0.191839 0
9243.040000 0.197503 0
9246.400000 0.184523 0
9249.760000 0.203054 0
