# obs: 255716
# slit: 21
# z: 0.60166
# lines: K,H,H{delta},G
# spec: 667
4451.680000 0.000000 1
4455.040000 0.000000 1
4458.400000 0.000000 1
4461.760000 0.000000 1
4465.120000 0.000000 1
4468.479999 0.000000 1
4471.839999 0.000000 1
4475.199999 0.000000 1
4478.559999 0.000000 1
4481.919999 0.000000 1
4485.279999 0.000000 1
4488.639999 0.000000 1
4491.999999 0.000000 1
4495.359999 0.000000 1
4498.719999 0.000000 1
4502.079998 0.000000 1
4505.439998 0.000000 1
4508.799998 0.000000 1
4512.159998 0.000000 1
4515.519998 0.000000 1
4518.879998 0.000000 1
4522.239998 0.000000 1
4525.599998 0.000000 1
4528.959998 0.000000 1
4532.319997 0.000000 1
4535.679997 0.000000 1
4539.039997 0.000000 1
4542.399997 0.000000 1
4545.759997 0.000000 1
4549.119997 0.000000 1
4552.479997 0.000000 1
4555.839997 0.000000 1
4559.199997 0.000000 1
4562.559997 0.000000 1
4565.919996 0.000000 1
4569.279996 0.000000 1
4572.639996 0.000000 1
4575.999996 0.000000 1
4579.359996 0.000000 1
4582.719996 0.000000 1
4586.079996 0.000000 1
4589.439996 0.000000 1
4592.799996 0.000000 1
4596.159995 0.000000 1
4599.519995 0.000000 1
4602.879995 0.000000 1
4606.239995 0.000000 1
4609.599995 0.000000 1
4612.959995 0.000000 1
4616.319995 0.000000 1
4619.679995 0.000000 1
4623.039995 0.000000 1
4626.399995 0.000000 1
4629.759994 0.000000 1
4633.119994 0.000000 1
4636.479994 0.000000 1
4639.839994 0.000000 1
4643.199994 0.000000 1
4646.559994 0.000000 1
4649.919994 0.000000 1
4653.279994 0.000000 1
4656.639994 0.000000 1
4659.999993 0.000000 1
4663.359993 0.000000 1
4666.719993 0.000000 1
4670.079993 0.000000 1
4673.439993 0.000000 1
4676.799993 0.000000 1
4680.159993 0.000000 1
4683.519993 0.026090 0
4686.879993 0.020041 0
4690.239993 0.036190 0
4693.599992 0.031409 0
4696.959992 0.015143 0
4700.319992 0.017987 0
4703.679992 0.019406 0
4707.039992 0.028691 0
4710.399992 0.011952 0
4713.759992 0.002504 0
4717.119992 0.022698 0
4720.479992 0.022663 0
4723.839992 0.017863 0
4727.199991 0.018434 0
4730.559991 0.012749 0
4733.919991 0.024561 0
4737.279991 0.039733 0
4740.639991 0.030494 0
4743.999991 0.022444 0
4747.359991 0.027003 0
4750.719991 0.011388 0
4754.079991 0.020767 0
4757.439990 0.031198 0
4760.799990 0.043278 0
4764.159990 0.023901 0
4767.519990 0.012587 0
4770.879990 0.029289 0
4774.239990 0.033589 0
4777.599990 0.033712 0
4780.959990 0.016485 0
4784.319990 0.011915 0
4787.679990 0.028984 0
4791.039989 0.032908 0
4794.399989 0.013958 0
4797.759989 0.021486 0
4801.119989 0.012801 0
4804.479989 0.027661 0
4807.839989 -0.000038 0
4811.199989 0.019109 0
4814.559989 0.013965 0
4817.919989 0.024784 0
4821.279988 0.020711 0
4824.639988 0.026635 0
4827.999988 0.013367 0
4831.359988 0.011994 0
4834.719988 0.005236 0
4838.079988 0.016223 0
4841.439988 0.024950 0
4844.799988 0.021385 0
4848.159988 0.022953 0
4851.519988 0.008948 0
4854.879987 0.031072 0
4858.239987 0.029965 0
4861.599987 0.031863 0
4864.959987 0.038594 0
4868.319987 0.019068 0
4871.679987 0.014976 0
4875.039987 0.025728 0
4878.399987 0.033617 0
4881.759987 0.040129 0
4885.119986 0.029801 0
4888.479986 0.032743 0
4891.839986 0.008055 0
4895.199986 0.010050 0
4898.559986 0.019574 0
4901.919986 0.032437 0
4905.279986 0.023909 0
4908.639986 0.026648 0
4911.999986 0.023067 0
4915.359986 0.024679 0
4918.719985 0.031833 0
4922.079985 0.020773 0
4925.439985 0.023497 0
4928.799985 0.010380 0
4932.159985 0.027166 0
4935.519985 0.032013 0
4938.879985 0.012692 0
4942.239985 0.036637 0
4945.599985 0.006057 0
4948.959984 0.022925 0
4952.319984 0.012507 0
4955.679984 0.020212 0
4959.039984 0.021684 0
4962.399984 0.028771 0
4965.759984 0.020901 0
4969.119984 0.007467 0
4972.479984 0.011999 0
4975.839984 0.033962 0
4979.199984 0.017215 0
4982.559983 0.024922 0
4985.919983 0.019940 0
4989.279983 0.041669 0
4992.639983 0.013199 0
4995.999983 0.026487 0
4999.359983 0.037049 0
5002.719983 0.043873 0
5006.079983 0.029316 0
5009.439983 0.026221 0
5012.799982 0.043651 0
5016.159982 0.017579 0
5019.519982 0.028205 0
5022.879982 0.021176 0
5026.239982 0.042508 0
5029.599982 0.026944 0
5032.959982 0.012707 0
5036.319982 0.039591 0
5039.679982 0.025486 0
5043.039982 0.028135 0
5046.399981 0.042430 0
5049.759981 0.030157 0
5053.119981 0.025164 0
5056.479981 0.016289 0
5059.839981 0.018162 0
5063.199981 0.017719 0
5066.559981 0.004978 0
5069.919981 0.043348 0
5073.279981 0.034960 0
5076.639980 0.027243 0
5079.999980 0.046093 0
5083.359980 0.045530 0
5086.719980 0.047608 0
5090.079980 0.050282 0
5093.439980 0.023949 0
5096.799980 0.028412 0
5100.159980 0.047857 0
5103.519980 0.039472 0
5106.879980 0.018587 0
5110.239979 0.021077 0
5113.599979 0.031024 0
5116.959979 0.041770 0
5120.319979 0.012898 0
5123.679979 0.032065 0
5127.039979 0.040460 0
5130.399979 0.032256 0
5133.759979 0.028936 0
5137.119979 0.053455 0
5140.479978 0.044014 0
5143.839978 0.033561 0
5147.199978 0.033615 0
5150.559978 0.032527 0
5153.919978 0.017981 0
5157.279978 0.021371 0
5160.639978 0.026615 0
5163.999978 0.048510 0
5167.359978 0.033024 0
5170.719978 0.019150 0
5174.079977 0.020912 0
5177.439977 0.052827 0
5180.799977 0.048558 0
5184.159977 0.021764 0
5187.519977 0.029940 0
5190.879977 0.029769 0
5194.239977 0.027331 0
5197.599977 0.029943 0
5200.959977 0.040980 0
5204.319977 0.027758 0
5207.679976 0.026973 0
5211.039976 0.024967 0
5214.399976 0.036910 0
5217.759976 0.021540 0
5221.119976 0.042135 0
5224.479976 0.029500 0
5227.839976 0.039151 0
5231.199976 0.041729 0
5234.559976 0.055769 0
5237.919975 0.041624 0
5241.279975 0.025877 0
5244.639975 0.051942 0
5247.999975 0.032771 0
5251.359975 0.032821 0
5254.719975 0.041039 0
5258.079975 0.047482 0
5261.439975 0.020048 0
5264.799975 0.027593 0
5268.159975 0.034836 0
5271.519974 0.040632 0
5274.879974 0.037944 0
5278.239974 0.045475 0
5281.599974 0.043911 0
5284.959974 0.039585 0
5288.319974 0.042257 0
5291.679974 0.039460 0
5295.039974 0.044451 0
5298.399974 0.040818 0
5301.759973 0.041680 0
5305.119973 0.038134 0
5308.479973 0.061558 0
5311.839973 0.068103 0
5315.199973 0.049055 0
5318.559973 0.036721 0
5321.919973 0.045008 0
5325.279973 0.026367 0
5328.639973 0.029967 0
5331.999973 0.032791 0
5335.359972 0.058643 0
5338.719972 0.049697 0
5342.079972 0.023411 0
5345.439972 0.034197 0
5348.799972 0.023979 0
5352.159972 0.024988 0
5355.519972 0.039623 0
5358.879972 0.040106 0
5362.239972 0.049188 0
5365.599971 0.036919 0
5368.959971 0.039244 0
5372.319971 0.034635 0
5375.679971 0.031205 0
5379.039971 0.024299 0
5382.399971 0.040446 0
5385.759971 0.041152 0
5389.119971 0.038004 0
5392.479971 0.027423 0
5395.839971 0.022941 0
5399.199970 0.029248 0
5402.559970 0.024035 0
5405.919970 0.040450 0
5409.279970 0.026750 0
5412.639970 0.048114 0
5415.999970 0.033865 0
5419.359970 0.045426 0
5422.719970 0.038665 0
5426.079970 0.036504 0
5429.439969 0.031409 0
5432.799969 0.046037 0
5436.159969 0.037362 0
5439.519969 0.036366 0
5442.879969 0.044894 0
5446.239969 0.046855 0
5449.599969 0.041525 0
5452.959969 0.030084 0
5456.319969 0.046573 0
5459.679969 0.023041 0
5463.039968 0.040733 0
5466.399968 0.053444 0
5469.759968 0.040903 0
5473.119968 0.042184 0
5476.479968 0.054571 0
5479.839968 0.053587 0
5483.199968 0.037829 0
5486.559968 0.037239 0
5489.919968 0.056294 0
5493.279967 0.066576 0
5496.639967 0.047282 0
5499.999967 0.029616 0
5503.359967 0.051137 0
5506.719967 0.038019 0
5510.079967 0.031287 0
5513.439967 0.023143 0
5516.799967 0.018818 0
5520.159967 0.028583 0
5523.519967 0.031445 0
5526.879966 0.041140 0
5530.239966 0.050613 0
5533.599966 0.046508 0
5536.959966 0.037147 0
5540.319966 0.047629 0
5543.679966 0.021117 0
5547.039966 0.023273 0
5550.399966 0.033724 0
5553.759966 0.043268 0
5557.119965 0.063362 0
5560.479965 0.043390 0
5563.839965 0.042864 0
5567.199965 0.037036 1
5570.559965 0.078229 1
5573.919965 0.095968 1
5577.279965 0.008422 1
5580.639965 -0.077608 1
5583.999965 -0.070505 1
5587.359965 0.036688 0
5590.719964 0.050045 0
5594.079964 0.025205 0
5597.439964 0.048549 0
5600.799964 0.034155 0
5604.159964 0.030959 0
5607.519964 0.039475 0
5610.879964 0.039767 0
5614.239964 0.056706 0
5617.599964 0.038670 0
5620.959963 0.042909 0
5624.319963 0.044286 0
5627.679963 0.033765 0
5631.039963 0.030630 0
5634.399963 0.050836 0
5637.759963 0.042701 0
5641.119963 0.040246 0
5644.479963 0.043361 0
5647.839963 0.042617 0
5651.199963 0.027234 0
5654.559962 0.048974 0
5657.919962 0.053181 0
5661.279962 0.049763 0
5664.639962 0.063813 0
5667.999962 0.050046 0
5671.359962 0.056004 0
5674.719962 0.047995 0
5678.079962 0.051552 0
5681.439962 0.055705 0
5684.799962 0.044227 0
5688.159961 0.053807 0
5691.519961 0.052100 0
5694.879961 0.034635 0
5698.239961 0.049254 0
5701.599961 0.041782 0
5704.959961 0.049106 0
5708.319961 0.035068 0
5711.679961 0.035644 0
5715.039961 0.045752 0
5718.399960 0.044295 0
5721.759960 0.047308 0
5725.119960 0.038279 0
5728.479960 0.051786 0
5731.839960 0.052843 0
5735.199960 0.015958 0
5738.559960 0.025254 0
5741.919960 0.033926 0
5745.279960 0.041494 0
5748.639960 0.058747 0
5751.999959 0.042206 0
5755.359959 0.039305 0
5758.719959 0.042769 0
5762.079959 0.063485 0
5765.439959 0.063112 0
5768.799959 0.048803 0
5772.159959 0.032450 0
5775.519959 0.045460 0
5778.879959 0.037811 0
5782.239958 0.045220 0
5785.599958 0.040022 0
5788.959958 0.057841 0
5792.319958 0.032970 0
5795.679958 0.037939 0
5799.039958 0.049163 0
5802.399958 0.032401 0
5805.759958 0.037235 0
5809.119958 0.038247 0
5812.479958 0.040694 0
5815.839957 0.075024 0
5819.199957 0.049600 0
5822.559957 0.041821 0
5825.919957 0.056020 0
5829.279957 0.055413 0
5832.639957 0.049554 0
5835.999957 0.050539 0
5839.359957 0.053082 0
5842.719957 0.048287 0
5846.079956 0.064467 0
5849.439956 0.048523 0
5852.799956 0.053754 0
5856.159956 0.043394 0
5859.519956 0.056907 0
5862.879956 0.069289 0
5866.239956 0.049898 0
5869.599956 0.060217 0
5872.959956 0.038055 0
5876.319956 0.058908 0
5879.679955 0.037000 0
5883.039955 0.064925 0
5886.399955 0.039439 0
5889.759955 0.025620 0
5893.119955 0.013043 0
5896.479955 0.070686 0
5899.839955 0.062166 0
5903.199955 0.053607 0
5906.559955 0.044803 0
5909.919954 0.032214 0
5913.279954 0.034509 0
5916.639954 0.052527 0
5919.999954 0.048236 0
5923.359954 0.063621 0
5926.719954 0.059625 0
5930.079954 0.053979 0
5933.439954 0.046106 0
5936.799954 0.040881 0
5940.159954 0.036291 0
5943.519953 0.047096 0
5946.879953 0.062122 0
5950.239953 0.055793 0
5953.599953 0.067611 0
5956.959953 0.067858 0
5960.319953 0.049095 0
5963.679953 0.041403 0
5967.039953 0.047020 0
5970.399953 0.070498 0
5973.759952 0.053449 0
5977.119952 0.061648 0
5980.479952 0.074693 0
5983.839952 0.048093 0
5987.199952 0.051583 0
5990.559952 0.063342 0
5993.919952 0.039472 0
5997.279952 0.037172 0
6000.639952 0.026439 0
6003.999952 0.045186 0
6007.359951 0.051795 0
6010.719951 0.049426 0
6014.079951 0.041922 0
6017.439951 0.055954 0
6020.799951 0.052528 0
6024.159951 0.060247 0
6027.519951 0.047221 0
6030.879951 0.049088 0
6034.239951 0.046460 0
6037.599950 0.041450 0
6040.959950 0.050764 0
6044.319950 0.057900 0
6047.679950 0.052854 0
6051.039950 0.050154 0
6054.399950 0.061302 0
6057.759950 0.060032 0
6061.119950 0.062134 0
6064.479950 0.065692 0
6067.839950 0.073290 0
6071.199949 0.070376 0
6074.559949 0.058757 0
6077.919949 0.045311 0
6081.279949 0.053132 0
6084.639949 0.035345 0
6087.999949 0.049779 0
6091.359949 0.037417 0
6094.719949 0.083328 0
6098.079949 0.054696 0
6101.439948 0.061962 0
6104.799948 0.055248 0
6108.159948 0.048191 0
6111.519948 0.049661 0
6114.879948 0.053021 0
6118.239948 0.044155 0
6121.599948 0.037026 0
6124.959948 0.049168 0
6128.319948 0.045497 0
6131.679948 0.033534 0
6135.039947 0.033997 0
6138.399947 0.052699 0
6141.759947 0.044831 0
6145.119947 0.030467 0
6148.479947 0.032343 0
6151.839947 0.033467 0
6155.199947 0.042301 0
6158.559947 0.047553 0
6161.919947 0.036840 0
6165.279947 0.042203 0
6168.639946 0.042069 0
6171.999946 0.068090 0
6175.359946 0.055714 0
6178.719946 0.063638 0
6182.079946 0.049166 0
6185.439946 0.055057 0
6188.799946 0.052788 0
6192.159946 0.037278 0
6195.519946 0.039648 0
6198.879945 0.062363 0
6202.239945 0.062033 0
6205.599945 0.062535 0
6208.959945 0.066567 0
6212.319945 0.054038 0
6215.679945 0.063777 0
6219.039945 0.059150 0
6222.399945 0.024418 0
6225.759945 0.053648 0
6229.119945 0.031195 0
6232.479944 0.078413 0
6235.839944 0.071811 0
6239.199944 0.064360 0
6242.559944 0.070690 0
6245.919944 0.047558 0
6249.279944 0.060354 0
6252.639944 0.031839 0
6255.999944 0.059850 0
6259.359944 0.065694 0
6262.719943 0.077065 0
6266.079943 0.084350 0
6269.439943 0.073208 0
6272.799943 0.067835 0
6276.159943 0.060218 0
6279.519943 0.044589 0
6282.879943 0.053220 0
6286.239943 0.061033 0
6289.599943 0.057972 0
6292.959943 0.073319 1
6296.319942 0.010362 1
6299.679942 0.053334 1
6303.039942 0.040519 1
6306.399942 0.006684 1
6309.759942 0.036163 1
6313.119942 0.049134 1
6316.479942 0.053462 1
6319.839942 0.046042 0
6323.199942 0.063202 0
6326.559941 0.070781 0
6329.919941 0.079911 0
6333.279941 0.070746 0
6336.639941 0.087132 0
6339.999941 0.074820 0
6343.359941 0.064018 0
6346.719941 0.065441 0
6350.079941 0.027109 0
6353.439941 0.015903 0
6356.799941 0.046548 0
6360.159940 0.048889 0
6363.519940 0.053814 0
6366.879940 0.033573 0
6370.239940 0.061946 0
6373.599940 0.084817 0
6376.959940 0.054486 0
6380.319940 0.085059 0
6383.679940 0.094868 0
6387.039940 0.074655 0
6390.399939 0.094269 0
6393.759939 0.072186 0
6397.119939 0.075418 0
6400.479939 0.094592 0
6403.839939 0.102210 0
6407.199939 0.095182 0
6410.559939 0.094051 0
6413.919939 0.083457 0
6417.279939 0.084654 0
6420.639939 0.073029 0
6423.999938 0.081984 0
6427.359938 0.099924 0
6430.719938 0.096398 0
6434.079938 0.092486 0
6437.439938 0.098067 0
6440.799938 0.076181 0
6444.159938 0.088635 0
6447.519938 0.093526 0
6450.879938 0.092837 0
6454.239937 0.105402 0
6457.599937 0.094972 0
6460.959937 0.092507 0
6464.319937 0.087221 0
6467.679937 0.080259 0
6471.039937 0.096397 0
6474.399937 0.102924 0
6477.759937 0.094068 0
6481.119937 0.090637 0
6484.479937 0.088111 0
6487.839936 0.094671 0
6491.199936 0.090120 0
6494.559936 0.081584 0
6497.919936 0.095417 0
6501.279936 0.099717 0
6504.639936 0.088364 0
6507.999936 0.091024 0
6511.359936 0.089497 0
6514.719936 0.073386 0
6518.079935 0.092612 0
6521.439935 0.090095 0
6524.799935 0.090961 0
6528.159935 0.077642 0
6531.519935 0.078548 0
6534.879935 0.094410 0
6538.239935 0.090248 0
6541.599935 0.094615 0
6544.959935 0.085544 0
6548.319935 0.120575 0
6551.679934 0.114956 0
6555.039934 0.091543 0
6558.399934 0.087335 0
6561.759934 0.091785 0
6565.119934 0.068471 0
6568.479934 0.076928 0
6571.839934 0.065547 0
6575.199934 0.078587 0
6578.559934 0.092466 0
6581.919933 0.104859 0
6585.279933 0.100486 0
6588.639933 0.098937 0
6591.999933 0.098886 0
6595.359933 0.089644 0
6598.719933 0.087520 0
6602.079933 0.100383 0
6605.439933 0.079757 0
6608.799933 0.098900 0
6612.159933 0.106165 0
6615.519932 0.090043 0
6618.879932 0.088523 0
6622.239932 0.086617 0
6625.599932 0.091030 0
6628.959932 0.102509 0
6632.319932 0.109393 0
6635.679932 0.088435 0
6639.039932 0.057272 0
6642.399932 0.071214 0
6645.759932 0.090052 0
6649.119931 0.093207 0
6652.479931 0.095630 0
6655.839931 0.078674 0
6659.199931 0.092603 0
6662.559931 0.107095 0
6665.919931 0.100430 0
6669.279931 0.100925 0
6672.639931 0.097116 0
6675.999931 0.087560 0
6679.359930 0.082727 0
6682.719930 0.096165 0
6686.079930 0.082525 0
6689.439930 0.086105 0
6692.799930 0.087317 0
6696.159930 0.081402 0
6699.519930 0.096678 0
6702.879930 0.108481 0
6706.239930 0.094990 0
6709.599930 0.094599 0
6712.959929 0.083609 0
6716.319929 0.099468 0
6719.679929 0.104640 0
6723.039929 0.091559 0
6726.399929 0.089881 0
6729.759929 0.108911 0
6733.119929 0.105187 0
6736.479929 0.093214 0
6739.839929 0.098890 0
6743.199928 0.097900 0
6746.559928 0.103466 0
6749.919928 0.108423 0
6753.279928 0.119210 0
6756.639928 0.105304 0
6759.999928 0.078789 0
6763.359928 0.097449 0
6766.719928 0.099341 0
6770.079928 0.088856 0
6773.439928 0.096045 0
6776.799927 0.093253 0
6780.159927 0.094152 0
6783.519927 0.084107 0
6786.879927 0.087631 0
6790.239927 0.100942 0
6793.599927 0.097640 0
6796.959927 0.105025 0
6800.319927 0.106881 0
6803.679927 0.085454 0
6807.039926 0.114419 0
6810.399926 0.097719 0
6813.759926 0.098690 0
6817.119926 0.100461 0
6820.479926 0.101245 0
6823.839926 0.085163 0
6827.199926 0.121600 0
6830.559926 0.128798 0
6833.919926 0.115122 0
6837.279926 0.100472 0
6840.639925 0.086820 0
6843.999925 0.074327 0
6847.359925 0.088916 0
6850.719925 0.091649 0
6854.079925 0.089777 0
6857.439925 0.114208 0
6860.799925 0.101507 0
6864.159925 0.075961 0
6867.519925 0.061731 0
6870.879924 0.069291 0
6874.239924 0.076271 0
6877.599924 0.071011 0
6880.959924 0.076259 0
6884.319924 0.050758 0
6887.679924 0.075272 0
6891.039924 0.063612 0
6894.399924 0.058202 0
6897.759924 0.068811 0
6901.119924 0.064679 0
6904.479923 0.080916 0
6907.839923 0.079070 0
6911.199923 0.090850 0
6914.559923 0.107582 0
6917.919923 0.123106 0
6921.279923 0.088967 0
6924.639923 0.076402 0
6927.999923 0.106114 0
6931.359923 0.100546 0
6934.719922 0.087848 0
6938.079922 0.102315 0
6941.439922 0.129872 0
6944.799922 0.108207 0
6948.159922 0.113657 0
6951.519922 0.087917 0
6954.879922 0.100042 0
6958.239922 0.093325 0
6961.599922 0.109354 0
6964.959922 0.112579 0
6968.319921 0.120436 0
6971.679921 0.119562 0
6975.039921 0.110876 0
6978.399921 0.107698 0
6981.759921 0.093537 0
6985.119921 0.092320 0
6988.479921 0.104161 0
6991.839921 0.116225 0
6995.199921 0.119931 0
6998.559920 0.135143 0
7001.919920 0.111626 0
7005.279920 0.086956 0
7008.639920 0.090104 0
7011.999920 0.127822 0
7015.359920 0.110303 0
7018.719920 0.100930 0
7022.079920 0.099826 0
7025.439920 0.104800 0
7028.799920 0.101023 0
7032.159919 0.108049 0
7035.519919 0.112752 0
7038.879919 0.108015 0
7042.239919 0.102053 0
7045.599919 0.099566 0
7048.959919 0.114782 0
7052.319919 0.122189 0
7055.679919 0.105876 0
7059.039919 0.111318 0
7062.399918 0.102639 0
7065.759918 0.115557 0
7069.119918 0.107971 0
7072.479918 0.106598 0
7075.839918 0.112372 0
7079.199918 0.121754 0
7082.559918 0.133032 0
7085.919918 0.130735 0
7089.279918 0.118138 0
7092.639918 0.122040 0
7095.999917 0.110514 0
7099.359917 0.116836 0
7102.719917 0.108468 0
7106.079917 0.097263 0
7109.439917 0.112015 0
7112.799917 0.122415 0
7116.159917 0.129890 0
7119.519917 0.126463 0
7122.879917 0.119978 0
7126.239916 0.128092 0
7129.599916 0.117069 0
7132.959916 0.120591 0
7136.319916 0.121571 0
7139.679916 0.099503 0
7143.039916 0.093254 0
7146.399916 0.107015 0
7149.759916 0.106810 0
7153.119916 0.095748 0
7156.479916 0.117550 0
7159.839915 0.129296 0
7163.199915 0.135320 0
7166.559915 0.123220 0
7169.919915 0.122316 0
7173.279915 0.145892 0
7176.639915 0.130893 0
7179.999915 0.105805 0
7183.359915 0.116491 0
7186.719915 0.135282 0
7190.079915 0.128289 0
7193.439914 0.116754 0
7196.799914 0.104697 0
7200.159914 0.117829 0
7203.519914 0.132295 0
7206.879914 0.127383 0
7210.239914 0.114785 0
7213.599914 0.143178 0
7216.959914 0.132267 0
7220.319914 0.117102 0
7223.679913 0.131267 0
7227.039913 0.133198 0
7230.399913 0.130210 0
7233.759913 0.132211 0
7237.119913 0.146630 0
7240.479913 0.141644 0
7243.839913 0.138610 0
7247.199913 0.135150 0
7250.559913 0.110961 0
7253.919913 0.115402 0
7257.279912 0.121914 0
7260.639912 0.113743 0
7263.999912 0.112827 0
7267.359912 0.127007 0
7270.719912 0.141908 0
7274.079912 0.109805 0
7277.439912 0.117947 0
7280.799912 0.110431 0
7284.159912 0.111714 0
7287.519911 0.136503 0
7290.879911 0.138591 0
7294.239911 0.124621 0
7297.599911 0.116594 0
7300.959911 0.108374 0
7304.319911 0.127776 0
7307.679911 0.140581 0
7311.039911 0.103816 0
7314.399911 0.129865 0
7317.759911 0.147031 0
7321.119910 0.116727 0
7324.479910 0.132610 0
7327.839910 0.130392 0
7331.199910 0.119953 0
7334.559910 0.140168 0
7337.919910 0.152929 0
7341.279910 0.149682 0
7344.639910 0.137843 0
7347.999910 0.151401 0
7351.359909 0.135908 0
7354.719909 0.131616 0
7358.079909 0.127159 0
7361.439909 0.146119 0
7364.799909 0.132730 0
7368.159909 0.121047 0
7371.519909 0.123351 0
7374.879909 0.122754 0
7378.239909 0.133544 0
7381.599909 0.137953 0
7384.959908 0.147522 0
7388.319908 0.153479 0
7391.679908 0.152801 0
7395.039908 0.151314 0
7398.399908 0.157736 0
7401.759908 0.138328 0
7405.119908 0.114947 0
7408.479908 0.131383 0
7411.839908 0.152143 0
7415.199907 0.149131 0
7418.559907 0.125673 0
7421.919907 0.113997 0
7425.279907 0.129686 0
7428.639907 0.136083 0
7431.999907 0.141970 0
7435.359907 0.154105 0
7438.719907 0.120308 0
7442.079907 0.105405 0
7445.439907 0.127880 0
7448.799906 0.119926 0
7452.159906 0.118927 0
7455.519906 0.125389 0
7458.879906 0.128149 0
7462.239906 0.126798 0
7465.599906 0.149158 0
7468.959906 0.155794 0
7472.319906 0.145776 0
7475.679906 0.131132 0
7479.039905 0.107078 0
7482.399905 0.119669 0
7485.759905 0.107009 0
7489.119905 0.121778 0
7492.479905 0.144199 0
7495.839905 0.111641 0
7499.199905 0.108638 0
7502.559905 0.138179 0
7505.919905 0.137021 0
7509.279905 0.129108 0
7512.639904 0.134266 0
7515.999904 0.148552 0
7519.359904 0.110706 0
7522.719904 0.098871 0
7526.079904 0.101049 0
7529.439904 0.116951 0
7532.799904 0.113701 0
7536.159904 0.106578 0
7539.519904 0.109162 0
7542.879903 0.123333 0
7546.239903 0.120885 0
7549.599903 0.121745 0
7552.959903 0.146436 0
7556.319903 0.122652 0
7559.679903 0.139691 0
7563.039903 0.142066 0
7566.399903 0.131140 0
7569.759903 0.119365 0
7573.119903 0.120413 0
7576.479902 0.127101 0
7579.839902 0.125573 0
7583.199902 0.142446 0
7586.559902 0.143925 0
7589.919902 0.115310 0
7593.279902 0.098363 0
7596.639902 0.107310 0
7599.999902 0.126094 0
7603.359902 0.089051 0
7606.719901 0.137141 0
7610.079901 0.175822 0
7613.439901 0.145263 0
7616.799901 0.140019 0
7620.159901 0.145160 0
7623.519901 0.108468 0
7626.879901 0.126053 0
7630.239901 0.112115 0
7633.599901 0.141979 0
7636.959901 0.147628 0
7640.319900 0.127228 0
7643.679900 0.148244 0
7647.039900 0.116698 0
7650.399900 0.124588 0
7653.759900 0.161936 0
7657.119900 0.128489 0
7660.479900 0.138471 0
7663.839900 0.147027 0
7667.199900 0.134444 0
7670.559900 0.137722 0
7673.919899 0.124534 0
7677.279899 0.107615 0
7680.639899 0.144256 0
7683.999899 0.132450 0
7687.359899 0.137986 0
7690.719899 0.124775 0
7694.079899 0.125187 0
7697.439899 0.136506 0
7700.799899 0.134972 0
7704.159898 0.133035 0
7707.519898 0.141084 0
7710.879898 0.112143 0
7714.239898 0.152918 0
7717.599898 0.128443 0
7720.959898 0.083818 0
7724.319898 0.130357 0
7727.679898 0.128607 0
7731.039898 0.120193 0
7734.399898 0.131735 0
7737.759897 0.124425 0
7741.119897 0.130745 0
7744.479897 0.117359 0
7747.839897 0.129514 0
7751.199897 0.097159 0
7754.559897 0.123508 0
7757.919897 0.101455 0
7761.279897 0.107111 0
7764.639897 0.113181 0
7767.999896 0.110566 0
7771.359896 0.130539 0
7774.719896 0.099893 0
7778.079896 0.128141 0
7781.439896 0.127628 0
7784.799896 0.116711 0
7788.159896 0.130481 0
7791.519896 0.120941 0
7794.879896 0.127144 0
7798.239896 0.140139 0
7801.599895 0.103004 0
7804.959895 0.116792 0
7808.319895 0.142188 0
7811.679895 0.143387 0
7815.039895 0.128110 0
7818.399895 0.119024 0
7821.759895 0.116212 0
7825.119895 0.133396 0
7828.479895 0.125966 0
7831.839894 0.112722 0
7835.199894 0.139712 0
7838.559894 0.143986 0
7841.919894 0.132449 0
7845.279894 0.127988 0
7848.639894 0.128549 0
7851.999894 0.136890 0
7855.359894 0.134167 0
7858.719894 0.125355 0
7862.079894 0.135098 0
7865.439893 0.119604 0
7868.799893 0.112683 0
7872.159893 0.132799 0
7875.519893 0.130055 0
7878.879893 0.138135 0
7882.239893 0.106591 0
7885.599893 0.095396 0
7888.959893 0.107944 0
7892.319893 0.131917 0
7895.679892 0.126567 0
7899.039892 0.134236 0
7902.399892 0.136770 0
7905.759892 0.132604 0
7909.119892 0.093127 0
7912.479892 0.131516 0
7915.839892 0.165198 0
7919.199892 0.156159 0
7922.559892 0.153811 0
7925.919892 0.162623 0
7929.279891 0.117640 0
7932.639891 0.136928 0
7935.999891 0.136128 0
7939.359891 0.116080 0
7942.719891 0.138135 0
7946.079891 0.131550 0
7949.439891 0.168568 0
7952.799891 0.170626 0
7956.159891 0.126842 0
7959.519890 0.125232 0
7962.879890 0.149581 0
7966.239890 0.163723 0
7969.599890 0.166170 0
7972.959890 0.130217 0
7976.319890 0.140364 0
7979.679890 0.124373 0
7983.039890 0.106792 0
7986.399890 0.092504 0
7989.759890 0.157879 0
7993.119889 0.143913 0
7996.479889 0.109628 0
7999.839889 0.143045 0
8003.199889 0.122106 0
8006.559889 0.121704 0
8009.919889 0.145201 0
8013.279889 0.137207 0
8016.639889 0.115475 0
8019.999889 0.109794 0
8023.359888 0.119219 0
8026.719888 0.143603 0
8030.079888 0.151075 0
8033.439888 0.113575 0
8036.799888 0.120554 0
8040.159888 0.119065 0
8043.519888 0.120976 0
8046.879888 0.129108 0
8050.239888 0.120871 0
8053.599888 0.126029 0
8056.959887 0.126128 0
8060.319887 0.115164 0
8063.679887 0.139625 0
8067.039887 0.121821 0
8070.399887 0.115619 0
8073.759887 0.129933 0
8077.119887 0.127958 0
8080.479887 0.129004 0
8083.839887 0.128417 0
8087.199886 0.155397 0
8090.559886 0.149137 0
8093.919886 0.127385 0
8097.279886 0.115899 0
8100.639886 0.125031 0
8103.999886 0.148778 0
8107.359886 0.154398 0
8110.719886 0.129764 0
8114.079886 0.148801 0
8117.439886 0.127153 0
8120.799885 0.139729 0
8124.159885 0.141137 0
8127.519885 0.122933 0
8130.879885 0.125130 0
8134.239885 0.154196 0
8137.599885 0.121682 0
8140.959885 0.096253 0
8144.319885 0.109595 0
8147.679885 0.139074 0
8151.039885 0.142781 0
8154.399884 0.138524 0
8157.759884 0.125021 0
8161.119884 0.123685 0
8164.479884 0.129278 0
8167.839884 0.107455 0
8171.199884 0.106278 0
8174.559884 0.113685 0
8177.919884 0.133839 0
8181.279884 0.106473 0
8184.639883 0.127156 0
8187.999883 0.113950 0
8191.359883 0.124518 0
8194.719883 0.125028 0
8198.079883 0.132681 0
8201.439883 0.132410 0
8204.799883 0.135085 0
8208.159883 0.147029 0
8211.519883 0.128727 0
8214.879883 0.123957 0
8218.239882 0.128542 0
8221.599882 0.129162 0
8224.959882 0.124720 0
8228.319882 0.115316 0
8231.679882 0.117567 0
8235.039882 0.137328 0
8238.399882 0.122070 0
8241.759882 0.131356 0
8245.119882 0.125354 0
8248.479881 0.116635 0
8251.839881 0.122886 0
8255.199881 0.121715 0
8258.559881 0.106784 0
8261.919881 0.123836 0
8265.279881 0.134063 0
8268.639881 0.126025 0
8271.999881 0.105669 0
8275.359881 0.109810 0
8278.719881 0.095429 0
8282.079880 0.097107 0
8285.439880 0.119608 0
8288.799880 0.125288 0
8292.159880 0.118433 0
8295.519880 0.105141 0
8298.879880 0.086790 0
8302.239880 0.094933 0
8305.599880 0.098585 0
8308.959880 0.137544 0
8312.319879 0.148079 0
8315.679879 0.133796 0
8319.039879 0.123846 0
8322.399879 0.112833 0
8325.759879 0.131106 0
8329.119879 0.128967 0
8332.479879 0.122552 0
8335.839879 0.093585 0
8339.199879 0.108873 0
8342.559879 0.141449 0
8345.919878 0.094339 0
8349.279878 0.058429 0
8352.639878 0.067062 0
8355.999878 0.125264 0
8359.359878 0.126875 0
8362.719878 0.128121 0
8366.079878 0.149977 0
8369.439878 0.139277 0
8372.799878 0.136196 0
8376.159877 0.150974 0
8379.519877 0.107561 0
8382.879877 0.122204 0
8386.239877 0.118430 0
8389.599877 0.168629 0
8392.959877 0.174563 0
8396.319877 0.126916 0
8399.679877 0.175678 0
8403.039877 0.166259 0
8406.399877 0.155075 0
8409.759876 0.174337 0
8413.119876 0.126011 0
8416.479876 0.135415 0
8419.839876 0.145865 0
8423.199876 0.100740 0
8426.559876 0.106616 0
8429.919876 0.149734 0
8433.279876 0.101086 0
8436.639876 0.107145 0
8439.999875 0.099860 0
8443.359875 0.130225 0
8446.719875 0.116999 0
8450.079875 0.115822 0
8453.439875 0.122697 0
8456.799875 0.125577 0
8460.159875 0.111338 0
8463.519875 0.153896 0
8466.879875 0.149393 0
8470.239875 0.148917 0
8473.599874 0.130385 0
8476.959874 0.135470 0
8480.319874 0.120813 0
8483.679874 0.138803 0
8487.039874 0.135192 0
8490.399874 0.119044 0
8493.759874 0.128441 0
8497.119874 0.135447 0
8500.479874 0.141652 0
8503.839873 0.171912 0
8507.199873 0.141955 0
8510.559873 0.138546 0
8513.919873 0.143216 0
8517.279873 0.145025 0
8520.639873 0.146560 0
8523.999873 0.146913 0
8527.359873 0.151879 0
8530.719873 0.143245 0
8534.079873 0.136783 0
8537.439872 0.109239 0
8540.799872 0.130106 0
8544.159872 0.129975 0
8547.519872 0.134109 0
8550.879872 0.146272 0
8554.239872 0.128326 0
8557.599872 0.136463 0
8560.959872 0.127081 0
8564.319872 0.126977 0
8567.679871 0.125521 0
8571.039871 0.146598 0
8574.399871 0.161867 0
8577.759871 0.151060 0
8581.119871 0.155148 0
8584.479871 0.134880 0
8587.839871 0.119163 0
8591.199871 0.143480 0
8594.559871 0.164740 0
8597.919871 0.152769 0
8601.279870 0.135731 0
8604.639870 0.117446 0
8607.999870 0.117298 0
8611.359870 0.118498 0
8614.719870 0.128860 0
8618.079870 0.173822 0
8621.439870 0.158726 0
8624.799870 0.148475 0
8628.159870 0.142233 0
8631.519870 0.145323 0
8634.879869 0.157284 0
8638.239869 0.172976 0
8641.599869 0.128986 0
8644.959869 0.128562 0
8648.319869 0.134394 0
8651.679869 0.122111 0
8655.039869 0.152993 0
8658.399869 0.161880 0
8661.759869 0.131695 0
8665.119868 0.174860 0
8668.479868 0.132796 0
8671.839868 0.147478 0
8675.199868 0.127913 0
8678.559868 0.140460 0
8681.919868 0.175871 0
8685.279868 0.137354 0
8688.639868 0.158810 0
8691.999868 0.124766 0
8695.359868 0.159538 0
8698.719867 0.139175 0
8702.079867 0.154322 0
8705.439867 0.114626 0
8708.799867 0.131309 0
8712.159867 0.152910 0
8715.519867 0.133300 0
8718.879867 0.139965 0
8722.239867 0.151415 0
8725.599867 0.140068 0
8728.959866 0.129944 0
8732.319866 0.116402 0
8735.679866 0.141502 0
8739.039866 0.161040 0
8742.399866 0.129483 0
8745.759866 0.152382 0
8749.119866 0.151561 0
8752.479866 0.104946 0
8755.839866 0.109051 0
8759.199866 0.138684 0
8762.559865 0.143369 0
8765.919865 0.144658 0
8769.279865 0.153406 0
8772.639865 0.118866 0
8775.999865 0.139454 0
8779.359865 0.146115 0
8782.719865 0.143645 0
8786.079865 0.145452 0
8789.439865 0.136444 0
8792.799864 0.112407 0
8796.159864 0.106088 0
8799.519864 0.145407 0
8802.879864 0.139628 0
8806.239864 0.129250 0
8809.599864 0.146999 0
8812.959864 0.163715 0
8816.319864 0.146633 0
8819.679864 0.180051 0
8823.039864 0.102358 0
8826.399863 0.154126 0
8829.759863 0.221302 0
8833.119863 0.170581 0
8836.479863 0.106122 0
8839.839863 0.171801 0
8843.199863 0.118499 0
8846.559863 0.136913 0
8849.919863 0.144585 0
8853.279863 0.128226 0
8856.639862 0.140121 0
8859.999862 0.146997 0
8863.359862 0.143783 0
8866.719862 0.143295 0
8870.079862 0.178440 0
8873.439862 0.152063 0
8876.799862 0.138828 0
8880.159862 0.131155 0
8883.519862 0.123218 0
8886.879862 0.157639 0
8890.239861 0.090780 0
8893.599861 0.134396 0
8896.959861 0.159025 0
8900.319861 0.121227 0
8903.679861 0.159731 0
8907.039861 0.178465 0
8910.399861 0.174346 0
8913.759861 0.164290 0
8917.119861 0.153682 0
8920.479860 0.173951 0
8923.839860 0.146153 0
8927.199860 0.121312 0
8930.559860 0.154523 0
8933.919860 0.178127 0
8937.279860 0.154379 0
8940.639860 0.148828 0
8943.999860 0.119010 0
8947.359860 0.119665 0
8950.719860 0.134410 0
8954.079859 0.063405 0
8957.439859 0.170906 0
8960.799859 0.153136 0
8964.159859 0.079678 0
8967.519859 0.161810 0
8970.879859 0.153395 0
8974.239859 0.145163 0
8977.599859 0.149712 0
8980.959859 0.142052 0
8984.319858 0.165275 0
8987.679858 0.150469 0
8991.039858 0.124260 0
8994.399858 0.116827 0
8997.759858 0.128234 0
9001.119858 0.174857 0
9004.479858 0.159347 0
9007.839858 0.130113 0
9011.199858 0.112444 0
9014.559858 0.121550 0
9017.919857 0.130576 0
9021.279857 0.155004 0
9024.639857 0.143683 0
9027.999857 0.158463 0
9031.359857 0.169629 0
9034.719857 0.153258 0
9038.079857 0.135654 0
9041.439857 0.112739 0
9044.799857 0.196412 0
9048.159856 0.173615 0
9051.519856 0.119417 0
9054.879856 0.152172 0
9058.239856 0.136292 0
9061.599856 0.131333 0
9064.959856 0.135965 0
9068.319856 0.145114 0
9071.679856 0.127749 0
9075.039856 0.141280 0
9078.399856 0.154868 0
9081.759855 0.170493 0
9085.119855 0.159636 0
9088.479855 0.127951 0
9091.839855 0.164339 0
9095.199855 0.152405 0
9098.559855 0.146950 0
9101.919855 0.109683 0
9105.279855 0.145238 0
9108.639855 0.114390 0
9111.999855 0.136832 0
9115.359854 0.141494 0
9118.719854 0.156587 0
9122.079854 0.149139 0
9125.439854 0.145084 0
9128.799854 0.150929 0
9132.159854 0.126945 0
9135.519854 0.126114 0
9138.879854 0.148950 0
9142.239854 0.145597 0
9145.599853 0.154713 0
9148.959853 0.111903 0
9152.319853 0.161986 0
9155.679853 0.173487 0
9159.039853 0.182086 0
9162.399853 0.173340 0
9165.759853 0.141681 0
9169.119853 0.140912 0
9172.479853 0.179310 0
9175.839853 0.160349 0
9179.199852 0.146007 0
9182.559852 0.152038 0
9185.919852 0.147874 0
9189.279852 0.156524 0
9192.639852 0.140250 0
9195.999852 0.147717 0
9199.359852 0.161305 0
9202.719852 0.137365 0
9206.079852 0.143832 0
9209.439851 0.159456 0
9212.799851 0.145456 0
9216.159851 0.129959 0
9219.519851 0.149484 0
9222.879851 0.171299 0
9226.239851 0.172011 0
9229.599851 0.153102 0
9232.959851 0.160540 0
9236.319851 0.120787 0
9239.679851 0.141057 0
9243.039850 0.169595 0
9246.399850 0.160116 0
9249.759850 0.157322 0
