# obs: 255704
# slit: 7
# z: 0.67412
# lines: [OII],H,H{delta}
# spec: 450
5120.830000 0.000000 1
5122.490000 0.000000 1
5124.150000 0.000000 1
5125.810000 0.000000 1
5127.470000 0.000000 1
5129.130000 0.000000 1
5130.790000 0.000000 1
5132.450000 0.000000 1
5134.110000 0.000000 1
5135.770000 0.000000 1
5137.430000 0.000000 1
5139.090000 0.000000 1
5140.750000 0.000000 1
5142.410000 0.000000 1
5144.070000 0.000000 1
5145.730000 0.000000 1
5147.390000 0.000000 1
5149.050000 0.000000 1
5150.710000 0.000000 1
5152.370000 0.000000 1
5154.030000 0.000000 1
5155.690000 0.000000 1
5157.350000 0.000000 1
5159.010000 0.000000 1
5160.670000 0.000000 1
5162.330000 0.000000 1
5163.990000 0.000000 1
5165.650000 0.000000 1
5167.310000 0.000000 1
5168.970000 0.000000 1
5170.630000 0.000000 1
5172.290000 0.000000 1
5173.950000 0.000000 1
5175.610000 0.072754 0
5177.270000 0.057796 0
5178.930000 0.028632 0
5180.590000 0.042608 0
5182.250000 0.036596 0
5183.910000 0.011870 0
5185.570000 0.026522 0
5187.230000 0.050199 0
5188.890000 0.046311 0
5190.550000 0.019963 0
5192.210000 0.025565 0
5193.870000 0.021437 0
5195.530000 0.074028 0
5197.190000 0.063097 0
5198.850000 0.040265 0
5200.510000 0.066590 0
5202.170000 0.040538 0
5203.830000 0.022891 0
5205.490000 0.016324 0
5207.150000 0.019448 0
5208.810000 0.036735 0
5210.470000 0.028072 0
5212.130000 0.034905 0
5213.790000 0.011779 0
5215.450000 0.056790 0
5217.110000 0.038195 0
5218.770000 0.023149 0
5220.430000 0.023734 0
5222.090000 0.022452 0
5223.750000 0.054181 0
5225.410000 0.029067 0
5227.070000 0.030066 0
5228.730000 0.022245 0
5230.390000 0.051010 0
5232.050000 0.033910 0
5233.710000 0.031392 0
5235.370000 0.051631 0
5237.030000 0.024910 0
5238.690000 0.061169 0
5240.350000 0.039794 0
5242.010000 0.029366 0
5243.670000 0.025210 0
5245.330000 0.028121 0
5246.990000 0.025220 0
5248.650000 0.009862 0
5250.310000 0.012624 0
5251.970000 0.031722 0
5253.630000 0.046682 0
5255.290000 0.021891 0
5256.950000 0.021415 0
5258.610000 0.046998 0
5260.270000 0.025900 0
5261.930000 0.046732 0
5263.590000 0.043053 0
5265.250000 0.028896 0
5266.910000 0.036505 0
5268.570000 0.040014 0
5270.230000 0.037504 0
5271.890000 0.018998 0
5273.550000 0.022550 0
5275.210000 0.015418 0
5276.870000 0.038898 0
5278.530000 0.053046 0
5280.190000 0.064745 0
5281.850000 0.012200 0
5283.510000 0.041353 0
5285.170000 0.032774 0
5286.830000 0.038527 0
5288.490000 0.013443 0
5290.150000 0.021791 0
5291.810000 0.018234 0
5293.470000 0.038998 0
5295.130000 0.032356 0
5296.790000 0.018365 0
5298.450000 0.014690 0
5300.110000 0.051516 0
5301.770000 0.035275 0
5303.430000 0.022502 0
5305.090000 0.038642 0
5306.750000 0.022128 0
5308.410000 0.028441 0
5310.070000 0.037394 0
5311.730000 0.044985 0
5313.390000 0.017711 0
5315.050000 0.035856 0
5316.710000 0.036446 0
5318.370000 0.041767 0
5320.030000 0.030402 0
5321.690000 0.033235 0
5323.350000 0.044067 0
5325.010000 0.051153 0
5326.670000 0.024153 0
5328.330000 0.028454 0
5329.990000 0.034793 0
5331.650000 0.041918 0
5333.310000 0.030200 0
5334.970000 0.030821 0
5336.630000 0.027513 0
5338.290000 0.024223 0
5339.950000 0.031716 0
5341.610000 0.026620 0
5343.270000 0.051801 0
5344.930000 0.032613 0
5346.590000 0.049516 0
5348.250000 0.042022 0
5349.910000 0.023018 0
5351.570000 0.029749 0
5353.230000 0.030772 0
5354.890000 0.015004 0
5356.550000 0.030057 0
5358.210000 0.032009 0
5359.870000 0.043583 0
5361.530000 0.033317 0
5363.190000 0.031489 0
5364.850000 0.019273 0
5366.510000 0.035999 0
5368.170000 0.034527 0
5369.830000 0.021617 0
5371.490000 0.048711 0
5373.150000 0.033071 0
5374.810000 0.041246 0
5376.470000 0.023637 0
5378.130000 0.027066 0
5379.790000 0.047104 0
5381.450000 0.013902 0
5383.110000 0.006170 0
5384.770000 0.027562 0
5386.430000 0.002684 0
5388.090000 0.029047 0
5389.750000 0.021243 0
5391.410000 0.022477 0
5393.070000 0.027053 0
5394.730000 0.036767 0
5396.390000 0.025587 0
5398.050000 0.038872 0
5399.710000 0.010925 0
5401.370000 0.017160 0
5403.030000 0.058122 0
5404.690000 0.044304 0
5406.350000 0.027449 0
5408.010000 0.043212 0
5409.670000 0.018275 0
5411.330000 0.036073 0
5412.990000 0.038449 0
5414.650000 0.042104 0
5416.310000 0.018240 0
5417.970000 0.022301 0
5419.630000 0.052886 0
5421.290000 -0.002255 0
5422.950000 0.017156 0
5424.610000 0.044032 0
5426.270000 0.048532 0
5427.930000 0.031909 0
5429.590000 0.016182 0
5431.250000 0.044695 0
5432.910000 0.050414 0
5434.570000 0.024013 0
5436.230000 0.034937 0
5437.890000 0.032388 0
5439.550000 0.040649 0
5441.210000 0.039121 0
5442.870000 0.047559 0
5444.530000 0.047903 0
5446.190000 0.012594 0
5447.850000 0.048629 0
5449.510000 0.041741 0
5451.170000 0.020518 0
5452.830000 0.049729 0
5454.490000 0.036957 0
5456.150000 0.024283 0
5457.810000 0.022877 0
5459.470000 0.025176 0
5461.130000 0.042490 0
5462.790000 0.034698 0
5464.450000 0.023016 0
5466.110000 0.004224 0
5467.770000 0.019100 0
5469.430000 0.054286 0
5471.090000 0.023090 0
5472.750000 0.027662 0
5474.410000 0.022932 0
5476.070000 0.064996 0
5477.730000 0.033973 0
5479.390000 0.038054 0
5481.050000 0.040618 0
5482.710000 0.029825 0
5484.370000 0.035440 0
5486.030000 0.028900 0
5487.690000 0.041569 0
5489.350000 0.040736 0
5491.010000 0.030107 0
5492.670000 0.032108 0
5494.330000 0.029546 0
5495.990000 0.040111 0
5497.650000 0.035754 0
5499.310000 0.036666 0
5500.970000 0.031555 0
5502.630000 0.013179 0
5504.290000 0.047366 0
5505.950000 0.039483 0
5507.610000 0.026195 0
5509.270000 0.044484 0
5510.930000 0.028290 0
5512.590000 0.017571 0
5514.250000 0.048241 0
5515.910000 0.022543 0
5517.570000 0.041676 0
5519.230000 0.039557 0
5520.890000 0.025010 0
5522.550000 0.044900 0
5524.210000 0.040127 0
5525.870000 0.028236 0
5527.530000 0.044816 0
5529.190000 0.035300 0
5530.850000 0.016393 0
5532.510000 0.039408 0
5534.170000 0.024829 0
5535.830000 0.025956 0
5537.490000 0.042606 0
5539.150000 0.024376 0
5540.810000 0.049530 0
5542.470000 0.055172 0
5544.130000 0.050394 0
5545.790000 0.037988 0
5547.450000 0.040351 0
5549.110000 0.045185 0
5550.770000 0.047944 0
5552.430000 0.049399 0
5554.090000 0.024809 0
5555.750000 0.062134 0
5557.410000 0.032436 0
5559.070000 0.027539 0
5560.730000 0.047024 0
5562.390000 0.042305 0
5564.050000 0.053355 0
5565.710000 0.035308 0
5567.370000 0.055198 0
5569.030000 0.053426 0
5570.690000 0.070595 0
5572.350000 0.123955 1
5574.010000 0.006958 1
5575.670000 0.140956 1
5577.330000 -0.004594 1
5578.990000 -0.058039 1
5580.650000 -0.168234 1
5582.310000 -0.069058 1
5583.970000 0.016977 1
5585.630000 0.027827 0
5587.290000 0.040557 0
5588.950000 0.027642 0
5590.610000 0.032732 0
5592.270000 0.050100 0
5593.930000 0.048680 0
5595.590000 0.042219 0
5597.250000 0.029665 0
5598.910000 0.035998 0
5600.570000 0.031421 0
5602.230000 0.029181 0
5603.890000 0.026371 0
5605.550000 0.032279 0
5607.210000 0.023444 0
5608.870000 0.038097 0
5610.530000 0.014334 0
5612.190000 0.036467 0
5613.850000 0.026517 0
5615.510000 0.037351 0
5617.170000 0.031769 0
5618.830000 0.031777 0
5620.490000 0.018504 0
5622.150000 0.012931 0
5623.810000 0.032043 0
5625.470000 0.017245 0
5627.130000 0.033046 0
5628.790000 0.041756 0
5630.450000 0.035005 0
5632.110000 0.037387 0
5633.770000 0.035810 0
5635.430000 0.021636 0
5637.090000 0.030266 0
5638.750000 0.045415 0
5640.410000 0.035997 0
5642.070000 0.030431 0
5643.730000 0.009396 0
5645.390000 0.030788 0
5647.050000 0.026478 0
5648.710000 0.029936 0
5650.370000 0.033788 0
5652.030000 0.018633 0
5653.690000 0.028242 0
5655.350000 0.032545 0
5657.010000 0.039553 0
5658.670000 0.041486 0
5660.330000 0.028396 0
5661.990000 0.023527 0
5663.650000 0.021546 0
5665.310000 0.034146 0
5666.970000 0.032723 0
5668.630000 0.028272 0
5670.290000 0.027553 0
5671.950000 0.012285 0
5673.610000 0.031382 0
5675.270000 0.040585 0
5676.930000 0.023736 0
5678.590000 0.027518 0
5680.250000 0.030030 0
5681.910000 0.044064 0
5683.570000 0.035501 0
5685.230000 0.024537 0
5686.890000 0.040382 0
5688.550000 0.032827 0
5690.210000 0.033262 0
5691.870000 0.033481 0
5693.530000 0.031607 0
5695.190000 0.012611 0
5696.850000 0.029711 0
5698.510000 0.035505 0
5700.170000 0.028552 0
5701.830000 0.030957 0
5703.490000 0.037428 0
5705.150000 0.039833 0
5706.810000 0.022279 0
5708.470000 0.021475 0
5710.130000 0.041140 0
5711.790000 0.043260 0
5713.450000 0.034254 0
5715.110000 0.031741 0
5716.770000 0.055185 0
5718.430000 0.037814 0
5720.090000 0.014823 0
5721.750000 0.041154 0
5723.410000 0.038626 0
5725.070000 0.025807 0
5726.730000 0.049372 0
5728.390000 0.040628 0
5730.050000 0.037682 0
5731.710000 0.029204 0
5733.370000 0.044868 0
5735.030000 0.026700 0
5736.690000 0.024318 0
5738.350000 0.019848 0
5740.010000 0.021531 0
5741.670000 0.027644 0
5743.330000 0.047525 0
5744.990000 0.044295 0
5746.650000 0.019968 0
5748.310000 0.019939 0
5749.970000 0.014179 0
5751.630000 0.015788 0
5753.290000 0.046940 0
5754.950000 0.042077 0
5756.610000 0.034140 0
5758.270000 0.053471 0
5759.930000 0.037119 0
5761.590000 0.032727 0
5763.250000 0.035054 0
5764.910000 0.047850 0
5766.570000 0.009247 0
5768.230000 0.017052 0
5769.890000 0.013191 0
5771.550000 0.016715 0
5773.210000 0.034315 0
5774.870000 0.028257 0
5776.530000 0.026098 0
5778.190000 0.040171 0
5779.850000 0.037125 0
5781.510000 0.038836 0
5783.170000 0.035717 0
5784.830000 0.035204 0
5786.490000 0.034286 0
5788.150000 0.058269 0
5789.810000 0.039084 0
5791.470000 0.026559 0
5793.130000 0.035562 0
5794.790000 0.046817 0
5796.450000 0.030507 0
5798.110000 0.015900 0
5799.770000 0.029823 0
5801.430000 0.032927 0
5803.090000 0.029993 0
5804.750000 0.052039 0
5806.410000 0.033590 0
5808.070000 0.018761 0
5809.730000 0.069884 0
5811.390000 0.037391 0
5813.050000 0.051911 0
5814.710000 0.051209 0
5816.370000 0.025761 0
5818.030000 0.030681 0
5819.690000 0.036851 0
5821.350000 0.025179 0
5823.010000 0.046442 0
5824.670000 0.038971 0
5826.330000 0.024569 0
5827.990000 0.024950 0
5829.650000 0.036559 0
5831.310000 0.041501 0
5832.970000 0.050539 0
5834.630000 0.042358 0
5836.290000 0.026534 0
5837.950000 0.029389 0
5839.610000 0.053610 0
5841.270000 0.047883 0
5842.930000 0.033087 0
5844.590000 0.034907 0
5846.250000 0.038536 0
5847.910000 0.017181 0
5849.570000 0.026879 0
5851.230000 0.045982 0
5852.890000 0.026240 0
5854.550000 0.043415 0
5856.210000 0.025647 0
5857.870000 0.016536 0
5859.530000 0.023202 0
5861.190000 0.043116 0
5862.850000 0.039420 0
5864.510000 0.037070 0
5866.170000 0.006569 0
5867.830000 0.021490 0
5869.490000 0.043700 0
5871.150000 0.032876 0
5872.810000 0.044414 0
5874.470000 0.038749 0
5876.130000 0.030086 0
5877.790000 0.041091 0
5879.450000 0.036565 0
5881.110000 0.051583 0
5882.770000 0.063387 0
5884.430000 0.063410 0
5886.090000 0.035831 0
5887.750000 0.041768 0
5889.410000 0.025370 0
5891.070000 -0.005918 0
5892.730000 0.009769 0
5894.390000 0.033434 0
5896.050000 0.033497 0
5897.710000 0.035667 0
5899.370000 0.032966 0
5901.030000 0.020618 0
5902.690000 0.053729 0
5904.350000 0.038459 0
5906.010000 0.028012 0
5907.670000 0.024099 0
5909.330000 0.030582 0
5910.990000 0.034515 0
5912.650000 0.047615 0
5914.310000 0.046644 0
5915.970000 0.042673 0
5917.630000 0.025695 0
5919.290000 0.059185 0
5920.950000 0.057569 0
5922.610000 0.032468 0
5924.270000 0.041947 0
5925.930000 0.045235 0
5927.590000 0.036964 0
5929.250000 0.037097 0
5930.910000 0.024861 0
5932.570000 0.023017 0
5934.230000 0.036664 0
5935.890000 0.018344 0
5937.550000 0.036641 0
5939.210000 0.040290 0
5940.870000 0.052440 0
5942.530000 0.055751 0
5944.190000 0.037900 0
5945.850000 0.022500 0
5947.510000 0.033364 0
5949.170000 0.040742 0
5950.830000 0.029542 0
5952.490000 0.018396 0
5954.150000 0.041557 0
5955.810000 0.016300 0
5957.470000 0.037418 0
5959.130000 0.043076 0
5960.790000 0.043537 0
5962.450000 0.019769 0
5964.110000 0.038639 0
5965.770000 0.043783 0
5967.430000 0.046001 0
5969.090000 0.032682 0
5970.750000 0.022766 0
5972.410000 0.036736 0
5974.070000 0.040579 0
5975.730000 0.032071 0
5977.390000 0.034207 0
5979.050000 0.042453 0
5980.710000 0.045638 0
5982.370000 0.035589 0
5984.030000 0.020304 0
5985.690000 0.017202 0
5987.350000 0.030759 0
5989.010000 0.033984 0
5990.670000 0.031904 0
5992.330000 0.038228 0
5993.990000 0.018521 0
5995.650000 0.024371 0
5997.310000 0.024574 0
5998.970000 0.010400 0
6000.630000 0.017931 0
6002.290000 0.020221 0
6003.950000 0.027323 0
6005.610000 0.017380 0
6007.270000 0.018537 0
6008.930000 0.027321 0
6010.590000 0.042986 0
6012.250000 0.021565 0
6013.910000 0.032474 0
6015.570000 0.032906 0
6017.230000 0.028846 0
6018.890000 0.038999 0
6020.550000 0.036176 0
6022.210000 0.034649 0
6023.870000 0.047062 0
6025.530000 0.022906 0
6027.190000 0.016284 0
6028.850000 0.026782 0
6030.510000 0.028089 0
6032.170000 0.023683 0
6033.830000 0.036871 0
6035.490000 0.019956 0
6037.150000 0.018840 0
6038.810000 0.029499 0
6040.470000 0.029661 0
6042.130000 0.041132 0
6043.790000 0.028849 0
6045.450000 0.032670 0
6047.110000 0.034996 0
6048.770000 0.038913 0
6050.430000 0.035783 0
6052.090000 0.035848 0
6053.750000 0.038728 0
6055.410000 0.038914 0
6057.070000 0.043022 0
6058.730000 0.056526 0
6060.390000 0.040961 0
6062.050000 0.026266 0
6063.710000 0.049564 0
6065.370000 0.039808 0
6067.030000 0.036612 0
6068.690000 0.045254 0
6070.350000 0.037042 0
6072.010000 0.027622 0
6073.670000 0.023900 0
6075.330000 0.044082 0
6076.990000 0.043594 0
6078.650000 0.044657 0
6080.310000 0.032385 0
6081.970000 0.030974 0
6083.630000 0.047509 0
6085.290000 0.045708 0
6086.950000 0.030519 0
6088.610000 0.041788 0
6090.270000 0.045021 0
6091.930000 0.030090 0
6093.590000 0.035721 0
6095.250000 0.040281 0
6096.910000 0.051618 0
6098.570000 0.029938 0
6100.230000 0.034517 0
6101.890000 0.026015 0
6103.550000 0.025579 0
6105.210000 0.033406 0
6106.870000 0.043767 0
6108.530000 0.042684 0
6110.190000 0.036935 0
6111.850000 0.041464 0
6113.510000 0.041486 0
6115.170000 0.030519 0
6116.830000 0.027995 0
6118.490000 0.039383 0
6120.150000 0.042362 0
6121.810000 0.023633 0
6123.470000 0.030161 0
6125.130000 0.037326 0
6126.790000 0.027300 0
6128.450000 0.036707 0
6130.110000 0.026052 0
6131.770000 0.035429 0
6133.430000 0.030510 0
6135.090000 0.027025 0
6136.750000 0.031795 0
6138.410000 0.019784 0
6140.070000 0.033463 0
6141.730000 0.037996 0
6143.390000 0.041640 0
6145.050000 0.033398 0
6146.710000 0.030471 0
6148.370000 0.039897 0
6150.030000 0.037357 0
6151.690000 0.044631 0
6153.350000 0.029882 0
6155.010000 0.033672 0
6156.670000 0.042285 0
6158.330000 0.035906 0
6159.990000 0.037220 0
6161.650000 0.031365 0
6163.310000 0.026560 0
6164.970000 0.032304 0
6166.630000 0.038042 0
6168.290000 0.021762 0
6169.950000 0.028565 0
6171.610000 0.044947 0
6173.270000 0.037556 0
6174.930000 0.031090 0
6176.590000 0.030991 0
6178.250000 0.026845 0
6179.910000 0.041402 0
6181.570000 0.029509 0
6183.230000 0.024608 0
6184.890000 0.023931 0
6186.550000 0.026142 0
6188.210000 0.023613 0
6189.870000 0.034147 0
6191.530000 0.041506 0
6193.190000 0.043038 0
6194.850000 0.036072 0
6196.510000 0.027986 0
6198.170000 0.040556 0
6199.830000 0.037669 0
6201.490000 0.030890 0
6203.150000 0.022206 0
6204.810000 0.024304 0
6206.470000 0.030691 0
6208.130000 0.036469 0
6209.790000 0.043405 0
6211.450000 0.035543 0
6213.110000 0.021103 0
6214.770000 0.048019 0
6216.430000 0.049708 0
6218.090000 0.033327 0
6219.750000 0.043452 0
6221.410000 0.050642 0
6223.070000 0.031413 0
6224.730000 0.042605 0
6226.390000 0.041108 0
6228.050000 0.045225 0
6229.710000 0.037104 0
6231.370000 0.042908 0
6233.030000 0.023241 0
6234.690000 0.044679 0
6236.350000 0.051439 0
6238.010000 0.044183 0
6239.670000 0.064939 0
6241.330000 0.087489 0
6242.990000 0.066107 0
6244.650000 0.061933 0
6246.310000 0.068658 0
6247.970000 0.036475 0
6249.630000 0.024285 0
6251.290000 0.029789 0
6252.950000 0.045676 0
6254.610000 0.052111 0
6256.270000 0.035457 0
6257.930000 0.034565 0
6259.590000 0.016591 0
6261.250000 0.029362 0
6262.910000 0.034211 0
6264.570000 0.033951 0
6266.230000 0.031182 0
6267.890000 0.040693 0
6269.550000 0.054711 0
6271.210000 0.029431 0
6272.870000 0.036455 0
6274.530000 0.024666 0
6276.190000 0.031516 0
6277.850000 0.029033 0
6279.510000 0.024165 0
6281.170000 0.027333 0
6282.830000 0.035504 0
6284.490000 0.046335 0
6286.150000 0.037659 0
6287.810000 0.013737 0
6289.470000 0.046763 0
6291.130000 0.062301 1
6292.790000 0.062659 1
6294.450000 0.060446 1
6296.110000 -0.006975 1
6297.770000 0.082037 1
6299.430000 0.000806 1
6301.090000 0.019303 1
6302.750000 0.100686 1
6304.410000 0.060016 1
6306.070000 0.028608 1
6307.730000 0.028340 1
6309.390000 0.034974 1
6311.050000 0.026805 1
6312.710000 0.027202 0
6314.370000 0.020392 0
6316.030000 0.030144 0
6317.690000 0.031334 0
6319.350000 0.026947 0
6321.010000 0.050283 0
6322.670000 0.030676 0
6324.330000 0.056267 0
6325.990000 0.040265 0
6327.650000 0.024551 0
6329.310000 0.044629 0
6330.970000 0.050925 0
6332.630000 0.030735 0
6334.290000 0.044624 0
6335.950000 0.055769 0
6337.610000 0.051945 0
6339.270000 0.055764 0
6340.930000 0.053525 0
6342.590000 0.054788 0
6344.250000 0.047552 0
6345.910000 0.025995 0
6347.570000 0.061328 0
6349.230000 0.053840 0
6350.890000 0.035250 0
6352.550000 0.044864 0
6354.210000 0.047507 0
6355.870000 0.036159 0
6357.530000 0.037247 1
6359.190000 0.058613 1
6360.850000 0.082952 1
6362.510000 0.018471 1
6364.170000 0.043754 1
6365.830000 0.004479 1
6367.490000 0.027762 1
6369.150000 0.051633 1
6370.810000 0.045105 0
6372.470000 0.046852 0
6374.130000 0.057011 0
6375.790000 0.040056 0
6377.450000 0.051749 0
6379.110000 0.054187 0
6380.770000 0.042027 0
6382.430000 0.051304 0
6384.090000 0.049932 0
6385.750000 0.050296 0
6387.410000 0.038332 0
6389.070000 0.045299 0
6390.730000 0.035346 0
6392.390000 0.051525 0
6394.050000 0.055704 0
6395.710000 0.030732 0
6397.370000 0.038673 0
6399.030000 0.050865 0
6400.690000 0.035743 0
6402.350000 0.040439 0
6404.010000 0.047458 0
6405.670000 0.044244 0
6407.330000 0.042392 0
6408.990000 0.043783 0
6410.650000 0.043114 0
6412.310000 0.042044 0
6413.970000 0.024685 0
6415.630000 0.037202 0
6417.290000 0.022598 0
6418.950000 0.021197 0
6420.610000 0.034479 0
6422.270000 0.024389 0
6423.930000 0.034219 0
6425.590000 0.042121 0
6427.250000 0.031205 0
6428.910000 0.027821 0
6430.570000 0.030776 0
6432.230000 0.048894 0
6433.890000 0.041443 0
6435.550000 0.047191 0
6437.210000 0.059115 0
6438.870000 0.049469 0
6440.530000 0.047350 0
6442.190000 0.057753 0
6443.850000 0.049177 0
6445.510000 0.043982 0
6447.170000 0.044725 0
6448.830000 0.045074 0
6450.490000 0.033306 0
6452.150000 0.055133 0
6453.810000 0.057085 0
6455.470000 0.035539 0
6457.130000 0.042571 0
6458.790000 0.051034 0
6460.450000 0.053829 0
6462.110000 0.043588 0
6463.770000 0.050948 0
6465.430000 0.032782 0
6467.090000 0.043126 0
6468.750000 0.035543 0
6470.410000 0.053133 0
6472.070000 0.049443 0
6473.730000 0.039056 0
6475.390000 0.042321 0
6477.050000 0.048137 0
6478.710000 0.037610 0
6480.370000 0.035463 0
6482.030000 0.040950 0
6483.690000 0.053178 0
6485.350000 0.048342 0
6487.010000 0.042980 0
6488.670000 0.051548 0
6490.330000 0.059569 0
6491.990000 0.050284 0
6493.650000 0.048081 0
6495.310000 0.038409 0
6496.970000 0.030827 0
6498.630000 0.046226 0
6500.290000 0.051252 0
6501.950000 0.036160 0
6503.610000 0.037085 0
6505.270000 0.039851 0
6506.930000 0.040196 0
6508.590000 0.041404 0
6510.250000 0.040476 0
6511.910000 0.037561 0
6513.570000 0.035057 0
6515.230000 0.026598 0
6516.890000 0.038204 0
6518.550000 0.025985 0
6520.210000 0.063413 0
6521.870000 0.037092 0
6523.530000 0.034401 0
6525.190000 0.046252 0
6526.850000 0.037305 0
6528.510000 0.057047 0
6530.170000 0.034455 0
6531.830000 0.029619 0
6533.490000 0.042772 0
6535.150000 0.034023 0
6536.810000 0.041808 0
6538.470000 0.041362 0
6540.130000 0.054039 0
6541.790000 0.057694 0
6543.450000 0.050006 0
6545.110000 0.049605 0
6546.770000 0.045786 0
6548.430000 0.054476 0
6550.090000 0.056604 0
6551.750000 0.043026 0
6553.410000 0.037605 0
6555.070000 0.036426 0
6556.730000 0.049500 0
6558.390000 0.048423 0
6560.050000 0.038977 0
6561.710000 0.042318 0
6563.370000 0.053846 0
6565.030000 0.049924 0
6566.690000 0.041716 0
6568.350000 0.055403 0
6570.010000 0.050441 0
6571.670000 0.039774 0
6573.330000 0.044491 0
6574.990000 0.055160 0
6576.650000 0.044915 0
6578.310000 0.042407 0
6579.970000 0.028532 0
6581.630000 0.027014 0
6583.290000 0.026815 0
6584.950000 0.039760 0
6586.610000 0.039959 0
6588.270000 0.035344 0
6589.930000 0.035166 0
6591.590000 0.041677 0
6593.250000 0.047240 0
6594.910000 0.038776 0
6596.570000 0.040486 0
6598.230000 0.042429 0
6599.890000 0.046870 0
6601.550000 0.044490 0
6603.210000 0.042616 0
6604.870000 0.052184 0
6606.530000 0.041348 0
6608.190000 0.044254 0
6609.850000 0.056133 0
6611.510000 0.052071 0
6613.170000 0.051345 0
6614.830000 0.049739 0
6616.490000 0.032674 0
6618.150000 0.034703 0
6619.810000 0.052856 0
6621.470000 0.041567 0
6623.130000 0.051188 0
6624.790000 0.044746 0
6626.450000 0.039146 0
6628.110000 0.047119 0
6629.770000 0.038465 0
6631.430000 0.037194 0
6633.090000 0.032375 0
6634.750000 0.036538 0
6636.410000 0.030700 0
6638.070000 0.029126 0
6639.730000 0.029799 0
6641.390000 0.026248 0
6643.050000 0.028474 0
6644.710000 0.026106 0
6646.370000 0.028184 0
6648.030000 0.026426 0
6649.690000 0.039039 0
6651.350000 0.040394 0
6653.010000 0.022644 0
6654.670000 0.027667 0
6656.330000 0.042419 0
6657.990000 0.041183 0
6659.650000 0.040618 0
6661.310000 0.039330 0
6662.970000 0.034907 0
6664.630000 0.025922 0
6666.290000 0.050346 0
6667.950000 0.054925 0
6669.610000 0.049296 0
6671.270000 0.051539 0
6672.930000 0.052025 0
6674.590000 0.041054 0
6676.250000 0.046823 0
6677.910000 0.060002 0
6679.570000 0.050704 0
6681.230000 0.049300 0
6682.890000 0.051111 0
6684.550000 0.044579 0
6686.210000 0.054351 0
6687.870000 0.045930 0
6689.530000 0.047899 0
6691.190000 0.055767 0
6692.850000 0.055649 0
6694.510000 0.053641 0
6696.170000 0.062720 0
6697.830000 0.053465 0
6699.490000 0.055738 0
6701.150000 0.049785 0
6702.810000 0.061451 0
6704.470000 0.055581 0
6706.130000 0.057836 0
6707.790000 0.052153 0
6709.450000 0.045686 0
6711.110000 0.052798 0
6712.770000 0.055437 0
6714.430000 0.050132 0
6716.090000 0.045263 0
6717.750000 0.044627 0
6719.410000 0.046015 0
6721.070000 0.060302 0
6722.730000 0.052592 0
6724.390000 0.044753 0
6726.050000 0.051696 0
6727.710000 0.052560 0
6729.370000 0.058992 0
6731.030000 0.052869 0
6732.690000 0.039203 0
6734.350000 0.061876 0
6736.010000 0.047703 0
6737.670000 0.053815 0
6739.330000 0.048958 0
6740.990000 0.046826 0
6742.650000 0.050581 0
6744.310000 0.037504 0
6745.970000 0.044401 0
6747.630000 0.058299 0
6749.290000 0.046889 0
6750.950000 0.045798 0
6752.610000 0.051856 0
6754.270000 0.046859 0
6755.930000 0.057069 0
6757.590000 0.050023 0
6759.250000 0.044297 0
6760.910000 0.050708 0
6762.570000 0.058919 0
6764.230000 0.055365 0
6765.890000 0.067810 0
6767.550000 0.064104 0
6769.210000 0.060287 0
6770.870000 0.049681 0
6772.530000 0.051404 0
6774.190000 0.052783 0
6775.850000 0.048166 0
6777.510000 0.046141 0
6779.170000 0.058412 0
6780.830000 0.060855 0
6782.490000 0.051649 0
6784.150000 0.056882 0
6785.810000 0.056270 0
6787.470000 0.055126 0
6789.130000 0.044244 0
6790.790000 0.042031 0
6792.450000 0.048474 0
6794.110000 0.054749 0
6795.770000 0.052893 0
6797.430000 0.056452 0
6799.090000 0.050988 0
6800.750000 0.048999 0
6802.410000 0.047884 0
6804.070000 0.045287 0
6805.730000 0.045023 0
6807.390000 0.058558 0
6809.050000 0.053167 0
6810.710000 0.046336 0
6812.370000 0.044587 0
6814.030000 0.044612 0
6815.690000 0.046358 0
6817.350000 0.045745 0
6819.010000 0.043228 0
6820.670000 0.053137 0
6822.330000 0.047523 0
6823.990000 0.056802 0
6825.650000 0.049478 0
6827.310000 0.060476 0
6828.970000 0.045164 0
6830.630000 0.037529 0
6832.290000 0.043302 0
6833.950000 0.044706 0
6835.610000 0.047087 0
6837.270000 0.051241 0
6838.930000 0.045648 0
6840.590000 0.058527 0
6842.250000 0.051955 0
6843.910000 0.041958 0
6845.570000 0.047022 0
6847.230000 0.047300 0
6848.890000 0.051250 0
6850.550000 0.055028 0
6852.210000 0.043207 0
6853.870000 0.039593 0
6855.530000 0.039061 0
6857.190000 0.048616 0
6858.850000 0.033199 0
6860.510000 0.025091 0
6862.170000 0.052617 0
6863.830000 0.026935 0
6865.490000 0.032913 0
6867.150000 0.034547 0
6868.810000 0.030480 0
6870.470000 0.031311 0
6872.130000 0.032743 0
6873.790000 0.027435 0
6875.450000 0.025227 0
6877.110000 0.025619 0
6878.770000 0.040720 0
6880.430000 0.037979 0
6882.090000 0.031937 0
6883.750000 0.035001 0
6885.410000 0.034001 0
6887.070000 0.032768 0
6888.730000 0.037245 0
6890.390000 0.039688 0
6892.050000 0.038620 0
6893.710000 0.052440 0
6895.370000 0.051186 0
6897.030000 0.044438 0
6898.690000 0.037404 0
6900.350000 0.038900 0
6902.010000 0.042855 0
6903.670000 0.029303 0
6905.330000 0.045053 0
6906.990000 0.044756 0
6908.650000 0.048502 0
6910.310000 0.048291 0
6911.970000 0.042657 0
6913.630000 0.034132 0
6915.290000 0.044846 0
6916.950000 0.050311 0
6918.610000 0.051131 0
6920.270000 0.044795 0
6921.930000 0.032701 0
6923.590000 0.030953 0
6925.250000 0.045395 0
6926.910000 0.042982 0
6928.570000 0.041883 0
6930.230000 0.043844 0
6931.890000 0.048376 0
6933.550000 0.050493 0
6935.210000 0.041795 0
6936.870000 0.047431 0
6938.530000 0.044138 0
6940.190000 0.043448 0
6941.850000 0.044283 0
6943.510000 0.053673 0
6945.170000 0.047570 0
6946.830000 0.044998 0
6948.490000 0.046229 0
6950.150000 0.045456 0
6951.810000 0.049911 0
6953.470000 0.044458 0
6955.130000 0.041504 0
6956.790000 0.042729 0
6958.450000 0.042034 0
6960.110000 0.053688 0
6961.770000 0.043748 0
6963.430000 0.050392 0
6965.090000 0.042427 0
6966.750000 0.053380 0
6968.410000 0.053372 0
6970.070000 0.061924 0
6971.730000 0.060247 0
6973.390000 0.043979 0
6975.050000 0.050109 0
6976.710000 0.042005 0
6978.370000 0.039137 0
6980.030000 0.048009 0
6981.690000 0.051881 0
6983.350000 0.044993 0
6985.010000 0.053293 0
6986.670000 0.049655 0
6988.330000 0.039679 0
6989.990000 0.042207 0
6991.650000 0.045179 0
6993.310000 0.050721 0
6994.970000 0.039509 0
6996.630000 0.047920 0
6998.290000 0.049505 0
6999.950000 0.040285 0
7001.610000 0.045550 0
7003.270000 0.034284 0
7004.930000 0.053503 0
7006.590000 0.049618 0
7008.250000 0.040428 0
7009.910000 0.045546 0
7011.570000 0.054720 0
7013.230000 0.052484 0
7014.890000 0.042195 0
7016.550000 0.038108 0
7018.210000 0.060708 0
7019.870000 0.055825 0
7021.530000 0.053835 0
7023.190000 0.049599 0
7024.850000 0.041355 0
7026.510000 0.041044 0
7028.170000 0.053155 0
7029.830000 0.054984 0
7031.490000 0.039315 0
7033.150000 0.044969 0
7034.810000 0.052194 0
7036.470000 0.060422 0
7038.130000 0.051323 0
7039.790000 0.044006 0
7041.450000 0.044133 0
7043.110000 0.051487 0
7044.770000 0.045702 0
7046.430000 0.050845 0
7048.090000 0.038193 0
7049.750000 0.044487 0
7051.410000 0.039472 0
7053.070000 0.046900 0
7054.730000 0.037258 0
7056.390000 0.039189 0
7058.050000 0.055773 0
7059.710000 0.046239 0
7061.370000 0.046523 0
7063.030000 0.049141 0
7064.690000 0.040461 0
7066.350000 0.045014 0
7068.010000 0.050417 0
7069.670000 0.050800 0
7071.330000 0.041421 0
7072.990000 0.044462 0
7074.650000 0.041844 0
7076.310000 0.044681 0
7077.970000 0.042018 0
7079.630000 0.037839 0
7081.290000 0.046067 0
7082.950000 0.046502 0
7084.610000 0.047414 0
7086.270000 0.051227 0
7087.930000 0.045055 0
7089.590000 0.035017 0
7091.250000 0.041410 0
7092.910000 0.045197 0
7094.570000 0.050789 0
7096.230000 0.044989 0
7097.890000 0.047380 0
7099.550000 0.047354 0
7101.210000 0.043436 0
7102.870000 0.052231 0
7104.530000 0.052838 0
7106.190000 0.051307 0
7107.850000 0.047803 0
7109.510000 0.043244 0
7111.170000 0.042579 0
7112.830000 0.041107 0
7114.490000 0.037167 0
7116.150000 0.036886 0
7117.810000 0.053791 0
7119.470000 0.059865 0
7121.130000 0.041530 0
7122.790000 0.037909 0
7124.450000 0.053214 0
7126.110000 0.047131 0
7127.770000 0.040534 0
7129.430000 0.047167 0
7131.090000 0.035714 0
7132.750000 0.048528 0
7134.410000 0.048364 0
7136.070000 0.046729 0
7137.730000 0.044749 0
7139.390000 0.038536 0
7141.050000 0.040317 0
7142.710000 0.043895 0
7144.370000 0.042534 0
7146.030000 0.051924 0
7147.690000 0.039885 0
7149.350000 0.052265 0
7151.010000 0.044077 0
7152.670000 0.041375 0
7154.330000 0.033900 0
7155.990000 0.036849 0
7157.650000 0.043521 0
7159.310000 0.043490 0
7160.970000 0.036686 0
7162.630000 0.041065 0
7164.290000 0.041943 0
7165.950000 0.043881 0
7167.610000 0.037621 0
7169.270000 0.047083 0
7170.930000 0.036902 0
7172.590000 0.039624 0
7174.250000 0.051286 0
7175.910000 0.024035 0
7177.570000 0.042936 0
7179.230000 0.040778 0
7180.890000 0.029952 0
7182.550000 0.039549 0
7184.210000 0.031883 0
7185.870000 0.043304 0
7187.530000 0.042213 0
7189.190000 0.038867 0
7190.850000 0.044250 0
7192.510000 0.035373 0
7194.170000 0.039183 0
7195.830000 0.037244 0
7197.490000 0.044752 0
7199.150000 0.040428 0
7200.810000 0.033731 0
7202.470000 0.029989 0
7204.130000 0.029688 0
7205.790000 0.036365 0
7207.450000 0.044683 0
7209.110000 0.033165 0
7210.770000 0.033848 0
7212.430000 0.032735 0
7214.090000 0.031933 0
7215.750000 0.036975 0
7217.410000 0.034792 0
7219.070000 0.028843 0
7220.730000 0.036641 0
7222.390000 0.038855 0
7224.050000 0.032706 0
7225.710000 0.033871 0
7227.370000 0.043115 0
7229.030000 0.034505 0
7230.690000 0.040087 0
7232.350000 0.050940 0
7234.010000 0.041941 0
7235.670000 0.044347 0
7237.330000 0.037472 0
7238.990000 0.024243 0
7240.650000 0.021590 0
7242.310000 0.017064 0
7243.970000 0.039252 0
7245.630000 0.036038 0
7247.290000 0.022444 0
7248.950000 0.038099 0
7250.610000 0.029662 0
7252.270000 0.035925 0
7253.930000 0.048518 0
7255.590000 0.041074 0
7257.250000 0.030594 0
7258.910000 0.031508 0
7260.570000 0.030910 0
7262.230000 0.029532 0
7263.890000 0.032443 0
7265.550000 0.029580 0
7267.210000 0.035335 0
7268.870000 0.037907 0
7270.530000 0.046090 0
7272.190000 0.026161 0
7273.850000 0.064123 0
7275.510000 0.024689 0
7277.170000 0.023326 0
7278.830000 0.028495 0
7280.490000 0.034208 0
7282.150000 0.049039 0
7283.810000 0.042833 0
7285.470000 0.033120 0
7287.130000 0.037056 0
7288.790000 0.030060 0
7290.450000 0.028876 0
7292.110000 0.029497 0
7293.770000 0.043831 0
7295.430000 0.045711 0
7297.090000 0.043748 0
7298.750000 0.036937 0
7300.410000 0.047214 0
7302.070000 0.047572 0
7303.730000 0.044379 0
7305.390000 0.061892 0
7307.050000 0.046605 0
7308.710000 0.049726 0
7310.370000 0.036302 0
7312.030000 0.051777 0
7313.690000 0.048644 0
7315.350000 0.011260 0
7317.010000 0.042405 0
7318.670000 0.049456 0
7320.330000 0.031537 0
7321.990000 0.045657 0
7323.650000 0.042978 0
7325.310000 0.039348 0
7326.970000 0.028793 0
7328.630000 0.039199 0
7330.290000 0.042692 0
7331.950000 0.034695 0
7333.610000 0.044300 0
7335.270000 0.032928 0
7336.930000 0.050294 0
7338.590000 0.029736 0
7340.250000 0.041652 0
7341.910000 0.028356 0
7343.570000 0.050840 0
7345.230000 0.040853 0
7346.890000 0.031231 0
7348.550000 0.037387 0
7350.210000 0.040186 0
7351.870000 0.043159 0
7353.530000 0.048418 0
7355.190000 0.039408 0
7356.850000 0.050380 0
7358.510000 0.039261 0
7360.170000 0.041641 0
7361.830000 0.053566 0
7363.490000 0.043023 0
7365.150000 0.041755 0
7366.810000 0.034096 0
7368.470000 0.041579 0
7370.130000 0.024076 0
7371.790000 0.046183 0
7373.450000 0.045602 0
7375.110000 0.038769 0
7376.770000 0.043850 0
7378.430000 0.039006 0
7380.090000 0.037783 0
7381.750000 0.036318 0
7383.410000 0.047003 0
7385.070000 0.055538 0
7386.730000 0.042170 0
7388.390000 0.030643 0
7390.050000 0.044076 0
7391.710000 0.031647 0
7393.370000 0.026774 0
7395.030000 0.032668 0
7396.690000 0.034726 0
7398.350000 0.030794 0
7400.010000 0.032682 0
7401.670000 0.032446 0
7403.330000 0.042986 0
7404.990000 0.055697 0
7406.650000 0.043987 0
7408.310000 0.039901 0
7409.970000 0.044596 0
7411.630000 0.043557 0
7413.290000 0.035159 0
7414.950000 0.032371 0
7416.610000 0.047308 0
7418.270000 0.045550 0
7419.930000 0.042738 0
7421.590000 0.037634 0
7423.250000 0.037128 0
7424.910000 0.035651 0
7426.570000 0.042520 0
7428.230000 0.044708 0
7429.890000 0.046474 0
7431.550000 0.045983 0
7433.210000 0.035392 0
7434.870000 0.051032 0
7436.530000 0.037522 0
7438.190000 0.025546 0
7439.850000 0.040930 0
7441.510000 0.046943 0
7443.170000 0.042472 0
7444.830000 0.040433 0
7446.490000 0.044631 0
7448.150000 0.037295 0
7449.810000 0.046537 0
7451.470000 0.048482 0
7453.130000 0.031095 0
7454.790000 0.046722 0
7456.450000 0.042049 0
7458.110000 0.029573 0
7459.770000 0.030611 0
7461.430000 0.029666 0
7463.090000 0.035930 0
7464.750000 0.045212 0
7466.410000 0.041679 0
7468.070000 0.028849 0
7469.730000 0.027104 0
7471.390000 0.042911 0
7473.050000 0.026045 0
7474.710000 0.039069 0
7476.370000 0.048197 0
7478.030000 0.035868 0
7479.690000 0.013341 0
7481.350000 0.036583 0
7483.010000 0.024624 0
7484.670000 0.031862 0
7486.330000 0.045369 0
7487.990000 0.043245 0
7489.650000 0.034061 0
7491.310000 0.037381 0
7492.970000 0.041199 0
7494.630000 0.048250 0
7496.290000 0.046401 0
7497.950000 0.045180 0
7499.610000 0.041568 0
7501.270000 0.047118 0
7502.930000 0.040726 0
7504.590000 0.049265 0
7506.250000 0.034788 0
7507.910000 0.045306 0
7509.570000 0.041445 0
7511.230000 0.046529 0
7512.890000 0.049083 0
7514.550000 0.044615 0
7516.210000 0.045698 0
7517.870000 0.033200 0
7519.530000 0.025036 0
7521.190000 0.030064 0
7522.850000 0.036274 0
7524.510000 0.038617 0
7526.170000 0.038608 0
7527.830000 0.048134 0
7529.490000 0.041819 0
7531.150000 0.042887 0
7532.810000 0.057522 0
7534.470000 0.039566 0
7536.130000 0.043648 0
7537.790000 0.040727 0
7539.450000 0.036981 0
7541.110000 0.032578 0
7542.770000 0.040819 0
7544.430000 0.049202 0
7546.090000 0.044763 0
7547.750000 0.041554 0
7549.410000 0.042669 0
7551.070000 0.043570 0
7552.730000 0.038159 0
7554.390000 0.036605 0
7556.050000 0.043476 0
7557.710000 0.034109 0
7559.370000 0.030626 0
7561.030000 0.033306 0
7562.690000 0.040633 0
7564.350000 0.036588 0
7566.010000 0.035045 0
7567.670000 0.043141 0
7569.330000 0.027426 0
7570.990000 0.021758 0
7572.650000 0.028573 0
7574.310000 0.055026 0
7575.970000 0.051565 0
7577.630000 0.037459 0
7579.290000 0.044921 0
7580.950000 0.035456 0
7582.610000 0.030198 0
7584.270000 0.036190 0
7585.930000 0.046577 0
7587.590000 0.040834 0
7589.250000 0.054866 0
7590.910000 0.046505 0
7592.570000 0.040812 0
7594.230000 0.036100 0
7595.890000 0.050240 0
7597.550000 0.040477 0
7599.210000 0.045865 0
7600.870000 0.089940 0
7602.530000 0.048504 0
7604.190000 0.016826 0
7605.850000 0.035240 0
7607.510000 0.083275 0
7609.170000 0.050049 0
7610.830000 0.047341 0
7612.490000 0.035856 0
7614.150000 0.047309 0
7615.810000 0.023669 0
7617.470000 0.027870 0
7619.130000 0.042136 0
7620.790000 0.040492 0
7622.450000 0.025238 0
7624.110000 0.036143 0
7625.770000 0.046891 0
7627.430000 0.062306 0
7629.090000 0.019929 0
7630.750000 0.079342 0
7632.410000 0.034107 0
7634.070000 0.042250 0
7635.730000 0.033232 0
7637.390000 0.032241 0
7639.050000 0.046508 0
7640.710000 0.038528 0
7642.370000 0.030418 0
7644.030000 0.042919 0
7645.690000 0.046743 0
7647.350000 0.047627 0
7649.010000 0.023825 0
7650.670000 0.024515 0
7652.330000 0.031799 0
7653.990000 0.053947 0
7655.650000 0.050414 0
7657.310000 0.050529 0
7658.970000 0.041642 0
7660.630000 0.034609 0
7662.290000 0.046196 0
7663.950000 0.049826 0
7665.610000 0.043917 0
7667.270000 0.043932 0
7668.930000 0.049668 0
7670.590000 0.044343 0
7672.250000 0.045380 0
7673.910000 0.041256 0
7675.570000 0.036820 0
7677.230000 0.040181 0
7678.890000 0.032704 0
7680.550000 0.033128 0
7682.210000 0.038330 0
7683.870000 0.037886 0
7685.530000 0.048807 0
7687.190000 0.041117 0
7688.850000 0.044149 0
7690.510000 0.042033 0
7692.170000 0.023525 0
7693.830000 0.030814 0
7695.490000 0.049968 0
7697.150000 0.041700 0
7698.810000 0.036724 0
7700.470000 0.031012 0
7702.130000 0.038232 0
7703.790000 0.039511 0
7705.450000 0.045617 0
7707.110000 0.044189 0
7708.770000 0.018845 0
7710.430000 0.031765 0
7712.090000 0.062992 0
7713.750000 0.063543 0
7715.410000 0.079971 0
7717.070000 0.092130 0
7718.730000 0.091620 0
7720.390000 0.077132 0
7722.050000 0.052341 0
7723.710000 0.032363 0
7725.370000 0.060432 0
7727.030000 0.038349 0
7728.690000 0.000000 1
7730.350000 0.000000 1
7732.010000 0.000000 1
7733.670000 0.000000 1
7735.330000 0.000000 1
7736.990000 0.000000 1
7738.650000 0.000000 1
7740.310000 0.000000 1
7741.970000 0.000000 1
7743.630000 0.000000 1
7745.290000 0.000000 1
7746.950000 0.000000 1
7748.610000 0.000000 1
7750.270000 0.000000 1
7751.930000 0.000000 1
7753.590000 0.000000 1
7755.250000 0.000000 1
7756.910000 0.000000 1
7758.570000 0.000000 1
7760.230000 0.000000 1
7761.890000 0.000000 1
7763.550000 0.000000 1
7765.210000 0.000000 1
7766.870000 0.000000 1
7768.530000 0.000000 1
7770.190000 0.000000 1
7771.850000 0.000000 1
7773.510000 0.000000 1
7775.170000 0.000000 1
7776.830000 0.000000 1
7778.490000 0.000000 1
7780.150000 0.000000 1
7781.810000 0.000000 1
7783.470000 0.000000 1
7785.130000 0.000000 1
7786.790000 0.000000 1
7788.450000 0.000000 1
7790.110000 0.000000 1
7791.770000 0.000000 1
7793.430000 0.000000 1
7795.090000 0.000000 1
7796.750000 0.000000 1
7798.410000 0.000000 1
7800.070000 0.000000 1
7801.730000 0.000000 1
7803.390000 0.000000 1
7805.050000 0.000000 1
7806.710000 0.000000 1
7808.370000 0.000000 1
7810.030000 0.000000 1
7811.690000 0.000000 1
7813.350000 0.000000 1
7815.010000 0.000000 1
7816.670000 0.000000 1
7818.330000 0.000000 1
7819.990000 0.000000 1
7821.650000 0.000000 1
7823.310000 0.000000 1
7824.970000 0.000000 1
7826.630000 0.000000 1
7828.290000 0.000000 1
7829.950000 0.000000 1
7831.610000 0.000000 1
7833.270000 0.000000 1
7834.930000 0.000000 1
7836.590000 0.000000 1
7838.250000 0.000000 1
7839.910000 0.000000 1
7841.570000 0.000000 1
7843.230000 0.000000 1
7844.890000 0.000000 1
7846.550000 0.000000 1
7848.210000 0.000000 1
7849.870000 0.000000 1
7851.530000 0.000000 1
7853.190000 0.000000 1
7854.850000 0.000000 1
7856.510000 0.000000 1
7858.170000 0.000000 1
7859.830000 0.000000 1
7861.490000 0.000000 1
7863.150000 0.000000 1
7864.810000 0.000000 1
7866.470000 0.000000 1
7868.130000 0.000000 1
7869.790000 0.000000 1
7871.450000 0.000000 1
7873.110000 0.000000 1
7874.770000 0.000000 1
7876.430000 0.000000 1
7878.090000 0.000000 1
7879.750000 0.000000 1
7881.410000 0.000000 1
7883.070000 0.000000 1
7884.730000 0.000000 1
7886.390000 0.000000 1
7888.050000 0.000000 1
7889.710000 0.000000 1
7891.370000 0.000000 1
7893.030000 0.000000 1
7894.690000 0.000000 1
7896.350000 0.000000 1
7898.010000 0.000000 1
7899.670000 0.000000 1
7901.330000 0.000000 1
7902.990000 0.000000 1
7904.650000 0.000000 1
7906.310000 0.000000 1
7907.970000 0.000000 1
7909.630000 0.000000 1
7911.290000 0.000000 1
7912.950000 0.000000 1
7914.610000 0.000000 1
7916.270000 0.000000 1
7917.930000 0.000000 1
7919.590000 0.000000 1
7921.250000 0.000000 1
7922.910000 0.000000 1
7924.570000 0.000000 1
7926.230000 0.000000 1
7927.890000 0.000000 1
7929.550000 0.000000 1
7931.210000 0.000000 1
7932.870000 0.000000 1
7934.530000 0.000000 1
7936.190000 0.000000 1
7937.850000 0.000000 1
7939.510000 0.000000 1
7941.170000 0.000000 1
7942.830000 0.000000 1
7944.490000 0.000000 1
7946.150000 0.000000 1
7947.810000 0.000000 1
7949.470000 0.000000 1
7951.130000 0.000000 1
7952.790000 0.000000 1
7954.450000 0.000000 1
7956.110000 0.000000 1
7957.770000 0.000000 1
7959.430000 0.000000 1
7961.090000 0.000000 1
7962.750000 0.000000 1
7964.410000 0.000000 1
7966.070000 0.000000 1
7967.730000 0.000000 1
7969.390000 0.000000 1
7971.050000 0.000000 1
7972.710000 0.000000 1
7974.370000 0.000000 1
7976.030000 0.000000 1
7977.690000 0.000000 1
7979.350000 0.000000 1
7981.010000 0.000000 1
7982.670000 0.000000 1
7984.330000 0.000000 1
7985.990000 0.000000 1
7987.650000 0.000000 1
7989.310000 0.000000 1
7990.970000 0.000000 1
7992.630000 0.000000 1
7994.290000 0.000000 1
7995.950000 0.000000 1
7997.610000 0.000000 1
7999.270000 0.000000 1
8000.930000 0.000000 1
8002.590000 0.000000 1
8004.250000 0.000000 1
8005.910000 0.000000 1
8007.570000 0.000000 1
8009.230000 0.000000 1
8010.890000 0.000000 1
8012.550000 0.000000 1
8014.210000 0.000000 1
8015.870000 0.000000 1
8017.530000 0.000000 1
8019.190000 0.000000 1
8020.850000 0.000000 1
8022.510000 0.000000 1
8024.170000 0.000000 1
8025.830000 0.000000 1
8027.490000 0.000000 1
8029.150000 0.000000 1
8030.810000 0.000000 1
8032.470000 0.000000 1
8034.130000 0.000000 1
8035.790000 0.000000 1
8037.450000 0.000000 1
8039.110000 0.000000 1
8040.770000 0.000000 1
8042.430000 0.000000 1
8044.090000 0.000000 1
8045.750000 0.000000 1
8047.410000 0.000000 1
8049.070000 0.000000 1
8050.730000 0.000000 1
8052.390000 0.000000 1
8054.050000 0.000000 1
8055.710000 0.000000 1
8057.370000 0.000000 1
8059.030000 0.000000 1
8060.690000 0.000000 1
8062.350000 0.000000 1
8064.010000 0.000000 1
8065.670000 0.000000 1
8067.330000 0.000000 1
8068.990000 0.000000 1
8070.650000 0.000000 1
8072.310000 0.000000 1
8073.970000 0.000000 1
8075.630000 0.000000 1
8077.290000 0.000000 1
8078.950000 0.000000 1
8080.610000 0.000000 1
8082.270000 0.000000 1
8083.930000 0.000000 1
8085.590000 0.000000 1
8087.250000 0.000000 1
8088.910000 0.000000 1
8090.570000 0.000000 1
8092.230000 0.000000 1
8093.890000 0.000000 1
8095.550000 0.000000 1
8097.210000 0.000000 1
8098.870000 0.000000 1
8100.530000 0.000000 1
8102.190000 0.000000 1
8103.850000 0.000000 1
8105.510000 0.000000 1
8107.170000 0.000000 1
8108.830000 0.000000 1
8110.490000 0.000000 1
8112.150000 0.000000 1
8113.810000 0.000000 1
8115.470000 0.000000 1
8117.130000 0.000000 1
8118.790000 0.000000 1
8120.450000 0.000000 1
8122.110000 0.000000 1
8123.770000 0.000000 1
8125.430000 0.000000 1
8127.090000 0.000000 1
8128.750000 0.000000 1
8130.410000 0.000000 1
8132.070000 0.000000 1
8133.730000 0.000000 1
8135.390000 0.000000 1
8137.050000 0.000000 1
8138.710000 0.000000 1
8140.370000 0.000000 1
8142.030000 0.000000 1
8143.690000 0.000000 1
8145.350000 0.000000 1
8147.010000 0.000000 1
8148.670000 0.000000 1
8150.330000 0.000000 1
8151.990000 0.000000 1
8153.650000 0.000000 1
8155.310000 0.000000 1
8156.970000 0.000000 1
8158.630000 0.000000 1
8160.290000 0.000000 1
8161.950000 0.000000 1
8163.610000 0.000000 1
8165.270000 0.000000 1
8166.930000 0.000000 1
8168.590000 0.000000 1
8170.250000 0.000000 1
8171.910000 0.000000 1
8173.570000 0.000000 1
8175.230000 0.000000 1
8176.890000 0.000000 1
8178.550000 0.000000 1
8180.210000 0.000000 1
8181.870000 0.000000 1
8183.530000 0.000000 1
8185.190000 0.000000 1
8186.850000 0.000000 1
8188.510000 0.000000 1
8190.170000 0.000000 1
8191.830000 0.000000 1
8193.490000 0.000000 1
8195.150000 0.000000 1
8196.810000 0.000000 1
8198.470000 0.000000 1
8200.130000 0.000000 1
8201.790000 0.000000 1
8203.450000 0.000000 1
8205.110000 0.000000 1
8206.770000 0.000000 1
8208.430000 0.000000 1
8210.090000 0.000000 1
8211.750000 0.000000 1
8213.410000 0.000000 1
8215.070000 0.000000 1
8216.730000 0.000000 1
8218.390000 0.000000 1
8220.050000 0.000000 1
8221.710000 0.000000 1
8223.370000 0.000000 1
8225.030000 0.000000 1
8226.690000 0.000000 1
8228.350000 0.000000 1
8230.010000 0.000000 1
8231.670000 0.000000 1
8233.330000 0.000000 1
8234.990000 0.000000 1
8236.650000 0.000000 1
8238.310000 0.000000 1
8239.970000 0.000000 1
8241.630000 0.000000 1
8243.290000 0.000000 1
8244.950000 0.000000 1
8246.610000 0.000000 1
8248.270000 0.000000 1
8249.930000 0.000000 1
8251.590000 0.000000 1
8253.250000 0.000000 1
8254.910000 0.000000 1
8256.570000 0.000000 1
8258.230000 0.000000 1
8259.890000 0.000000 1
8261.550000 0.000000 1
8263.210000 0.000000 1
8264.870000 0.000000 1
8266.530000 0.000000 1
8268.190000 0.000000 1
8269.850000 0.000000 1
8271.510000 0.000000 1
8273.170000 0.000000 1
8274.830000 0.000000 1
8276.490000 0.000000 1
8278.150000 0.000000 1
8279.810000 0.000000 1
8281.470000 0.000000 1
8283.130000 0.000000 1
8284.790000 0.000000 1
8286.450000 0.000000 1
8288.110000 0.000000 1
8289.770000 0.000000 1
8291.430000 0.000000 1
8293.090000 0.000000 1
8294.750000 0.000000 1
8296.410000 0.000000 1
8298.070000 0.000000 1
8299.730000 0.000000 1
8301.390000 0.000000 1
8303.050000 0.000000 1
8304.710000 0.000000 1
8306.370000 0.000000 1
8308.030000 0.000000 1
8309.690000 0.000000 1
8311.350000 0.000000 1
8313.010000 0.000000 1
8314.670000 0.000000 1
8316.330000 0.000000 1
8317.990000 0.000000 1
8319.650000 0.000000 1
8321.310000 0.000000 1
8322.970000 0.000000 1
8324.630000 0.000000 1
8326.290000 0.000000 1
8327.950000 0.000000 1
8329.610000 0.000000 1
8331.270000 0.000000 1
8332.930000 0.000000 1
8334.590000 0.000000 1
8336.250000 0.000000 1
8337.910000 0.000000 1
8339.570000 0.000000 1
8341.230000 0.000000 1
8342.890000 0.000000 1
8344.550000 0.000000 1
8346.210000 0.000000 1
8347.870000 0.000000 1
8349.530000 0.000000 1
8351.190000 0.000000 1
8352.850000 0.000000 1
8354.510000 0.000000 1
8356.170000 0.000000 1
8357.830000 0.000000 1
8359.490000 0.000000 1
8361.150000 0.000000 1
8362.810000 0.000000 1
8364.470000 0.000000 1
8366.130000 0.000000 1
8367.790000 0.000000 1
8369.450000 0.000000 1
8371.110000 0.000000 1
8372.770000 0.000000 1
8374.430000 0.000000 1
8376.090000 0.000000 1
8377.750000 0.000000 1
8379.410000 0.000000 1
8381.070000 0.000000 1
8382.730000 0.000000 1
8384.390000 0.000000 1
8386.050000 0.000000 1
8387.710000 0.000000 1
8389.370000 0.000000 1
8391.030000 0.000000 1
8392.690000 0.000000 1
8394.350000 0.000000 1
8396.010000 0.000000 1
8397.670000 0.000000 1
8399.330000 0.000000 1
8400.990000 0.000000 1
8402.650000 0.000000 1
8404.310000 0.000000 1
8405.970000 0.000000 1
8407.630000 0.000000 1
8409.290000 0.000000 1
8410.950000 0.000000 1
8412.610000 0.000000 1
8414.270000 0.000000 1
8415.930000 0.000000 1
8417.590000 0.000000 1
8419.250000 0.000000 1
8420.910000 0.000000 1
8422.570000 0.000000 1
8424.230000 0.000000 1
8425.890000 0.000000 1
8427.550000 0.000000 1
8429.210000 0.000000 1
8430.870000 0.000000 1
8432.530000 0.000000 1
8434.190000 0.000000 1
8435.850000 0.000000 1
8437.510000 0.000000 1
8439.170000 0.000000 1
8440.830000 0.000000 1
8442.490000 0.000000 1
8444.150000 0.000000 1
8445.810000 0.000000 1
8447.470000 0.000000 1
8449.130000 0.000000 1
8450.790000 0.000000 1
8452.450000 0.000000 1
8454.110000 0.000000 1
8455.770000 0.000000 1
8457.430000 0.000000 1
8459.090000 0.000000 1
8460.750000 0.000000 1
8462.410000 0.000000 1
8464.070000 0.000000 1
8465.730000 0.000000 1
8467.390000 0.000000 1
8469.050000 0.000000 1
8470.710000 0.000000 1
8472.370000 0.000000 1
8474.030000 0.000000 1
8475.690000 0.000000 1
8477.350000 0.000000 1
8479.010000 0.000000 1
8480.670000 0.000000 1
8482.330000 0.000000 1
8483.990000 0.000000 1
8485.650000 0.000000 1
8487.310000 0.000000 1
8488.970000 0.000000 1
8490.630000 0.000000 1
8492.290000 0.000000 1
8493.950000 0.000000 1
8495.610000 0.000000 1
8497.270000 0.000000 1
8498.930000 0.000000 1
