# obs: 255710
# slit: 20N
# z: 0.68660
# lines: [OII],H9,K,H,H{beta},[OIII],H8
# spec: 3
4451.680000 0.000000 1
4455.040000 0.000000 1
4458.400000 0.000000 1
4461.760000 0.000000 1
4465.120000 0.000000 1
4468.480000 0.000000 1
4471.840000 0.000000 1
4475.200000 0.000000 1
4478.560000 0.000000 1
4481.920000 0.000000 1
4485.280000 0.000000 1
4488.640000 0.000000 1
4492.000000 0.000000 1
4495.360000 0.000000 1
4498.720000 0.000000 1
4502.080000 0.000000 1
4505.440000 0.001761 1
4508.800000 0.007760 1
4512.160000 0.015933 1
4515.520000 0.013741 1
4518.880000 0.009284 1
4522.240000 0.008859 1
4525.600000 0.004987 1
4528.960000 0.009782 1
4532.320000 0.008977 1
4535.680000 0.001863 1
4539.040000 0.003864 1
4542.400000 0.019450 1
4545.760000 0.018623 0
4549.120000 0.014759 0
4552.480000 0.005069 0
4555.840000 0.011697 0
4559.200000 0.017634 0
4562.560000 0.015269 0
4565.920000 0.012063 0
4569.280000 0.009655 0
4572.640000 0.012402 0
4576.000000 0.010650 0
4579.360000 0.008096 0
4582.720000 0.001326 0
4586.080000 0.008954 0
4589.440000 0.017715 0
4592.800000 0.014932 0
4596.160000 0.010036 0
4599.520000 0.007939 0
4602.880000 0.019531 0
4606.240000 0.014033 0
4609.600000 0.012351 0
4612.960000 0.012606 0
4616.320000 0.000475 0
4619.680000 -0.007857 0
4623.040000 0.005538 0
4626.400000 0.011447 0
4629.760000 0.013116 0
4633.120000 0.009673 0
4636.480000 0.007255 0
4639.840000 0.015515 0
4643.200000 0.010532 0
4646.560000 0.015537 0
4649.920000 0.013674 0
4653.280000 0.006412 0
4656.640000 0.005940 0
4660.000000 0.012757 0
4663.360000 0.014897 0
4666.720000 0.010780 0
4670.080000 0.012671 0
4673.440000 0.005196 0
4676.800000 0.007811 0
4680.160000 0.014886 0
4683.520000 0.008272 0
4686.880000 0.014761 0
4690.240000 0.013540 0
4693.600000 0.011179 0
4696.960000 0.010300 0
4700.320000 0.011630 0
4703.680000 0.008068 0
4707.040000 0.002069 0
4710.400000 0.010299 0
4713.760000 0.008610 0
4717.120000 0.006837 0
4720.480000 0.009961 0
4723.840000 0.006675 0
4727.200000 0.005336 0
4730.560000 0.005517 0
4733.920000 0.004697 0
4737.280000 0.012342 0
4740.640000 0.010317 0
4744.000000 0.010012 0
4747.360000 0.016458 0
4750.720000 0.012380 0
4754.080000 0.011762 0
4757.440000 0.016385 0
4760.800000 0.014262 0
4764.160000 0.017809 0
4767.520000 0.017693 0
4770.880000 0.014366 0
4774.240000 0.017942 0
4777.600000 0.018314 0
4780.960000 0.012601 0
4784.320000 0.011164 0
4787.680000 0.008118 0
4791.040000 0.014284 0
4794.400000 0.008441 0
4797.760000 0.008404 0
4801.120000 0.008899 0
4804.480000 0.011517 0
4807.840000 0.014730 0
4811.200000 0.011253 0
4814.560000 0.010955 0
4817.920000 0.011483 0
4821.280000 0.010254 0
4824.640000 0.012638 0
4828.000000 0.011014 0
4831.360000 0.008872 0
4834.720000 0.012930 0
4838.080000 0.012454 0
4841.440000 0.007880 0
4844.800000 0.010335 0
4848.160000 0.012714 0
4851.520000 0.011739 0
4854.880000 0.015439 0
4858.240000 0.009893 0
4861.600000 0.017356 0
4864.960000 0.012019 0
4868.320000 0.013894 0
4871.680000 0.016847 0
4875.040000 0.013253 0
4878.400000 0.012404 0
4881.760000 0.011926 0
4885.120000 0.010356 0
4888.480000 0.008632 0
4891.840000 0.016560 0
4895.200000 0.018429 0
4898.560000 0.012812 0
4901.920000 0.009584 0
4905.280000 0.009622 0
4908.640000 0.010981 0
4912.000000 0.013623 0
4915.360000 0.013414 0
4918.720000 0.009979 0
4922.080000 0.014197 0
4925.440000 0.010125 0
4928.800000 0.013357 0
4932.160000 0.016478 0
4935.520000 0.013398 0
4938.880000 0.013916 0
4942.240000 0.009266 0
4945.600000 0.009761 0
4948.960000 0.013270 0
4952.320000 0.013649 0
4955.680000 0.013119 0
4959.040000 0.017181 0
4962.400000 0.009700 0
4965.760000 0.015880 0
4969.120000 0.012734 0
4972.480000 0.013462 0
4975.840000 0.015853 0
4979.200000 0.014179 0
4982.560000 0.018079 0
4985.920000 0.011970 0
4989.280000 0.009140 0
4992.640000 0.014954 0
4996.000000 0.011519 0
4999.360000 0.011649 0
5002.720000 0.011907 0
5006.080000 0.011947 0
5009.440000 0.013055 0
5012.800000 0.012730 0
5016.160000 0.020122 0
5019.520000 0.013512 0
5022.880000 0.013257 0
5026.240000 0.013603 0
5029.600000 0.017181 0
5032.960000 0.015487 0
5036.320000 0.014801 0
5039.680000 0.019704 0
5043.040000 0.010610 0
5046.400000 0.011604 0
5049.760000 0.012792 0
5053.120000 0.015929 0
5056.480000 0.014934 0
5059.840000 0.015510 0
5063.200000 0.018016 0
5066.560000 0.007308 0
5069.920000 0.016861 0
5073.280000 0.014926 0
5076.640000 0.013855 0
5080.000000 0.016602 0
5083.360000 0.016159 0
5086.720000 0.012073 0
5090.080000 0.006654 0
5093.440000 0.014802 0
5096.800000 0.017242 0
5100.160000 0.012337 0
5103.520000 0.012178 0
5106.880000 0.015191 0
5110.240000 0.014060 0
5113.600000 0.019065 0
5116.960000 0.014318 0
5120.320000 0.018267 0
5123.680000 0.012060 0
5127.040000 0.017721 0
5130.400000 0.013248 0
5133.760000 0.013677 0
5137.120000 0.018770 0
5140.480000 0.016041 0
5143.840000 0.017376 0
5147.200000 0.009110 0
5150.560000 0.018124 0
5153.920000 0.017786 0
5157.280000 0.012757 0
5160.640000 0.014092 0
5164.000000 0.016440 0
5167.360000 0.016505 0
5170.720000 0.014923 0
5174.080000 0.018110 0
5177.440000 0.013295 0
5180.800000 0.021549 0
5184.160000 0.016995 0
5187.520000 0.014877 0
5190.880000 0.017177 0
5194.240000 0.017096 0
5197.600000 0.010001 0
5200.960000 0.012737 0
5204.320000 0.009709 0
5207.680000 0.007362 0
5211.040000 0.010893 0
5214.400000 0.009861 0
5217.760000 0.009583 0
5221.120000 0.015916 0
5224.480000 0.011076 0
5227.840000 0.016299 0
5231.200000 0.014853 0
5234.560000 0.013588 0
5237.920000 0.016614 0
5241.280000 0.020473 0
5244.640000 0.019121 0
5248.000000 0.012430 0
5251.360000 0.014292 0
5254.720000 0.012526 0
5258.080000 0.019402 0
5261.440000 0.015616 0
5264.800000 0.014149 0
5268.160000 0.020020 0
5271.520000 0.019950 0
5274.880000 0.012168 0
5278.240000 0.016120 0
5281.600000 0.019925 0
5284.960000 0.012271 0
5288.320000 0.018477 0
5291.680000 0.020093 0
5295.040000 0.007650 0
5298.400000 0.007980 0
5301.760000 0.011106 0
5305.120000 0.016361 0
5308.480000 0.008807 0
5311.840000 0.013750 0
5315.200000 0.017112 0
5318.560000 0.024484 0
5321.920000 0.014688 0
5325.280000 0.013391 0
5328.640000 0.016352 0
5332.000000 0.017275 0
5335.360000 0.018797 0
5338.720000 0.016102 0
5342.080000 0.013959 0
5345.440000 0.011060 0
5348.800000 0.018244 0
5352.160000 0.015836 0
5355.520000 0.009991 0
5358.880000 0.012313 0
5362.240000 0.015312 0
5365.600000 0.020257 0
5368.960000 0.015773 0
5372.320000 0.013990 0
5375.680000 0.013095 0
5379.040000 0.020389 0
5382.400000 0.015253 0
5385.760000 0.012960 0
5389.120000 0.010828 0
5392.480000 0.012687 0
5395.840000 0.018576 0
5399.200000 0.018165 0
5402.560000 0.020976 0
5405.920000 0.016981 0
5409.280000 0.014425 0
5412.640000 0.010305 0
5416.000000 0.009265 0
5419.360000 0.012382 0
5422.720000 0.010364 0
5426.080000 0.017304 0
5429.440000 0.017952 0
5432.800000 0.011250 0
5436.160000 0.013815 0
5439.520000 0.014583 0
5442.880000 0.018386 0
5446.240000 0.019448 0
5449.600000 0.012404 0
5452.960000 0.020431 0
5456.320000 0.017628 0
5459.680000 0.010389 0
5463.040000 0.012782 0
5466.400000 0.013610 0
5469.760000 0.017470 0
5473.120000 0.016124 0
5476.480000 0.012555 0
5479.840000 0.014761 0
5483.200000 0.014604 0
5486.560000 0.010907 0
5489.920000 0.016741 0
5493.280000 0.014702 0
5496.640000 0.012426 0
5500.000000 0.016718 0
5503.360000 0.016014 0
5506.720000 0.011541 0
5510.080000 0.018225 0
5513.440000 0.015356 0
5516.800000 0.014310 0
5520.160000 0.019220 0
5523.520000 0.014790 0
5526.880000 0.020314 0
5530.240000 0.018225 0
5533.600000 0.011559 0
5536.960000 0.019214 0
5540.320000 0.022979 0
5543.680000 0.015456 0
5547.040000 0.011214 0
5550.400000 0.013860 0
5553.760000 0.017294 0
5557.120000 0.014275 0
5560.480000 0.018243 1
5563.840000 0.012482 1
5567.200000 0.011935 1
5570.560000 0.021131 1
5573.920000 0.027360 1
5577.280000 0.022771 1
5580.640000 0.010781 1
5584.000000 0.008756 1
5587.360000 0.009663 1
5590.720000 0.015102 1
5594.080000 0.017135 1
5597.440000 0.023274 1
5600.800000 0.015220 1
5604.160000 0.015100 0
5607.520000 0.018281 0
5610.880000 0.019470 0
5614.240000 0.018831 0
5617.600000 0.015825 0
5620.960000 0.019922 0
5624.320000 0.023614 0
5627.680000 0.021003 0
5631.040000 0.021993 0
5634.400000 0.014403 0
5637.760000 0.016368 0
5641.120000 0.017906 0
5644.480000 0.019587 0
5647.840000 0.021973 0
5651.200000 0.011242 0
5654.560000 0.018207 0
5657.920000 0.016295 0
5661.280000 0.015071 0
5664.640000 0.016516 0
5668.000000 0.015114 0
5671.360000 0.019177 0
5674.720000 0.019385 0
5678.080000 0.012968 0
5681.440000 0.014105 0
5684.800000 0.018650 0
5688.160000 0.017604 0
5691.520000 0.018689 0
5694.880000 0.017840 0
5698.240000 0.011876 0
5701.600000 0.015312 0
5704.960000 0.014199 0
5708.320000 0.016981 0
5711.680000 0.013959 0
5715.040000 0.014757 0
5718.400000 0.010768 0
5721.760000 0.013762 0
5725.120000 0.017955 0
5728.480000 0.016923 0
5731.840000 0.014348 0
5735.200000 0.015572 0
5738.560000 0.021166 0
5741.920000 0.022859 0
5745.280000 0.017094 0
5748.640000 0.013958 0
5752.000000 0.017737 0
5755.360000 0.019203 0
5758.720000 0.020313 0
5762.080000 0.018767 0
5765.440000 0.017319 0
5768.800000 0.012749 0
5772.160000 0.012511 0
5775.520000 0.014291 0
5778.880000 0.017918 0
5782.240000 0.018866 0
5785.600000 0.019791 0
5788.960000 0.014791 0
5792.320000 0.016071 0
5795.680000 0.018488 0
5799.040000 0.015707 0
5802.400000 0.018845 0
5805.760000 0.017337 0
5809.120000 0.023082 0
5812.480000 0.015244 0
5815.840000 0.016410 0
5819.200000 0.016364 0
5822.560000 0.016781 0
5825.920000 0.016732 0
5829.280000 0.014016 0
5832.640000 0.019215 0
5836.000000 0.016838 0
5839.360000 0.015588 0
5842.720000 0.015932 0
5846.080000 0.023435 0
5849.440000 0.017813 0
5852.800000 0.016471 0
5856.160000 0.018643 0
5859.520000 0.012603 0
5862.880000 0.017092 0
5866.240000 0.015757 0
5869.600000 0.017314 0
5872.960000 0.016819 0
5876.320000 0.009880 0
5879.680000 0.015913 0
5883.040000 0.022391 0
5886.400000 0.018391 0
5889.760000 0.016144 0
5893.120000 0.021827 0
5896.480000 0.014909 0
5899.840000 0.012926 0
5903.200000 0.019929 0
5906.560000 0.013642 0
5909.920000 0.011105 0
5913.280000 0.017319 0
5916.640000 0.015615 0
5920.000000 0.013999 0
5923.360000 0.023342 0
5926.720000 0.017541 0
5930.080000 0.015643 0
5933.440000 0.016889 0
5936.800000 0.018134 0
5940.160000 0.021011 0
5943.520000 0.017093 0
5946.880000 0.015416 0
5950.240000 0.019584 0
5953.600000 0.015379 0
5956.960000 0.014919 0
5960.320000 0.017173 0
5963.680000 0.017193 0
5967.040000 0.016192 0
5970.400000 0.020908 0
5973.760000 0.012753 0
5977.120000 0.013597 0
5980.480000 0.019723 0
5983.840000 0.021731 0
5987.200000 0.015822 0
5990.560000 0.014696 0
5993.920000 0.012775 0
5997.280000 0.017585 0
6000.640000 0.017139 0
6004.000000 0.013353 0
6007.360000 0.016731 0
6010.720000 0.015670 0
6014.080000 0.015578 0
6017.440000 0.013084 0
6020.800000 0.018796 0
6024.160000 0.020251 0
6027.520000 0.016186 0
6030.880000 0.011884 0
6034.240000 0.016898 0
6037.600000 0.018689 0
6040.960000 0.018202 0
6044.320000 0.011156 0
6047.680000 0.009464 0
6051.040000 0.008900 0
6054.400000 0.016364 0
6057.760000 0.020996 0
6061.120000 0.017637 0
6064.480000 0.021460 0
6067.840000 0.020259 0
6071.200000 0.019966 0
6074.560000 0.020945 0
6077.920000 0.016033 0
6081.280000 0.017181 0
6084.640000 0.017796 0
6088.000000 0.019437 0
6091.360000 0.017615 0
6094.720000 0.015173 0
6098.080000 0.023376 0
6101.440000 0.018834 0
6104.800000 0.018831 0
6108.160000 0.021848 0
6111.520000 0.018791 0
6114.880000 0.022115 0
6118.240000 0.019666 0
6121.600000 0.013805 0
6124.960000 0.014264 0
6128.320000 0.017075 0
6131.680000 0.014053 0
6135.040000 0.016869 0
6138.400000 0.023989 0
6141.760000 0.021652 0
6145.120000 0.017346 0
6148.480000 0.013539 0
6151.840000 0.014724 0
6155.200000 0.015134 0
6158.560000 0.021277 0
6161.920000 0.020884 0
6165.280000 0.016145 0
6168.640000 0.016231 0
6172.000000 0.015178 0
6175.360000 0.020558 0
6178.720000 0.018430 0
6182.080000 0.014889 0
6185.440000 0.013265 0
6188.800000 0.020322 0
6192.160000 0.023187 0
6195.520000 0.017121 0
6198.880000 0.014973 0
6202.240000 0.016098 0
6205.600000 0.013399 0
6208.960000 0.018093 0
6212.320000 0.016725 0
6215.680000 0.018600 0
6219.040000 0.015030 0
6222.400000 0.017209 0
6225.760000 0.020245 0
6229.120000 0.013308 0
6232.480000 0.013570 0
6235.840000 0.025008 0
6239.200000 0.022243 0
6242.560000 0.013843 0
6245.920000 0.017988 0
6249.280000 0.018780 0
6252.640000 0.021381 0
6256.000000 0.020518 0
6259.360000 0.018214 0
6262.720000 0.021279 0
6266.080000 0.019481 0
6269.440000 0.022518 0
6272.800000 0.016690 0
6276.160000 0.021922 0
6279.520000 0.026006 0
6282.880000 0.044628 0
6286.240000 0.057719 0
6289.600000 0.060003 0
6292.960000 0.054001 1
6296.320000 0.020704 1
6299.680000 0.014321 1
6303.040000 0.020396 1
6306.400000 0.014861 1
6309.760000 0.024823 1
6313.120000 0.018878 1
6316.480000 0.021758 1
6319.840000 0.019460 1
6323.200000 0.016314 0
6326.560000 0.016393 0
6329.920000 0.023345 0
6333.280000 0.027914 0
6336.640000 0.021082 0
6340.000000 0.021792 0
6343.360000 0.020464 0
6346.720000 0.023265 0
6350.080000 0.026890 0
6353.440000 0.020172 0
6356.800000 0.019626 0
6360.160000 0.028321 0
6363.520000 0.028057 0
6366.880000 0.032071 0
6370.240000 0.028404 0
6373.600000 0.029420 0
6376.960000 0.024745 0
6380.320000 0.031169 0
6383.680000 0.027507 0
6387.040000 0.023223 0
6390.400000 0.024357 0
6393.760000 0.031603 0
6397.120000 0.026015 0
6400.480000 0.026371 0
6403.840000 0.015275 0
6407.200000 0.022027 0
6410.560000 0.019824 0
6413.920000 0.017284 0
6417.280000 0.026899 0
6420.640000 0.026062 0
6424.000000 0.026732 0
6427.360000 0.029664 0
6430.720000 0.018873 0
6434.080000 0.025775 0
6437.440000 0.022295 0
6440.800000 0.027055 0
6444.160000 0.032241 0
6447.520000 0.025208 0
6450.880000 0.025026 0
6454.240000 0.025327 0
6457.600000 0.021459 0
6460.960000 0.013339 0
6464.320000 0.014263 0
6467.680000 0.024651 0
6471.040000 0.019614 0
6474.400000 0.016421 0
6477.760000 0.023003 0
6481.120000 0.021077 0
6484.480000 0.027831 0
6487.840000 0.029165 0
6491.200000 0.029216 0
6494.560000 0.031197 0
6497.920000 0.025746 0
6501.280000 0.032183 0
6504.640000 0.033884 0
6508.000000 0.033544 0
6511.360000 0.033382 0
6514.720000 0.032204 0
6518.080000 0.029746 0
6521.440000 0.029431 0
6524.800000 0.029465 0
6528.160000 0.033357 0
6531.520000 0.027933 0
6534.880000 0.022334 0
6538.240000 0.026356 0
6541.600000 0.027909 0
6544.960000 0.023313 0
6548.320000 0.028318 0
6551.680000 0.023212 0
6555.040000 0.012116 0
6558.400000 0.017181 0
6561.760000 0.028995 0
6565.120000 0.030333 0
6568.480000 0.025571 0
6571.840000 0.023472 0
6575.200000 0.020797 0
6578.560000 0.027813 0
6581.920000 0.032436 0
6585.280000 0.027389 0
6588.640000 0.027750 0
6592.000000 0.031449 0
6595.360000 0.033584 0
6598.720000 0.029071 0
6602.080000 0.033898 0
6605.440000 0.032911 0
6608.800000 0.028607 0
6612.160000 0.031822 0
6615.520000 0.034182 0
6618.880000 0.034363 0
6622.240000 0.035609 0
6625.600000 0.029188 0
6628.960000 0.024907 0
6632.320000 0.022407 0
6635.680000 0.021675 0
6639.040000 0.024704 0
6642.400000 0.024025 0
6645.760000 0.022726 0
6649.120000 0.035761 0
6652.480000 0.034066 0
6655.840000 0.031354 0
6659.200000 0.034973 0
6662.560000 0.032056 0
6665.920000 0.028229 0
6669.280000 0.031361 0
6672.640000 0.029054 0
6676.000000 0.031158 0
6679.360000 0.032007 0
6682.720000 0.025286 0
6686.080000 0.017528 0
6689.440000 0.017135 0
6692.800000 0.025932 0
6696.160000 0.021182 0
6699.520000 0.017307 0
6702.880000 0.023652 0
6706.240000 0.031291 0
6709.600000 0.023248 0
6712.960000 0.031029 0
6716.320000 0.033770 0
6719.680000 0.032312 0
6723.040000 0.033393 0
6726.400000 0.033803 0
6729.760000 0.033843 0
6733.120000 0.034124 0
6736.480000 0.035860 0
6739.840000 0.041453 0
6743.200000 0.034519 0
6746.560000 0.035841 0
6749.920000 0.036606 0
6753.280000 0.035586 0
6756.640000 0.033821 0
6760.000000 0.034364 0
6763.360000 0.035514 0
6766.720000 0.034111 0
6770.080000 0.036835 0
6773.440000 0.034139 0
6776.800000 0.037890 0
6780.160000 0.028579 0
6783.520000 0.033285 0
6786.880000 0.036133 0
6790.240000 0.035326 0
6793.600000 0.034008 0
6796.960000 0.031383 0
6800.320000 0.033700 0
6803.680000 0.033145 0
6807.040000 0.039515 0
6810.400000 0.042576 0
6813.760000 0.031012 0
6817.120000 0.037463 0
6820.480000 0.029630 0
6823.840000 0.035103 0
6827.200000 0.033866 0
6830.560000 0.027414 0
6833.920000 0.031861 0
6837.280000 0.036055 0
6840.640000 0.032245 0
6844.000000 0.033417 0
6847.360000 0.035866 0
6850.720000 0.038282 0
6854.080000 0.034619 0
6857.440000 0.028719 0
6860.800000 0.025579 0
6864.160000 0.033499 0
6867.520000 0.029836 0
6870.880000 0.030258 0
6874.240000 0.027416 0
6877.600000 0.023596 0
6880.960000 0.033990 0
6884.320000 0.028144 0
6887.680000 0.024209 0
6891.040000 0.031108 0
6894.400000 0.027080 0
6897.760000 0.029080 0
6901.120000 0.028258 0
6904.480000 0.021314 0
6907.840000 0.023407 0
6911.200000 0.020985 0
6914.560000 0.027818 0
6917.920000 0.026010 0
6921.280000 0.027232 0
6924.640000 0.029680 0
6928.000000 0.025619 0
6931.360000 0.028451 0
6934.720000 0.030409 0
6938.080000 0.036127 0
6941.440000 0.039777 0
6944.800000 0.033416 0
6948.160000 0.034034 0
6951.520000 0.034733 0
6954.880000 0.030707 0
6958.240000 0.028326 0
6961.600000 0.030046 0
6964.960000 0.028263 0
6968.320000 0.030504 0
6971.680000 0.024123 0
6975.040000 0.038789 0
6978.400000 0.042817 0
6981.760000 0.031870 0
6985.120000 0.030252 0
6988.480000 0.035066 0
6991.840000 0.037285 0
6995.200000 0.037678 0
6998.560000 0.037763 0
7001.920000 0.033827 0
7005.280000 0.036909 0
7008.640000 0.038065 0
7012.000000 0.034458 0
7015.360000 0.037914 0
7018.720000 0.036163 0
7022.080000 0.031662 0
7025.440000 0.041662 0
7028.800000 0.034234 0
7032.160000 0.027979 0
7035.520000 0.033881 0
7038.880000 0.033816 0
7042.240000 0.031658 0
7045.600000 0.031473 0
7048.960000 0.035327 0
7052.320000 0.037458 0
7055.680000 0.037424 0
7059.040000 0.036601 0
7062.400000 0.041646 0
7065.760000 0.042720 0
7069.120000 0.035234 0
7072.480000 0.027886 0
7075.840000 0.027260 0
7079.200000 0.028683 0
7082.560000 0.032110 0
7085.920000 0.032587 0
7089.280000 0.033014 0
7092.640000 0.032396 0
7096.000000 0.035939 0
7099.360000 0.038257 0
7102.720000 0.035382 0
7106.080000 0.037428 0
7109.440000 0.036572 0
7112.800000 0.035330 0
7116.160000 0.029982 0
7119.520000 0.029344 0
7122.880000 0.030231 0
7126.240000 0.036351 0
7129.600000 0.038858 0
7132.960000 0.037625 0
7136.320000 0.033011 0
7139.680000 0.035382 0
7143.040000 0.037044 0
7146.400000 0.035945 0
7149.760000 0.032975 0
7153.120000 0.030888 0
7156.480000 0.030134 0
7159.840000 0.031471 0
7163.200000 0.032965 0
7166.560000 0.033833 0
7169.920000 0.035623 0
7173.280000 0.034272 0
7176.640000 0.035652 0
7180.000000 0.035151 0
7183.360000 0.032992 0
7186.720000 0.038152 0
7190.080000 0.031283 0
7193.440000 0.031358 0
7196.800000 0.033965 0
7200.160000 0.032052 0
7203.520000 0.031696 0
7206.880000 0.029139 0
7210.240000 0.031165 0
7213.600000 0.035695 0
7216.960000 0.032355 0
7220.320000 0.037490 0
7223.680000 0.036092 0
7227.040000 0.033662 0
7230.400000 0.032543 0
7233.760000 0.021935 0
7237.120000 0.023695 0
7240.480000 0.026705 0
7243.840000 0.036310 0
7247.200000 0.029349 0
7250.560000 0.029762 0
7253.920000 0.025180 0
7257.280000 0.032161 0
7260.640000 0.033565 0
7264.000000 0.030191 0
7267.360000 0.025787 0
7270.720000 0.025471 0
7274.080000 0.041167 0
7277.440000 0.047568 0
7280.800000 0.042569 0
7284.160000 0.041666 0
7287.520000 0.031762 0
7290.880000 0.030711 0
7294.240000 0.030772 0
7297.600000 0.019837 0
7300.960000 0.029431 0
7304.320000 0.027702 0
7307.680000 0.031914 0
7311.040000 0.029732 0
7314.400000 0.041406 0
7317.760000 0.045373 0
7321.120000 0.041948 0
7324.480000 0.033764 0
7327.840000 0.033443 0
7331.200000 0.031958 0
7334.560000 0.030677 0
7337.920000 0.024942 0
7341.280000 0.023460 0
7344.640000 0.025689 0
7348.000000 0.036926 0
7351.360000 0.034799 0
7354.720000 0.027837 0
7358.080000 0.034329 0
7361.440000 0.031322 0
7364.800000 0.044927 0
7368.160000 0.044196 0
7371.520000 0.042888 0
7374.880000 0.046909 0
7378.240000 0.034690 0
7381.600000 0.034931 0
7384.960000 0.029219 0
7388.320000 0.036683 0
7391.680000 0.037476 0
7395.040000 0.032680 0
7398.400000 0.024874 0
7401.760000 0.027388 0
7405.120000 0.035151 0
7408.480000 0.034544 0
7411.840000 0.036743 0
7415.200000 0.038242 0
7418.560000 0.037863 0
7421.920000 0.031394 0
7425.280000 0.037834 0
7428.640000 0.040503 0
7432.000000 0.036259 0
7435.360000 0.037079 0
7438.720000 0.039633 0
7442.080000 0.034158 0
7445.440000 0.034423 0
7448.800000 0.029979 0
7452.160000 0.031777 0
7455.520000 0.028166 0
7458.880000 0.028371 0
7462.240000 0.036239 0
7465.600000 0.029121 0
7468.960000 0.032519 0
7472.320000 0.044735 0
7475.680000 0.028441 0
7479.040000 0.028752 0
7482.400000 0.031675 0
7485.760000 0.024586 0
7489.120000 0.031392 0
7492.480000 0.035588 0
7495.840000 0.034678 0
7499.200000 0.029539 0
7502.560000 0.035000 0
7505.920000 0.036416 0
7509.280000 0.034659 0
7512.640000 0.032699 0
7516.000000 0.031110 0
7519.360000 0.037894 0
7522.720000 0.037279 0
7526.080000 0.031085 0
7529.440000 0.038959 0
7532.800000 0.029952 0
7536.160000 0.033095 0
7539.520000 0.034803 0
7542.880000 0.033516 0
7546.240000 0.037118 0
7549.600000 0.034577 0
7552.960000 0.030834 0
7556.320000 0.036091 0
7559.680000 0.037760 0
7563.040000 0.029730 0
7566.400000 0.029897 0
7569.760000 0.033210 0
7573.120000 0.031083 0
7576.480000 0.037534 0
7579.840000 0.029947 0
7583.200000 0.034877 0
7586.560000 0.031875 0
7589.920000 0.032951 0
7593.280000 0.034301 0
7596.640000 0.034677 0
7600.000000 0.021853 0
7603.360000 0.013255 0
7606.720000 0.030931 0
7610.080000 0.035545 0
7613.440000 0.042650 0
7616.800000 0.038362 0
7620.160000 0.038774 0
7623.520000 0.032189 0
7626.880000 0.037799 0
7630.240000 0.033830 0
7633.600000 0.034190 0
7636.960000 0.032513 0
7640.320000 0.024621 0
7643.680000 0.030211 0
7647.040000 0.039258 0
7650.400000 0.029277 0
7653.760000 0.040034 0
7657.120000 0.039499 0
7660.480000 0.035636 0
7663.840000 0.033971 0
7667.200000 0.032062 0
7670.560000 0.030887 0
7673.920000 0.032090 0
7677.280000 0.028407 0
7680.640000 0.026615 0
7684.000000 0.033476 0
7687.360000 0.037747 0
7690.720000 0.033675 0
7694.080000 0.033890 0
7697.440000 0.031198 0
7700.800000 0.030375 0
7704.160000 0.033663 0
7707.520000 0.028106 0
7710.880000 0.023816 0
7714.240000 0.033142 0
7717.600000 0.044098 0
7720.960000 0.038304 0
7724.320000 0.032207 0
7727.680000 0.034101 0
7731.040000 0.036866 0
7734.400000 0.035524 0
7737.760000 0.031243 0
7741.120000 0.029129 0
7744.480000 0.027792 0
7747.840000 0.024203 0
7751.200000 0.034246 0
7754.560000 0.031852 0
7757.920000 0.036468 0
7761.280000 0.028255 0
7764.640000 0.034302 0
7768.000000 0.039117 0
7771.360000 0.037508 0
7774.720000 0.039571 0
7778.080000 0.031347 0
7781.440000 0.030020 0
7784.800000 0.035350 0
7788.160000 0.035342 0
7791.520000 0.047585 0
7794.880000 0.051595 0
7798.240000 0.039574 0
7801.600000 0.037806 0
7804.960000 0.037909 0
7808.320000 0.029459 0
7811.680000 0.035731 0
7815.040000 0.029586 0
7818.400000 0.045299 0
7821.760000 0.029779 0
7825.120000 0.030648 0
7828.480000 0.040447 0
7831.840000 0.039948 0
7835.200000 0.027800 0
7838.560000 0.036409 0
7841.920000 0.038973 0
7845.280000 0.026653 0
7848.640000 0.033787 0
7852.000000 0.033735 0
7855.360000 0.050328 0
7858.720000 0.034978 0
7862.080000 0.026379 0
7865.440000 0.025519 0
7868.800000 0.027033 0
7872.160000 0.027488 0
7875.520000 0.028625 0
7878.880000 0.034589 0
7882.240000 0.030133 0
7885.600000 0.039376 0
7888.960000 0.044689 0
7892.320000 0.045976 0
7895.680000 0.041195 0
7899.040000 0.033891 0
7902.400000 0.030851 0
7905.760000 0.027452 0
7909.120000 0.035719 0
7912.480000 0.037901 0
7915.840000 0.022027 0
7919.200000 0.029084 0
7922.560000 0.046385 0
7925.920000 0.044886 0
7929.280000 0.033885 0
7932.640000 0.045425 0
7936.000000 0.036714 0
7939.360000 0.036889 0
7942.720000 0.032234 0
7946.080000 0.046807 0
7949.440000 0.032817 0
7952.800000 0.028978 0
7956.160000 0.030842 0
7959.520000 0.032016 0
7962.880000 0.043969 0
7966.240000 0.038422 0
7969.600000 0.029470 0
7972.960000 0.034766 0
7976.320000 0.032063 0
7979.680000 0.038480 0
7983.040000 0.039015 0
7986.400000 0.026101 0
7989.760000 0.033882 0
7993.120000 0.035443 0
7996.480000 0.039256 0
7999.840000 0.038580 0
8003.200000 0.042572 0
8006.560000 0.033055 0
8009.920000 0.041247 0
8013.280000 0.039554 0
8016.640000 0.025733 0
8020.000000 0.036760 0
8023.360000 0.029224 0
8026.720000 0.027497 0
8030.080000 0.029651 0
8033.440000 0.030062 0
8036.800000 0.039986 0
8040.160000 0.034074 0
8043.520000 0.035579 0
8046.880000 0.034285 0
8050.240000 0.031323 0
8053.600000 0.032562 0
8056.960000 0.037880 0
8060.320000 0.048765 0
8063.680000 0.041952 0
8067.040000 0.024531 0
8070.400000 0.041946 0
8073.760000 0.036074 0
8077.120000 0.034011 0
8080.480000 0.032856 0
8083.840000 0.036578 0
8087.200000 0.030635 0
8090.560000 0.028937 0
8093.920000 0.037171 0
8097.280000 0.032748 0
8100.640000 0.027620 0
8104.000000 0.032193 0
8107.360000 0.039714 0
8110.720000 0.033005 0
8114.080000 0.031412 0
8117.440000 0.037891 0
8120.800000 0.034793 0
8124.160000 0.034913 0
8127.520000 0.038766 0
8130.880000 0.034653 0
8134.240000 0.031314 0
8137.600000 0.034767 0
8140.960000 0.030408 0
8144.320000 0.034867 0
8147.680000 0.042320 0
8151.040000 0.031474 0
8154.400000 0.028700 0
8157.760000 0.028284 0
8161.120000 0.030690 0
8164.480000 0.035507 0
8167.840000 0.035249 0
8171.200000 0.028849 0
8174.560000 0.027561 0
8177.920000 0.031410 0
8181.280000 0.020854 0
8184.640000 0.023177 0
8188.000000 0.031635 0
8191.360000 0.030095 0
8194.720000 0.045697 0
8198.080000 0.055474 0
8201.440000 0.058822 0
8204.800000 0.052493 0
8208.160000 0.037476 0
8211.520000 0.028803 0
8214.880000 0.027297 0
8218.240000 0.024519 0
8221.600000 0.027413 0
8224.960000 0.032265 0
8228.320000 0.029501 0
8231.680000 0.030108 0
8235.040000 0.029989 0
8238.400000 0.026557 0
8241.760000 0.031670 0
8245.120000 0.034309 0
8248.480000 0.026664 0
8251.840000 0.033047 0
8255.200000 0.033100 0
8258.560000 0.036337 0
8261.920000 0.033088 0
8265.280000 0.030985 0
8268.640000 0.037683 0
8272.000000 0.026521 0
8275.360000 0.020757 0
8278.720000 0.037233 0
8282.080000 0.004755 0
8285.440000 0.020779 0
8288.800000 0.029686 0
8292.160000 0.043265 0
8295.520000 0.049403 0
8298.880000 0.036111 0
8302.240000 0.030411 0
8305.600000 0.022301 0
8308.960000 0.027381 0
8312.320000 0.032453 0
8315.680000 0.034114 0
8319.040000 0.038517 0
8322.400000 0.034211 0
8325.760000 0.036253 0
8329.120000 0.030995 0
8332.480000 0.027634 0
8335.840000 0.018845 0
8339.200000 0.023554 0
8342.560000 0.049906 0
8345.920000 0.044274 0
8349.280000 0.048126 0
8352.640000 0.030843 0
8356.000000 0.036256 0
8359.360000 0.045255 0
8362.720000 0.032948 0
8366.080000 0.034131 0
8369.440000 0.036130 0
8372.800000 0.029495 0
8376.160000 0.034278 0
8379.520000 0.028245 0
8382.880000 0.025922 0
8386.240000 0.033297 0
8389.600000 0.032222 0
8392.960000 0.026617 0
8396.320000 0.031352 0
8399.680000 0.020613 0
8403.040000 0.030471 0
8406.400000 0.040966 0
8409.760000 0.036242 0
8413.120000 0.030674 0
8416.480000 0.030767 0
8419.840000 0.027500 0
8423.200000 0.025377 0
8426.560000 0.017125 0
8429.920000 0.020373 0
8433.280000 0.030397 0
8436.640000 0.035935 0
8440.000000 0.039090 0
8443.360000 0.040684 0
8446.720000 0.042934 0
8450.080000 0.049776 0
8453.440000 0.042351 0
8456.800000 0.036091 0
8460.160000 0.026690 0
8463.520000 0.022205 0
8466.880000 0.037964 0
8470.240000 0.029271 0
8473.600000 0.036707 0
8476.960000 0.037843 0
8480.320000 0.035926 0
8483.680000 0.031676 0
8487.040000 0.035213 0
8490.400000 0.028750 0
8493.760000 0.029464 0
8497.120000 0.027355 0
8500.480000 0.026090 0
8503.840000 0.018064 0
8507.200000 0.030350 0
8510.560000 0.038310 0
8513.920000 0.031127 0
8517.280000 0.038623 0
8520.640000 0.033136 0
8524.000000 0.035388 0
8527.360000 0.026094 0
8530.720000 0.035220 0
8534.080000 0.033955 0
8537.440000 0.035227 0
8540.800000 0.024085 0
8544.160000 0.039153 0
8547.520000 0.035078 0
8550.880000 0.031308 0
8554.240000 0.036920 0
8557.600000 0.040166 0
8560.960000 0.040479 0
8564.320000 0.031984 0
8567.680000 0.031810 0
8571.040000 0.033875 0
8574.400000 0.032797 0
8577.760000 0.030005 0
8581.120000 0.026305 0
8584.480000 0.021614 0
8587.840000 0.030638 0
8591.200000 0.030880 0
8594.560000 0.032138 0
8597.920000 0.031372 0
8601.280000 0.032425 0
8604.640000 0.025262 0
8608.000000 0.029017 0
8611.360000 0.033356 0
8614.720000 0.026574 0
8618.080000 0.022009 0
8621.440000 0.023023 0
8624.800000 0.015731 0
8628.160000 0.027006 0
8631.520000 0.033717 0
8634.880000 0.027418 0
8638.240000 0.030358 0
8641.600000 0.025599 0
8644.960000 0.024454 0
8648.320000 0.019313 0
8651.680000 0.027899 0
8655.040000 0.028740 0
8658.400000 0.013422 0
8661.760000 0.031669 0
8665.120000 0.018474 0
8668.480000 0.023309 0
8671.840000 0.036039 0
8675.200000 0.026806 0
8678.560000 0.033606 0
8681.920000 0.019743 0
8685.280000 0.028693 0
8688.640000 0.030422 0
8692.000000 0.024556 0
8695.360000 0.023812 0
8698.720000 0.029419 0
8702.080000 0.031841 0
8705.440000 0.031289 0
8708.800000 0.033459 0
8712.160000 0.034361 0
8715.520000 0.024488 0
8718.880000 0.025886 0
8722.240000 0.022431 0
8725.600000 0.024681 0
8728.960000 0.027381 0
8732.320000 0.031377 0
8735.680000 0.028119 0
8739.040000 0.030392 0
8742.400000 0.028814 0
8745.760000 0.029131 0
8749.120000 0.031253 0
8752.480000 0.021676 0
8755.840000 0.030092 0
8759.200000 -0.015209 0
8762.560000 0.003716 0
8765.920000 0.022256 0
8769.280000 0.031954 0
8772.640000 0.019121 0
8776.000000 0.025193 0
8779.360000 0.044876 0
8782.720000 0.040761 0
8786.080000 0.018845 0
8789.440000 0.032223 0
8792.800000 0.035886 0
8796.160000 0.036040 0
8799.520000 0.037027 0
8802.880000 0.025774 0
8806.240000 0.031944 0
8809.600000 0.032023 0
8812.960000 0.028676 0
8816.320000 0.037504 0
8819.680000 -0.001725 0
8823.040000 0.017130 0
8826.400000 0.025117 0
8829.760000 0.022231 0
8833.120000 0.030871 0
8836.480000 0.056631 0
8839.840000 0.033290 0
8843.200000 0.032217 0
8846.560000 0.043964 0
8849.920000 0.030454 0
8853.280000 0.037268 0
8856.640000 0.031013 0
8860.000000 0.021250 0
8863.360000 0.032529 0
8866.720000 0.037140 0
8870.080000 0.033310 0
8873.440000 0.019540 0
8876.800000 0.030375 0
8880.160000 0.002765 0
8883.520000 0.033119 0
8886.880000 0.041513 0
8890.240000 0.033316 0
8893.600000 0.036692 0
8896.960000 0.029149 0
8900.320000 0.032802 0
8903.680000 0.018206 0
8907.040000 0.035067 0
8910.400000 0.025922 0
8913.760000 -0.007249 0
8917.120000 0.033447 0
8920.480000 0.034650 0
8923.840000 0.035094 0
8927.200000 0.049171 0
8930.560000 0.025751 0
8933.920000 0.026824 0
8937.280000 0.042448 0
8940.640000 0.043281 0
8944.000000 0.041726 0
8947.360000 0.039057 0
8950.720000 0.025041 0
8954.080000 0.014778 0
8957.440000 0.008892 0
8960.800000 0.028826 0
8964.160000 0.046570 0
8967.520000 0.034573 0
8970.880000 0.040024 0
8974.240000 0.032029 0
8977.600000 0.033545 0
8980.960000 0.029939 0
8984.320000 0.033887 0
8987.680000 0.016168 0
8991.040000 0.024809 0
8994.400000 0.019029 0
8997.760000 0.028500 0
9001.120000 0.017130 0
9004.480000 -0.000328 0
9007.840000 0.033083 0
9011.200000 0.024838 0
9014.560000 0.029384 0
9017.920000 0.030895 0
9021.280000 0.034401 0
9024.640000 0.029307 0
9028.000000 0.029951 0
9031.360000 0.037961 0
9034.720000 0.029447 0
9038.080000 0.032887 0
9041.440000 0.025135 0
9044.800000 0.026255 0
9048.160000 0.034680 0
9051.520000 0.029379 0
9054.880000 0.026934 0
9058.240000 0.028265 0
9061.600000 0.036439 0
9064.960000 0.030534 0
9068.320000 0.036805 0
9071.680000 0.043555 0
9075.040000 0.038379 0
9078.400000 0.031059 0
9081.760000 0.030474 0
9085.120000 0.037916 0
9088.480000 0.025999 0
9091.840000 0.032198 0
9095.200000 0.034319 0
9098.560000 0.024633 0
9101.920000 0.025161 0
9105.280000 0.032082 0
9108.640000 0.033888 0
9112.000000 0.028822 0
9115.360000 0.026066 0
9118.720000 0.032321 0
9122.080000 0.034660 0
9125.440000 0.029930 0
9128.800000 0.034574 0
9132.160000 0.035927 0
9135.520000 0.038946 0
9138.880000 0.041877 0
9142.240000 0.030302 0
9145.600000 0.031385 0
9148.960000 0.025334 0
9152.320000 0.026167 0
9155.680000 0.029460 0
9159.040000 0.021411 0
9162.400000 0.015459 0
9165.760000 0.032857 0
9169.120000 0.037180 0
9172.480000 0.031469 0
9175.840000 0.030494 0
9179.200000 0.026624 0
9182.560000 0.032976 0
9185.920000 0.032637 0
9189.280000 0.033692 0
9192.640000 0.034678 0
9196.000000 0.028669 0
9199.360000 0.030165 0
9202.720000 0.034271 0
9206.080000 0.044928 0
9209.440000 0.040336 0
9212.800000 0.040160 0
9216.160000 0.039444 0
9219.520000 0.024982 0
9222.880000 0.036826 0
9226.240000 0.039543 0
9229.600000 0.032311 0
9232.960000 0.032573 0
9236.320000 0.032002 0
9239.680000 0.033059 0
9243.040000 0.029122 0
9246.400000 0.024943 0
9249.760000 0.030310 0
