# obs: 255754-58fits
# slit: 1
# z: 0.44853
# lines: 4000{AA}-break,G,H{beta}
# spec: 244
4451.680000 0.000000 1
4455.040000 0.000000 1
4458.400000 0.000000 1
4461.760000 0.000000 1
4465.120000 0.000000 1
4468.480000 0.000000 1
4471.840000 0.000000 1
4475.200000 0.000000 1
4478.560000 0.000000 1
4481.920000 0.000000 1
4485.280000 0.000000 1
4488.640000 0.000000 1
4492.000000 0.000000 1
4495.360000 0.000000 1
4498.720000 0.000000 1
4502.080000 0.012960 0
4505.440000 -0.001117 0
4508.800000 0.002185 0
4512.160000 -0.000059 0
4515.520000 -0.000497 0
4518.880000 0.001700 0
4522.240000 0.010717 0
4525.600000 0.003771 0
4528.960000 0.001252 0
4532.320000 0.003092 0
4535.680000 0.006513 0
4539.040000 0.011070 0
4542.400000 -0.004777 0
4545.760000 0.008303 0
4549.120000 0.011779 0
4552.480000 0.007450 0
4555.840000 0.002460 0
4559.200000 0.009960 0
4562.560000 0.008398 0
4565.920000 -0.000532 0
4569.280000 0.007631 0
4572.640000 0.012143 0
4576.000000 0.008296 0
4579.360000 0.006248 0
4582.720000 0.003068 0
4586.080000 0.003971 0
4589.440000 0.009172 0
4592.800000 0.005402 0
4596.160000 0.005420 0
4599.520000 0.008529 0
4602.880000 0.010777 0
4606.240000 0.006957 0
4609.600000 0.006078 0
4612.960000 0.004117 0
4616.320000 0.005639 0
4619.680000 0.005623 0
4623.040000 0.006581 0
4626.400000 0.000207 0
4629.760000 0.008996 0
4633.120000 0.007337 0
4636.480000 0.008702 0
4639.840000 0.009767 0
4643.200000 -0.002374 0
4646.560000 0.005115 0
4649.920000 0.008251 0
4653.280000 0.007839 0
4656.640000 0.007019 0
4660.000000 0.009104 0
4663.360000 0.014773 0
4666.720000 0.006329 0
4670.080000 -0.004378 0
4673.440000 0.005770 0
4676.800000 0.005500 0
4680.160000 0.010013 0
4683.520000 0.014207 0
4686.880000 -0.001722 0
4690.240000 0.008485 0
4693.600000 0.004180 0
4696.960000 0.007218 0
4700.320000 0.006593 0
4703.680000 0.006834 0
4707.040000 0.002612 0
4710.400000 0.006454 0
4713.760000 0.008093 0
4717.120000 0.009683 0
4720.480000 0.012500 0
4723.840000 0.005521 0
4727.200000 -0.000658 0
4730.560000 0.010973 0
4733.920000 0.011474 0
4737.280000 0.013317 0
4740.640000 0.004855 0
4744.000000 0.004152 0
4747.360000 0.002154 0
4750.720000 0.010598 0
4754.080000 0.008002 0
4757.440000 0.001201 0
4760.800000 0.005703 0
4764.160000 0.003061 0
4767.520000 0.010013 0
4770.880000 0.007787 0
4774.240000 0.006005 0
4777.600000 0.016546 0
4780.960000 0.008826 0
4784.320000 0.007012 0
4787.680000 0.009163 0
4791.040000 0.009305 0
4794.400000 0.003341 0
4797.760000 0.007381 0
4801.120000 0.002498 0
4804.480000 0.009385 0
4807.840000 0.002461 0
4811.200000 0.006177 0
4814.560000 0.003208 0
4817.920000 0.009350 0
4821.280000 0.005847 0
4824.640000 0.010196 0
4828.000000 0.003420 0
4831.360000 0.007460 0
4834.720000 0.007822 0
4838.080000 0.006889 0
4841.440000 0.008794 0
4844.800000 0.008036 0
4848.160000 0.014923 0
4851.520000 0.004014 0
4854.880000 0.005368 0
4858.240000 0.004884 0
4861.600000 0.005556 0
4864.960000 0.001792 0
4868.320000 0.006791 0
4871.680000 0.007977 0
4875.040000 0.002343 0
4878.400000 0.008894 0
4881.760000 0.004498 0
4885.120000 0.009904 0
4888.480000 0.007968 0
4891.840000 0.008825 0
4895.200000 0.009304 0
4898.560000 0.012298 0
4901.920000 0.007662 0
4905.280000 0.003760 0
4908.640000 0.007224 0
4912.000000 0.010192 0
4915.360000 0.006050 0
4918.720000 0.000641 0
4922.080000 0.004954 0
4925.440000 -0.000879 0
4928.800000 0.006238 0
4932.160000 0.008037 0
4935.520000 0.007053 0
4938.880000 0.009771 0
4942.240000 0.011540 0
4945.600000 -0.001072 0
4948.960000 0.003038 0
4952.320000 0.000304 0
4955.680000 0.009449 0
4959.040000 0.007227 0
4962.400000 0.006186 0
4965.760000 0.007226 0
4969.120000 0.005906 0
4972.480000 0.010009 0
4975.840000 0.012112 0
4979.200000 0.011968 0
4982.560000 0.006404 0
4985.920000 0.004542 0
4989.280000 0.004314 0
4992.640000 0.006244 0
4996.000000 0.007711 0
4999.360000 0.003239 0
5002.720000 0.007793 0
5006.080000 0.018303 0
5009.440000 0.008091 0
5012.800000 0.010096 0
5016.160000 0.004688 0
5019.520000 0.009622 0
5022.880000 0.014789 0
5026.240000 0.009202 0
5029.600000 0.003865 0
5032.960000 0.005567 0
5036.320000 0.001044 0
5039.680000 0.006464 0
5043.040000 0.006268 0
5046.400000 0.003576 0
5049.760000 0.006217 0
5053.120000 0.003804 0
5056.480000 0.006976 0
5059.840000 0.001815 0
5063.200000 0.008467 0
5066.560000 0.007154 0
5069.920000 0.009259 0
5073.280000 0.001753 0
5076.640000 -0.002106 0
5080.000000 -0.000460 0
5083.360000 0.008460 0
5086.720000 0.008718 0
5090.080000 0.008036 0
5093.440000 0.003516 0
5096.800000 0.008399 0
5100.160000 0.011015 0
5103.520000 0.011765 0
5106.880000 0.004467 0
5110.240000 0.008845 0
5113.600000 0.005069 0
5116.960000 0.007726 0
5120.320000 0.007135 0
5123.680000 0.002015 0
5127.040000 0.001213 0
5130.400000 0.008799 0
5133.760000 0.010744 0
5137.120000 0.007786 0
5140.480000 0.003549 0
5143.840000 0.001608 0
5147.200000 0.005749 0
5150.560000 0.006136 0
5153.920000 0.002240 0
5157.280000 0.010925 0
5160.640000 0.012180 0
5164.000000 0.009989 0
5167.360000 0.008932 0
5170.720000 0.000279 0
5174.080000 0.005012 0
5177.440000 0.007815 0
5180.800000 0.007512 0
5184.160000 0.013039 0
5187.520000 0.002232 0
5190.880000 0.001963 0
5194.240000 0.009015 0
5197.600000 0.006676 0
5200.960000 0.000411 0
5204.320000 0.002982 0
5207.680000 0.007530 0
5211.040000 0.015582 0
5214.400000 0.011091 0
5217.760000 0.007845 0
5221.120000 0.011917 0
5224.480000 0.007728 0
5227.840000 0.009283 0
5231.200000 0.004878 0
5234.560000 0.011940 0
5237.920000 0.005260 0
5241.280000 0.000795 0
5244.640000 0.006604 0
5248.000000 0.007888 0
5251.360000 0.005793 0
5254.720000 0.008892 0
5258.080000 0.008221 0
5261.440000 0.006334 0
5264.800000 0.003151 0
5268.160000 0.006077 0
5271.520000 0.005871 0
5274.880000 0.009909 0
5278.240000 0.012161 0
5281.600000 0.005802 0
5284.960000 -0.000026 0
5288.320000 0.010431 0
5291.680000 0.004827 0
5295.040000 0.013842 0
5298.400000 0.004416 0
5301.760000 0.011338 0
5305.120000 0.010046 0
5308.480000 0.012845 0
5311.840000 0.002730 0
5315.200000 0.006542 0
5318.560000 0.012322 0
5321.920000 0.001652 0
5325.280000 0.002904 0
5328.640000 0.010193 0
5332.000000 0.007262 0
5335.360000 0.009283 0
5338.720000 0.006724 0
5342.080000 0.011486 0
5345.440000 0.004476 0
5348.800000 0.010169 0
5352.160000 0.012020 0
5355.520000 0.012209 0
5358.880000 0.009936 0
5362.240000 0.013802 0
5365.600000 0.012781 0
5368.960000 0.004919 0
5372.320000 0.002091 0
5375.680000 0.005644 0
5379.040000 0.008532 0
5382.400000 0.014038 0
5385.760000 0.012298 0
5389.120000 0.011529 0
5392.480000 0.010998 0
5395.840000 0.014010 0
5399.200000 0.008988 0
5402.560000 0.011669 0
5405.920000 0.011663 0
5409.280000 0.007314 0
5412.640000 0.003205 0
5416.000000 0.009704 0
5419.360000 0.010381 0
5422.720000 0.007801 0
5426.080000 0.005956 0
5429.440000 0.004849 0
5432.800000 0.009983 0
5436.160000 0.010472 0
5439.520000 0.006266 0
5442.880000 0.009202 0
5446.240000 0.019294 0
5449.600000 0.010359 0
5452.960000 0.005720 0
5456.320000 0.006059 0
5459.680000 0.012910 0
5463.040000 0.015304 0
5466.400000 0.006615 0
5469.760000 0.010885 0
5473.120000 0.012396 0
5476.480000 0.007907 0
5479.840000 0.011859 0
5483.200000 0.011556 0
5486.560000 0.013460 0
5489.920000 0.011170 0
5493.280000 0.002240 0
5496.640000 0.007819 0
5500.000000 0.007264 0
5503.360000 0.006577 0
5506.720000 0.006712 0
5510.080000 0.013894 0
5513.440000 0.011915 0
5516.800000 0.011761 0
5520.160000 0.012245 0
5523.520000 0.010765 0
5526.880000 0.007807 0
5530.240000 0.012825 0
5533.600000 0.011416 0
5536.960000 0.008423 0
5540.320000 0.003170 0
5543.680000 0.007091 0
5547.040000 0.004626 0
5550.400000 0.006937 0
5553.760000 0.012052 0
5557.120000 0.009940 0
5560.480000 0.005556 1
5563.840000 0.010646 1
5567.200000 0.012594 1
5570.560000 -0.082330 1
5573.920000 -0.008465 1
5577.280000 0.017771 1
5580.640000 0.051707 1
5584.000000 0.117443 1
5587.360000 0.004869 1
5590.720000 0.008701 1
5594.080000 0.010451 1
5597.440000 0.011744 0
5600.800000 0.008542 0
5604.160000 0.012545 0
5607.520000 0.011264 0
5610.880000 0.010406 0
5614.240000 0.015425 0
5617.600000 0.009838 0
5620.960000 0.011691 0
5624.320000 0.009813 0
5627.680000 0.005794 0
5631.040000 0.011134 0
5634.400000 0.008374 0
5637.760000 0.012288 0
5641.120000 0.011284 0
5644.480000 0.006870 0
5647.840000 0.008697 0
5651.200000 0.011634 0
5654.560000 0.008764 0
5657.920000 0.013524 0
5661.280000 0.017600 0
5664.640000 0.005136 0
5668.000000 0.012025 0
5671.360000 0.012716 0
5674.720000 0.006986 0
5678.080000 0.002213 0
5681.440000 0.009848 0
5684.800000 0.011764 0
5688.160000 0.004018 0
5691.520000 0.010001 0
5694.880000 0.005802 0
5698.240000 0.001615 0
5701.600000 0.006841 0
5704.960000 0.010842 0
5708.320000 0.011222 0
5711.680000 0.010570 0
5715.040000 0.012202 0
5718.400000 0.009148 0
5721.760000 0.009583 0
5725.120000 0.007785 0
5728.480000 0.012635 0
5731.840000 0.016370 0
5735.200000 0.006285 0
5738.560000 0.011485 0
5741.920000 0.016589 0
5745.280000 0.010814 0
5748.640000 0.003492 0
5752.000000 0.007991 0
5755.360000 0.007287 0
5758.720000 0.010116 0
5762.080000 0.013243 0
5765.440000 0.015111 0
5768.800000 0.015087 0
5772.160000 0.012650 0
5775.520000 0.005549 0
5778.880000 0.010836 0
5782.240000 0.007775 0
5785.600000 0.007431 0
5788.960000 0.019569 0
5792.320000 0.023368 0
5795.680000 0.011370 0
5799.040000 0.012241 0
5802.400000 0.015006 0
5805.760000 0.009101 0
5809.120000 0.017969 0
5812.480000 0.014352 0
5815.840000 0.012734 0
5819.200000 0.015906 0
5822.560000 0.017750 0
5825.920000 0.018100 0
5829.280000 0.015475 0
5832.640000 0.012356 0
5836.000000 0.018946 0
5839.360000 0.007378 0
5842.720000 0.012438 0
5846.080000 0.017145 0
5849.440000 0.011136 0
5852.800000 0.012116 0
5856.160000 0.019108 0
5859.520000 0.011469 0
5862.880000 0.011621 0
5866.240000 0.018048 0
5869.600000 0.016036 0
5872.960000 0.018349 0
5876.320000 0.018673 0
5879.680000 0.013289 0
5883.040000 -0.001955 0
5886.400000 0.003187 0
5889.760000 -0.001302 0
5893.120000 0.009311 0
5896.480000 0.019248 0
5899.840000 0.024614 0
5903.200000 0.017356 0
5906.560000 0.017568 0
5909.920000 0.018206 0
5913.280000 0.018043 0
5916.640000 0.004397 0
5920.000000 0.012226 0
5923.360000 0.017384 0
5926.720000 0.014973 0
5930.080000 0.007458 0
5933.440000 0.011745 0
5936.800000 0.007995 0
5940.160000 0.013204 0
5943.520000 0.011004 0
5946.880000 0.005806 0
5950.240000 0.011383 0
5953.600000 0.008963 0
5956.960000 0.015418 0
5960.320000 0.014533 0
5963.680000 0.018864 0
5967.040000 0.016178 0
5970.400000 0.017272 0
5973.760000 0.014089 0
5977.120000 0.014373 0
5980.480000 0.009992 0
5983.840000 0.009150 0
5987.200000 0.011071 0
5990.560000 0.013588 0
5993.920000 0.015548 0
5997.280000 0.013847 0
6000.640000 0.010366 0
6004.000000 0.014554 0
6007.360000 0.013699 0
6010.720000 0.016341 0
6014.080000 0.015842 0
6017.440000 0.010837 0
6020.800000 0.015820 0
6024.160000 0.021960 0
6027.520000 0.016873 0
6030.880000 0.017927 0
6034.240000 0.019321 0
6037.600000 0.019433 0
6040.960000 0.016365 0
6044.320000 0.015409 0
6047.680000 0.017811 0
6051.040000 0.019296 0
6054.400000 0.016459 0
6057.760000 0.012094 0
6061.120000 0.010556 0
6064.480000 0.015912 0
6067.840000 0.013902 0
6071.200000 0.015213 0
6074.560000 0.021137 0
6077.920000 0.015310 0
6081.280000 0.012685 0
6084.640000 0.012217 0
6088.000000 0.017342 0
6091.360000 0.010706 0
6094.720000 0.013238 0
6098.080000 0.014519 0
6101.440000 0.013615 0
6104.800000 0.014667 0
6108.160000 0.010029 0
6111.520000 0.016401 0
6114.880000 0.019019 0
6118.240000 0.014628 0
6121.600000 0.014724 0
6124.960000 0.007972 0
6128.320000 0.014791 0
6131.680000 0.014732 0
6135.040000 0.012331 0
6138.400000 0.012659 0
6141.760000 0.019094 0
6145.120000 0.015332 0
6148.480000 0.013698 0
6151.840000 0.014912 0
6155.200000 0.015636 0
6158.560000 0.019817 0
6161.920000 0.014664 0
6165.280000 0.013354 0
6168.640000 0.015084 0
6172.000000 0.007788 0
6175.360000 0.013558 0
6178.720000 0.018200 0
6182.080000 0.012252 0
6185.440000 0.017191 0
6188.800000 0.021940 0
6192.160000 0.013523 0
6195.520000 0.016822 0
6198.880000 0.018106 0
6202.240000 0.011067 0
6205.600000 0.013591 0
6208.960000 0.013788 0
6212.320000 0.012662 0
6215.680000 0.016177 0
6219.040000 0.015490 0
6222.400000 0.012090 0
6225.760000 0.010865 0
6229.120000 0.008044 0
6232.480000 -0.001368 0
6235.840000 0.004031 0
6239.200000 0.009925 0
6242.560000 0.012758 0
6245.920000 0.014007 0
6249.280000 0.017110 0
6252.640000 0.014998 0
6256.000000 0.007395 0
6259.360000 0.019806 0
6262.720000 0.012521 0
6266.080000 0.014171 0
6269.440000 0.013368 0
6272.800000 0.017553 0
6276.160000 0.013874 0
6279.520000 0.015263 0
6282.880000 0.009429 0
6286.240000 0.013382 0
6289.600000 0.011424 0
6292.960000 0.005361 0
6296.320000 0.026121 0
6299.680000 0.021851 0
6303.040000 0.014987 0
6306.400000 0.015253 0
6309.760000 0.016386 0
6313.120000 0.017380 0
6316.480000 0.022453 0
6319.840000 0.013027 0
6323.200000 0.012211 0
6326.560000 0.020121 0
6329.920000 0.018076 0
6333.280000 0.022545 0
6336.640000 0.018701 0
6340.000000 0.021256 0
6343.360000 0.019724 0
6346.720000 0.018621 0
6350.080000 0.014600 0
6353.440000 0.009086 0
6356.800000 0.013439 0
6360.160000 0.017948 0
6363.520000 0.017740 0
6366.880000 0.011039 0
6370.240000 0.010573 0
6373.600000 0.013251 0
6376.960000 0.012329 0
6380.320000 0.015318 0
6383.680000 0.020825 0
6387.040000 0.010275 0
6390.400000 0.014760 0
6393.760000 0.018531 0
6397.120000 0.029191 0
6400.480000 0.025568 0
6403.840000 0.013599 0
6407.200000 0.012417 0
6410.560000 0.012933 0
6413.920000 0.015017 0
6417.280000 0.020251 0
6420.640000 0.016948 0
6424.000000 0.015759 0
6427.360000 0.009514 0
6430.720000 0.014313 0
6434.080000 0.015400 0
6437.440000 0.016829 0
6440.800000 0.016368 0
6444.160000 0.012483 0
6447.520000 0.021102 0
6450.880000 0.013049 0
6454.240000 0.012769 0
6457.600000 0.012192 0
6460.960000 0.012031 0
6464.320000 0.016744 0
6467.680000 0.017604 0
6471.040000 0.021160 0
6474.400000 0.018259 0
6477.760000 0.018106 0
6481.120000 0.015740 0
6484.480000 0.014829 0
6487.840000 0.020124 0
6491.200000 0.020910 0
6494.560000 0.006238 0
6497.920000 0.013470 0
6501.280000 0.018293 0
6504.640000 0.016020 0
6508.000000 0.015292 0
6511.360000 0.022858 0
6514.720000 0.015282 0
6518.080000 0.020770 0
6521.440000 0.023215 0
6524.800000 0.014006 0
6528.160000 0.025834 0
6531.520000 0.024071 0
6534.880000 0.021967 0
6538.240000 0.021388 0
6541.600000 0.018664 0
6544.960000 0.017433 0
6548.320000 0.017349 0
6551.680000 0.020017 0
6555.040000 0.017296 0
6558.400000 0.020105 0
6561.760000 0.015069 0
6565.120000 0.014688 0
6568.480000 0.017118 0
6571.840000 0.017653 0
6575.200000 0.016205 0
6578.560000 0.016874 0
6581.920000 0.010163 0
6585.280000 0.020699 0
6588.640000 0.016410 0
6592.000000 0.020282 0
6595.360000 0.020936 0
6598.720000 0.012746 0
6602.080000 0.018685 0
6605.440000 0.020312 0
6608.800000 0.021360 0
6612.160000 0.023221 0
6615.520000 0.019800 0
6618.880000 0.019668 0
6622.240000 0.021800 0
6625.600000 0.017974 0
6628.960000 0.020876 0
6632.320000 0.013973 0
6635.680000 0.014522 0
6639.040000 0.019059 0
6642.400000 0.018738 0
6645.760000 0.020233 0
6649.120000 0.017400 0
6652.480000 0.018880 0
6655.840000 0.018895 0
6659.200000 0.018684 0
6662.560000 0.014907 0
6665.920000 0.022205 0
6669.280000 0.020407 0
6672.640000 0.023078 0
6676.000000 0.020926 0
6679.360000 0.018282 0
6682.720000 0.015156 0
6686.080000 0.025090 0
6689.440000 0.025400 0
6692.800000 0.024198 0
6696.160000 0.021716 0
6699.520000 0.020039 0
6702.880000 0.018436 0
6706.240000 0.022219 0
6709.600000 0.018393 0
6712.960000 0.023901 0
6716.320000 0.022894 0
6719.680000 0.020460 0
6723.040000 0.019113 0
6726.400000 0.019167 0
6729.760000 0.016020 0
6733.120000 0.015544 0
6736.480000 0.023764 0
6739.840000 0.020207 0
6743.200000 0.020222 0
6746.560000 0.021428 0
6749.920000 0.024470 0
6753.280000 0.022105 0
6756.640000 0.020740 0
6760.000000 0.018725 0
6763.360000 0.015296 0
6766.720000 0.018221 0
6770.080000 0.018257 0
6773.440000 0.014873 0
6776.800000 0.018523 0
6780.160000 0.028206 0
6783.520000 0.020252 0
6786.880000 0.023836 0
6790.240000 0.022926 0
6793.600000 0.020309 0
6796.960000 0.019426 0
6800.320000 0.023248 0
6803.680000 0.017158 0
6807.040000 0.020125 0
6810.400000 0.016515 0
6813.760000 0.018450 0
6817.120000 0.005805 1
6820.480000 -1.668615 1
6823.840000 -0.084962 1
6827.200000 0.207349 1
6830.560000 0.008509 1
6833.920000 0.012786 1
6837.280000 0.014723 1
6840.640000 0.021433 0
6844.000000 0.022984 0
6847.360000 0.017712 0
6850.720000 0.019202 0
6854.080000 0.021871 0
6857.440000 0.024602 0
6860.800000 0.016571 0
6864.160000 0.021502 0
6867.520000 0.013546 0
6870.880000 0.015235 0
6874.240000 0.022645 0
6877.600000 0.021021 0
6880.960000 0.021169 0
6884.320000 0.017544 0
6887.680000 0.016442 0
6891.040000 0.020769 0
6894.400000 0.021350 0
6897.760000 0.018508 0
6901.120000 0.021382 0
6904.480000 0.020950 0
6907.840000 0.019851 0
6911.200000 0.020120 0
6914.560000 0.020522 0
6917.920000 0.017400 0
6921.280000 0.023969 0
6924.640000 0.022545 0
6928.000000 0.014027 0
6931.360000 0.022374 0
6934.720000 0.026674 0
6938.080000 0.026457 0
6941.440000 0.022753 0
6944.800000 0.023465 0
6948.160000 0.021695 0
6951.520000 0.012835 0
6954.880000 0.020151 0
6958.240000 0.018091 0
6961.600000 0.021421 0
6964.960000 0.028153 0
6968.320000 0.021955 0
6971.680000 0.026318 0
6975.040000 0.022395 0
6978.400000 0.021244 0
6981.760000 0.023699 0
6985.120000 0.017894 0
6988.480000 0.017766 0
6991.840000 0.022746 0
6995.200000 0.015246 0
6998.560000 0.020733 0
7001.920000 0.018419 0
7005.280000 0.017628 0
7008.640000 0.016090 0
7012.000000 0.020821 0
7015.360000 0.025915 0
7018.720000 0.022208 0
7022.080000 0.023788 0
7025.440000 0.021891 0
7028.800000 0.021427 0
7032.160000 0.019009 0
7035.520000 0.018809 0
7038.880000 0.016811 0
7042.240000 0.016089 0
7045.600000 0.017362 0
7048.960000 0.014204 0
7052.320000 0.023754 0
7055.680000 0.019937 0
7059.040000 0.022348 0
7062.400000 0.012840 0
7065.760000 0.016683 0
7069.120000 0.020052 0
7072.480000 0.018180 0
7075.840000 0.016955 0
7079.200000 0.020671 0
7082.560000 0.018166 0
7085.920000 0.017879 0
7089.280000 0.020819 0
7092.640000 0.019055 0
7096.000000 0.016917 0
7099.360000 0.020893 0
7102.720000 0.023319 0
7106.080000 0.015303 0
7109.440000 0.016923 0
7112.800000 0.020239 0
7116.160000 0.021970 0
7119.520000 0.020359 0
7122.880000 0.019597 0
7126.240000 0.025566 0
7129.600000 0.017404 0
7132.960000 0.020534 0
7136.320000 0.027065 0
7139.680000 0.022146 0
7143.040000 0.019521 0
7146.400000 0.019497 0
7149.760000 0.016310 0
7153.120000 0.019234 0
7156.480000 0.023576 0
7159.840000 0.021167 0
7163.200000 0.023429 0
7166.560000 0.024186 0
7169.920000 0.020614 0
7173.280000 0.025128 0
7176.640000 0.015150 0
7180.000000 0.013027 0
7183.360000 0.019025 0
7186.720000 0.027323 0
7190.080000 0.031224 0
7193.440000 0.017062 0
7196.800000 0.022331 0
7200.160000 0.022572 0
7203.520000 0.021910 0
7206.880000 0.021993 0
7210.240000 0.020380 0
7213.600000 0.021846 0
7216.960000 0.018882 0
7220.320000 0.021095 0
7223.680000 0.023407 0
7227.040000 0.020327 0
7230.400000 0.023942 0
7233.760000 0.033985 0
7237.120000 0.030630 0
7240.480000 0.032288 0
7243.840000 0.018774 0
7247.200000 0.013925 0
7250.560000 0.018052 0
7253.920000 0.014712 0
7257.280000 0.017603 0
7260.640000 0.021743 0
7264.000000 0.013368 0
7267.360000 0.028074 0
7270.720000 0.029937 0
7274.080000 0.024365 0
7277.440000 0.029144 0
7280.800000 0.020220 0
7284.160000 0.013315 0
7287.520000 0.007203 0
7290.880000 0.007785 0
7294.240000 0.027312 0
7297.600000 0.020753 0
7300.960000 0.010319 0
7304.320000 0.015160 0
7307.680000 0.020129 0
7311.040000 0.028744 0
7314.400000 0.024309 0
7317.760000 0.026234 0
7321.120000 0.022725 0
7324.480000 0.018574 0
7327.840000 0.024147 0
7331.200000 0.037572 0
7334.560000 0.022655 0
7337.920000 0.012373 0
7341.280000 0.023820 0
7344.640000 0.000428 0
7348.000000 -0.000660 0
7351.360000 0.017234 0
7354.720000 0.025221 0
7358.080000 0.012893 0
7361.440000 0.022733 0
7364.800000 0.030131 0
7368.160000 0.017651 0
7371.520000 0.009489 0
7374.880000 0.006181 0
7378.240000 0.012857 0
7381.600000 0.015384 0
7384.960000 0.023387 0
7388.320000 0.016384 0
7391.680000 0.021759 0
7395.040000 0.033909 0
7398.400000 0.014000 0
7401.760000 0.017907 0
7405.120000 0.011251 0
7408.480000 0.000684 0
7411.840000 0.022397 0
7415.200000 0.018547 0
7418.560000 0.017799 0
7421.920000 0.020612 0
7425.280000 0.025816 0
7428.640000 0.025350 0
7432.000000 0.018456 0
7435.360000 0.016976 0
7438.720000 0.023291 0
7442.080000 0.018130 0
7445.440000 0.015760 0
7448.800000 0.021976 0
7452.160000 0.018460 0
7455.520000 0.016959 0
7458.880000 0.015213 0
7462.240000 0.019594 0
7465.600000 0.023494 0
7468.960000 0.023174 0
7472.320000 0.009671 0
7475.680000 0.022332 0
7479.040000 0.021734 0
7482.400000 0.019382 0
7485.760000 0.012653 0
7489.120000 0.010092 0
7492.480000 0.016753 0
7495.840000 0.019580 0
7499.200000 0.022561 0
7502.560000 0.020571 0
7505.920000 0.016266 0
7509.280000 0.018419 0
7512.640000 0.014533 0
7516.000000 0.020787 0
7519.360000 0.011424 0
7522.720000 0.023961 0
7526.080000 0.022897 0
7529.440000 0.018216 0
7532.800000 0.022028 0
7536.160000 0.016629 0
7539.520000 0.019907 0
7542.880000 0.021373 0
7546.240000 0.019633 0
7549.600000 0.016956 0
7552.960000 0.015404 0
7556.320000 0.020406 0
7559.680000 0.021574 0
7563.040000 0.018710 0
7566.400000 0.019620 0
7569.760000 0.016680 0
7573.120000 0.024251 0
7576.480000 0.010085 0
7579.840000 0.011528 0
7583.200000 0.019898 0
7586.560000 0.018135 0
7589.920000 0.020648 0
7593.280000 0.019747 0
7596.640000 0.015160 0
7600.000000 -0.004924 0
7603.360000 -0.001263 0
7606.720000 0.007154 0
7610.080000 0.017474 0
7613.440000 0.028088 0
7616.800000 0.019661 0
7620.160000 0.022574 0
7623.520000 0.018010 0
7626.880000 0.016946 0
7630.240000 0.014099 0
7633.600000 0.029903 0
7636.960000 0.031347 0
7640.320000 0.021898 0
7643.680000 0.021408 0
7647.040000 0.022803 0
7650.400000 0.027045 0
7653.760000 0.027433 0
7657.120000 0.027380 0
7660.480000 0.020547 0
7663.840000 0.025408 0
7667.200000 0.019932 0
7670.560000 0.022392 0
7673.920000 0.020237 0
7677.280000 0.017027 0
7680.640000 0.015311 0
7684.000000 0.017728 0
7687.360000 0.028650 0
7690.720000 0.028130 0
7694.080000 0.020275 0
7697.440000 0.020135 0
7700.800000 0.019650 0
7704.160000 0.016824 0
7707.520000 0.035056 0
7710.880000 0.043919 0
7714.240000 0.012344 0
7717.600000 0.021125 0
7720.960000 0.008630 0
7724.320000 0.012015 0
7727.680000 0.029746 0
7731.040000 0.014892 0
7734.400000 0.019199 0
7737.760000 0.026050 0
7741.120000 0.024675 0
7744.480000 0.037026 0
7747.840000 0.024625 0
7751.200000 0.018312 0
7754.560000 0.019136 0
7757.920000 0.009140 0
7761.280000 0.027596 0
7764.640000 0.018485 0
7768.000000 0.021772 0
7771.360000 0.023853 0
7774.720000 0.027557 0
7778.080000 0.008057 0
7781.440000 0.015381 0
7784.800000 0.016775 0
7788.160000 0.035118 0
7791.520000 0.022791 0
7794.880000 0.013569 0
7798.240000 0.011782 0
7801.600000 0.017750 0
7804.960000 0.024703 0
7808.320000 0.021082 0
7811.680000 0.016223 0
7815.040000 0.032093 0
7818.400000 0.021169 0
7821.760000 0.018035 0
7825.120000 0.016652 0
7828.480000 0.018044 0
7831.840000 0.017647 0
7835.200000 0.016456 0
7838.560000 0.014693 0
7841.920000 0.021751 0
7845.280000 0.038108 0
7848.640000 0.025913 0
7852.000000 0.009116 0
7855.360000 0.023552 0
7858.720000 0.023813 0
7862.080000 0.027440 0
7865.440000 0.029824 0
7868.800000 0.024417 0
7872.160000 0.023749 0
7875.520000 0.014051 0
7878.880000 0.015910 0
7882.240000 0.028849 0
7885.600000 0.011468 0
7888.960000 0.023076 0
7892.320000 0.019812 0
7895.680000 0.010541 0
7899.040000 0.019293 0
7902.400000 0.018330 0
7905.760000 0.034063 0
7909.120000 0.030029 0
7912.480000 0.034839 0
7915.840000 -0.005710 0
7919.200000 -0.017090 0
7922.560000 0.004197 0
7925.920000 -0.009145 0
7929.280000 0.006623 0
7932.640000 0.022936 0
7936.000000 0.019725 0
7939.360000 0.012409 0
7942.720000 0.028868 0
7946.080000 0.025834 0
7949.440000 0.015808 0
7952.800000 0.014867 0
7956.160000 0.013758 0
7959.520000 0.025313 0
7962.880000 0.019162 0
7966.240000 0.014757 0
7969.600000 0.010753 0
7972.960000 0.026022 0
7976.320000 0.018114 0
7979.680000 0.012343 0
7983.040000 0.014114 0
7986.400000 0.010479 0
7989.760000 0.003643 0
7993.120000 0.031073 0
7996.480000 0.025941 0
7999.840000 0.019633 0
8003.200000 0.017292 0
8006.560000 0.021566 0
8009.920000 0.009650 0
8013.280000 0.009021 0
8016.640000 0.021816 0
8020.000000 0.032003 0
8023.360000 0.022184 0
8026.720000 0.009639 0
8030.080000 0.021402 0
8033.440000 0.016603 0
8036.800000 0.023147 0
8040.160000 0.020460 0
8043.520000 0.020418 0
8046.880000 0.028587 0
8050.240000 0.023214 0
8053.600000 0.016324 0
8056.960000 0.014888 0
8060.320000 0.022099 0
8063.680000 0.017904 0
8067.040000 0.026035 0
8070.400000 0.030690 0
8073.760000 0.019168 0
8077.120000 0.016822 0
8080.480000 0.020865 0
8083.840000 0.021334 0
8087.200000 0.026005 0
8090.560000 0.021773 0
8093.920000 0.025266 0
8097.280000 0.026250 0
8100.640000 0.010624 0
8104.000000 0.010653 0
8107.360000 0.020027 0
8110.720000 0.021762 0
8114.080000 0.017276 0
8117.440000 0.022729 0
8120.800000 0.020900 0
8124.160000 0.028006 0
8127.520000 0.020018 0
8130.880000 0.023540 0
8134.240000 0.015377 0
8137.600000 0.015116 0
8140.960000 0.021845 0
8144.320000 0.017432 0
8147.680000 0.026313 0
8151.040000 0.026320 0
8154.400000 0.016060 0
8157.760000 0.013647 0
8161.120000 0.015286 0
8164.480000 0.020001 0
8167.840000 0.022428 0
8171.200000 0.018392 0
8174.560000 0.014843 0
8177.920000 0.026415 0
8181.280000 0.021450 0
8184.640000 0.026546 0
8188.000000 0.021662 0
8191.360000 0.025325 0
8194.720000 0.024078 0
8198.080000 0.021475 0
8201.440000 0.022465 0
8204.800000 0.019026 0
8208.160000 0.023064 0
8211.520000 0.031002 0
8214.880000 0.023200 0
8218.240000 0.019059 0
8221.600000 0.017192 0
8224.960000 0.023888 0
8228.320000 0.016726 0
8231.680000 0.022436 0
8235.040000 0.019454 0
8238.400000 0.017309 0
8241.760000 0.016094 0
8245.120000 0.023904 0
8248.480000 0.024395 0
8251.840000 0.023188 0
8255.200000 0.024139 0
8258.560000 0.022842 0
8261.920000 0.022356 0
8265.280000 0.020103 0
8268.640000 0.017580 0
8272.000000 0.019885 0
8275.360000 0.020346 0
8278.720000 0.025606 0
8282.080000 0.022826 0
8285.440000 0.035047 0
8288.800000 0.045649 0
8292.160000 0.039128 0
8295.520000 0.024477 0
8298.880000 0.017141 0
8302.240000 0.025928 0
8305.600000 0.027882 0
8308.960000 0.025313 0
8312.320000 0.011147 0
8315.680000 0.018168 0
8319.040000 0.018053 0
8322.400000 0.019559 0
8325.760000 0.025826 0
8329.120000 0.024627 0
8332.480000 0.025934 0
8335.840000 -0.006123 0
8339.200000 -0.015093 0
8342.560000 0.013852 0
8345.920000 0.052368 0
8349.280000 0.080898 0
8352.640000 0.039470 0
8356.000000 0.009480 0
8359.360000 0.031313 0
8362.720000 0.028304 0
8366.080000 0.027963 0
8369.440000 0.025244 0
8372.800000 0.017257 0
8376.160000 0.014471 0
8379.520000 0.017842 0
8382.880000 0.019337 0
8386.240000 0.032871 0
8389.600000 0.031425 0
8392.960000 0.005444 0
8396.320000 0.030551 0
8399.680000 0.022676 0
8403.040000 0.018217 0
8406.400000 0.021196 0
8409.760000 0.004907 0
8413.120000 0.023023 0
8416.480000 0.027527 0
8419.840000 0.005169 0
8423.200000 0.014374 0
8426.560000 0.020132 0
8429.920000 0.020743 0
8433.280000 0.034413 0
8436.640000 0.031664 0
8440.000000 0.019372 0
8443.360000 0.019609 0
8446.720000 0.013521 0
8450.080000 0.035760 0
8453.440000 0.025804 0
8456.800000 0.006083 0
8460.160000 0.016890 0
8463.520000 0.010971 0
8466.880000 0.021621 0
8470.240000 0.047131 0
8473.600000 0.027922 0
8476.960000 0.026382 0
8480.320000 0.025749 0
8483.680000 0.018084 0
8487.040000 0.008632 0
8490.400000 0.016207 0
8493.760000 0.021152 0
8497.120000 0.010277 0
8500.480000 0.025710 0
8503.840000 0.020502 0
8507.200000 0.029179 0
8510.560000 0.025522 0
8513.920000 0.020310 0
8517.280000 0.024982 0
8520.640000 0.021712 0
8524.000000 0.027195 0
8527.360000 0.020452 0
8530.720000 0.014473 0
8534.080000 0.016922 0
8537.440000 0.024803 0
8540.800000 0.017082 0
8544.160000 0.016506 0
8547.520000 0.002994 0
8550.880000 0.023062 0
8554.240000 0.036724 0
8557.600000 0.018368 0
8560.960000 0.020555 0
8564.320000 0.018976 0
8567.680000 0.017151 0
8571.040000 0.016903 0
8574.400000 0.018443 0
8577.760000 0.021404 0
8581.120000 0.016197 0
8584.480000 0.018620 0
8587.840000 0.011267 0
8591.200000 0.017640 0
8594.560000 0.020123 0
8597.920000 0.017238 0
8601.280000 0.017420 0
8604.640000 0.026364 0
8608.000000 0.024224 0
8611.360000 0.012717 0
8614.720000 0.008235 0
8618.080000 0.020638 0
8621.440000 0.014347 0
8624.800000 0.006962 0
8628.160000 0.042528 0
8631.520000 0.025718 0
8634.880000 0.020772 0
8638.240000 0.022522 0
8641.600000 0.012466 0
8644.960000 0.017594 0
8648.320000 -0.001123 0
8651.680000 0.006932 0
8655.040000 0.036305 0
8658.400000 0.031217 0
8661.760000 0.032905 0
8665.120000 0.028348 0
8668.480000 0.033046 0
8671.840000 0.003437 0
8675.200000 0.035364 0
8678.560000 0.037248 0
8681.920000 0.030827 0
8685.280000 0.027824 0
8688.640000 0.017200 0
8692.000000 0.028606 0
8695.360000 0.019693 0
8698.720000 0.022961 0
8702.080000 0.022955 0
8705.440000 0.023535 0
8708.800000 0.026556 0
8712.160000 0.011389 0
8715.520000 0.026780 0
8718.880000 0.027003 0
8722.240000 0.022479 0
8725.600000 0.021421 0
8728.960000 0.017589 0
8732.320000 0.009626 0
8735.680000 0.019463 0
8739.040000 0.016152 0
8742.400000 0.021313 0
8745.760000 0.016231 0
8749.120000 0.023185 0
8752.480000 0.015400 0
8755.840000 0.020566 0
8759.200000 0.003871 0
8762.560000 0.028982 0
8765.920000 0.050074 0
8769.280000 0.013853 0
8772.640000 0.030114 0
8776.000000 0.021146 0
8779.360000 0.057228 0
8782.720000 0.032853 0
8786.080000 0.024276 0
8789.440000 0.024049 0
8792.800000 0.016718 0
8796.160000 0.030700 0
8799.520000 0.028213 0
8802.880000 0.023284 0
8806.240000 0.020107 0
8809.600000 0.020867 0
8812.960000 0.025700 0
8816.320000 0.005155 0
8819.680000 -0.053031 0
8823.040000 0.007166 0
8826.400000 0.055455 0
8829.760000 0.047020 0
8833.120000 0.043669 0
8836.480000 0.005870 0
8839.840000 0.019189 0
8843.200000 0.019918 0
8846.560000 0.018429 0
8849.920000 0.028068 0
8853.280000 0.032116 0
8856.640000 0.024119 0
8860.000000 -0.011138 0
8863.360000 0.022721 0
8866.720000 0.031645 0
8870.080000 0.012215 0
8873.440000 0.005726 0
8876.800000 0.013747 0
8880.160000 0.016375 0
8883.520000 0.034783 0
8886.880000 0.053393 0
8890.240000 0.029005 0
8893.600000 0.038858 0
8896.960000 0.015805 0
8900.320000 0.017852 0
8903.680000 0.014883 0
8907.040000 0.031784 0
8910.400000 0.001910 0
8913.760000 -0.005050 0
8917.120000 0.025436 0
8920.480000 0.037828 0
8923.840000 0.027169 0
8927.200000 0.021702 0
8930.560000 0.020237 0
8933.920000 0.011452 0
8937.280000 0.035423 0
8940.640000 0.045719 0
8944.000000 0.009231 0
8947.360000 0.012564 0
8950.720000 0.022793 0
8954.080000 0.025014 0
8957.440000 0.039015 0
8960.800000 0.042022 0
8964.160000 0.023471 0
8967.520000 0.002539 0
8970.880000 0.010321 0
8974.240000 0.014020 0
8977.600000 0.012449 0
8980.960000 0.022424 0
8984.320000 0.018754 0
8987.680000 0.014397 0
8991.040000 0.022421 0
8994.400000 0.042856 0
8997.760000 0.018300 0
9001.120000 0.023976 0
9004.480000 0.021700 0
9007.840000 0.017236 0
9011.200000 0.014844 0
9014.560000 0.019576 0
9017.920000 0.018110 0
9021.280000 0.015320 0
9024.640000 0.008402 0
9028.000000 0.017707 0
9031.360000 0.026733 0
9034.720000 0.034846 0
9038.080000 0.026537 0
9041.440000 0.017487 0
9044.800000 0.037160 0
9048.160000 0.046217 0
9051.520000 0.048244 0
9054.880000 0.035957 0
9058.240000 0.018522 0
9061.600000 0.036451 0
9064.960000 0.045481 0
9068.320000 0.032282 0
9071.680000 0.028593 0
9075.040000 0.030516 0
9078.400000 0.022931 0
9081.760000 0.030457 0
9085.120000 0.041812 0
9088.480000 0.027900 0
9091.840000 0.041970 0
9095.200000 0.047721 0
9098.560000 0.037882 0
9101.920000 0.022204 0
9105.280000 0.046997 0
9108.640000 0.034273 0
9112.000000 0.031189 0
9115.360000 0.034251 0
9118.720000 0.028692 0
9122.080000 0.019819 0
9125.440000 0.024476 0
9128.800000 0.027932 0
9132.160000 0.028359 0
9135.520000 0.040881 0
9138.880000 0.040282 0
9142.240000 0.036420 0
9145.600000 0.033059 0
9148.960000 0.039178 0
9152.320000 0.040349 0
9155.680000 0.051330 0
9159.040000 0.041406 0
9162.400000 0.034902 0
9165.760000 0.038126 0
9169.120000 0.025476 0
9172.480000 0.023572 0
9175.840000 0.027493 0
9179.200000 0.033971 0
9182.560000 0.029608 0
9185.920000 0.022915 0
9189.280000 0.026467 0
9192.640000 0.034242 0
9196.000000 0.025449 0
9199.360000 0.026945 0
9202.720000 0.028358 0
9206.080000 0.025302 0
9209.440000 0.017127 0
9212.800000 0.030673 0
9216.160000 0.042194 0
9219.520000 0.035145 0
9222.880000 0.029277 0
9226.240000 0.028008 0
9229.600000 0.031100 0
9232.960000 0.025254 0
9236.320000 0.028561 0
9239.680000 0.030168 0
9243.040000 0.025292 0
9246.400000 0.033161 0
9249.760000 0.031341 0
