# obs: 255710
# slit: 16
# z: 0.33705
# lines: [OII],H8,H,[OIII]
# spec: 400
4451.680000 0.000000 1
4455.040000 0.000000 1
4458.400000 0.000000 1
4461.760000 0.000000 1
4465.120000 0.000000 1
4468.480000 0.000000 1
4471.840000 0.000000 1
4475.200000 0.000000 1
4478.560000 0.000000 1
4481.920000 0.000000 1
4485.280000 0.000000 1
4488.640000 0.000000 1
4492.000000 0.000000 1
4495.360000 0.000000 1
4498.720000 0.000000 1
4502.080000 0.000000 1
4505.440000 -0.009577 0
4508.800000 -0.000037 0
4512.160000 0.009382 0
4515.520000 0.025706 0
4518.880000 0.018333 0
4522.240000 0.010584 0
4525.600000 -0.015225 0
4528.960000 -0.011745 0
4532.320000 0.037409 0
4535.680000 -0.009512 0
4539.040000 0.002812 0
4542.400000 0.020051 0
4545.760000 0.024425 0
4549.120000 -0.001740 0
4552.480000 0.009324 0
4555.840000 0.022752 0
4559.200000 0.021292 0
4562.560000 0.016499 0
4565.920000 0.012074 0
4569.280000 0.009481 0
4572.640000 -0.009236 0
4576.000000 0.017703 0
4579.360000 0.029041 0
4582.720000 0.011909 0
4586.080000 0.015067 0
4589.440000 0.032654 0
4592.800000 0.014183 0
4596.160000 0.019434 0
4599.520000 0.016655 0
4602.880000 0.011410 0
4606.240000 0.008182 0
4609.600000 0.023835 0
4612.960000 0.016032 0
4616.320000 0.020547 0
4619.680000 0.026210 0
4623.040000 0.014328 0
4626.400000 0.022893 0
4629.760000 0.014940 0
4633.120000 -0.001191 0
4636.480000 -0.001429 0
4639.840000 0.001814 0
4643.200000 0.013041 0
4646.560000 0.023193 0
4649.920000 0.002157 0
4653.280000 -0.003155 0
4656.640000 0.011511 0
4660.000000 0.009658 0
4663.360000 0.018943 0
4666.720000 0.010550 0
4670.080000 0.003025 0
4673.440000 0.011555 0
4676.800000 0.022791 0
4680.160000 0.014479 0
4683.520000 0.020425 0
4686.880000 0.032217 0
4690.240000 0.019127 0
4693.600000 0.001439 0
4696.960000 0.029771 0
4700.320000 0.009964 0
4703.680000 0.027977 0
4707.040000 -0.004852 0
4710.400000 0.007165 0
4713.760000 0.013260 0
4717.120000 0.017235 0
4720.480000 0.026521 0
4723.840000 0.015536 0
4727.200000 0.015167 0
4730.560000 0.035971 0
4733.920000 0.021244 0
4737.280000 -0.005869 0
4740.640000 0.001512 0
4744.000000 0.022411 0
4747.360000 0.027991 0
4750.720000 0.028526 0
4754.080000 0.011864 0
4757.440000 0.001403 0
4760.800000 0.011969 0
4764.160000 0.010027 0
4767.520000 0.004172 0
4770.880000 0.019365 0
4774.240000 0.024791 0
4777.600000 0.003149 0
4780.960000 0.028389 0
4784.320000 0.010455 0
4787.680000 0.021958 0
4791.040000 0.003971 0
4794.400000 0.013139 0
4797.760000 -0.006496 0
4801.120000 0.002401 0
4804.480000 0.014605 0
4807.840000 0.007090 0
4811.200000 -0.007493 0
4814.560000 0.013090 0
4817.920000 0.015355 0
4821.280000 0.022318 0
4824.640000 0.001687 0
4828.000000 0.018494 0
4831.360000 -0.001168 0
4834.720000 0.015197 0
4838.080000 0.014923 0
4841.440000 0.006501 0
4844.800000 0.016438 0
4848.160000 -0.003773 0
4851.520000 0.011817 0
4854.880000 0.039418 0
4858.240000 0.014315 0
4861.600000 0.018672 0
4864.960000 0.008193 0
4868.320000 0.015426 0
4871.680000 0.014796 0
4875.040000 0.018727 0
4878.400000 0.016977 0
4881.760000 0.007847 0
4885.120000 0.009115 0
4888.480000 0.004244 0
4891.840000 0.015575 0
4895.200000 0.029538 0
4898.560000 0.018133 0
4901.920000 0.006824 0
4905.280000 -0.005116 0
4908.640000 0.007374 0
4912.000000 0.011327 0
4915.360000 0.026701 0
4918.720000 0.013154 0
4922.080000 0.013236 0
4925.440000 0.007263 0
4928.800000 0.016728 0
4932.160000 0.002760 0
4935.520000 0.018502 0
4938.880000 0.016464 0
4942.240000 0.011475 0
4945.600000 0.019149 0
4948.960000 0.001722 0
4952.320000 0.009551 0
4955.680000 0.015514 0
4959.040000 0.009405 0
4962.400000 0.011549 0
4965.760000 0.012332 0
4969.120000 0.019572 0
4972.480000 0.009461 0
4975.840000 0.002788 0
4979.200000 0.024421 0
4982.560000 0.046641 0
4985.920000 0.055072 0
4989.280000 0.041170 0
4992.640000 0.020892 0
4996.000000 0.007319 0
4999.360000 0.008693 0
5002.720000 -0.000614 0
5006.080000 0.025649 0
5009.440000 0.001889 0
5012.800000 -0.003087 0
5016.160000 0.008862 0
5019.520000 0.000589 0
5022.880000 -0.000234 0
5026.240000 -0.005376 0
5029.600000 0.010234 0
5032.960000 0.009092 0
5036.320000 0.010929 0
5039.680000 0.014150 0
5043.040000 0.004975 0
5046.400000 0.009329 0
5049.760000 0.035534 0
5053.120000 0.024094 0
5056.480000 0.032838 0
5059.840000 0.027113 0
5063.200000 0.017467 0
5066.560000 0.008281 0
5069.920000 0.014786 0
5073.280000 0.011186 0
5076.640000 0.012853 0
5080.000000 0.034417 0
5083.360000 0.005432 0
5086.720000 0.026183 0
5090.080000 0.023717 0
5093.440000 0.026688 0
5096.800000 0.012894 0
5100.160000 0.008898 0
5103.520000 0.021892 0
5106.880000 0.013789 0
5110.240000 0.004561 0
5113.600000 0.022779 0
5116.960000 0.009153 0
5120.320000 0.016302 0
5123.680000 0.025319 0
5127.040000 0.011566 0
5130.400000 -0.002001 0
5133.760000 0.013315 0
5137.120000 0.013270 0
5140.480000 0.006539 0
5143.840000 0.018181 0
5147.200000 0.008125 0
5150.560000 0.019704 0
5153.920000 0.037113 0
5157.280000 0.025010 0
5160.640000 0.015902 0
5164.000000 0.021153 0
5167.360000 0.013288 0
5170.720000 0.031355 0
5174.080000 0.039606 0
5177.440000 0.027365 0
5180.800000 0.037664 0
5184.160000 0.035439 0
5187.520000 0.015517 0
5190.880000 0.016285 0
5194.240000 0.015673 0
5197.600000 0.008548 0
5200.960000 -0.001718 0
5204.320000 -0.004957 0
5207.680000 0.013745 0
5211.040000 0.028081 0
5214.400000 0.017472 0
5217.760000 0.009691 0
5221.120000 0.012467 0
5224.480000 0.008043 0
5227.840000 0.021791 0
5231.200000 0.014807 0
5234.560000 0.039937 0
5237.920000 0.048732 0
5241.280000 0.006544 0
5244.640000 0.021095 0
5248.000000 0.035764 0
5251.360000 0.016301 0
5254.720000 0.005678 0
5258.080000 0.016415 0
5261.440000 0.009874 0
5264.800000 0.014939 0
5268.160000 0.028082 0
5271.520000 0.011362 0
5274.880000 0.025462 0
5278.240000 0.019740 0
5281.600000 0.011947 0
5284.960000 0.027668 0
5288.320000 0.014914 0
5291.680000 0.006398 0
5295.040000 0.023763 0
5298.400000 0.021649 0
5301.760000 0.008679 0
5305.120000 -0.004027 0
5308.480000 -0.001437 0
5311.840000 0.015371 0
5315.200000 0.014202 0
5318.560000 0.016561 0
5321.920000 0.021460 0
5325.280000 0.012770 0
5328.640000 0.029033 0
5332.000000 0.012885 0
5335.360000 0.015303 0
5338.720000 0.042701 0
5342.080000 0.010674 0
5345.440000 0.015042 0
5348.800000 0.037364 0
5352.160000 0.017242 0
5355.520000 -0.001491 0
5358.880000 0.007435 0
5362.240000 0.013748 0
5365.600000 0.021363 0
5368.960000 0.017560 0
5372.320000 0.001510 0
5375.680000 0.006890 0
5379.040000 0.036670 0
5382.400000 0.041473 0
5385.760000 0.010131 0
5389.120000 -0.002249 0
5392.480000 0.016894 0
5395.840000 0.027062 0
5399.200000 0.017635 0
5402.560000 0.015264 0
5405.920000 0.034704 0
5409.280000 0.009057 0
5412.640000 0.020712 0
5416.000000 0.029270 0
5419.360000 0.032483 0
5422.720000 0.015535 0
5426.080000 0.000052 0
5429.440000 0.018649 0
5432.800000 0.016722 0
5436.160000 0.011043 0
5439.520000 0.030476 0
5442.880000 0.017603 0
5446.240000 0.020021 0
5449.600000 0.025011 0
5452.960000 0.023272 0
5456.320000 0.013298 0
5459.680000 0.031234 0
5463.040000 0.025327 0
5466.400000 0.009171 0
5469.760000 0.004089 0
5473.120000 0.020234 0
5476.480000 0.031378 0
5479.840000 0.012170 0
5483.200000 0.019523 0
5486.560000 0.026023 0
5489.920000 0.034272 0
5493.280000 0.034056 0
5496.640000 0.013317 0
5500.000000 0.015554 0
5503.360000 0.006188 0
5506.720000 0.008359 0
5510.080000 0.025960 0
5513.440000 0.029927 0
5516.800000 0.030498 0
5520.160000 0.013510 0
5523.520000 0.003298 0
5526.880000 0.018580 0
5530.240000 0.025078 0
5533.600000 0.035345 0
5536.960000 0.024122 0
5540.320000 0.008091 0
5543.680000 0.026807 0
5547.040000 0.012804 0
5550.400000 0.016473 0
5553.760000 0.030907 0
5557.120000 0.033614 0
5560.480000 0.011309 0
5563.840000 0.008259 1
5567.200000 0.055843 1
5570.560000 0.240046 1
5573.920000 0.187254 1
5577.280000 0.048932 1
5580.640000 -0.188937 1
5584.000000 -0.176422 1
5587.360000 -0.038141 1
5590.720000 0.006156 1
5594.080000 0.005417 1
5597.440000 0.020295 1
5600.800000 0.008507 1
5604.160000 0.015050 0
5607.520000 0.018351 0
5610.880000 0.019112 0
5614.240000 0.032342 0
5617.600000 0.028829 0
5620.960000 0.010539 0
5624.320000 0.008817 0
5627.680000 0.003943 0
5631.040000 0.022080 0
5634.400000 0.028569 0
5637.760000 0.029845 0
5641.120000 0.002008 0
5644.480000 0.037254 0
5647.840000 0.040030 0
5651.200000 0.018382 0
5654.560000 0.017343 0
5657.920000 0.016876 0
5661.280000 0.006634 0
5664.640000 0.003554 0
5668.000000 0.033373 0
5671.360000 0.027388 0
5674.720000 0.026806 0
5678.080000 0.025936 0
5681.440000 0.025046 0
5684.800000 0.021427 0
5688.160000 0.007073 0
5691.520000 0.012823 0
5694.880000 0.021079 0
5698.240000 0.015601 0
5701.600000 0.030999 0
5704.960000 0.023162 0
5708.320000 0.038648 0
5711.680000 0.009304 0
5715.040000 0.024003 0
5718.400000 0.019495 0
5721.760000 0.023150 0
5725.120000 0.001366 0
5728.480000 0.032807 0
5731.840000 0.016790 0
5735.200000 0.027647 0
5738.560000 0.011258 0
5741.920000 0.013332 0
5745.280000 0.028841 0
5748.640000 0.033974 0
5752.000000 0.024909 0
5755.360000 0.016812 0
5758.720000 0.020709 0
5762.080000 0.026286 0
5765.440000 0.022266 0
5768.800000 -0.003083 0
5772.160000 0.002346 0
5775.520000 0.021851 0
5778.880000 0.018343 0
5782.240000 0.008052 0
5785.600000 0.014388 0
5788.960000 0.020893 0
5792.320000 0.016243 0
5795.680000 0.006459 0
5799.040000 0.017986 0
5802.400000 0.016749 0
5805.760000 0.023655 0
5809.120000 0.022049 0
5812.480000 0.018749 0
5815.840000 0.014581 0
5819.200000 0.014857 0
5822.560000 0.025514 0
5825.920000 0.023526 0
5829.280000 0.047908 0
5832.640000 0.023514 0
5836.000000 0.027881 0
5839.360000 0.000748 0
5842.720000 0.008188 0
5846.080000 0.004713 0
5849.440000 0.009781 0
5852.800000 0.014111 0
5856.160000 0.023025 0
5859.520000 0.020467 0
5862.880000 0.031985 0
5866.240000 0.017208 0
5869.600000 0.001666 0
5872.960000 0.007498 0
5876.320000 0.014114 0
5879.680000 0.049044 0
5883.040000 0.096461 0
5886.400000 0.107848 0
5889.760000 0.041758 0
5893.120000 0.010650 0
5896.480000 -0.088918 0
5899.840000 -0.027067 0
5903.200000 -0.007006 0
5906.560000 0.027694 0
5909.920000 0.030793 0
5913.280000 0.023359 0
5916.640000 0.015590 0
5920.000000 0.012668 0
5923.360000 0.046654 0
5926.720000 0.044357 0
5930.080000 0.028636 0
5933.440000 0.017295 0
5936.800000 0.019759 0
5940.160000 0.022831 0
5943.520000 0.006234 0
5946.880000 0.010050 0
5950.240000 0.028993 0
5953.600000 0.019826 0
5956.960000 0.019711 0
5960.320000 0.006225 0
5963.680000 0.012403 0
5967.040000 0.005711 0
5970.400000 0.032361 0
5973.760000 0.025028 0
5977.120000 0.011347 0
5980.480000 -0.000190 0
5983.840000 0.013137 0
5987.200000 0.019938 0
5990.560000 0.033553 0
5993.920000 0.031297 0
5997.280000 0.010073 0
6000.640000 0.025195 0
6004.000000 0.035047 0
6007.360000 0.035972 0
6010.720000 0.022645 0
6014.080000 -0.002249 0
6017.440000 0.011931 0
6020.800000 -0.002757 0
6024.160000 0.018282 0
6027.520000 0.039364 0
6030.880000 0.018230 0
6034.240000 0.019048 0
6037.600000 0.021208 0
6040.960000 0.015534 0
6044.320000 0.027747 0
6047.680000 0.012658 0
6051.040000 0.014784 0
6054.400000 0.030603 0
6057.760000 0.017929 0
6061.120000 0.014243 0
6064.480000 0.037275 0
6067.840000 0.030343 0
6071.200000 0.034824 0
6074.560000 0.024676 0
6077.920000 0.006516 0
6081.280000 0.023437 0
6084.640000 0.006868 0
6088.000000 0.022401 0
6091.360000 0.010959 0
6094.720000 0.014862 0
6098.080000 0.024878 0
6101.440000 0.021505 0
6104.800000 0.031817 0
6108.160000 0.013312 0
6111.520000 0.004335 0
6114.880000 0.017393 0
6118.240000 0.016229 0
6121.600000 0.021238 0
6124.960000 0.015835 0
6128.320000 0.021162 0
6131.680000 0.017588 0
6135.040000 0.029780 0
6138.400000 0.021861 0
6141.760000 0.019728 0
6145.120000 0.001323 0
6148.480000 -0.004101 0
6151.840000 0.011391 0
6155.200000 0.020354 0
6158.560000 0.022329 0
6161.920000 0.034233 0
6165.280000 0.034624 0
6168.640000 0.025299 0
6172.000000 0.029303 0
6175.360000 0.021237 0
6178.720000 0.007381 0
6182.080000 0.031381 0
6185.440000 0.020500 0
6188.800000 0.000070 0
6192.160000 0.022746 0
6195.520000 0.017407 0
6198.880000 0.030952 0
6202.240000 0.030354 0
6205.600000 0.030907 0
6208.960000 0.016247 0
6212.320000 0.023682 0
6215.680000 0.019357 0
6219.040000 0.004133 0
6222.400000 0.025808 0
6225.760000 0.023668 0
6229.120000 0.050094 0
6232.480000 0.047029 0
6235.840000 0.030902 0
6239.200000 -0.003720 0
6242.560000 0.013390 0
6245.920000 0.017187 0
6249.280000 0.023390 0
6252.640000 0.009182 0
6256.000000 0.022993 0
6259.360000 0.012907 0
6262.720000 -0.006622 0
6266.080000 0.014490 0
6269.440000 0.026113 0
6272.800000 0.012449 0
6276.160000 0.019696 0
6279.520000 -0.002784 0
6282.880000 0.022177 0
6286.240000 0.030399 0
6289.600000 0.046707 0
6292.960000 0.027370 0
6296.320000 0.022146 0
6299.680000 0.044742 0
6303.040000 0.013113 0
6306.400000 0.010227 0
6309.760000 -0.003375 0
6313.120000 0.014331 0
6316.480000 0.024319 0
6319.840000 0.009890 0
6323.200000 0.025211 0
6326.560000 0.013369 0
6329.920000 0.038847 0
6333.280000 0.021884 0
6336.640000 0.023497 0
6340.000000 0.028687 0
6343.360000 0.039179 0
6346.720000 0.036728 0
6350.080000 0.023077 0
6353.440000 0.032748 0
6356.800000 0.026905 0
6360.160000 0.007521 0
6363.520000 0.023026 0
6366.880000 0.018472 0
6370.240000 0.008439 0
6373.600000 0.026236 0
6376.960000 0.028158 0
6380.320000 0.022039 0
6383.680000 -0.007629 0
6387.040000 0.018473 0
6390.400000 0.033099 0
6393.760000 0.020630 0
6397.120000 0.007928 0
6400.480000 0.023833 0
6403.840000 0.025010 0
6407.200000 0.012642 0
6410.560000 0.010415 0
6413.920000 0.024178 0
6417.280000 0.028807 0
6420.640000 0.021154 0
6424.000000 -0.002143 0
6427.360000 0.014548 0
6430.720000 0.025954 0
6434.080000 0.020697 0
6437.440000 0.003079 0
6440.800000 -0.001576 0
6444.160000 0.006136 0
6447.520000 0.013004 0
6450.880000 -0.002653 0
6454.240000 0.011338 0
6457.600000 0.009546 0
6460.960000 0.010359 0
6464.320000 0.017684 0
6467.680000 0.018895 0
6471.040000 0.016481 0
6474.400000 -0.000977 0
6477.760000 0.005767 0
6481.120000 0.023181 0
6484.480000 0.003331 0
6487.840000 0.012761 0
6491.200000 0.021335 0
6494.560000 0.027020 0
6497.920000 0.009114 0
6501.280000 0.023717 0
6504.640000 0.001371 0
6508.000000 0.004942 0
6511.360000 0.017582 0
6514.720000 0.017135 0
6518.080000 0.021099 0
6521.440000 0.009942 0
6524.800000 0.010758 0
6528.160000 0.017632 0
6531.520000 0.024145 0
6534.880000 0.001154 0
6538.240000 0.005623 0
6541.600000 0.026953 0
6544.960000 0.017140 0
6548.320000 0.009159 0
6551.680000 0.035514 0
6555.040000 0.022723 0
6558.400000 0.013194 0
6561.760000 0.032511 0
6565.120000 0.024627 0
6568.480000 0.019990 0
6571.840000 0.017712 0
6575.200000 0.028550 0
6578.560000 0.023563 0
6581.920000 0.013914 0
6585.280000 0.008631 0
6588.640000 0.007431 0
6592.000000 0.012073 0
6595.360000 0.026608 0
6598.720000 0.046287 0
6602.080000 0.026544 0
6605.440000 0.006583 0
6608.800000 0.011914 0
6612.160000 0.034301 0
6615.520000 0.022000 0
6618.880000 0.019357 0
6622.240000 0.030574 0
6625.600000 0.020291 0
6628.960000 0.021326 0
6632.320000 0.028967 0
6635.680000 0.027145 0
6639.040000 0.010548 0
6642.400000 0.011264 0
6645.760000 0.021397 0
6649.120000 0.027673 0
6652.480000 0.027425 0
6655.840000 0.022893 0
6659.200000 0.004850 0
6662.560000 -0.008359 0
6665.920000 0.008975 0
6669.280000 0.032960 0
6672.640000 0.019112 0
6676.000000 0.003930 0
6679.360000 0.010762 0
6682.720000 0.008443 0
6686.080000 0.013167 0
6689.440000 0.025837 0
6692.800000 0.039512 0
6696.160000 0.038190 0
6699.520000 0.023855 0
6702.880000 0.035415 0
6706.240000 0.017629 0
6709.600000 0.016239 0
6712.960000 0.012886 0
6716.320000 0.005688 0
6719.680000 0.012260 0
6723.040000 0.021469 0
6726.400000 0.014858 0
6729.760000 0.020371 0
6733.120000 0.013696 0
6736.480000 0.005221 0
6739.840000 0.005247 0
6743.200000 0.018728 0
6746.560000 -0.003984 0
6749.920000 0.026520 0
6753.280000 0.032126 0
6756.640000 0.001283 0
6760.000000 0.004039 0
6763.360000 0.008479 0
6766.720000 0.020560 0
6770.080000 0.010980 0
6773.440000 0.022213 0
6776.800000 0.022527 0
6780.160000 0.018836 0
6783.520000 0.028745 0
6786.880000 0.018731 0
6790.240000 0.024940 0
6793.600000 0.033276 0
6796.960000 0.002695 0
6800.320000 0.013448 0
6803.680000 0.026788 0
6807.040000 0.023191 0
6810.400000 0.022109 0
6813.760000 0.014441 0
6817.120000 0.010289 0
6820.480000 0.023099 0
6823.840000 0.001594 0
6827.200000 0.017191 0
6830.560000 0.024524 0
6833.920000 0.009506 0
6837.280000 0.006956 0
6840.640000 0.014875 0
6844.000000 0.000612 0
6847.360000 0.009345 0
6850.720000 0.013211 0
6854.080000 0.029392 0
6857.440000 0.013652 0
6860.800000 0.029987 0
6864.160000 0.015265 0
6867.520000 0.002187 0
6870.880000 0.023197 0
6874.240000 0.008501 0
6877.600000 0.003892 0
6880.960000 0.006355 0
6884.320000 0.017126 0
6887.680000 0.003922 0
6891.040000 0.023018 0
6894.400000 0.032176 0
6897.760000 0.006925 0
6901.120000 0.002016 0
6904.480000 0.033990 0
6907.840000 0.020072 0
6911.200000 0.001763 0
6914.560000 0.045422 0
6917.920000 0.028205 0
6921.280000 0.019758 0
6924.640000 -0.004585 0
6928.000000 0.012901 0
6931.360000 0.022261 0
6934.720000 0.023107 0
6938.080000 0.016548 0
6941.440000 0.000668 0
6944.800000 0.024080 0
6948.160000 0.026648 0
6951.520000 0.006233 0
6954.880000 0.014803 0
6958.240000 0.010014 0
6961.600000 0.021078 0
6964.960000 0.015666 0
6968.320000 0.016018 0
6971.680000 0.026360 0
6975.040000 0.017491 0
6978.400000 -0.005849 0
6981.760000 0.004908 0
6985.120000 0.018564 0
6988.480000 0.014511 0
6991.840000 0.018010 0
6995.200000 0.015145 0
6998.560000 0.007305 0
7001.920000 0.013809 0
7005.280000 0.003160 0
7008.640000 0.018795 0
7012.000000 0.043269 0
7015.360000 0.008684 0
7018.720000 0.021194 0
7022.080000 0.012137 0
7025.440000 0.016856 0
7028.800000 0.019101 0
7032.160000 0.013847 0
7035.520000 0.013830 0
7038.880000 0.020495 0
7042.240000 0.012127 0
7045.600000 0.018375 0
7048.960000 0.025047 0
7052.320000 0.025763 0
7055.680000 0.016011 0
7059.040000 0.020346 0
7062.400000 0.016268 0
7065.760000 0.010269 0
7069.120000 0.007489 0
7072.480000 0.022574 0
7075.840000 0.023668 0
7079.200000 0.011305 0
7082.560000 0.001275 0
7085.920000 0.020753 0
7089.280000 0.015211 0
7092.640000 0.022080 0
7096.000000 0.017081 0
7099.360000 0.018553 0
7102.720000 0.030056 0
7106.080000 0.010609 0
7109.440000 0.010646 0
7112.800000 0.021061 0
7116.160000 0.022837 0
7119.520000 0.001230 0
7122.880000 0.008412 0
7126.240000 0.030365 0
7129.600000 0.021597 0
7132.960000 0.016406 0
7136.320000 0.007865 0
7139.680000 -0.005403 0
7143.040000 -0.000561 0
7146.400000 0.023905 0
7149.760000 0.027290 0
7153.120000 0.031407 0
7156.480000 0.022652 0
7159.840000 0.013027 0
7163.200000 0.010529 0
7166.560000 0.017938 0
7169.920000 0.023975 0
7173.280000 0.017420 0
7176.640000 0.020894 0
7180.000000 0.009994 0
7183.360000 0.011193 0
7186.720000 0.019843 0
7190.080000 0.012461 0
7193.440000 0.012960 0
7196.800000 0.011057 0
7200.160000 0.015606 0
7203.520000 0.013509 0
7206.880000 0.010077 0
7210.240000 0.015768 0
7213.600000 0.020112 0
7216.960000 0.015273 0
7220.320000 0.011375 0
7223.680000 0.023981 0
7227.040000 0.011954 0
7230.400000 -0.007034 0
7233.760000 -0.019584 0
7237.120000 0.000815 0
7240.480000 0.021106 0
7243.840000 0.025935 0
7247.200000 0.013674 0
7250.560000 0.029240 0
7253.920000 0.041825 0
7257.280000 0.010166 0
7260.640000 0.019701 0
7264.000000 -0.002150 0
7267.360000 -0.031470 0
7270.720000 -0.031291 0
7274.080000 0.013428 0
7277.440000 0.007049 0
7280.800000 0.017318 0
7284.160000 0.051070 0
7287.520000 0.016055 0
7290.880000 0.027956 0
7294.240000 0.011273 0
7297.600000 -0.011653 0
7300.960000 0.018094 0
7304.320000 0.009691 0
7307.680000 0.002178 0
7311.040000 -0.016415 0
7314.400000 0.041759 0
7317.760000 -0.007245 0
7321.120000 0.016874 0
7324.480000 0.009915 0
7327.840000 0.019758 0
7331.200000 0.009772 0
7334.560000 0.004282 0
7337.920000 0.027048 0
7341.280000 0.015107 0
7344.640000 0.036606 0
7348.000000 0.058890 0
7351.360000 0.020457 0
7354.720000 -0.002666 0
7358.080000 0.030645 0
7361.440000 -0.025480 0
7364.800000 0.001585 0
7368.160000 -0.008251 0
7371.520000 -0.015195 0
7374.880000 0.053728 0
7378.240000 0.060458 0
7381.600000 0.021653 0
7384.960000 0.000115 0
7388.320000 0.016471 0
7391.680000 0.036195 0
7395.040000 -0.010317 0
7398.400000 0.028339 0
7401.760000 0.035482 0
7405.120000 0.015736 0
7408.480000 0.033895 0
7411.840000 0.014711 0
7415.200000 0.024973 0
7418.560000 0.008132 0
7421.920000 0.008613 0
7425.280000 0.018321 0
7428.640000 0.019648 0
7432.000000 0.004020 0
7435.360000 0.005840 0
7438.720000 0.011864 0
7442.080000 0.033769 0
7445.440000 0.009215 0
7448.800000 0.014371 0
7452.160000 0.009432 0
7455.520000 0.008147 0
7458.880000 0.011198 0
7462.240000 0.006305 0
7465.600000 0.002986 0
7468.960000 0.005977 0
7472.320000 -0.006492 0
7475.680000 -0.006175 0
7479.040000 0.027555 0
7482.400000 0.047000 0
7485.760000 0.030747 0
7489.120000 0.027262 0
7492.480000 0.018668 0
7495.840000 0.022469 0
7499.200000 0.028054 0
7502.560000 0.017482 0
7505.920000 -0.005175 0
7509.280000 0.008682 0
7512.640000 0.013611 0
7516.000000 -0.013157 0
7519.360000 -0.011139 0
7522.720000 -0.006169 0
7526.080000 0.007263 0
7529.440000 0.050393 0
7532.800000 0.037063 0
7536.160000 0.010266 0
7539.520000 0.020896 0
7542.880000 0.019141 0
7546.240000 0.010529 0
7549.600000 0.012405 0
7552.960000 0.013612 0
7556.320000 0.030718 0
7559.680000 0.019700 0
7563.040000 0.018312 0
7566.400000 0.009662 0
7569.760000 0.007592 0
7573.120000 0.009510 0
7576.480000 0.016081 0
7579.840000 0.006862 0
7583.200000 0.023499 0
7586.560000 0.020734 0
7589.920000 0.022975 0
7593.280000 0.021740 0
7596.640000 -0.007978 0
7600.000000 -0.026278 0
7603.360000 0.047678 0
7606.720000 0.027971 0
7610.080000 -0.014351 0
7613.440000 -0.001041 0
7616.800000 0.018117 0
7620.160000 0.034026 0
7623.520000 0.014428 0
7626.880000 0.013358 0
7630.240000 0.011399 0
7633.600000 0.027483 0
7636.960000 0.048968 0
7640.320000 0.030239 0
7643.680000 0.016945 0
7647.040000 -0.007883 0
7650.400000 0.008110 0
7653.760000 0.002843 0
7657.120000 0.003860 0
7660.480000 0.015251 0
7663.840000 0.019275 0
7667.200000 0.056768 0
7670.560000 0.021784 0
7673.920000 0.017868 0
7677.280000 0.025798 0
7680.640000 0.010978 0
7684.000000 0.015542 0
7687.360000 0.022545 0
7690.720000 -0.007815 0
7694.080000 0.006196 0
7697.440000 -0.006988 0
7700.800000 0.002536 0
7704.160000 0.000584 0
7707.520000 -0.026724 0
7710.880000 -0.022213 0
7714.240000 -0.013515 0
7717.600000 0.046922 0
7720.960000 0.040102 0
7724.320000 0.037034 0
7727.680000 0.030730 0
7731.040000 0.019975 0
7734.400000 0.006540 0
7737.760000 0.008168 0
7741.120000 0.013437 0
7744.480000 -0.035747 0
7747.840000 -0.027890 0
7751.200000 -0.004439 0
7754.560000 0.042094 0
7757.920000 0.087202 0
7761.280000 0.028809 0
7764.640000 0.024541 0
7768.000000 0.043512 0
7771.360000 0.006536 0
7774.720000 -0.009058 0
7778.080000 0.027546 0
7781.440000 0.015404 0
7784.800000 -0.012737 0
7788.160000 -0.015490 0
7791.520000 -0.001542 0
7794.880000 0.024968 0
7798.240000 0.038982 0
7801.600000 0.042589 0
7804.960000 0.039417 0
7808.320000 0.018321 0
7811.680000 0.002557 0
7815.040000 -0.026060 0
7818.400000 0.007766 0
7821.760000 0.013711 0
7825.120000 0.043675 0
7828.480000 0.042937 0
7831.840000 0.009260 0
7835.200000 -0.018753 0
7838.560000 0.029846 0
7841.920000 0.040526 0
7845.280000 -0.010596 0
7848.640000 0.018793 0
7852.000000 -0.005764 0
7855.360000 0.004062 0
7858.720000 0.079233 0
7862.080000 0.014286 0
7865.440000 0.008615 0
7868.800000 0.024873 0
7872.160000 0.026322 0
7875.520000 0.026134 0
7878.880000 0.056939 0
7882.240000 0.047978 0
7885.600000 0.038276 0
7888.960000 0.014102 0
7892.320000 0.008485 0
7895.680000 0.030012 0
7899.040000 0.053161 0
7902.400000 0.036607 0
7905.760000 -0.021439 0
7909.120000 -0.048016 0
7912.480000 -0.019736 0
7915.840000 0.002911 0
7919.200000 0.066144 0
7922.560000 0.006888 0
7925.920000 0.016231 0
7929.280000 0.035169 0
7932.640000 0.011225 0
7936.000000 0.008627 0
7939.360000 0.031613 0
7942.720000 -0.000161 0
7946.080000 0.006653 0
7949.440000 0.017533 0
7952.800000 0.013374 0
7956.160000 -0.003602 0
7959.520000 -0.022850 0
7962.880000 0.035587 0
7966.240000 0.017816 0
7969.600000 0.055830 0
7972.960000 0.040787 0
7976.320000 0.002376 0
7979.680000 0.012858 0
7983.040000 0.032479 0
7986.400000 -0.033986 0
7989.760000 0.012109 0
7993.120000 0.046247 0
7996.480000 0.034445 0
7999.840000 0.020097 0
8003.200000 0.028226 0
8006.560000 -0.003657 0
8009.920000 0.016378 0
8013.280000 0.012768 0
8016.640000 -0.007833 0
8020.000000 0.062529 0
8023.360000 0.038849 0
8026.720000 0.039192 0
8030.080000 0.063037 0
8033.440000 0.055926 0
8036.800000 0.028782 0
8040.160000 0.011492 0
8043.520000 0.008510 0
8046.880000 -0.010483 0
8050.240000 0.019266 0
8053.600000 0.007273 0
8056.960000 0.004879 0
8060.320000 0.026209 0
8063.680000 0.021662 0
8067.040000 0.040441 0
8070.400000 0.058321 0
8073.760000 0.018279 0
8077.120000 -0.007461 0
8080.480000 0.000961 0
8083.840000 0.012914 0
8087.200000 0.015295 0
8090.560000 0.022112 0
8093.920000 -0.000368 0
8097.280000 -0.004466 0
8100.640000 0.003713 0
8104.000000 0.009359 0
8107.360000 -0.004094 0
8110.720000 0.014648 0
8114.080000 0.025589 0
8117.440000 0.034173 0
8120.800000 0.032089 0
8124.160000 0.025653 0
8127.520000 0.025406 0
8130.880000 0.029297 0
8134.240000 0.019299 0
8137.600000 0.010193 0
8140.960000 0.013834 0
8144.320000 0.014317 0
8147.680000 0.028668 0
8151.040000 0.040475 0
8154.400000 0.046251 0
8157.760000 0.006662 0
8161.120000 -0.012287 0
8164.480000 0.033382 0
8167.840000 0.014018 0
8171.200000 0.016334 0
8174.560000 0.027297 0
8177.920000 0.018056 0
8181.280000 0.015720 0
8184.640000 0.018209 0
8188.000000 0.018815 0
8191.360000 0.018012 0
8194.720000 0.006451 0
8198.080000 0.025892 0
8201.440000 0.005652 0
8204.800000 0.014755 0
8208.160000 0.012923 0
8211.520000 0.007671 0
8214.880000 0.014825 0
8218.240000 0.015289 0
8221.600000 0.003781 0
8224.960000 0.011275 0
8228.320000 0.014948 0
8231.680000 0.011677 0
8235.040000 0.000678 0
8238.400000 0.002855 0
8241.760000 -0.013754 0
8245.120000 0.016376 0
8248.480000 0.025974 0
8251.840000 0.022233 0
8255.200000 0.016933 0
8258.560000 0.022740 0
8261.920000 0.003097 0
8265.280000 0.000728 0
8268.640000 -0.003116 0
8272.000000 0.012339 0
8275.360000 0.058722 0
8278.720000 0.030250 0
8282.080000 0.002871 0
8285.440000 0.053210 0
8288.800000 -0.017431 0
8292.160000 0.009809 0
8295.520000 -0.007595 0
8298.880000 -0.003075 0
8302.240000 -0.010667 0
8305.600000 0.062665 0
8308.960000 0.043660 0
8312.320000 -0.015159 0
8315.680000 0.004717 0
8319.040000 0.030675 0
8322.400000 0.020466 0
8325.760000 0.033916 0
8329.120000 0.018698 0
8332.480000 0.011085 0
8335.840000 -0.002015 0
8339.200000 -0.008867 0
8342.560000 0.058704 0
8345.920000 0.116481 0
8349.280000 0.012897 0
8352.640000 -0.010897 0
8356.000000 -0.009395 0
8359.360000 -0.015711 0
8362.720000 -0.015641 0
8366.080000 -0.001399 0
8369.440000 0.015735 0
8372.800000 0.007041 0
8376.160000 0.014945 0
8379.520000 0.021489 0
8382.880000 0.008465 0
8386.240000 -0.016342 0
8389.600000 0.005973 0
8392.960000 0.042415 0
8396.320000 0.059153 0
8399.680000 0.023489 0
8403.040000 0.073477 0
8406.400000 0.008309 0
8409.760000 0.011289 0
8413.120000 0.030725 0
8416.480000 0.054954 0
8419.840000 0.075518 0
8423.200000 0.023954 0
8426.560000 0.050771 0
8429.920000 0.028580 0
8433.280000 -0.000531 0
8436.640000 0.018282 0
8440.000000 -0.000360 0
8443.360000 0.011430 0
8446.720000 0.023428 0
8450.080000 0.006614 0
8453.440000 0.022789 0
8456.800000 0.008268 0
8460.160000 0.023130 0
8463.520000 0.029409 0
8466.880000 0.031404 0
8470.240000 -0.004616 0
8473.600000 -0.011877 0
8476.960000 0.009939 0
8480.320000 0.010334 0
8483.680000 0.022762 0
8487.040000 0.031713 0
8490.400000 0.001319 0
8493.760000 0.024966 0
8497.120000 0.007274 0
8500.480000 -0.034642 0
8503.840000 -0.034355 0
8507.200000 0.017260 0
8510.560000 0.020589 0
8513.920000 -0.001567 0
8517.280000 0.010521 0
8520.640000 0.023616 0
8524.000000 0.018289 0
8527.360000 0.015662 0
8530.720000 0.012569 0
8534.080000 0.001900 0
8537.440000 0.019361 0
8540.800000 0.011747 0
8544.160000 0.042076 0
8547.520000 0.032595 0
8550.880000 0.019144 0
8554.240000 0.038841 0
8557.600000 0.020881 0
8560.960000 0.012347 0
8564.320000 0.014256 0
8567.680000 0.033755 0
8571.040000 0.032711 0
8574.400000 0.007306 0
8577.760000 0.009878 0
8581.120000 0.009605 0
8584.480000 0.023332 0
8587.840000 0.007024 0
8591.200000 0.016821 0
8594.560000 0.029714 0
8597.920000 -0.004104 0
8601.280000 -0.016335 0
8604.640000 0.028594 0
8608.000000 0.011426 0
8611.360000 0.010966 0
8614.720000 0.035814 0
8618.080000 0.032240 0
8621.440000 0.005756 0
8624.800000 0.001175 0
8628.160000 0.056751 0
8631.520000 0.013423 0
8634.880000 -0.024663 0
8638.240000 -0.038342 0
8641.600000 0.003568 0
8644.960000 0.021045 0
8648.320000 0.024839 0
8651.680000 0.036720 0
8655.040000 0.003611 0
8658.400000 -0.019007 0
8661.760000 0.002628 0
8665.120000 0.011645 0
8668.480000 0.024463 0
8671.840000 0.019714 0
8675.200000 -0.006948 0
8678.560000 -0.007044 0
8681.920000 0.004561 0
8685.280000 -0.008237 0
8688.640000 -0.011011 0
8692.000000 0.023068 0
8695.360000 -0.000409 0
8698.720000 0.006661 0
8702.080000 0.016170 0
8705.440000 0.005924 0
8708.800000 0.024145 0
8712.160000 0.004463 0
8715.520000 0.012789 0
8718.880000 0.019902 0
8722.240000 -0.004807 0
8725.600000 -0.001041 0
8728.960000 0.011590 0
8732.320000 0.010777 0
8735.680000 0.004994 0
8739.040000 -0.000871 0
8742.400000 0.014279 0
8745.760000 0.020376 0
8749.120000 0.022821 0
8752.480000 0.050915 0
8755.840000 0.097203 0
8759.200000 0.099585 0
8762.560000 0.038680 0
8765.920000 -0.029885 0
8769.280000 0.049937 0
8772.640000 0.070301 0
8776.000000 0.016849 0
8779.360000 0.055519 0
8782.720000 -0.036038 0
8786.080000 -0.023317 0
8789.440000 -0.038189 0
8792.800000 -0.013182 0
8796.160000 0.023432 0
8799.520000 0.012049 0
8802.880000 0.003847 0
8806.240000 0.018934 0
8809.600000 0.001518 0
8812.960000 0.011935 0
8816.320000 0.018689 0
8819.680000 0.127632 0
8823.040000 0.138053 0
8826.400000 0.194224 0
8829.760000 0.038226 0
8833.120000 -0.001558 0
8836.480000 0.022207 0
8839.840000 -0.084014 0
8843.200000 -0.001481 0
8846.560000 -0.018684 0
8849.920000 0.021508 0
8853.280000 0.032167 0
8856.640000 0.033871 0
8860.000000 0.040891 0
8863.360000 0.017189 0
8866.720000 0.010633 0
8870.080000 -0.031696 0
8873.440000 -0.025812 0
8876.800000 0.048070 0
8880.160000 0.080328 0
8883.520000 0.078876 0
8886.880000 -0.043255 0
8890.240000 -0.046801 0
8893.600000 0.015555 0
8896.960000 -0.032873 0
8900.320000 -0.000541 0
8903.680000 0.007424 0
8907.040000 -0.036591 0
8910.400000 0.087912 0
8913.760000 0.077475 0
8917.120000 0.081302 0
8920.480000 0.054471 0
8923.840000 -0.139769 0
8927.200000 -0.033529 0
8930.560000 -0.006148 0
8933.920000 -0.023358 0
8937.280000 0.010942 0
8940.640000 -0.023176 0
8944.000000 0.004006 0
8947.360000 0.052392 0
8950.720000 0.066198 0
8954.080000 -0.018663 0
8957.440000 0.077049 0
8960.800000 -0.001507 0
8964.160000 -0.089593 0
8967.520000 0.009483 0
8970.880000 -0.008646 0
8974.240000 -0.013180 0
8977.600000 0.023681 0
8980.960000 0.045827 0
8984.320000 0.049052 0
8987.680000 0.053419 0
8991.040000 0.014054 0
8994.400000 0.058166 0
8997.760000 -0.021506 0
9001.120000 -0.020156 0
9004.480000 -0.009508 0
9007.840000 -0.003480 0
9011.200000 0.030804 0
9014.560000 0.040913 0
9017.920000 0.025885 0
9021.280000 0.000981 0
9024.640000 -0.013503 0
9028.000000 -0.010402 0
9031.360000 0.021172 0
9034.720000 -0.002400 0
9038.080000 0.003628 0
9041.440000 0.019801 0
9044.800000 0.002666 0
9048.160000 -0.005197 0
9051.520000 -0.014295 0
9054.880000 -0.036047 0
9058.240000 0.017788 0
9061.600000 -0.025927 0
9064.960000 -0.001030 0
9068.320000 0.014557 0
9071.680000 0.008852 0
9075.040000 -0.014009 0
9078.400000 0.001870 0
9081.760000 0.036509 0
9085.120000 0.050581 0
9088.480000 0.029366 0
9091.840000 0.005522 0
9095.200000 0.013939 0
9098.560000 0.001918 0
9101.920000 0.002108 0
9105.280000 0.006185 0
9108.640000 -0.019812 0
9112.000000 0.004997 0
9115.360000 0.026805 0
9118.720000 0.012422 0
9122.080000 -0.000237 0
9125.440000 -0.014590 0
9128.800000 0.001969 0
9132.160000 0.015444 0
9135.520000 -0.001787 0
9138.880000 0.022134 0
9142.240000 0.019715 0
9145.600000 0.026672 0
9148.960000 0.014893 0
9152.320000 -0.001264 0
9155.680000 0.007459 0
9159.040000 -0.023084 0
9162.400000 -0.040905 0
9165.760000 0.026161 0
9169.120000 0.032287 0
9172.480000 0.012594 0
9175.840000 0.010989 0
9179.200000 0.026574 0
9182.560000 0.028873 0
9185.920000 0.031287 0
9189.280000 0.022534 0
9192.640000 -0.001790 0
9196.000000 0.011810 0
9199.360000 0.015450 0
9202.720000 0.023287 0
9206.080000 0.028338 0
9209.440000 0.007880 0
9212.800000 -0.002533 0
9216.160000 -0.006271 0
9219.520000 -0.005479 0
9222.880000 0.007891 0
9226.240000 -0.022890 0
9229.600000 -0.001958 0
9232.960000 0.019769 0
9236.320000 0.024270 0
9239.680000 0.016826 0
9243.040000 -0.003627 0
9246.400000 -0.005999 0
9249.760000 0.008612 0
