# obs: 255730-33
# slit: 1
# z: 0.67486
# lines: [OII],H9,H
# spec: 532
4451.680000 0.000000 1
4455.040000 0.000000 1
4458.400000 0.000000 1
4461.760000 0.000000 1
4465.120000 0.000000 1
4468.480000 0.000000 1
4471.840000 0.000000 1
4475.200000 0.000000 1
4478.560000 0.000000 1
4481.920000 0.000000 1
4485.280000 0.000000 1
4488.640000 0.000000 1
4492.000000 0.000000 1
4495.360000 0.000000 1
4498.720000 0.000000 1
4502.080000 -0.004986 0
4505.440000 0.008801 0
4508.800000 0.010500 0
4512.160000 0.009209 0
4515.520000 0.006713 0
4518.880000 0.016395 0
4522.240000 0.006035 0
4525.600000 0.003337 0
4528.960000 0.005319 0
4532.320000 0.004183 0
4535.680000 0.001273 0
4539.040000 -0.001336 0
4542.400000 0.010695 0
4545.760000 0.002769 0
4549.120000 0.005114 0
4552.480000 0.009870 0
4555.840000 0.013274 0
4559.200000 0.019328 0
4562.560000 0.006547 0
4565.920000 0.007652 0
4569.280000 0.011901 0
4572.640000 0.012029 0
4576.000000 -0.000786 0
4579.360000 0.002682 0
4582.720000 0.005332 0
4586.080000 0.004901 0
4589.440000 -0.001364 0
4592.800000 0.005274 0
4596.160000 0.010918 0
4599.520000 0.008646 0
4602.880000 0.006731 0
4606.240000 0.004919 0
4609.600000 0.003658 0
4612.960000 0.005150 0
4616.320000 0.011226 0
4619.680000 0.008338 0
4623.040000 0.004780 0
4626.400000 0.013754 0
4629.760000 0.004413 0
4633.120000 0.005055 0
4636.480000 0.008112 0
4639.840000 0.008617 0
4643.200000 0.004314 0
4646.560000 0.006060 0
4649.920000 0.012888 0
4653.280000 0.006854 0
4656.640000 0.006957 0
4660.000000 -0.001041 0
4663.360000 0.008808 0
4666.720000 0.014399 0
4670.080000 0.011708 0
4673.440000 0.002690 0
4676.800000 0.010970 0
4680.160000 -0.000532 0
4683.520000 0.001668 0
4686.880000 0.004347 0
4690.240000 0.008990 0
4693.600000 -0.005090 0
4696.960000 0.003300 0
4700.320000 0.009754 0
4703.680000 -0.005199 0
4707.040000 -0.014048 0
4710.400000 0.003123 0
4713.760000 -0.000995 0
4717.120000 0.007855 0
4720.480000 0.012554 0
4723.840000 0.009392 0
4727.200000 -0.000673 0
4730.560000 0.009646 0
4733.920000 0.005693 0
4737.280000 0.011705 0
4740.640000 0.007797 0
4744.000000 0.011014 0
4747.360000 0.003941 0
4750.720000 -0.002128 0
4754.080000 0.004328 0
4757.440000 0.002164 0
4760.800000 0.005649 0
4764.160000 0.007964 0
4767.520000 0.002914 0
4770.880000 -0.001211 0
4774.240000 -0.001370 0
4777.600000 0.007725 0
4780.960000 0.008239 0
4784.320000 0.001759 0
4787.680000 0.011268 0
4791.040000 0.006503 0
4794.400000 0.005948 0
4797.760000 0.005695 0
4801.120000 0.009279 0
4804.480000 0.001749 0
4807.840000 0.006439 0
4811.200000 0.003464 0
4814.560000 0.009365 0
4817.920000 0.006594 0
4821.280000 0.008536 0
4824.640000 0.004869 0
4828.000000 -0.002542 0
4831.360000 0.008945 0
4834.720000 0.010557 0
4838.080000 0.006148 0
4841.440000 0.010512 0
4844.800000 0.008345 0
4848.160000 0.001967 0
4851.520000 0.014618 0
4854.880000 0.004786 0
4858.240000 0.009791 0
4861.600000 -0.002062 0
4864.960000 0.000396 0
4868.320000 0.004974 0
4871.680000 0.006626 0
4875.040000 0.006770 0
4878.400000 -0.001430 0
4881.760000 0.003990 0
4885.120000 0.007812 0
4888.480000 0.013444 0
4891.840000 0.004679 0
4895.200000 0.005390 0
4898.560000 0.006937 0
4901.920000 0.008797 0
4905.280000 0.007773 0
4908.640000 0.016444 0
4912.000000 0.008806 0
4915.360000 0.009561 0
4918.720000 0.013607 0
4922.080000 0.007446 0
4925.440000 0.005297 0
4928.800000 0.002470 0
4932.160000 0.003651 0
4935.520000 0.006534 0
4938.880000 0.012417 0
4942.240000 0.007525 0
4945.600000 0.007737 0
4948.960000 0.007602 0
4952.320000 0.004822 0
4955.680000 0.003637 0
4959.040000 0.008450 0
4962.400000 0.002432 0
4965.760000 0.008303 0
4969.120000 0.009404 0
4972.480000 0.005751 0
4975.840000 0.001790 0
4979.200000 0.008322 0
4982.560000 0.006131 0
4985.920000 0.002190 0
4989.280000 0.008065 0
4992.640000 0.008751 0
4996.000000 0.013198 0
4999.360000 0.007420 0
5002.720000 0.004330 0
5006.080000 0.012082 0
5009.440000 0.007592 0
5012.800000 0.005207 0
5016.160000 0.009281 0
5019.520000 0.006299 0
5022.880000 0.006631 0
5026.240000 0.008349 0
5029.600000 0.011215 0
5032.960000 0.001924 0
5036.320000 0.003317 0
5039.680000 0.009740 0
5043.040000 0.006902 0
5046.400000 0.003705 0
5049.760000 0.011531 0
5053.120000 0.010925 0
5056.480000 0.007565 0
5059.840000 0.000644 0
5063.200000 0.008444 0
5066.560000 0.010163 0
5069.920000 0.009246 0
5073.280000 0.001793 0
5076.640000 0.002808 0
5080.000000 0.010690 0
5083.360000 0.011838 0
5086.720000 0.008627 0
5090.080000 0.005511 0
5093.440000 0.007019 0
5096.800000 0.009896 0
5100.160000 0.007569 0
5103.520000 0.003672 0
5106.880000 0.010175 0
5110.240000 0.009961 0
5113.600000 0.006258 0
5116.960000 0.006437 0
5120.320000 0.012605 0
5123.680000 0.005935 0
5127.040000 0.004235 0
5130.400000 0.006756 0
5133.760000 0.012307 0
5137.120000 0.009781 0
5140.480000 0.009232 0
5143.840000 0.016681 0
5147.200000 0.005407 0
5150.560000 0.004563 0
5153.920000 0.004358 0
5157.280000 0.016564 0
5160.640000 0.012900 0
5164.000000 0.006200 0
5167.360000 0.008658 0
5170.720000 0.008900 0
5174.080000 0.008325 0
5177.440000 0.010630 0
5180.800000 0.011094 0
5184.160000 0.003973 0
5187.520000 0.010457 0
5190.880000 0.002699 0
5194.240000 0.004837 0
5197.600000 0.002609 0
5200.960000 0.007195 0
5204.320000 0.008014 0
5207.680000 0.007112 0
5211.040000 0.006576 0
5214.400000 0.003284 0
5217.760000 0.004156 0
5221.120000 0.005302 0
5224.480000 0.011548 0
5227.840000 0.009347 0
5231.200000 0.008141 0
5234.560000 0.005753 0
5237.920000 0.004957 0
5241.280000 0.010427 0
5244.640000 0.009542 0
5248.000000 0.002474 0
5251.360000 0.008464 0
5254.720000 0.008409 0
5258.080000 0.007251 0
5261.440000 0.003512 0
5264.800000 0.004581 0
5268.160000 0.007144 0
5271.520000 0.012231 0
5274.880000 0.008598 0
5278.240000 0.004830 0
5281.600000 0.013272 0
5284.960000 0.003295 0
5288.320000 0.001790 0
5291.680000 0.007534 0
5295.040000 0.006226 0
5298.400000 0.008846 0
5301.760000 0.004054 0
5305.120000 0.008180 0
5308.480000 0.005102 0
5311.840000 0.007359 0
5315.200000 0.010883 0
5318.560000 0.007830 0
5321.920000 0.009170 0
5325.280000 0.004469 0
5328.640000 0.004488 0
5332.000000 0.007895 0
5335.360000 0.005356 0
5338.720000 0.010772 0
5342.080000 0.019600 0
5345.440000 0.002896 0
5348.800000 0.008942 0
5352.160000 0.006161 0
5355.520000 0.010997 0
5358.880000 0.008037 0
5362.240000 0.008576 0
5365.600000 0.005640 0
5368.960000 0.005201 0
5372.320000 0.012024 0
5375.680000 0.010008 0
5379.040000 0.007710 0
5382.400000 0.012498 0
5385.760000 0.010874 0
5389.120000 0.010073 0
5392.480000 0.005551 0
5395.840000 0.009519 0
5399.200000 0.005354 0
5402.560000 0.012124 0
5405.920000 0.009071 0
5409.280000 0.008007 0
5412.640000 0.006763 0
5416.000000 0.009266 0
5419.360000 0.011439 0
5422.720000 0.013075 0
5426.080000 0.006654 0
5429.440000 0.004706 0
5432.800000 0.008752 0
5436.160000 0.009436 0
5439.520000 0.011129 0
5442.880000 0.012078 0
5446.240000 0.009536 0
5449.600000 0.002151 0
5452.960000 0.008685 0
5456.320000 0.007821 0
5459.680000 0.006354 0
5463.040000 0.011880 0
5466.400000 0.004185 0
5469.760000 0.002735 0
5473.120000 0.013273 0
5476.480000 0.008248 0
5479.840000 0.010022 0
5483.200000 0.013049 0
5486.560000 0.008478 0
5489.920000 0.003491 0
5493.280000 0.007626 0
5496.640000 0.010190 0
5500.000000 0.003436 0
5503.360000 0.005459 0
5506.720000 0.008923 0
5510.080000 0.002675 0
5513.440000 0.009050 0
5516.800000 0.008724 0
5520.160000 0.010557 0
5523.520000 0.008724 0
5526.880000 0.008699 0
5530.240000 0.004827 0
5533.600000 0.008881 0
5536.960000 0.009242 0
5540.320000 0.008629 0
5543.680000 0.009585 0
5547.040000 0.005926 0
5550.400000 0.009317 0
5553.760000 0.014592 0
5557.120000 0.007098 0
5560.480000 0.014881 0
5563.840000 0.012349 0
5567.200000 0.001349 1
5570.560000 0.002639 1
5573.920000 0.025698 1
5577.280000 -0.001991 1
5580.640000 0.004321 1
5584.000000 0.034869 1
5587.360000 0.014543 1
5590.720000 0.012056 1
5594.080000 0.008178 1
5597.440000 0.007407 1
5600.800000 0.007467 0
5604.160000 0.008599 0
5607.520000 0.009033 0
5610.880000 0.004774 0
5614.240000 0.008410 0
5617.600000 0.011682 0
5620.960000 0.012616 0
5624.320000 0.009801 0
5627.680000 0.008182 0
5631.040000 0.011691 0
5634.400000 0.007729 0
5637.760000 0.005206 0
5641.120000 0.000103 0
5644.480000 0.011342 0
5647.840000 0.005249 0
5651.200000 0.009018 0
5654.560000 0.011035 0
5657.920000 0.007415 0
5661.280000 -0.001288 0
5664.640000 0.004656 0
5668.000000 0.008092 0
5671.360000 0.010747 0
5674.720000 0.014252 0
5678.080000 0.004148 0
5681.440000 0.013302 0
5684.800000 0.001545 0
5688.160000 -0.000025 0
5691.520000 0.009520 0
5694.880000 0.000946 0
5698.240000 0.005122 0
5701.600000 0.003455 0
5704.960000 0.007278 0
5708.320000 0.011222 0
5711.680000 0.004390 0
5715.040000 0.003343 0
5718.400000 0.003959 0
5721.760000 0.009213 0
5725.120000 0.009055 0
5728.480000 0.004279 0
5731.840000 0.009689 0
5735.200000 0.008422 0
5738.560000 0.005956 0
5741.920000 0.002594 0
5745.280000 0.004745 0
5748.640000 0.006394 0
5752.000000 0.006270 0
5755.360000 0.007225 0
5758.720000 0.001954 0
5762.080000 0.005261 0
5765.440000 0.013645 0
5768.800000 0.007750 0
5772.160000 0.005912 0
5775.520000 0.005708 0
5778.880000 0.008206 0
5782.240000 0.008252 0
5785.600000 0.008027 0
5788.960000 0.012146 0
5792.320000 0.007845 0
5795.680000 0.006389 0
5799.040000 0.010035 0
5802.400000 0.007205 0
5805.760000 0.006366 0
5809.120000 0.006034 0
5812.480000 0.008907 0
5815.840000 0.007089 0
5819.200000 0.010201 0
5822.560000 0.000138 0
5825.920000 0.006684 0
5829.280000 0.006534 0
5832.640000 0.010485 0
5836.000000 0.002657 0
5839.360000 0.006906 0
5842.720000 0.008436 0
5846.080000 0.006795 0
5849.440000 0.005283 0
5852.800000 0.011745 0
5856.160000 0.009363 0
5859.520000 0.010829 0
5862.880000 0.010414 0
5866.240000 0.007099 0
5869.600000 0.008007 0
5872.960000 0.006921 0
5876.320000 0.008636 0
5879.680000 0.004768 0
5883.040000 0.006938 0
5886.400000 0.008446 0
5889.760000 0.005841 0
5893.120000 -0.011750 0
5896.480000 -0.004922 0
5899.840000 0.018535 0
5903.200000 0.007707 0
5906.560000 0.002001 0
5909.920000 0.002148 0
5913.280000 0.005638 0
5916.640000 0.009130 0
5920.000000 0.001771 0
5923.360000 0.008998 0
5926.720000 0.007114 0
5930.080000 0.007465 0
5933.440000 0.009206 0
5936.800000 0.007050 0
5940.160000 0.005335 0
5943.520000 0.006953 0
5946.880000 0.007378 0
5950.240000 0.008459 0
5953.600000 0.007749 0
5956.960000 0.013238 0
5960.320000 0.011679 0
5963.680000 0.006859 0
5967.040000 0.003954 0
5970.400000 0.003004 0
5973.760000 0.005249 0
5977.120000 0.006767 0
5980.480000 0.010172 0
5983.840000 0.007933 0
5987.200000 0.006419 0
5990.560000 0.002254 0
5993.920000 -0.001317 0
5997.280000 0.012319 0
6000.640000 0.007747 0
6004.000000 0.004815 0
6007.360000 0.000989 0
6010.720000 0.008920 0
6014.080000 0.006266 0
6017.440000 0.008769 0
6020.800000 0.002154 0
6024.160000 0.006778 0
6027.520000 0.007939 0
6030.880000 0.007506 0
6034.240000 0.006901 0
6037.600000 0.004465 0
6040.960000 0.011644 0
6044.320000 0.011027 0
6047.680000 0.005006 0
6051.040000 0.008174 0
6054.400000 0.009294 0
6057.760000 -0.000097 0
6061.120000 0.004849 0
6064.480000 0.005651 0
6067.840000 0.010907 0
6071.200000 0.006327 0
6074.560000 0.005819 0
6077.920000 0.011854 0
6081.280000 0.011317 0
6084.640000 -0.000490 0
6088.000000 0.002201 0
6091.360000 0.004620 0
6094.720000 0.007564 0
6098.080000 0.008908 0
6101.440000 0.009022 0
6104.800000 0.008981 0
6108.160000 0.011175 0
6111.520000 0.005225 0
6114.880000 0.004981 0
6118.240000 0.007403 0
6121.600000 0.006775 0
6124.960000 0.006975 0
6128.320000 0.017700 0
6131.680000 0.007494 0
6135.040000 0.001193 0
6138.400000 0.010527 0
6141.760000 0.009760 0
6145.120000 0.006493 0
6148.480000 0.006468 0
6151.840000 0.008210 0
6155.200000 0.013163 0
6158.560000 0.011716 0
6161.920000 0.010206 0
6165.280000 0.007227 0
6168.640000 0.008678 0
6172.000000 0.011894 0
6175.360000 0.004800 0
6178.720000 0.013279 0
6182.080000 0.016634 0
6185.440000 0.007360 0
6188.800000 0.006100 0
6192.160000 0.015650 0
6195.520000 0.006030 0
6198.880000 0.006340 0
6202.240000 0.011756 0
6205.600000 0.005821 0
6208.960000 0.008696 0
6212.320000 0.006466 0
6215.680000 0.012937 0
6219.040000 0.008007 0
6222.400000 0.010462 0
6225.760000 0.009520 0
6229.120000 0.004449 0
6232.480000 0.008232 0
6235.840000 0.004819 0
6239.200000 0.012746 0
6242.560000 0.027809 0
6245.920000 0.021077 0
6249.280000 0.016900 0
6252.640000 0.011725 0
6256.000000 0.008449 0
6259.360000 0.002470 0
6262.720000 0.006978 0
6266.080000 0.008826 0
6269.440000 0.015028 0
6272.800000 0.006868 0
6276.160000 0.005293 0
6279.520000 0.008400 0
6282.880000 0.002349 0
6286.240000 0.015487 0
6289.600000 0.010380 0
6292.960000 0.029655 1
6296.320000 0.031519 1
6299.680000 0.033437 1
6303.040000 0.007982 1
6306.400000 0.004403 1
6309.760000 0.012741 1
6313.120000 0.011399 1
6316.480000 0.010939 1
6319.840000 0.011245 0
6323.200000 0.000878 0
6326.560000 0.008720 0
6329.920000 0.009133 0
6333.280000 0.017988 0
6336.640000 0.007584 0
6340.000000 0.013102 0
6343.360000 0.014656 0
6346.720000 0.006117 0
6350.080000 0.015618 0
6353.440000 0.010175 1
6356.800000 0.008939 1
6360.160000 0.009812 1
6363.520000 0.011610 1
6366.880000 0.013218 1
6370.240000 0.018558 1
6373.600000 0.003259 1
6376.960000 0.005265 0
6380.320000 0.010898 0
6383.680000 0.010007 0
6387.040000 0.012393 0
6390.400000 0.012634 0
6393.760000 0.006143 0
6397.120000 0.014261 0
6400.480000 0.006136 0
6403.840000 0.005555 0
6407.200000 0.010822 0
6410.560000 0.009617 0
6413.920000 0.010476 0
6417.280000 0.005907 0
6420.640000 0.006464 0
6424.000000 0.003173 0
6427.360000 0.006287 0
6430.720000 0.009327 0
6434.080000 0.005181 0
6437.440000 0.011654 0
6440.800000 0.005822 0
6444.160000 0.006888 0
6447.520000 0.007470 0
6450.880000 0.010247 0
6454.240000 0.007763 0
6457.600000 0.007550 0
6460.960000 0.011831 0
6464.320000 0.012073 0
6467.680000 0.009719 0
6471.040000 0.009842 0
6474.400000 0.013164 0
6477.760000 0.017800 0
6481.120000 0.012390 0
6484.480000 0.011691 0
6487.840000 0.010946 0
6491.200000 0.012114 0
6494.560000 0.009451 0
6497.920000 0.009886 0
6501.280000 0.012186 0
6504.640000 0.012702 0
6508.000000 0.011136 0
6511.360000 0.006055 0
6514.720000 0.006512 0
6518.080000 0.008773 0
6521.440000 0.003539 0
6524.800000 0.009527 0
6528.160000 0.015474 0
6531.520000 0.006708 0
6534.880000 0.007213 0
6538.240000 0.004760 0
6541.600000 0.008566 0
6544.960000 0.015000 0
6548.320000 0.011875 0
6551.680000 0.006775 0
6555.040000 0.012518 0
6558.400000 0.003791 0
6561.760000 0.014185 0
6565.120000 0.012080 0
6568.480000 0.018531 0
6571.840000 0.013330 0
6575.200000 0.008876 0
6578.560000 0.012554 0
6581.920000 0.004329 0
6585.280000 0.012199 0
6588.640000 0.010451 0
6592.000000 0.007572 0
6595.360000 0.010181 0
6598.720000 0.010439 0
6602.080000 0.006050 0
6605.440000 0.009201 0
6608.800000 0.017074 0
6612.160000 0.012245 0
6615.520000 0.010685 0
6618.880000 0.013722 0
6622.240000 0.009636 0
6625.600000 0.008794 0
6628.960000 0.012048 0
6632.320000 0.008211 0
6635.680000 0.008462 0
6639.040000 0.011728 0
6642.400000 0.004648 0
6645.760000 0.007918 0
6649.120000 0.006102 0
6652.480000 0.007199 0
6655.840000 0.003388 0
6659.200000 0.008390 0
6662.560000 0.014980 0
6665.920000 0.012162 0
6669.280000 0.014568 0
6672.640000 0.012785 0
6676.000000 0.007353 0
6679.360000 0.008892 0
6682.720000 0.012110 0
6686.080000 0.010099 0
6689.440000 0.009542 0
6692.800000 0.008506 0
6696.160000 0.012446 0
6699.520000 0.014711 0
6702.880000 0.014086 0
6706.240000 0.006794 0
6709.600000 0.010556 0
6712.960000 0.012510 0
6716.320000 0.009812 0
6719.680000 0.006900 0
6723.040000 0.015220 0
6726.400000 0.007922 0
6729.760000 0.008727 0
6733.120000 0.011614 0
6736.480000 0.014960 0
6739.840000 0.010591 0
6743.200000 0.250170 0
6746.560000 0.398962 0
6749.920000 0.166451 0
6753.280000 0.013710 0
6756.640000 0.008680 0
6760.000000 0.011040 0
6763.360000 0.011782 0
6766.720000 0.010564 0
6770.080000 0.009004 0
6773.440000 0.007714 0
6776.800000 0.011181 0
6780.160000 0.007898 0
6783.520000 0.005381 0
6786.880000 0.012766 0
6790.240000 0.013641 0
6793.600000 0.013811 0
6796.960000 0.006890 0
6800.320000 0.005412 0
6803.680000 0.014612 0
6807.040000 0.011807 0
6810.400000 0.007164 0
6813.760000 0.010029 0
6817.120000 0.006692 0
6820.480000 0.004560 0
6823.840000 0.013709 0
6827.200000 0.013612 0
6830.560000 0.009929 0
6833.920000 0.014372 0
6837.280000 0.016559 0
6840.640000 0.012047 0
6844.000000 0.017419 0
6847.360000 0.005144 0
6850.720000 0.010256 0
6854.080000 0.010685 0
6857.440000 0.015061 0
6860.800000 0.013150 0
6864.160000 0.010336 0
6867.520000 0.011250 0
6870.880000 0.012008 0
6874.240000 0.008990 0
6877.600000 0.000572 0
6880.960000 0.004761 0
6884.320000 0.011851 0
6887.680000 0.007204 0
6891.040000 0.009043 0
6894.400000 0.007511 0
6897.760000 0.009443 0
6901.120000 0.004957 0
6904.480000 0.009775 0
6907.840000 0.010141 0
6911.200000 0.008103 0
6914.560000 0.010466 0
6917.920000 0.006919 0
6921.280000 0.008123 0
6924.640000 0.005075 0
6928.000000 0.012799 0
6931.360000 0.008515 0
6934.720000 0.016335 0
6938.080000 0.012577 0
6941.440000 0.004860 0
6944.800000 0.008437 0
6948.160000 0.015017 0
6951.520000 0.013098 0
6954.880000 0.014312 0
6958.240000 0.008369 0
6961.600000 0.010781 0
6964.960000 0.014729 0
6968.320000 0.013851 0
6971.680000 0.016105 0
6975.040000 0.010635 0
6978.400000 0.002455 0
6981.760000 0.015253 0
6985.120000 0.012083 0
6988.480000 0.008561 0
6991.840000 0.008960 0
6995.200000 0.009647 0
6998.560000 0.010165 0
7001.920000 0.007945 0
7005.280000 0.017444 0
7008.640000 0.007471 0
7012.000000 0.009603 0
7015.360000 0.013859 0
7018.720000 0.010291 0
7022.080000 0.008233 0
7025.440000 0.007939 0
7028.800000 0.009476 0
7032.160000 0.008952 0
7035.520000 0.013981 0
7038.880000 0.005010 0
7042.240000 0.007888 0
7045.600000 0.007407 0
7048.960000 0.011030 0
7052.320000 0.014552 0
7055.680000 0.008347 0
7059.040000 0.007026 0
7062.400000 0.008035 0
7065.760000 0.007170 0
7069.120000 0.009588 0
7072.480000 0.007901 0
7075.840000 0.008217 0
7079.200000 0.006804 0
7082.560000 0.007201 0
7085.920000 0.010365 0
7089.280000 0.012555 0
7092.640000 0.007152 0
7096.000000 0.005495 0
7099.360000 0.010229 0
7102.720000 0.008690 0
7106.080000 0.008895 0
7109.440000 0.008378 0
7112.800000 0.007976 0
7116.160000 0.010518 0
7119.520000 0.007100 0
7122.880000 0.012294 0
7126.240000 0.003322 0
7129.600000 0.005429 0
7132.960000 0.016092 0
7136.320000 0.013577 0
7139.680000 0.012605 0
7143.040000 0.011500 0
7146.400000 0.007118 0
7149.760000 0.000580 0
7153.120000 0.010182 0
7156.480000 0.011374 0
7159.840000 0.009984 0
7163.200000 0.013216 0
7166.560000 0.014848 0
7169.920000 0.004581 0
7173.280000 0.013125 0
7176.640000 0.011071 0
7180.000000 -0.000138 0
7183.360000 0.004758 0
7186.720000 0.002207 0
7190.080000 0.004304 0
7193.440000 0.015791 0
7196.800000 0.010263 0
7200.160000 0.006911 0
7203.520000 0.009652 0
7206.880000 0.006533 0
7210.240000 0.005840 0
7213.600000 0.007381 0
7216.960000 0.011987 0
7220.320000 0.009069 0
7223.680000 0.010272 0
7227.040000 0.010915 0
7230.400000 0.009390 0
7233.760000 0.011425 0
7237.120000 0.020494 0
7240.480000 0.016080 0
7243.840000 0.018652 0
7247.200000 0.011099 0
7250.560000 0.016915 0
7253.920000 0.016158 0
7257.280000 0.009170 0
7260.640000 0.005003 0
7264.000000 0.004733 0
7267.360000 0.004933 0
7270.720000 0.018595 0
7274.080000 0.008048 0
7277.440000 0.014741 0
7280.800000 0.019562 0
7284.160000 0.002121 0
7287.520000 0.008596 0
7290.880000 0.007715 0
7294.240000 0.007351 0
7297.600000 0.009556 0
7300.960000 0.012829 0
7304.320000 0.010952 0
7307.680000 0.010197 0
7311.040000 0.015947 0
7314.400000 0.018072 0
7317.760000 0.013109 0
7321.120000 0.017545 0
7324.480000 0.011862 0
7327.840000 0.011391 0
7331.200000 0.015374 0
7334.560000 0.005646 0
7337.920000 0.005447 0
7341.280000 0.007632 0
7344.640000 0.008686 0
7348.000000 0.010997 0
7351.360000 0.013594 0
7354.720000 -0.000145 0
7358.080000 -0.000457 0
7361.440000 0.004154 0
7364.800000 0.002210 0
7368.160000 -0.000690 0
7371.520000 0.010069 0
7374.880000 0.012997 0
7378.240000 0.013456 0
7381.600000 0.002692 0
7384.960000 0.010741 0
7388.320000 0.013955 0
7391.680000 0.006887 0
7395.040000 0.015176 0
7398.400000 0.008313 0
7401.760000 -0.000250 0
7405.120000 0.005286 0
7408.480000 0.004190 0
7411.840000 0.004383 0
7415.200000 0.008684 0
7418.560000 0.011339 0
7421.920000 0.013587 0
7425.280000 0.011933 0
7428.640000 0.010166 0
7432.000000 0.009298 0
7435.360000 0.001036 0
7438.720000 0.015284 0
7442.080000 0.010168 0
7445.440000 0.008759 0
7448.800000 0.007561 0
7452.160000 0.011515 0
7455.520000 0.014190 0
7458.880000 0.010737 0
7462.240000 0.012343 0
7465.600000 0.005691 0
7468.960000 0.005166 0
7472.320000 0.015054 0
7475.680000 0.016995 0
7479.040000 0.016106 0
7482.400000 0.015904 0
7485.760000 0.000967 0
7489.120000 0.009021 0
7492.480000 0.010710 0
7495.840000 0.016518 0
7499.200000 0.008232 0
7502.560000 0.008388 0
7505.920000 0.011820 0
7509.280000 0.014554 0
7512.640000 0.012174 0
7516.000000 0.010012 0
7519.360000 0.007657 0
7522.720000 0.011524 0
7526.080000 0.005334 0
7529.440000 0.011137 0
7532.800000 0.019651 0
7536.160000 0.018101 0
7539.520000 0.013126 0
7542.880000 0.011296 0
7546.240000 0.012413 0
7549.600000 0.012313 0
7552.960000 0.010244 0
7556.320000 0.015733 0
7559.680000 0.012936 0
7563.040000 0.012209 0
7566.400000 0.017511 0
7569.760000 0.017318 0
7573.120000 0.005479 0
7576.480000 0.013775 0
7579.840000 0.008950 0
7583.200000 0.007668 0
7586.560000 0.011751 0
7589.920000 0.007885 0
7593.280000 0.011866 0
7596.640000 0.010023 0
7600.000000 0.008139 0
7603.360000 0.018978 0
7606.720000 0.013918 0
7610.080000 0.010889 0
7613.440000 0.016921 0
7616.800000 0.017304 0
7620.160000 0.014962 0
7623.520000 0.015893 0
7626.880000 0.019842 0
7630.240000 0.021918 0
7633.600000 0.017106 0
7636.960000 0.013043 0
7640.320000 0.010364 0
7643.680000 0.004902 0
7647.040000 0.012156 0
7650.400000 0.010280 0
7653.760000 0.008346 0
7657.120000 0.006883 0
7660.480000 0.008728 0
7663.840000 0.008072 0
7667.200000 0.010988 0
7670.560000 0.007947 0
7673.920000 0.012610 0
7677.280000 0.007373 0
7680.640000 -0.000341 0
7684.000000 0.014250 0
7687.360000 0.005941 0
7690.720000 0.005127 0
7694.080000 0.008535 0
7697.440000 0.010704 0
7700.800000 0.007872 0
7704.160000 0.012386 0
7707.520000 0.007068 0
7710.880000 -0.003892 0
7714.240000 0.001142 0
7717.600000 -0.009552 0
7720.960000 0.027140 0
7724.320000 0.001404 0
7727.680000 0.016088 0
7731.040000 0.011597 0
7734.400000 0.010436 0
7737.760000 0.007569 0
7741.120000 0.006378 0
7744.480000 0.022176 0
7747.840000 0.000954 0
7751.200000 0.017211 0
7754.560000 0.023436 0
7757.920000 0.025053 0
7761.280000 0.001636 0
7764.640000 0.011726 0
7768.000000 0.012496 0
7771.360000 -0.003246 0
7774.720000 0.012515 0
7778.080000 0.004556 0
7781.440000 0.003150 0
7784.800000 0.011535 0
7788.160000 0.016022 0
7791.520000 0.009852 0
7794.880000 0.015242 0
7798.240000 0.018866 0
7801.600000 0.018992 0
7804.960000 0.017974 0
7808.320000 0.003888 0
7811.680000 0.009123 0
7815.040000 0.021407 0
7818.400000 0.013787 0
7821.760000 0.016011 0
7825.120000 0.007827 0
7828.480000 0.019838 0
7831.840000 0.012950 0
7835.200000 0.010276 0
7838.560000 0.017752 0
7841.920000 0.012936 0
7845.280000 0.007978 0
7848.640000 0.013401 0
7852.000000 0.011776 0
7855.360000 0.004191 0
7858.720000 0.012864 0
7862.080000 0.025731 0
7865.440000 0.000226 0
7868.800000 0.012253 0
7872.160000 0.009146 0
7875.520000 0.018838 0
7878.880000 0.020304 0
7882.240000 0.020018 0
7885.600000 0.016555 0
7888.960000 0.027870 0
7892.320000 0.021005 0
7895.680000 0.014137 0
7899.040000 0.008433 0
7902.400000 0.012146 0
7905.760000 0.013173 0
7909.120000 0.011545 0
7912.480000 0.002768 0
7915.840000 0.006370 0
7919.200000 0.010525 0
7922.560000 0.010274 0
7925.920000 0.015633 0
7929.280000 0.010856 0
7932.640000 0.014582 0
7936.000000 0.016271 0
7939.360000 0.012886 0
7942.720000 0.015041 0
7946.080000 0.013910 0
7949.440000 0.007072 0
7952.800000 0.006048 0
7956.160000 0.011077 0
7959.520000 -0.002488 0
7962.880000 0.000819 0
7966.240000 0.001314 0
7969.600000 0.025842 0
7972.960000 0.009519 0
7976.320000 0.011688 0
7979.680000 0.021879 0
7983.040000 0.011468 0
7986.400000 0.013065 0
7989.760000 0.006396 0
7993.120000 0.014958 0
7996.480000 0.021474 0
7999.840000 0.017654 0
8003.200000 0.012823 0
8006.560000 0.007444 0
8009.920000 0.016705 0
8013.280000 0.018830 0
8016.640000 0.008606 0
8020.000000 0.011574 0
8023.360000 0.027499 0
8026.720000 0.029819 0
8030.080000 0.008935 0
8033.440000 0.014324 0
8036.800000 0.014690 0
8040.160000 0.020771 0
8043.520000 0.010284 0
8046.880000 0.007850 0
8050.240000 0.011688 0
8053.600000 0.003323 0
8056.960000 0.008256 0
8060.320000 0.012177 0
8063.680000 0.018756 0
8067.040000 0.009526 0
8070.400000 0.010586 0
8073.760000 0.014443 0
8077.120000 0.022314 0
8080.480000 0.014200 0
8083.840000 0.016936 0
8087.200000 0.014561 0
8090.560000 0.007977 0
8093.920000 0.022002 0
8097.280000 0.014815 0
8100.640000 0.010718 0
8104.000000 0.009662 0
8107.360000 0.004944 0
8110.720000 0.016952 0
8114.080000 0.016717 0
8117.440000 0.006898 0
8120.800000 0.011098 0
8124.160000 0.009743 0
8127.520000 0.007464 0
8130.880000 0.010456 0
8134.240000 0.008522 0
8137.600000 0.017154 0
8140.960000 0.016962 0
8144.320000 0.020195 0
8147.680000 0.012477 0
8151.040000 0.015201 0
8154.400000 0.007178 0
8157.760000 0.006382 0
8161.120000 0.017631 0
8164.480000 0.015240 0
8167.840000 0.014751 0
8171.200000 0.011319 0
8174.560000 0.014192 0
8177.920000 0.012627 0
8181.280000 0.009872 0
8184.640000 0.013313 0
8188.000000 0.014414 0
8191.360000 0.009599 0
8194.720000 0.012212 0
8198.080000 0.012536 0
8201.440000 0.006432 0
8204.800000 0.020970 0
8208.160000 0.009835 0
8211.520000 0.000837 0
8214.880000 0.009881 0
8218.240000 0.012072 0
8221.600000 0.014139 0
8224.960000 0.009298 0
8228.320000 0.010695 0
8231.680000 0.015106 0
8235.040000 0.016379 0
8238.400000 0.008544 0
8241.760000 0.015140 0
8245.120000 0.014092 0
8248.480000 0.013801 0
8251.840000 0.013023 0
8255.200000 0.010407 0
8258.560000 0.012701 0
8261.920000 0.009450 0
8265.280000 0.010939 0
8268.640000 0.011084 0
8272.000000 0.012439 0
8275.360000 0.012139 0
8278.720000 -0.003105 0
8282.080000 0.013492 0
8285.440000 0.016707 0
8288.800000 0.024113 0
8292.160000 0.026473 0
8295.520000 0.024112 0
8298.880000 0.034962 0
8302.240000 0.021141 0
8305.600000 0.014399 0
8308.960000 0.027038 0
8312.320000 0.014055 0
8315.680000 0.014661 0
8319.040000 0.015036 0
8322.400000 0.008787 0
8325.760000 0.017081 0
8329.120000 0.013349 0
8332.480000 0.016478 0
8335.840000 0.011329 0
8339.200000 0.014361 0
8342.560000 0.016398 0
8345.920000 -0.002010 0
8349.280000 0.004485 0
8352.640000 0.029217 0
8356.000000 0.021931 0
8359.360000 0.023440 0
8362.720000 0.011887 0
8366.080000 0.019095 0
8369.440000 0.011617 0
8372.800000 0.016526 0
8376.160000 0.014989 0
8379.520000 0.011586 0
8382.880000 0.028890 0
8386.240000 0.032060 0
8389.600000 0.031336 0
8392.960000 0.020014 0
8396.320000 0.026512 0
8399.680000 0.003794 0
8403.040000 0.013542 0
8406.400000 0.009953 0
8409.760000 0.010137 0
8413.120000 0.020568 0
8416.480000 0.018227 0
8419.840000 0.015893 0
8423.200000 0.025754 0
8426.560000 0.015758 0
8429.920000 0.004969 0
8433.280000 0.000656 0
8436.640000 0.038516 0
8440.000000 0.008120 0
8443.360000 0.018020 0
8446.720000 0.025739 0
8450.080000 0.008194 0
8453.440000 0.010205 0
8456.800000 0.013669 0
8460.160000 0.016325 0
8463.520000 0.033319 0
8466.880000 0.028091 0
8470.240000 0.016984 0
8473.600000 0.014516 0
8476.960000 0.018956 0
8480.320000 0.022055 0
8483.680000 0.015919 0
8487.040000 0.007929 0
8490.400000 0.012928 0
8493.760000 0.020554 0
8497.120000 0.023618 0
8500.480000 0.021293 0
8503.840000 0.023665 0
8507.200000 0.015415 0
8510.560000 0.015817 0
8513.920000 0.020956 0
8517.280000 0.017242 0
8520.640000 0.017316 0
8524.000000 0.020124 0
8527.360000 0.020088 0
8530.720000 0.016276 0
8534.080000 0.015637 0
8537.440000 0.002301 0
8540.800000 0.013460 0
8544.160000 0.018665 0
8547.520000 0.016466 0
8550.880000 0.011362 0
8554.240000 0.015809 0
8557.600000 0.008299 0
8560.960000 0.012611 0
8564.320000 0.005101 0
8567.680000 0.007778 0
8571.040000 0.016396 0
8574.400000 0.014928 0
8577.760000 0.010687 0
8581.120000 0.010763 0
8584.480000 0.009053 0
8587.840000 0.006348 0
8591.200000 0.006513 0
8594.560000 0.007372 0
8597.920000 0.006868 0
8601.280000 0.009887 0
8604.640000 0.021667 0
8608.000000 0.008819 0
8611.360000 0.007448 0
8614.720000 0.020021 0
8618.080000 0.005766 0
8621.440000 0.012351 0
8624.800000 0.010330 0
8628.160000 0.019520 0
8631.520000 0.010690 0
8634.880000 0.014560 0
8638.240000 0.022070 0
8641.600000 0.027834 0
8644.960000 0.021448 0
8648.320000 0.020442 0
8651.680000 0.009493 0
8655.040000 0.006318 0
8658.400000 -0.001815 0
8661.760000 0.017951 0
8665.120000 0.016443 0
8668.480000 0.002953 0
8671.840000 0.017514 0
8675.200000 0.014553 0
8678.560000 0.010916 0
8681.920000 0.012674 0
8685.280000 0.014809 0
8688.640000 0.020240 0
8692.000000 0.013001 0
8695.360000 0.006468 0
8698.720000 0.003140 0
8702.080000 0.008201 0
8705.440000 0.014118 0
8708.800000 0.016223 0
8712.160000 0.011066 0
8715.520000 0.014481 0
8718.880000 0.013903 0
8722.240000 0.013623 0
8725.600000 0.007714 0
8728.960000 0.013420 0
8732.320000 0.016544 0
8735.680000 0.017269 0
8739.040000 0.011278 0
8742.400000 0.018113 0
8745.760000 0.015634 0
8749.120000 0.008444 0
8752.480000 0.015220 0
8755.840000 0.032184 0
8759.200000 0.030009 0
8762.560000 0.030984 0
8765.920000 0.033234 0
8769.280000 0.050928 0
8772.640000 0.062546 0
8776.000000 -0.005525 0
8779.360000 0.003948 0
8782.720000 0.027592 0
8786.080000 0.015474 0
8789.440000 0.016253 0
8792.800000 0.010400 0
8796.160000 -0.000055 0
8799.520000 0.010608 0
8802.880000 0.011296 0
8806.240000 0.010768 0
8809.600000 0.014930 0
8812.960000 0.017175 0
8816.320000 0.018046 0
8819.680000 0.022048 0
8823.040000 0.004264 0
8826.400000 0.039873 0
8829.760000 0.015734 0
8833.120000 0.006490 0
8836.480000 0.023054 0
8839.840000 0.036196 0
8843.200000 0.035482 0
8846.560000 0.010779 0
8849.920000 0.016913 0
8853.280000 0.027047 0
8856.640000 0.010225 0
8860.000000 0.014221 0
8863.360000 0.002403 0
8866.720000 -0.007120 0
8870.080000 -0.004756 0
8873.440000 -0.000384 0
8876.800000 0.014243 0
8880.160000 0.036237 0
8883.520000 0.007084 0
8886.880000 0.045385 0
8890.240000 0.022315 0
8893.600000 0.016715 0
8896.960000 0.014949 0
8900.320000 0.008511 0
8903.680000 0.016074 0
8907.040000 0.014445 0
8910.400000 0.005229 0
8913.760000 0.033462 0
8917.120000 0.024516 0
8920.480000 -0.003322 0
8923.840000 -0.005099 0
8927.200000 0.014273 0
8930.560000 0.017128 0
8933.920000 0.007329 0
8937.280000 0.014403 0
8940.640000 0.029843 0
8944.000000 0.005905 0
8947.360000 0.005909 0
8950.720000 0.020623 0
8954.080000 0.027280 0
8957.440000 -0.003554 0
8960.800000 0.006796 0
8964.160000 0.045040 0
8967.520000 0.032495 0
8970.880000 0.013898 0
8974.240000 0.014535 0
8977.600000 0.017419 0
8980.960000 0.026294 0
8984.320000 0.019571 0
8987.680000 0.018007 0
8991.040000 0.018544 0
8994.400000 0.023247 0
8997.760000 0.027104 0
9001.120000 0.011340 0
9004.480000 0.014607 0
9007.840000 0.025910 0
9011.200000 0.025216 0
9014.560000 0.021879 0
9017.920000 0.017537 0
9021.280000 0.017477 0
9024.640000 0.020939 0
9028.000000 0.015644 0
9031.360000 0.015236 0
9034.720000 0.019981 0
9038.080000 0.025062 0
9041.440000 0.021749 0
9044.800000 0.005447 0
9048.160000 0.022291 0
9051.520000 0.015040 0
9054.880000 0.015410 0
9058.240000 0.020956 0
9061.600000 0.017303 0
9064.960000 0.021401 0
9068.320000 0.011858 0
9071.680000 0.018655 0
9075.040000 0.013988 0
9078.400000 0.009782 0
9081.760000 0.011918 0
9085.120000 0.009190 0
9088.480000 0.011051 0
9091.840000 0.008489 0
9095.200000 0.015807 0
9098.560000 0.024365 0
9101.920000 0.021249 0
9105.280000 0.011758 0
9108.640000 0.011701 0
9112.000000 0.010683 0
9115.360000 0.013780 0
9118.720000 0.010146 0
9122.080000 0.011273 0
9125.440000 0.010442 0
9128.800000 0.011983 0
9132.160000 0.001932 0
9135.520000 0.008352 0
9138.880000 0.009572 0
9142.240000 0.000968 0
9145.600000 0.011430 0
9148.960000 0.015954 0
9152.320000 0.009800 0
9155.680000 0.007995 0
9159.040000 0.006103 0
9162.400000 0.011424 0
9165.760000 0.012631 0
9169.120000 0.007521 0
9172.480000 0.007372 0
9175.840000 -0.000312 0
9179.200000 0.010324 0
9182.560000 0.003914 0
9185.920000 0.008402 0
9189.280000 0.009188 0
9192.640000 0.005163 0
9196.000000 0.003279 0
9199.360000 0.002364 0
9202.720000 0.003234 0
9206.080000 0.006231 0
9209.440000 0.005186 0
9212.800000 0.010612 0
9216.160000 0.007403 0
9219.520000 0.007900 0
9222.880000 0.005559 0
9226.240000 0.000311 0
9229.600000 0.005987 0
9232.960000 0.013676 0
9236.320000 0.006131 0
9239.680000 0.002879 0
9243.040000 0.001902 0
9246.400000 0.002828 0
9249.760000 0.000218 0
