# obs: 255714
# slit: 2
# z: 0.72521
# lines: K,H,4000{AA}-break,G
# spec: 690
4451.680000 0.000000 1
4455.040000 0.000000 1
4458.400000 0.000000 1
4461.760000 0.000000 1
4465.120000 0.000000 1
4468.479999 0.000000 1
4471.839999 0.000000 1
4475.199999 0.000000 1
4478.559999 0.000000 1
4481.919999 0.000000 1
4485.279999 0.000000 1
4488.639999 0.000000 1
4491.999999 -0.005115 1
4495.359999 0.054708 1
4498.719999 0.029173 1
4502.079998 0.027521 1
4505.439998 0.005945 1
4508.799998 0.009417 1
4512.159998 0.023407 1
4515.519998 0.016842 0
4518.879998 0.011909 0
4522.239998 0.019927 0
4525.599998 0.016712 0
4528.959998 0.035580 0
4532.319997 0.012214 0
4535.679997 0.003149 0
4539.039997 0.003689 0
4542.399997 0.012697 0
4545.759997 0.040860 0
4549.119997 0.023071 0
4552.479997 0.014328 0
4555.839997 0.052646 0
4559.199997 0.039725 0
4562.559997 0.023248 0
4565.919996 0.021360 0
4569.279996 0.030206 0
4572.639996 0.011799 0
4575.999996 0.003263 0
4579.359996 0.014866 0
4582.719996 0.028910 0
4586.079996 0.002168 0
4589.439996 0.023435 0
4592.799996 0.013591 0
4596.159995 0.029151 0
4599.519995 0.030543 0
4602.879995 0.020068 0
4606.239995 0.026377 0
4609.599995 0.040635 0
4612.959995 0.015992 0
4616.319995 0.026424 0
4619.679995 0.024315 0
4623.039995 0.018742 0
4626.399995 0.022382 0
4629.759994 0.028047 0
4633.119994 0.006427 0
4636.479994 0.013880 0
4639.839994 0.018997 0
4643.199994 0.028437 0
4646.559994 0.022979 0
4649.919994 0.011651 0
4653.279994 0.002934 0
4656.639994 0.035615 0
4659.999993 0.031757 0
4663.359993 0.021345 0
4666.719993 0.016502 0
4670.079993 0.010988 0
4673.439993 0.016686 0
4676.799993 0.031638 0
4680.159993 0.002977 0
4683.519993 0.027996 0
4686.879993 0.008718 0
4690.239993 0.007098 0
4693.599992 0.017371 0
4696.959992 0.031620 0
4700.319992 0.021664 0
4703.679992 0.021501 0
4707.039992 0.021037 0
4710.399992 0.018129 0
4713.759992 0.009265 0
4717.119992 0.017439 0
4720.479992 0.031596 0
4723.839992 0.025298 0
4727.199991 0.002245 0
4730.559991 0.008212 0
4733.919991 0.018961 0
4737.279991 0.012777 0
4740.639991 0.019861 0
4743.999991 0.020814 0
4747.359991 0.025311 0
4750.719991 0.033455 0
4754.079991 0.022323 0
4757.439990 0.010976 0
4760.799990 0.009025 0
4764.159990 0.014648 0
4767.519990 0.024724 0
4770.879990 0.012949 0
4774.239990 0.007655 0
4777.599990 0.005328 0
4780.959990 0.010958 0
4784.319990 0.017716 0
4787.679990 0.010671 0
4791.039989 0.013483 0
4794.399989 0.009694 0
4797.759989 0.019863 0
4801.119989 0.018810 0
4804.479989 -0.003578 0
4807.839989 0.025722 0
4811.199989 0.026917 0
4814.559989 -0.000532 0
4817.919989 0.001741 0
4821.279988 0.007647 0
4824.639988 0.002661 0
4827.999988 -0.004676 0
4831.359988 -0.000971 0
4834.719988 -0.006752 0
4838.079988 0.007496 0
4841.439988 0.015196 0
4844.799988 0.023717 0
4848.159988 0.011056 0
4851.519988 0.029772 0
4854.879987 0.019114 0
4858.239987 0.025057 0
4861.599987 0.013776 0
4864.959987 0.011912 0
4868.319987 0.037601 0
4871.679987 0.024437 0
4875.039987 0.021386 0
4878.399987 0.035274 0
4881.759987 0.014958 0
4885.119986 0.013667 0
4888.479986 0.037738 0
4891.839986 0.023732 0
4895.199986 0.014380 0
4898.559986 0.019435 0
4901.919986 0.038784 0
4905.279986 0.026581 0
4908.639986 0.013912 0
4911.999986 0.011753 0
4915.359986 0.002716 0
4918.719985 0.020605 0
4922.079985 0.029851 0
4925.439985 0.002615 0
4928.799985 0.012823 0
4932.159985 0.015427 0
4935.519985 0.000412 0
4938.879985 0.016816 0
4942.239985 0.029471 0
4945.599985 0.023291 0
4948.959984 0.039836 0
4952.319984 0.026892 0
4955.679984 0.014314 0
4959.039984 0.031102 0
4962.399984 0.037831 0
4965.759984 0.033992 0
4969.119984 0.001356 0
4972.479984 0.015604 0
4975.839984 0.035201 0
4979.199984 0.036834 0
4982.559983 0.026085 0
4985.919983 0.021475 0
4989.279983 0.021352 0
4992.639983 0.021930 0
4995.999983 0.033724 0
4999.359983 0.037421 0
5002.719983 0.043510 0
5006.079983 0.039858 0
5009.439983 0.034151 0
5012.799982 0.041603 0
5016.159982 0.033678 0
5019.519982 0.024302 0
5022.879982 0.043049 0
5026.239982 0.034534 0
5029.599982 0.052770 0
5032.959982 0.023400 0
5036.319982 0.027449 0
5039.679982 0.028774 0
5043.039982 0.017023 0
5046.399981 0.021880 0
5049.759981 0.037307 0
5053.119981 0.022758 0
5056.479981 0.027709 0
5059.839981 0.037265 0
5063.199981 0.042451 0
5066.559981 0.035742 0
5069.919981 0.042774 0
5073.279981 0.043238 0
5076.639980 0.032721 0
5079.999980 0.023595 0
5083.359980 0.017223 0
5086.719980 0.035683 0
5090.079980 0.045073 0
5093.439980 0.022783 0
5096.799980 0.046211 0
5100.159980 0.047197 0
5103.519980 0.031062 0
5106.879980 0.038767 0
5110.239979 0.027297 0
5113.599979 0.039319 0
5116.959979 0.042683 0
5120.319979 0.039699 0
5123.679979 0.024882 0
5127.039979 0.017496 0
5130.399979 0.024495 0
5133.759979 0.013145 0
5137.119979 0.021326 0
5140.479978 0.031688 0
5143.839978 0.033800 0
5147.199978 0.026039 0
5150.559978 0.038084 0
5153.919978 0.043250 0
5157.279978 0.028047 0
5160.639978 0.038002 0
5163.999978 0.038085 0
5167.359978 0.022450 0
5170.719978 0.033957 0
5174.079977 0.040344 0
5177.439977 0.023205 0
5180.799977 0.031828 0
5184.159977 0.021736 0
5187.519977 0.023115 0
5190.879977 0.020921 0
5194.239977 0.040810 0
5197.599977 0.039197 0
5200.959977 0.033910 0
5204.319977 0.032422 0
5207.679976 0.034418 0
5211.039976 0.035038 0
5214.399976 0.035256 0
5217.759976 0.044284 0
5221.119976 0.048957 0
5224.479976 0.045886 0
5227.839976 0.053274 0
5231.199976 0.055234 0
5234.559976 0.024634 0
5237.919975 0.018795 0
5241.279975 0.021052 0
5244.639975 0.042013 0
5247.999975 0.041070 0
5251.359975 0.036690 0
5254.719975 0.042028 0
5258.079975 0.030436 0
5261.439975 0.048099 0
5264.799975 0.045848 0
5268.159975 0.052677 0
5271.519974 0.038149 0
5274.879974 0.046525 0
5278.239974 0.032012 0
5281.599974 0.026099 0
5284.959974 0.026043 0
5288.319974 0.046223 0
5291.679974 0.044221 0
5295.039974 0.038941 0
5298.399974 0.039531 0
5301.759973 0.030948 0
5305.119973 0.019559 0
5308.479973 0.032225 0
5311.839973 0.039211 0
5315.199973 0.026807 0
5318.559973 0.028590 0
5321.919973 0.044107 0
5325.279973 0.034574 0
5328.639973 0.029093 0
5331.999973 0.031724 0
5335.359972 0.017640 0
5338.719972 0.016386 0
5342.079972 0.032711 0
5345.439972 0.033581 0
5348.799972 0.017376 0
5352.159972 0.036128 0
5355.519972 0.036693 0
5358.879972 0.038928 0
5362.239972 0.049695 0
5365.599971 0.048573 0
5368.959971 0.039060 0
5372.319971 0.038412 0
5375.679971 0.050276 0
5379.039971 0.041418 0
5382.399971 0.064161 0
5385.759971 0.034812 0
5389.119971 0.027076 0
5392.479971 0.038357 0
5395.839971 0.039859 0
5399.199970 0.023142 0
5402.559970 0.041993 0
5405.919970 0.046345 0
5409.279970 0.027606 0
5412.639970 0.050284 0
5415.999970 0.047559 0
5419.359970 0.054005 0
5422.719970 0.044067 0
5426.079970 0.044056 0
5429.439969 0.056769 0
5432.799969 0.057155 0
5436.159969 0.029669 0
5439.519969 0.045198 0
5442.879969 0.036193 0
5446.239969 0.051045 0
5449.599969 0.058401 0
5452.959969 0.046066 0
5456.319969 0.035549 0
5459.679969 0.029805 0
5463.039968 0.040662 0
5466.399968 0.050717 0
5469.759968 0.053311 0
5473.119968 0.052754 0
5476.479968 0.047620 0
5479.839968 0.045515 0
5483.199968 0.046848 0
5486.559968 0.029231 0
5489.919968 0.039276 0
5493.279967 0.056290 0
5496.639967 0.034566 0
5499.999967 0.034916 0
5503.359967 0.057883 0
5506.719967 0.048481 0
5510.079967 0.036365 0
5513.439967 0.034073 0
5516.799967 0.037200 0
5520.159967 0.048922 0
5523.519967 0.064130 0
5526.879966 0.062553 0
5530.239966 0.056882 0
5533.599966 0.045289 0
5536.959966 0.037523 0
5540.319966 0.027224 0
5543.679966 0.054947 0
5547.039966 0.034652 0
5550.399966 0.028061 0
5553.759966 0.022113 0
5557.119965 0.039128 0
5560.479965 0.055156 0
5563.839965 0.037802 1
5567.199965 0.029179 1
5570.559965 0.063329 1
5573.919965 0.189971 1
5577.279965 0.039513 1
5580.639965 0.021451 1
5583.999965 0.121179 1
5587.359965 -0.007137 1
5590.719964 0.034904 1
5594.079964 0.054607 1
5597.439964 0.039431 0
5600.799964 0.047195 0
5604.159964 0.045863 0
5607.519964 0.031666 0
5610.879964 0.036050 0
5614.239964 0.043166 0
5617.599964 0.047036 0
5620.959963 0.036324 0
5624.319963 0.056616 0
5627.679963 0.044414 0
5631.039963 0.055746 0
5634.399963 0.042433 0
5637.759963 0.057786 0
5641.119963 0.052868 0
5644.479963 0.045599 0
5647.839963 0.051860 0
5651.199963 0.057751 0
5654.559962 0.050463 0
5657.919962 0.038582 0
5661.279962 0.045367 0
5664.639962 0.051963 0
5667.999962 0.042505 0
5671.359962 0.059693 0
5674.719962 0.050275 0
5678.079962 0.051660 0
5681.439962 0.049394 0
5684.799962 0.044577 0
5688.159961 0.055910 0
5691.519961 0.062587 0
5694.879961 0.058882 0
5698.239961 0.045983 0
5701.599961 0.067084 0
5704.959961 0.058819 0
5708.319961 0.053787 0
5711.679961 0.048553 0
5715.039961 0.046728 0
5718.399960 0.041228 0
5721.759960 0.053077 0
5725.119960 0.053059 0
5728.479960 0.051001 0
5731.839960 0.046402 0
5735.199960 0.036552 0
5738.559960 0.050223 0
5741.919960 0.046225 0
5745.279960 0.055260 0
5748.639960 0.062385 0
5751.999959 0.048248 0
5755.359959 0.036434 0
5758.719959 0.040874 0
5762.079959 0.038723 0
5765.439959 0.038414 0
5768.799959 0.043424 0
5772.159959 0.038560 0
5775.519959 0.059996 0
5778.879959 0.054819 0
5782.239958 0.020781 0
5785.599958 0.040658 0
5788.959958 0.048633 1
5792.319958 0.045533 1
5795.679958 0.018961 1
5799.039958 0.054799 1
5802.399958 0.039024 1
5805.759958 0.043362 1
5809.119958 0.025852 1
5812.479958 0.056790 1
5815.839957 0.041134 1
5819.199957 0.048453 1
5822.559957 0.054405 1
5825.919957 0.044132 1
5829.279957 0.052184 1
5832.639957 0.034342 1
5835.999957 0.044598 1
5839.359957 0.050893 0
5842.719957 0.063791 0
5846.079956 0.038214 0
5849.439956 0.048789 0
5852.799956 0.048341 0
5856.159956 0.057656 0
5859.519956 0.048894 0
5862.879956 0.049470 0
5866.239956 0.060660 0
5869.599956 0.050607 0
5872.959956 0.059861 0
5876.319956 0.046877 0
5879.679955 0.048372 0
5883.039955 0.030162 0
5886.399955 0.042715 0
5889.759955 0.033180 0
5893.119955 0.075296 0
5896.479955 0.074434 0
5899.839955 0.038778 0
5903.199955 0.044371 0
5906.559955 0.070374 0
5909.919954 0.054941 0
5913.279954 0.052956 0
5916.639954 0.046429 0
5919.999954 0.063513 0
5923.359954 0.047731 0
5926.719954 0.050683 0
5930.079954 0.044074 0
5933.439954 0.043252 0
5936.799954 0.041409 0
5940.159954 0.057301 0
5943.519953 0.061105 0
5946.879953 0.054872 0
5950.239953 0.064400 0
5953.599953 0.045493 0
5956.959953 0.047688 0
5960.319953 0.059035 0
5963.679953 0.054581 0
5967.039953 0.031014 0
5970.399953 0.024553 0
5973.759952 0.036000 0
5977.119952 0.052728 0
5980.479952 0.046749 0
5983.839952 0.048579 0
5987.199952 0.060904 0
5990.559952 0.060139 0
5993.919952 0.041895 0
5997.279952 0.048579 0
6000.639952 0.050337 0
6003.999952 0.059802 0
6007.359951 0.062530 0
6010.719951 0.049809 0
6014.079951 0.060792 0
6017.439951 0.074288 0
6020.799951 0.058709 0
6024.159951 0.054084 0
6027.519951 0.052387 0
6030.879951 0.051411 0
6034.239951 0.046645 0
6037.599950 0.043381 0
6040.959950 0.071900 0
6044.319950 0.062073 0
6047.679950 0.050365 0
6051.039950 0.043492 0
6054.399950 0.046331 0
6057.759950 0.052812 0
6061.119950 0.063872 0
6064.479950 0.057028 0
6067.839950 0.047153 0
6071.199949 0.063918 0
6074.559949 0.052779 0
6077.919949 0.052700 0
6081.279949 0.061129 0
6084.639949 0.054815 0
6087.999949 0.066950 0
6091.359949 0.065209 0
6094.719949 0.055620 0
6098.079949 0.046833 0
6101.439948 0.052849 0
6104.799948 0.067907 0
6108.159948 0.068849 0
6111.519948 0.057028 0
6114.879948 0.051738 0
6118.239948 0.046981 0
6121.599948 0.051836 0
6124.959948 0.050344 0
6128.319948 0.044811 0
6131.679948 0.037702 0
6135.039947 0.050423 0
6138.399947 0.072192 0
6141.759947 0.060228 0
6145.119947 0.060116 0
6148.479947 0.058603 0
6151.839947 0.045758 0
6155.199947 0.051730 0
6158.559947 0.049029 0
6161.919947 0.046443 0
6165.279947 0.041275 0
6168.639946 0.038591 0
6171.999946 0.063458 0
6175.359946 0.047015 0
6178.719946 0.033456 0
6182.079946 0.040675 0
6185.439946 0.039130 0
6188.799946 0.045203 0
6192.159946 0.043960 0
6195.519946 0.049735 0
6198.879945 0.063271 0
6202.239945 0.075563 0
6205.599945 0.053686 0
6208.959945 0.059302 0
6212.319945 0.086576 0
6215.679945 0.060598 0
6219.039945 0.042569 0
6222.399945 0.065718 0
6225.759945 0.059093 0
6229.119945 0.042769 0
6232.479944 0.038772 0
6235.839944 0.028183 0
6239.199944 0.051327 0
6242.559944 0.043601 0
6245.919944 0.040792 0
6249.279944 0.036666 0
6252.639944 0.046291 0
6255.999944 0.069875 0
6259.359944 0.090068 0
6262.719943 0.053035 0
6266.079943 0.049312 0
6269.439943 0.051368 0
6272.799943 0.063442 0
6276.159943 0.057656 0
6279.519943 0.052697 0
6282.879943 0.052047 0
6286.239943 0.074857 0
6289.599943 0.043256 0
6292.959943 0.043586 0
6296.319942 0.058790 0
6299.679942 0.055628 0
6303.039942 0.052912 0
6306.399942 0.071055 0
6309.759942 0.077817 0
6313.119942 0.084238 0
6316.479942 0.067032 0
6319.839942 0.087269 0
6323.199942 0.083614 0
6326.559941 0.072420 0
6329.919941 0.091966 0
6333.279941 0.083589 0
6336.639941 0.077616 0
6339.999941 0.072369 0
6343.359941 0.056773 0
6346.719941 0.068985 0
6350.079941 0.057347 0
6353.439941 0.071600 0
6356.799941 0.039734 0
6360.159940 0.036398 0
6363.519940 0.075098 0
6366.879940 0.087215 0
6370.239940 0.069184 0
6373.599940 0.058461 0
6376.959940 0.063855 0
6380.319940 0.071396 0
6383.679940 0.065936 0
6387.039940 0.072661 0
6390.399939 0.070932 0
6393.759939 0.058012 0
6397.119939 0.059451 0
6400.479939 0.077530 0
6403.839939 0.053193 0
6407.199939 0.064576 0
6410.559939 0.063907 0
6413.919939 0.071228 0
6417.279939 0.068674 0
6420.639939 0.052107 0
6423.999938 0.070986 0
6427.359938 0.080160 0
6430.719938 0.067660 0
6434.079938 0.073478 0
6437.439938 0.064300 0
6440.799938 0.068544 0
6444.159938 0.052147 0
6447.519938 0.054131 0
6450.879938 0.057249 0
6454.239937 0.049992 0
6457.599937 0.062521 0
6460.959937 0.048249 0
6464.319937 0.029050 0
6467.679937 0.061813 0
6471.039937 0.065291 0
6474.399937 0.078201 0
6477.759937 0.072037 0
6481.119937 0.063593 0
6484.479937 0.062624 0
6487.839936 0.055153 0
6491.199936 0.063151 0
6494.559936 0.062615 0
6497.919936 0.061655 0
6501.279936 0.062701 0
6504.639936 0.052105 0
6507.999936 0.057751 0
6511.359936 0.068681 0
6514.719936 0.077295 0
6518.079935 0.092211 0
6521.439935 0.101282 0
6524.799935 0.087689 0
6528.159935 0.074197 0
6531.519935 0.096887 0
6534.879935 0.083013 0
6538.239935 0.053813 0
6541.599935 0.070927 0
6544.959935 0.057073 0
6548.319935 0.075114 0
6551.679934 0.077809 0
6555.039934 0.054340 0
6558.399934 0.045998 0
6561.759934 0.070320 0
6565.119934 0.092960 0
6568.479934 0.090462 0
6571.839934 0.067377 0
6575.199934 0.090361 0
6578.559934 0.102472 0
6581.919933 0.083128 0
6585.279933 0.059359 0
6588.639933 0.063645 0
6591.999933 0.080833 0
6595.359933 0.075514 0
6598.719933 0.086551 0
6602.079933 0.062568 0
6605.439933 0.051040 0
6608.799933 0.060322 0
6612.159933 0.059269 0
6615.519932 0.048331 0
6618.879932 0.049726 0
6622.239932 0.042087 0
6625.599932 0.046559 0
6628.959932 0.047532 0
6632.319932 0.066470 0
6635.679932 0.068234 0
6639.039932 0.071231 0
6642.399932 0.079669 0
6645.759932 0.073913 0
6649.119931 0.059620 0
6652.479931 0.066385 0
6655.839931 0.091255 0
6659.199931 0.098731 0
6662.559931 0.089368 0
6665.919931 0.085786 0
6669.279931 0.091013 0
6672.639931 0.086484 0
6675.999931 0.067546 0
6679.359930 0.075109 0
6682.719930 0.077502 0
6686.079930 0.085956 0
6689.439930 0.073688 0
6692.799930 0.068316 0
6696.159930 0.068846 0
6699.519930 0.075469 0
6702.879930 0.062663 0
6706.239930 0.060554 0
6709.599930 0.081538 0
6712.959929 0.068835 0
6716.319929 0.074519 0
6719.679929 0.082805 0
6723.039929 0.086705 0
6726.399929 0.086831 0
6729.759929 0.082328 0
6733.119929 0.077884 0
6736.479929 0.088587 0
6739.839929 0.087902 0
6743.199928 0.095671 0
6746.559928 0.120466 0
6749.919928 0.120129 0
6753.279928 0.118034 0
6756.639928 0.102554 0
6759.999928 0.090159 0
6763.359928 0.098831 0
6766.719928 0.089729 0
6770.079928 0.093194 0
6773.439928 0.092274 0
6776.799927 0.084857 0
6780.159927 0.059930 0
6783.519927 0.055280 0
6786.879927 0.040194 0
6790.239927 0.057329 0
6793.599927 0.071748 0
6796.959927 0.078808 0
6800.319927 0.084050 0
6803.679927 0.085764 0
6807.039926 0.085260 0
6810.399926 0.088606 0
6813.759926 0.106339 0
6817.119926 0.100245 0
6820.479926 0.087676 0
6823.839926 0.086861 0
6827.199926 0.118259 0
6830.559926 0.087318 0
6833.919926 0.046629 0
6837.279926 0.088475 0
6840.639925 0.071285 0
6843.999925 0.056971 0
6847.359925 0.048570 0
6850.719925 0.041012 0
6854.079925 0.065902 0
6857.439925 0.075898 0
6860.799925 0.065052 0
6864.159925 0.086046 0
6867.519925 0.113524 0
6870.879924 0.105138 0
6874.239924 0.082708 0
6877.599924 0.098619 0
6880.959924 0.082531 0
6884.319924 0.091826 0
6887.679924 0.124641 0
6891.039924 0.114262 0
6894.399924 0.102248 0
6897.759924 0.106531 0
6901.119924 0.105057 0
6904.479923 0.096235 0
6907.839923 0.124397 0
6911.199923 0.116803 0
6914.559923 0.130818 0
6917.919923 0.122684 0
6921.279923 0.147778 0
6924.639923 0.112587 0
6927.999923 0.090465 0
6931.359923 0.123566 0
6934.719922 0.134760 0
6938.079922 0.143127 0
6941.439922 0.116204 0
6944.799922 0.113838 0
6948.159922 0.115074 0
6951.519922 0.111384 0
6954.879922 0.110743 0
6958.239922 0.120601 0
6961.599922 0.132929 0
6964.959922 0.117850 0
6968.319921 0.108569 0
6971.679921 0.137456 0
6975.039921 0.133709 0
6978.399921 0.134457 0
6981.759921 0.118068 0
6985.119921 0.126820 0
6988.479921 0.118573 0
6991.839921 0.120267 0
6995.199921 0.108162 0
6998.559920 0.096013 0
7001.919920 0.115085 0
7005.279920 0.108500 0
7008.639920 0.109701 0
7011.999920 0.124929 0
7015.359920 0.120300 0
7018.719920 0.119659 0
7022.079920 0.130030 0
7025.439920 0.115629 0
7028.799920 0.099157 0
7032.159919 0.112284 0
7035.519919 0.120862 0
7038.879919 0.140836 0
7042.239919 0.129703 0
7045.599919 0.121630 0
7048.959919 0.124933 0
7052.319919 0.115915 0
7055.679919 0.132171 0
7059.039919 0.132588 0
7062.399918 0.090568 0
7065.759918 0.092450 0
7069.119918 0.105499 0
7072.479918 0.095661 0
7075.839918 0.094583 0
7079.199918 0.116046 0
7082.559918 0.097700 0
7085.919918 0.101938 0
7089.279918 0.096541 0
7092.639918 0.107258 0
7095.999917 0.107358 0
7099.359917 0.131113 0
7102.719917 0.126672 0
7106.079917 0.112124 0
7109.439917 0.115376 0
7112.799917 0.135502 0
7116.159917 0.127383 0
7119.519917 0.117590 0
7122.879917 0.127924 0
7126.239916 0.139168 0
7129.599916 0.125130 0
7132.959916 0.106554 0
7136.319916 0.130616 0
7139.679916 0.125025 0
7143.039916 0.134262 0
7146.399916 0.125639 0
7149.759916 0.112317 0
7153.119916 0.127329 0
7156.479916 0.128614 0
7159.839915 0.132019 0
7163.199915 0.122827 0
7166.559915 0.094696 0
7169.919915 0.122147 0
7173.279915 0.140716 0
7176.639915 0.127022 0
7179.999915 0.132338 0
7183.359915 0.128159 0
7186.719915 0.116964 0
7190.079915 0.128872 0
7193.439914 0.121199 0
7196.799914 0.115530 0
7200.159914 0.113466 0
7203.519914 0.106742 0
7206.879914 0.111590 0
7210.239914 0.109686 0
7213.599914 0.112714 0
7216.959914 0.129472 0
7220.319914 0.127860 0
7223.679913 0.145474 0
7227.039913 0.116022 0
7230.399913 0.115309 0
7233.759913 0.114430 0
7237.119913 0.135871 0
7240.479913 0.138642 0
7243.839913 0.125588 0
7247.199913 0.152771 0
7250.559913 0.146467 0
7253.919913 0.120965 0
7257.279912 0.121999 0
7260.639912 0.126522 0
7263.999912 0.117695 0
7267.359912 0.144238 0
7270.719912 0.140630 0
7274.079912 0.139822 0
7277.439912 0.132147 0
7280.799912 0.156707 0
7284.159912 0.147081 0
7287.519911 0.111398 0
7290.879911 0.121307 0
7294.239911 0.110658 0
7297.599911 0.124636 0
7300.959911 0.091543 0
7304.319911 0.114599 0
7307.679911 0.125554 0
7311.039911 0.100601 0
7314.399911 0.142808 0
7317.759911 0.144443 0
7321.119910 0.152072 0
7324.479910 0.133464 0
7327.839910 0.121725 0
7331.199910 0.116126 0
7334.559910 0.120747 0
7337.919910 0.130862 0
7341.279910 0.178233 0
7344.639910 0.129932 0
7347.999910 0.143842 0
7351.359909 0.154942 0
7354.719909 0.126975 0
7358.079909 0.137530 0
7361.439909 0.107196 0
7364.799909 0.108704 0
7368.159909 0.106978 0
7371.519909 0.125633 0
7374.879909 0.133506 0
7378.239909 0.126379 0
7381.599909 0.128491 0
7384.959908 0.123554 0
7388.319908 0.106732 0
7391.679908 0.123834 0
7395.039908 0.147142 0
7398.399908 0.129235 0
7401.759908 0.107921 0
7405.119908 0.123125 0
7408.479908 0.112438 0
7411.839908 0.115790 0
7415.199907 0.115253 0
7418.559907 0.099257 0
7421.919907 0.081067 0
7425.279907 0.094881 0
7428.639907 0.084155 0
7431.999907 0.104720 0
7435.359907 0.105176 0
7438.719907 0.103072 0
7442.079907 0.120020 0
7445.439907 0.119822 0
7448.799906 0.113190 0
7452.159906 0.116364 0
7455.519906 0.123903 0
7458.879906 0.111667 0
7462.239906 0.137030 0
7465.599906 0.144448 0
7468.959906 0.116154 0
7472.319906 0.120444 0
7475.679906 0.117934 0
7479.039905 0.121720 0
7482.399905 0.101698 0
7485.759905 0.064364 0
7489.119905 0.083578 0
7492.479905 0.100441 0
7495.839905 0.120974 0
7499.199905 0.122638 0
7502.559905 0.100275 0
7505.919905 0.111017 0
7509.279905 0.130859 0
7512.639904 0.131371 0
7515.999904 0.129101 0
7519.359904 0.148584 0
7522.719904 0.092833 0
7526.079904 0.124028 0
7529.439904 0.148470 0
7532.799904 0.133233 0
7536.159904 0.116620 0
7539.519904 0.149818 0
7542.879903 0.133969 0
7546.239903 0.122312 0
7549.599903 0.128115 0
7552.959903 0.122026 0
7556.319903 0.111802 0
7559.679903 0.119468 0
7563.039903 0.137489 0
7566.399903 0.134645 0
7569.759903 0.121623 0
7573.119903 0.133154 0
7576.479902 0.139937 0
7579.839902 0.148243 0
7583.199902 0.111433 0
7586.559902 0.138391 0
7589.919902 0.143156 0
7593.279902 0.136875 0
7596.639902 0.110065 0
7599.999902 0.135058 0
7603.359902 0.125114 0
7606.719901 0.122571 0
7610.079901 0.112922 0
7613.439901 0.142168 0
7616.799901 0.142889 0
7620.159901 0.144345 0
7623.519901 0.145726 0
7626.879901 0.156845 0
7630.239901 0.161922 0
7633.599901 0.165901 0
7636.959901 0.157187 0
7640.319900 0.118994 0
7643.679900 0.145931 0
7647.039900 0.133996 0
7650.399900 0.118537 0
7653.759900 0.152539 0
7657.119900 0.148763 0
7660.479900 0.143928 0
7663.839900 0.131067 0
7667.199900 0.145797 0
7670.559900 0.120324 0
7673.919899 0.133132 0
7677.279899 0.147426 0
7680.639899 0.131141 0
7683.999899 0.112804 0
7687.359899 0.109128 0
7690.719899 0.113992 0
7694.079899 0.109243 0
7697.439899 0.119717 0
7700.799899 0.121070 0
7704.159898 0.135590 0
7707.519898 0.162503 0
7710.879898 0.151212 0
7714.239898 0.102599 0
7717.599898 0.180953 0
7720.959898 0.173399 0
7724.319898 0.125099 0
7727.679898 0.163674 0
7731.039898 0.131167 0
7734.399898 0.111568 0
7737.759897 0.136615 0
7741.119897 0.144501 0
7744.479897 0.162654 0
7747.839897 0.135229 0
7751.199897 0.136489 0
7754.559897 0.154133 0
7757.919897 0.108546 0
7761.279897 0.116554 0
7764.639897 0.135910 0
7767.999896 0.138312 0
7771.359896 0.135686 0
7774.719896 0.140931 0
7778.079896 0.187191 0
7781.439896 0.137357 0
7784.799896 0.143312 0
7788.159896 0.131685 0
7791.519896 0.143052 0
7794.879896 0.158112 0
7798.239896 0.170756 0
7801.599895 0.135252 0
7804.959895 0.144463 0
7808.319895 0.120541 0
7811.679895 0.125074 0
7815.039895 0.141312 0
7818.399895 0.148564 0
7821.759895 0.138802 0
7825.119895 0.147342 0
7828.479895 0.135664 0
7831.839894 0.135979 0
7835.199894 0.132528 0
7838.559894 0.139528 0
7841.919894 0.183945 0
7845.279894 0.193228 0
7848.639894 0.128289 0
7851.999894 0.157558 0
7855.359894 0.143039 0
7858.719894 0.071366 0
7862.079894 0.136107 0
7865.439893 0.167013 0
7868.799893 0.143078 0
7872.159893 0.124484 0
7875.519893 0.122255 0
7878.879893 0.144717 0
7882.239893 0.153416 0
7885.599893 0.158359 0
7888.959893 0.137630 0
7892.319893 0.125623 0
7895.679892 0.143484 0
7899.039892 0.152742 0
7902.399892 0.130568 0
7905.759892 0.150029 0
7909.119892 0.151542 0
7912.479892 0.133479 0
7915.839892 0.151505 0
7919.199892 0.154734 0
7922.559892 0.153420 0
7925.919892 0.160257 0
7929.279891 0.146837 0
7932.639891 0.136115 0
7935.999891 0.149400 0
7939.359891 0.145993 0
7942.719891 0.144617 0
7946.079891 0.171797 0
7949.439891 0.172663 0
7952.799891 0.174224 0
7956.159891 0.172398 0
7959.519890 0.176675 0
7962.879890 0.149278 0
7966.239890 0.152919 0
7969.599890 0.151109 0
7972.959890 0.135871 0
7976.319890 0.168590 0
7979.679890 0.169087 0
7983.039890 0.138133 0
7986.399890 0.198320 0
7989.759890 0.154444 0
7993.119889 0.122135 0
7996.479889 0.157265 0
7999.839889 0.156645 0
8003.199889 0.142902 0
8006.559889 0.156998 0
8009.919889 0.140895 0
8013.279889 0.162169 0
8016.639889 0.157513 0
8019.999889 0.121703 0
8023.359888 0.132701 0
8026.719888 0.125348 0
8030.079888 0.150702 0
8033.439888 0.120237 0
8036.799888 0.113964 0
8040.159888 0.141745 0
8043.519888 0.117248 0
8046.879888 0.177502 0
8050.239888 0.156443 0
8053.599888 0.134129 0
8056.959887 0.124800 0
8060.319887 0.141544 0
8063.679887 0.147865 0
8067.039887 0.146227 0
8070.399887 0.130384 0
8073.759887 0.134804 0
8077.119887 0.129788 0
8080.479887 0.141488 0
8083.839887 0.148305 0
8087.199886 0.141311 0
8090.559886 0.134604 0
8093.919886 0.141511 0
8097.279886 0.155207 0
8100.639886 0.124407 0
8103.999886 0.129116 0
8107.359886 0.130638 0
8110.719886 0.144860 0
8114.079886 0.134728 0
8117.439886 0.128437 0
8120.799885 0.125442 0
8124.159885 0.128057 0
8127.519885 0.145035 0
8130.879885 0.136451 0
8134.239885 0.146020 0
8137.599885 0.144823 0
8140.959885 0.138479 0
8144.319885 0.132276 0
8147.679885 0.151292 0
8151.039885 0.142788 0
8154.399884 0.150453 0
8157.759884 0.130944 0
8161.119884 0.132096 0
8164.479884 0.117622 0
8167.839884 0.142129 0
8171.199884 0.156879 0
8174.559884 0.148297 0
8177.919884 0.133925 0
8181.279884 0.145338 0
8184.639883 0.143314 0
8187.999883 0.140135 0
8191.359883 0.150014 0
8194.719883 0.134330 0
8198.079883 0.150043 0
8201.439883 0.153020 0
8204.799883 0.150332 0
8208.159883 0.149231 0
8211.519883 0.127585 0
8214.879883 0.136792 0
8218.239882 0.154488 0
8221.599882 0.162442 0
8224.959882 0.142495 0
8228.319882 0.114736 0
8231.679882 0.137903 0
8235.039882 0.147533 0
8238.399882 0.134434 0
8241.759882 0.159972 0
8245.119882 0.166532 0
8248.479881 0.142777 0
8251.839881 0.137220 0
8255.199881 0.142412 0
8258.559881 0.148527 0
8261.919881 0.163015 0
8265.279881 0.154257 0
8268.639881 0.164264 0
8271.999881 0.140293 0
8275.359881 0.113676 0
8278.719881 0.105607 0
8282.079880 0.135317 0
8285.439880 0.209174 0
8288.799880 0.196353 0
8292.159880 0.098971 0
8295.519880 0.145190 0
8298.879880 0.147853 0
8302.239880 0.148191 0
8305.599880 0.157080 0
8308.959880 0.155848 0
8312.319879 0.177794 0
8315.679879 0.129301 0
8319.039879 0.141575 0
8322.399879 0.178234 0
8325.759879 0.127838 0
8329.119879 0.148707 0
8332.479879 0.150861 0
8335.839879 0.172058 0
8339.199879 0.197047 0
8342.559879 0.255788 0
8345.919878 0.320402 0
8349.279878 0.321004 0
8352.639878 0.188564 0
8355.999878 0.145685 0
8359.359878 0.162000 0
8362.719878 0.140725 0
8366.079878 0.151283 0
8369.439878 0.156190 0
8372.799878 0.119920 0
8376.159877 0.106332 0
8379.519877 0.144514 0
8382.879877 0.138224 0
8386.239877 0.131724 0
8389.599877 0.136909 0
8392.959877 0.141864 0
8396.319877 0.189996 0
8399.679877 0.244312 0
8403.039877 0.253500 0
8406.399877 0.192590 0
8409.759876 0.137125 0
8413.119876 0.144058 0
8416.479876 0.158394 0
8419.839876 0.147001 0
8423.199876 0.154555 0
8426.559876 0.175135 0
8429.919876 0.173017 0
8433.279876 0.196105 0
8436.639876 0.208792 0
8439.999875 0.152775 0
8443.359875 0.127940 0
8446.719875 0.135755 0
8450.079875 0.113643 0
8453.439875 0.136423 0
8456.799875 0.142318 0
8460.159875 0.158827 0
8463.519875 0.190535 0
8466.879875 0.186408 0
8470.239875 0.164179 0
8473.599874 0.155601 0
8476.959874 0.131394 0
8480.319874 0.108174 0
8483.679874 0.090730 0
8487.039874 0.095316 0
8490.399874 0.071442 0
8493.759874 0.087316 0
8497.119874 0.110818 0
8500.479874 0.100651 0
8503.839873 0.099520 0
8507.199873 0.117095 0
8510.559873 0.138287 0
8513.919873 0.105596 0
8517.279873 0.065869 0
8520.639873 0.065359 0
8523.999873 0.082909 0
8527.359873 0.058761 0
8530.719873 0.054978 0
8534.079873 0.040055 0
8537.439872 0.080473 0
8540.799872 0.064387 0
8544.159872 0.054027 0
8547.519872 0.071587 0
8550.879872 0.055909 0
8554.239872 0.058506 0
8557.599872 0.057327 0
8560.959872 0.053952 0
8564.319872 0.042573 0
8567.679871 0.052727 0
8571.039871 0.057509 0
8574.399871 0.038336 0
8577.759871 0.045151 0
8581.119871 0.040853 0
8584.479871 0.038610 0
8587.839871 0.045312 0
8591.199871 0.050898 0
8594.559871 0.052293 0
8597.919871 0.051165 0
8601.279870 0.040678 0
8604.639870 0.033431 0
8607.999870 0.032487 0
8611.359870 0.036639 0
8614.719870 0.053188 0
8618.079870 0.069775 0
8621.439870 0.071883 0
8624.799870 0.082116 0
8628.159870 0.066912 0
8631.519870 0.065382 0
8634.879869 0.058895 0
8638.239869 0.047833 0
8641.599869 0.041582 0
8644.959869 0.031492 0
8648.319869 0.035781 0
8651.679869 0.048149 0
8655.039869 0.032480 0
8658.399869 0.041494 0
8661.759869 0.034564 0
8665.119868 0.027038 0
8668.479868 0.016445 0
8671.839868 -0.001210 0
8675.199868 0.000000 1
8678.559868 0.000000 1
8681.919868 0.000000 1
8685.279868 0.000000 1
8688.639868 0.000000 1
8691.999868 0.000000 1
8695.359868 0.000000 1
8698.719867 0.000000 1
8702.079867 0.000000 1
8705.439867 0.000000 1
8708.799867 0.000000 1
8712.159867 0.000000 1
8715.519867 0.000000 1
8718.879867 0.000000 1
8722.239867 0.000000 1
8725.599867 0.000000 1
8728.959866 0.000000 1
8732.319866 0.000000 1
8735.679866 0.000000 1
8739.039866 0.000000 1
8742.399866 0.000000 1
8745.759866 0.000000 1
8749.119866 0.000000 1
8752.479866 0.000000 1
8755.839866 0.000000 1
8759.199866 0.000000 1
8762.559865 0.000000 1
8765.919865 0.000000 1
8769.279865 0.000000 1
8772.639865 0.000000 1
8775.999865 0.000000 1
8779.359865 0.000000 1
8782.719865 0.000000 1
8786.079865 0.000000 1
8789.439865 0.000000 1
8792.799864 0.000000 1
8796.159864 0.000000 1
8799.519864 0.000000 1
8802.879864 0.000000 1
8806.239864 0.000000 1
8809.599864 0.000000 1
8812.959864 0.000000 1
8816.319864 0.000000 1
8819.679864 0.000000 1
8823.039864 0.000000 1
8826.399863 0.000000 1
8829.759863 0.000000 1
8833.119863 0.000000 1
8836.479863 0.000000 1
8839.839863 0.000000 1
8843.199863 0.000000 1
8846.559863 0.000000 1
8849.919863 0.000000 1
8853.279863 0.000000 1
8856.639862 0.000000 1
8859.999862 0.000000 1
8863.359862 0.000000 1
8866.719862 0.000000 1
8870.079862 0.000000 1
8873.439862 0.000000 1
8876.799862 0.000000 1
8880.159862 0.000000 1
8883.519862 0.000000 1
8886.879862 0.000000 1
8890.239861 0.000000 1
8893.599861 0.000000 1
8896.959861 0.000000 1
8900.319861 0.000000 1
8903.679861 0.000000 1
8907.039861 0.000000 1
8910.399861 0.000000 1
8913.759861 0.000000 1
8917.119861 0.000000 1
8920.479860 0.000000 1
8923.839860 0.000000 1
8927.199860 0.000000 1
8930.559860 0.000000 1
8933.919860 0.000000 1
8937.279860 0.000000 1
8940.639860 0.000000 1
8943.999860 0.000000 1
8947.359860 0.000000 1
8950.719860 0.000000 1
8954.079859 0.000000 1
8957.439859 0.000000 1
8960.799859 0.000000 1
8964.159859 0.000000 1
8967.519859 0.000000 1
8970.879859 0.000000 1
8974.239859 0.000000 1
8977.599859 0.000000 1
8980.959859 0.000000 1
8984.319858 0.000000 1
8987.679858 0.000000 1
8991.039858 0.000000 1
8994.399858 0.000000 1
8997.759858 0.000000 1
9001.119858 0.000000 1
9004.479858 0.000000 1
9007.839858 0.000000 1
9011.199858 0.000000 1
9014.559858 0.000000 1
9017.919857 0.000000 1
9021.279857 0.000000 1
9024.639857 0.000000 1
9027.999857 0.000000 1
9031.359857 0.000000 1
9034.719857 0.000000 1
9038.079857 0.000000 1
9041.439857 0.000000 1
9044.799857 0.000000 1
9048.159856 0.000000 1
9051.519856 0.000000 1
9054.879856 0.000000 1
9058.239856 0.000000 1
9061.599856 0.000000 1
9064.959856 0.000000 1
9068.319856 0.000000 1
9071.679856 0.000000 1
9075.039856 0.000000 1
9078.399856 0.000000 1
9081.759855 0.000000 1
9085.119855 0.000000 1
9088.479855 0.000000 1
9091.839855 0.000000 1
9095.199855 0.000000 1
9098.559855 0.000000 1
9101.919855 0.000000 1
9105.279855 0.000000 1
9108.639855 0.000000 1
9111.999855 0.000000 1
9115.359854 0.000000 1
9118.719854 0.000000 1
9122.079854 0.000000 1
9125.439854 0.000000 1
9128.799854 0.000000 1
9132.159854 0.000000 1
9135.519854 0.000000 1
9138.879854 0.000000 1
9142.239854 0.000000 1
9145.599853 0.000000 1
9148.959853 0.000000 1
9152.319853 0.000000 1
9155.679853 0.000000 1
9159.039853 0.000000 1
9162.399853 0.000000 1
9165.759853 0.000000 1
9169.119853 0.000000 1
9172.479853 0.000000 1
9175.839853 0.000000 1
9179.199852 0.000000 1
9182.559852 0.000000 1
9185.919852 0.000000 1
9189.279852 0.000000 1
9192.639852 0.000000 1
9195.999852 0.000000 1
9199.359852 0.000000 1
9202.719852 0.000000 1
9206.079852 0.000000 1
9209.439851 0.000000 1
9212.799851 0.000000 1
9216.159851 0.000000 1
9219.519851 0.000000 1
9222.879851 0.000000 1
9226.239851 0.000000 1
9229.599851 0.000000 1
9232.959851 0.000000 1
9236.319851 0.000000 1
9239.679851 0.000000 1
9243.039850 0.000000 1
9246.399850 0.000000 1
9249.759850 0.000000 1
