# obs: 255714
# slit: 1
# z: 0.46661
# lines: [OII],H8,H
# spec: 689
4451.680000 0.000000 1
4455.040000 0.000000 1
4458.400000 0.000000 1
4461.760000 0.000000 1
4465.120000 0.000000 1
4468.479999 0.000000 1
4471.839999 0.000000 1
4475.199999 0.000000 1
4478.559999 0.000000 1
4481.919999 0.000000 1
4485.279999 0.000000 1
4488.639999 0.000000 1
4491.999999 0.000000 1
4495.359999 -0.057966 1
4498.719999 -0.166365 1
4502.079998 0.005696 1
4505.439998 0.014131 1
4508.799998 0.002886 1
4512.159998 0.014917 1
4515.519998 0.008938 0
4518.879998 -0.003901 0
4522.239998 0.013970 0
4525.599998 0.023658 0
4528.959998 0.019064 0
4532.319997 0.028489 0
4535.679997 0.010421 0
4539.039997 0.029048 0
4542.399997 -0.002393 0
4545.759997 0.022161 0
4549.119997 0.019025 0
4552.479997 0.026961 0
4555.839997 0.028302 0
4559.199997 0.025119 0
4562.559997 0.040404 0
4565.919996 0.031969 0
4569.279996 0.021840 0
4572.639996 0.004988 0
4575.999996 0.011961 0
4579.359996 -0.007006 0
4582.719996 0.021065 0
4586.079996 0.019921 0
4589.439996 0.011954 0
4592.799996 0.040933 0
4596.159995 0.032210 0
4599.519995 0.021468 0
4602.879995 0.028484 0
4606.239995 -0.001689 0
4609.599995 -0.000349 0
4612.959995 -0.000250 0
4616.319995 0.002421 0
4619.679995 0.016937 0
4623.039995 -0.007224 0
4626.399995 0.016923 0
4629.759994 0.021381 0
4633.119994 0.009271 0
4636.479994 -0.005245 0
4639.839994 0.034217 0
4643.199994 0.006427 0
4646.559994 0.000601 0
4649.919994 0.004592 0
4653.279994 0.013099 0
4656.639994 0.017309 0
4659.999993 0.026838 0
4663.359993 0.039307 0
4666.719993 0.025790 0
4670.079993 0.041217 0
4673.439993 0.013699 0
4676.799993 0.002052 0
4680.159993 0.019762 0
4683.519993 0.025103 0
4686.879993 0.030879 0
4690.239993 0.018350 0
4693.599992 0.014497 0
4696.959992 0.013834 0
4700.319992 0.025855 0
4703.679992 0.010932 0
4707.039992 0.006389 0
4710.399992 0.010703 0
4713.759992 0.019756 0
4717.119992 0.015334 0
4720.479992 0.029232 0
4723.839992 0.017511 0
4727.199991 0.015334 0
4730.559991 0.008622 0
4733.919991 0.020489 0
4737.279991 0.015951 0
4740.639991 0.012842 0
4743.999991 -0.001391 0
4747.359991 -0.011910 0
4750.719991 0.006111 0
4754.079991 -0.004484 0
4757.439990 0.020532 0
4760.799990 0.002968 0
4764.159990 0.007027 0
4767.519990 -0.004389 0
4770.879990 0.017095 0
4774.239990 0.022450 0
4777.599990 0.021793 0
4780.959990 0.025379 0
4784.319990 0.026106 0
4787.679990 0.001837 0
4791.039989 0.018141 0
4794.399989 0.029266 0
4797.759989 -0.000731 0
4801.119989 0.016753 0
4804.479989 0.019232 0
4807.839989 0.014727 0
4811.199989 -0.004239 0
4814.559989 0.013058 0
4817.919989 0.014939 0
4821.279988 0.019492 0
4824.639988 0.005388 0
4827.999988 0.017010 0
4831.359988 0.030330 0
4834.719988 0.000210 0
4838.079988 0.019018 0
4841.439988 0.023453 0
4844.799988 0.020524 0
4848.159988 0.027734 0
4851.519988 0.019300 0
4854.879987 0.021746 0
4858.239987 0.029448 0
4861.599987 0.019545 0
4864.959987 0.023720 0
4868.319987 0.027496 0
4871.679987 -0.000091 0
4875.039987 0.005998 0
4878.399987 0.012169 0
4881.759987 0.009969 0
4885.119986 0.027554 0
4888.479986 0.019651 0
4891.839986 0.024756 0
4895.199986 0.025088 0
4898.559986 0.033568 0
4901.919986 0.022483 0
4905.279986 0.014744 0
4908.639986 0.008235 0
4911.999986 0.004214 0
4915.359986 -0.003725 0
4918.719985 0.021548 0
4922.079985 0.032164 0
4925.439985 0.032794 0
4928.799985 0.009840 0
4932.159985 0.009181 0
4935.519985 0.018479 0
4938.879985 0.016878 0
4942.239985 0.032854 0
4945.599985 0.036250 0
4948.959984 0.024608 0
4952.319984 0.007800 0
4955.679984 0.019108 0
4959.039984 0.019887 0
4962.399984 0.013410 0
4965.759984 0.017916 0
4969.119984 0.020774 0
4972.479984 0.019421 0
4975.839984 0.022769 0
4979.199984 0.016369 0
4982.559983 0.015519 0
4985.919983 0.011038 0
4989.279983 0.009602 0
4992.639983 0.013777 0
4995.999983 0.023494 0
4999.359983 0.030172 0
5002.719983 0.015054 0
5006.079983 0.022573 0
5009.439983 0.022432 0
5012.799982 -0.001759 0
5016.159982 0.001337 0
5019.519982 0.035305 0
5022.879982 0.016924 0
5026.239982 0.004034 0
5029.599982 0.035281 0
5032.959982 0.019444 0
5036.319982 0.018676 0
5039.679982 0.009779 0
5043.039982 0.020940 0
5046.399981 0.017592 0
5049.759981 0.006717 0
5053.119981 0.015519 0
5056.479981 0.015017 0
5059.839981 0.017442 0
5063.199981 0.018234 0
5066.559981 0.011691 0
5069.919981 0.013963 0
5073.279981 0.007437 0
5076.639980 0.022639 0
5079.999980 0.032532 0
5083.359980 0.021925 0
5086.719980 0.016723 0
5090.079980 0.024171 0
5093.439980 0.018003 0
5096.799980 0.011151 0
5100.159980 0.020349 0
5103.519980 0.025260 0
5106.879980 0.009455 0
5110.239979 0.013158 0
5113.599979 0.018597 0
5116.959979 0.026118 0
5120.319979 0.028255 0
5123.679979 0.026494 0
5127.039979 0.033170 0
5130.399979 0.022861 0
5133.759979 0.008489 0
5137.119979 0.019614 0
5140.479978 0.014540 0
5143.839978 0.010692 0
5147.199978 0.022373 0
5150.559978 0.023413 0
5153.919978 -0.002513 0
5157.279978 0.009981 0
5160.639978 0.017048 0
5163.999978 0.010233 0
5167.359978 0.005049 0
5170.719978 0.012900 0
5174.079977 0.020618 0
5177.439977 0.023116 0
5180.799977 0.039502 0
5184.159977 0.015566 0
5187.519977 0.006142 0
5190.879977 0.018762 0
5194.239977 0.009023 0
5197.599977 -0.001987 0
5200.959977 0.015636 0
5204.319977 0.027080 0
5207.679976 0.026585 0
5211.039976 0.026264 0
5214.399976 0.020400 0
5217.759976 0.009864 0
5221.119976 0.020054 0
5224.479976 0.018100 0
5227.839976 0.022941 0
5231.199976 0.015011 0
5234.559976 0.014591 0
5237.919975 0.011461 0
5241.279975 0.039648 0
5244.639975 0.030347 0
5247.999975 0.003413 0
5251.359975 0.021945 0
5254.719975 0.000531 0
5258.079975 0.005677 0
5261.439975 0.025673 0
5264.799975 0.024796 0
5268.159975 0.013728 0
5271.519974 0.022321 0
5274.879974 0.003463 0
5278.239974 0.008151 0
5281.599974 -0.002983 0
5284.959974 0.025819 0
5288.319974 0.036512 0
5291.679974 0.022508 0
5295.039974 0.016703 0
5298.399974 0.004820 0
5301.759973 0.032233 0
5305.119973 0.007303 0
5308.479973 0.023734 0
5311.839973 0.027610 0
5315.199973 0.018508 0
5318.559973 0.023553 0
5321.919973 0.030669 0
5325.279973 0.017370 0
5328.639973 0.020786 0
5331.999973 0.018998 0
5335.359972 0.003489 0
5338.719972 0.008602 0
5342.079972 0.009957 0
5345.439972 0.008833 0
5348.799972 0.025930 0
5352.159972 0.015792 0
5355.519972 0.034204 0
5358.879972 0.027975 0
5362.239972 0.010264 0
5365.599971 0.017048 0
5368.959971 0.036280 0
5372.319971 0.024899 0
5375.679971 0.021373 0
5379.039971 0.032820 0
5382.399971 0.006070 0
5385.759971 0.030825 0
5389.119971 0.006435 0
5392.479971 0.013208 0
5395.839971 0.019652 0
5399.199970 0.031024 0
5402.559970 0.005430 0
5405.919970 0.014384 0
5409.279970 0.007371 0
5412.639970 0.018438 0
5415.999970 0.024147 0
5419.359970 0.010023 0
5422.719970 -0.000162 0
5426.079970 0.030977 0
5429.439969 0.036593 0
5432.799969 0.034590 0
5436.159969 0.023039 0
5439.519969 0.008737 0
5442.879969 0.045271 0
5446.239969 0.030961 0
5449.599969 0.013553 0
5452.959969 0.026946 0
5456.319969 0.030712 0
5459.679969 0.041755 0
5463.039968 0.058488 0
5466.399968 0.061564 0
5469.759968 0.067901 0
5473.119968 0.053122 0
5476.479968 0.042324 0
5479.839968 0.022550 0
5483.199968 0.013141 0
5486.559968 0.033923 0
5489.919968 0.023716 0
5493.279967 0.016888 0
5496.639967 0.037607 0
5499.999967 0.026017 0
5503.359967 0.022633 0
5506.719967 0.029388 0
5510.079967 0.034470 0
5513.439967 0.019032 0
5516.799967 0.023528 0
5520.159967 0.016146 0
5523.519967 -0.002849 0
5526.879966 0.011039 0
5530.239966 0.033269 0
5533.599966 0.026070 0
5536.959966 0.027469 0
5540.319966 0.033122 0
5543.679966 0.023543 0
5547.039966 0.029823 0
5550.399966 0.037860 0
5553.759966 0.040569 0
5557.119965 0.037012 0
5560.479965 0.045160 0
5563.839965 0.019017 1
5567.199965 0.033699 1
5570.559965 0.378762 1
5573.919965 0.088182 1
5577.279965 0.061076 1
5580.639965 -0.244512 1
5583.999965 -0.340545 1
5587.359965 0.044580 1
5590.719964 0.032655 1
5594.079964 0.020092 1
5597.439964 0.024893 0
5600.799964 0.038454 0
5604.159964 0.042027 0
5607.519964 0.026641 0
5610.879964 0.020104 0
5614.239964 0.033611 0
5617.599964 0.031165 0
5620.959963 0.007096 0
5624.319963 0.024061 0
5627.679963 0.029788 0
5631.039963 0.010134 0
5634.399963 0.003559 0
5637.759963 0.004734 0
5641.119963 0.026082 0
5644.479963 0.015177 0
5647.839963 0.010968 0
5651.199963 0.025060 0
5654.559962 0.039035 0
5657.919962 0.014172 0
5661.279962 0.031996 0
5664.639962 0.010971 0
5667.999962 0.017098 0
5671.359962 0.012205 0
5674.719962 0.009342 0
5678.079962 0.037804 0
5681.439962 0.022580 0
5684.799962 0.025703 0
5688.159961 0.029538 0
5691.519961 0.025187 0
5694.879961 0.026069 0
5698.239961 0.016115 0
5701.599961 -0.000244 0
5704.959961 0.018158 0
5708.319961 0.001117 0
5711.679961 0.003815 0
5715.039961 0.015743 0
5718.399960 0.014113 0
5721.759960 0.020257 0
5725.119960 0.024112 0
5728.479960 0.030870 0
5731.839960 0.037463 0
5735.199960 0.033783 0
5738.559960 0.043686 0
5741.919960 0.044139 0
5745.279960 0.028849 0
5748.639960 0.027471 0
5751.999959 0.023244 0
5755.359959 0.023063 0
5758.719959 0.028744 0
5762.079959 0.034182 0
5765.439959 0.016370 0
5768.799959 0.014787 0
5772.159959 0.010254 0
5775.519959 0.022654 0
5778.879959 0.020725 0
5782.239958 0.009981 0
5785.599958 0.025178 0
5788.959958 0.037660 1
5792.319958 0.034205 1
5795.679958 0.014834 1
5799.039958 0.012819 1
5802.399958 0.037053 1
5805.759958 0.019613 1
5809.119958 0.016412 1
5812.479958 0.023989 1
5815.839957 0.014435 1
5819.199957 0.017908 1
5822.559957 0.011768 1
5825.919957 0.014697 1
5829.279957 0.019102 1
5832.639957 0.031492 1
5835.999957 0.020903 1
5839.359957 0.028433 0
5842.719957 0.029919 0
5846.079956 0.034167 0
5849.439956 0.045176 0
5852.799956 0.035178 0
5856.159956 0.031708 0
5859.519956 0.041818 0
5862.879956 0.045636 0
5866.239956 0.029426 0
5869.599956 0.039999 0
5872.959956 0.027737 0
5876.319956 0.050515 0
5879.679955 0.048723 0
5883.039955 0.047397 0
5886.399955 0.056597 0
5889.759955 0.074606 0
5893.119955 0.013512 0
5896.479955 0.005108 0
5899.839955 0.034758 0
5903.199955 0.028963 0
5906.559955 0.055125 0
5909.919954 0.042300 0
5913.279954 0.022057 0
5916.639954 0.052892 0
5919.999954 0.046325 0
5923.359954 0.044892 0
5926.719954 0.034363 0
5930.079954 0.050147 0
5933.439954 0.055462 0
5936.799954 0.023445 0
5940.159954 0.023900 0
5943.519953 0.033326 0
5946.879953 0.032799 0
5950.239953 0.039217 0
5953.599953 0.058870 0
5956.959953 0.027356 0
5960.319953 0.037186 0
5963.679953 0.039405 0
5967.039953 0.036144 0
5970.399953 0.024461 0
5973.759952 0.031798 0
5977.119952 0.030888 0
5980.479952 0.017712 0
5983.839952 0.036174 0
5987.199952 0.044383 0
5990.559952 0.037160 0
5993.919952 0.045448 0
5997.279952 0.045719 0
6000.639952 0.039263 0
6003.999952 0.040454 0
6007.359951 0.023194 0
6010.719951 0.032618 0
6014.079951 0.063561 0
6017.439951 0.032020 0
6020.799951 0.031379 0
6024.159951 0.039291 0
6027.519951 0.029039 0
6030.879951 0.040316 0
6034.239951 0.050466 0
6037.599950 0.029351 0
6040.959950 0.029913 0
6044.319950 0.055419 0
6047.679950 0.019413 0
6051.039950 0.018656 0
6054.399950 0.037715 0
6057.759950 0.039083 0
6061.119950 0.056798 0
6064.479950 0.024084 0
6067.839950 0.048689 0
6071.199949 0.067505 0
6074.559949 0.046110 0
6077.919949 0.026513 0
6081.279949 0.041587 0
6084.639949 0.011934 0
6087.999949 0.036507 0
6091.359949 0.043622 0
6094.719949 0.034144 0
6098.079949 0.043519 0
6101.439948 0.055509 0
6104.799948 0.037120 0
6108.159948 0.057619 0
6111.519948 0.035886 0
6114.879948 0.058900 0
6118.239948 0.047782 0
6121.599948 0.032267 0
6124.959948 0.020011 0
6128.319948 0.021754 0
6131.679948 0.035704 0
6135.039947 0.052693 0
6138.399947 0.047515 0
6141.759947 0.046412 0
6145.119947 0.012818 0
6148.479947 0.042131 0
6151.839947 0.046196 0
6155.199947 0.045246 0
6158.559947 0.055937 0
6161.919947 0.025548 0
6165.279947 0.022552 0
6168.639946 0.031704 0
6171.999946 0.042196 0
6175.359946 0.036089 0
6178.719946 0.058845 0
6182.079946 0.027215 0
6185.439946 0.030005 0
6188.799946 0.032205 0
6192.159946 0.044433 0
6195.519946 0.026045 0
6198.879945 0.026178 0
6202.239945 0.031110 0
6205.599945 0.025130 0
6208.959945 0.033263 0
6212.319945 0.041953 0
6215.679945 0.042164 0
6219.039945 0.038856 0
6222.399945 0.034666 0
6225.759945 0.030241 0
6229.119945 0.030183 0
6232.479944 0.021080 0
6235.839944 0.058881 0
6239.199944 0.061895 0
6242.559944 0.042684 0
6245.919944 0.060399 0
6249.279944 0.045259 0
6252.639944 0.042992 0
6255.999944 0.059718 0
6259.359944 0.037109 0
6262.719943 0.055288 0
6266.079943 0.045076 0
6269.439943 0.070489 0
6272.799943 0.049045 0
6276.159943 0.028682 0
6279.519943 0.041934 0
6282.879943 0.043733 0
6286.239943 0.040794 1
6289.599943 0.030207 1
6292.959943 0.020044 1
6296.319942 -0.069726 1
6299.679942 0.065559 1
6303.039942 0.087086 1
6306.399942 0.063591 1
6309.759942 0.056295 1
6313.119942 0.017847 1
6316.479942 0.035364 0
6319.839942 0.018777 0
6323.199942 0.043870 0
6326.559941 0.023382 0
6329.919941 0.053319 0
6333.279941 0.047942 0
6336.639941 0.068420 0
6339.999941 0.050939 0
6343.359941 0.042772 0
6346.719941 0.048006 0
6350.079941 0.045573 0
6353.439941 0.029768 0
6356.799941 0.031157 0
6360.159940 0.029591 0
6363.519940 0.015249 0
6366.879940 0.013397 0
6370.239940 0.040947 0
6373.599940 0.031531 0
6376.959940 0.039091 0
6380.319940 0.033428 0
6383.679940 0.048123 0
6387.039940 0.029113 0
6390.399939 0.032378 0
6393.759939 0.042608 0
6397.119939 0.045966 0
6400.479939 0.059124 0
6403.839939 0.039927 0
6407.199939 0.044432 0
6410.559939 0.047101 0
6413.919939 0.044478 0
6417.279939 0.039734 0
6420.639939 0.035185 0
6423.999938 0.050153 0
6427.359938 0.049095 0
6430.719938 0.038455 0
6434.079938 0.024198 0
6437.439938 0.046292 0
6440.799938 0.033077 0
6444.159938 0.035066 0
6447.519938 0.049519 0
6450.879938 0.050552 0
6454.239937 0.040408 0
6457.599937 0.044906 0
6460.959937 0.018583 0
6464.319937 0.030608 0
6467.679937 0.023762 0
6471.039937 0.044825 0
6474.399937 0.065096 0
6477.759937 0.045489 0
6481.119937 0.026486 0
6484.479937 0.035726 0
6487.839936 0.062977 0
6491.199936 0.052418 0
6494.559936 0.052063 0
6497.919936 0.037797 0
6501.279936 0.051272 0
6504.639936 0.048992 0
6507.999936 0.056483 0
6511.359936 0.048388 0
6514.719936 0.036622 0
6518.079935 0.042145 0
6521.439935 0.035813 0
6524.799935 0.045057 0
6528.159935 0.044966 0
6531.519935 0.029124 0
6534.879935 0.052677 0
6538.239935 0.046935 0
6541.599935 0.052060 0
6544.959935 0.037712 0
6548.319935 0.047043 0
6551.679934 0.054143 0
6555.039934 0.047290 0
6558.399934 0.051603 0
6561.759934 0.055764 0
6565.119934 0.049606 0
6568.479934 0.038059 0
6571.839934 0.050584 0
6575.199934 0.051674 0
6578.559934 0.036723 0
6581.919933 0.059204 0
6585.279933 0.063687 0
6588.639933 0.051423 0
6591.999933 0.043822 0
6595.359933 0.059861 0
6598.719933 0.044971 0
6602.079933 0.046068 0
6605.439933 0.033637 0
6608.799933 0.047998 0
6612.159933 0.044233 0
6615.519932 0.046892 0
6618.879932 0.046759 0
6622.239932 0.059730 0
6625.599932 0.033102 0
6628.959932 0.054364 0
6632.319932 0.059828 0
6635.679932 0.059218 0
6639.039932 0.054748 0
6642.399932 0.047839 0
6645.759932 0.056530 0
6649.119931 0.027967 0
6652.479931 0.030290 0
6655.839931 0.043930 0
6659.199931 0.053828 0
6662.559931 0.060621 0
6665.919931 0.069454 0
6669.279931 0.040251 0
6672.639931 0.066279 0
6675.999931 0.056534 0
6679.359930 0.034333 0
6682.719930 0.036617 0
6686.079930 0.052920 0
6689.439930 0.048544 0
6692.799930 0.046132 0
6696.159930 0.049939 0
6699.519930 0.052758 0
6702.879930 0.046584 0
6706.239930 0.046129 0
6709.599930 0.051013 0
6712.959929 0.058018 0
6716.319929 0.048089 0
6719.679929 0.042845 0
6723.039929 0.035468 0
6726.399929 0.046416 0
6729.759929 0.067002 0
6733.119929 0.046902 0
6736.479929 0.050138 0
6739.839929 0.044144 0
6743.199928 0.038297 0
6746.559928 0.068832 0
6749.919928 0.068825 0
6753.279928 0.048125 0
6756.639928 0.053861 0
6759.999928 0.052597 0
6763.359928 0.042146 0
6766.719928 0.042251 0
6770.079928 0.048689 0
6773.439928 0.061871 0
6776.799927 0.048812 0
6780.159927 0.040701 0
6783.519927 0.058237 0
6786.879927 0.073548 0
6790.239927 0.059498 0
6793.599927 0.052160 0
6796.959927 0.062291 0
6800.319927 0.040553 0
6803.679927 0.035973 0
6807.039926 0.043420 0
6810.399926 0.040716 0
6813.759926 0.042071 0
6817.119926 0.055243 0
6820.479926 0.041398 0
6823.839926 0.029812 0
6827.199926 0.049180 0
6830.559926 0.057803 0
6833.919926 0.055451 0
6837.279926 0.081645 0
6840.639925 0.065536 0
6843.999925 0.049851 0
6847.359925 0.049592 0
6850.719925 0.045986 0
6854.079925 0.045417 0
6857.439925 0.036888 0
6860.799925 0.068681 0
6864.159925 0.040139 0
6867.519925 0.053469 0
6870.879924 0.057635 0
6874.239924 0.038776 0
6877.599924 0.050710 0
6880.959924 0.061762 0
6884.319924 0.057140 0
6887.679924 0.030926 0
6891.039924 0.034788 0
6894.399924 0.032732 0
6897.759924 0.040320 0
6901.119924 0.058594 0
6904.479923 0.059384 0
6907.839923 0.057378 0
6911.199923 0.035442 0
6914.559923 0.046835 0
6917.919923 0.058241 0
6921.279923 0.065903 0
6924.639923 0.042428 0
6927.999923 0.051674 0
6931.359923 0.054215 0
6934.719922 0.056335 0
6938.079922 0.046695 0
6941.439922 0.052714 0
6944.799922 0.062570 0
6948.159922 0.072893 0
6951.519922 0.041734 0
6954.879922 0.063946 0
6958.239922 0.061570 0
6961.599922 0.044797 0
6964.959922 0.037457 0
6968.319921 0.047444 0
6971.679921 0.039125 0
6975.039921 0.056523 0
6978.399921 0.033353 0
6981.759921 0.032549 0
6985.119921 0.042349 0
6988.479921 0.029830 0
6991.839921 0.054095 0
6995.199921 0.074752 0
6998.559920 0.081074 0
7001.919920 0.061110 0
7005.279920 0.052329 0
7008.639920 0.070338 0
7011.999920 0.058673 0
7015.359920 0.045703 0
7018.719920 0.054253 0
7022.079920 0.041680 0
7025.439920 0.049129 0
7028.799920 0.052472 0
7032.159919 0.035502 0
7035.519919 0.052524 0
7038.879919 0.054928 0
7042.239919 0.054713 0
7045.599919 0.046885 0
7048.959919 0.030755 0
7052.319919 0.053861 0
7055.679919 0.067241 0
7059.039919 0.065993 0
7062.399918 0.051085 0
7065.759918 0.059556 0
7069.119918 0.051117 0
7072.479918 0.044187 0
7075.839918 0.050973 0
7079.199918 0.044525 0
7082.559918 0.060329 0
7085.919918 0.056558 0
7089.279918 0.049519 0
7092.639918 0.050821 0
7095.999917 0.047514 0
7099.359917 0.053629 0
7102.719917 0.052762 0
7106.079917 0.046543 0
7109.439917 0.052533 0
7112.799917 0.057676 0
7116.159917 0.055953 0
7119.519917 0.054373 0
7122.879917 0.042142 0
7126.239916 0.042790 0
7129.599916 0.060261 0
7132.959916 0.060443 0
7136.319916 0.032899 0
7139.679916 0.040664 0
7143.039916 0.057034 0
7146.399916 0.051275 0
7149.759916 0.047111 0
7153.119916 0.059080 0
7156.479916 0.054158 0
7159.839915 0.044173 0
7163.199915 0.047001 0
7166.559915 0.041388 0
7169.919915 0.050400 0
7173.279915 0.037826 0
7176.639915 0.052702 0
7179.999915 0.057078 0
7183.359915 0.052072 0
7186.719915 0.054928 0
7190.079915 0.069543 0
7193.439914 0.062800 0
7196.799914 0.060622 0
7200.159914 0.058092 0
7203.519914 0.045887 0
7206.879914 0.054739 0
7210.239914 0.041941 0
7213.599914 0.051290 0
7216.959914 0.038299 0
7220.319914 0.037689 0
7223.679913 0.039420 0
7227.039913 0.048185 0
7230.399913 0.080034 0
7233.759913 0.053915 0
7237.119913 0.044964 0
7240.479913 0.025565 0
7243.839913 0.022452 0
7247.199913 0.060288 0
7250.559913 0.053629 0
7253.919913 0.048690 0
7257.279912 0.075689 0
7260.639912 0.060258 0
7263.999912 0.052805 0
7267.359912 0.048313 0
7270.719912 0.035403 0
7274.079912 0.059826 0
7277.439912 0.027786 0
7280.799912 0.107181 0
7284.159912 0.057069 0
7287.519911 0.060399 0
7290.879911 0.058424 0
7294.239911 0.061360 0
7297.599911 0.042208 0
7300.959911 0.078752 0
7304.319911 0.045950 0
7307.679911 0.046880 0
7311.039911 0.027333 0
7314.399911 0.047798 0
7317.759911 0.050879 0
7321.119910 0.045224 0
7324.479910 0.057988 0
7327.839910 0.063107 0
7331.199910 0.041124 0
7334.559910 0.066440 0
7337.919910 0.054717 0
7341.279910 0.070316 0
7344.639910 0.082581 0
7347.999910 0.056809 0
7351.359909 0.046060 0
7354.719909 0.049793 0
7358.079909 0.037797 0
7361.439909 0.062521 0
7364.799909 0.041975 0
7368.159909 0.056282 0
7371.519909 0.026105 0
7374.879909 0.031564 0
7378.239909 0.053902 0
7381.599909 0.039203 0
7384.959908 0.026882 0
7388.319908 0.041868 0
7391.679908 0.069501 0
7395.039908 0.039756 0
7398.399908 0.072412 0
7401.759908 0.048364 0
7405.119908 0.046449 0
7408.479908 0.076865 0
7411.839908 0.045032 0
7415.199907 0.060013 0
7418.559907 0.071121 0
7421.919907 0.049566 0
7425.279907 0.053973 0
7428.639907 0.047073 0
7431.999907 0.050461 0
7435.359907 0.046392 0
7438.719907 0.040384 0
7442.079907 0.056006 0
7445.439907 0.049467 0
7448.799906 0.047004 0
7452.159906 0.053450 0
7455.519906 0.048320 0
7458.879906 0.050028 0
7462.239906 0.054223 0
7465.599906 0.065028 0
7468.959906 0.060315 0
7472.319906 0.032670 0
7475.679906 0.044157 0
7479.039905 0.061136 0
7482.399905 0.055054 0
7485.759905 0.034338 0
7489.119905 0.044437 0
7492.479905 0.046984 0
7495.839905 0.055027 0
7499.199905 0.047112 0
7502.559905 0.059549 0
7505.919905 0.058151 0
7509.279905 0.061177 0
7512.639904 0.057649 0
7515.999904 0.044156 0
7519.359904 0.050654 0
7522.719904 0.038738 0
7526.079904 0.015175 0
7529.439904 0.025767 0
7532.799904 0.051840 0
7536.159904 0.042016 0
7539.519904 0.045002 0
7542.879903 0.046911 0
7546.239903 0.049755 0
7549.599903 0.051509 0
7552.959903 0.046572 0
7556.319903 0.044547 0
7559.679903 0.046671 0
7563.039903 0.046421 0
7566.399903 0.063911 0
7569.759903 0.048571 0
7573.119903 0.047085 0
7576.479902 0.050787 0
7579.839902 0.032550 0
7583.199902 0.047809 0
7586.559902 0.053295 0
7589.919902 0.040620 0
7593.279902 0.031110 0
7596.639902 0.050330 0
7599.999902 0.053628 0
7603.359902 0.017796 0
7606.719901 0.018103 0
7610.079901 0.031463 0
7613.439901 0.048125 0
7616.799901 0.035914 0
7620.159901 0.054877 0
7623.519901 0.070226 0
7626.879901 0.032112 0
7630.239901 0.030660 0
7633.599901 0.019823 0
7636.959901 0.044847 0
7640.319900 0.027051 0
7643.679900 0.044508 0
7647.039900 0.058776 0
7650.399900 0.052555 0
7653.759900 0.064926 0
7657.119900 0.072235 0
7660.479900 0.053878 0
7663.839900 0.048459 0
7667.199900 0.051950 0
7670.559900 0.043285 0
7673.919899 0.046935 0
7677.279899 0.035678 0
7680.639899 0.052425 0
7683.999899 0.034355 0
7687.359899 0.041118 0
7690.719899 0.047680 0
7694.079899 0.054637 0
7697.439899 0.050532 0
7700.799899 0.057970 0
7704.159898 0.073192 0
7707.519898 0.047771 0
7710.879898 0.020592 0
7714.239898 0.039533 0
7717.599898 0.026309 0
7720.959898 0.044162 0
7724.319898 0.027724 0
7727.679898 0.036321 0
7731.039898 0.050528 0
7734.399898 0.057924 0
7737.759897 0.051989 0
7741.119897 0.043451 0
7744.479897 0.092987 0
7747.839897 0.039429 0
7751.199897 0.054043 0
7754.559897 0.098076 0
7757.919897 0.048941 0
7761.279897 0.018577 0
7764.639897 0.041753 0
7767.999896 0.056584 0
7771.359896 0.054392 0
7774.719896 0.054220 0
7778.079896 0.062053 0
7781.439896 0.040545 0
7784.799896 0.016326 0
7788.159896 0.076704 0
7791.519896 0.042213 0
7794.879896 0.035448 0
7798.239896 0.060855 0
7801.599895 0.045652 0
7804.959895 0.045646 0
7808.319895 0.052985 0
7811.679895 0.034268 0
7815.039895 0.035849 0
7818.399895 0.063359 0
7821.759895 0.044311 0
7825.119895 0.024179 0
7828.479895 0.016782 0
7831.839894 0.063357 0
7835.199894 0.068112 0
7838.559894 0.061388 0
7841.919894 0.049865 0
7845.279894 0.030041 0
7848.639894 0.056761 0
7851.999894 -0.002240 0
7855.359894 -0.013244 0
7858.719894 0.049383 0
7862.079894 0.057159 0
7865.439893 0.063021 0
7868.799893 0.087924 0
7872.159893 0.063032 0
7875.519893 0.029326 0
7878.879893 0.015280 0
7882.239893 0.035341 0
7885.599893 0.051485 0
7888.959893 0.071731 0
7892.319893 0.082683 0
7895.679892 0.041712 0
7899.039892 0.049161 0
7902.399892 0.058985 0
7905.759892 0.051411 0
7909.119892 0.011483 0
7912.479892 0.037470 0
7915.839892 0.015975 0
7919.199892 0.050258 0
7922.559892 0.082426 0
7925.919892 0.058123 0
7929.279891 0.051094 0
7932.639891 0.068812 0
7935.999891 0.050043 0
7939.359891 0.067318 1
7942.719891 0.045289 1
7946.079891 0.034580 1
7949.439891 0.060877 1
7952.799891 0.030067 1
7956.159891 0.054262 1
7959.519890 -0.012873 1
7962.879890 -0.013382 1
7966.239890 -0.007533 1
7969.599890 0.040907 1
7972.959890 0.054725 1
7976.319890 -0.007585 1
7979.679890 0.020907 1
7983.039890 0.053596 1
7986.399890 0.009781 1
7989.759890 0.026867 1
7993.119889 -0.005242 1
7996.479889 0.022306 1
7999.839889 0.012313 1
8003.199889 0.040761 1
8006.559889 0.022502 1
8009.919889 0.004687 1
8013.279889 0.012732 1
8016.639889 0.008826 1
8019.999889 -0.011858 1
8023.359888 0.002738 1
8026.719888 -0.008673 1
8030.079888 -0.014104 1
8033.439888 0.020772 1
8036.799888 0.027078 1
8040.159888 0.023188 1
8043.519888 0.017904 1
8046.879888 0.005342 1
8050.239888 0.010471 1
8053.599888 0.017598 1
8056.959887 0.006579 1
8060.319887 0.014041 1
8063.679887 -0.011295 1
8067.039887 0.002095 1
8070.399887 0.013076 1
8073.759887 0.012063 1
8077.119887 0.020560 1
8080.479887 0.028231 1
8083.839887 0.018372 1
8087.199886 0.003476 1
8090.559886 0.008411 1
8093.919886 0.017697 1
8097.279886 0.007898 1
8100.639886 0.000734 1
8103.999886 -0.003492 1
8107.359886 0.009703 1
8110.719886 0.010514 1
8114.079886 0.014797 1
8117.439886 0.007631 1
8120.799885 -0.003812 1
8124.159885 0.029812 1
8127.519885 -0.000746 1
8130.879885 0.003607 1
8134.239885 -0.002684 1
8137.599885 0.011399 1
8140.959885 0.006095 1
8144.319885 -0.001124 1
8147.679885 0.005282 1
8151.039885 -0.014454 1
8154.399884 0.000484 1
8157.759884 0.004897 1
8161.119884 0.010937 1
8164.479884 0.000320 1
8167.839884 -0.011568 1
8171.199884 -0.011201 1
8174.559884 -0.002733 1
8177.919884 0.004828 1
8181.279884 -0.007557 1
8184.639883 0.003864 1
8187.999883 -0.003068 1
8191.359883 0.006302 1
8194.719883 0.013327 1
8198.079883 0.009775 1
8201.439883 0.006827 1
8204.799883 0.005195 1
8208.159883 -0.001816 1
8211.519883 0.000723 1
8214.879883 0.001670 1
8218.239882 -0.004651 1
8221.599882 0.004971 1
8224.959882 0.011851 1
8228.319882 -0.006774 1
8231.679882 -0.005859 1
8235.039882 -0.015602 1
8238.399882 -0.003050 1
8241.759882 -0.013510 1
8245.119882 -0.016643 1
8248.479881 -0.011932 1
8251.839881 -0.010586 1
8255.199881 -0.010341 1
8258.559881 -0.003103 1
8261.919881 -0.018178 1
8265.279881 -0.017379 1
8268.639881 -0.031460 1
8271.999881 -0.025822 1
8275.359881 -0.032218 1
8278.719881 -0.040108 1
8282.079880 -0.056681 1
8285.439880 -0.042682 1
8288.799880 -0.033061 1
8292.159880 -0.041307 1
8295.519880 -0.030014 1
8298.879880 -0.032203 1
8302.239880 -0.010808 1
8305.599880 -0.002557 1
8308.959880 -0.007210 1
8312.319879 0.003248 1
8315.679879 -0.003130 1
8319.039879 -0.001861 1
8322.399879 -0.009335 1
8325.759879 -0.002392 1
8329.119879 -0.004944 1
8332.479879 -0.002583 1
8335.839879 -0.017264 1
8339.199879 -0.008959 1
8342.559879 -0.008488 1
8345.919878 -0.006453 1
8349.279878 -0.013636 1
8352.639878 -0.002077 1
8355.999878 0.002034 1
8359.359878 -0.002616 1
8362.719878 -0.004965 1
8366.079878 -0.005757 1
8369.439878 0.006573 1
8372.799878 0.005750 1
8376.159877 0.005599 1
8379.519877 0.006359 1
8382.879877 -0.004455 1
8386.239877 -0.012351 1
8389.599877 0.001533 1
8392.959877 -0.002034 1
8396.319877 -0.002451 1
8399.679877 0.001523 1
8403.039877 0.002513 1
8406.399877 0.021970 1
8409.759876 0.000000 1
8413.119876 0.000000 1
8416.479876 0.000000 1
8419.839876 0.000000 1
8423.199876 0.000000 1
8426.559876 0.000000 1
8429.919876 0.000000 1
8433.279876 0.000000 1
8436.639876 0.000000 1
8439.999875 0.000000 1
8443.359875 0.000000 1
8446.719875 0.000000 1
8450.079875 0.000000 1
8453.439875 0.000000 1
8456.799875 0.000000 1
8460.159875 0.000000 1
8463.519875 0.000000 1
8466.879875 0.000000 1
8470.239875 0.000000 1
8473.599874 0.000000 1
8476.959874 0.000000 1
8480.319874 0.000000 1
8483.679874 0.000000 1
8487.039874 0.000000 1
8490.399874 0.000000 1
8493.759874 0.000000 1
8497.119874 0.000000 1
8500.479874 0.000000 1
8503.839873 0.000000 1
8507.199873 0.000000 1
8510.559873 0.000000 1
8513.919873 0.000000 1
8517.279873 0.000000 1
8520.639873 0.000000 1
8523.999873 0.000000 1
8527.359873 0.000000 1
8530.719873 0.000000 1
8534.079873 0.000000 1
8537.439872 0.000000 1
8540.799872 0.000000 1
8544.159872 0.000000 1
8547.519872 0.000000 1
8550.879872 0.000000 1
8554.239872 0.000000 1
8557.599872 0.000000 1
8560.959872 0.000000 1
8564.319872 0.000000 1
8567.679871 0.000000 1
8571.039871 0.000000 1
8574.399871 0.000000 1
8577.759871 0.000000 1
8581.119871 0.000000 1
8584.479871 0.000000 1
8587.839871 0.000000 1
8591.199871 0.000000 1
8594.559871 0.000000 1
8597.919871 0.000000 1
8601.279870 0.000000 1
8604.639870 0.000000 1
8607.999870 0.000000 1
8611.359870 0.000000 1
8614.719870 0.000000 1
8618.079870 0.000000 1
8621.439870 0.000000 1
8624.799870 0.000000 1
8628.159870 0.000000 1
8631.519870 0.000000 1
8634.879869 0.000000 1
8638.239869 0.000000 1
8641.599869 0.000000 1
8644.959869 0.000000 1
8648.319869 0.000000 1
8651.679869 0.000000 1
8655.039869 0.000000 1
8658.399869 0.000000 1
8661.759869 0.000000 1
8665.119868 0.000000 1
8668.479868 0.000000 1
8671.839868 0.000000 1
8675.199868 0.000000 1
8678.559868 0.000000 1
8681.919868 0.000000 1
8685.279868 0.000000 1
8688.639868 0.000000 1
8691.999868 0.000000 1
8695.359868 0.000000 1
8698.719867 0.000000 1
8702.079867 0.000000 1
8705.439867 0.000000 1
8708.799867 0.000000 1
8712.159867 0.000000 1
8715.519867 0.000000 1
8718.879867 0.000000 1
8722.239867 0.000000 1
8725.599867 0.000000 1
8728.959866 0.000000 1
8732.319866 0.000000 1
8735.679866 0.000000 1
8739.039866 0.000000 1
8742.399866 0.000000 1
8745.759866 0.000000 1
8749.119866 0.000000 1
8752.479866 0.000000 1
8755.839866 0.000000 1
8759.199866 0.000000 1
8762.559865 0.000000 1
8765.919865 0.000000 1
8769.279865 0.000000 1
8772.639865 0.000000 1
8775.999865 0.000000 1
8779.359865 0.000000 1
8782.719865 0.000000 1
8786.079865 0.000000 1
8789.439865 0.000000 1
8792.799864 0.000000 1
8796.159864 0.000000 1
8799.519864 0.000000 1
8802.879864 0.000000 1
8806.239864 0.000000 1
8809.599864 0.000000 1
8812.959864 0.000000 1
8816.319864 0.000000 1
8819.679864 0.000000 1
8823.039864 0.000000 1
8826.399863 0.000000 1
8829.759863 0.000000 1
8833.119863 0.000000 1
8836.479863 0.000000 1
8839.839863 0.000000 1
8843.199863 0.000000 1
8846.559863 0.000000 1
8849.919863 0.000000 1
8853.279863 0.000000 1
8856.639862 0.000000 1
8859.999862 0.000000 1
8863.359862 0.000000 1
8866.719862 0.000000 1
8870.079862 0.000000 1
8873.439862 0.000000 1
8876.799862 0.000000 1
8880.159862 0.000000 1
8883.519862 0.000000 1
8886.879862 0.000000 1
8890.239861 0.000000 1
8893.599861 0.000000 1
8896.959861 0.000000 1
8900.319861 0.000000 1
8903.679861 0.000000 1
8907.039861 0.000000 1
8910.399861 0.000000 1
8913.759861 0.000000 1
8917.119861 0.000000 1
8920.479860 0.000000 1
8923.839860 0.000000 1
8927.199860 0.000000 1
8930.559860 0.000000 1
8933.919860 0.000000 1
8937.279860 0.000000 1
8940.639860 0.000000 1
8943.999860 0.000000 1
8947.359860 0.000000 1
8950.719860 0.000000 1
8954.079859 0.000000 1
8957.439859 0.000000 1
8960.799859 0.000000 1
8964.159859 0.000000 1
8967.519859 0.000000 1
8970.879859 0.000000 1
8974.239859 0.000000 1
8977.599859 0.000000 1
8980.959859 0.000000 1
8984.319858 0.000000 1
8987.679858 0.000000 1
8991.039858 0.000000 1
8994.399858 0.000000 1
8997.759858 0.000000 1
9001.119858 0.000000 1
9004.479858 0.000000 1
9007.839858 0.000000 1
9011.199858 0.000000 1
9014.559858 0.000000 1
9017.919857 0.000000 1
9021.279857 0.000000 1
9024.639857 0.000000 1
9027.999857 0.000000 1
9031.359857 0.000000 1
9034.719857 0.000000 1
9038.079857 0.000000 1
9041.439857 0.000000 1
9044.799857 0.000000 1
9048.159856 0.000000 1
9051.519856 0.000000 1
9054.879856 0.000000 1
9058.239856 0.000000 1
9061.599856 0.000000 1
9064.959856 0.000000 1
9068.319856 0.000000 1
9071.679856 0.000000 1
9075.039856 0.000000 1
9078.399856 0.000000 1
9081.759855 0.000000 1
9085.119855 0.000000 1
9088.479855 0.000000 1
9091.839855 0.000000 1
9095.199855 0.000000 1
9098.559855 0.000000 1
9101.919855 0.000000 1
9105.279855 0.000000 1
9108.639855 0.000000 1
9111.999855 0.000000 1
9115.359854 0.000000 1
9118.719854 0.000000 1
9122.079854 0.000000 1
9125.439854 0.000000 1
9128.799854 0.000000 1
9132.159854 0.000000 1
9135.519854 0.000000 1
9138.879854 0.000000 1
9142.239854 0.000000 1
9145.599853 0.000000 1
9148.959853 0.000000 1
9152.319853 0.000000 1
9155.679853 0.000000 1
9159.039853 0.000000 1
9162.399853 0.000000 1
9165.759853 0.000000 1
9169.119853 0.000000 1
9172.479853 0.000000 1
9175.839853 0.000000 1
9179.199852 0.000000 1
9182.559852 0.000000 1
9185.919852 0.000000 1
9189.279852 0.000000 1
9192.639852 0.000000 1
9195.999852 0.000000 1
9199.359852 0.000000 1
9202.719852 0.000000 1
9206.079852 0.000000 1
9209.439851 0.000000 1
9212.799851 0.000000 1
9216.159851 0.000000 1
9219.519851 0.000000 1
9222.879851 0.000000 1
9226.239851 0.000000 1
9229.599851 0.000000 1
9232.959851 0.000000 1
9236.319851 0.000000 1
9239.679851 0.000000 1
9243.039850 0.000000 1
9246.399850 0.000000 1
9249.759850 0.000000 1
