# obs: 255706
# slit: 15
# z: 0.60408
# lines: K,H,4000{AA}-break,G
# spec: 565
4451.680000 0.000000 1
4455.040000 0.000000 1
4458.400000 0.000000 1
4461.760000 0.000000 1
4465.120000 0.000000 1
4468.479999 0.000000 1
4471.839999 0.000000 1
4475.199999 0.000000 1
4478.559999 0.000000 1
4481.919999 0.000000 1
4485.279999 0.000000 1
4488.639999 0.000000 1
4491.999999 0.000000 1
4495.359999 0.000000 1
4498.719999 0.000000 1
4502.079998 0.000000 1
4505.439998 0.000000 1
4508.799998 -0.020408 0
4512.159998 0.010519 0
4515.519998 0.004087 0
4518.879998 0.021053 0
4522.239998 0.019690 0
4525.599998 0.031963 0
4528.959998 0.036143 0
4532.319997 0.027620 0
4535.679997 0.010558 0
4539.039997 0.021588 0
4542.399997 0.017919 0
4545.759997 -0.001991 0
4549.119997 0.011943 0
4552.479997 0.046539 0
4555.839997 0.060901 0
4559.199997 0.014054 0
4562.559997 0.041706 0
4565.919996 0.051217 0
4569.279996 0.033148 0
4572.639996 0.022119 0
4575.999996 0.020853 0
4579.359996 0.021368 0
4582.719996 -0.013527 0
4586.079996 0.023997 0
4589.439996 0.025640 0
4592.799996 0.023637 0
4596.159995 0.035228 0
4599.519995 0.036576 0
4602.879995 0.044291 0
4606.239995 0.029473 0
4609.599995 0.010530 0
4612.959995 0.026170 0
4616.319995 0.027439 0
4619.679995 0.015247 0
4623.039995 0.026107 0
4626.399995 0.028193 0
4629.759994 0.039669 0
4633.119994 0.035621 0
4636.479994 0.033194 0
4639.839994 0.042823 0
4643.199994 0.031942 0
4646.559994 0.025952 0
4649.919994 0.041247 0
4653.279994 0.054277 0
4656.639994 0.030008 0
4659.999993 0.038285 0
4663.359993 0.040999 0
4666.719993 0.044225 0
4670.079993 0.046461 0
4673.439993 0.041719 0
4676.799993 0.046891 0
4680.159993 0.041213 0
4683.519993 0.053131 0
4686.879993 0.048245 0
4690.239993 0.031243 0
4693.599992 0.047083 0
4696.959992 0.038100 0
4700.319992 0.044466 0
4703.679992 0.068111 0
4707.039992 0.055946 0
4710.399992 0.036967 0
4713.759992 0.048016 0
4717.119992 0.058498 0
4720.479992 0.067565 0
4723.839992 0.047740 0
4727.199991 0.041064 0
4730.559991 0.072133 0
4733.919991 0.049106 0
4737.279991 0.048272 0
4740.639991 0.056536 0
4743.999991 0.045980 0
4747.359991 0.057323 0
4750.719991 0.064699 0
4754.079991 0.053570 0
4757.439990 0.054953 0
4760.799990 0.062498 0
4764.159990 0.036475 0
4767.519990 0.032252 0
4770.879990 0.051981 0
4774.239990 0.045482 0
4777.599990 0.032808 0
4780.959990 0.057192 0
4784.319990 0.042351 0
4787.679990 0.050868 0
4791.039989 0.033302 0
4794.399989 0.045961 0
4797.759989 0.028203 0
4801.119989 0.037356 0
4804.479989 0.050961 0
4807.839989 0.047516 0
4811.199989 0.043686 0
4814.559989 0.052161 0
4817.919989 0.044672 0
4821.279988 0.050040 0
4824.639988 0.055981 0
4827.999988 0.041097 0
4831.359988 0.042067 0
4834.719988 0.048205 0
4838.079988 0.053958 0
4841.439988 0.042109 0
4844.799988 0.038610 0
4848.159988 0.044502 0
4851.519988 0.030095 0
4854.879987 0.054951 0
4858.239987 0.048442 0
4861.599987 0.057164 0
4864.959987 0.051205 0
4868.319987 0.052771 0
4871.679987 0.049140 0
4875.039987 0.028949 0
4878.399987 0.041073 0
4881.759987 0.052918 0
4885.119986 0.048929 0
4888.479986 0.049699 0
4891.839986 0.046871 0
4895.199986 0.054754 0
4898.559986 0.055037 0
4901.919986 0.061607 0
4905.279986 0.044203 0
4908.639986 0.048688 0
4911.999986 0.038984 0
4915.359986 0.041592 0
4918.719985 0.053154 0
4922.079985 0.052053 0
4925.439985 0.049769 0
4928.799985 0.058009 0
4932.159985 0.057427 0
4935.519985 0.055231 0
4938.879985 0.051346 0
4942.239985 0.075917 0
4945.599985 0.039933 0
4948.959984 0.040397 0
4952.319984 0.062870 0
4955.679984 0.057657 0
4959.039984 0.053658 0
4962.399984 0.055054 0
4965.759984 0.039873 0
4969.119984 0.044469 0
4972.479984 0.041902 0
4975.839984 0.056014 0
4979.199984 0.067622 0
4982.559983 0.063669 0
4985.919983 0.063657 0
4989.279983 0.046072 0
4992.639983 0.055493 0
4995.999983 0.052625 0
4999.359983 0.064686 0
5002.719983 0.071948 0
5006.079983 0.055703 0
5009.439983 0.058810 0
5012.799982 0.062308 0
5016.159982 0.062923 0
5019.519982 0.062536 0
5022.879982 0.071110 0
5026.239982 0.057905 0
5029.599982 0.035511 0
5032.959982 0.057008 0
5036.319982 0.065785 0
5039.679982 0.068111 0
5043.039982 0.060597 0
5046.399981 0.058355 0
5049.759981 0.063839 0
5053.119981 0.054402 0
5056.479981 0.057699 0
5059.839981 0.070452 0
5063.199981 0.061110 0
5066.559981 0.056722 0
5069.919981 0.045951 0
5073.279981 0.059092 0
5076.639980 0.054572 0
5079.999980 0.046398 0
5083.359980 0.078925 0
5086.719980 0.073561 0
5090.079980 0.064711 0
5093.439980 0.077477 0
5096.799980 0.059260 0
5100.159980 0.057023 0
5103.519980 0.048018 0
5106.879980 0.046617 0
5110.239979 0.047934 0
5113.599979 0.049854 0
5116.959979 0.065521 0
5120.319979 0.065776 0
5123.679979 0.075551 0
5127.039979 0.065835 0
5130.399979 0.057843 0
5133.759979 0.088586 0
5137.119979 0.088514 0
5140.479978 0.069967 0
5143.839978 0.080449 0
5147.199978 0.066343 0
5150.559978 0.081132 0
5153.919978 0.063814 0
5157.279978 0.058641 0
5160.639978 0.066007 0
5163.999978 0.064256 0
5167.359978 0.081173 0
5170.719978 0.080300 0
5174.079977 0.066605 0
5177.439977 0.057778 0
5180.799977 0.050620 0
5184.159977 0.049961 0
5187.519977 0.070259 0
5190.879977 0.045895 0
5194.239977 0.054355 0
5197.599977 0.073397 0
5200.959977 0.077867 0
5204.319977 0.060949 0
5207.679976 0.060919 0
5211.039976 0.059950 0
5214.399976 0.054688 0
5217.759976 0.066265 0
5221.119976 0.076223 0
5224.479976 0.093831 0
5227.839976 0.081710 0
5231.199976 0.081266 0
5234.559976 0.076575 0
5237.919975 0.089284 0
5241.279975 0.101072 0
5244.639975 0.085725 0
5247.999975 0.074072 0
5251.359975 0.075792 0
5254.719975 0.081175 0
5258.079975 0.063775 0
5261.439975 0.101826 0
5264.799975 0.087961 0
5268.159975 0.069403 0
5271.519974 0.071948 0
5274.879974 0.075918 0
5278.239974 0.082356 0
5281.599974 0.085484 0
5284.959974 0.102466 0
5288.319974 0.102589 0
5291.679974 0.084142 0
5295.039974 0.083879 0
5298.399974 0.086449 0
5301.759973 0.086434 0
5305.119973 0.091246 0
5308.479973 0.097477 0
5311.839973 0.079947 0
5315.199973 0.089630 0
5318.559973 0.072673 0
5321.919973 0.085865 0
5325.279973 0.085925 0
5328.639973 0.085611 0
5331.999973 0.081973 0
5335.359972 0.077765 0
5338.719972 0.093347 0
5342.079972 0.084647 0
5345.439972 0.081357 0
5348.799972 0.088300 0
5352.159972 0.075437 0
5355.519972 0.069823 0
5358.879972 0.091874 0
5362.239972 0.093903 0
5365.599971 0.094571 0
5368.959971 0.097280 0
5372.319971 0.079498 0
5375.679971 0.090733 0
5379.039971 0.114406 0
5382.399971 0.098482 0
5385.759971 0.075215 0
5389.119971 0.081640 0
5392.479971 0.076651 0
5395.839971 0.075485 0
5399.199970 0.070647 0
5402.559970 0.082263 0
5405.919970 0.066824 0
5409.279970 0.076401 0
5412.639970 0.089076 0
5415.999970 0.057599 0
5419.359970 0.087808 0
5422.719970 0.088524 0
5426.079970 0.076322 0
5429.439969 0.104261 0
5432.799969 0.077296 0
5436.159969 0.084257 0
5439.519969 0.074683 0
5442.879969 0.089771 0
5446.239969 0.083823 0
5449.599969 0.107031 0
5452.959969 0.093307 0
5456.319969 0.110350 0
5459.679969 0.103551 0
5463.039968 0.080148 0
5466.399968 0.092697 0
5469.759968 0.077263 0
5473.119968 0.074701 0
5476.479968 0.068736 0
5479.839968 0.071532 0
5483.199968 0.084896 0
5486.559968 0.095630 0
5489.919968 0.089476 0
5493.279967 0.100885 0
5496.639967 0.095573 0
5499.999967 0.089233 0
5503.359967 0.088291 0
5506.719967 0.094826 0
5510.079967 0.093085 0
5513.439967 0.104856 0
5516.799967 0.085971 0
5520.159967 0.072458 0
5523.519967 0.059875 0
5526.879966 0.071525 0
5530.239966 0.085933 0
5533.599966 0.087146 0
5536.959966 0.096804 0
5540.319966 0.096586 0
5543.679966 0.078266 0
5547.039966 0.076713 0
5550.399966 0.097373 0
5553.759966 0.076824 0
5557.119965 0.085879 0
5560.479965 0.097838 0
5563.839965 0.085211 0
5567.199965 0.089265 0
5570.559965 0.114418 1
5573.919965 0.091219 1
5577.279965 0.078375 1
5580.639965 0.116491 1
5583.999965 0.117286 1
5587.359965 0.072651 0
5590.719964 0.069323 0
5594.079964 0.074273 0
5597.439964 0.091776 0
5600.799964 0.082803 0
5604.159964 0.078498 0
5607.519964 0.070172 0
5610.879964 0.086389 0
5614.239964 0.096733 0
5617.599964 0.096135 0
5620.959963 0.105030 0
5624.319963 0.114585 0
5627.679963 0.099914 0
5631.039963 0.087146 0
5634.399963 0.081917 0
5637.759963 0.087142 0
5641.119963 0.089741 0
5644.479963 0.082625 0
5647.839963 0.084691 0
5651.199963 0.078751 0
5654.559962 0.052687 0
5657.919962 0.072399 0
5661.279962 0.093898 0
5664.639962 0.081601 0
5667.999962 0.096303 0
5671.359962 0.095375 0
5674.719962 0.091300 0
5678.079962 0.097553 0
5681.439962 0.084468 0
5684.799962 0.092513 0
5688.159961 0.084674 0
5691.519961 0.092899 0
5694.879961 0.111579 0
5698.239961 0.089214 0
5701.599961 0.090893 0
5704.959961 0.095579 0
5708.319961 0.091324 0
5711.679961 0.105610 0
5715.039961 0.087391 0
5718.399960 0.081027 0
5721.759960 0.088422 0
5725.119960 0.090085 0
5728.479960 0.091305 0
5731.839960 0.067902 0
5735.199960 0.077553 0
5738.559960 0.068800 0
5741.919960 0.077682 0
5745.279960 0.056423 0
5748.639960 0.033243 0
5751.999959 0.086096 0
5755.359959 0.055640 0
5758.719959 0.072295 0
5762.079959 0.098351 0
5765.439959 0.094753 0
5768.799959 0.118976 0
5772.159959 0.107947 0
5775.519959 0.081628 0
5778.879959 0.092691 0
5782.239958 0.096748 0
5785.599958 0.094429 0
5788.959958 0.092519 0
5792.319958 0.091012 0
5795.679958 0.102986 0
5799.039958 0.095527 0
5802.399958 0.106437 0
5805.759958 0.090531 0
5809.119958 0.081338 0
5812.479958 0.093231 0
5815.839957 0.081853 0
5819.199957 0.114583 0
5822.559957 0.106193 0
5825.919957 0.104025 0
5829.279957 0.109492 0
5832.639957 0.104292 0
5835.999957 0.112454 0
5839.359957 0.088113 0
5842.719957 0.117746 0
5846.079956 0.125304 0
5849.439956 0.100274 0
5852.799956 0.099532 0
5856.159956 0.130412 0
5859.519956 0.126176 0
5862.879956 0.105464 0
5866.239956 0.122892 0
5869.599956 0.131706 0
5872.959956 0.120805 0
5876.319956 0.111607 0
5879.679955 0.124001 0
5883.039955 0.120672 0
5886.399955 0.125858 0
5889.759955 0.153920 0
5893.119955 0.156247 0
5896.479955 0.106025 0
5899.839955 0.095166 0
5903.199955 0.086634 0
5906.559955 0.103878 0
5909.919954 0.098511 0
5913.279954 0.096835 0
5916.639954 0.101007 0
5919.999954 0.108353 0
5923.359954 0.129816 0
5926.719954 0.124695 0
5930.079954 0.128198 0
5933.439954 0.142830 0
5936.799954 0.139892 0
5940.159954 0.098653 0
5943.519953 0.099598 0
5946.879953 0.113470 0
5950.239953 0.110565 0
5953.599953 0.137401 0
5956.959953 0.131474 0
5960.319953 0.113802 0
5963.679953 0.126560 0
5967.039953 0.104383 0
5970.399953 0.102562 0
5973.759952 0.103978 0
5977.119952 0.104305 0
5980.479952 0.103880 0
5983.839952 0.114931 0
5987.199952 0.118961 0
5990.559952 0.112248 0
5993.919952 0.080239 0
5997.279952 0.080948 0
6000.639952 0.107147 0
6003.999952 0.097683 0
6007.359951 0.098379 0
6010.719951 0.083512 0
6014.079951 0.109995 0
6017.439951 0.100806 0
6020.799951 0.116606 0
6024.159951 0.117490 0
6027.519951 0.124586 0
6030.879951 0.108221 0
6034.239951 0.134893 0
6037.599950 0.106045 0
6040.959950 0.110622 0
6044.319950 0.109941 0
6047.679950 0.109738 0
6051.039950 0.112804 0
6054.399950 0.127553 0
6057.759950 0.125971 0
6061.119950 0.135383 0
6064.479950 0.118712 0
6067.839950 0.142874 0
6071.199949 0.122326 0
6074.559949 0.109940 0
6077.919949 0.112396 0
6081.279949 0.123358 0
6084.639949 0.092959 0
6087.999949 0.112579 0
6091.359949 0.088668 0
6094.719949 0.112268 0
6098.079949 0.107517 0
6101.439948 0.104362 0
6104.799948 0.112184 0
6108.159948 0.125199 0
6111.519948 0.121891 0
6114.879948 0.134785 0
6118.239948 0.124766 0
6121.599948 0.110468 0
6124.959948 0.086201 0
6128.319948 0.088695 0
6131.679948 0.103385 0
6135.039947 0.090343 0
6138.399947 0.072548 0
6141.759947 0.081840 0
6145.119947 0.062353 0
6148.479947 0.067674 0
6151.839947 0.079189 0
6155.199947 0.069609 0
6158.559947 0.065838 0
6161.919947 0.071437 0
6165.279947 0.082136 0
6168.639946 0.080766 0
6171.999946 0.104146 0
6175.359946 0.115048 0
6178.719946 0.108359 0
6182.079946 0.113285 0
6185.439946 0.103595 0
6188.799946 0.098660 0
6192.159946 0.088614 0
6195.519946 0.119223 0
6198.879945 0.105813 0
6202.239945 0.110365 0
6205.599945 0.109491 0
6208.959945 0.108138 0
6212.319945 0.100488 0
6215.679945 0.113005 0
6219.039945 0.113428 0
6222.399945 0.102907 0
6225.759945 0.092400 0
6229.119945 0.106541 0
6232.479944 0.083395 0
6235.839944 0.091213 0
6239.199944 0.099954 0
6242.559944 0.103269 0
6245.919944 0.130625 0
6249.279944 0.140418 0
6252.639944 0.154853 0
6255.999944 0.142564 0
6259.359944 0.122353 0
6262.719943 0.134398 0
6266.079943 0.130277 0
6269.439943 0.127023 0
6272.799943 0.142988 0
6276.159943 0.137106 0
6279.519943 0.149003 0
6282.879943 0.168954 0
6286.239943 0.145036 0
6289.599943 0.148719 0
6292.959943 0.139110 0
6296.319942 0.130331 0
6299.679942 0.100715 0
6303.039942 0.070859 0
6306.399942 0.071590 0
6309.759942 0.062599 0
6313.119942 0.075158 0
6316.479942 0.076623 0
6319.839942 0.081355 0
6323.199942 0.129194 0
6326.559941 0.132641 0
6329.919941 0.138014 0
6333.279941 0.121930 0
6336.639941 0.142843 0
6339.999941 0.155874 0
6343.359941 0.147077 0
6346.719941 0.147621 0
6350.079941 0.138564 0
6353.439941 0.129990 0
6356.799941 0.110813 0
6360.159940 0.092551 0
6363.519940 0.074697 0
6366.879940 0.068959 0
6370.239940 0.075667 0
6373.599940 0.082480 0
6376.959940 0.102621 0
6380.319940 0.121130 0
6383.679940 0.159313 0
6387.039940 0.172897 0
6390.399939 0.180359 0
6393.759939 0.170609 0
6397.119939 0.166355 0
6400.479939 0.180431 0
6403.839939 0.184069 0
6407.199939 0.174621 0
6410.559939 0.190848 0
6413.919939 0.185081 0
6417.279939 0.205040 0
6420.639939 0.215467 0
6423.999938 0.203300 0
6427.359938 0.202129 0
6430.719938 0.213210 0
6434.079938 0.199204 0
6437.439938 0.187479 0
6440.799938 0.200188 0
6444.159938 0.215657 0
6447.519938 0.210746 0
6450.879938 0.206239 0
6454.239937 0.206916 0
6457.599937 0.212428 0
6460.959937 0.228684 0
6464.319937 0.202061 0
6467.679937 0.195724 0
6471.039937 0.191585 0
6474.399937 0.207039 0
6477.759937 0.212790 0
6481.119937 0.199847 0
6484.479937 0.191730 0
6487.839936 0.198273 0
6491.199936 0.211282 0
6494.559936 0.201976 0
6497.919936 0.208443 0
6501.279936 0.187618 0
6504.639936 0.185082 0
6507.999936 0.208576 0
6511.359936 0.192973 0
6514.719936 0.193844 0
6518.079935 0.191492 0
6521.439935 0.201057 0
6524.799935 0.197814 0
6528.159935 0.177710 0
6531.519935 0.178059 0
6534.879935 0.212205 0
6538.239935 0.210337 0
6541.599935 0.192901 0
6544.959935 0.194951 0
6548.319935 0.195654 0
6551.679934 0.201717 0
6555.039934 0.206068 0
6558.399934 0.204352 0
6561.759934 0.209331 0
6565.119934 0.203101 0
6568.479934 0.208242 0
6571.839934 0.188999 0
6575.199934 0.199276 0
6578.559934 0.168483 0
6581.919933 0.173099 0
6585.279933 0.178828 0
6588.639933 0.187859 0
6591.999933 0.181777 0
6595.359933 0.194901 0
6598.719933 0.187357 0
6602.079933 0.199232 0
6605.439933 0.202763 0
6608.799933 0.195228 0
6612.159933 0.199785 0
6615.519932 0.180719 0
6618.879932 0.175296 0
6622.239932 0.183299 0
6625.599932 0.187332 0
6628.959932 0.198891 0
6632.319932 0.201048 0
6635.679932 0.199954 0
6639.039932 0.207010 0
6642.399932 0.203270 0
6645.759932 0.190490 0
6649.119931 0.175129 0
6652.479931 0.183920 0
6655.839931 0.182042 0
6659.199931 0.181626 0
6662.559931 0.175704 0
6665.919931 0.204754 0
6669.279931 0.206112 0
6672.639931 0.196130 0
6675.999931 0.196775 0
6679.359930 0.189499 0
6682.719930 0.185152 0
6686.079930 0.182078 0
6689.439930 0.179343 0
6692.799930 0.160739 0
6696.159930 0.188412 0
6699.519930 0.192811 0
6702.879930 0.180459 0
6706.239930 0.194019 0
6709.599930 0.191607 0
6712.959929 0.213021 0
6716.319929 0.203893 0
6719.679929 0.190510 0
6723.039929 0.187928 0
6726.399929 0.191829 0
6729.759929 0.181205 0
6733.119929 0.194895 0
6736.479929 0.198794 0
6739.839929 0.194768 0
6743.199928 0.190396 0
6746.559928 0.198326 0
6749.919928 0.218016 0
6753.279928 0.214599 0
6756.639928 0.219584 0
6759.999928 0.210031 0
6763.359928 0.211689 0
6766.719928 0.209945 0
6770.079928 0.208878 0
6773.439928 0.228207 0
6776.799927 0.205258 0
6780.159927 0.195264 0
6783.519927 0.195988 0
6786.879927 0.191734 0
6790.239927 0.204948 0
6793.599927 0.209844 0
6796.959927 0.214728 0
6800.319927 0.212912 0
6803.679927 0.207219 0
6807.039926 0.213685 0
6810.399926 0.208134 0
6813.759926 0.237448 0
6817.119926 0.213017 0
6820.479926 0.195717 0
6823.839926 0.196315 0
6827.199926 0.216225 0
6830.559926 0.166623 0
6833.919926 0.197706 0
6837.279926 0.219518 0
6840.639925 0.203930 0
6843.999925 0.215920 0
6847.359925 0.222341 0
6850.719925 0.202934 0
6854.079925 0.178414 0
6857.439925 0.206777 0
6860.799925 0.216346 0
6864.159925 0.186117 0
6867.519925 0.160729 0
6870.879924 0.149246 0
6874.239924 0.172820 0
6877.599924 0.204710 0
6880.959924 0.193013 0
6884.319924 0.182673 0
6887.679924 0.160295 0
6891.039924 0.181945 0
6894.399924 0.152542 0
6897.759924 0.157041 0
6901.119924 0.158839 0
6904.479923 0.137731 0
6907.839923 0.143764 0
6911.199923 0.153735 0
6914.559923 0.136253 0
6917.919923 0.178084 0
6921.279923 0.195186 0
6924.639923 0.202474 0
6927.999923 0.196325 0
6931.359923 0.215837 0
6934.719922 0.187373 0
6938.079922 0.218142 0
6941.439922 0.213971 0
6944.799922 0.217185 0
6948.159922 0.219105 0
6951.519922 0.237665 0
6954.879922 0.222699 0
6958.239922 0.228480 0
6961.599922 0.205476 0
6964.959922 0.183320 0
6968.319921 0.184179 0
6971.679921 0.204529 0
6975.039921 0.250655 0
6978.399921 0.233274 0
6981.759921 0.223564 0
6985.119921 0.240007 0
6988.479921 0.228938 0
6991.839921 0.237199 0
6995.199921 0.236013 0
6998.559920 0.257176 0
7001.919920 0.262648 0
7005.279920 0.246234 0
7008.639920 0.245501 0
7011.999920 0.247131 0
7015.359920 0.229268 0
7018.719920 0.231663 0
7022.079920 0.210281 0
7025.439920 0.219205 0
7028.799920 0.235746 0
7032.159919 0.207512 0
7035.519919 0.208138 0
7038.879919 0.206359 0
7042.239919 0.228532 0
7045.599919 0.212358 0
7048.959919 0.224640 0
7052.319919 0.232891 0
7055.679919 0.250706 0
7059.039919 0.237484 0
7062.399918 0.220351 0
7065.759918 0.216096 0
7069.119918 0.206898 0
7072.479918 0.235952 0
7075.839918 0.254895 0
7079.199918 0.223397 0
7082.559918 0.236746 0
7085.919918 0.242246 0
7089.279918 0.227502 0
7092.639918 0.245065 0
7095.999917 0.249640 0
7099.359917 0.254158 0
7102.719917 0.258472 0
7106.079917 0.246752 0
7109.439917 0.261896 0
7112.799917 0.253850 0
7116.159917 0.223728 0
7119.519917 0.256857 0
7122.879917 0.240794 0
7126.239916 0.247926 0
7129.599916 0.260995 0
7132.959916 0.242027 0
7136.319916 0.245256 0
7139.679916 0.256652 0
7143.039916 0.240681 0
7146.399916 0.243471 0
7149.759916 0.258536 0
7153.119916 0.224822 0
7156.479916 0.218863 0
7159.839915 0.228235 0
7163.199915 0.247675 0
7166.559915 0.234899 0
7169.919915 0.223010 0
7173.279915 0.234703 0
7176.639915 0.247319 0
7179.999915 0.247934 0
7183.359915 0.247473 0
7186.719915 0.250903 0
7190.079915 0.257332 0
7193.439914 0.244107 0
7196.799914 0.250369 0
7200.159914 0.259944 0
7203.519914 0.244024 0
7206.879914 0.281256 0
7210.239914 0.264701 0
7213.599914 0.242185 0
7216.959914 0.253944 0
7220.319914 0.272841 0
7223.679913 0.267880 0
7227.039913 0.280215 0
7230.399913 0.284726 0
7233.759913 0.275443 0
7237.119913 0.263739 0
7240.479913 0.237300 0
7243.839913 0.235831 0
7247.199913 0.278934 0
7250.559913 0.287217 0
7253.919913 0.252187 0
7257.279912 0.255702 0
7260.639912 0.266075 0
7263.999912 0.236914 0
7267.359912 0.221980 0
7270.719912 0.221859 0
7274.079912 0.228717 0
7277.439912 0.278134 0
7280.799912 0.283046 0
7284.159912 0.291859 0
7287.519911 0.260755 0
7290.879911 0.252700 0
7294.239911 0.244437 0
7297.599911 0.244862 0
7300.959911 0.242884 0
7304.319911 0.226906 0
7307.679911 0.273244 0
7311.039911 0.303123 0
7314.399911 0.286184 0
7317.759911 0.323844 0
7321.119910 0.303143 0
7324.479910 0.312389 0
7327.839910 0.277200 0
7331.199910 0.266278 0
7334.559910 0.283089 0
7337.919910 0.276757 0
7341.279910 0.274218 0
7344.639910 0.283410 0
7347.999910 0.272167 0
7351.359909 0.254516 0
7354.719909 0.262127 0
7358.079909 0.283303 0
7361.439909 0.287187 0
7364.799909 0.291169 0
7368.159909 0.266168 0
7371.519909 0.284053 0
7374.879909 0.255252 0
7378.239909 0.270715 0
7381.599909 0.280658 0
7384.959908 0.274277 0
7388.319908 0.271259 0
7391.679908 0.308529 0
7395.039908 0.303129 0
7398.399908 0.316971 0
7401.759908 0.299471 0
7405.119908 0.328224 0
7408.479908 0.317100 0
7411.839908 0.287706 0
7415.199907 0.291910 0
7418.559907 0.303608 0
7421.919907 0.306055 0
7425.279907 0.281197 0
7428.639907 0.287740 0
7431.999907 0.283915 0
7435.359907 0.269518 0
7438.719907 0.268538 0
7442.079907 0.278871 0
7445.439907 0.260182 0
7448.799906 0.259361 0
7452.159906 0.263667 0
7455.519906 0.272044 0
7458.879906 0.252830 0
7462.239906 0.265439 0
7465.599906 0.288364 0
7468.959906 0.286302 0
7472.319906 0.256253 0
7475.679906 0.299073 0
7479.039905 0.294647 0
7482.399905 0.244705 0
7485.759905 0.246987 0
7489.119905 0.252432 0
7492.479905 0.271988 0
7495.839905 0.280580 0
7499.199905 0.274746 0
7502.559905 0.273040 0
7505.919905 0.272620 0
7509.279905 0.274319 0
7512.639904 0.249649 0
7515.999904 0.236898 0
7519.359904 0.278710 0
7522.719904 0.294865 0
7526.079904 0.263930 0
7529.439904 0.231520 0
7532.799904 0.249218 0
7536.159904 0.275678 0
7539.519904 0.244005 0
7542.879903 0.268400 0
7546.239903 0.241738 0
7549.599903 0.281309 0
7552.959903 0.264004 0
7556.319903 0.261829 0
7559.679903 0.286042 0
7563.039903 0.274505 0
7566.399903 0.274304 0
7569.759903 0.273467 0
7573.119903 0.269842 0
7576.479902 0.284208 0
7579.839902 0.272922 0
7583.199902 0.305706 0
7586.559902 0.287647 0
7589.919902 0.274314 0
7593.279902 0.270447 0
7596.639902 0.206000 0
7599.999902 0.227152 0
7603.359902 0.233071 0
7606.719901 0.333252 0
7610.079901 0.327313 0
7613.439901 0.366185 0
7616.799901 0.368242 0
7620.159901 0.336216 0
7623.519901 0.308286 0
7626.879901 0.324117 0
7630.239901 0.317351 0
7633.599901 0.307451 0
7636.959901 0.318930 0
7640.319900 0.291607 0
7643.679900 0.289265 0
7647.039900 0.323844 0
7650.399900 0.322228 0
7653.759900 0.304656 0
7657.119900 0.281058 0
7660.479900 0.288362 0
7663.839900 0.304757 0
7667.199900 0.300954 0
7670.559900 0.273416 0
7673.919899 0.263366 0
7677.279899 0.264838 0
7680.639899 0.283679 0
7683.999899 0.272385 0
7687.359899 0.270364 0
7690.719899 0.274717 0
7694.079899 0.283764 0
7697.439899 0.304523 0
7700.799899 0.285657 0
7704.159898 0.273783 0
7707.519898 0.272084 0
7710.879898 0.300826 0
7714.239898 0.267053 0
7717.599898 0.301041 0
7720.959898 0.277044 0
7724.319898 0.259889 0
7727.679898 0.304581 0
7731.039898 0.284414 0
7734.399898 0.286039 0
7737.759897 0.278851 0
7741.119897 0.241119 0
7744.479897 0.251478 0
7747.839897 0.320454 0
7751.199897 0.249225 0
7754.559897 0.280606 0
7757.919897 0.254311 0
7761.279897 0.279029 0
7764.639897 0.262824 0
7767.999896 0.267009 0
7771.359896 0.283926 0
7774.719896 0.256917 0
7778.079896 0.290735 0
7781.439896 0.265854 0
7784.799896 0.251362 0
7788.159896 0.255306 0
7791.519896 0.229158 0
7794.879896 0.264750 0
7798.239896 0.281696 0
7801.599895 0.269234 0
7804.959895 0.238965 0
7808.319895 0.232157 0
7811.679895 0.238667 0
7815.039895 0.216452 0
7818.399895 0.221365 0
7821.759895 0.284762 0
7825.119895 0.305320 0
7828.479895 0.273030 0
7831.839894 0.281096 0
7835.199894 0.267076 0
7838.559894 0.269328 0
7841.919894 0.245981 0
7845.279894 0.253379 0
7848.639894 0.272531 0
7851.999894 0.303136 0
7855.359894 0.281134 0
7858.719894 0.282576 0
7862.079894 0.292121 0
7865.439893 0.283007 0
7868.799893 0.278013 0
7872.159893 0.263870 0
7875.519893 0.284857 0
7878.879893 0.281482 0
7882.239893 0.296056 0
7885.599893 0.275372 0
7888.959893 0.279914 0
7892.319893 0.279095 0
7895.679892 0.266814 0
7899.039892 0.273017 0
7902.399892 0.274471 0
7905.759892 0.265725 0
7909.119892 0.329621 0
7912.479892 0.306083 0
7915.839892 0.280220 0
7919.199892 0.321134 0
7922.559892 0.331342 0
7925.919892 0.299201 0
7929.279891 0.315993 0
7932.639891 0.298062 0
7935.999891 0.295550 0
7939.359891 0.291810 0
7942.719891 0.292283 0
7946.079891 0.292423 0
7949.439891 0.279380 0
7952.799891 0.274261 0
7956.159891 0.291254 0
7959.519890 0.279693 0
7962.879890 0.240210 0
7966.239890 0.280585 0
7969.599890 0.295111 0
7972.959890 0.303723 0
7976.319890 0.314942 0
7979.679890 0.281789 0
7983.039890 0.303022 0
7986.399890 0.253226 0
7989.759890 0.237777 0
7993.119889 0.304765 0
7996.479889 0.263066 0
7999.839889 0.235748 0
8003.199889 0.279429 0
8006.559889 0.287486 0
8009.919889 0.311310 0
8013.279889 0.276873 0
8016.639889 0.311247 0
8019.999889 0.284869 0
8023.359888 0.265654 0
8026.719888 0.303272 0
8030.079888 0.251143 0
8033.439888 0.274368 0
8036.799888 0.274702 0
8040.159888 0.266527 0
8043.519888 0.254596 0
8046.879888 0.257308 0
8050.239888 0.259258 0
8053.599888 0.266186 0
8056.959887 0.221814 0
8060.319887 0.263925 0
8063.679887 0.260387 0
8067.039887 0.249070 0
8070.399887 0.246343 0
8073.759887 0.258041 0
8077.119887 0.282910 0
8080.479887 0.292536 0
8083.839887 0.258080 0
8087.199886 0.276449 0
8090.559886 0.273654 0
8093.919886 0.268766 0
8097.279886 0.271418 0
8100.639886 0.283089 0
8103.999886 0.276904 0
8107.359886 0.257058 0
8110.719886 0.297831 0
8114.079886 0.300284 0
8117.439886 0.290397 0
8120.799885 0.295416 0
8124.159885 0.276934 0
8127.519885 0.273637 0
8130.879885 0.264172 0
8134.239885 0.266933 0
8137.599885 0.277092 0
8140.959885 0.265554 0
8144.319885 0.263663 0
8147.679885 0.255305 0
8151.039885 0.260496 0
8154.399884 0.272938 0
8157.759884 0.249423 0
8161.119884 0.254093 0
8164.479884 0.271049 0
8167.839884 0.261940 0
8171.199884 0.265737 0
8174.559884 0.263165 0
8177.919884 0.259535 0
8181.279884 0.260213 0
8184.639883 0.243834 0
8187.999883 0.255051 0
8191.359883 0.270673 0
8194.719883 0.224031 0
8198.079883 0.264480 0
8201.439883 0.269493 0
8204.799883 0.296168 0
8208.159883 0.274898 0
8211.519883 0.271653 0
8214.879883 0.263769 0
8218.239882 0.263510 0
8221.599882 0.260297 0
8224.959882 0.240025 0
8228.319882 0.228389 0
8231.679882 0.222262 0
8235.039882 0.265321 0
8238.399882 0.286100 0
8241.759882 0.269807 0
8245.119882 0.268134 0
8248.479881 0.277808 0
8251.839881 0.272949 0
8255.199881 0.257808 0
8258.559881 0.257193 0
8261.919881 0.251019 0
8265.279881 0.240990 0
8268.639881 0.253532 0
8271.999881 0.264482 0
8275.359881 0.237085 0
8278.719881 0.246398 0
8282.079880 0.246763 0
8285.439880 0.269593 0
8288.799880 0.235552 0
8292.159880 0.201678 0
8295.519880 0.142445 0
8298.879880 0.165882 0
8302.239880 0.224340 0
8305.599880 0.212205 0
8308.959880 0.197025 0
8312.319879 0.202925 0
8315.679879 0.217427 0
8319.039879 0.223704 0
8322.399879 0.240103 0
8325.759879 0.230879 0
8329.119879 0.245582 0
8332.479879 0.250905 0
8335.839879 0.255392 0
8339.199879 0.330339 0
8342.559879 0.259951 0
8345.919878 0.227545 0
8349.279878 0.269530 0
8352.639878 0.260259 0
8355.999878 0.184142 0
8359.359878 0.245209 0
8362.719878 0.277476 0
8366.079878 0.242724 0
8369.439878 0.301494 0
8372.799878 0.272762 0
8376.159877 0.272306 0
8379.519877 0.292898 0
8382.879877 0.291910 0
8386.239877 0.253572 0
8389.599877 0.290822 0
8392.959877 0.336754 0
8396.319877 0.288040 0
8399.679877 0.261132 0
8403.039877 0.302118 0
8406.399877 0.296159 0
8409.759876 0.282903 0
8413.119876 0.257928 0
8416.479876 0.273365 0
8419.839876 0.326070 0
8423.199876 0.312665 0
8426.559876 0.294304 0
8429.919876 0.296073 0
8433.279876 0.272507 0
8436.639876 0.255129 0
8439.999875 0.292396 0
8443.359875 0.277288 0
8446.719875 0.263249 0
8450.079875 0.217833 0
8453.439875 0.249081 0
8456.799875 0.290017 0
8460.159875 0.299197 0
8463.519875 0.298557 0
8466.879875 0.271141 0
8470.239875 0.246437 0
8473.599874 0.282172 0
8476.959874 0.277735 0
8480.319874 0.294459 0
8483.679874 0.304002 0
8487.039874 0.313848 0
8490.399874 0.293744 0
8493.759874 0.317576 0
8497.119874 0.342850 0
8500.479874 0.288043 0
8503.839873 0.283571 0
8507.199873 0.325161 0
8510.559873 0.270238 0
8513.919873 0.291478 0
8517.279873 0.295126 0
8520.639873 0.297173 0
8523.999873 0.303040 0
8527.359873 0.295987 0
8530.719873 0.298562 0
8534.079873 0.313622 0
8537.439872 0.299811 0
8540.799872 0.287824 0
8544.159872 0.292810 0
8547.519872 0.296354 0
8550.879872 0.268296 0
8554.239872 0.307443 0
8557.599872 0.285375 0
8560.959872 0.284621 0
8564.319872 0.282420 0
8567.679871 0.280647 0
8571.039871 0.266531 0
8574.399871 0.279062 0
8577.759871 0.299698 0
8581.119871 0.306459 0
8584.479871 0.302428 0
8587.839871 0.283700 0
8591.199871 0.300551 0
8594.559871 0.297459 0
8597.919871 0.310256 0
8601.279870 0.314650 0
8604.639870 0.303536 0
8607.999870 0.305248 0
8611.359870 0.310310 0
8614.719870 0.299755 0
8618.079870 0.300361 0
8621.439870 0.285325 0
8624.799870 0.286555 0
8628.159870 0.313447 0
8631.519870 0.294176 0
8634.879869 0.294422 0
8638.239869 0.304084 0
8641.599869 0.291426 0
8644.959869 0.306182 0
8648.319869 0.304780 0
8651.679869 0.303614 0
8655.039869 0.258800 0
8658.399869 0.259955 0
8661.759869 0.274392 0
8665.119868 0.277452 0
8668.479868 0.266867 0
8671.839868 0.271032 0
8675.199868 0.296030 0
8678.559868 0.275202 0
8681.919868 0.280836 0
8685.279868 0.292967 0
8688.639868 0.302587 0
8691.999868 0.302193 0
8695.359868 0.313696 0
8698.719867 0.297183 0
8702.079867 0.298762 0
8705.439867 0.299347 0
8708.799867 0.295759 0
8712.159867 0.301210 0
8715.519867 0.292117 0
8718.879867 0.302600 0
8722.239867 0.320583 0
8725.599867 0.304379 0
8728.959866 0.311377 0
8732.319866 0.309848 0
8735.679866 0.272734 0
8739.039866 0.284646 0
8742.399866 0.308393 0
8745.759866 0.294376 0
8749.119866 0.321470 0
8752.479866 0.326863 0
8755.839866 0.380786 0
8759.199866 0.285982 0
8762.559865 0.285664 0
8765.919865 0.316669 0
8769.279865 0.358273 0
8772.639865 0.320603 0
8775.999865 0.233711 0
8779.359865 0.299061 0
8782.719865 0.321951 0
8786.079865 0.263888 0
8789.439865 0.299811 0
8792.799864 0.255103 0
8796.159864 0.270444 0
8799.519864 0.299139 0
8802.879864 0.277426 0
8806.239864 0.272344 0
8809.599864 0.302286 0
8812.959864 0.295580 0
8816.319864 0.322422 0
8819.679864 0.402803 0
8823.039864 0.314267 0
8826.399863 0.332808 0
8829.759863 0.343116 0
8833.119863 0.236286 0
8836.479863 0.288816 0
8839.839863 0.269087 0
8843.199863 0.277684 0
8846.559863 0.270545 0
8849.919863 0.295453 0
8853.279863 0.300740 0
8856.639862 0.311142 0
8859.999862 0.342876 0
8863.359862 0.343741 0
8866.719862 0.342731 0
8870.079862 0.272186 0
8873.439862 0.286861 0
8876.799862 0.354807 0
8880.159862 0.380351 0
8883.519862 0.329894 0
8886.879862 0.383103 0
8890.239861 0.271288 0
8893.599861 0.305303 0
8896.959861 0.346416 0
8900.319861 0.338061 0
8903.679861 0.316518 0
8907.039861 0.295471 0
8910.399861 0.374638 0
8913.759861 0.414154 0
8917.119861 0.398627 0
8920.479860 0.281031 0
8923.839860 0.296506 0
8927.199860 0.254563 0
8930.559860 0.293240 0
8933.919860 0.308120 0
8937.279860 0.363466 0
8940.639860 0.313326 0
8943.999860 0.302496 0
8947.359860 0.277872 0
8950.719860 0.387498 0
8954.079859 0.386907 0
8957.439859 0.262570 0
8960.799859 0.221446 0
8964.159859 0.291550 0
8967.519859 0.283734 0
8970.879859 0.280059 0
8974.239859 0.296718 0
8977.599859 0.298426 0
8980.959859 0.294688 0
8984.319858 0.283351 0
8987.679858 0.266695 0
8991.039858 0.302751 0
8994.399858 0.325621 0
8997.759858 0.326053 0
9001.119858 0.316894 0
9004.479858 0.292219 0
9007.839858 0.290459 0
9011.199858 0.276316 0
9014.559858 0.270048 0
9017.919857 0.275777 0
9021.279857 0.279167 0
9024.639857 0.282494 0
9027.999857 0.307113 0
9031.359857 0.319854 0
9034.719857 0.314262 0
9038.079857 0.318936 0
9041.439857 0.351143 0
9044.799857 0.364746 0
9048.159856 0.325150 0
9051.519856 0.314404 0
9054.879856 0.336218 0
9058.239856 0.309326 0
9061.599856 0.320288 0
9064.959856 0.281713 0
9068.319856 0.289138 0
9071.679856 0.293308 0
9075.039856 0.299059 0
9078.399856 0.304490 0
9081.759855 0.318863 0
9085.119855 0.320615 0
9088.479855 0.310462 0
9091.839855 0.254877 0
9095.199855 0.298613 0
9098.559855 0.276909 0
9101.919855 0.302863 0
9105.279855 0.312133 0
9108.639855 0.302267 0
9111.999855 0.298773 0
9115.359854 0.313849 0
9118.719854 0.320297 0
9122.079854 0.297692 0
9125.439854 0.303470 0
9128.799854 0.254159 0
9132.159854 0.288244 0
9135.519854 0.286435 0
9138.879854 0.307106 0
9142.239854 0.332887 0
9145.599853 0.336736 0
9148.959853 0.299124 0
9152.319853 0.245235 0
9155.679853 0.261661 0
9159.039853 0.294436 0
9162.399853 0.287430 0
9165.759853 0.307413 0
9169.119853 0.309014 0
9172.479853 0.316517 0
9175.839853 0.314876 0
9179.199852 0.323770 0
9182.559852 0.324207 0
9185.919852 0.320398 0
9189.279852 0.336992 0
9192.639852 0.328608 0
9195.999852 0.329109 0
9199.359852 0.349834 0
9202.719852 0.340957 0
9206.079852 0.340497 0
9209.439851 0.358810 0
9212.799851 0.353486 0
9216.159851 0.333328 0
9219.519851 0.321116 0
9222.879851 0.353932 0
9226.239851 0.325851 0
9229.599851 0.308963 0
9232.959851 0.315184 0
9236.319851 0.324140 0
9239.679851 0.308848 0
9243.039850 0.307754 0
9246.399850 0.358515 0
9249.759850 0.335349 0
