# obs: 255718
# slit: 36
# z: 0.36600
# lines: [OII]
# spec: 632
4451.680000 0.000000 1
4455.040000 0.000000 1
4458.400000 0.000000 1
4461.760000 0.000000 1
4465.120000 0.000000 1
4468.479999 0.000000 1
4471.839999 0.000000 1
4475.199999 0.000000 1
4478.559999 0.000000 1
4481.919999 0.000000 1
4485.279999 0.000000 1
4488.639999 0.000000 1
4491.999999 0.000000 1
4495.359999 0.000000 1
4498.719999 0.000000 1
4502.079998 0.000000 1
4505.439998 0.000705 0
4508.799998 -0.026533 0
4512.159998 0.020693 0
4515.519998 0.040556 0
4518.879998 0.020152 0
4522.239998 0.017221 0
4525.599998 0.020157 0
4528.959998 0.033621 0
4532.319997 0.023059 0
4535.679997 0.009604 0
4539.039997 0.031281 0
4542.399997 0.050724 0
4545.759997 0.023374 0
4549.119997 0.037464 0
4552.479997 0.034794 0
4555.839997 0.015880 0
4559.199997 0.026367 0
4562.559997 0.027976 0
4565.919996 0.042330 0
4569.279996 0.046090 0
4572.639996 0.014687 0
4575.999996 0.034927 0
4579.359996 0.032740 0
4582.719996 0.063864 0
4586.079996 0.028094 0
4589.439996 0.004246 0
4592.799996 0.036278 0
4596.159995 0.037528 0
4599.519995 0.037647 0
4602.879995 0.050708 0
4606.239995 0.027089 0
4609.599995 0.017335 0
4612.959995 0.018190 0
4616.319995 0.052395 0
4619.679995 0.032323 0
4623.039995 0.046460 0
4626.399995 0.041649 0
4629.759994 0.034331 0
4633.119994 0.037347 0
4636.479994 0.019863 0
4639.839994 0.028928 0
4643.199994 0.019187 0
4646.559994 0.032103 0
4649.919994 0.004687 0
4653.279994 0.045054 0
4656.639994 0.044047 0
4659.999993 0.019788 0
4663.359993 0.033666 0
4666.719993 0.055474 0
4670.079993 0.046937 0
4673.439993 0.029930 0
4676.799993 0.027664 0
4680.159993 0.026217 0
4683.519993 0.030133 0
4686.879993 0.013179 0
4690.239993 0.016398 0
4693.599992 0.031653 0
4696.959992 0.050041 0
4700.319992 0.028951 0
4703.679992 0.024235 0
4707.039992 0.033265 0
4710.399992 0.027950 0
4713.759992 0.023678 0
4717.119992 0.030687 0
4720.479992 0.055640 0
4723.839992 0.058739 0
4727.199991 0.032015 0
4730.559991 0.039631 0
4733.919991 0.033692 0
4737.279991 0.031106 0
4740.639991 0.043564 0
4743.999991 0.053603 0
4747.359991 0.023451 0
4750.719991 0.048423 0
4754.079991 0.023403 0
4757.439990 0.024622 0
4760.799990 0.055370 0
4764.159990 0.028387 0
4767.519990 0.017030 0
4770.879990 0.021367 0
4774.239990 0.026818 0
4777.599990 0.024684 0
4780.959990 0.027615 0
4784.319990 0.023523 0
4787.679990 0.028319 0
4791.039989 0.027816 0
4794.399989 0.020064 0
4797.759989 0.025136 0
4801.119989 0.026498 0
4804.479989 0.024115 0
4807.839989 0.023450 0
4811.199989 0.020275 0
4814.559989 0.047145 0
4817.919989 0.012582 0
4821.279988 0.038637 0
4824.639988 0.029882 0
4827.999988 0.018560 0
4831.359988 0.001661 0
4834.719988 0.033745 0
4838.079988 0.037104 0
4841.439988 0.024857 0
4844.799988 0.024966 0
4848.159988 0.028737 0
4851.519988 0.018338 0
4854.879987 0.030850 0
4858.239987 0.032156 0
4861.599987 0.038089 0
4864.959987 0.036718 0
4868.319987 0.013542 0
4871.679987 0.004062 0
4875.039987 0.017765 0
4878.399987 0.045323 0
4881.759987 0.034105 0
4885.119986 0.046701 0
4888.479986 0.027506 0
4891.839986 0.025206 0
4895.199986 0.042219 0
4898.559986 0.059191 0
4901.919986 0.037808 0
4905.279986 0.034244 0
4908.639986 0.045506 0
4911.999986 0.040103 0
4915.359986 0.048348 0
4918.719985 0.058819 0
4922.079985 0.044645 0
4925.439985 0.061187 0
4928.799985 0.050958 0
4932.159985 0.030244 0
4935.519985 0.053699 0
4938.879985 0.053514 0
4942.239985 0.034040 0
4945.599985 0.058153 0
4948.959984 0.054417 0
4952.319984 0.043122 0
4955.679984 0.016660 0
4959.039984 0.013286 0
4962.399984 0.019198 0
4965.759984 0.030713 0
4969.119984 0.037470 0
4972.479984 0.057024 0
4975.839984 0.052892 0
4979.199984 0.035843 0
4982.559983 0.018761 0
4985.919983 0.041221 0
4989.279983 0.042850 0
4992.639983 0.039794 0
4995.999983 0.052727 0
4999.359983 0.039809 0
5002.719983 0.054896 0
5006.079983 0.039872 0
5009.439983 0.010875 0
5012.799982 0.015900 0
5016.159982 0.032689 0
5019.519982 0.026861 0
5022.879982 0.010277 0
5026.239982 0.024437 0
5029.599982 0.034893 0
5032.959982 0.015450 0
5036.319982 0.027334 0
5039.679982 0.039612 0
5043.039982 0.031468 0
5046.399981 0.038306 0
5049.759981 0.035914 0
5053.119981 0.039411 0
5056.479981 0.046411 0
5059.839981 0.053023 0
5063.199981 0.043388 0
5066.559981 0.035926 0
5069.919981 0.045270 0
5073.279981 0.044722 0
5076.639980 0.038093 0
5079.999980 0.049890 0
5083.359980 0.044258 0
5086.719980 0.054907 0
5090.079980 0.058952 0
5093.439980 0.056419 0
5096.799980 0.038225 0
5100.159980 0.039131 0
5103.519980 0.055541 0
5106.879980 0.022421 0
5110.239979 0.037218 0
5113.599979 0.051012 0
5116.959979 0.048416 0
5120.319979 0.039687 0
5123.679979 0.049600 0
5127.039979 0.042814 0
5130.399979 0.041034 0
5133.759979 0.051258 0
5137.119979 0.040320 0
5140.479978 0.041269 0
5143.839978 0.053841 0
5147.199978 0.043445 0
5150.559978 0.032139 0
5153.919978 0.058634 0
5157.279978 0.045544 0
5160.639978 0.045475 0
5163.999978 0.045232 0
5167.359978 0.049796 0
5170.719978 0.041475 0
5174.079977 0.042565 0
5177.439977 0.043679 0
5180.799977 0.032551 0
5184.159977 0.029869 0
5187.519977 0.047922 0
5190.879977 0.064079 0
5194.239977 0.050955 0
5197.599977 0.035058 0
5200.959977 0.045854 0
5204.319977 0.041184 0
5207.679976 0.022359 0
5211.039976 0.050300 0
5214.399976 0.059095 0
5217.759976 0.046254 0
5221.119976 0.070078 0
5224.479976 0.057836 0
5227.839976 0.044243 0
5231.199976 0.068659 0
5234.559976 0.064945 0
5237.919975 0.049493 0
5241.279975 0.057816 0
5244.639975 0.044595 0
5247.999975 0.066452 0
5251.359975 0.070766 0
5254.719975 0.053431 0
5258.079975 0.054675 0
5261.439975 0.043944 0
5264.799975 0.046620 0
5268.159975 0.057032 0
5271.519974 0.038383 0
5274.879974 0.050473 0
5278.239974 0.048322 0
5281.599974 0.060481 0
5284.959974 0.058431 0
5288.319974 0.059036 0
5291.679974 0.061809 0
5295.039974 0.066567 0
5298.399974 0.064608 0
5301.759973 0.056481 0
5305.119973 0.060525 0
5308.479973 0.056721 0
5311.839973 0.049113 0
5315.199973 0.067903 0
5318.559973 0.060931 0
5321.919973 0.065229 0
5325.279973 0.053220 0
5328.639973 0.060672 0
5331.999973 0.069561 0
5335.359972 0.056411 0
5338.719972 0.056434 0
5342.079972 0.060707 0
5345.439972 0.064725 0
5348.799972 0.072703 0
5352.159972 0.081550 0
5355.519972 0.076223 0
5358.879972 0.074280 0
5362.239972 0.089234 0
5365.599971 0.066695 0
5368.959971 0.073581 0
5372.319971 0.054572 0
5375.679971 0.064598 0
5379.039971 0.071152 0
5382.399971 0.081988 0
5385.759971 0.080495 0
5389.119971 0.098798 0
5392.479971 0.076605 0
5395.839971 0.086828 0
5399.199970 0.085524 0
5402.559970 0.068625 0
5405.919970 0.073664 0
5409.279970 0.074060 0
5412.639970 0.062812 0
5415.999970 0.063427 0
5419.359970 0.099739 0
5422.719970 0.084911 0
5426.079970 0.068109 0
5429.439969 0.060123 0
5432.799969 0.073919 0
5436.159969 0.087728 0
5439.519969 0.088622 0
5442.879969 0.081802 0
5446.239969 0.057020 0
5449.599969 0.044138 0
5452.959969 0.042827 0
5456.319969 0.040374 0
5459.679969 0.049174 0
5463.039968 0.054134 0
5466.399968 0.067884 0
5469.759968 0.077515 0
5473.119968 0.070637 0
5476.479968 0.070162 0
5479.839968 0.060349 0
5483.199968 0.057617 0
5486.559968 0.074790 0
5489.919968 0.057659 0
5493.279967 0.078050 0
5496.639967 0.061249 0
5499.999967 0.050706 0
5503.359967 0.039261 0
5506.719967 0.038837 0
5510.079967 0.045517 0
5513.439967 0.061892 0
5516.799967 0.055102 0
5520.159967 0.028061 0
5523.519967 0.044503 0
5526.879966 0.072570 0
5530.239966 0.049297 0
5533.599966 0.040573 0
5536.959966 0.034536 0
5540.319966 0.050646 0
5543.679966 0.044504 0
5547.039966 0.045587 0
5550.399966 0.048871 0
5553.759966 0.050639 0
5557.119965 0.048113 0
5560.479965 0.054985 1
5563.839965 0.045666 1
5567.199965 0.050070 1
5570.559965 0.233021 1
5573.919965 0.065675 1
5577.279965 0.072332 1
5580.639965 0.103816 1
5583.999965 -0.077577 1
5587.359965 0.055936 1
5590.719964 0.067347 1
5594.079964 0.048796 1
5597.439964 0.065872 1
5600.799964 0.069614 1
5604.159964 0.052062 1
5607.519964 0.045940 1
5610.879964 0.055505 0
5614.239964 0.051942 0
5617.599964 0.056522 0
5620.959963 0.062888 0
5624.319963 0.059088 0
5627.679963 0.041733 0
5631.039963 0.062468 0
5634.399963 0.045999 0
5637.759963 0.036711 0
5641.119963 0.041395 0
5644.479963 0.044973 0
5647.839963 0.055223 0
5651.199963 0.058085 0
5654.559962 0.054395 0
5657.919962 0.056945 0
5661.279962 0.059924 0
5664.639962 0.066814 0
5667.999962 0.065388 0
5671.359962 0.063875 0
5674.719962 0.052140 0
5678.079962 0.062103 0
5681.439962 0.073454 0
5684.799962 0.066861 0
5688.159961 0.065309 0
5691.519961 0.056813 0
5694.879961 0.063815 0
5698.239961 0.083984 0
5701.599961 0.075449 0
5704.959961 0.085748 0
5708.319961 0.086739 0
5711.679961 0.077816 0
5715.039961 0.055793 0
5718.399960 0.058211 0
5721.759960 0.072333 0
5725.119960 0.066811 0
5728.479960 0.073532 0
5731.839960 0.072568 0
5735.199960 0.067946 0
5738.559960 0.089406 0
5741.919960 0.081580 0
5745.279960 0.083184 0
5748.639960 0.076683 0
5751.999959 0.071578 0
5755.359959 0.079036 0
5758.719959 0.084829 0
5762.079959 0.070011 0
5765.439959 0.069102 0
5768.799959 0.053746 0
5772.159959 0.062629 0
5775.519959 0.079682 0
5778.879959 0.075219 0
5782.239958 0.084045 0
5785.599958 0.083126 0
5788.959958 0.070576 0
5792.319958 0.087708 0
5795.679958 0.098710 0
5799.039958 0.077719 0
5802.399958 0.086905 0
5805.759958 0.091085 0
5809.119958 0.101016 0
5812.479958 0.093934 0
5815.839957 0.072979 0
5819.199957 0.067195 0
5822.559957 0.098861 0
5825.919957 0.077521 0
5829.279957 0.071705 0
5832.639957 0.079429 0
5835.999957 0.066241 0
5839.359957 0.066355 0
5842.719957 0.064413 0
5846.079956 0.059051 0
5849.439956 0.067672 0
5852.799956 0.044751 0
5856.159956 0.059028 0
5859.519956 0.062744 0
5862.879956 0.045934 0
5866.239956 0.052760 0
5869.599956 0.025360 0
5872.959956 0.039622 0
5876.319956 0.022648 0
5879.679955 0.055650 0
5883.039955 0.089312 0
5886.399955 0.084668 0
5889.759955 0.091954 0
5893.119955 0.004176 0
5896.479955 -0.025242 0
5899.839955 -0.006714 0
5903.199955 0.023213 0
5906.559955 0.052333 0
5909.919954 0.060568 0
5913.279954 0.036722 0
5916.639954 0.063047 0
5919.999954 0.038783 0
5923.359954 0.040272 0
5926.719954 0.045064 0
5930.079954 0.049254 0
5933.439954 0.052754 0
5936.799954 0.051747 0
5940.159954 0.059385 0
5943.519953 0.056128 0
5946.879953 0.064675 0
5950.239953 0.058508 0
5953.599953 0.071692 0
5956.959953 0.081975 0
5960.319953 0.044812 0
5963.679953 0.045768 0
5967.039953 0.046830 0
5970.399953 0.055543 0
5973.759952 0.054124 0
5977.119952 0.034121 0
5980.479952 0.050905 0
5983.839952 0.054313 0
5987.199952 0.053666 0
5990.559952 0.073058 0
5993.919952 0.082795 0
5997.279952 0.060647 0
6000.639952 0.063193 0
6003.999952 0.065315 0
6007.359951 0.053325 0
6010.719951 0.052629 0
6014.079951 0.066344 0
6017.439951 0.076053 0
6020.799951 0.069019 0
6024.159951 0.064268 0
6027.519951 0.078146 0
6030.879951 0.088419 0
6034.239951 0.048131 0
6037.599950 0.062347 0
6040.959950 0.073786 0
6044.319950 0.077693 0
6047.679950 0.067995 0
6051.039950 0.049239 0
6054.399950 0.076217 0
6057.759950 0.078510 0
6061.119950 0.063759 0
6064.479950 0.061093 0
6067.839950 0.067833 0
6071.199949 0.081509 0
6074.559949 0.081595 0
6077.919949 0.069835 0
6081.279949 0.078250 0
6084.639949 0.070336 0
6087.999949 0.064997 0
6091.359949 0.084234 0
6094.719949 0.093571 0
6098.079949 0.076750 0
6101.439948 0.081334 0
6104.799948 0.076951 0
6108.159948 0.080492 0
6111.519948 0.094180 0
6114.879948 0.087214 0
6118.239948 0.084602 0
6121.599948 0.079326 0
6124.959948 0.094860 0
6128.319948 0.086030 0
6131.679948 0.088438 0
6135.039947 0.099319 0
6138.399947 0.100956 0
6141.759947 0.092791 0
6145.119947 0.077082 0
6148.479947 0.051645 0
6151.839947 0.070984 0
6155.199947 0.072840 0
6158.559947 0.041632 0
6161.919947 0.058954 0
6165.279947 0.063797 0
6168.639946 0.065728 0
6171.999946 0.055504 0
6175.359946 0.045000 0
6178.719946 0.049741 0
6182.079946 0.020646 0
6185.439946 0.040266 0
6188.799946 0.066084 0
6192.159946 0.033094 0
6195.519946 0.042898 0
6198.879945 0.049889 0
6202.239945 0.055238 0
6205.599945 0.057050 0
6208.959945 0.050794 0
6212.319945 0.049566 0
6215.679945 0.039694 0
6219.039945 0.057083 0
6222.399945 0.037691 0
6225.759945 0.038787 0
6229.119945 0.049584 0
6232.479944 0.048363 0
6235.839944 0.051391 0
6239.199944 0.025520 0
6242.559944 0.009718 0
6245.919944 0.020933 0
6249.279944 0.042237 0
6252.639944 0.034632 0
6255.999944 0.045952 0
6259.359944 0.052871 0
6262.719943 0.056923 0
6266.079943 0.066905 0
6269.439943 0.051931 0
6272.799943 0.031120 0
6276.159943 0.048060 0
6279.519943 0.049746 0
6282.879943 0.076636 0
6286.239943 0.055037 0
6289.599943 0.086868 0
6292.959943 0.102159 0
6296.319942 0.126142 0
6299.679942 0.080843 0
6303.039942 0.034406 0
6306.399942 0.013589 0
6309.759942 0.047974 0
6313.119942 0.078470 0
6316.479942 0.091530 0
6319.839942 0.085087 0
6323.199942 0.104415 0
6326.559941 0.087406 0
6329.919941 0.090488 0
6333.279941 0.079573 0
6336.639941 0.086700 0
6339.999941 0.111805 0
6343.359941 0.107103 0
6346.719941 0.118072 0
6350.079941 0.097317 0
6353.439941 0.076465 0
6356.799941 0.113113 0
6360.159940 0.103362 0
6363.519940 0.078220 0
6366.879940 0.104644 0
6370.239940 0.097594 0
6373.599940 0.097277 0
6376.959940 0.100751 0
6380.319940 0.101384 0
6383.679940 0.098186 0
6387.039940 0.067752 0
6390.399939 0.086273 0
6393.759939 0.099272 0
6397.119939 0.103331 0
6400.479939 0.115375 0
6403.839939 0.126261 0
6407.199939 0.113563 0
6410.559939 0.120794 0
6413.919939 0.127837 0
6417.279939 0.119915 0
6420.639939 0.101630 0
6423.999938 0.092421 0
6427.359938 0.125062 0
6430.719938 0.126050 0
6434.079938 0.118043 0
6437.439938 0.127240 0
6440.799938 0.129739 0
6444.159938 0.118551 0
6447.519938 0.102007 0
6450.879938 0.118381 0
6454.239937 0.142729 0
6457.599937 0.160187 0
6460.959937 0.129315 0
6464.319937 0.154950 0
6467.679937 0.149734 0
6471.039937 0.156374 0
6474.399937 0.131799 0
6477.759937 0.126570 0
6481.119937 0.125306 0
6484.479937 0.139713 0
6487.839936 0.142365 0
6491.199936 0.144912 0
6494.559936 0.156304 0
6497.919936 0.149691 0
6501.279936 0.132156 0
6504.639936 0.121030 0
6507.999936 0.152334 0
6511.359936 0.155890 0
6514.719936 0.180355 0
6518.079935 0.162856 0
6521.439935 0.150264 0
6524.799935 0.176139 0
6528.159935 0.171296 0
6531.519935 0.171976 0
6534.879935 0.171477 0
6538.239935 0.159117 0
6541.599935 0.169064 0
6544.959935 0.186670 0
6548.319935 0.149644 0
6551.679934 0.146909 0
6555.039934 0.173578 0
6558.399934 0.154018 0
6561.759934 0.156330 0
6565.119934 0.155379 0
6568.479934 0.146987 0
6571.839934 0.133137 0
6575.199934 0.158189 0
6578.559934 0.143106 0
6581.919933 0.120344 0
6585.279933 0.146222 0
6588.639933 0.141298 0
6591.999933 0.148358 0
6595.359933 0.151165 0
6598.719933 0.142979 0
6602.079933 0.126524 0
6605.439933 0.149757 0
6608.799933 0.144068 0
6612.159933 0.122812 0
6615.519932 0.127287 0
6618.879932 0.131048 0
6622.239932 0.119624 0
6625.599932 0.121418 0
6628.959932 0.116489 0
6632.319932 0.098799 0
6635.679932 0.092107 0
6639.039932 0.125450 0
6642.399932 0.146043 0
6645.759932 0.116290 0
6649.119931 0.108995 0
6652.479931 0.095398 0
6655.839931 0.107451 0
6659.199931 0.101126 0
6662.559931 0.103956 0
6665.919931 0.115416 0
6669.279931 0.116306 0
6672.639931 0.114010 0
6675.999931 0.080468 0
6679.359930 0.099212 0
6682.719930 0.088275 0
6686.079930 0.083928 0
6689.439930 0.092256 0
6692.799930 0.114380 0
6696.159930 0.103709 0
6699.519930 0.088208 0
6702.879930 0.109055 0
6706.239930 0.120972 0
6709.599930 0.107626 0
6712.959929 0.088699 0
6716.319929 0.100391 0
6719.679929 0.083381 0
6723.039929 0.085359 0
6726.399929 0.099981 0
6729.759929 0.091028 0
6733.119929 0.081905 0
6736.479929 0.101862 0
6739.839929 0.089012 0
6743.199928 0.089878 0
6746.559928 0.102677 0
6749.919928 0.105393 0
6753.279928 0.083389 0
6756.639928 0.111131 0
6759.999928 0.100619 0
6763.359928 0.112762 0
6766.719928 0.118039 0
6770.079928 0.094034 0
6773.439928 0.092503 0
6776.799927 0.109925 0
6780.159927 0.105916 0
6783.519927 0.080009 0
6786.879927 0.092984 0
6790.239927 0.097683 0
6793.599927 0.089939 0
6796.959927 0.101793 0
6800.319927 0.110511 0
6803.679927 0.093231 0
6807.039926 0.084220 0
6810.399926 0.108729 0
6813.759926 0.113388 0
6817.119926 0.099593 0
6820.479926 0.134276 0
6823.839926 0.096998 0
6827.199926 0.098615 0
6830.559926 0.083209 0
6833.919926 0.084611 0
6837.279926 0.079735 0
6840.639925 0.109091 0
6843.999925 0.103781 0
6847.359925 0.098624 0
6850.719925 0.078983 0
6854.079925 0.106426 0
6857.439925 0.116564 0
6860.799925 0.125189 0
6864.159925 0.107518 0
6867.519925 0.052625 0
6870.879924 0.062938 0
6874.239924 0.096816 0
6877.599924 0.064817 0
6880.959924 0.096279 0
6884.319924 0.111461 0
6887.679924 0.100132 0
6891.039924 0.099236 0
6894.399924 0.100296 0
6897.759924 0.104831 0
6901.119924 0.109009 0
6904.479923 0.109160 0
6907.839923 0.121821 0
6911.199923 0.124403 0
6914.559923 0.117310 0
6917.919923 0.138820 0
6921.279923 0.097442 0
6924.639923 0.150611 0
6927.999923 0.150845 0
6931.359923 0.136323 0
6934.719922 0.150180 0
6938.079922 0.187913 0
6941.439922 0.149147 0
6944.799922 0.169885 0
6948.159922 0.171958 0
6951.519922 0.147564 0
6954.879922 0.144427 0
6958.239922 0.157337 0
6961.599922 0.176451 0
6964.959922 0.178269 0
6968.319921 0.177838 0
6971.679921 0.177585 0
6975.039921 0.178633 0
6978.399921 0.176648 0
6981.759921 0.177230 0
6985.119921 0.175925 0
6988.479921 0.170915 0
6991.839921 0.178607 0
6995.199921 0.192251 0
6998.559920 0.184863 0
7001.919920 0.205655 0
7005.279920 0.192291 0
7008.639920 0.189994 0
7011.999920 0.197790 0
7015.359920 0.189123 0
7018.719920 0.199579 0
7022.079920 0.204196 0
7025.439920 0.185329 0
7028.799920 0.194304 0
7032.159919 0.231837 0
7035.519919 0.238939 0
7038.879919 0.266528 0
7042.239919 0.245483 0
7045.599919 0.235066 0
7048.959919 0.241593 0
7052.319919 0.201070 0
7055.679919 0.161389 0
7059.039919 0.150159 0
7062.399918 0.159180 0
7065.759918 0.145949 0
7069.119918 0.157212 0
7072.479918 0.155404 0
7075.839918 0.163496 0
7079.199918 0.167633 0
7082.559918 0.165100 0
7085.919918 0.147395 0
7089.279918 0.108870 0
7092.639918 0.093845 0
7095.999917 0.113776 0
7099.359917 0.130615 0
7102.719917 0.127005 0
7106.079917 0.125560 0
7109.439917 0.142971 0
7112.799917 0.148903 0
7116.159917 0.155435 0
7119.519917 0.165636 0
7122.879917 0.127709 0
7126.239916 0.105089 0
7129.599916 0.102683 0
7132.959916 0.098282 0
7136.319916 0.102753 0
7139.679916 0.105842 0
7143.039916 0.112387 0
7146.399916 0.118075 0
7149.759916 0.126097 0
7153.119916 0.126009 0
7156.479916 0.109257 0
7159.839915 0.118454 0
7163.199915 0.127439 0
7166.559915 0.131924 0
7169.919915 0.134572 0
7173.279915 0.124590 0
7176.639915 0.135402 0
7179.999915 0.129871 0
7183.359915 0.135670 0
7186.719915 0.133912 0
7190.079915 0.131812 0
7193.439914 0.126550 0
7196.799914 0.145022 0
7200.159914 0.141954 0
7203.519914 0.125296 0
7206.879914 0.143757 0
7210.239914 0.138182 0
7213.599914 0.135566 0
7216.959914 0.157611 0
7220.319914 0.157251 0
7223.679913 0.164427 0
7227.039913 0.161368 0
7230.399913 0.171025 0
7233.759913 0.173400 0
7237.119913 0.167126 0
7240.479913 0.150439 0
7243.839913 0.196575 0
7247.199913 0.191978 0
7250.559913 0.194483 0
7253.919913 0.186167 0
7257.279912 0.179998 0
7260.639912 0.206419 0
7263.999912 0.204487 0
7267.359912 0.221367 0
7270.719912 0.233125 0
7274.079912 0.198245 0
7277.439912 0.203779 0
7280.799912 0.167242 0
7284.159912 0.200087 0
7287.519911 0.207355 0
7290.879911 0.211126 0
7294.239911 0.224731 0
7297.599911 0.221367 0
7300.959911 0.235208 0
7304.319911 0.245483 0
7307.679911 0.240087 0
7311.039911 0.246381 0
7314.399911 0.267066 0
7317.759911 0.235239 0
7321.119910 0.235974 0
7324.479910 0.245685 0
7327.839910 0.278721 0
7331.199910 0.265451 0
7334.559910 0.291030 0
7337.919910 0.304794 0
7341.279910 0.302900 0
7344.639910 0.283751 0
7347.999910 0.263750 0
7351.359909 0.295500 0
7354.719909 0.281232 0
7358.079909 0.293616 0
7361.439909 0.242909 0
7364.799909 0.288804 0
7368.159909 0.312598 0
7371.519909 0.286448 0
7374.879909 0.291137 0
7378.239909 0.298478 0
7381.599909 0.318274 0
7384.959908 0.332696 0
7388.319908 0.315658 0
7391.679908 0.331088 0
7395.039908 0.287810 0
7398.399908 0.326035 0
7401.759908 0.328987 0
7405.119908 0.295719 0
7408.479908 0.282496 0
7411.839908 0.330578 0
7415.199907 0.321903 0
7418.559907 0.307911 0
7421.919907 0.299988 0
7425.279907 0.349803 0
7428.639907 0.349338 0
7431.999907 0.351955 0
7435.359907 0.349812 0
7438.719907 0.336632 0
7442.079907 0.331085 0
7445.439907 0.299476 0
7448.799906 0.312198 0
7452.159906 0.315499 0
7455.519906 0.301652 0
7458.879906 0.340484 0
7462.239906 0.338116 0
7465.599906 0.290223 0
7468.959906 0.337201 0
7472.319906 0.329998 0
7475.679906 0.328389 0
7479.039905 0.310004 0
7482.399905 0.323851 0
7485.759905 0.354194 0
7489.119905 0.361598 0
7492.479905 0.322024 0
7495.839905 0.317068 0
7499.199905 0.341501 0
7502.559905 0.349192 0
7505.919905 0.348735 0
7509.279905 0.357915 0
7512.639904 0.333272 0
7515.999904 0.324771 0
7519.359904 0.323785 0
7522.719904 0.304733 0
7526.079904 0.340492 0
7529.439904 0.327323 0
7532.799904 0.344457 0
7536.159904 0.347793 0
7539.519904 0.346575 0
7542.879903 0.366748 0
7546.239903 0.342102 0
7549.599903 0.345601 0
7552.959903 0.366425 0
7556.319903 0.366381 0
7559.679903 0.325727 0
7563.039903 0.358991 0
7566.399903 0.363115 0
7569.759903 0.381874 0
7573.119903 0.342110 0
7576.479902 0.356773 0
7579.839902 0.360787 0
7583.199902 0.342135 0
7586.559902 0.331312 0
7589.919902 0.293555 0
7593.279902 0.272235 0
7596.639902 0.249748 0
7599.999902 0.248341 0
7603.359902 0.187029 0
7606.719901 0.290711 0
7610.079901 0.341417 0
7613.439901 0.457319 0
7616.799901 0.395741 0
7620.159901 0.352603 0
7623.519901 0.333594 0
7626.879901 0.260856 0
7630.239901 0.288783 0
7633.599901 0.281011 0
7636.959901 0.277912 0
7640.319900 0.290914 0
7643.679900 0.310497 0
7647.039900 0.308009 0
7650.399900 0.283515 0
7653.759900 0.302102 0
7657.119900 0.301012 0
7660.479900 0.275583 0
7663.839900 0.187015 0
7667.199900 0.201534 0
7670.559900 0.193685 0
7673.919899 0.196491 0
7677.279899 0.203792 0
7680.639899 0.220977 0
7683.999899 0.246552 0
7687.359899 0.249685 0
7690.719899 0.233913 0
7694.079899 0.233570 0
7697.439899 0.221527 0
7700.799899 0.191938 0
7704.159898 0.209809 0
7707.519898 0.211416 0
7710.879898 0.223163 0
7714.239898 0.213932 0
7717.599898 0.229228 0
7720.959898 0.255961 0
7724.319898 0.248238 0
7727.679898 0.242370 0
7731.039898 0.257418 0
7734.399898 0.297419 0
7737.759897 0.278365 0
7741.119897 0.258918 0
7744.479897 0.228685 0
7747.839897 0.209074 0
7751.199897 0.220531 0
7754.559897 0.248308 0
7757.919897 0.234436 0
7761.279897 0.244268 0
7764.639897 0.239940 0
7767.999896 0.258899 0
7771.359896 0.246531 0
7774.719896 0.245884 0
7778.079896 0.277736 0
7781.439896 0.276039 0
7784.799896 0.222610 0
7788.159896 0.202483 0
7791.519896 0.241818 0
7794.879896 0.264964 0
7798.239896 0.260093 0
7801.599895 0.259132 0
7804.959895 0.282701 0
7808.319895 0.280508 0
7811.679895 0.258502 0
7815.039895 0.229440 0
7818.399895 0.264986 0
7821.759895 0.305056 0
7825.119895 0.205603 0
7828.479895 0.227768 0
7831.839894 0.253905 0
7835.199894 0.277068 0
7838.559894 0.262513 0
7841.919894 0.252512 0
7845.279894 0.246571 0
7848.639894 0.271951 0
7851.999894 0.294391 0
7855.359894 0.269940 0
7858.719894 0.297828 0
7862.079894 0.295025 0
7865.439893 0.269944 0
7868.799893 0.286004 0
7872.159893 0.278807 0
7875.519893 0.265473 0
7878.879893 0.334516 0
7882.239893 0.302214 0
7885.599893 0.303945 0
7888.959893 0.321490 0
7892.319893 0.336503 0
7895.679892 0.301507 0
7899.039892 0.308615 0
7902.399892 0.315572 0
7905.759892 0.255506 0
7909.119892 0.279211 0
7912.479892 0.318400 0
7915.839892 0.306936 0
7919.199892 0.302945 0
7922.559892 0.280119 0
7925.919892 0.258945 0
7929.279891 0.302101 0
7932.639891 0.357613 0
7935.999891 0.310298 0
7939.359891 0.310078 0
7942.719891 0.303839 0
7946.079891 0.306364 0
7949.439891 0.315031 0
7952.799891 0.335530 0
7956.159891 0.306168 0
7959.519890 0.284631 0
7962.879890 0.344707 0
7966.239890 0.337263 0
7969.599890 0.329278 0
7972.959890 0.344402 0
7976.319890 0.329852 0
7979.679890 0.333909 0
7983.039890 0.326601 0
7986.399890 0.322369 0
7989.759890 0.342379 0
7993.119889 0.345050 0
7996.479889 0.340010 0
7999.839889 0.316622 0
8003.199889 0.306418 0
8006.559889 0.334010 0
8009.919889 0.347154 0
8013.279889 0.383212 0
8016.639889 0.377996 0
8019.999889 0.372265 0
8023.359888 0.364996 0
8026.719888 0.349501 0
8030.079888 0.380116 0
8033.439888 0.376977 0
8036.799888 0.388661 0
8040.159888 0.351244 0
8043.519888 0.370262 0
8046.879888 0.400065 0
8050.239888 0.373092 0
8053.599888 0.384140 0
8056.959887 0.371304 0
8060.319887 0.419763 0
8063.679887 0.371124 0
8067.039887 0.412007 0
8070.399887 0.405442 0
8073.759887 0.404963 0
8077.119887 0.412095 0
8080.479887 0.398644 0
8083.839887 0.398452 0
8087.199886 0.385681 0
8090.559886 0.426723 0
8093.919886 0.431884 0
8097.279886 0.433292 0
8100.639886 0.419421 0
8103.999886 0.453657 0
8107.359886 0.408222 0
8110.719886 0.402874 0
8114.079886 0.404085 0
8117.439886 0.402214 0
8120.799885 0.406911 0
8124.159885 0.392189 0
8127.519885 0.421634 0
8130.879885 0.395945 0
8134.239885 0.398384 0
8137.599885 0.388430 0
8140.959885 0.412836 0
8144.319885 0.432655 0
8147.679885 0.422508 0
8151.039885 0.415407 0
8154.399884 0.433974 0
8157.759884 0.419544 0
8161.119884 0.407381 0
8164.479884 0.415355 0
8167.839884 0.438278 0
8171.199884 0.433000 0
8174.559884 0.426592 0
8177.919884 0.417892 0
8181.279884 0.360220 0
8184.639883 0.364867 0
8187.999883 0.372821 0
8191.359883 0.323008 0
8194.719883 0.368194 0
8198.079883 0.358229 0
8201.439883 0.353796 0
8204.799883 0.414804 0
8208.159883 0.445050 0
8211.519883 0.401098 0
8214.879883 0.371990 0
8218.239882 0.426091 0
8221.599882 0.414313 0
8224.959882 0.390923 0
8228.319882 0.434835 0
8231.679882 0.408997 0
8235.039882 0.424163 0
8238.399882 0.414290 0
8241.759882 0.431456 0
8245.119882 0.434717 0
8248.479881 0.424032 0
8251.839881 0.428283 0
8255.199881 0.437485 0
8258.559881 0.450968 0
8261.919881 0.448687 0
8265.279881 0.449233 0
8268.639881 0.379486 0
8271.999881 0.361255 0
8275.359881 0.390176 0
8278.719881 0.444632 0
8282.079880 0.376448 0
8285.439880 0.388885 0
8288.799880 0.392357 0
8292.159880 0.347805 0
8295.519880 0.369834 0
8298.879880 0.428321 0
8302.239880 0.407924 0
8305.599880 0.389113 0
8308.959880 0.398561 0
8312.319879 0.403653 0
8315.679879 0.427188 0
8319.039879 0.411504 0
8322.399879 0.397580 0
8325.759879 0.406904 0
8329.119879 0.406140 0
8332.479879 0.397585 0
8335.839879 0.394635 0
8339.199879 0.349950 0
8342.559879 0.404446 0
8345.919878 0.359967 0
8349.279878 0.358736 0
8352.639878 0.386213 0
8355.999878 0.396035 0
8359.359878 0.394266 0
8362.719878 0.385364 0
8366.079878 0.414175 0
8369.439878 0.403871 0
8372.799878 0.368243 0
8376.159877 0.423994 0
8379.519877 0.418049 0
8382.879877 0.400938 0
8386.239877 0.369358 0
8389.599877 0.409876 0
8392.959877 0.362176 0
8396.319877 0.395989 0
8399.679877 0.399238 0
8403.039877 0.388782 0
8406.399877 0.403858 0
8409.759876 0.384721 0
8413.119876 0.422471 0
8416.479876 0.387198 0
8419.839876 0.389242 0
8423.199876 0.393005 0
8426.559876 0.393862 0
8429.919876 0.392246 0
8433.279876 0.349705 0
8436.639876 0.298901 0
8439.999875 0.322610 0
8443.359875 0.386410 0
8446.719875 0.365882 0
8450.079875 0.341810 0
8453.439875 0.307414 0
8456.799875 0.347723 0
8460.159875 0.337283 0
8463.519875 0.357303 0
8466.879875 0.368281 0
8470.239875 0.354120 0
8473.599874 0.325382 0
8476.959874 0.354931 0
8480.319874 0.334156 0
8483.679874 0.369676 0
8487.039874 0.348698 0
8490.399874 0.328103 0
8493.759874 0.336612 0
8497.119874 0.331866 0
8500.479874 0.313739 0
8503.839873 0.359796 0
8507.199873 0.377667 0
8510.559873 0.342729 0
8513.919873 0.325844 0
8517.279873 0.333881 0
8520.639873 0.332541 0
8523.999873 0.337557 0
8527.359873 0.346848 0
8530.719873 0.359459 0
8534.079873 0.376539 0
8537.439872 0.361347 0
8540.799872 0.359226 0
8544.159872 0.336756 0
8547.519872 0.342999 0
8550.879872 0.378059 0
8554.239872 0.395399 0
8557.599872 0.389382 0
8560.959872 0.363067 0
8564.319872 0.364301 0
8567.679871 0.398979 0
8571.039871 0.373269 0
8574.399871 0.358310 0
8577.759871 0.358792 0
8581.119871 0.380660 0
8584.479871 0.372393 0
8587.839871 0.387686 0
8591.199871 0.377494 0
8594.559871 0.399480 0
8597.919871 0.391509 0
8601.279870 0.373780 0
8604.639870 0.369702 0
8607.999870 0.387922 0
8611.359870 0.377345 0
8614.719870 0.370638 0
8618.079870 0.389789 0
8621.439870 0.393741 0
8624.799870 0.410660 0
8628.159870 0.376739 0
8631.519870 0.373459 0
8634.879869 0.400828 0
8638.239869 0.341047 0
8641.599869 0.352897 0
8644.959869 0.373877 0
8648.319869 0.434774 0
8651.679869 0.391244 0
8655.039869 0.364518 0
8658.399869 0.323741 0
8661.759869 0.334484 0
8665.119868 0.362561 0
8668.479868 0.373790 0
8671.839868 0.390407 0
8675.199868 0.377309 0
8678.559868 0.439565 0
8681.919868 0.408671 0
8685.279868 0.361625 0
8688.639868 0.345550 0
8691.999868 0.386121 0
8695.359868 0.392658 0
8698.719867 0.409462 0
8702.079867 0.398009 0
8705.439867 0.391623 0
8708.799867 0.410584 0
8712.159867 0.421283 0
8715.519867 0.395751 0
8718.879867 0.399631 0
8722.239867 0.380375 0
8725.599867 0.380331 0
8728.959866 0.443027 0
8732.319866 0.415618 0
8735.679866 0.378439 0
8739.039866 0.396091 0
8742.399866 0.444821 0
8745.759866 0.409257 0
8749.119866 0.424441 0
8752.479866 0.428231 0
8755.839866 0.434365 0
8759.199866 0.421130 0
8762.559865 0.388666 0
8765.919865 0.409802 0
8769.279865 0.450596 0
8772.639865 0.433026 0
8775.999865 0.440582 0
8779.359865 0.367203 0
8782.719865 0.435338 0
8786.079865 0.458648 0
8789.439865 0.411670 0
8792.799864 0.418185 0
8796.159864 0.347409 0
8799.519864 0.447021 0
8802.879864 0.394642 0
8806.239864 0.442179 0
8809.599864 0.461127 0
8812.959864 0.456707 0
8816.319864 0.464356 0
8819.679864 0.465139 0
8823.039864 0.456921 0
8826.399863 0.505828 0
8829.759863 0.498279 0
8833.119863 0.411957 0
8836.479863 0.415415 0
8839.839863 0.429936 0
8843.199863 0.421838 0
8846.559863 0.457955 0
8849.919863 0.456967 0
8853.279863 0.457159 0
8856.639862 0.457584 0
8859.999862 0.452995 0
8863.359862 0.408238 0
8866.719862 0.384067 0
8870.079862 0.394268 0
8873.439862 0.385621 0
8876.799862 0.390229 0
8880.159862 0.389844 0
8883.519862 0.383614 0
8886.879862 0.385306 0
8890.239861 0.366167 0
8893.599861 0.370095 0
8896.959861 0.418519 0
8900.319861 0.444648 0
8903.679861 0.467891 0
8907.039861 0.469729 0
8910.399861 0.457216 0
8913.759861 0.414046 0
8917.119861 0.523343 0
8920.479860 0.435948 0
8923.839860 0.334498 0
8927.199860 0.349981 0
8930.559860 0.439674 0
8933.919860 0.442064 0
8937.279860 0.453546 0
8940.639860 0.480016 0
8943.999860 0.468754 0
8947.359860 0.453975 0
8950.719860 0.478625 0
8954.079859 0.393091 0
8957.439859 0.421955 0
8960.799859 0.524832 0
8964.159859 0.435569 0
8967.519859 0.394767 0
8970.879859 0.456569 0
8974.239859 0.467918 0
8977.599859 0.460074 0
8980.959859 0.458794 0
8984.319858 0.451257 0
8987.679858 0.420290 0
8991.039858 0.463278 0
8994.399858 0.501244 0
8997.759858 0.407722 0
9001.119858 0.452304 0
9004.479858 0.414467 0
9007.839858 0.403292 0
9011.199858 0.475720 0
9014.559858 0.507876 0
9017.919857 0.446491 0
9021.279857 0.434170 0
9024.639857 0.405478 0
9027.999857 0.461811 0
9031.359857 0.481944 0
9034.719857 0.509696 0
9038.079857 0.515295 0
9041.439857 0.486465 0
9044.799857 0.469346 0
9048.159856 0.474003 0
9051.519856 0.456025 0
9054.879856 0.479094 0
9058.239856 0.470050 0
9061.599856 0.475083 0
9064.959856 0.440179 0
9068.319856 0.463600 0
9071.679856 0.493728 0
9075.039856 0.477948 0
9078.399856 0.471006 0
9081.759855 0.488817 0
9085.119855 0.500884 0
9088.479855 0.446471 0
9091.839855 0.494175 0
9095.199855 0.516305 0
9098.559855 0.460606 0
9101.919855 0.507128 0
9105.279855 0.519852 0
9108.639855 0.502479 0
9111.999855 0.526719 0
9115.359854 0.540630 0
9118.719854 0.493445 0
9122.079854 0.505857 0
9125.439854 0.522711 0
9128.799854 0.479535 0
9132.159854 0.463221 0
9135.519854 0.502449 0
9138.879854 0.510151 0
9142.239854 0.490013 0
9145.599853 0.550324 0
9148.959853 0.515684 0
9152.319853 0.547406 0
9155.679853 0.527147 0
9159.039853 0.542727 0
9162.399853 0.534551 0
9165.759853 0.514364 0
9169.119853 0.521836 0
9172.479853 0.506360 0
9175.839853 0.544793 0
9179.199852 0.547468 0
9182.559852 0.552218 0
9185.919852 0.560891 0
9189.279852 0.559972 0
9192.639852 0.505746 0
9195.999852 0.564568 0
9199.359852 0.553716 0
9202.719852 0.554976 0
9206.079852 0.541063 0
9209.439851 0.508957 0
9212.799851 0.529270 0
9216.159851 0.499109 0
9219.519851 0.496741 0
9222.879851 0.492405 0
9226.239851 0.521413 0
9229.599851 0.551683 0
9232.959851 0.523084 0
9236.319851 0.494149 0
9239.679851 0.492996 0
9243.039850 0.491008 0
9246.399850 0.502881 0
9249.759850 0.495243 0
