# obs: 255763
# slit: 32
# z: 0.29452
# lines: K,H,H{beta}
# spec: 222
4451.680000 0.000000 1
4455.040000 0.000000 1
4458.400000 0.000000 1
4461.760000 0.000000 1
4465.120000 0.000000 1
4468.480000 0.000000 1
4471.840000 0.000000 1
4475.200000 0.005289 1
4478.560000 0.060026 1
4481.920000 0.027261 1
4485.280000 0.033309 1
4488.640000 0.041614 1
4492.000000 0.039131 1
4495.360000 0.026778 1
4498.720000 0.014575 1
4502.080000 0.009843 1
4505.440000 0.021792 1
4508.800000 0.037868 1
4512.160000 0.040578 0
4515.520000 0.027815 0
4518.880000 0.031148 0
4522.240000 0.044023 0
4525.600000 0.026608 0
4528.960000 0.017022 0
4532.320000 0.040009 0
4535.680000 0.048938 0
4539.040000 0.040076 0
4542.400000 0.043389 0
4545.760000 0.027866 0
4549.120000 0.048412 0
4552.480000 0.038514 0
4555.840000 0.020508 0
4559.200000 0.016416 0
4562.560000 0.017500 0
4565.920000 0.036183 0
4569.280000 0.041019 0
4572.640000 0.037808 0
4576.000000 0.050496 0
4579.360000 0.063784 0
4582.720000 0.040455 0
4586.080000 0.041839 0
4589.440000 0.039800 0
4592.800000 0.032636 0
4596.160000 0.021380 0
4599.520000 0.025698 0
4602.880000 0.025455 0
4606.240000 0.050682 0
4609.600000 0.028930 0
4612.960000 0.032311 0
4616.320000 0.034599 0
4619.680000 0.020964 0
4623.040000 0.022511 0
4626.400000 0.029808 0
4629.760000 0.011183 0
4633.120000 0.016174 0
4636.480000 0.035953 0
4639.840000 0.019255 0
4643.200000 0.015301 0
4646.560000 0.036071 0
4649.920000 0.044964 0
4653.280000 0.035253 0
4656.640000 0.036055 0
4660.000000 0.034577 0
4663.360000 0.037245 0
4666.720000 0.020320 0
4670.080000 0.018954 0
4673.440000 0.044297 0
4676.800000 0.048490 0
4680.160000 0.047681 0
4683.520000 0.050466 0
4686.880000 0.043182 0
4690.240000 0.052092 0
4693.600000 0.078896 0
4696.960000 0.062010 0
4700.320000 0.050578 0
4703.680000 0.038566 0
4707.040000 0.054598 0
4710.400000 0.057291 0
4713.760000 0.046635 0
4717.120000 0.041428 0
4720.480000 0.052913 0
4723.840000 0.047208 0
4727.200000 0.074941 0
4730.560000 0.056386 0
4733.920000 0.048232 0
4737.280000 0.066102 0
4740.640000 0.085474 0
4744.000000 0.068253 0
4747.360000 0.063829 0
4750.720000 0.060147 0
4754.080000 0.075324 0
4757.440000 0.070347 0
4760.800000 0.059953 0
4764.160000 0.061161 0
4767.520000 0.057173 0
4770.880000 0.068348 0
4774.240000 0.061370 0
4777.600000 0.064738 0
4780.960000 0.067728 0
4784.320000 0.062845 0
4787.680000 0.081050 0
4791.040000 0.081940 0
4794.400000 0.064998 0
4797.760000 0.050395 0
4801.120000 0.053524 0
4804.480000 0.072995 0
4807.840000 0.050313 0
4811.200000 0.066547 0
4814.560000 0.053866 0
4817.920000 0.051380 0
4821.280000 0.044061 0
4824.640000 0.063988 0
4828.000000 0.062435 0
4831.360000 0.055134 0
4834.720000 0.023533 0
4838.080000 0.038792 0
4841.440000 0.038483 0
4844.800000 0.052962 0
4848.160000 0.031666 0
4851.520000 0.038034 0
4854.880000 0.047482 0
4858.240000 0.030946 0
4861.600000 0.049787 0
4864.960000 0.065868 0
4868.320000 0.036746 0
4871.680000 0.028351 0
4875.040000 0.010454 0
4878.400000 0.014403 0
4881.760000 0.005158 0
4885.120000 0.034660 0
4888.480000 0.073205 0
4891.840000 0.075033 0
4895.200000 0.077478 0
4898.560000 0.076251 0
4901.920000 0.073255 0
4905.280000 0.068510 0
4908.640000 0.058031 0
4912.000000 0.059618 0
4915.360000 0.041421 0
4918.720000 0.041159 0
4922.080000 0.061198 0
4925.440000 0.067405 0
4928.800000 0.065700 0
4932.160000 0.061316 0
4935.520000 0.067205 0
4938.880000 0.061887 0
4942.240000 0.049024 0
4945.600000 0.040724 0
4948.960000 0.039332 0
4952.320000 0.045985 0
4955.680000 0.044938 0
4959.040000 0.045465 0
4962.400000 0.024679 0
4965.760000 0.032609 0
4969.120000 0.035980 0
4972.480000 0.037257 0
4975.840000 0.047404 0
4979.200000 0.049361 0
4982.560000 0.044327 0
4985.920000 0.038603 0
4989.280000 0.048699 0
4992.640000 0.044570 0
4996.000000 0.043957 0
4999.360000 0.035661 0
5002.720000 0.067506 0
5006.080000 0.048946 0
5009.440000 0.057003 0
5012.800000 0.054432 0
5016.160000 0.049961 0
5019.520000 0.037430 0
5022.880000 0.054841 0
5026.240000 0.048504 0
5029.600000 0.044751 0
5032.960000 0.048288 0
5036.320000 0.063506 0
5039.680000 0.069015 0
5043.040000 0.070594 0
5046.400000 0.088584 0
5049.760000 0.076210 0
5053.120000 0.078646 0
5056.480000 0.079833 0
5059.840000 0.075239 0
5063.200000 0.089357 0
5066.560000 0.095831 0
5069.920000 0.087695 0
5073.280000 0.081518 0
5076.640000 0.076866 0
5080.000000 0.077251 0
5083.360000 0.058311 0
5086.720000 0.043019 0
5090.080000 0.024866 0
5093.440000 0.027158 0
5096.800000 0.037057 0
5100.160000 0.041681 0
5103.520000 0.048504 0
5106.880000 0.064355 0
5110.240000 0.075500 0
5113.600000 0.074552 0
5116.960000 0.079705 0
5120.320000 0.091479 0
5123.680000 0.090047 0
5127.040000 0.072838 0
5130.400000 0.063805 0
5133.760000 0.049504 0
5137.120000 0.027730 0
5140.480000 0.021758 0
5143.840000 0.022803 0
5147.200000 0.052208 0
5150.560000 0.089916 0
5153.920000 0.087963 0
5157.280000 0.086757 0
5160.640000 0.094967 0
5164.000000 0.080012 0
5167.360000 0.087784 0
5170.720000 0.094934 0
5174.080000 0.112082 0
5177.440000 0.094509 0
5180.800000 0.107183 0
5184.160000 0.099437 0
5187.520000 0.079866 0
5190.880000 0.112247 0
5194.240000 0.100899 0
5197.600000 0.096813 0
5200.960000 0.125627 0
5204.320000 0.134531 0
5207.680000 0.125996 0
5211.040000 0.137158 0
5214.400000 0.112771 0
5217.760000 0.111016 0
5221.120000 0.101615 0
5224.480000 0.108824 0
5227.840000 0.116984 0
5231.200000 0.139568 0
5234.560000 0.111166 0
5237.920000 0.115627 0
5241.280000 0.131026 0
5244.640000 0.129886 0
5248.000000 0.112982 0
5251.360000 0.102904 0
5254.720000 0.110038 0
5258.080000 0.109640 0
5261.440000 0.108886 0
5264.800000 0.110284 0
5268.160000 0.101554 0
5271.520000 0.113543 0
5274.880000 0.120835 0
5278.240000 0.108040 0
5281.600000 0.120068 0
5284.960000 0.126063 0
5288.320000 0.123847 0
5291.680000 0.119473 0
5295.040000 0.120794 0
5298.400000 0.134051 0
5301.760000 0.124706 0
5305.120000 0.096784 0
5308.480000 0.093739 0
5311.840000 0.116160 0
5315.200000 0.097399 0
5318.560000 0.103801 0
5321.920000 0.112748 0
5325.280000 0.120803 0
5328.640000 0.123652 0
5332.000000 0.100121 0
5335.360000 0.106531 0
5338.720000 0.119866 0
5342.080000 0.120861 0
5345.440000 0.097594 0
5348.800000 0.115527 0
5352.160000 0.120761 0
5355.520000 0.099979 0
5358.880000 0.108973 0
5362.240000 0.117353 0
5365.600000 0.123417 0
5368.960000 0.098724 0
5372.320000 0.116296 0
5375.680000 0.090122 0
5379.040000 0.113900 0
5382.400000 0.098399 0
5385.760000 0.108759 0
5389.120000 0.122634 0
5392.480000 0.126078 0
5395.840000 0.124901 0
5399.200000 0.090745 0
5402.560000 0.120536 0
5405.920000 0.113870 0
5409.280000 0.110255 0
5412.640000 0.110768 0
5416.000000 0.097477 0
5419.360000 0.133304 0
5422.720000 0.132277 0
5426.080000 0.120328 0
5429.440000 0.124459 0
5432.800000 0.119915 0
5436.160000 0.104329 0
5439.520000 0.108692 0
5442.880000 0.120532 0
5446.240000 0.129937 0
5449.600000 0.142240 0
5452.960000 0.147999 0
5456.320000 0.133528 0
5459.680000 0.125781 0
5463.040000 0.140282 0
5466.400000 0.134331 0
5469.760000 0.120537 0
5473.120000 0.120594 0
5476.480000 0.116760 0
5479.840000 0.149742 0
5483.200000 0.141367 0
5486.560000 0.120822 0
5489.920000 0.124358 0
5493.280000 0.135467 0
5496.640000 0.151254 0
5500.000000 0.153650 0
5503.360000 0.150044 0
5506.720000 0.125429 0
5510.080000 0.121117 0
5513.440000 0.131387 0
5516.800000 0.140479 0
5520.160000 0.134675 0
5523.520000 0.120165 0
5526.880000 0.082909 0
5530.240000 0.067204 0
5533.600000 0.094755 0
5536.960000 0.124245 0
5540.320000 0.122503 0
5543.680000 0.139086 0
5547.040000 0.128061 0
5550.400000 0.081741 0
5553.760000 0.077702 0
5557.120000 0.081854 0
5560.480000 0.111798 0
5563.840000 0.118618 0
5567.200000 0.116437 1
5570.560000 0.097678 1
5573.920000 0.069785 1
5577.280000 0.058204 1
5580.640000 0.109157 1
5584.000000 0.097403 1
5587.360000 0.118073 1
5590.720000 0.133165 1
5594.080000 0.119639 1
5597.440000 0.104763 1
5600.800000 0.135176 0
5604.160000 0.149615 0
5607.520000 0.137413 0
5610.880000 0.171121 0
5614.240000 0.142170 0
5617.600000 0.121526 0
5620.960000 0.134833 0
5624.320000 0.151012 0
5627.680000 0.141299 0
5631.040000 0.143101 0
5634.400000 0.134173 0
5637.760000 0.136070 0
5641.120000 0.149982 0
5644.480000 0.163810 0
5647.840000 0.158023 0
5651.200000 0.157924 0
5654.560000 0.151794 0
5657.920000 0.164974 0
5661.280000 0.148742 0
5664.640000 0.142549 0
5668.000000 0.164446 0
5671.360000 0.131824 0
5674.720000 0.158500 0
5678.080000 0.102026 0
5681.440000 0.145535 0
5684.800000 0.152835 0
5688.160000 0.133193 0
5691.520000 0.179861 0
5694.880000 0.133855 0
5698.240000 0.160403 0
5701.600000 0.125137 0
5704.960000 0.145557 0
5708.320000 0.153470 0
5711.680000 0.169227 0
5715.040000 0.170186 0
5718.400000 0.173836 0
5721.760000 0.156724 0
5725.120000 0.178381 0
5728.480000 0.160469 0
5731.840000 0.160089 0
5735.200000 0.165091 0
5738.560000 0.164068 0
5741.920000 0.163608 0
5745.280000 0.174248 0
5748.640000 0.167847 0
5752.000000 0.159012 0
5755.360000 0.145550 0
5758.720000 0.162649 0
5762.080000 0.166393 0
5765.440000 0.164469 0
5768.800000 0.148519 0
5772.160000 0.153775 0
5775.520000 0.154239 0
5778.880000 0.169455 0
5782.240000 0.157403 0
5785.600000 0.125780 0
5788.960000 0.128676 0
5792.320000 0.170875 0
5795.680000 0.177626 0
5799.040000 0.181668 0
5802.400000 0.171449 0
5805.760000 0.168886 0
5809.120000 0.172950 0
5812.480000 0.175714 0
5815.840000 0.164952 0
5819.200000 0.165368 0
5822.560000 0.190152 0
5825.920000 0.196610 0
5829.280000 0.183775 0
5832.640000 0.207188 0
5836.000000 0.195821 0
5839.360000 0.181945 0
5842.720000 0.163877 0
5846.080000 0.139742 0
5849.440000 0.176001 0
5852.800000 0.156210 0
5856.160000 0.158090 0
5859.520000 0.150773 0
5862.880000 0.150937 0
5866.240000 0.127511 0
5869.600000 0.154169 0
5872.960000 0.178042 0
5876.320000 0.174671 0
5879.680000 0.197021 0
5883.040000 0.185302 0
5886.400000 0.147844 0
5889.760000 0.164120 0
5893.120000 0.157970 0
5896.480000 0.173738 0
5899.840000 0.189799 0
5903.200000 0.185746 0
5906.560000 0.204077 0
5909.920000 0.203594 0
5913.280000 0.187555 0
5916.640000 0.205597 0
5920.000000 0.204750 0
5923.360000 0.200531 0
5926.720000 0.201642 0
5930.080000 0.198526 0
5933.440000 0.190438 0
5936.800000 0.175413 0
5940.160000 0.201159 0
5943.520000 0.207652 0
5946.880000 0.209338 0
5950.240000 0.193097 0
5953.600000 0.189840 0
5956.960000 0.197956 0
5960.320000 0.208273 0
5963.680000 0.194199 0
5967.040000 0.213109 0
5970.400000 0.215361 0
5973.760000 0.176702 0
5977.120000 0.181895 0
5980.480000 0.203048 0
5983.840000 0.199253 0
5987.200000 0.192152 0
5990.560000 0.188367 0
5993.920000 0.222343 0
5997.280000 0.221898 0
6000.640000 0.205570 0
6004.000000 0.169850 0
6007.360000 0.175758 0
6010.720000 0.184223 0
6014.080000 0.187553 0
6017.440000 0.204138 0
6020.800000 0.194153 0
6024.160000 0.188973 0
6027.520000 0.206161 0
6030.880000 0.225514 0
6034.240000 0.229513 0
6037.600000 0.207362 0
6040.960000 0.201665 0
6044.320000 0.183048 0
6047.680000 0.192349 0
6051.040000 0.198474 0
6054.400000 0.195544 0
6057.760000 0.198139 0
6061.120000 0.209711 0
6064.480000 0.222322 0
6067.840000 0.202120 0
6071.200000 0.207998 0
6074.560000 0.213160 0
6077.920000 0.215345 0
6081.280000 0.208785 0
6084.640000 0.201115 0
6088.000000 0.186866 0
6091.360000 0.177497 0
6094.720000 0.196951 0
6098.080000 0.168221 0
6101.440000 0.198512 0
6104.800000 0.220434 0
6108.160000 0.173560 0
6111.520000 0.183559 0
6114.880000 0.196140 0
6118.240000 0.174230 0
6121.600000 0.178804 0
6124.960000 0.189126 0
6128.320000 0.190914 0
6131.680000 0.231190 0
6135.040000 0.224148 0
6138.400000 0.230317 0
6141.760000 0.201685 0
6145.120000 0.160653 0
6148.480000 0.169090 0
6151.840000 0.177787 0
6155.200000 0.218890 0
6158.560000 0.216613 0
6161.920000 0.203094 0
6165.280000 0.208152 0
6168.640000 0.198657 0
6172.000000 0.211850 0
6175.360000 0.220506 0
6178.720000 0.203861 0
6182.080000 0.207104 0
6185.440000 0.211606 0
6188.800000 0.232709 0
6192.160000 0.207455 0
6195.520000 0.192420 0
6198.880000 0.210036 0
6202.240000 0.189016 0
6205.600000 0.185650 0
6208.960000 0.183221 0
6212.320000 0.219601 0
6215.680000 0.225934 0
6219.040000 0.218430 0
6222.400000 0.208096 0
6225.760000 0.188719 0
6229.120000 0.194189 0
6232.480000 0.193533 0
6235.840000 0.208539 0
6239.200000 0.213241 0
6242.560000 0.206165 0
6245.920000 0.204571 0
6249.280000 0.204403 0
6252.640000 0.193880 0
6256.000000 0.189118 0
6259.360000 0.185528 0
6262.720000 0.181168 0
6266.080000 0.191633 0
6269.440000 0.201408 0
6272.800000 0.217077 0
6276.160000 0.191227 0
6279.520000 0.170568 0
6282.880000 0.175549 0
6286.240000 0.163661 0
6289.600000 0.170033 0
6292.960000 0.169518 0
6296.320000 0.174047 0
6299.680000 0.172976 0
6303.040000 0.172721 0
6306.400000 0.183132 0
6309.760000 0.178839 0
6313.120000 0.195550 0
6316.480000 0.193311 0
6319.840000 0.201995 0
6323.200000 0.199712 0
6326.560000 0.190395 0
6329.920000 0.187843 0
6333.280000 0.185649 0
6336.640000 0.210801 0
6340.000000 0.220653 0
6343.360000 0.214576 0
6346.720000 0.230375 0
6350.080000 0.235405 0
6353.440000 0.197150 0
6356.800000 0.201522 0
6360.160000 0.208640 0
6363.520000 0.209830 0
6366.880000 0.165476 0
6370.240000 0.178160 0
6373.600000 0.209176 0
6376.960000 0.186688 0
6380.320000 0.208700 0
6383.680000 0.216428 0
6387.040000 0.213084 0
6390.400000 0.208447 0
6393.760000 0.217314 0
6397.120000 0.213339 0
6400.480000 0.222889 0
6403.840000 0.226650 0
6407.200000 0.235722 0
6410.560000 0.237599 0
6413.920000 0.223533 0
6417.280000 0.221243 0
6420.640000 0.215427 0
6424.000000 0.200376 0
6427.360000 0.198523 0
6430.720000 0.228715 0
6434.080000 0.210326 0
6437.440000 0.192073 0
6440.800000 0.205637 0
6444.160000 0.206311 0
6447.520000 0.193224 0
6450.880000 0.184336 0
6454.240000 0.206810 0
6457.600000 0.221199 0
6460.960000 0.210936 0
6464.320000 0.212579 0
6467.680000 0.195718 0
6471.040000 0.194298 0
6474.400000 0.223914 0
6477.760000 0.222816 0
6481.120000 0.196755 0
6484.480000 0.175589 0
6487.840000 0.170010 0
6491.200000 0.186184 0
6494.560000 0.194542 0
6497.920000 0.203585 0
6501.280000 0.202591 0
6504.640000 0.206411 0
6508.000000 0.180190 0
6511.360000 0.186138 0
6514.720000 0.196635 0
6518.080000 0.175802 0
6521.440000 0.125139 0
6524.800000 0.118466 0
6528.160000 0.140517 0
6531.520000 0.174362 0
6534.880000 0.185693 0
6538.240000 0.205843 0
6541.600000 0.218282 0
6544.960000 0.215970 0
6548.320000 0.204467 0
6551.680000 0.156359 0
6555.040000 0.151153 0
6558.400000 0.166948 0
6561.760000 0.148183 0
6565.120000 0.172393 0
6568.480000 0.166651 0
6571.840000 0.182160 0
6575.200000 0.194223 0
6578.560000 0.162596 0
6581.920000 0.148817 0
6585.280000 0.185479 0
6588.640000 0.180923 0
6592.000000 0.163162 0
6595.360000 0.128567 0
6598.720000 0.128484 0
6602.080000 0.145443 0
6605.440000 0.164557 0
6608.800000 0.169292 0
6612.160000 0.160867 0
6615.520000 0.153425 0
6618.880000 0.128488 0
6622.240000 0.124610 0
6625.600000 0.154485 0
6628.960000 0.175338 0
6632.320000 0.204815 0
6635.680000 0.167604 0
6639.040000 0.166617 0
6642.400000 0.143468 0
6645.760000 0.124789 0
6649.120000 0.128894 0
6652.480000 0.136629 0
6655.840000 0.151875 0
6659.200000 0.201205 0
6662.560000 0.200509 0
6665.920000 0.192932 0
6669.280000 0.190344 0
6672.640000 0.158719 0
6676.000000 0.137539 0
6679.360000 0.142351 0
6682.720000 0.144545 0
6686.080000 0.143038 0
6689.440000 0.139135 0
6692.800000 0.180344 0
6696.160000 0.160783 0
6699.520000 0.158929 0
6702.880000 0.186821 0
6706.240000 0.169749 0
6709.600000 0.147305 0
6712.960000 0.154529 0
6716.320000 0.147214 0
6719.680000 0.147385 0
6723.040000 0.172461 0
6726.400000 0.193898 0
6729.760000 0.211882 0
6733.120000 0.204590 0
6736.480000 0.195185 0
6739.840000 0.164851 0
6743.200000 0.183595 0
6746.560000 0.173365 0
6749.920000 0.163582 0
6753.280000 0.170879 0
6756.640000 0.163431 0
6760.000000 0.148963 0
6763.360000 0.150418 0
6766.720000 0.185550 0
6770.080000 0.215234 0
6773.440000 0.229012 0
6776.800000 0.229926 0
6780.160000 0.221997 0
6783.520000 0.218548 0
6786.880000 0.157204 0
6790.240000 0.210239 0
6793.600000 0.237177 0
6796.960000 0.189664 0
6800.320000 0.177721 0
6803.680000 0.163243 0
6807.040000 0.183813 0
6810.400000 0.181068 0
6813.760000 0.205547 0
6817.120000 0.217550 0
6820.480000 0.197308 0
6823.840000 0.211668 0
6827.200000 0.219655 0
6830.560000 0.229573 0
6833.920000 0.199491 0
6837.280000 0.192553 0
6840.640000 0.193296 0
6844.000000 0.203526 0
6847.360000 0.210115 0
6850.720000 0.201761 0
6854.080000 -0.026622 0
6857.440000 0.232443 0
6860.800000 0.228819 0
6864.160000 0.192921 0
6867.520000 0.175958 0
6870.880000 0.158208 0
6874.240000 0.162194 0
6877.600000 0.199113 0
6880.960000 0.190384 0
6884.320000 0.199454 0
6887.680000 0.223214 0
6891.040000 0.195070 0
6894.400000 0.187629 0
6897.760000 0.178221 0
6901.120000 0.188920 0
6904.480000 0.208080 0
6907.840000 0.211033 0
6911.200000 0.228672 0
6914.560000 0.180293 0
6917.920000 0.193494 0
6921.280000 0.230325 0
6924.640000 0.220482 0
6928.000000 0.213080 0
6931.360000 0.236525 0
6934.720000 0.247586 0
6938.080000 0.221023 0
6941.440000 0.238110 0
6944.800000 0.237308 0
6948.160000 0.216091 0
6951.520000 0.188190 0
6954.880000 0.193837 0
6958.240000 0.231979 0
6961.600000 0.252896 0
6964.960000 0.250006 0
6968.320000 0.252957 0
6971.680000 0.240484 0
6975.040000 0.229822 0
6978.400000 0.235941 0
6981.760000 0.226984 0
6985.120000 0.188866 0
6988.480000 0.152458 0
6991.840000 0.153603 0
6995.200000 0.152835 0
6998.560000 0.161099 0
7001.920000 0.148095 0
7005.280000 0.163569 0
7008.640000 0.182804 0
7012.000000 0.226167 0
7015.360000 0.255416 0
7018.720000 0.226815 0
7022.080000 0.216289 0
7025.440000 0.146092 0
7028.800000 0.158287 0
7032.160000 0.156605 0
7035.520000 0.141344 0
7038.880000 0.139737 0
7042.240000 0.177027 0
7045.600000 0.199828 0
7048.960000 0.239176 0
7052.320000 0.228876 0
7055.680000 0.146264 0
7059.040000 0.127606 0
7062.400000 0.184865 0
7065.760000 0.189657 0
7069.120000 0.184050 0
7072.480000 0.146271 0
7075.840000 0.148545 0
7079.200000 0.180597 0
7082.560000 0.195188 0
7085.920000 0.189353 0
7089.280000 0.183669 0
7092.640000 0.132255 0
7096.000000 0.146154 0
7099.360000 0.106621 0
7102.720000 0.130982 0
7106.080000 0.155430 0
7109.440000 0.177589 0
7112.800000 0.217649 0
7116.160000 0.217659 0
7119.520000 0.198270 0
7122.880000 0.184713 0
7126.240000 0.143828 0
7129.600000 0.139075 0
7132.960000 0.144921 0
7136.320000 0.156287 0
7139.680000 0.179938 0
7143.040000 0.185050 0
7146.400000 0.194296 0
7149.760000 0.202138 0
7153.120000 0.163771 0
7156.480000 0.158461 0
7159.840000 0.174321 0
7163.200000 0.172458 0
7166.560000 0.184459 0
7169.920000 0.180057 0
7173.280000 0.157795 0
7176.640000 0.166487 0
7180.000000 0.196417 0
7183.360000 0.191999 0
7186.720000 0.170408 0
7190.080000 0.139254 0
7193.440000 0.128290 0
7196.800000 0.097981 0
7200.160000 0.108334 0
7203.520000 0.158849 0
7206.880000 0.181986 0
7210.240000 0.174268 0
7213.600000 0.155775 0
7216.960000 0.132035 0
7220.320000 0.187663 0
7223.680000 0.219589 0
7227.040000 0.199858 0
7230.400000 0.181583 0
7233.760000 0.232530 0
7237.120000 0.244505 0
7240.480000 0.185514 0
7243.840000 0.120350 0
7247.200000 0.136814 0
7250.560000 0.149865 0
7253.920000 0.146968 0
7257.280000 0.146957 0
7260.640000 0.172253 0
7264.000000 0.190904 0
7267.360000 0.180018 0
7270.720000 0.132472 0
7274.080000 0.087230 0
7277.440000 0.026857 0
7280.800000 -0.009225 0
7284.160000 -0.104358 0
7287.520000 0.035768 0
7290.880000 0.071791 0
7294.240000 0.102045 0
7297.600000 0.112276 0
7300.960000 0.453821 0
7304.320000 0.232140 0
7307.680000 0.112656 0
7311.040000 0.137122 0
7314.400000 0.167837 0
7317.760000 0.213289 0
7321.120000 0.211835 0
7324.480000 0.225258 0
7327.840000 0.222683 0
7331.200000 0.219501 0
7334.560000 0.202180 0
7337.920000 0.204279 0
7341.280000 0.220204 0
7344.640000 0.224719 0
7348.000000 0.238729 0
7351.360000 0.232297 0
7354.720000 0.000000 1
7358.080000 0.000000 1
7361.440000 0.000000 1
7364.800000 0.000000 1
7368.160000 0.000000 1
7371.520000 0.000000 1
7374.880000 0.000000 1
7378.240000 0.000000 1
7381.600000 0.000000 1
7384.960000 0.000000 1
7388.320000 0.000000 1
7391.680000 0.000000 1
7395.040000 0.000000 1
7398.400000 0.000000 1
7401.760000 0.000000 1
7405.120000 0.000000 1
7408.480000 0.000000 1
7411.840000 0.000000 1
7415.200000 0.000000 1
7418.560000 0.000000 1
7421.920000 0.000000 1
7425.280000 0.000000 1
7428.640000 0.000000 1
7432.000000 0.000000 1
7435.360000 0.000000 1
7438.720000 0.000000 1
7442.080000 0.000000 1
7445.440000 0.000000 1
7448.800000 0.000000 1
7452.160000 0.000000 1
7455.520000 0.000000 1
7458.880000 0.000000 1
7462.240000 0.000000 1
7465.600000 0.000000 1
7468.960000 0.000000 1
7472.320000 0.000000 1
7475.680000 0.000000 1
7479.040000 0.000000 1
7482.400000 0.000000 1
7485.760000 0.000000 1
7489.120000 0.000000 1
7492.480000 0.000000 1
7495.840000 0.000000 1
7499.200000 0.000000 1
7502.560000 0.000000 1
7505.920000 0.000000 1
7509.280000 0.000000 1
7512.640000 0.000000 1
7516.000000 0.000000 1
7519.360000 0.000000 1
7522.720000 0.000000 1
7526.080000 0.000000 1
7529.440000 0.000000 1
7532.800000 0.000000 1
7536.160000 0.000000 1
7539.520000 0.000000 1
7542.880000 0.000000 1
7546.240000 0.000000 1
7549.600000 0.000000 1
7552.960000 0.000000 1
7556.320000 0.000000 1
7559.680000 0.000000 1
7563.040000 0.000000 1
7566.400000 0.000000 1
7569.760000 0.000000 1
7573.120000 0.000000 1
7576.480000 0.000000 1
7579.840000 0.000000 1
7583.200000 0.000000 1
7586.560000 0.000000 1
7589.920000 0.000000 1
7593.280000 0.000000 1
7596.640000 0.000000 1
7600.000000 0.000000 1
7603.360000 0.000000 1
7606.720000 0.000000 1
7610.080000 0.000000 1
7613.440000 0.000000 1
7616.800000 0.000000 1
7620.160000 0.000000 1
7623.520000 0.000000 1
7626.880000 0.000000 1
7630.240000 0.000000 1
7633.600000 0.000000 1
7636.960000 0.000000 1
7640.320000 0.000000 1
7643.680000 0.000000 1
7647.040000 0.000000 1
7650.400000 0.000000 1
7653.760000 0.000000 1
7657.120000 0.000000 1
7660.480000 0.000000 1
7663.840000 0.000000 1
7667.200000 0.000000 1
7670.560000 0.000000 1
7673.920000 0.000000 1
7677.280000 0.000000 1
7680.640000 0.000000 1
7684.000000 0.000000 1
7687.360000 0.000000 1
7690.720000 0.000000 1
7694.080000 0.000000 1
7697.440000 0.000000 1
7700.800000 0.000000 1
7704.160000 0.000000 1
7707.520000 0.000000 1
7710.880000 0.000000 1
7714.240000 0.000000 1
7717.600000 0.000000 1
7720.960000 0.000000 1
7724.320000 0.000000 1
7727.680000 0.000000 1
7731.040000 0.000000 1
7734.400000 0.000000 1
7737.760000 0.000000 1
7741.120000 0.000000 1
7744.480000 0.000000 1
7747.840000 0.000000 1
7751.200000 0.000000 1
7754.560000 0.000000 1
7757.920000 0.000000 1
7761.280000 0.000000 1
7764.640000 0.000000 1
7768.000000 0.000000 1
7771.360000 0.000000 1
7774.720000 0.000000 1
7778.080000 0.000000 1
7781.440000 0.000000 1
7784.800000 0.000000 1
7788.160000 0.000000 1
7791.520000 0.000000 1
7794.880000 0.000000 1
7798.240000 0.000000 1
7801.600000 0.000000 1
7804.960000 0.000000 1
7808.320000 0.000000 1
7811.680000 0.000000 1
7815.040000 0.000000 1
7818.400000 0.000000 1
7821.760000 0.000000 1
7825.120000 0.000000 1
7828.480000 0.000000 1
7831.840000 0.000000 1
7835.200000 0.000000 1
7838.560000 0.000000 1
7841.920000 0.000000 1
7845.280000 0.000000 1
7848.640000 0.000000 1
7852.000000 0.000000 1
7855.360000 0.000000 1
7858.720000 0.000000 1
7862.080000 0.000000 1
7865.440000 0.000000 1
7868.800000 0.000000 1
7872.160000 0.000000 1
7875.520000 0.000000 1
7878.880000 0.000000 1
7882.240000 0.000000 1
7885.600000 0.000000 1
7888.960000 0.000000 1
7892.320000 0.000000 1
7895.680000 0.000000 1
7899.040000 0.000000 1
7902.400000 0.000000 1
7905.760000 0.000000 1
7909.120000 0.000000 1
7912.480000 0.000000 1
7915.840000 0.000000 1
7919.200000 0.000000 1
7922.560000 0.000000 1
7925.920000 0.000000 1
7929.280000 0.000000 1
7932.640000 0.000000 1
7936.000000 0.000000 1
7939.360000 0.000000 1
7942.720000 0.000000 1
7946.080000 0.000000 1
7949.440000 0.000000 1
7952.800000 0.000000 1
7956.160000 0.000000 1
7959.520000 0.000000 1
7962.880000 0.000000 1
7966.240000 0.000000 1
7969.600000 0.000000 1
7972.960000 0.000000 1
7976.320000 0.000000 1
7979.680000 0.000000 1
7983.040000 0.000000 1
7986.400000 0.000000 1
7989.760000 0.000000 1
7993.120000 0.000000 1
7996.480000 0.000000 1
7999.840000 0.000000 1
8003.200000 0.000000 1
8006.560000 0.000000 1
8009.920000 0.000000 1
8013.280000 0.000000 1
8016.640000 0.000000 1
8020.000000 0.000000 1
8023.360000 0.000000 1
8026.720000 0.000000 1
8030.080000 0.000000 1
8033.440000 0.000000 1
8036.800000 0.000000 1
8040.160000 0.000000 1
8043.520000 0.000000 1
8046.880000 0.000000 1
8050.240000 0.000000 1
8053.600000 0.000000 1
8056.960000 0.000000 1
8060.320000 0.000000 1
8063.680000 0.000000 1
8067.040000 0.000000 1
8070.400000 0.000000 1
8073.760000 0.000000 1
8077.120000 0.000000 1
8080.480000 0.000000 1
8083.840000 0.000000 1
8087.200000 0.000000 1
8090.560000 0.000000 1
8093.920000 0.000000 1
8097.280000 0.000000 1
8100.640000 0.000000 1
8104.000000 0.000000 1
8107.360000 0.000000 1
8110.720000 0.000000 1
8114.080000 0.000000 1
8117.440000 0.000000 1
8120.800000 0.000000 1
8124.160000 0.000000 1
8127.520000 0.000000 1
8130.880000 0.000000 1
8134.240000 0.000000 1
8137.600000 0.000000 1
8140.960000 0.000000 1
8144.320000 0.000000 1
8147.680000 0.000000 1
8151.040000 0.000000 1
8154.400000 0.000000 1
8157.760000 0.000000 1
8161.120000 0.000000 1
8164.480000 0.000000 1
8167.840000 0.000000 1
8171.200000 0.000000 1
8174.560000 0.000000 1
8177.920000 0.000000 1
8181.280000 0.000000 1
8184.640000 0.000000 1
8188.000000 0.000000 1
8191.360000 0.000000 1
8194.720000 0.000000 1
8198.080000 0.000000 1
8201.440000 0.000000 1
8204.800000 0.000000 1
8208.160000 0.000000 1
8211.520000 0.000000 1
8214.880000 0.000000 1
8218.240000 0.000000 1
8221.600000 0.000000 1
8224.960000 0.000000 1
8228.320000 0.000000 1
8231.680000 0.000000 1
8235.040000 0.000000 1
8238.400000 0.000000 1
8241.760000 0.000000 1
8245.120000 0.000000 1
8248.480000 0.000000 1
8251.840000 0.000000 1
8255.200000 0.000000 1
8258.560000 0.000000 1
8261.920000 0.000000 1
8265.280000 0.000000 1
8268.640000 0.000000 1
8272.000000 0.000000 1
8275.360000 0.000000 1
8278.720000 0.000000 1
8282.080000 0.000000 1
8285.440000 0.000000 1
8288.800000 0.000000 1
8292.160000 0.000000 1
8295.520000 0.000000 1
8298.880000 0.000000 1
8302.240000 0.000000 1
8305.600000 0.000000 1
8308.960000 0.000000 1
8312.320000 0.000000 1
8315.680000 0.000000 1
8319.040000 0.000000 1
8322.400000 0.000000 1
8325.760000 0.000000 1
8329.120000 0.000000 1
8332.480000 0.000000 1
8335.840000 0.000000 1
8339.200000 0.000000 1
8342.560000 0.000000 1
8345.920000 0.000000 1
8349.280000 0.000000 1
8352.640000 0.000000 1
8356.000000 0.000000 1
8359.360000 0.000000 1
8362.720000 0.000000 1
8366.080000 0.000000 1
8369.440000 0.000000 1
8372.800000 0.000000 1
8376.160000 0.000000 1
8379.520000 0.000000 1
8382.880000 0.000000 1
8386.240000 0.000000 1
8389.600000 0.000000 1
8392.960000 0.000000 1
8396.320000 0.000000 1
8399.680000 0.000000 1
8403.040000 0.000000 1
8406.400000 0.000000 1
8409.760000 0.000000 1
8413.120000 0.000000 1
8416.480000 0.000000 1
8419.840000 0.000000 1
8423.200000 0.000000 1
8426.560000 0.000000 1
8429.920000 0.000000 1
8433.280000 0.000000 1
8436.640000 0.000000 1
8440.000000 0.000000 1
8443.360000 0.000000 1
8446.720000 0.000000 1
8450.080000 0.000000 1
8453.440000 0.000000 1
8456.800000 0.000000 1
8460.160000 0.000000 1
8463.520000 0.000000 1
8466.880000 0.000000 1
8470.240000 0.000000 1
8473.600000 0.000000 1
8476.960000 0.000000 1
8480.320000 0.000000 1
8483.680000 0.000000 1
8487.040000 0.000000 1
8490.400000 0.000000 1
8493.760000 0.000000 1
8497.120000 0.000000 1
8500.480000 0.000000 1
8503.840000 0.000000 1
8507.200000 0.000000 1
8510.560000 0.000000 1
8513.920000 0.000000 1
8517.280000 0.000000 1
8520.640000 0.000000 1
8524.000000 0.000000 1
8527.360000 0.000000 1
8530.720000 0.000000 1
8534.080000 0.000000 1
8537.440000 0.000000 1
8540.800000 0.000000 1
8544.160000 0.000000 1
8547.520000 0.000000 1
8550.880000 0.000000 1
8554.240000 0.000000 1
8557.600000 0.000000 1
8560.960000 0.000000 1
8564.320000 0.000000 1
8567.680000 0.000000 1
8571.040000 0.000000 1
8574.400000 0.000000 1
8577.760000 0.000000 1
8581.120000 0.000000 1
8584.480000 0.000000 1
8587.840000 0.000000 1
8591.200000 0.000000 1
8594.560000 0.000000 1
8597.920000 0.000000 1
8601.280000 0.000000 1
8604.640000 0.000000 1
8608.000000 0.000000 1
8611.360000 0.000000 1
8614.720000 0.000000 1
8618.080000 0.000000 1
8621.440000 0.000000 1
8624.800000 0.000000 1
8628.160000 0.000000 1
8631.520000 0.000000 1
8634.880000 0.000000 1
8638.240000 0.000000 1
8641.600000 0.000000 1
8644.960000 0.000000 1
8648.320000 0.000000 1
8651.680000 0.000000 1
8655.040000 0.000000 1
8658.400000 0.000000 1
8661.760000 0.000000 1
8665.120000 0.000000 1
8668.480000 0.000000 1
8671.840000 0.000000 1
8675.200000 0.000000 1
8678.560000 0.000000 1
8681.920000 0.000000 1
8685.280000 0.000000 1
8688.640000 0.000000 1
8692.000000 0.000000 1
8695.360000 0.000000 1
8698.720000 0.000000 1
8702.080000 0.000000 1
8705.440000 0.000000 1
8708.800000 0.000000 1
8712.160000 0.000000 1
8715.520000 0.000000 1
8718.880000 0.000000 1
8722.240000 0.000000 1
8725.600000 0.000000 1
8728.960000 0.000000 1
8732.320000 0.000000 1
8735.680000 0.000000 1
8739.040000 0.000000 1
8742.400000 0.000000 1
8745.760000 0.000000 1
8749.120000 0.000000 1
8752.480000 0.000000 1
8755.840000 0.000000 1
8759.200000 0.000000 1
8762.560000 0.000000 1
8765.920000 0.000000 1
8769.280000 0.000000 1
8772.640000 0.000000 1
8776.000000 0.000000 1
8779.360000 0.000000 1
8782.720000 0.000000 1
8786.080000 0.000000 1
8789.440000 0.000000 1
8792.800000 0.000000 1
8796.160000 0.000000 1
8799.520000 0.000000 1
8802.880000 0.000000 1
8806.240000 0.000000 1
8809.600000 0.000000 1
8812.960000 0.000000 1
8816.320000 0.000000 1
8819.680000 0.000000 1
8823.040000 0.000000 1
8826.400000 0.000000 1
8829.760000 0.000000 1
8833.120000 0.000000 1
8836.480000 0.000000 1
8839.840000 0.000000 1
8843.200000 0.000000 1
8846.560000 0.000000 1
8849.920000 0.000000 1
8853.280000 0.000000 1
8856.640000 0.000000 1
8860.000000 0.000000 1
8863.360000 0.000000 1
8866.720000 0.000000 1
8870.080000 0.000000 1
8873.440000 0.000000 1
8876.800000 0.000000 1
8880.160000 0.000000 1
8883.520000 0.000000 1
8886.880000 0.000000 1
8890.240000 0.000000 1
8893.600000 0.000000 1
8896.960000 0.000000 1
8900.320000 0.000000 1
8903.680000 0.000000 1
8907.040000 0.000000 1
8910.400000 0.000000 1
8913.760000 0.000000 1
8917.120000 0.000000 1
8920.480000 0.000000 1
8923.840000 0.000000 1
8927.200000 0.000000 1
8930.560000 0.000000 1
8933.920000 0.000000 1
8937.280000 0.000000 1
8940.640000 0.000000 1
8944.000000 0.000000 1
8947.360000 0.000000 1
8950.720000 0.000000 1
8954.080000 0.000000 1
8957.440000 0.000000 1
8960.800000 0.000000 1
8964.160000 0.000000 1
8967.520000 0.000000 1
8970.880000 0.000000 1
8974.240000 0.000000 1
8977.600000 0.000000 1
8980.960000 0.000000 1
8984.320000 0.000000 1
8987.680000 0.000000 1
8991.040000 0.000000 1
8994.400000 0.000000 1
8997.760000 0.000000 1
9001.120000 0.000000 1
9004.480000 0.000000 1
9007.840000 0.000000 1
9011.200000 0.000000 1
9014.560000 0.000000 1
9017.920000 0.000000 1
9021.280000 0.000000 1
9024.640000 0.000000 1
9028.000000 0.000000 1
9031.360000 0.000000 1
9034.720000 0.000000 1
9038.080000 0.000000 1
9041.440000 0.000000 1
9044.800000 0.000000 1
9048.160000 0.000000 1
9051.520000 0.000000 1
9054.880000 0.000000 1
9058.240000 0.000000 1
9061.600000 0.000000 1
9064.960000 0.000000 1
9068.320000 0.000000 1
9071.680000 0.000000 1
9075.040000 0.000000 1
9078.400000 0.000000 1
9081.760000 0.000000 1
9085.120000 0.000000 1
9088.480000 0.000000 1
9091.840000 0.000000 1
9095.200000 0.000000 1
9098.560000 0.000000 1
9101.920000 0.000000 1
9105.280000 0.000000 1
9108.640000 0.000000 1
9112.000000 0.000000 1
9115.360000 0.000000 1
9118.720000 0.000000 1
9122.080000 0.000000 1
9125.440000 0.000000 1
9128.800000 0.000000 1
9132.160000 0.000000 1
9135.520000 0.000000 1
9138.880000 0.000000 1
9142.240000 0.000000 1
9145.600000 0.000000 1
9148.960000 0.000000 1
9152.320000 0.000000 1
9155.680000 0.000000 1
9159.040000 0.000000 1
9162.400000 0.000000 1
9165.760000 0.000000 1
9169.120000 0.000000 1
9172.480000 0.000000 1
9175.840000 0.000000 1
9179.200000 0.000000 1
9182.560000 0.000000 1
9185.920000 0.000000 1
9189.280000 0.000000 1
9192.640000 0.000000 1
9196.000000 0.000000 1
9199.360000 0.000000 1
9202.720000 0.000000 1
9206.080000 0.000000 1
9209.440000 0.000000 1
9212.800000 0.000000 1
9216.160000 0.000000 1
9219.520000 0.000000 1
9222.880000 0.000000 1
9226.240000 0.000000 1
9229.600000 0.000000 1
9232.960000 0.000000 1
9236.320000 0.000000 1
9239.680000 0.000000 1
9243.040000 0.000000 1
9246.400000 0.000000 1
9249.760000 0.000000 1
