# obs: 255726
# slit: 37
# z: 0.43607
# lines: K,H,4000{AA}-break,G
# spec: 529
5152.370000 0.000000 1
5154.030000 0.000000 1
5155.690000 0.000000 1
5157.350000 0.000000 1
5159.010000 0.000000 1
5160.670000 0.000000 1
5162.330000 0.000000 1
5163.990000 0.000000 1
5165.650000 0.000000 1
5167.310000 0.000000 1
5168.970000 0.000000 1
5170.630000 0.000000 1
5172.290000 0.000000 1
5173.950000 0.000000 1
5175.610000 0.000000 1
5177.270000 0.000000 1
5178.930000 0.000000 1
5180.590000 0.000000 1
5182.250000 0.000000 1
5183.910000 0.000000 1
5185.570000 0.000000 1
5187.230000 0.000000 1
5188.890000 0.000000 1
5190.550000 0.000000 1
5192.210000 0.000000 1
5193.870000 0.000000 1
5195.530000 0.000000 1
5197.190000 0.000000 1
5198.850000 0.000000 1
5200.510000 0.000000 1
5202.170000 0.000000 1
5203.830000 0.000000 1
5205.490000 0.000000 1
5207.150000 0.000000 1
5208.810000 0.000000 1
5210.470000 0.000000 1
5212.130000 0.000000 1
5213.790000 0.000000 1
5215.450000 0.000000 1
5217.110000 0.000000 1
5218.770000 0.000000 1
5220.430000 0.000000 1
5222.090000 0.000000 1
5223.750000 0.000000 1
5225.410000 0.000000 1
5227.070000 0.000000 1
5228.730000 0.000000 1
5230.390000 0.000000 1
5232.050000 0.000000 1
5233.710000 0.000000 1
5235.370000 0.000000 1
5237.030000 0.000000 1
5238.690000 0.000000 1
5240.350000 0.000000 1
5242.010000 0.000000 1
5243.670000 0.000000 1
5245.330000 0.000000 1
5246.990000 0.000000 1
5248.650000 0.000000 1
5250.310000 0.000000 1
5251.970000 0.000000 1
5253.630000 0.000000 1
5255.290000 0.000000 1
5256.950000 0.000000 1
5258.610000 0.000000 1
5260.270000 0.000000 1
5261.930000 0.000000 1
5263.590000 0.000000 1
5265.250000 0.000000 1
5266.910000 0.000000 1
5268.570000 0.000000 1
5270.230000 0.000000 1
5271.890000 0.000000 1
5273.550000 0.000000 1
5275.210000 0.000000 1
5276.870000 0.000000 1
5278.530000 0.000000 1
5280.190000 0.000000 1
5281.850000 0.000000 1
5283.510000 0.000000 1
5285.170000 0.000000 1
5286.830000 0.000000 1
5288.490000 0.000000 1
5290.150000 0.000000 1
5291.810000 0.000000 1
5293.470000 0.000000 1
5295.130000 0.000000 1
5296.790000 0.000000 1
5298.450000 0.000000 1
5300.110000 0.000000 1
5301.770000 0.000000 1
5303.430000 0.000000 1
5305.090000 0.000000 1
5306.750000 0.000000 1
5308.410000 0.000000 1
5310.070000 0.000000 1
5311.730000 0.000000 1
5313.390000 0.000000 1
5315.050000 0.000000 1
5316.710000 0.000000 1
5318.370000 0.000000 1
5320.030000 0.000000 1
5321.690000 0.000000 1
5323.350000 0.000000 1
5325.010000 0.000000 1
5326.670000 0.000000 1
5328.330000 0.000000 1
5329.990000 0.000000 1
5331.650000 0.000000 1
5333.310000 0.000000 1
5334.970000 0.000000 1
5336.630000 0.000000 1
5338.290000 0.000000 1
5339.950000 0.000000 1
5341.610000 0.000000 1
5343.270000 0.000000 1
5344.930000 0.000000 1
5346.590000 0.000000 1
5348.250000 0.000000 1
5349.910000 0.000000 1
5351.570000 0.000000 1
5353.230000 0.000000 1
5354.890000 0.000000 1
5356.550000 0.000000 1
5358.210000 0.000000 1
5359.870000 0.000000 1
5361.530000 0.000000 1
5363.190000 0.000000 1
5364.850000 0.000000 1
5366.510000 0.000000 1
5368.170000 0.000000 1
5369.830000 0.000000 1
5371.490000 0.000000 1
5373.150000 0.000000 1
5374.810000 0.000000 1
5376.470000 0.000000 1
5378.130000 0.000000 1
5379.790000 0.000000 1
5381.450000 0.000000 1
5383.110000 0.000000 1
5384.770000 0.000000 1
5386.430000 0.000000 1
5388.090000 0.000000 1
5389.750000 0.000000 1
5391.410000 0.000000 1
5393.070000 0.000000 1
5394.730000 0.000000 1
5396.390000 0.000000 1
5398.050000 0.000000 1
5399.710000 0.000000 1
5401.370000 0.000000 1
5403.030000 0.000000 1
5404.690000 0.000000 1
5406.350000 0.000000 1
5408.010000 0.000000 1
5409.670000 0.000000 1
5411.330000 0.000000 1
5412.990000 0.000000 1
5414.650000 0.000000 1
5416.310000 0.000000 1
5417.970000 0.000000 1
5419.630000 0.000000 1
5421.290000 0.000000 1
5422.950000 0.000000 1
5424.610000 0.000000 1
5426.270000 0.000000 1
5427.930000 0.000000 1
5429.590000 0.000000 1
5431.250000 0.000000 1
5432.910000 0.000000 1
5434.570000 0.000000 1
5436.230000 0.000000 1
5437.890000 0.000000 1
5439.550000 0.000000 1
5441.210000 0.000000 1
5442.870000 0.000000 1
5444.530000 0.000000 1
5446.190000 0.000000 1
5447.850000 0.000000 1
5449.510000 0.000000 1
5451.170000 0.000000 1
5452.830000 0.000000 1
5454.490000 0.000000 1
5456.150000 0.000000 1
5457.810000 0.000000 1
5459.470000 0.000000 1
5461.130000 0.000000 1
5462.790000 0.000000 1
5464.450000 0.000000 1
5466.110000 0.000000 1
5467.770000 0.000000 1
5469.430000 0.000000 1
5471.090000 0.070284 0
5472.750000 0.026714 0
5474.410000 0.002657 0
5476.070000 0.031650 0
5477.730000 0.015245 0
5479.390000 0.010400 0
5481.050000 0.028281 0
5482.710000 0.019980 0
5484.370000 0.018174 0
5486.030000 0.025008 0
5487.690000 0.014298 0
5489.350000 0.007217 0
5491.010000 0.016771 0
5492.670000 0.006005 0
5494.330000 0.025310 0
5495.990000 0.021899 0
5497.650000 0.017800 0
5499.310000 0.024262 0
5500.970000 0.009378 0
5502.630000 0.015598 0
5504.290000 0.011021 0
5505.950000 0.032330 0
5507.610000 0.011034 0
5509.270000 0.014104 0
5510.930000 0.018535 0
5512.590000 0.014713 0
5514.250000 0.017073 0
5515.910000 0.017040 0
5517.570000 0.018729 0
5519.230000 0.027155 0
5520.890000 0.022336 0
5522.550000 0.020018 0
5524.210000 0.006302 0
5525.870000 0.037533 0
5527.530000 0.027690 0
5529.190000 0.033882 0
5530.850000 0.042432 0
5532.510000 0.053711 0
5534.170000 0.017226 0
5535.830000 0.030776 0
5537.490000 0.035201 0
5539.150000 0.028396 0
5540.810000 0.022214 0
5542.470000 0.011697 0
5544.130000 0.017098 0
5545.790000 0.023632 0
5547.450000 0.026080 0
5549.110000 0.042598 0
5550.770000 0.031919 0
5552.430000 0.034151 0
5554.090000 0.031682 0
5555.750000 0.010438 0
5557.410000 0.024699 0
5559.070000 0.045557 0
5560.730000 0.045566 0
5562.390000 0.038983 0
5564.050000 0.032393 0
5565.710000 0.016533 0
5567.370000 0.032525 0
5569.030000 0.022230 0
5570.690000 0.017594 1
5572.350000 0.014320 1
5574.010000 0.287918 1
5575.670000 0.193332 1
5577.330000 0.011482 1
5578.990000 -0.089647 1
5580.650000 -0.023729 1
5582.310000 0.030312 1
5583.970000 0.018257 1
5585.630000 0.021804 0
5587.290000 0.025802 0
5588.950000 0.040363 0
5590.610000 0.035071 0
5592.270000 0.039839 0
5593.930000 0.033285 0
5595.590000 0.039046 0
5597.250000 0.046656 0
5598.910000 0.030937 0
5600.570000 0.037902 0
5602.230000 0.030783 0
5603.890000 0.018786 0
5605.550000 0.029605 0
5607.210000 0.034316 0
5608.870000 0.033354 0
5610.530000 0.028613 0
5612.190000 0.037169 0
5613.850000 0.030962 0
5615.510000 0.038333 0
5617.170000 0.047312 0
5618.830000 0.031585 0
5620.490000 0.045737 0
5622.150000 0.036321 0
5623.810000 0.025658 0
5625.470000 0.037540 0
5627.130000 0.038566 0
5628.790000 0.023292 0
5630.450000 0.017209 0
5632.110000 0.031892 0
5633.770000 0.032466 0
5635.430000 0.042692 0
5637.090000 0.047932 0
5638.750000 0.011553 0
5640.410000 0.023013 0
5642.070000 0.023646 0
5643.730000 0.043512 0
5645.390000 0.025459 0
5647.050000 0.012643 0
5648.710000 0.017290 0
5650.370000 0.021654 0
5652.030000 0.011084 0
5653.690000 0.006404 0
5655.350000 0.034381 0
5657.010000 0.028710 0
5658.670000 0.027716 0
5660.330000 0.019631 0
5661.990000 0.015403 0
5663.650000 0.026822 0
5665.310000 0.036017 0
5666.970000 0.030976 0
5668.630000 0.046025 0
5670.290000 0.032309 0
5671.950000 0.040806 0
5673.610000 0.044344 0
5675.270000 0.051024 0
5676.930000 0.025535 0
5678.590000 0.039395 0
5680.250000 0.029888 0
5681.910000 0.032266 0
5683.570000 0.021039 0
5685.230000 0.036370 0
5686.890000 0.014909 0
5688.550000 0.019913 0
5690.210000 0.032999 0
5691.870000 0.048082 0
5693.530000 0.022815 0
5695.190000 0.001764 0
5696.850000 0.004964 0
5698.510000 0.012317 0
5700.170000 0.030012 0
5701.830000 0.016380 0
5703.490000 0.014327 0
5705.150000 0.020990 0
5706.810000 0.014252 0
5708.470000 0.026972 0
5710.130000 0.021148 0
5711.790000 0.037595 0
5713.450000 0.034913 0
5715.110000 0.042963 0
5716.770000 0.022487 0
5718.430000 0.032067 0
5720.090000 0.032681 0
5721.750000 0.068852 0
5723.410000 0.041295 0
5725.070000 0.051786 0
5726.730000 0.032777 0
5728.390000 0.056132 0
5730.050000 0.030360 0
5731.710000 0.033191 0
5733.370000 0.057293 0
5735.030000 0.055584 0
5736.690000 0.046128 0
5738.350000 0.049047 0
5740.010000 0.043612 0
5741.670000 0.043592 0
5743.330000 0.043705 0
5744.990000 0.042307 0
5746.650000 0.037389 0
5748.310000 0.055193 0
5749.970000 0.023322 0
5751.630000 0.023243 0
5753.290000 0.044674 0
5754.950000 0.065504 0
5756.610000 0.066685 0
5758.270000 0.055830 0
5759.930000 0.032679 0
5761.590000 0.048641 0
5763.250000 0.041135 0
5764.910000 0.049657 0
5766.570000 0.045254 0
5768.230000 0.057092 0
5769.890000 0.052984 0
5771.550000 0.050959 0
5773.210000 0.050807 0
5774.870000 0.045534 0
5776.530000 0.047806 0
5778.190000 0.059329 0
5779.850000 0.058307 0
5781.510000 0.049842 0
5783.170000 0.054154 0
5784.830000 0.043820 0
5786.490000 0.053269 0
5788.150000 0.056198 0
5789.810000 0.045762 0
5791.470000 0.057014 0
5793.130000 0.045625 0
5794.790000 0.033116 0
5796.450000 0.055398 0
5798.110000 0.038429 0
5799.770000 0.044124 0
5801.430000 0.053690 0
5803.090000 0.043065 0
5804.750000 0.037944 0
5806.410000 0.036722 0
5808.070000 0.054840 0
5809.730000 0.041132 0
5811.390000 0.065018 0
5813.050000 0.052108 0
5814.710000 0.053893 0
5816.370000 0.046664 0
5818.030000 0.047423 0
5819.690000 0.063071 0
5821.350000 0.051800 0
5823.010000 0.038295 0
5824.670000 0.049165 0
5826.330000 0.036239 0
5827.990000 0.040035 0
5829.650000 0.039281 0
5831.310000 0.041412 0
5832.970000 0.020675 0
5834.630000 0.049964 0
5836.290000 0.052637 0
5837.950000 0.050529 0
5839.610000 0.043845 0
5841.270000 0.044538 0
5842.930000 0.035520 0
5844.590000 0.046310 0
5846.250000 0.050660 0
5847.910000 0.058942 0
5849.570000 0.054481 0
5851.230000 0.046067 0
5852.890000 0.052748 0
5854.550000 0.054418 0
5856.210000 0.043555 0
5857.870000 0.031651 0
5859.530000 0.048256 0
5861.190000 0.041554 0
5862.850000 0.052669 0
5864.510000 0.048574 0
5866.170000 0.059066 0
5867.830000 0.058417 0
5869.490000 0.058269 0
5871.150000 0.051087 0
5872.810000 0.046572 0
5874.470000 0.038351 0
5876.130000 0.047949 0
5877.790000 0.059727 0
5879.450000 0.050217 0
5881.110000 0.054786 0
5882.770000 0.032524 0
5884.430000 0.033612 0
5886.090000 0.047088 0
5887.750000 0.090068 0
5889.410000 0.088215 0
5891.070000 0.031435 0
5892.730000 0.057976 0
5894.390000 0.051733 0
5896.050000 0.047513 0
5897.710000 0.029959 0
5899.370000 0.029898 0
5901.030000 0.029499 0
5902.690000 0.049815 0
5904.350000 0.046424 0
5906.010000 0.040119 0
5907.670000 0.039032 0
5909.330000 0.048664 0
5910.990000 0.050145 0
5912.650000 0.041753 0
5914.310000 0.047149 0
5915.970000 0.028733 0
5917.630000 0.046815 0
5919.290000 0.047405 0
5920.950000 0.050547 0
5922.610000 0.041901 0
5924.270000 0.050365 0
5925.930000 0.039293 0
5927.590000 0.042462 0
5929.250000 0.043120 0
5930.910000 0.054232 0
5932.570000 0.048424 0
5934.230000 0.042929 0
5935.890000 0.054708 0
5937.550000 0.036403 0
5939.210000 0.052853 0
5940.870000 0.046802 0
5942.530000 0.038393 0
5944.190000 0.061076 0
5945.850000 0.035566 0
5947.510000 0.056932 0
5949.170000 0.023593 0
5950.830000 0.045864 0
5952.490000 0.046038 0
5954.150000 0.041713 0
5955.810000 0.059564 0
5957.470000 0.041185 0
5959.130000 0.037314 0
5960.790000 0.040789 0
5962.450000 0.049590 0
5964.110000 0.054331 0
5965.770000 0.048090 0
5967.430000 0.040780 0
5969.090000 0.032831 0
5970.750000 0.045284 0
5972.410000 0.047540 0
5974.070000 0.032552 0
5975.730000 0.051659 0
5977.390000 0.046244 0
5979.050000 0.050915 0
5980.710000 0.050148 0
5982.370000 0.045430 0
5984.030000 0.049187 0
5985.690000 0.052575 0
5987.350000 0.046624 0
5989.010000 0.033272 0
5990.670000 0.052194 0
5992.330000 0.033835 0
5993.990000 0.021775 0
5995.650000 0.047365 0
5997.310000 0.040249 0
5998.970000 0.050865 0
6000.630000 0.037300 0
6002.290000 0.037203 0
6003.950000 0.036956 0
6005.610000 0.043509 0
6007.270000 0.036966 0
6008.930000 0.037655 0
6010.590000 0.035514 0
6012.250000 0.048306 0
6013.910000 0.051845 0
6015.570000 0.049510 0
6017.230000 0.060843 0
6018.890000 0.049322 0
6020.550000 0.037688 0
6022.210000 0.050165 0
6023.870000 0.045729 0
6025.530000 0.049241 0
6027.190000 0.059437 0
6028.850000 0.033396 0
6030.510000 0.049816 0
6032.170000 0.047704 0
6033.830000 0.042106 0
6035.490000 0.034917 0
6037.150000 0.035053 0
6038.810000 0.039488 0
6040.470000 0.041528 0
6042.130000 0.044804 0
6043.790000 0.046802 0
6045.450000 0.040114 0
6047.110000 0.072134 0
6048.770000 0.075737 0
6050.430000 0.049933 0
6052.090000 0.046377 0
6053.750000 0.065568 0
6055.410000 0.052990 0
6057.070000 0.054028 0
6058.730000 0.044734 0
6060.390000 0.059843 0
6062.050000 0.064019 0
6063.710000 0.037033 0
6065.370000 0.045098 0
6067.030000 0.058653 0
6068.690000 0.044846 0
6070.350000 0.027924 0
6072.010000 0.037746 0
6073.670000 0.030981 0
6075.330000 0.050564 0
6076.990000 0.054387 0
6078.650000 0.062825 0
6080.310000 0.052534 0
6081.970000 0.050495 0
6083.630000 0.059946 0
6085.290000 0.057523 0
6086.950000 0.049690 0
6088.610000 0.053843 0
6090.270000 0.050429 0
6091.930000 0.074707 0
6093.590000 0.071855 0
6095.250000 0.041995 0
6096.910000 0.050963 0
6098.570000 0.058214 0
6100.230000 0.046661 0
6101.890000 0.047791 0
6103.550000 0.049502 0
6105.210000 0.057903 0
6106.870000 0.046993 0
6108.530000 0.041523 0
6110.190000 0.062699 0
6111.850000 0.057470 0
6113.510000 0.048214 0
6115.170000 0.053975 0
6116.830000 0.047600 0
6118.490000 0.046122 0
6120.150000 0.030604 0
6121.810000 0.049120 0
6123.470000 0.045637 0
6125.130000 0.052822 0
6126.790000 0.059104 0
6128.450000 0.041828 0
6130.110000 0.049901 0
6131.770000 0.067823 0
6133.430000 0.062966 0
6135.090000 0.049452 0
6136.750000 0.048679 0
6138.410000 0.036223 0
6140.070000 0.046174 0
6141.730000 0.052327 0
6143.390000 0.045855 0
6145.050000 0.061973 0
6146.710000 0.068131 0
6148.370000 0.061421 0
6150.030000 0.062871 0
6151.690000 0.053896 0
6153.350000 0.061244 0
6155.010000 0.044019 0
6156.670000 0.056260 0
6158.330000 0.054116 0
6159.990000 0.059280 0
6161.650000 0.061981 0
6163.310000 0.051704 0
6164.970000 0.057711 0
6166.630000 0.041913 0
6168.290000 0.050226 0
6169.950000 0.056103 0
6171.610000 0.046099 0
6173.270000 0.041233 0
6174.930000 0.033577 0
6176.590000 0.042465 0
6178.250000 0.035709 0
6179.910000 0.034912 0
6181.570000 0.047115 0
6183.230000 0.026854 0
6184.890000 0.031803 0
6186.550000 0.041411 0
6188.210000 0.046454 0
6189.870000 0.043394 0
6191.530000 0.044743 0
6193.190000 0.036314 0
6194.850000 0.046870 0
6196.510000 0.048540 0
6198.170000 0.057344 0
6199.830000 0.060382 0
6201.490000 0.050599 0
6203.150000 0.067517 0
6204.810000 0.058324 0
6206.470000 0.066845 0
6208.130000 0.044806 0
6209.790000 0.062256 0
6211.450000 0.050511 0
6213.110000 0.049375 0
6214.770000 0.054554 0
6216.430000 0.059270 0
6218.090000 0.056024 0
6219.750000 0.045642 0
6221.410000 0.069983 0
6223.070000 0.062371 0
6224.730000 0.069893 0
6226.390000 0.050881 0
6228.050000 0.051162 0
6229.710000 0.049290 0
6231.370000 0.043947 0
6233.030000 0.059023 0
6234.690000 0.058762 0
6236.350000 0.041674 0
6238.010000 0.049444 0
6239.670000 0.071218 0
6241.330000 0.062230 0
6242.990000 0.047774 0
6244.650000 0.053460 0
6246.310000 0.041072 0
6247.970000 0.064522 0
6249.630000 0.063275 0
6251.290000 0.069476 0
6252.950000 0.058155 0
6254.610000 0.059555 0
6256.270000 0.056210 0
6257.930000 0.079690 0
6259.590000 0.046254 0
6261.250000 0.062046 0
6262.910000 0.072000 0
6264.570000 0.062565 0
6266.230000 0.063883 0
6267.890000 0.073027 0
6269.550000 0.067575 0
6271.210000 0.060963 0
6272.870000 0.040133 0
6274.530000 0.058092 0
6276.190000 0.052944 0
6277.850000 0.047609 0
6279.510000 0.053109 0
6281.170000 0.059475 0
6282.830000 0.058678 0
6284.490000 0.058842 0
6286.150000 0.054392 0
6287.810000 0.077336 0
6289.470000 0.060460 0
6291.130000 0.053822 0
6292.790000 0.055367 0
6294.450000 0.046109 0
6296.110000 0.038350 0
6297.770000 0.061284 0
6299.430000 0.059230 0
6301.090000 0.059242 0
6302.750000 0.055802 0
6304.410000 0.071219 0
6306.070000 0.065334 0
6307.730000 0.051943 0
6309.390000 0.059218 0
6311.050000 0.057481 0
6312.710000 0.066395 0
6314.370000 0.054667 0
6316.030000 0.063330 0
6317.690000 0.058634 0
6319.350000 0.057399 0
6321.010000 0.055996 0
6322.670000 0.057718 0
6324.330000 0.044349 0
6325.990000 0.069327 0
6327.650000 0.055917 0
6329.310000 0.059588 0
6330.970000 0.067847 0
6332.630000 0.064924 0
6334.290000 0.061030 0
6335.950000 0.062541 0
6337.610000 0.067231 0
6339.270000 0.060784 0
6340.930000 0.049081 0
6342.590000 0.062024 0
6344.250000 0.059127 0
6345.910000 0.063337 0
6347.570000 0.060502 0
6349.230000 0.071720 0
6350.890000 0.063736 0
6352.550000 0.065682 0
6354.210000 0.056952 0
6355.870000 0.060950 0
6357.530000 0.058902 0
6359.190000 0.061233 0
6360.850000 0.071370 0
6362.510000 0.065126 0
6364.170000 0.065050 0
6365.830000 0.060657 0
6367.490000 0.063176 0
6369.150000 0.060575 0
6370.810000 0.055637 0
6372.470000 0.066650 0
6374.130000 0.072064 0
6375.790000 0.056036 0
6377.450000 0.050177 0
6379.110000 0.051419 0
6380.770000 0.075995 0
6382.430000 0.072735 0
6384.090000 0.047887 0
6385.750000 0.071495 0
6387.410000 0.062765 0
6389.070000 0.067022 0
6390.730000 0.068520 0
6392.390000 0.064096 0
6394.050000 0.058101 0
6395.710000 0.074318 0
6397.370000 0.057762 0
6399.030000 0.058168 0
6400.690000 0.074725 0
6402.350000 0.063155 0
6404.010000 0.050548 0
6405.670000 0.067576 0
6407.330000 0.052770 0
6408.990000 0.047375 0
6410.650000 0.044508 0
6412.310000 0.061973 0
6413.970000 0.068889 0
6415.630000 0.060566 0
6417.290000 0.067961 0
6418.950000 0.080803 0
6420.610000 0.064569 0
6422.270000 0.070706 0
6423.930000 0.067294 0
6425.590000 0.063579 0
6427.250000 0.062210 0
6428.910000 0.058229 0
6430.570000 0.055826 0
6432.230000 0.074932 0
6433.890000 0.059085 0
6435.550000 0.062835 0
6437.210000 0.076935 0
6438.870000 0.061634 0
6440.530000 0.067766 0
6442.190000 0.065726 0
6443.850000 0.073290 0
6445.510000 0.067420 0
6447.170000 0.065652 0
6448.830000 0.070054 0
6450.490000 0.063487 0
6452.150000 0.065663 0
6453.810000 0.062907 0
6455.470000 0.064601 0
6457.130000 0.060393 0
6458.790000 0.060478 0
6460.450000 0.057114 0
6462.110000 0.064894 0
6463.770000 0.065367 0
6465.430000 0.087044 0
6467.090000 0.080108 0
6468.750000 0.079491 0
6470.410000 0.094931 0
6472.070000 0.067317 0
6473.730000 0.071027 0
6475.390000 0.085359 0
6477.050000 0.065559 0
6478.710000 0.075798 0
6480.370000 0.055591 0
6482.030000 0.064984 0
6483.690000 0.074612 0
6485.350000 0.062609 0
6487.010000 0.063081 0
6488.670000 0.071777 0
6490.330000 0.064399 0
6491.990000 0.083330 0
6493.650000 0.068745 0
6495.310000 0.065794 0
6496.970000 0.079033 0
6498.630000 0.077086 0
6500.290000 0.066393 0
6501.950000 0.057283 0
6503.610000 0.063759 0
6505.270000 0.061912 0
6506.930000 0.064647 0
6508.590000 0.067018 0
6510.250000 0.063852 0
6511.910000 0.061942 0
6513.570000 0.064462 0
6515.230000 0.065667 0
6516.890000 0.079373 0
6518.550000 0.065554 0
6520.210000 0.067185 0
6521.870000 0.066288 0
6523.530000 0.076452 0
6525.190000 0.072151 0
6526.850000 0.063973 0
6528.510000 0.075042 0
6530.170000 0.070740 0
6531.830000 0.059299 0
6533.490000 0.078735 0
6535.150000 0.072675 0
6536.810000 0.059437 0
6538.470000 0.073398 0
6540.130000 0.048304 0
6541.790000 0.074970 0
6543.450000 0.069061 0
6545.110000 0.073904 0
6546.770000 0.079990 0
6548.430000 0.074455 0
6550.090000 0.084402 0
6551.750000 0.084860 0
6553.410000 0.092500 0
6555.070000 0.066212 0
6556.730000 0.075159 0
6558.390000 0.068542 0
6560.050000 0.072762 0
6561.710000 0.058591 0
6563.370000 0.069579 0
6565.030000 0.070651 0
6566.690000 0.066718 0
6568.350000 0.063855 0
6570.010000 0.067922 0
6571.670000 0.083389 0
6573.330000 0.072179 0
6574.990000 0.077430 0
6576.650000 0.067004 0
6578.310000 0.072771 0
6579.970000 0.052950 0
6581.630000 0.066332 0
6583.290000 0.071041 0
6584.950000 0.070093 0
6586.610000 0.061833 0
6588.270000 0.069841 0
6589.930000 0.063282 0
6591.590000 0.062286 0
6593.250000 0.071120 0
6594.910000 0.067470 0
6596.570000 0.064128 0
6598.230000 0.071950 0
6599.890000 0.062314 0
6601.550000 0.064293 0
6603.210000 0.069650 0
6604.870000 0.076262 0
6606.530000 0.058485 0
6608.190000 0.061819 0
6609.850000 0.089284 0
6611.510000 0.056557 0
6613.170000 0.067942 0
6614.830000 0.078524 0
6616.490000 0.079355 0
6618.150000 0.073575 0
6619.810000 0.061802 0
6621.470000 0.072545 0
6623.130000 0.071700 0
6624.790000 0.074243 0
6626.450000 0.082794 0
6628.110000 0.075535 0
6629.770000 0.077257 0
6631.430000 0.064295 0
6633.090000 0.070604 0
6634.750000 0.076129 0
6636.410000 0.065474 0
6638.070000 0.070134 0
6639.730000 0.075537 0
6641.390000 0.069397 0
6643.050000 0.058125 0
6644.710000 0.060444 0
6646.370000 0.074569 0
6648.030000 0.080897 0
6649.690000 0.072923 0
6651.350000 0.085703 0
6653.010000 0.072696 0
6654.670000 0.072065 0
6656.330000 0.075375 0
6657.990000 0.074663 0
6659.650000 0.068812 0
6661.310000 0.074113 0
6662.970000 0.082512 0
6664.630000 0.074367 0
6666.290000 0.069477 0
6667.950000 0.071041 0
6669.610000 0.071363 0
6671.270000 0.066699 0
6672.930000 0.061852 0
6674.590000 0.059343 0
6676.250000 0.066800 0
6677.910000 0.069257 0
6679.570000 0.070136 0
6681.230000 0.065574 0
6682.890000 0.072644 0
6684.550000 0.069518 0
6686.210000 0.062201 0
6687.870000 0.071545 0
6689.530000 0.066269 0
6691.190000 0.079983 0
6692.850000 0.067671 0
6694.510000 0.076928 0
6696.170000 0.064508 0
6697.830000 0.069207 0
6699.490000 0.061539 0
6701.150000 0.068292 0
6702.810000 0.061080 0
6704.470000 0.069151 0
6706.130000 0.063553 0
6707.790000 0.058390 0
6709.450000 0.065667 0
6711.110000 0.066367 0
6712.770000 0.061845 0
6714.430000 0.061024 0
6716.090000 0.075219 0
6717.750000 0.068261 0
6719.410000 0.067141 0
6721.070000 0.069460 0
6722.730000 0.070947 0
6724.390000 0.068700 0
6726.050000 0.073107 0
6727.710000 0.073062 0
6729.370000 0.077455 0
6731.030000 0.070563 0
6732.690000 0.075199 0
6734.350000 0.062081 0
6736.010000 0.061562 0
6737.670000 0.071514 0
6739.330000 0.076809 0
6740.990000 0.070666 0
6742.650000 0.062288 0
6744.310000 0.075003 0
6745.970000 0.068254 0
6747.630000 0.070892 0
6749.290000 0.072416 0
6750.950000 0.074033 0
6752.610000 0.064576 0
6754.270000 0.062255 0
6755.930000 0.061982 0
6757.590000 0.074172 0
6759.250000 0.068344 0
6760.910000 0.065149 0
6762.570000 0.069038 0
6764.230000 0.078396 0
6765.890000 0.066424 0
6767.550000 0.054328 0
6769.210000 0.068243 0
6770.870000 0.078451 0
6772.530000 0.076136 0
6774.190000 0.079002 0
6775.850000 0.065665 0
6777.510000 0.082536 0
6779.170000 0.075082 0
6780.830000 0.070411 0
6782.490000 0.062715 0
6784.150000 0.070896 0
6785.810000 0.062988 0
6787.470000 0.064538 0
6789.130000 0.073149 0
6790.790000 0.065588 0
6792.450000 0.068668 0
6794.110000 0.069263 0
6795.770000 0.066557 0
6797.430000 0.071511 0
6799.090000 0.063705 0
6800.750000 0.071286 0
6802.410000 0.066915 0
6804.070000 0.061459 0
6805.730000 0.077012 0
6807.390000 0.076117 0
6809.050000 0.080432 0
6810.710000 0.077212 0
6812.370000 0.073435 0
6814.030000 0.069179 0
6815.690000 0.073189 0
6817.350000 0.072270 0
6819.010000 0.077881 0
6820.670000 0.073435 0
6822.330000 0.074631 0
6823.990000 0.071445 0
6825.650000 0.072729 0
6827.310000 0.079146 0
6828.970000 0.079886 0
6830.630000 0.086690 0
6832.290000 0.079091 0
6833.950000 0.064667 0
6835.610000 0.090342 0
6837.270000 0.069516 0
6838.930000 0.073856 0
6840.590000 0.077225 0
6842.250000 0.070550 0
6843.910000 0.073065 0
6845.570000 0.071107 0
6847.230000 0.064740 0
6848.890000 0.066842 0
6850.550000 0.072726 0
6852.210000 0.077356 0
6853.870000 0.071324 0
6855.530000 0.071524 0
6857.190000 0.074859 0
6858.850000 0.072604 0
6860.510000 0.067054 0
6862.170000 0.078786 0
6863.830000 0.082119 0
6865.490000 0.078082 0
6867.150000 0.054581 0
6868.810000 0.062971 0
6870.470000 0.066168 0
6872.130000 0.051833 0
6873.790000 0.062478 0
6875.450000 0.057716 0
6877.110000 0.064194 0
6878.770000 0.072862 0
6880.430000 0.071966 0
6882.090000 0.069375 0
6883.750000 0.067113 0
6885.410000 0.068018 0
6887.070000 0.076498 0
6888.730000 0.079896 0
6890.390000 0.073378 0
6892.050000 0.074528 0
6893.710000 0.075899 0
6895.370000 0.063784 0
6897.030000 0.066772 0
6898.690000 0.078255 0
6900.350000 0.083550 0
6902.010000 0.074486 0
6903.670000 0.077577 0
6905.330000 0.069952 0
6906.990000 0.068544 0
6908.650000 0.073652 0
6910.310000 0.072480 0
6911.970000 0.056089 0
6913.630000 0.077653 0
6915.290000 0.085976 0
6916.950000 0.077092 0
6918.610000 0.072694 0
6920.270000 0.072737 0
6921.930000 0.085186 0
6923.590000 0.092975 0
6925.250000 0.080750 0
6926.910000 0.077241 0
6928.570000 0.076503 0
6930.230000 0.067091 0
6931.890000 0.075754 0
6933.550000 0.075402 0
6935.210000 0.071786 0
6936.870000 0.081520 0
6938.530000 0.075679 0
6940.190000 0.073961 0
6941.850000 0.076753 0
6943.510000 0.063621 0
6945.170000 0.078208 0
6946.830000 0.087391 0
6948.490000 0.079909 0
6950.150000 0.075470 0
6951.810000 0.071861 0
6953.470000 0.068642 0
6955.130000 0.065552 0
6956.790000 0.075821 0
6958.450000 0.084890 0
6960.110000 0.066705 0
6961.770000 0.067961 0
6963.430000 0.069251 0
6965.090000 0.074958 0
6966.750000 0.069802 0
6968.410000 0.078328 0
6970.070000 0.076513 0
6971.730000 0.070301 0
6973.390000 0.065151 0
6975.050000 0.065251 0
6976.710000 0.077100 0
6978.370000 0.071605 0
6980.030000 0.065687 0
6981.690000 0.072428 0
6983.350000 0.065590 0
6985.010000 0.068770 0
6986.670000 0.070109 0
6988.330000 0.064250 0
6989.990000 0.064576 0
6991.650000 0.074337 0
6993.310000 0.059754 0
6994.970000 0.082378 0
6996.630000 0.062534 0
6998.290000 0.067411 0
6999.950000 0.063713 0
7001.610000 0.065459 0
7003.270000 0.082409 0
7004.930000 0.077078 0
7006.590000 0.084546 0
7008.250000 0.072089 0
7009.910000 0.071882 0
7011.570000 0.067086 0
7013.230000 0.066370 0
7014.890000 0.071165 0
7016.550000 0.076229 0
7018.210000 0.061880 0
7019.870000 0.060995 0
7021.530000 0.073085 0
7023.190000 0.072353 0
7024.850000 0.067497 0
7026.510000 0.068614 0
7028.170000 0.074019 0
7029.830000 0.093259 0
7031.490000 0.080807 0
7033.150000 0.084070 0
7034.810000 0.069347 0
7036.470000 0.076995 0
7038.130000 0.079748 0
7039.790000 0.078107 0
7041.450000 0.077181 0
7043.110000 0.069783 0
7044.770000 0.071798 0
7046.430000 0.074905 0
7048.090000 0.086618 0
7049.750000 0.080753 0
7051.410000 0.078826 0
7053.070000 0.088066 0
7054.730000 0.077471 0
7056.390000 0.068639 0
7058.050000 0.061072 0
7059.710000 0.077520 0
7061.370000 0.087162 0
7063.030000 0.074274 0
7064.690000 0.069286 0
7066.350000 0.065996 0
7068.010000 0.064785 0
7069.670000 0.060683 0
7071.330000 0.070548 0
7072.990000 0.082084 0
7074.650000 0.070166 0
7076.310000 0.071254 0
7077.970000 0.071196 0
7079.630000 0.071253 0
7081.290000 0.090946 0
7082.950000 0.076738 0
7084.610000 0.065299 0
7086.270000 0.075462 0
7087.930000 0.087158 0
7089.590000 0.079698 0
7091.250000 0.070420 0
7092.910000 0.072211 0
7094.570000 0.071620 0
7096.230000 0.077046 0
7097.890000 0.083487 0
7099.550000 0.075110 0
7101.210000 0.072395 0
7102.870000 0.076581 0
7104.530000 0.076743 0
7106.190000 0.090142 0
7107.850000 0.090342 0
7109.510000 0.098466 0
7111.170000 0.072812 0
7112.830000 0.071112 0
7114.490000 0.084062 0
7116.150000 0.091492 0
7117.810000 0.074740 0
7119.470000 0.066396 0
7121.130000 0.077980 0
7122.790000 0.079298 0
7124.450000 0.083722 0
7126.110000 0.080096 0
7127.770000 0.075994 0
7129.430000 0.076191 0
7131.090000 0.073411 0
7132.750000 0.075989 0
7134.410000 0.072561 0
7136.070000 0.068483 0
7137.730000 0.067284 0
7139.390000 0.077412 0
7141.050000 0.063012 0
7142.710000 0.102301 0
7144.370000 0.072399 0
7146.030000 0.084487 0
7147.690000 0.085976 0
7149.350000 0.075337 0
7151.010000 0.069074 0
7152.670000 0.067816 0
7154.330000 0.077113 0
7155.990000 0.070980 0
7157.650000 0.076363 0
7159.310000 0.078040 0
7160.970000 0.075165 0
7162.630000 0.065037 0
7164.290000 0.073991 0
7165.950000 0.079954 0
7167.610000 0.077472 0
7169.270000 0.078044 0
7170.930000 0.067414 0
7172.590000 0.072586 0
7174.250000 0.068528 0
7175.910000 0.075251 0
7177.570000 0.081770 0
7179.230000 0.080132 0
7180.890000 0.074695 0
7182.550000 0.067927 0
7184.210000 0.064517 0
7185.870000 0.068029 0
7187.530000 0.074564 0
7189.190000 0.078363 0
7190.850000 0.071802 0
7192.510000 0.067027 0
7194.170000 0.072483 0
7195.830000 0.078087 0
7197.490000 0.086164 0
7199.150000 0.074357 0
7200.810000 0.068869 0
7202.470000 0.071547 0
7204.130000 0.071994 0
7205.790000 0.062116 0
7207.450000 0.066300 0
7209.110000 0.073155 0
7210.770000 0.066871 0
7212.430000 0.074157 0
7214.090000 0.070553 0
7215.750000 0.072734 0
7217.410000 0.065314 0
7219.070000 0.079444 0
7220.730000 0.070461 0
7222.390000 0.062717 0
7224.050000 0.072000 0
7225.710000 0.081036 0
7227.370000 0.086509 0
7229.030000 0.074548 0
7230.690000 0.078102 0
7232.350000 0.073595 0
7234.010000 0.065981 0
7235.670000 0.064915 0
7237.330000 0.084151 0
7238.990000 0.097082 0
7240.650000 0.094768 0
7242.310000 0.084381 0
7243.970000 0.100114 0
7245.630000 0.118025 0
7247.290000 0.096320 0
7248.950000 0.089140 0
7250.610000 0.083863 0
7252.270000 0.078058 0
7253.930000 0.082538 0
7255.590000 0.062746 0
7257.250000 0.063329 0
7258.910000 0.075866 0
7260.570000 0.081261 0
7262.230000 0.073357 0
7263.890000 0.074858 0
7265.550000 0.076526 0
7267.210000 0.073343 0
7268.870000 0.074376 0
7270.530000 0.074338 0
7272.190000 0.072669 0
7273.850000 0.093858 0
7275.510000 0.097829 0
7277.170000 0.104624 0
7278.830000 0.101772 0
7280.490000 0.065735 0
7282.150000 0.073009 0
7283.810000 0.077933 0
7285.470000 0.099792 0
7287.130000 0.081547 0
7288.790000 0.068325 0
7290.450000 0.074699 0
7292.110000 0.067297 0
7293.770000 0.097245 0
7295.430000 0.084457 0
7297.090000 0.067579 0
7298.750000 0.065255 0
7300.410000 0.064193 0
7302.070000 0.071304 0
7303.730000 0.075718 0
7305.390000 0.079415 0
7307.050000 0.081309 0
7308.710000 0.078486 0
7310.370000 0.083166 0
7312.030000 0.088721 0
7313.690000 0.074582 0
7315.350000 0.092356 0
7317.010000 0.129162 0
7318.670000 0.085180 0
7320.330000 0.077797 0
7321.990000 0.078248 0
7323.650000 0.080289 0
7325.310000 0.076772 0
7326.970000 0.078192 0
7328.630000 0.090440 0
7330.290000 0.096117 0
7331.950000 0.079715 0
7333.610000 0.068710 0
7335.270000 0.085712 0
7336.930000 0.086250 0
7338.590000 0.085764 0
7340.250000 0.085498 0
7341.910000 0.102875 0
7343.570000 0.103556 0
7345.230000 0.078922 0
7346.890000 0.070228 0
7348.550000 0.071760 0
7350.210000 0.071936 0
7351.870000 0.083883 0
7353.530000 0.079521 0
7355.190000 0.082184 0
7356.850000 0.098607 0
7358.510000 0.086069 0
7360.170000 0.085558 0
7361.830000 0.063928 0
7363.490000 0.064768 0
7365.150000 0.067912 0
7366.810000 0.090850 0
7368.470000 0.086963 0
7370.130000 0.081906 0
7371.790000 0.086672 0
7373.450000 0.080636 0
7375.110000 0.083789 0
7376.770000 0.079524 0
7378.430000 0.068610 0
7380.090000 0.072019 0
7381.750000 0.074050 0
7383.410000 0.077646 0
7385.070000 0.088548 0
7386.730000 0.081827 0
7388.390000 0.055955 0
7390.050000 0.075710 0
7391.710000 0.078860 0
7393.370000 0.093636 0
7395.030000 0.075833 0
7396.690000 0.082025 0
7398.350000 0.077385 0
7400.010000 0.092322 0
7401.670000 0.091227 0
7403.330000 0.097685 0
7404.990000 0.072447 0
7406.650000 0.077434 0
7408.310000 0.076109 0
7409.970000 0.078817 0
7411.630000 0.066924 0
7413.290000 0.082308 0
7414.950000 0.076598 0
7416.610000 0.071951 0
7418.270000 0.056685 0
7419.930000 0.060376 0
7421.590000 0.067354 0
7423.250000 0.057478 0
7424.910000 0.050631 0
7426.570000 0.056060 0
7428.230000 0.063396 0
7429.890000 0.070925 0
7431.550000 0.061648 0
7433.210000 0.065032 0
7434.870000 0.074031 0
7436.530000 0.072660 0
7438.190000 0.075440 0
7439.850000 0.085233 0
7441.510000 0.060839 0
7443.170000 0.051007 0
7444.830000 0.057492 0
7446.490000 0.063806 0
7448.150000 0.057375 0
7449.810000 0.069808 0
7451.470000 0.069394 0
7453.130000 0.070189 0
7454.790000 0.071463 0
7456.450000 0.073603 0
7458.110000 0.080285 0
7459.770000 0.078441 0
7461.430000 0.088431 0
7463.090000 0.080028 0
7464.750000 0.065933 0
7466.410000 0.084159 0
7468.070000 0.091805 0
7469.730000 0.089964 0
7471.390000 0.096322 0
7473.050000 0.100131 0
7474.710000 0.082425 0
7476.370000 0.066638 0
7478.030000 0.070453 0
7479.690000 0.077170 0
7481.350000 0.083240 0
7483.010000 0.078265 0
7484.670000 0.076549 0
7486.330000 0.086520 0
7487.990000 0.081979 0
7489.650000 0.085054 0
7491.310000 0.078416 0
7492.970000 0.078960 0
7494.630000 0.074940 0
7496.290000 0.073948 0
7497.950000 0.078038 0
7499.610000 0.084567 0
7501.270000 0.081566 0
7502.930000 0.084277 0
7504.590000 0.065338 0
7506.250000 0.068534 0
7507.910000 0.082095 0
7509.570000 0.079650 0
7511.230000 0.077669 0
7512.890000 0.084717 0
7514.550000 0.081798 0
7516.210000 0.076920 0
7517.870000 0.072227 0
7519.530000 0.094654 0
7521.190000 0.099714 0
7522.850000 0.107037 0
7524.510000 0.097863 0
7526.170000 0.129794 0
7527.830000 0.098797 0
7529.490000 0.093859 0
7531.150000 0.091962 0
7532.810000 0.096265 0
7534.470000 0.081411 0
7536.130000 0.081745 0
7537.790000 0.099649 0
7539.450000 0.085618 0
7541.110000 0.092042 0
7542.770000 0.082222 0
7544.430000 0.081940 0
7546.090000 0.075032 0
7547.750000 0.083912 0
7549.410000 0.092306 0
7551.070000 0.090814 0
7552.730000 0.091038 0
7554.390000 0.090232 0
7556.050000 0.084757 0
7557.710000 0.093180 0
7559.370000 0.090431 0
7561.030000 0.081106 0
7562.690000 0.072597 0
7564.350000 0.066741 0
7566.010000 0.072481 0
7567.670000 0.072201 0
7569.330000 0.079259 0
7570.990000 0.094625 0
7572.650000 0.084349 0
7574.310000 0.098393 0
7575.970000 0.074870 0
7577.630000 0.081840 0
7579.290000 0.072937 0
7580.950000 0.086758 0
7582.610000 0.090732 0
7584.270000 0.083236 0
7585.930000 0.095524 0
7587.590000 0.088502 0
7589.250000 0.092100 0
7590.910000 0.081367 0
7592.570000 0.089717 0
7594.230000 0.093697 0
7595.890000 0.110590 0
7597.550000 0.114327 0
7599.210000 0.162619 0
7600.870000 0.130907 0
7602.530000 0.116162 0
7604.190000 0.101988 0
7605.850000 0.123907 0
7607.510000 0.099191 0
7609.170000 0.096807 0
7610.830000 0.069464 0
7612.490000 0.107252 0
7614.150000 0.097366 0
7615.810000 0.089699 0
7617.470000 0.108960 0
7619.130000 0.113500 0
7620.790000 0.124370 0
7622.450000 0.094130 0
7624.110000 0.096031 0
7625.770000 0.105946 0
7627.430000 0.107675 0
7629.090000 0.109560 0
7630.750000 0.134237 0
7632.410000 0.117334 0
7634.070000 0.102106 0
7635.730000 0.108118 0
7637.390000 0.102189 0
7639.050000 0.116991 0
7640.710000 0.100137 0
7642.370000 0.079159 0
7644.030000 0.079732 0
7645.690000 0.067415 0
7647.350000 0.091009 0
7649.010000 0.093277 0
7650.670000 0.080140 0
7652.330000 0.085973 0
7653.990000 0.104776 0
7655.650000 0.076064 0
7657.310000 0.081575 0
7658.970000 0.094513 0
7660.630000 0.077922 0
7662.290000 0.099741 0
7663.950000 0.108562 0
7665.610000 0.097783 0
7667.270000 0.086831 0
7668.930000 0.085234 0
7670.590000 0.086415 0
7672.250000 0.085667 0
7673.910000 0.082652 0
7675.570000 0.085304 0
7677.230000 0.091063 0
7678.890000 0.094021 0
7680.550000 0.076077 0
7682.210000 0.091364 0
7683.870000 0.094831 0
7685.530000 0.089863 0
7687.190000 0.088344 0
7688.850000 0.098106 0
7690.510000 0.090555 0
7692.170000 0.097770 0
7693.830000 0.090009 0
7695.490000 0.092844 0
7697.150000 0.094368 0
7698.810000 0.101051 0
7700.470000 0.094506 0
7702.130000 0.084243 0
7703.790000 0.093107 0
7705.450000 0.088018 0
7707.110000 0.083354 0
7708.770000 0.095691 0
7710.430000 0.101395 0
7712.090000 0.110748 0
7713.750000 0.089758 0
7715.410000 0.125054 0
7717.070000 0.131428 0
7718.730000 0.126304 0
7720.390000 0.093787 0
7722.050000 0.089730 0
7723.710000 0.094545 0
7725.370000 0.099881 0
7727.030000 0.102388 0
7728.690000 0.086661 0
7730.350000 0.090085 0
7732.010000 0.089169 0
7733.670000 0.089493 0
7735.330000 0.087573 0
7736.990000 0.090042 0
7738.650000 0.091334 0
7740.310000 0.102833 0
7741.970000 0.092996 0
7743.630000 0.087847 0
7745.290000 0.084872 0
7746.950000 0.103146 0
7748.610000 0.091384 0
7750.270000 0.109486 0
7751.930000 0.153285 0
7753.590000 0.117943 0
7755.250000 0.102659 0
7756.910000 0.096762 0
7758.570000 0.086546 0
7760.230000 0.106600 0
7761.890000 0.084023 0
7763.550000 0.091294 0
7765.210000 0.087630 0
7766.870000 0.084537 0
7768.530000 0.083482 0
7770.190000 0.086657 0
7771.850000 0.092548 0
7773.510000 0.093818 0
7775.170000 0.103388 0
7776.830000 0.101811 0
7778.490000 0.104348 0
7780.150000 0.104831 0
7781.810000 0.101786 0
7783.470000 0.087995 0
7785.130000 0.086424 0
7786.790000 0.089715 0
7788.450000 0.095924 0
7790.110000 0.090936 0
7791.770000 0.093631 0
7793.430000 0.111900 0
7795.090000 0.110792 0
7796.750000 0.103868 0
7798.410000 0.085428 0
7800.070000 0.095318 0
7801.730000 0.092121 0
7803.390000 0.089787 0
7805.050000 0.070576 0
7806.710000 0.091750 0
7808.370000 0.104655 0
7810.030000 0.113165 0
7811.690000 0.108089 0
7813.350000 0.088998 0
7815.010000 0.101452 0
7816.670000 0.085844 0
7818.330000 0.095275 0
7819.990000 0.136423 0
7821.650000 0.137808 0
7823.310000 0.102095 0
7824.970000 0.102000 0
7826.630000 0.093957 0
7828.290000 0.087030 0
7829.950000 0.084273 0
7831.610000 0.082427 0
7833.270000 0.083683 0
7834.930000 0.095386 0
7836.590000 0.085653 0
7838.250000 0.085928 0
7839.910000 0.109258 0
7841.570000 0.113177 0
7843.230000 0.088035 0
7844.890000 0.105482 0
7846.550000 0.084370 0
7848.210000 0.092140 0
7849.870000 0.100225 0
7851.530000 0.125378 0
7853.190000 0.142496 0
7854.850000 0.165083 0
7856.510000 0.107512 0
7858.170000 0.107533 0
7859.830000 0.097512 0
7861.490000 0.111229 0
7863.150000 0.108789 0
7864.810000 0.088909 0
7866.470000 0.094599 0
7868.130000 0.118346 0
7869.790000 0.107851 0
7871.450000 0.104264 0
7873.110000 0.105049 0
7874.770000 0.085885 0
7876.430000 0.089002 0
7878.090000 0.093510 0
7879.750000 0.112202 0
7881.410000 0.111319 0
7883.070000 0.100394 0
7884.730000 0.084524 0
7886.390000 0.102323 0
7888.050000 0.114719 0
7889.710000 0.128702 0
7891.370000 0.120478 0
7893.030000 0.102237 0
7894.690000 0.099401 0
7896.350000 0.100644 0
7898.010000 0.093121 0
7899.670000 0.085658 0
7901.330000 0.093919 0
7902.990000 0.097007 0
7904.650000 0.077052 0
7906.310000 0.085206 0
7907.970000 0.092913 0
7909.630000 0.109890 0
7911.290000 0.095944 0
7912.950000 0.113991 0
7914.610000 0.119570 0
7916.270000 0.126719 0
7917.930000 0.086242 0
7919.590000 0.107291 0
7921.250000 0.116663 0
7922.910000 0.130544 0
7924.570000 0.097315 0
7926.230000 0.091782 0
7927.890000 0.102555 0
7929.550000 0.117339 0
7931.210000 0.117225 0
7932.870000 0.111411 0
7934.530000 0.105100 0
7936.190000 0.100162 0
7937.850000 0.089087 0
7939.510000 0.086913 0
7941.170000 0.091319 0
7942.830000 0.083043 0
7944.490000 0.085097 0
7946.150000 0.090593 0
7947.810000 0.110495 0
7949.470000 0.111364 0
7951.130000 0.099424 0
7952.790000 0.104063 0
7954.450000 0.091573 0
7956.110000 0.085966 0
7957.770000 0.090941 0
7959.430000 0.088820 0
7961.090000 0.080194 0
7962.750000 0.106394 0
7964.410000 0.163372 0
7966.070000 0.158768 0
7967.730000 0.125413 0
7969.390000 0.098160 0
7971.050000 0.102128 0
7972.710000 0.097453 0
7974.370000 0.089335 0
7976.030000 0.100295 0
7977.690000 0.120634 0
7979.350000 0.116438 0
7981.010000 0.111284 0
7982.670000 0.094238 0
7984.330000 0.085976 0
7985.990000 0.093738 0
7987.650000 0.092703 0
7989.310000 0.094232 0
7990.970000 0.110161 0
7992.630000 0.155025 0
7994.290000 0.152453 0
7995.950000 0.109354 0
7997.610000 0.092224 0
7999.270000 0.084299 0
8000.930000 0.084870 0
8002.590000 0.088785 0
8004.250000 0.085302 0
8005.910000 0.087144 0
8007.570000 0.091233 0
8009.230000 0.085192 0
8010.890000 0.096255 0
8012.550000 0.100558 0
8014.210000 0.125402 0
8015.870000 0.135743 0
8017.530000 0.109721 0
8019.190000 0.097020 0
8020.850000 0.097400 0
8022.510000 0.100008 0
8024.170000 0.122443 0
8025.830000 0.112772 0
8027.490000 0.127294 0
8029.150000 0.107486 0
8030.810000 0.092131 0
8032.470000 0.093641 0
8034.130000 0.084390 0
8035.790000 0.085725 0
8037.450000 0.098438 0
8039.110000 0.091366 0
8040.770000 0.095112 0
8042.430000 0.098300 0
8044.090000 0.086194 0
8045.750000 0.101981 0
8047.410000 0.092057 0
8049.070000 0.108760 0
8050.730000 0.100707 0
8052.390000 0.103044 0
8054.050000 0.093057 0
8055.710000 0.096115 0
8057.370000 0.091423 0
8059.030000 0.107369 0
8060.690000 0.111035 0
8062.350000 0.103067 0
8064.010000 0.116080 0
8065.670000 0.106755 0
8067.330000 0.098933 0
8068.990000 0.097070 0
8070.650000 0.098971 0
8072.310000 0.090343 0
8073.970000 0.088001 0
8075.630000 0.094224 0
8077.290000 0.096143 0
8078.950000 0.097490 0
8080.610000 0.089234 0
8082.270000 0.107343 0
8083.930000 0.080323 0
8085.590000 0.083898 0
8087.250000 0.092812 0
8088.910000 0.085466 0
8090.570000 0.077109 0
8092.230000 0.084277 0
8093.890000 0.098496 0
8095.550000 0.100422 0
8097.210000 0.099663 0
8098.870000 0.100784 0
8100.530000 0.099241 0
8102.190000 0.093257 0
8103.850000 0.089565 0
8105.510000 0.094666 0
8107.170000 0.092644 0
8108.830000 0.088408 0
8110.490000 0.094409 0
8112.150000 0.092472 0
8113.810000 0.097001 0
8115.470000 0.091530 0
8117.130000 0.088664 0
8118.790000 0.101595 0
8120.450000 0.089434 0
8122.110000 0.086905 0
8123.770000 0.098194 0
8125.430000 0.093226 0
8127.090000 0.084373 0
8128.750000 0.094223 0
8130.410000 0.094348 0
8132.070000 0.089756 0
8133.730000 0.080707 0
8135.390000 0.087222 0
8137.050000 0.100576 0
8138.710000 0.090956 0
8140.370000 0.094210 0
8142.030000 0.101182 0
8143.690000 0.096178 0
8145.350000 0.089089 0
8147.010000 0.092255 0
8148.670000 0.092364 0
8150.330000 0.092326 0
8151.990000 0.088163 0
8153.650000 0.087562 0
8155.310000 0.089998 0
8156.970000 0.097741 0
8158.630000 0.099948 0
8160.290000 0.089233 0
8161.950000 0.090078 0
8163.610000 0.081233 0
8165.270000 0.087542 0
8166.930000 0.086438 0
8168.590000 0.088991 0
8170.250000 0.094001 0
8171.910000 0.097561 0
8173.570000 0.096324 0
8175.230000 0.078754 0
8176.890000 0.084412 0
8178.550000 0.087744 0
8180.210000 0.097439 0
8181.870000 0.084954 0
8183.530000 0.100026 0
8185.190000 0.100478 0
8186.850000 0.084765 0
8188.510000 0.085560 0
8190.170000 0.084799 0
8191.830000 0.096334 0
8193.490000 0.098566 0
8195.150000 0.088685 0
8196.810000 0.083679 0
8198.470000 0.078575 0
8200.130000 0.078029 0
8201.790000 0.089282 0
8203.450000 0.095251 0
8205.110000 0.079375 0
8206.770000 0.090617 0
8208.430000 0.094938 0
8210.090000 0.080793 0
8211.750000 0.082913 0
8213.410000 0.077812 0
8215.070000 0.096751 0
8216.730000 0.091916 0
8218.390000 0.092002 0
8220.050000 0.087245 0
8221.710000 0.100536 0
8223.370000 0.097554 0
8225.030000 0.098694 0
8226.690000 0.099683 0
8228.350000 0.085506 0
8230.010000 0.077600 0
8231.670000 0.074904 0
8233.330000 0.094099 0
8234.990000 0.095454 0
8236.650000 0.091834 0
8238.310000 0.098175 0
8239.970000 0.093743 0
8241.630000 0.105848 0
8243.290000 0.093399 0
8244.950000 0.088017 0
8246.610000 0.094763 0
8248.270000 0.102236 0
8249.930000 0.085402 0
8251.590000 0.093200 0
8253.250000 0.105442 0
8254.910000 0.096513 0
8256.570000 0.087661 0
8258.230000 0.084575 0
8259.890000 0.095855 0
8261.550000 0.083280 0
8263.210000 0.083192 0
8264.870000 0.083664 0
8266.530000 0.093659 0
8268.190000 0.084770 0
8269.850000 0.092463 0
8271.510000 0.093101 0
8273.170000 0.083386 0
8274.830000 0.086399 0
8276.490000 0.099518 0
8278.150000 0.106571 0
8279.810000 0.116329 0
8281.470000 0.125503 0
8283.130000 0.119050 0
8284.790000 0.108240 0
8286.450000 0.123472 0
8288.110000 0.114853 0
8289.770000 0.119858 0
8291.430000 0.095230 0
8293.090000 0.077573 0
8294.750000 0.096916 0
8296.410000 0.099503 0
8298.070000 0.110575 0
8299.730000 0.123862 0
8301.390000 0.107528 0
8303.050000 0.070684 0
8304.710000 0.086462 0
8306.370000 0.087599 0
8308.030000 0.097518 0
8309.690000 0.094531 0
8311.350000 0.081844 0
8313.010000 0.092059 0
8314.670000 0.085097 0
8316.330000 0.091877 0
8317.990000 0.087563 0
8319.650000 0.095066 0
8321.310000 0.095538 0
8322.970000 0.102813 0
8324.630000 0.091853 0
8326.290000 0.094669 0
8327.950000 0.087319 0
8329.610000 0.092810 0
8331.270000 0.088342 0
8332.930000 0.084548 0
8334.590000 0.094070 0
8336.250000 0.095885 0
8337.910000 0.091567 0
8339.570000 0.097874 0
8341.230000 0.115076 0
8342.890000 0.204701 0
8344.550000 0.194769 0
8346.210000 0.161713 0
8347.870000 0.085400 0
8349.530000 0.119178 0
8351.190000 0.138251 0
8352.850000 0.127855 0
8354.510000 0.112734 0
8356.170000 0.107203 0
8357.830000 0.086577 0
8359.490000 0.083896 0
8361.150000 0.099864 0
8362.810000 0.109957 0
8364.470000 0.107954 0
8366.130000 0.106217 0
8367.790000 0.090500 0
8369.450000 0.083396 0
8371.110000 0.086958 0
8372.770000 0.096273 0
8374.430000 0.096535 0
8376.090000 0.094600 0
8377.750000 0.102276 0
8379.410000 0.111762 0
8381.070000 0.114692 0
8382.730000 0.121871 0
8384.390000 0.096358 0
8386.050000 0.086211 0
8387.710000 0.091752 0
8389.370000 0.097923 0
8391.030000 0.093184 0
8392.690000 0.093457 0
8394.350000 0.088650 0
8396.010000 0.138719 0
8397.670000 0.166645 0
8399.330000 0.155484 0
8400.990000 0.127757 0
8402.650000 0.087526 0
8404.310000 0.084895 0
8405.970000 0.083590 0
8407.630000 0.091878 0
8409.290000 0.091336 0
8410.950000 0.090932 0
8412.610000 0.110298 0
8414.270000 0.103676 0
8415.930000 0.118577 0
8417.590000 0.093783 0
8419.250000 0.087326 0
8420.910000 0.095836 0
8422.570000 0.082149 0
8424.230000 0.086835 0
8425.890000 0.100717 0
8427.550000 0.152240 0
8429.210000 0.173793 0
8430.870000 0.158398 0
8432.530000 0.087371 0
8434.190000 0.079237 0
8435.850000 0.088064 0
8437.510000 0.106241 0
8439.170000 0.092036 0
8440.830000 0.085994 0
8442.490000 0.090852 0
8444.150000 0.095777 0
8445.810000 0.080701 0
8447.470000 0.080428 0
8449.130000 0.099117 0
8450.790000 0.126435 0
8452.450000 0.092348 0
8454.110000 0.086100 0
8455.770000 0.064944 0
8457.430000 0.070257 0
8459.090000 0.065410 0
8460.750000 0.073623 0
8462.410000 0.114990 0
8464.070000 0.142814 0
8465.730000 0.149351 0
8467.390000 0.043778 0
8469.050000 0.043235 0
8470.710000 0.074975 0
8472.370000 0.061451 0
8474.030000 0.091153 0
8475.690000 0.156704 0
8477.350000 0.216729 0
