# obs: 255716
# slit: 18
# z: 0.39147
# lines: [OII],H8,K,H,H{delta},H{beta},[OIII]
# spec: 664
4451.680000 0.000000 1
4455.040000 0.000000 1
4458.400000 0.000000 1
4461.760000 0.000000 1
4465.120000 0.000000 1
4468.479999 0.000000 1
4471.839999 0.000000 1
4475.199999 0.000000 1
4478.559999 0.000000 1
4481.919999 0.000000 1
4485.279999 0.001415 0
4488.639999 0.085286 0
4491.999999 0.052784 0
4495.359999 0.063725 0
4498.719999 0.051056 0
4502.079998 0.034001 0
4505.439998 0.057207 0
4508.799998 0.078689 0
4512.159998 0.055209 0
4515.519998 0.080358 0
4518.879998 0.073516 0
4522.239998 0.069634 0
4525.599998 0.060074 0
4528.959998 0.060409 0
4532.319997 0.024089 0
4535.679997 0.056681 0
4539.039997 0.051748 0
4542.399997 0.058351 0
4545.759997 0.051550 0
4549.119997 0.040985 0
4552.479997 0.026778 0
4555.839997 0.070582 0
4559.199997 0.085859 0
4562.559997 0.051110 0
4565.919996 0.032587 0
4569.279996 0.060070 0
4572.639996 0.053027 0
4575.999996 0.052112 0
4579.359996 0.060859 0
4582.719996 0.058218 0
4586.079996 0.035379 0
4589.439996 0.062080 0
4592.799996 0.053811 0
4596.159995 0.060825 0
4599.519995 0.071356 0
4602.879995 0.074099 0
4606.239995 0.036153 0
4609.599995 0.062886 0
4612.959995 0.048928 0
4616.319995 0.076510 0
4619.679995 0.056099 0
4623.039995 0.068632 0
4626.399995 0.067164 0
4629.759994 0.037597 0
4633.119994 0.076521 0
4636.479994 0.060401 0
4639.839994 0.046084 0
4643.199994 0.065821 0
4646.559994 0.054932 0
4649.919994 0.061388 0
4653.279994 0.028673 0
4656.639994 0.047623 0
4659.999993 0.057938 0
4663.359993 0.062729 0
4666.719993 0.049411 0
4670.079993 0.059451 0
4673.439993 0.038932 0
4676.799993 0.050135 0
4680.159993 0.059855 0
4683.519993 0.052048 0
4686.879993 0.042156 0
4690.239993 0.044296 0
4693.599992 0.062086 0
4696.959992 0.068421 0
4700.319992 0.049986 0
4703.679992 0.039451 0
4707.039992 0.069223 0
4710.399992 0.069904 0
4713.759992 0.049201 0
4717.119992 0.061600 0
4720.479992 0.040181 0
4723.839992 0.049855 0
4727.199991 0.056955 0
4730.559991 0.074826 0
4733.919991 0.079660 0
4737.279991 0.071334 0
4740.639991 0.063346 0
4743.999991 0.054755 0
4747.359991 0.059159 0
4750.719991 0.049715 0
4754.079991 0.077506 0
4757.439990 0.086158 0
4760.799990 0.068381 0
4764.159990 0.045170 0
4767.519990 0.064669 0
4770.879990 0.060006 0
4774.239990 0.056759 0
4777.599990 0.066595 0
4780.959990 0.049945 0
4784.319990 0.044040 0
4787.679990 0.058159 0
4791.039989 0.036395 0
4794.399989 0.043216 0
4797.759989 0.077811 0
4801.119989 0.069386 0
4804.479989 0.069696 0
4807.839989 0.054440 0
4811.199989 0.035547 0
4814.559989 0.067010 0
4817.919989 0.051546 0
4821.279988 0.061217 0
4824.639988 0.055921 0
4827.999988 0.079244 0
4831.359988 0.062364 0
4834.719988 0.036609 0
4838.079988 0.068043 0
4841.439988 0.063638 0
4844.799988 0.057888 0
4848.159988 0.032494 0
4851.519988 0.056175 0
4854.879987 0.055887 0
4858.239987 0.057634 0
4861.599987 0.044419 0
4864.959987 0.045164 0
4868.319987 0.064114 0
4871.679987 0.041216 0
4875.039987 0.061130 0
4878.399987 0.081581 0
4881.759987 0.068830 0
4885.119986 0.062341 0
4888.479986 0.036407 0
4891.839986 0.065494 0
4895.199986 0.066681 0
4898.559986 0.044428 0
4901.919986 0.055687 0
4905.279986 0.056084 0
4908.639986 0.066547 0
4911.999986 0.049273 0
4915.359986 0.049116 0
4918.719985 0.040720 0
4922.079985 0.066293 0
4925.439985 0.050689 0
4928.799985 0.050155 0
4932.159985 0.054029 0
4935.519985 0.032335 0
4938.879985 0.052763 0
4942.239985 0.054368 0
4945.599985 0.059830 0
4948.959984 0.053533 0
4952.319984 0.071049 0
4955.679984 0.055240 0
4959.039984 0.065558 0
4962.399984 0.047526 0
4965.759984 0.057533 0
4969.119984 0.045792 0
4972.479984 0.039872 0
4975.839984 0.057355 0
4979.199984 0.044784 0
4982.559983 0.040233 0
4985.919983 0.051059 0
4989.279983 0.054504 0
4992.639983 0.053940 0
4995.999983 0.058276 0
4999.359983 0.059936 0
5002.719983 0.040842 0
5006.079983 0.064501 0
5009.439983 0.050934 0
5012.799982 0.054649 0
5016.159982 0.035376 0
5019.519982 0.039285 0
5022.879982 0.081700 0
5026.239982 0.039314 0
5029.599982 0.051684 0
5032.959982 0.061668 0
5036.319982 0.056796 0
5039.679982 0.035729 0
5043.039982 0.078335 0
5046.399981 0.063884 0
5049.759981 0.055697 0
5053.119981 0.048193 0
5056.479981 0.051772 0
5059.839981 0.056856 0
5063.199981 0.050671 0
5066.559981 0.053271 0
5069.919981 0.068318 0
5073.279981 0.061316 0
5076.639980 0.046053 0
5079.999980 0.065642 0
5083.359980 0.054917 0
5086.719980 0.069120 0
5090.079980 0.066008 0
5093.439980 0.060120 0
5096.799980 0.059734 0
5100.159980 0.059902 0
5103.519980 0.064219 0
5106.879980 0.072469 0
5110.239979 0.060552 0
5113.599979 0.043319 0
5116.959979 0.031206 0
5120.319979 0.052842 0
5123.679979 0.058933 0
5127.039979 0.054085 0
5130.399979 0.039413 0
5133.759979 0.058249 0
5137.119979 0.068174 0
5140.479978 0.052936 0
5143.839978 0.056264 0
5147.199978 0.055586 0
5150.559978 0.067320 0
5153.919978 0.059514 0
5157.279978 0.051101 0
5160.639978 0.042789 0
5163.999978 0.037556 0
5167.359978 0.082920 0
5170.719978 0.080749 0
5174.079977 0.059728 0
5177.439977 0.047946 0
5180.799977 0.112015 0
5184.159977 0.160461 0
5187.519977 0.214122 0
5190.879977 0.219085 0
5194.239977 0.164304 0
5197.599977 0.098079 0
5200.959977 0.062843 0
5204.319977 0.074875 0
5207.679976 0.080380 0
5211.039976 0.067436 0
5214.399976 0.036395 0
5217.759976 0.043717 0
5221.119976 0.071982 0
5224.479976 0.083140 0
5227.839976 0.075105 0
5231.199976 0.087065 0
5234.559976 0.096077 0
5237.919975 0.074134 0
5241.279975 0.047598 0
5244.639975 0.063049 0
5247.999975 0.066854 0
5251.359975 0.064164 0
5254.719975 0.062949 0
5258.079975 0.074342 0
5261.439975 0.111682 0
5264.799975 0.096514 0
5268.159975 0.088732 0
5271.519974 0.079753 0
5274.879974 0.091412 0
5278.239974 0.067479 0
5281.599974 0.067290 0
5284.959974 0.053612 0
5288.319974 0.066749 0
5291.679974 0.070438 0
5295.039974 0.082200 0
5298.399974 0.093737 0
5301.759973 0.102282 0
5305.119973 0.093158 0
5308.479973 0.102369 0
5311.839973 0.094103 0
5315.199973 0.069767 0
5318.559973 0.081288 0
5321.919973 0.067848 0
5325.279973 0.054135 0
5328.639973 0.078981 0
5331.999973 0.051813 0
5335.359972 0.056012 0
5338.719972 0.052615 0
5342.079972 0.056420 0
5345.439972 0.073190 0
5348.799972 0.063699 0
5352.159972 0.066009 0
5355.519972 0.067705 0
5358.879972 0.085733 0
5362.239972 0.087911 0
5365.599971 0.078059 0
5368.959971 0.084039 0
5372.319971 0.073164 0
5375.679971 0.079005 0
5379.039971 0.068382 0
5382.399971 0.092787 0
5385.759971 0.070427 0
5389.119971 0.084652 0
5392.479971 0.087868 0
5395.839971 0.079125 0
5399.199970 0.072426 0
5402.559970 0.067895 0
5405.919970 0.070810 0
5409.279970 0.059251 0
5412.639970 0.068190 0
5415.999970 0.068421 0
5419.359970 0.075045 0
5422.719970 0.065278 0
5426.079970 0.082758 0
5429.439969 0.093328 0
5432.799969 0.090226 0
5436.159969 0.082754 0
5439.519969 0.085716 0
5442.879969 0.091901 0
5446.239969 0.084278 0
5449.599969 0.101104 0
5452.959969 0.076675 0
5456.319969 0.095678 0
5459.679969 0.095205 0
5463.039968 0.090733 0
5466.399968 0.089894 0
5469.759968 0.062995 0
5473.119968 0.054820 0
5476.479968 0.065862 0
5479.839968 0.073377 0
5483.199968 0.089848 0
5486.559968 0.081202 0
5489.919968 0.092408 0
5493.279967 0.081323 0
5496.639967 0.083209 0
5499.999967 0.101998 0
5503.359967 0.071779 0
5506.719967 0.061990 0
5510.079967 0.089825 0
5513.439967 0.077308 0
5516.799967 0.059523 0
5520.159967 0.049615 0
5523.519967 0.054034 0
5526.879966 0.056528 0
5530.239966 0.057840 0
5533.599966 0.061654 0
5536.959966 0.077042 0
5540.319966 0.101774 0
5543.679966 0.092635 0
5547.039966 0.085179 0
5550.399966 0.094154 0
5553.759966 0.096263 0
5557.119965 0.091197 0
5560.479965 0.114936 0
5563.839965 0.095410 0
5567.199965 0.091941 1
5570.559965 0.016853 1
5573.919965 0.046715 1
5577.279965 0.144143 1
5580.639965 0.016991 1
5583.999965 0.121382 1
5587.359965 0.110930 0
5590.719964 0.113756 0
5594.079964 0.091329 0
5597.439964 0.106882 0
5600.799964 0.084195 0
5604.159964 0.079545 0
5607.519964 0.089013 0
5610.879964 0.080437 0
5614.239964 0.110906 0
5617.599964 0.115003 0
5620.959963 0.086967 0
5624.319963 0.116500 0
5627.679963 0.089793 0
5631.039963 0.097193 0
5634.399963 0.105782 0
5637.759963 0.104959 0
5641.119963 0.085170 0
5644.479963 0.095817 0
5647.839963 0.077649 0
5651.199963 0.080892 0
5654.559962 0.093848 0
5657.919962 0.112207 0
5661.279962 0.102310 0
5664.639962 0.097654 0
5667.999962 0.096370 0
5671.359962 0.100008 0
5674.719962 0.084077 0
5678.079962 0.088086 0
5681.439962 0.090778 0
5684.799962 0.083886 0
5688.159961 0.098766 0
5691.519961 0.084270 0
5694.879961 0.079391 0
5698.239961 0.071884 0
5701.599961 0.083459 0
5704.959961 0.061506 0
5708.319961 0.071052 0
5711.679961 0.074071 0
5715.039961 0.080850 0
5718.399960 0.094187 0
5721.759960 0.078862 0
5725.119960 0.073632 0
5728.479960 0.088862 0
5731.839960 0.091815 0
5735.199960 0.086718 0
5738.559960 0.088096 0
5741.919960 0.078149 0
5745.279960 0.084627 0
5748.639960 0.093222 0
5751.999959 0.073356 0
5755.359959 0.086145 0
5758.719959 0.101983 0
5762.079959 0.089591 0
5765.439959 0.078572 0
5768.799959 0.070528 0
5772.159959 0.096264 0
5775.519959 0.110793 0
5778.879959 0.099104 0
5782.239958 0.085319 0
5785.599958 0.086610 0
5788.959958 0.078596 0
5792.319958 0.110486 0
5795.679958 0.105086 0
5799.039958 0.094889 0
5802.399958 0.089871 0
5805.759958 0.092234 0
5809.119958 0.084183 0
5812.479958 0.107525 0
5815.839957 0.104412 0
5819.199957 0.092518 0
5822.559957 0.096452 0
5825.919957 0.079613 0
5829.279957 0.100413 0
5832.639957 0.097968 0
5835.999957 0.075066 0
5839.359957 0.093374 0
5842.719957 0.085463 0
5846.079956 0.079136 0
5849.439956 0.095470 0
5852.799956 0.093973 0
5856.159956 0.096622 0
5859.519956 0.089090 0
5862.879956 0.083367 0
5866.239956 0.094931 0
5869.599956 0.107957 0
5872.959956 0.101541 0
5876.319956 0.099951 0
5879.679955 0.097854 0
5883.039955 0.067785 0
5886.399955 0.055671 0
5889.759955 0.105182 0
5893.119955 0.124067 0
5896.479955 0.086085 0
5899.839955 0.103170 0
5903.199955 0.097683 0
5906.559955 0.096403 0
5909.919954 0.098099 0
5913.279954 0.095353 0
5916.639954 0.114248 0
5919.999954 0.089731 0
5923.359954 0.099945 0
5926.719954 0.106702 0
5930.079954 0.088523 0
5933.439954 0.081324 0
5936.799954 0.090523 0
5940.159954 0.096115 0
5943.519953 0.079580 0
5946.879953 0.095036 0
5950.239953 0.108898 0
5953.599953 0.081468 0
5956.959953 0.092599 0
5960.319953 0.094921 0
5963.679953 0.086300 0
5967.039953 0.094386 0
5970.399953 0.107504 0
5973.759952 0.086304 0
5977.119952 0.088664 0
5980.479952 0.078349 0
5983.839952 0.079765 0
5987.199952 0.100712 0
5990.559952 0.096999 0
5993.919952 0.083404 0
5997.279952 0.077716 0
6000.639952 0.068962 0
6003.999952 0.090902 0
6007.359951 0.092095 0
6010.719951 0.088005 0
6014.079951 0.095965 0
6017.439951 0.101486 0
6020.799951 0.081536 0
6024.159951 0.069856 0
6027.519951 0.072383 0
6030.879951 0.075633 0
6034.239951 0.071103 0
6037.599950 0.081950 0
6040.959950 0.071436 0
6044.319950 0.074812 0
6047.679950 0.078751 0
6051.039950 0.074472 0
6054.399950 0.055182 0
6057.759950 0.087749 0
6061.119950 0.097258 0
6064.479950 0.091295 0
6067.839950 0.093367 0
6071.199949 0.079759 0
6074.559949 0.085862 0
6077.919949 0.092271 0
6081.279949 0.067912 0
6084.639949 0.083243 0
6087.999949 0.083244 0
6091.359949 0.084148 0
6094.719949 0.081042 0
6098.079949 0.094858 0
6101.439948 0.084563 0
6104.799948 0.075664 0
6108.159948 0.089859 0
6111.519948 0.100547 0
6114.879948 0.073743 0
6118.239948 0.062920 0
6121.599948 0.075233 0
6124.959948 0.100191 0
6128.319948 0.099660 0
6131.679948 0.087847 0
6135.039947 0.094542 0
6138.399947 0.081767 0
6141.759947 0.088241 0
6145.119947 0.087904 0
6148.479947 0.091007 0
6151.839947 0.075841 0
6155.199947 0.091229 0
6158.559947 0.091706 0
6161.919947 0.097409 0
6165.279947 0.087666 0
6168.639946 0.074795 0
6171.999946 0.070084 0
6175.359946 0.073680 0
6178.719946 0.076573 0
6182.079946 0.084067 0
6185.439946 0.099180 0
6188.799946 0.101986 0
6192.159946 0.088016 0
6195.519946 0.084100 0
6198.879945 0.096326 0
6202.239945 0.084105 0
6205.599945 0.082231 0
6208.959945 0.094213 0
6212.319945 0.097350 0
6215.679945 0.098598 0
6219.039945 0.093602 0
6222.399945 0.093342 0
6225.759945 0.088614 0
6229.119945 0.080484 0
6232.479944 0.092211 0
6235.839944 0.080574 0
6239.199944 0.089779 0
6242.559944 0.096008 0
6245.919944 0.089024 0
6249.279944 0.085931 0
6252.639944 0.083336 0
6255.999944 0.111790 0
6259.359944 0.069559 0
6262.719943 0.065430 0
6266.079943 0.113943 0
6269.439943 0.115604 0
6272.799943 0.115466 0
6276.159943 0.075878 0
6279.519943 0.052117 0
6282.879943 0.084351 0
6286.239943 0.089663 0
6289.599943 0.058024 0
6292.959943 0.068748 1
6296.319942 0.030643 1
6299.679942 0.072785 1
6303.039942 0.090491 1
6306.399942 0.180173 1
6309.759942 0.090492 1
6313.119942 0.084431 1
6316.479942 0.058717 1
6319.839942 0.081009 0
6323.199942 0.104511 0
6326.559941 0.102728 0
6329.919941 0.094825 0
6333.279941 0.097028 0
6336.639941 0.079384 0
6339.999941 0.088961 0
6343.359941 0.093896 0
6346.719941 0.103286 0
6350.079941 0.086824 0
6353.439941 0.061287 0
6356.799941 0.097766 0
6360.159940 0.086975 0
6363.519940 0.086235 0
6366.879940 0.110726 0
6370.239940 0.093085 0
6373.599940 0.075749 0
6376.959940 0.063743 0
6380.319940 0.091307 0
6383.679940 0.116361 0
6387.039940 0.085398 0
6390.399939 0.093978 0
6393.759939 0.092966 0
6397.119939 0.084871 0
6400.479939 0.080723 0
6403.839939 0.082330 0
6407.199939 0.075265 0
6410.559939 0.071847 0
6413.919939 0.089713 0
6417.279939 0.085888 0
6420.639939 0.068083 0
6423.999938 0.103768 0
6427.359938 0.080621 0
6430.719938 0.105290 0
6434.079938 0.091274 0
6437.439938 0.107751 0
6440.799938 0.094558 0
6444.159938 0.096753 0
6447.519938 0.100557 0
6450.879938 0.091219 0
6454.239937 0.097192 0
6457.599937 0.090615 0
6460.959937 0.085794 0
6464.319937 0.100349 0
6467.679937 0.089378 0
6471.039937 0.091729 0
6474.399937 0.093647 0
6477.759937 0.099497 0
6481.119937 0.080749 0
6484.479937 0.092558 0
6487.839936 0.083231 0
6491.199936 0.091131 0
6494.559936 0.088226 0
6497.919936 0.098042 0
6501.279936 0.066439 0
6504.639936 0.095268 0
6507.999936 0.076708 0
6511.359936 0.088213 0
6514.719936 0.084528 0
6518.079935 0.078359 0
6521.439935 0.085582 0
6524.799935 0.090534 0
6528.159935 0.090487 0
6531.519935 0.081371 0
6534.879935 0.080411 0
6538.239935 0.083359 0
6541.599935 0.064216 0
6544.959935 0.094586 0
6548.319935 0.103813 0
6551.679934 0.092873 0
6555.039934 0.060515 0
6558.399934 0.091244 0
6561.759934 0.103771 0
6565.119934 0.087090 0
6568.479934 0.092984 0
6571.839934 0.103002 0
6575.199934 0.083410 0
6578.559934 0.097447 0
6581.919933 0.092741 0
6585.279933 0.102032 0
6588.639933 0.090425 0
6591.999933 0.092586 0
6595.359933 0.092108 0
6598.719933 0.086059 0
6602.079933 0.103699 0
6605.439933 0.075846 0
6608.799933 0.088234 0
6612.159933 0.094220 0
6615.519932 0.102011 0
6618.879932 0.094884 0
6622.239932 0.086800 0
6625.599932 0.079979 0
6628.959932 0.076245 0
6632.319932 0.087240 0
6635.679932 0.086981 0
6639.039932 0.085664 0
6642.399932 0.092217 0
6645.759932 0.077223 0
6649.119931 0.091285 0
6652.479931 0.092644 0
6655.839931 0.076215 0
6659.199931 0.086163 0
6662.559931 0.092513 0
6665.919931 0.088270 0
6669.279931 0.100399 0
6672.639931 0.082875 0
6675.999931 0.064345 0
6679.359930 0.091447 0
6682.719930 0.099169 0
6686.079930 0.089025 0
6689.439930 0.090467 0
6692.799930 0.085481 0
6696.159930 0.084817 0
6699.519930 0.089247 0
6702.879930 0.091529 0
6706.239930 0.091044 0
6709.599930 0.073058 0
6712.959929 0.071894 0
6716.319929 0.079824 0
6719.679929 0.079061 0
6723.039929 0.073346 0
6726.399929 0.086065 0
6729.759929 0.070126 0
6733.119929 0.079567 0
6736.479929 0.090521 0
6739.839929 0.071733 0
6743.199928 0.090665 0
6746.559928 0.076935 0
6749.919928 0.070801 0
6753.279928 0.074395 0
6756.639928 0.077150 0
6759.999928 0.111371 0
6763.359928 0.121683 0
6766.719928 0.109030 0
6770.079928 0.102066 0
6773.439928 0.101204 0
6776.799927 0.072454 0
6780.159927 0.065497 0
6783.519927 0.085281 0
6786.879927 0.100203 0
6790.239927 0.098588 0
6793.599927 0.088760 0
6796.959927 0.068740 0
6800.319927 0.088903 0
6803.679927 0.095444 0
6807.039926 0.074782 0
6810.399926 0.093574 0
6813.759926 0.082129 0
6817.119926 0.082208 0
6820.479926 0.076191 0
6823.839926 0.068145 0
6827.199926 0.074388 0
6830.559926 0.079295 0
6833.919926 0.087470 0
6837.279926 0.084714 0
6840.639925 0.082631 0
6843.999925 0.096021 0
6847.359925 0.104942 0
6850.719925 0.087392 0
6854.079925 0.075612 0
6857.439925 0.070696 0
6860.799925 0.086291 0
6864.159925 0.108085 0
6867.519925 0.067095 0
6870.879924 0.043053 0
6874.239924 0.067215 0
6877.599924 0.068159 0
6880.959924 0.065557 0
6884.319924 0.069888 0
6887.679924 0.053963 0
6891.039924 0.086075 0
6894.399924 0.077469 0
6897.759924 0.060199 0
6901.119924 0.079516 0
6904.479923 0.079931 0
6907.839923 0.067849 0
6911.199923 0.069735 0
6914.559923 0.078063 0
6917.919923 0.085999 0
6921.279923 0.079105 0
6924.639923 0.065175 0
6927.999923 0.064789 0
6931.359923 0.084045 0
6934.719922 0.077057 0
6938.079922 0.092847 0
6941.439922 0.067503 0
6944.799922 0.083456 0
6948.159922 0.088501 0
6951.519922 0.073423 0
6954.879922 0.082368 0
6958.239922 0.096722 0
6961.599922 0.106921 0
6964.959922 0.106651 0
6968.319921 0.112040 0
6971.679921 0.110789 0
6975.039921 0.098588 0
6978.399921 0.092656 0
6981.759921 0.069428 0
6985.119921 0.082429 0
6988.479921 0.068011 0
6991.839921 0.068081 0
6995.199921 0.069926 0
6998.559920 0.077035 0
7001.919920 0.084596 0
7005.279920 0.072749 0
7008.639920 0.068338 0
7011.999920 0.068352 0
7015.359920 0.079778 0
7018.719920 0.092663 0
7022.079920 0.087898 0
7025.439920 0.078620 0
7028.799920 0.073290 0
7032.159919 0.069356 0
7035.519919 0.080017 0
7038.879919 0.083206 0
7042.239919 0.091084 0
7045.599919 0.068048 0
7048.959919 0.070352 0
7052.319919 0.070557 0
7055.679919 0.088700 0
7059.039919 0.088603 0
7062.399918 0.076892 0
7065.759918 0.073135 0
7069.119918 0.064712 0
7072.479918 0.072208 0
7075.839918 0.076934 0
7079.199918 0.099296 0
7082.559918 0.090633 0
7085.919918 0.083664 0
7089.279918 0.073632 0
7092.639918 0.077223 0
7095.999917 0.075936 0
7099.359917 0.078924 0
7102.719917 0.095441 0
7106.079917 0.073852 0
7109.439917 0.089229 0
7112.799917 0.073488 0
7116.159917 0.078276 0
7119.519917 0.088834 0
7122.879917 0.090677 0
7126.239916 0.070752 0
7129.599916 0.061398 0
7132.959916 0.084154 0
7136.319916 0.086549 0
7139.679916 0.075521 0
7143.039916 0.067027 0
7146.399916 0.093400 0
7149.759916 0.100231 0
7153.119916 0.074152 0
7156.479916 0.067776 0
7159.839915 0.095879 0
7163.199915 0.078208 0
7166.559915 0.080848 0
7169.919915 0.069950 0
7173.279915 0.075913 0
7176.639915 0.088469 0
7179.999915 0.059362 0
7183.359915 0.066630 0
7186.719915 0.083617 0
7190.079915 0.059550 0
7193.439914 0.067413 0
7196.799914 0.070864 0
7200.159914 0.039314 0
7203.519914 0.064336 0
7206.879914 0.086292 0
7210.239914 0.078887 0
7213.599914 0.066091 0
7216.959914 0.075581 0
7220.319914 0.095950 0
7223.679913 0.075339 0
7227.039913 0.060170 0
7230.399913 0.075432 0
7233.759913 0.085545 0
7237.119913 0.064923 0
7240.479913 0.064996 0
7243.839913 0.079069 0
7247.199913 0.066894 0
7250.559913 0.058781 0
7253.919913 0.065153 0
7257.279912 0.076581 0
7260.639912 0.068146 0
7263.999912 0.067489 0
7267.359912 0.059414 0
7270.719912 0.058191 0
7274.079912 0.084827 0
7277.439912 0.068244 0
7280.799912 0.075483 0
7284.159912 0.075559 0
7287.519911 0.102726 0
7290.879911 0.055242 0
7294.239911 0.085135 0
7297.599911 0.071036 0
7300.959911 0.071355 0
7304.319911 0.079499 0
7307.679911 0.079169 0
7311.039911 0.073992 0
7314.399911 0.073348 0
7317.759911 0.068091 0
7321.119910 0.065873 0
7324.479910 0.075131 0
7327.839910 0.084657 0
7331.199910 0.069780 0
7334.559910 0.077445 0
7337.919910 0.078887 0
7341.279910 0.079499 0
7344.639910 0.061127 0
7347.999910 0.081417 0
7351.359909 0.074176 0
7354.719909 0.054792 0
7358.079909 0.065583 0
7361.439909 0.086221 0
7364.799909 0.083282 0
7368.159909 0.104848 0
7371.519909 0.057587 0
7374.879909 0.085109 0
7378.239909 0.054774 0
7381.599909 0.091554 0
7384.959908 0.071871 0
7388.319908 0.080616 0
7391.679908 0.088331 0
7395.039908 0.056735 0
7398.399908 0.072574 0
7401.759908 0.059398 0
7405.119908 0.086840 0
7408.479908 0.082187 0
7411.839908 0.067804 0
7415.199907 0.074018 0
7418.559907 0.077646 0
7421.919907 0.058426 0
7425.279907 0.070639 0
7428.639907 0.077931 0
7431.999907 0.070900 0
7435.359907 0.077543 0
7438.719907 0.077248 0
7442.079907 0.061190 0
7445.439907 0.068680 0
7448.799906 0.062901 0
7452.159906 0.067304 0
7455.519906 0.079324 0
7458.879906 0.080681 0
7462.239906 0.068656 0
7465.599906 0.072045 0
7468.959906 0.073678 0
7472.319906 0.070807 0
7475.679906 0.069684 0
7479.039905 0.051973 0
7482.399905 0.075184 0
7485.759905 0.089699 0
7489.119905 0.074636 0
7492.479905 0.079972 0
7495.839905 0.093305 0
7499.199905 0.070488 0
7502.559905 0.064683 0
7505.919905 0.075272 0
7509.279905 0.076064 0
7512.639904 0.065015 0
7515.999904 0.057067 0
7519.359904 0.071470 0
7522.719904 0.056301 0
7526.079904 0.061894 0
7529.439904 0.071826 0
7532.799904 0.068897 0
7536.159904 0.074308 0
7539.519904 0.087607 0
7542.879903 0.082543 0
7546.239903 0.070143 0
7549.599903 0.067303 0
7552.959903 0.066045 0
7556.319903 0.062581 0
7559.679903 0.062123 0
7563.039903 0.058980 0
7566.399903 0.086701 0
7569.759903 0.079394 0
7573.119903 0.070175 0
7576.479902 0.062861 0
7579.839902 0.066888 0
7583.199902 0.060762 0
7586.559902 0.067426 0
7589.919902 0.060404 0
7593.279902 0.074198 0
7596.639902 0.051094 0
7599.999902 0.056900 0
7603.359902 0.047694 0
7606.719901 0.064295 0
7610.079901 0.080394 0
7613.439901 0.079927 0
7616.799901 0.073036 0
7620.159901 0.090626 0
7623.519901 0.088779 0
7626.879901 0.056156 0
7630.239901 0.018853 0
7633.599901 0.070717 0
7636.959901 0.067099 0
7640.319900 0.054730 0
7643.679900 0.082768 0
7647.039900 0.081625 0
7650.399900 0.081121 0
7653.759900 0.079581 0
7657.119900 0.083597 0
7660.479900 0.082964 0
7663.839900 0.063535 0
7667.199900 0.058395 0
7670.559900 0.056937 0
7673.919899 0.082679 0
7677.279899 0.055712 0
7680.639899 0.078997 0
7683.999899 0.069020 0
7687.359899 0.092030 0
7690.719899 0.058517 0
7694.079899 0.074226 0
7697.439899 0.069291 0
7700.799899 0.066512 0
7704.159898 0.061434 0
7707.519898 0.085689 0
7710.879898 0.061121 0
7714.239898 0.075985 0
7717.599898 0.072023 0
7720.959898 0.050949 0
7724.319898 0.042914 0
7727.679898 0.080508 0
7731.039898 0.069243 0
7734.399898 0.058828 0
7737.759897 0.080603 0
7741.119897 0.072302 0
7744.479897 0.041197 0
7747.839897 0.065009 0
7751.199897 0.085235 0
7754.559897 0.056402 0
7757.919897 0.082447 0
7761.279897 0.074679 0
7764.639897 0.054247 0
7767.999896 0.071553 0
7771.359896 0.066397 0
7774.719896 0.081878 0
7778.079896 0.068360 0
7781.439896 0.068049 0
7784.799896 0.049695 0
7788.159896 0.043965 0
7791.519896 0.072610 0
7794.879896 0.079071 0
7798.239896 0.045560 0
7801.599895 0.073181 0
7804.959895 0.094226 0
7808.319895 0.090500 0
7811.679895 0.076213 0
7815.039895 0.075248 0
7818.399895 0.075447 0
7821.759895 0.087189 0
7825.119895 0.045311 0
7828.479895 0.052907 0
7831.839894 0.069121 0
7835.199894 0.071830 0
7838.559894 0.072656 0
7841.919894 0.069042 0
7845.279894 0.056342 0
7848.639894 0.080967 0
7851.999894 0.086763 0
7855.359894 0.083585 0
7858.719894 0.041621 0
7862.079894 0.078930 0
7865.439893 0.070794 0
7868.799893 0.085113 0
7872.159893 0.062679 0
7875.519893 0.064905 0
7878.879893 0.029079 0
7882.239893 0.112957 0
7885.599893 0.076664 0
7888.959893 0.072649 0
7892.319893 0.071378 0
7895.679892 0.097939 0
7899.039892 0.078811 0
7902.399892 0.057995 0
7905.759892 0.054904 0
7909.119892 0.069999 0
7912.479892 0.064546 0
7915.839892 0.104727 0
7919.199892 0.099637 0
7922.559892 0.061770 0
7925.919892 0.033448 0
7929.279891 0.063101 0
7932.639891 0.077128 0
7935.999891 0.061755 0
7939.359891 0.058352 0
7942.719891 0.072627 0
7946.079891 0.059213 0
7949.439891 0.078744 0
7952.799891 0.088716 0
7956.159891 0.093885 0
7959.519890 0.083847 0
7962.879890 0.120545 0
7966.239890 0.093300 0
7969.599890 0.037258 0
7972.959890 0.078747 0
7976.319890 0.089158 0
7979.679890 0.059192 0
7983.039890 0.047604 0
7986.399890 0.089602 0
7989.759890 0.073257 0
7993.119889 0.023044 0
7996.479889 0.017069 0
7999.839889 0.064233 0
8003.199889 0.070322 0
8006.559889 0.071059 0
8009.919889 0.083775 0
8013.279889 0.077285 0
8016.639889 0.060522 0
8019.999889 0.071079 0
8023.359888 0.048887 0
8026.719888 0.049449 0
8030.079888 0.036821 0
8033.439888 0.050483 0
8036.799888 0.066643 0
8040.159888 0.066000 0
8043.519888 0.057933 0
8046.879888 0.068217 0
8050.239888 0.084344 0
8053.599888 0.073445 0
8056.959887 0.072172 0
8060.319887 0.070920 0
8063.679887 0.082693 0
8067.039887 0.079572 0
8070.399887 0.068772 0
8073.759887 0.069410 0
8077.119887 0.070476 0
8080.479887 0.082751 0
8083.839887 0.085884 0
8087.199886 0.070418 0
8090.559886 0.065078 0
8093.919886 0.084090 0
8097.279886 0.049127 0
8100.639886 0.075436 0
8103.999886 0.061097 0
8107.359886 0.069184 0
8110.719886 0.068512 0
8114.079886 0.061135 0
8117.439886 0.087628 0
8120.799885 0.058385 0
8124.159885 0.081117 0
8127.519885 0.081863 0
8130.879885 0.069457 0
8134.239885 0.067388 0
8137.599885 0.076906 0
8140.959885 0.052214 0
8144.319885 0.069250 0
8147.679885 0.060698 0
8151.039885 0.068139 0
8154.399884 0.062154 0
8157.759884 0.044327 0
8161.119884 0.070157 0
8164.479884 0.065523 0
8167.839884 0.061753 0
8171.199884 0.063979 0
8174.559884 0.063411 0
8177.919884 0.056510 0
8181.279884 0.078845 0
8184.639883 0.089750 0
8187.999883 0.064402 0
8191.359883 0.045503 0
8194.719883 0.070764 0
8198.079883 0.069081 0
8201.439883 0.068125 0
8204.799883 0.068046 0
8208.159883 0.062778 0
8211.519883 0.068789 0
8214.879883 0.083018 0
8218.239882 0.070219 0
8221.599882 0.054520 0
8224.959882 0.054582 0
8228.319882 0.052392 0
8231.679882 0.063623 0
8235.039882 0.061378 0
8238.399882 0.077626 0
8241.759882 0.065537 0
8245.119882 0.057701 0
8248.479881 0.078365 0
8251.839881 0.082639 0
8255.199881 0.079680 0
8258.559881 0.067305 0
8261.919881 0.063204 0
8265.279881 0.061041 0
8268.639881 0.070154 0
8271.999881 0.070998 0
8275.359881 0.073599 0
8278.719881 0.096935 0
8282.079880 0.108962 0
8285.439880 0.052902 0
8288.799880 0.065936 0
8292.159880 0.059543 0
8295.519880 0.045721 0
8298.879880 0.081547 0
8302.239880 0.039524 0
8305.599880 0.060216 0
8308.959880 0.083743 0
8312.319879 0.090996 0
8315.679879 0.059650 0
8319.039879 0.057392 0
8322.399879 0.066981 0
8325.759879 0.041774 0
8329.119879 0.072820 0
8332.479879 0.079175 0
8335.839879 0.055288 0
8339.199879 0.061556 0
8342.559879 0.076000 0
8345.919878 0.121109 0
8349.279878 0.075108 0
8352.639878 0.000000 1
8355.999878 0.000000 1
8359.359878 0.000000 1
8362.719878 0.000000 1
8366.079878 0.000000 1
8369.439878 0.000000 1
8372.799878 0.000000 1
8376.159877 0.000000 1
8379.519877 0.000000 1
8382.879877 0.000000 1
8386.239877 0.000000 1
8389.599877 0.000000 1
8392.959877 0.000000 1
8396.319877 0.000000 1
8399.679877 0.000000 1
8403.039877 0.000000 1
8406.399877 0.000000 1
8409.759876 0.000000 1
8413.119876 0.000000 1
8416.479876 0.000000 1
8419.839876 0.000000 1
8423.199876 0.000000 1
8426.559876 0.000000 1
8429.919876 0.000000 1
8433.279876 0.000000 1
8436.639876 0.000000 1
8439.999875 0.000000 1
8443.359875 0.000000 1
8446.719875 0.000000 1
8450.079875 0.000000 1
8453.439875 0.000000 1
8456.799875 0.000000 1
8460.159875 0.000000 1
8463.519875 0.000000 1
8466.879875 0.000000 1
8470.239875 0.000000 1
8473.599874 0.000000 1
8476.959874 0.000000 1
8480.319874 0.000000 1
8483.679874 0.000000 1
8487.039874 0.000000 1
8490.399874 0.000000 1
8493.759874 0.000000 1
8497.119874 0.000000 1
8500.479874 0.000000 1
8503.839873 0.000000 1
8507.199873 0.000000 1
8510.559873 0.000000 1
8513.919873 0.000000 1
8517.279873 0.000000 1
8520.639873 0.000000 1
8523.999873 0.000000 1
8527.359873 0.000000 1
8530.719873 0.000000 1
8534.079873 0.000000 1
8537.439872 0.000000 1
8540.799872 0.000000 1
8544.159872 0.000000 1
8547.519872 0.000000 1
8550.879872 0.000000 1
8554.239872 0.000000 1
8557.599872 0.000000 1
8560.959872 0.000000 1
8564.319872 0.000000 1
8567.679871 0.000000 1
8571.039871 0.000000 1
8574.399871 0.000000 1
8577.759871 0.000000 1
8581.119871 0.000000 1
8584.479871 0.000000 1
8587.839871 0.000000 1
8591.199871 0.000000 1
8594.559871 0.000000 1
8597.919871 0.000000 1
8601.279870 0.000000 1
8604.639870 0.000000 1
8607.999870 0.000000 1
8611.359870 0.000000 1
8614.719870 0.000000 1
8618.079870 0.000000 1
8621.439870 0.000000 1
8624.799870 0.000000 1
8628.159870 0.000000 1
8631.519870 0.000000 1
8634.879869 0.000000 1
8638.239869 0.000000 1
8641.599869 0.000000 1
8644.959869 0.000000 1
8648.319869 0.000000 1
8651.679869 0.000000 1
8655.039869 0.000000 1
8658.399869 0.000000 1
8661.759869 0.000000 1
8665.119868 0.000000 1
8668.479868 0.000000 1
8671.839868 0.000000 1
8675.199868 0.000000 1
8678.559868 0.000000 1
8681.919868 0.000000 1
8685.279868 0.000000 1
8688.639868 0.000000 1
8691.999868 0.000000 1
8695.359868 0.000000 1
8698.719867 0.000000 1
8702.079867 0.000000 1
8705.439867 0.000000 1
8708.799867 0.000000 1
8712.159867 0.000000 1
8715.519867 0.000000 1
8718.879867 0.000000 1
8722.239867 0.000000 1
8725.599867 0.000000 1
8728.959866 0.000000 1
8732.319866 0.000000 1
8735.679866 0.000000 1
8739.039866 0.000000 1
8742.399866 0.000000 1
8745.759866 0.000000 1
8749.119866 0.000000 1
8752.479866 0.000000 1
8755.839866 0.000000 1
8759.199866 0.000000 1
8762.559865 0.000000 1
8765.919865 0.000000 1
8769.279865 0.000000 1
8772.639865 0.000000 1
8775.999865 0.000000 1
8779.359865 0.000000 1
8782.719865 0.000000 1
8786.079865 0.000000 1
8789.439865 0.000000 1
8792.799864 0.000000 1
8796.159864 0.000000 1
8799.519864 0.000000 1
8802.879864 0.000000 1
8806.239864 0.000000 1
8809.599864 0.000000 1
8812.959864 0.000000 1
8816.319864 0.000000 1
8819.679864 0.000000 1
8823.039864 0.000000 1
8826.399863 0.000000 1
8829.759863 0.000000 1
8833.119863 0.000000 1
8836.479863 0.000000 1
8839.839863 0.000000 1
8843.199863 0.000000 1
8846.559863 0.000000 1
8849.919863 0.000000 1
8853.279863 0.000000 1
8856.639862 0.000000 1
8859.999862 0.000000 1
8863.359862 0.000000 1
8866.719862 0.000000 1
8870.079862 0.000000 1
8873.439862 0.000000 1
8876.799862 0.000000 1
8880.159862 0.000000 1
8883.519862 0.000000 1
8886.879862 0.000000 1
8890.239861 0.000000 1
8893.599861 0.000000 1
8896.959861 0.000000 1
8900.319861 0.000000 1
8903.679861 0.000000 1
8907.039861 0.000000 1
8910.399861 0.000000 1
8913.759861 0.000000 1
8917.119861 0.000000 1
8920.479860 0.000000 1
8923.839860 0.000000 1
8927.199860 0.000000 1
8930.559860 0.000000 1
8933.919860 0.000000 1
8937.279860 0.000000 1
8940.639860 0.000000 1
8943.999860 0.000000 1
8947.359860 0.000000 1
8950.719860 0.000000 1
8954.079859 0.000000 1
8957.439859 0.000000 1
8960.799859 0.000000 1
8964.159859 0.000000 1
8967.519859 0.000000 1
8970.879859 0.000000 1
8974.239859 0.000000 1
8977.599859 0.000000 1
8980.959859 0.000000 1
8984.319858 0.000000 1
8987.679858 0.000000 1
8991.039858 0.000000 1
8994.399858 0.000000 1
8997.759858 0.000000 1
9001.119858 0.000000 1
9004.479858 0.000000 1
9007.839858 0.000000 1
9011.199858 0.000000 1
9014.559858 0.000000 1
9017.919857 0.000000 1
9021.279857 0.000000 1
9024.639857 0.000000 1
9027.999857 0.000000 1
9031.359857 0.000000 1
9034.719857 0.000000 1
9038.079857 0.000000 1
9041.439857 0.000000 1
9044.799857 0.000000 1
9048.159856 0.000000 1
9051.519856 0.000000 1
9054.879856 0.000000 1
9058.239856 0.000000 1
9061.599856 0.000000 1
9064.959856 0.000000 1
9068.319856 0.000000 1
9071.679856 0.000000 1
9075.039856 0.000000 1
9078.399856 0.000000 1
9081.759855 0.000000 1
9085.119855 0.000000 1
9088.479855 0.000000 1
9091.839855 0.000000 1
9095.199855 0.000000 1
9098.559855 0.000000 1
9101.919855 0.000000 1
9105.279855 0.000000 1
9108.639855 0.000000 1
9111.999855 0.000000 1
9115.359854 0.000000 1
9118.719854 0.000000 1
9122.079854 0.000000 1
9125.439854 0.000000 1
9128.799854 0.000000 1
9132.159854 0.000000 1
9135.519854 0.000000 1
9138.879854 0.000000 1
9142.239854 0.000000 1
9145.599853 0.000000 1
9148.959853 0.000000 1
9152.319853 0.000000 1
9155.679853 0.000000 1
9159.039853 0.000000 1
9162.399853 0.000000 1
9165.759853 0.000000 1
9169.119853 0.000000 1
9172.479853 0.000000 1
9175.839853 0.000000 1
9179.199852 0.000000 1
9182.559852 0.000000 1
9185.919852 0.000000 1
9189.279852 0.000000 1
9192.639852 0.000000 1
9195.999852 0.000000 1
9199.359852 0.000000 1
9202.719852 0.000000 1
9206.079852 0.000000 1
9209.439851 0.000000 1
9212.799851 0.000000 1
9216.159851 0.000000 1
9219.519851 0.000000 1
9222.879851 0.000000 1
9226.239851 0.000000 1
9229.599851 0.000000 1
9232.959851 0.000000 1
9236.319851 0.000000 1
9239.679851 0.000000 1
9243.039850 0.000000 1
9246.399850 0.000000 1
9249.759850 0.000000 1
