# obs: 255714
# slit: 26
# z: 0.55977
# lines: [OII],H9,H8,K,H
# spec: 715
4451.680000 0.000000 1
4455.040000 0.000000 1
4458.400000 0.000000 1
4461.760000 0.000000 1
4465.120000 0.000000 1
4468.479999 0.000000 1
4471.839999 0.000000 1
4475.199999 0.000000 1
4478.559999 0.000000 1
4481.919999 0.000000 1
4485.279999 0.000000 1
4488.639999 0.000000 1
4491.999999 0.000000 1
4495.359999 0.000000 1
4498.719999 0.000000 1
4502.079998 0.000000 1
4505.439998 0.000000 1
4508.799998 -0.008547 1
4512.159998 -0.051521 1
4515.519998 0.063343 0
4518.879998 0.037794 0
4522.239998 0.020708 0
4525.599998 0.024715 0
4528.959998 0.045495 0
4532.319997 0.047376 0
4535.679997 0.008862 0
4539.039997 0.021489 0
4542.399997 0.028617 0
4545.759997 0.036613 0
4549.119997 0.036979 0
4552.479997 0.033232 0
4555.839997 0.030537 0
4559.199997 0.023542 0
4562.559997 0.024525 0
4565.919996 0.026166 0
4569.279996 0.034667 0
4572.639996 0.032705 0
4575.999996 0.011333 0
4579.359996 0.041676 0
4582.719996 0.041312 0
4586.079996 0.017335 0
4589.439996 0.041307 0
4592.799996 0.046579 0
4596.159995 0.042139 0
4599.519995 0.026423 0
4602.879995 0.054909 0
4606.239995 0.038968 0
4609.599995 0.019223 0
4612.959995 0.031612 0
4616.319995 0.023161 0
4619.679995 0.044541 0
4623.039995 0.043835 0
4626.399995 0.026443 0
4629.759994 0.029373 0
4633.119994 0.031683 0
4636.479994 0.041132 0
4639.839994 0.036455 0
4643.199994 0.025017 0
4646.559994 0.037615 0
4649.919994 0.030257 0
4653.279994 0.029640 0
4656.639994 0.030186 0
4659.999993 0.018094 0
4663.359993 0.053113 0
4666.719993 0.012427 0
4670.079993 0.027135 0
4673.439993 0.024366 0
4676.799993 0.039956 0
4680.159993 0.009850 0
4683.519993 0.020299 0
4686.879993 0.047228 0
4690.239993 0.030833 0
4693.599992 0.028381 0
4696.959992 0.030723 0
4700.319992 0.036539 0
4703.679992 0.026632 0
4707.039992 0.021933 0
4710.399992 0.032609 0
4713.759992 0.056272 0
4717.119992 0.021148 0
4720.479992 0.029063 0
4723.839992 0.044049 0
4727.199991 0.029996 0
4730.559991 0.030838 0
4733.919991 0.043823 0
4737.279991 0.019489 0
4740.639991 0.048396 0
4743.999991 0.037393 0
4747.359991 0.031081 0
4750.719991 0.035832 0
4754.079991 0.024889 0
4757.439990 0.035272 0
4760.799990 0.020687 0
4764.159990 0.021571 0
4767.519990 0.042109 0
4770.879990 0.033427 0
4774.239990 0.046769 0
4777.599990 0.043157 0
4780.959990 0.027207 0
4784.319990 0.015020 0
4787.679990 0.025095 0
4791.039989 0.027394 0
4794.399989 0.013839 0
4797.759989 0.023567 0
4801.119989 0.017523 0
4804.479989 0.049699 0
4807.839989 0.026637 0
4811.199989 0.016963 0
4814.559989 0.014714 0
4817.919989 0.038035 0
4821.279988 0.046696 0
4824.639988 0.031614 0
4827.999988 0.045955 0
4831.359988 0.030520 0
4834.719988 0.034177 0
4838.079988 0.033574 0
4841.439988 0.030083 0
4844.799988 0.046148 0
4848.159988 0.026930 0
4851.519988 0.033958 0
4854.879987 0.033187 0
4858.239987 0.029662 0
4861.599987 0.038534 0
4864.959987 0.033107 0
4868.319987 0.039592 0
4871.679987 0.032706 0
4875.039987 0.018516 0
4878.399987 0.061041 0
4881.759987 0.043755 0
4885.119986 0.037956 0
4888.479986 0.019824 0
4891.839986 0.037373 0
4895.199986 0.037824 0
4898.559986 0.050685 0
4901.919986 0.038429 0
4905.279986 0.027811 0
4908.639986 0.026122 0
4911.999986 0.034127 0
4915.359986 0.040589 0
4918.719985 0.033449 0
4922.079985 0.043664 0
4925.439985 0.029512 0
4928.799985 0.022783 0
4932.159985 0.041563 0
4935.519985 0.046626 0
4938.879985 0.041159 0
4942.239985 0.035413 0
4945.599985 0.035565 0
4948.959984 0.031664 0
4952.319984 0.031067 0
4955.679984 0.023930 0
4959.039984 0.015984 0
4962.399984 0.024049 0
4965.759984 0.022072 0
4969.119984 0.030564 0
4972.479984 0.028172 0
4975.839984 0.044144 0
4979.199984 0.040442 0
4982.559983 0.035491 0
4985.919983 0.036976 0
4989.279983 0.054741 0
4992.639983 0.036539 0
4995.999983 0.022135 0
4999.359983 0.021895 0
5002.719983 0.035374 0
5006.079983 0.019687 0
5009.439983 0.039349 0
5012.799982 0.039883 0
5016.159982 0.034813 0
5019.519982 0.023202 0
5022.879982 0.049579 0
5026.239982 0.037804 0
5029.599982 0.017581 0
5032.959982 0.020055 0
5036.319982 0.007001 0
5039.679982 0.030511 0
5043.039982 0.028124 0
5046.399981 0.051294 0
5049.759981 0.029859 0
5053.119981 0.018865 0
5056.479981 0.028622 0
5059.839981 0.011888 0
5063.199981 0.029101 0
5066.559981 0.028976 0
5069.919981 0.033335 0
5073.279981 0.008979 0
5076.639980 0.043551 0
5079.999980 0.027482 0
5083.359980 0.008516 0
5086.719980 0.046698 0
5090.079980 0.039100 0
5093.439980 0.026231 0
5096.799980 0.046338 0
5100.159980 0.039612 0
5103.519980 0.024846 0
5106.879980 0.042905 0
5110.239979 0.030542 0
5113.599979 0.040311 0
5116.959979 0.030494 0
5120.319979 0.032092 0
5123.679979 0.025550 0
5127.039979 0.019942 0
5130.399979 0.022337 0
5133.759979 0.029581 0
5137.119979 0.048064 0
5140.479978 0.045356 0
5143.839978 0.049582 0
5147.199978 0.031854 0
5150.559978 0.025106 0
5153.919978 0.053310 0
5157.279978 0.030542 0
5160.639978 0.035988 0
5163.999978 0.023785 0
5167.359978 0.048074 0
5170.719978 0.012106 0
5174.079977 0.037031 0
5177.439977 0.048891 0
5180.799977 0.021487 0
5184.159977 0.027501 0
5187.519977 0.034605 0
5190.879977 0.035967 0
5194.239977 0.040533 0
5197.599977 0.018420 0
5200.959977 0.017567 0
5204.319977 0.026063 0
5207.679976 0.027776 0
5211.039976 0.029818 0
5214.399976 0.036639 0
5217.759976 0.014093 0
5221.119976 0.031366 0
5224.479976 0.011890 0
5227.839976 0.034538 0
5231.199976 0.025472 0
5234.559976 0.031852 0
5237.919975 0.039917 0
5241.279975 0.031448 0
5244.639975 0.031766 0
5247.999975 0.027647 0
5251.359975 0.033772 0
5254.719975 0.037859 0
5258.079975 0.020364 0
5261.439975 0.034373 0
5264.799975 0.045515 0
5268.159975 0.027755 0
5271.519974 0.025093 0
5274.879974 0.013970 0
5278.239974 0.041757 0
5281.599974 0.040598 0
5284.959974 0.029939 0
5288.319974 0.037975 0
5291.679974 0.035556 0
5295.039974 0.025968 0
5298.399974 0.036171 0
5301.759973 0.051825 0
5305.119973 0.052549 0
5308.479973 0.029250 0
5311.839973 0.018591 0
5315.199973 0.034778 0
5318.559973 0.029085 0
5321.919973 0.026015 0
5325.279973 0.058792 0
5328.639973 0.040395 0
5331.999973 0.041780 0
5335.359972 0.010408 0
5338.719972 0.022417 0
5342.079972 0.023693 0
5345.439972 0.030636 0
5348.799972 0.025224 0
5352.159972 0.035958 0
5355.519972 0.013000 0
5358.879972 0.044478 0
5362.239972 0.041721 0
5365.599971 0.035676 0
5368.959971 0.038668 0
5372.319971 0.053170 0
5375.679971 0.017167 0
5379.039971 0.021741 0
5382.399971 0.028581 0
5385.759971 0.031713 0
5389.119971 0.044519 0
5392.479971 0.027472 0
5395.839971 0.027726 0
5399.199970 0.036551 0
5402.559970 0.024526 0
5405.919970 0.035417 0
5409.279970 0.034272 0
5412.639970 0.019996 0
5415.999970 0.015630 0
5419.359970 0.041353 0
5422.719970 0.042439 0
5426.079970 0.038589 0
5429.439969 0.037255 0
5432.799969 0.018259 0
5436.159969 0.035123 0
5439.519969 0.031752 0
5442.879969 0.027477 0
5446.239969 0.001428 0
5449.599969 0.035355 0
5452.959969 0.041862 0
5456.319969 0.025796 0
5459.679969 0.031351 0
5463.039968 0.028760 0
5466.399968 0.028464 0
5469.759968 0.018431 0
5473.119968 0.035850 0
5476.479968 0.026608 0
5479.839968 0.045440 0
5483.199968 0.017269 0
5486.559968 0.039545 0
5489.919968 0.044020 0
5493.279967 0.038904 0
5496.639967 0.042640 0
5499.999967 0.014021 0
5503.359967 0.030661 0
5506.719967 0.046953 0
5510.079967 0.028122 0
5513.439967 0.025552 0
5516.799967 0.031036 0
5520.159967 0.036599 0
5523.519967 0.038229 0
5526.879966 0.031406 0
5530.239966 0.037142 0
5533.599966 0.031265 0
5536.959966 0.033393 0
5540.319966 0.054030 0
5543.679966 0.064407 0
5547.039966 0.024588 0
5550.399966 0.026311 0
5553.759966 0.024007 0
5557.119965 0.042226 0
5560.479965 0.047342 0
5563.839965 0.045245 1
5567.199965 0.040161 1
5570.559965 0.145646 1
5573.919965 0.035178 1
5577.279965 0.056878 1
5580.639965 0.038256 1
5583.999965 0.068223 1
5587.359965 0.051303 1
5590.719964 0.050237 1
5594.079964 0.033832 1
5597.439964 0.032286 0
5600.799964 0.022392 0
5604.159964 0.035665 0
5607.519964 0.030712 0
5610.879964 0.025860 0
5614.239964 0.039289 0
5617.599964 0.035492 0
5620.959963 0.029212 0
5624.319963 0.037241 0
5627.679963 0.032399 0
5631.039963 0.030507 0
5634.399963 0.033109 0
5637.759963 0.024101 0
5641.119963 0.029933 0
5644.479963 0.025779 0
5647.839963 0.026195 0
5651.199963 0.028372 0
5654.559962 0.016761 0
5657.919962 0.016640 0
5661.279962 0.033983 0
5664.639962 0.032981 0
5667.999962 0.035597 0
5671.359962 0.041227 0
5674.719962 0.037843 0
5678.079962 0.049979 0
5681.439962 0.041104 0
5684.799962 0.028161 0
5688.159961 0.023750 0
5691.519961 0.024691 0
5694.879961 0.039162 0
5698.239961 0.010714 0
5701.599961 0.020475 0
5704.959961 0.027570 0
5708.319961 0.046239 0
5711.679961 0.050230 0
5715.039961 0.065152 0
5718.399960 0.013353 0
5721.759960 0.025411 0
5725.119960 0.037803 0
5728.479960 0.050316 0
5731.839960 0.032366 0
5735.199960 0.006676 0
5738.559960 0.015059 0
5741.919960 0.038127 0
5745.279960 0.048508 0
5748.639960 0.029264 0
5751.999959 0.038880 0
5755.359959 0.016998 0
5758.719959 0.033991 0
5762.079959 0.023607 0
5765.439959 0.029122 0
5768.799959 0.022483 0
5772.159959 0.023195 0
5775.519959 0.030340 0
5778.879959 0.026510 0
5782.239958 0.050361 0
5785.599958 0.037526 0
5788.959958 0.020435 1
5792.319958 0.019990 1
5795.679958 0.035842 1
5799.039958 0.030996 1
5802.399958 0.018495 1
5805.759958 0.045139 1
5809.119958 0.056082 1
5812.479958 0.091855 1
5815.839957 0.116205 1
5819.199957 0.090693 1
5822.559957 0.086454 1
5825.919957 0.071319 1
5829.279957 0.034012 1
5832.639957 0.027551 1
5835.999957 0.023308 1
5839.359957 0.038773 0
5842.719957 0.030338 0
5846.079956 0.025818 0
5849.439956 0.022342 0
5852.799956 0.029901 0
5856.159956 0.030078 0
5859.519956 0.036734 0
5862.879956 0.034482 0
5866.239956 0.037165 0
5869.599956 0.049785 0
5872.959956 0.042830 0
5876.319956 0.051298 0
5879.679955 0.045854 0
5883.039955 0.014607 0
5886.399955 0.014318 0
5889.759955 0.060080 0
5893.119955 0.024894 0
5896.479955 0.058412 0
5899.839955 0.069413 0
5903.199955 0.037355 0
5906.559955 0.053666 0
5909.919954 0.048883 0
5913.279954 0.042299 0
5916.639954 0.049680 0
5919.999954 0.050107 0
5923.359954 0.021831 0
5926.719954 0.017604 0
5930.079954 0.030791 0
5933.439954 0.029875 0
5936.799954 0.056908 0
5940.159954 0.032405 0
5943.519953 0.039551 0
5946.879953 0.043974 0
5950.239953 0.016067 0
5953.599953 0.056972 0
5956.959953 0.053434 0
5960.319953 0.065095 0
5963.679953 0.048188 0
5967.039953 0.040376 0
5970.399953 0.033835 0
5973.759952 0.037098 0
5977.119952 0.045524 0
5980.479952 0.034546 0
5983.839952 0.027015 0
5987.199952 0.032972 0
5990.559952 0.041607 0
5993.919952 0.048976 0
5997.279952 0.069646 0
6000.639952 0.047080 0
6003.999952 0.057086 0
6007.359951 0.053486 0
6010.719951 0.034885 0
6014.079951 0.043446 0
6017.439951 0.044635 0
6020.799951 0.040353 0
6024.159951 0.067598 0
6027.519951 0.057322 0
6030.879951 0.053146 0
6034.239951 0.067856 0
6037.599950 0.064384 0
6040.959950 0.055815 0
6044.319950 0.057637 0
6047.679950 0.045170 0
6051.039950 0.026343 0
6054.399950 0.035174 0
6057.759950 0.042269 0
6061.119950 0.048459 0
6064.479950 0.042984 0
6067.839950 0.040738 0
6071.199949 0.035023 0
6074.559949 0.034281 0
6077.919949 0.037932 0
6081.279949 0.062560 0
6084.639949 0.064850 0
6087.999949 0.057942 0
6091.359949 0.048260 0
6094.719949 0.054113 0
6098.079949 0.050250 0
6101.439948 0.064565 0
6104.799948 0.056148 0
6108.159948 0.055073 0
6111.519948 0.062813 0
6114.879948 0.057022 0
6118.239948 0.045666 0
6121.599948 0.046401 0
6124.959948 0.049710 0
6128.319948 0.054988 0
6131.679948 0.045019 0
6135.039947 0.032221 0
6138.399947 0.023310 0
6141.759947 0.033109 0
6145.119947 0.043693 0
6148.479947 0.039512 0
6151.839947 0.050520 0
6155.199947 0.046670 0
6158.559947 0.030785 0
6161.919947 0.028908 0
6165.279947 0.048475 0
6168.639946 0.053027 0
6171.999946 0.043974 0
6175.359946 0.064187 0
6178.719946 0.066585 0
6182.079946 0.040286 0
6185.439946 0.031209 0
6188.799946 0.024007 0
6192.159946 0.028239 0
6195.519946 0.022487 0
6198.879945 0.049157 0
6202.239945 0.050443 0
6205.599945 0.031723 0
6208.959945 0.034641 0
6212.319945 0.058338 0
6215.679945 0.053931 0
6219.039945 0.052032 0
6222.399945 0.044972 0
6225.759945 0.047398 0
6229.119945 0.055851 0
6232.479944 0.067584 0
6235.839944 0.061084 0
6239.199944 0.039528 0
6242.559944 0.058124 0
6245.919944 0.052906 0
6249.279944 0.043069 0
6252.639944 0.045750 0
6255.999944 0.046481 0
6259.359944 0.040924 0
6262.719943 0.040465 0
6266.079943 0.052775 0
6269.439943 0.048718 0
6272.799943 0.034196 0
6276.159943 0.056287 0
6279.519943 0.051350 0
6282.879943 0.037111 0
6286.239943 0.043597 0
6289.599943 0.050777 0
6292.959943 0.058486 0
6296.319942 0.011141 0
6299.679942 0.022730 0
6303.039942 0.029245 0
6306.399942 0.010075 0
6309.759942 0.046066 0
6313.119942 0.071082 0
6316.479942 0.065615 0
6319.839942 0.054534 0
6323.199942 0.068851 0
6326.559941 0.047879 0
6329.919941 0.068103 0
6333.279941 0.054061 0
6336.639941 0.055892 0
6339.999941 0.045297 0
6343.359941 0.041252 0
6346.719941 0.048058 0
6350.079941 0.053996 0
6353.439941 0.057891 0
6356.799941 0.064316 0
6360.159940 0.045923 0
6363.519940 0.033706 0
6366.879940 0.039169 0
6370.239940 0.076773 0
6373.599940 0.037309 0
6376.959940 0.062896 0
6380.319940 0.048939 0
6383.679940 0.045409 0
6387.039940 0.036751 0
6390.399939 0.048784 0
6393.759939 0.038463 0
6397.119939 0.049917 0
6400.479939 0.066650 0
6403.839939 0.042207 0
6407.199939 0.038992 0
6410.559939 0.061344 0
6413.919939 0.053304 0
6417.279939 0.053114 0
6420.639939 0.058363 0
6423.999938 0.038406 0
6427.359938 0.061993 0
6430.719938 0.061153 0
6434.079938 0.055942 0
6437.439938 0.044878 0
6440.799938 0.062603 0
6444.159938 0.056602 0
6447.519938 0.066434 0
6450.879938 0.040274 0
6454.239937 0.053788 0
6457.599937 0.055601 0
6460.959937 0.050215 0
6464.319937 0.045358 0
6467.679937 0.062760 0
6471.039937 0.077524 0
6474.399937 0.054859 0
6477.759937 0.057926 0
6481.119937 0.053591 0
6484.479937 0.053529 0
6487.839936 0.044080 0
6491.199936 0.055797 0
6494.559936 0.053442 0
6497.919936 0.068103 0
6501.279936 0.052317 0
6504.639936 0.040650 0
6507.999936 0.068491 0
6511.359936 0.046359 0
6514.719936 0.052620 0
6518.079935 0.048210 0
6521.439935 0.049486 0
6524.799935 0.048581 0
6528.159935 0.073055 0
6531.519935 0.070287 0
6534.879935 0.043754 0
6538.239935 0.049895 0
6541.599935 0.049205 0
6544.959935 0.044620 0
6548.319935 0.054677 0
6551.679934 0.049695 0
6555.039934 0.041846 0
6558.399934 0.071209 0
6561.759934 0.062217 0
6565.119934 0.029598 0
6568.479934 0.067112 0
6571.839934 0.041163 0
6575.199934 0.041129 0
6578.559934 0.036401 0
6581.919933 0.062659 0
6585.279933 0.054114 0
6588.639933 0.059471 0
6591.999933 0.069687 0
6595.359933 0.040290 0
6598.719933 0.058736 0
6602.079933 0.063662 0
6605.439933 0.072258 0
6608.799933 0.049894 0
6612.159933 0.055617 0
6615.519932 0.048677 0
6618.879932 0.048092 0
6622.239932 0.048669 0
6625.599932 0.055870 0
6628.959932 0.044745 0
6632.319932 0.054786 0
6635.679932 0.046541 0
6639.039932 0.057417 0
6642.399932 0.041677 0
6645.759932 0.043226 0
6649.119931 0.041365 0
6652.479931 0.052149 0
6655.839931 0.050950 0
6659.199931 0.035970 0
6662.559931 0.056604 0
6665.919931 0.050270 0
6669.279931 0.051160 0
6672.639931 0.068249 0
6675.999931 0.052643 0
6679.359930 0.035254 0
6682.719930 0.062710 0
6686.079930 0.041897 0
6689.439930 0.038840 0
6692.799930 0.055638 0
6696.159930 0.045473 0
6699.519930 0.046418 0
6702.879930 0.046351 0
6706.239930 0.059013 0
6709.599930 0.062768 0
6712.959929 0.043337 0
6716.319929 0.053202 0
6719.679929 0.038507 0
6723.039929 0.032828 0
6726.399929 0.047719 0
6729.759929 0.043450 0
6733.119929 0.045500 0
6736.479929 0.032010 0
6739.839929 0.060395 0
6743.199928 0.069622 0
6746.559928 0.040347 0
6749.919928 0.053143 0
6753.279928 0.047314 0
6756.639928 0.033511 0
6759.999928 0.037786 0
6763.359928 0.040852 0
6766.719928 0.040847 0
6770.079928 0.056372 0
6773.439928 0.050899 0
6776.799927 0.045716 0
6780.159927 0.052731 0
6783.519927 0.042393 0
6786.879927 0.053429 0
6790.239927 0.037592 0
6793.599927 0.033545 0
6796.959927 0.038718 0
6800.319927 0.049792 0
6803.679927 0.069007 0
6807.039926 0.051871 0
6810.399926 0.062263 0
6813.759926 0.068210 0
6817.119926 0.056081 0
6820.479926 0.044183 0
6823.839926 0.049615 0
6827.199926 0.050209 0
6830.559926 0.083832 0
6833.919926 0.048035 0
6837.279926 0.055399 0
6840.639925 0.060346 0
6843.999925 0.067499 0
6847.359925 0.063480 0
6850.719925 0.053006 0
6854.079925 0.064374 0
6857.439925 0.061335 0
6860.799925 0.042647 0
6864.159925 0.028535 0
6867.519925 0.037590 0
6870.879924 0.038768 0
6874.239924 0.046685 0
6877.599924 0.039825 0
6880.959924 0.029031 0
6884.319924 0.045094 0
6887.679924 0.051104 0
6891.039924 0.036781 0
6894.399924 0.054989 0
6897.759924 0.059948 0
6901.119924 0.060304 0
6904.479923 0.054061 0
6907.839923 0.052536 0
6911.199923 0.043856 0
6914.559923 0.050411 0
6917.919923 0.055801 0
6921.279923 0.065831 0
6924.639923 0.032897 0
6927.999923 0.031286 0
6931.359923 0.066494 0
6934.719922 0.061292 0
6938.079922 0.056200 0
6941.439922 0.020943 0
6944.799922 0.039070 0
6948.159922 0.063814 0
6951.519922 0.033265 0
6954.879922 0.032420 0
6958.239922 0.060683 0
6961.599922 0.047713 0
6964.959922 0.045781 0
6968.319921 0.062600 0
6971.679921 0.069023 0
6975.039921 0.048727 0
6978.399921 0.057441 0
6981.759921 0.047788 0
6985.119921 0.051171 0
6988.479921 0.049222 0
6991.839921 0.049059 0
6995.199921 0.060156 0
6998.559920 0.052691 0
7001.919920 0.052560 0
7005.279920 0.055205 0
7008.639920 0.037417 0
7011.999920 0.049618 0
7015.359920 0.062196 0
7018.719920 0.069241 0
7022.079920 0.072462 0
7025.439920 0.053702 0
7028.799920 0.051974 0
7032.159919 0.062755 0
7035.519919 0.054678 0
7038.879919 0.047047 0
7042.239919 0.068072 0
7045.599919 0.055065 0
7048.959919 0.043136 0
7052.319919 0.048237 0
7055.679919 0.060569 0
7059.039919 0.065104 0
7062.399918 0.057483 0
7065.759918 0.055367 0
7069.119918 0.050273 0
7072.479918 0.045486 0
7075.839918 0.043988 0
7079.199918 0.051910 0
7082.559918 0.059119 0
7085.919918 0.060114 0
7089.279918 0.054551 0
7092.639918 0.055895 0
7095.999917 0.056825 0
7099.359917 0.037792 0
7102.719917 0.045381 0
7106.079917 0.049528 0
7109.439917 0.065572 0
7112.799917 0.052415 0
7116.159917 0.048824 0
7119.519917 0.059741 0
7122.879917 0.062616 0
7126.239916 0.051985 0
7129.599916 0.059378 0
7132.959916 0.071693 0
7136.319916 0.043339 0
7139.679916 0.047807 0
7143.039916 0.051188 0
7146.399916 0.070383 0
7149.759916 0.056031 0
7153.119916 0.041833 0
7156.479916 0.038575 0
7159.839915 0.059120 0
7163.199915 0.062002 0
7166.559915 0.062172 0
7169.919915 0.076292 0
7173.279915 0.041898 0
7176.639915 0.062280 0
7179.999915 0.059650 0
7183.359915 0.033044 0
7186.719915 0.060976 0
7190.079915 0.043233 0
7193.439914 0.050108 0
7196.799914 0.065461 0
7200.159914 0.051863 0
7203.519914 0.038265 0
7206.879914 0.051004 0
7210.239914 0.064523 0
7213.599914 0.057338 0
7216.959914 0.059937 0
7220.319914 0.046549 0
7223.679913 0.047373 0
7227.039913 0.050447 0
7230.399913 0.049550 0
7233.759913 0.037551 0
7237.119913 0.056685 0
7240.479913 0.050681 0
7243.839913 0.023205 0
7247.199913 0.010085 0
7250.559913 0.039545 0
7253.919913 0.050147 0
7257.279912 0.029282 0
7260.639912 0.050265 0
7263.999912 0.035744 0
7267.359912 0.058592 0
7270.719912 0.034001 0
7274.079912 0.062597 0
7277.439912 0.021115 0
7280.799912 0.042468 0
7284.159912 0.042918 0
7287.519911 0.039159 0
7290.879911 0.087234 0
7294.239911 0.055664 0
7297.599911 0.029857 0
7300.959911 0.013015 0
7304.319911 0.030545 0
7307.679911 0.067247 0
7311.039911 0.065448 0
7314.399911 0.033169 0
7317.759911 0.031468 0
7321.119910 0.058117 0
7324.479910 0.061895 0
7327.839910 0.059874 0
7331.199910 0.081948 0
7334.559910 0.060698 0
7337.919910 0.066674 0
7341.279910 0.058068 0
7344.639910 0.057885 0
7347.999910 0.064542 0
7351.359909 0.052556 0
7354.719909 0.060898 0
7358.079909 0.051290 0
7361.439909 0.031420 0
7364.799909 0.041780 0
7368.159909 0.079626 0
7371.519909 0.084735 0
7374.879909 0.051512 0
7378.239909 0.052417 0
7381.599909 0.058172 0
7384.959908 0.045578 0
7388.319908 0.044430 0
7391.679908 0.063786 0
7395.039908 0.057366 0
7398.399908 0.056509 0
7401.759908 0.038223 0
7405.119908 0.059752 0
7408.479908 0.051091 0
7411.839908 0.043947 0
7415.199907 0.049768 0
7418.559907 0.044912 0
7421.919907 0.058897 0
7425.279907 0.062737 0
7428.639907 0.046103 0
7431.999907 0.046673 0
7435.359907 0.054621 0
7438.719907 0.059407 0
7442.079907 0.037732 0
7445.439907 0.060419 0
7448.799906 0.043347 0
7452.159906 0.041648 0
7455.519906 0.048287 0
7458.879906 0.048290 0
7462.239906 0.046951 0
7465.599906 0.054432 0
7468.959906 0.053143 0
7472.319906 0.057182 0
7475.679906 0.044729 0
7479.039905 0.032423 0
7482.399905 0.055331 0
7485.759905 0.068994 0
7489.119905 0.059841 0
7492.479905 0.066665 0
7495.839905 0.040991 0
7499.199905 0.045145 0
7502.559905 0.026079 0
7505.919905 0.048433 0
7509.279905 0.041962 0
7512.639904 0.049418 0
7515.999904 0.060540 0
7519.359904 0.046525 0
7522.719904 0.038939 0
7526.079904 0.068224 0
7529.439904 0.034956 0
7532.799904 0.020708 0
7536.159904 0.059259 0
7539.519904 0.037806 0
7542.879903 0.050740 0
7546.239903 0.063821 0
7549.599903 0.037405 0
7552.959903 0.044976 0
7556.319903 0.058193 0
7559.679903 0.043957 0
7563.039903 0.043297 0
7566.399903 0.035578 0
7569.759903 0.080182 0
7573.119903 0.047565 0
7576.479902 0.057762 0
7579.839902 0.077438 0
7583.199902 0.073201 0
7586.559902 0.057960 0
7589.919902 0.070109 0
7593.279902 0.029066 0
7596.639902 0.036269 0
7599.999902 0.041606 0
7603.359902 0.036880 0
7606.719901 0.075596 0
7610.079901 0.067766 0
7613.439901 0.054639 0
7616.799901 0.046713 0
7620.159901 0.054077 0
7623.519901 0.026475 0
7626.879901 0.055017 0
7630.239901 0.060002 0
7633.599901 0.029515 0
7636.959901 0.048107 0
7640.319900 0.059438 0
7643.679900 0.047112 0
7647.039900 0.055099 0
7650.399900 0.070319 0
7653.759900 0.040737 0
7657.119900 0.046779 0
7660.479900 0.044403 0
7663.839900 0.050191 0
7667.199900 0.061405 0
7670.559900 0.058432 0
7673.919899 0.055372 0
7677.279899 0.056263 0
7680.639899 0.038198 0
7683.999899 0.054839 0
7687.359899 0.056951 0
7690.719899 0.042290 0
7694.079899 0.042846 0
7697.439899 0.063551 0
7700.799899 0.058168 0
7704.159898 0.030117 0
7707.519898 0.046432 0
7710.879898 0.036692 0
7714.239898 0.073864 0
7717.599898 0.033654 0
7720.959898 0.029402 0
7724.319898 0.035005 0
7727.679898 0.055397 0
7731.039898 0.059686 0
7734.399898 0.081880 0
7737.759897 0.051053 0
7741.119897 0.062667 0
7744.479897 0.066447 0
7747.839897 0.010443 0
7751.199897 0.076428 0
7754.559897 0.020987 0
7757.919897 0.046586 0
7761.279897 0.054404 0
7764.639897 0.046368 0
7767.999896 0.057547 0
7771.359896 0.033307 0
7774.719896 0.039975 0
7778.079896 0.070943 0
7781.439896 0.033362 0
7784.799896 0.056735 0
7788.159896 0.038930 0
7791.519896 0.057021 0
7794.879896 0.018486 0
7798.239896 0.040297 0
7801.599895 0.034859 0
7804.959895 0.059586 0
7808.319895 0.075312 0
7811.679895 0.066168 0
7815.039895 0.069984 0
7818.399895 0.040225 0
7821.759895 0.041703 0
7825.119895 0.051174 0
7828.479895 0.038556 0
7831.839894 0.058686 0
7835.199894 0.054051 0
7838.559894 0.038607 0
7841.919894 0.042209 0
7845.279894 0.060017 0
7848.639894 0.118181 0
7851.999894 0.064268 0
7855.359894 0.053356 0
7858.719894 0.057036 0
7862.079894 0.052846 0
7865.439893 0.041856 0
7868.799893 0.019521 0
7872.159893 0.004629 0
7875.519893 0.030811 0
7878.879893 0.064223 0
7882.239893 0.041128 0
7885.599893 0.035837 0
7888.959893 0.065500 0
7892.319893 0.021891 0
7895.679892 0.031459 0
7899.039892 0.054564 0
7902.399892 0.066882 0
7905.759892 0.034253 0
7909.119892 -0.009718 0
7912.479892 0.008281 0
7915.839892 0.051655 0
7919.199892 0.035741 0
7922.559892 0.035427 0
7925.919892 0.045604 0
7929.279891 0.085696 0
7932.639891 0.046657 0
7935.999891 0.059217 0
7939.359891 0.060828 0
7942.719891 0.029458 0
7946.079891 0.040017 0
7949.439891 0.027527 0
7952.799891 0.055988 0
7956.159891 0.046329 0
7959.519890 0.032893 0
7962.879890 -0.005074 0
7966.239890 0.008639 0
7969.599890 0.058143 0
7972.959890 0.069452 0
7976.319890 0.043375 0
7979.679890 0.054736 0
7983.039890 0.047075 0
7986.399890 0.021036 0
7989.759890 0.039932 0
7993.119889 0.035446 0
7996.479889 0.048881 0
7999.839889 0.036338 0
8003.199889 0.040519 0
8006.559889 0.067315 0
8009.919889 0.072442 0
8013.279889 0.031988 0
8016.639889 0.074331 0
8019.999889 0.065503 0
8023.359888 0.059354 0
8026.719888 0.021492 0
8030.079888 0.025967 0
8033.439888 0.040214 0
8036.799888 0.056164 0
8040.159888 0.058453 0
8043.519888 0.044064 0
8046.879888 0.024443 0
8050.239888 0.044230 0
8053.599888 0.041719 0
8056.959887 0.073750 0
8060.319887 0.071992 0
8063.679887 0.048604 0
8067.039887 0.021654 0
8070.399887 0.034560 0
8073.759887 0.045714 0
8077.119887 0.061284 0
8080.479887 0.058925 0
8083.839887 0.060815 0
8087.199886 0.051338 0
8090.559886 0.054151 0
8093.919886 0.048999 0
8097.279886 0.053494 0
8100.639886 0.051806 0
8103.999886 0.042252 0
8107.359886 0.031804 0
8110.719886 0.060026 0
8114.079886 0.050756 0
8117.439886 0.043393 0
8120.799885 0.060882 0
8124.159885 0.062306 0
8127.519885 0.051711 0
8130.879885 0.064852 0
8134.239885 0.049970 0
8137.599885 0.054649 0
8140.959885 0.052429 0
8144.319885 0.054941 0
8147.679885 0.028158 0
8151.039885 0.035623 0
8154.399884 0.039934 0
8157.759884 0.050972 0
8161.119884 0.056861 0
8164.479884 0.040551 0
8167.839884 0.062961 0
8171.199884 0.059825 0
8174.559884 0.064265 0
8177.919884 0.057535 0
8181.279884 0.021952 0
8184.639883 0.041635 0
8187.999883 0.053014 0
8191.359883 0.042261 0
8194.719883 0.040956 0
8198.079883 0.039996 0
8201.439883 0.054807 0
8204.799883 0.062482 0
8208.159883 0.046247 0
8211.519883 0.055718 0
8214.879883 0.040417 0
8218.239882 0.048785 0
8221.599882 0.038650 0
8224.959882 0.044816 0
8228.319882 0.044607 0
8231.679882 0.039445 0
8235.039882 0.026171 0
8238.399882 0.043439 0
8241.759882 0.057269 0
8245.119882 0.044354 0
8248.479881 0.045195 0
8251.839881 0.055093 0
8255.199881 0.044924 0
8258.559881 0.029168 0
8261.919881 0.033228 0
8265.279881 0.039294 0
8268.639881 0.051943 0
8271.999881 0.079652 0
8275.359881 0.077398 0
8278.719881 0.024961 0
8282.079880 -0.004684 0
8285.439880 0.050632 0
8288.799880 0.050115 0
8292.159880 0.038018 0
8295.519880 0.039915 0
8298.879880 0.075320 0
8302.239880 0.044227 0
8305.599880 0.037046 0
8308.959880 0.046660 0
8312.319879 0.052538 0
8315.679879 0.029693 0
8319.039879 0.034059 0
8322.399879 0.025498 0
8325.759879 0.060388 0
8329.119879 0.047882 0
8332.479879 0.041859 0
8335.839879 0.078915 0
8339.199879 0.088988 0
8342.559879 0.152316 0
8345.919878 0.053327 0
8349.279878 0.045431 0
8352.639878 0.048024 0
8355.999878 0.009483 0
8359.359878 0.040126 0
8362.719878 0.029790 0
8366.079878 0.048829 0
8369.439878 0.046840 0
8372.799878 0.074870 0
8376.159877 0.046611 0
8379.519877 0.066203 0
8382.879877 0.033572 0
8386.239877 0.030232 0
8389.599877 0.043226 0
8392.959877 0.058730 0
8396.319877 0.059369 0
8399.679877 0.057239 0
8403.039877 0.027768 0
8406.399877 0.027490 0
8409.759876 0.072666 0
8413.119876 0.028563 0
8416.479876 0.051132 0
8419.839876 0.049792 0
8423.199876 0.024165 0
8426.559876 0.084530 0
8429.919876 0.063594 0
8433.279876 0.050086 0
8436.639876 0.050838 0
8439.999875 0.037545 0
8443.359875 0.043985 0
8446.719875 0.041363 0
8450.079875 0.044510 0
8453.439875 0.067490 0
8456.799875 0.055875 0
8460.159875 0.044533 0
8463.519875 0.070056 0
8466.879875 0.055840 0
8470.239875 0.032873 0
8473.599874 0.079856 0
8476.959874 0.039175 0
8480.319874 0.028141 0
8483.679874 0.053317 0
8487.039874 0.048201 0
8490.399874 0.034230 0
8493.759874 0.064321 0
8497.119874 0.028934 0
8500.479874 0.076055 0
8503.839873 0.081554 0
8507.199873 0.100051 0
8510.559873 0.052143 0
8513.919873 0.039885 0
8517.279873 0.064279 0
8520.639873 0.071707 0
8523.999873 0.065623 0
8527.359873 0.043716 0
8530.719873 0.062160 0
8534.079873 0.022192 0
8537.439872 0.040035 0
8540.799872 0.054342 0
8544.159872 0.049598 0
8547.519872 0.058379 0
8550.879872 0.030475 0
8554.239872 0.035565 0
8557.599872 0.045652 0
8560.959872 0.056491 0
8564.319872 0.055193 0
8567.679871 0.049561 0
8571.039871 0.043318 0
8574.399871 0.041707 0
8577.759871 0.066034 0
8581.119871 0.046838 0
8584.479871 0.031564 0
8587.839871 0.039061 0
8591.199871 0.044683 0
8594.559871 0.036170 0
8597.919871 0.044070 0
8601.279870 0.035350 0
8604.639870 0.040897 0
8607.999870 0.044555 0
8611.359870 0.012344 0
8614.719870 0.026562 0
8618.079870 0.071834 0
8621.439870 0.080106 0
8624.799870 0.035577 0
8628.159870 0.038961 0
8631.519870 0.036293 0
8634.879869 0.034484 0
8638.239869 0.055402 0
8641.599869 0.052766 0
8644.959869 0.043336 0
8648.319869 0.079350 0
8651.679869 0.018028 0
8655.039869 0.071666 0
8658.399869 0.064480 0
8661.759869 -0.001518 0
8665.119868 0.029216 0
8668.479868 0.031942 0
8671.839868 0.010511 0
8675.199868 0.063815 0
8678.559868 0.058454 0
8681.919868 0.081956 0
8685.279868 0.045938 0
8688.639868 0.041720 0
8691.999868 0.083096 0
8695.359868 0.054486 0
8698.719867 0.076355 0
8702.079867 0.067164 0
8705.439867 0.043367 0
8708.799867 0.045466 0
8712.159867 0.069406 0
8715.519867 0.045132 0
8718.879867 0.059903 0
8722.239867 0.069387 0
8725.599867 0.053159 0
8728.959866 0.057394 0
8732.319866 0.062089 0
8735.679866 0.059573 0
8739.039866 0.043800 0
8742.399866 0.071190 0
8745.759866 0.072027 0
8749.119866 0.064208 0
8752.479866 0.050936 0
8755.839866 0.043265 0
8759.199866 0.041196 0
8762.559865 0.064795 0
8765.919865 0.108641 0
8769.279865 0.059752 0
8772.639865 0.025830 0
8775.999865 0.116578 0
8779.359865 0.075519 0
8782.719865 0.010197 0
8786.079865 0.026622 0
8789.439865 0.009155 0
8792.799864 0.004058 0
8796.159864 0.071279 0
8799.519864 0.079530 0
8802.879864 0.047050 0
8806.239864 0.041857 0
8809.599864 0.051181 1
8812.959864 0.056351 1
8816.319864 0.060029 1
8819.679864 0.034693 1
8823.039864 0.014022 1
8826.399863 0.107320 1
8829.759863 0.167601 1
8833.119863 0.028421 1
8836.479863 0.094256 1
8839.839863 0.054721 1
8843.199863 0.040406 0
8846.559863 0.085549 0
8849.919863 0.056282 0
8853.279863 0.049844 0
8856.639862 0.038518 0
8859.999862 0.041122 0
8863.359862 0.042882 0
8866.719862 0.030871 0
8870.079862 0.070344 0
8873.439862 0.045648 0
8876.799862 0.024829 0
8880.159862 0.025361 0
8883.519862 -0.006424 0
8886.879862 -0.049988 0
8890.239861 0.010813 0
8893.599861 0.013197 0
8896.959861 0.029682 0
8900.319861 0.023471 0
8903.679861 0.019160 0
8907.039861 0.037095 0
8910.399861 0.024260 0
8913.759861 0.024734 0
8917.119861 0.095598 0
8920.479860 0.164892 0
8923.839860 0.179433 0
8927.199860 0.106253 0
8930.559860 0.049759 0
8933.919860 0.045867 0
8937.279860 0.059376 0
8940.639860 0.067464 0
8943.999860 0.035250 0
8947.359860 0.069589 0
8950.719860 0.045783 0
8954.079859 -0.091108 0
8957.439859 0.103315 0
8960.799859 0.081281 0
8964.159859 0.030973 0
8967.519859 0.037310 0
8970.879859 0.073128 0
8974.239859 0.068788 0
8977.599859 0.041470 0
8980.959859 0.043094 0
8984.319858 0.066142 0
8987.679858 0.064284 0
8991.039858 0.080503 0
8994.399858 0.056963 0
8997.759858 0.039560 0
9001.119858 -0.037738 0
9004.479858 0.057228 0
9007.839858 0.115114 0
9011.199858 0.044764 0
9014.559858 0.046181 0
9017.919857 0.074998 0
9021.279857 0.062871 0
9024.639857 0.079419 0
9027.999857 0.048072 0
9031.359857 0.061425 0
9034.719857 0.049916 0
9038.079857 0.092269 0
9041.439857 0.078481 0
9044.799857 0.022923 0
9048.159856 0.089291 0
9051.519856 0.041200 0
9054.879856 0.022665 0
9058.239856 0.073828 0
9061.599856 0.037493 0
9064.959856 0.041545 0
9068.319856 0.038611 0
9071.679856 0.069063 0
9075.039856 0.062611 0
9078.399856 0.049097 0
9081.759855 0.062097 0
9085.119855 0.050872 0
9088.479855 0.040298 0
9091.839855 0.048379 0
9095.199855 0.053498 0
9098.559855 0.068384 0
9101.919855 0.074805 0
9105.279855 0.035380 0
9108.639855 0.048604 0
9111.999855 0.060248 0
9115.359854 0.061113 0
9118.719854 0.068918 0
9122.079854 0.058765 0
9125.439854 0.044182 0
9128.799854 0.058863 0
9132.159854 0.046678 0
9135.519854 0.030240 0
9138.879854 0.050685 0
9142.239854 0.047444 0
9145.599853 0.057695 0
9148.959853 0.057044 0
9152.319853 0.060319 0
9155.679853 0.063756 0
9159.039853 0.063135 0
9162.399853 0.066220 0
9165.759853 0.058484 0
9169.119853 0.045855 0
9172.479853 0.042863 0
9175.839853 0.061844 0
9179.199852 0.051646 0
9182.559852 0.038772 0
9185.919852 0.030011 0
9189.279852 0.044112 0
9192.639852 0.020283 0
9195.999852 0.022955 0
9199.359852 0.048971 0
9202.719852 0.056816 0
9206.079852 0.027786 0
9209.439851 0.067243 0
9212.799851 0.030464 0
9216.159851 0.033763 0
9219.519851 0.050605 0
9222.879851 0.034541 0
9226.239851 0.073154 0
9229.599851 0.079326 0
9232.959851 0.067612 0
9236.319851 0.059766 0
9239.679851 0.056680 0
9243.039850 0.059101 0
9246.399850 0.030289 0
9249.759850 0.039816 0
