# obs: 255748
# slit: 21
# z: -1.00000
# lines: not in catalog
# spec: 52
4451.680000 0.000000 1
4455.040000 0.000000 1
4458.400000 0.000000 1
4461.760000 0.000000 1
4465.120000 0.000000 1
4468.480000 0.000000 1
4471.840000 0.000000 1
4475.200000 0.000000 1
4478.560000 0.000000 1
4481.920000 0.000000 1
4485.280000 0.000000 1
4488.640000 0.000000 1
4492.000000 0.000000 1
4495.360000 0.000000 1
4498.720000 0.000000 1
4502.080000 0.000000 1
4505.440000 0.000000 1
4508.800000 0.000000 1
4512.160000 0.000000 1
4515.520000 0.000000 1
4518.880000 0.007199 0
4522.240000 0.080612 0
4525.600000 0.015983 0
4528.960000 0.030366 0
4532.320000 0.054184 0
4535.680000 0.051402 0
4539.040000 0.036326 0
4542.400000 0.041024 0
4545.760000 0.029824 0
4549.120000 0.021777 0
4552.480000 0.023442 0
4555.840000 0.049096 0
4559.200000 0.044266 0
4562.560000 0.039569 0
4565.920000 0.046711 0
4569.280000 0.039899 0
4572.640000 0.026590 0
4576.000000 0.039760 0
4579.360000 0.029073 0
4582.720000 0.035623 0
4586.080000 0.043286 0
4589.440000 0.056776 0
4592.800000 0.040723 0
4596.160000 0.051122 0
4599.520000 0.044999 0
4602.880000 0.027183 0
4606.240000 0.040355 0
4609.600000 0.058846 0
4612.960000 0.050247 0
4616.320000 0.019943 0
4619.680000 0.032368 0
4623.040000 0.037132 0
4626.400000 0.038852 0
4629.760000 0.032123 0
4633.120000 0.038962 0
4636.480000 0.031011 0
4639.840000 0.048879 0
4643.200000 0.046919 0
4646.560000 0.044650 0
4649.920000 0.043269 0
4653.280000 0.033461 0
4656.640000 0.026362 0
4660.000000 0.014680 0
4663.360000 0.043574 0
4666.720000 0.042519 0
4670.080000 0.043198 0
4673.440000 0.027782 0
4676.800000 0.042122 0
4680.160000 0.024173 0
4683.520000 0.034056 0
4686.880000 0.028413 0
4690.240000 0.026601 0
4693.600000 0.039278 0
4696.960000 0.031831 0
4700.320000 0.041216 0
4703.680000 0.043658 0
4707.040000 0.042330 0
4710.400000 0.027824 0
4713.760000 0.028634 0
4717.120000 0.046850 0
4720.480000 0.037436 0
4723.840000 0.018856 0
4727.200000 0.027959 0
4730.560000 0.035602 0
4733.920000 0.029060 0
4737.280000 0.029939 0
4740.640000 0.035348 0
4744.000000 0.040570 0
4747.360000 0.041329 0
4750.720000 0.033086 0
4754.080000 0.029824 0
4757.440000 0.024990 0
4760.800000 0.010192 0
4764.160000 0.033412 0
4767.520000 0.042612 0
4770.880000 0.027701 0
4774.240000 0.025198 0
4777.600000 0.015884 0
4780.960000 0.014268 0
4784.320000 0.018294 0
4787.680000 0.009275 0
4791.040000 -0.000939 0
4794.400000 0.008348 0
4797.760000 0.020091 0
4801.120000 0.022928 0
4804.480000 0.032342 0
4807.840000 0.048633 0
4811.200000 0.045532 0
4814.560000 0.043487 0
4817.920000 0.047774 0
4821.280000 0.042951 0
4824.640000 0.036218 0
4828.000000 0.022691 0
4831.360000 0.017177 0
4834.720000 0.046574 0
4838.080000 0.014711 0
4841.440000 0.041931 0
4844.800000 0.037959 0
4848.160000 0.033567 0
4851.520000 0.037786 0
4854.880000 0.042373 0
4858.240000 0.041989 0
4861.600000 0.036163 0
4864.960000 0.032192 0
4868.320000 0.020741 0
4871.680000 0.021761 0
4875.040000 0.023840 0
4878.400000 0.030128 0
4881.760000 0.039937 0
4885.120000 0.019955 0
4888.480000 0.035589 0
4891.840000 0.031292 0
4895.200000 0.038811 0
4898.560000 0.046862 0
4901.920000 0.037754 0
4905.280000 0.029842 0
4908.640000 0.038513 0
4912.000000 0.045216 0
4915.360000 0.035242 0
4918.720000 0.041457 0
4922.080000 0.045099 0
4925.440000 0.042233 0
4928.800000 0.041213 0
4932.160000 0.035812 0
4935.520000 0.022076 0
4938.880000 0.012841 0
4942.240000 0.040055 0
4945.600000 0.035566 0
4948.960000 0.037768 0
4952.320000 0.040079 0
4955.680000 0.041082 0
4959.040000 0.026935 0
4962.400000 0.035871 0
4965.760000 0.036530 0
4969.120000 0.038390 0
4972.480000 0.036038 0
4975.840000 0.033493 0
4979.200000 0.029670 0
4982.560000 0.033175 0
4985.920000 0.032095 0
4989.280000 0.014844 0
4992.640000 0.041634 0
4996.000000 0.024674 0
4999.360000 0.034151 0
5002.720000 0.034580 0
5006.080000 0.034058 0
5009.440000 0.032364 0
5012.800000 0.027451 0
5016.160000 0.026153 0
5019.520000 0.034479 0
5022.880000 0.037410 0
5026.240000 0.024313 0
5029.600000 0.018278 0
5032.960000 0.033228 0
5036.320000 0.044467 0
5039.680000 0.025946 0
5043.040000 0.035354 0
5046.400000 0.038217 0
5049.760000 0.025976 0
5053.120000 0.026639 0
5056.480000 0.031331 0
5059.840000 0.032826 0
5063.200000 0.046750 0
5066.560000 0.028428 0
5069.920000 0.032776 0
5073.280000 0.041295 0
5076.640000 0.040814 0
5080.000000 0.040704 0
5083.360000 0.047633 0
5086.720000 0.035332 0
5090.080000 0.029149 0
5093.440000 0.026305 0
5096.800000 0.043864 0
5100.160000 0.042012 0
5103.520000 0.030258 0
5106.880000 0.038170 0
5110.240000 0.040162 0
5113.600000 0.035561 0
5116.960000 0.023813 0
5120.320000 0.042356 0
5123.680000 0.021341 0
5127.040000 0.028073 0
5130.400000 0.033413 0
5133.760000 0.025442 0
5137.120000 0.040758 0
5140.480000 0.020176 0
5143.840000 0.016087 0
5147.200000 0.039731 0
5150.560000 0.036331 0
5153.920000 0.034264 0
5157.280000 0.028578 0
5160.640000 0.016400 0
5164.000000 0.038063 0
5167.360000 0.032674 0
5170.720000 0.021031 0
5174.080000 0.018154 0
5177.440000 0.030557 0
5180.800000 0.035110 0
5184.160000 0.040135 0
5187.520000 0.015525 0
5190.880000 0.033428 0
5194.240000 0.026395 0
5197.600000 0.026638 0
5200.960000 0.025450 0
5204.320000 0.022890 0
5207.680000 0.030781 0
5211.040000 0.028224 0
5214.400000 0.029664 0
5217.760000 0.031579 0
5221.120000 0.037471 0
5224.480000 0.029282 0
5227.840000 0.034042 0
5231.200000 0.021014 0
5234.560000 0.028818 0
5237.920000 0.037598 0
5241.280000 0.045041 0
5244.640000 0.033453 0
5248.000000 0.016866 0
5251.360000 0.024897 0
5254.720000 0.039094 0
5258.080000 0.044748 0
5261.440000 0.030593 0
5264.800000 0.042298 0
5268.160000 0.035316 0
5271.520000 0.033383 0
5274.880000 0.029471 0
5278.240000 0.036482 0
5281.600000 0.041603 0
5284.960000 0.031408 0
5288.320000 0.024171 0
5291.680000 0.029160 0
5295.040000 0.037302 0
5298.400000 0.034243 0
5301.760000 0.016132 0
5305.120000 0.032892 0
5308.480000 0.031075 0
5311.840000 0.039434 0
5315.200000 0.035401 0
5318.560000 0.030587 0
5321.920000 0.020720 0
5325.280000 0.036850 0
5328.640000 0.024769 0
5332.000000 0.023668 0
5335.360000 0.040001 0
5338.720000 0.030403 0
5342.080000 0.022128 0
5345.440000 0.025889 0
5348.800000 0.028393 0
5352.160000 0.026961 0
5355.520000 0.019159 0
5358.880000 0.028491 0
5362.240000 0.035812 0
5365.600000 0.031740 0
5368.960000 0.030307 0
5372.320000 0.020055 0
5375.680000 0.025855 0
5379.040000 0.032578 0
5382.400000 0.034694 0
5385.760000 0.023261 0
5389.120000 0.033236 0
5392.480000 0.026234 0
5395.840000 0.037394 0
5399.200000 0.026206 0
5402.560000 0.026614 0
5405.920000 0.026476 0
5409.280000 0.034670 0
5412.640000 0.027184 0
5416.000000 0.036438 0
5419.360000 0.028463 0
5422.720000 0.035932 0
5426.080000 0.023482 0
5429.440000 0.025042 0
5432.800000 0.039163 0
5436.160000 0.049204 0
5439.520000 0.047391 0
5442.880000 0.040579 0
5446.240000 0.035672 0
5449.600000 0.038262 0
5452.960000 0.025943 0
5456.320000 0.032917 0
5459.680000 0.027301 0
5463.040000 0.036117 0
5466.400000 0.025002 0
5469.760000 0.031711 0
5473.120000 0.042698 0
5476.480000 0.030325 0
5479.840000 0.021513 0
5483.200000 0.019691 0
5486.560000 0.034088 0
5489.920000 0.020269 0
5493.280000 0.020607 0
5496.640000 0.029869 0
5500.000000 0.039529 0
5503.360000 0.033859 0
5506.720000 0.024465 0
5510.080000 0.022481 0
5513.440000 0.028634 0
5516.800000 0.022373 0
5520.160000 0.033714 0
5523.520000 0.032047 0
5526.880000 0.025676 0
5530.240000 0.031242 0
5533.600000 0.034269 0
5536.960000 0.026501 0
5540.320000 0.024309 0
5543.680000 0.040201 0
5547.040000 0.031652 0
5550.400000 0.016561 0
5553.760000 0.033166 0
5557.120000 0.029358 0
5560.480000 0.039637 0
5563.840000 0.031790 1
5567.200000 0.008721 1
5570.560000 -0.141308 1
5573.920000 -0.000689 1
5577.280000 0.018193 1
5580.640000 0.122055 1
5584.000000 0.197710 1
5587.360000 0.107609 1
5590.720000 0.048073 1
5594.080000 0.031731 1
5597.440000 0.021458 0
5600.800000 0.032772 0
5604.160000 0.035701 0
5607.520000 0.033577 0
5610.880000 0.031105 0
5614.240000 0.033998 0
5617.600000 0.019404 0
5620.960000 0.024000 0
5624.320000 0.030663 0
5627.680000 0.038690 0
5631.040000 0.025150 0
5634.400000 0.022953 0
5637.760000 0.032640 0
5641.120000 0.036100 0
5644.480000 0.032543 0
5647.840000 0.022596 0
5651.200000 0.025185 0
5654.560000 0.026943 0
5657.920000 0.024457 0
5661.280000 0.021029 0
5664.640000 0.032083 0
5668.000000 0.032124 0
5671.360000 0.028394 0
5674.720000 0.033898 0
5678.080000 0.029002 0
5681.440000 0.033620 0
5684.800000 0.029078 0
5688.160000 0.023203 0
5691.520000 0.028821 0
5694.880000 0.044499 0
5698.240000 0.034795 0
5701.600000 0.035534 0
5704.960000 0.034405 0
5708.320000 0.036193 0
5711.680000 0.033963 0
5715.040000 0.027455 0
5718.400000 0.018136 0
5721.760000 0.014934 0
5725.120000 0.038270 0
5728.480000 0.020126 0
5731.840000 0.021188 0
5735.200000 0.034145 0
5738.560000 0.025573 0
5741.920000 0.018953 0
5745.280000 0.021236 0
5748.640000 0.029118 0
5752.000000 0.022718 0
5755.360000 0.018076 0
5758.720000 0.022206 0
5762.080000 0.016010 0
5765.440000 0.029756 0
5768.800000 0.027009 0
5772.160000 0.035057 0
5775.520000 0.025658 0
5778.880000 0.031759 0
5782.240000 0.036894 0
5785.600000 0.037239 0
5788.960000 0.023672 0
5792.320000 0.019654 0
5795.680000 0.032063 0
5799.040000 0.031146 0
5802.400000 0.026738 0
5805.760000 0.033675 0
5809.120000 0.023878 0
5812.480000 0.043001 0
5815.840000 0.039634 0
5819.200000 0.032409 0
5822.560000 0.024585 0
5825.920000 0.031927 0
5829.280000 0.034225 0
5832.640000 0.037205 0
5836.000000 0.028281 0
5839.360000 0.026907 0
5842.720000 0.030442 0
5846.080000 0.024527 0
5849.440000 0.023876 0
5852.800000 0.021784 0
5856.160000 0.023776 0
5859.520000 0.025258 0
5862.880000 0.020850 0
5866.240000 0.027360 0
5869.600000 0.032530 0
5872.960000 0.034221 0
5876.320000 0.030571 0
5879.680000 0.016887 0
5883.040000 0.005668 0
5886.400000 0.014766 0
5889.760000 0.010467 0
5893.120000 0.044744 0
5896.480000 0.066657 0
5899.840000 0.047701 0
5903.200000 0.031436 0
5906.560000 0.028588 0
5909.920000 0.028986 0
5913.280000 0.031155 0
5916.640000 0.011680 0
5920.000000 0.030003 0
5923.360000 0.030625 0
5926.720000 0.029302 0
5930.080000 0.016666 0
5933.440000 0.011037 0
5936.800000 0.036886 0
5940.160000 0.032179 0
5943.520000 0.018339 0
5946.880000 0.014185 0
5950.240000 0.016860 0
5953.600000 0.029583 0
5956.960000 0.020572 0
5960.320000 0.031818 0
5963.680000 0.008933 0
5967.040000 0.018479 0
5970.400000 0.019157 0
5973.760000 0.016525 0
5977.120000 0.014343 0
5980.480000 0.016543 0
5983.840000 0.025646 0
5987.200000 0.026468 0
5990.560000 0.027252 0
5993.920000 0.029561 0
5997.280000 0.027566 0
6000.640000 0.036416 0
6004.000000 0.029751 0
6007.360000 0.020263 0
6010.720000 0.022979 0
6014.080000 0.021636 0
6017.440000 0.030079 0
6020.800000 0.035961 0
6024.160000 0.024674 0
6027.520000 0.021212 0
6030.880000 0.029139 0
6034.240000 0.021584 0
6037.600000 0.028664 0
6040.960000 0.026423 0
6044.320000 0.032001 0
6047.680000 0.028969 0
6051.040000 0.033573 0
6054.400000 0.019497 0
6057.760000 0.015787 0
6061.120000 0.027737 0
6064.480000 0.023624 0
6067.840000 0.029793 0
6071.200000 0.030874 0
6074.560000 0.029022 0
6077.920000 0.037859 0
6081.280000 0.024822 0
6084.640000 0.032701 0
6088.000000 0.023359 0
6091.360000 0.023232 0
6094.720000 0.032510 0
6098.080000 0.021464 0
6101.440000 0.028761 0
6104.800000 0.027859 0
6108.160000 0.019370 0
6111.520000 0.029679 0
6114.880000 0.029714 0
6118.240000 0.032616 0
6121.600000 0.022024 0
6124.960000 0.023234 0
6128.320000 0.022955 0
6131.680000 0.037545 0
6135.040000 0.034529 0
6138.400000 0.023696 0
6141.760000 0.025391 0
6145.120000 0.016929 0
6148.480000 0.030887 0
6151.840000 0.031885 0
6155.200000 0.014905 0
6158.560000 0.029218 0
6161.920000 0.032227 0
6165.280000 0.028649 0
6168.640000 0.020899 0
6172.000000 0.030438 0
6175.360000 0.032180 0
6178.720000 0.024790 0
6182.080000 0.033988 0
6185.440000 0.031146 0
6188.800000 0.031467 0
6192.160000 0.022546 0
6195.520000 0.027350 0
6198.880000 0.031942 0
6202.240000 0.028440 0
6205.600000 0.037104 0
6208.960000 0.032953 0
6212.320000 0.038613 0
6215.680000 0.025496 0
6219.040000 0.020783 0
6222.400000 0.027640 0
6225.760000 0.029896 0
6229.120000 0.027071 0
6232.480000 0.027387 0
6235.840000 0.031410 0
6239.200000 0.044446 0
6242.560000 0.027716 0
6245.920000 0.023088 0
6249.280000 0.025579 0
6252.640000 0.030398 0
6256.000000 0.021189 0
6259.360000 0.026611 0
6262.720000 0.028851 0
6266.080000 0.021100 0
6269.440000 0.026255 0
6272.800000 0.026443 0
6276.160000 0.029182 0
6279.520000 0.027986 0
6282.880000 0.025111 0
6286.240000 0.038942 0
6289.600000 0.024198 0
6292.960000 0.010699 0
6296.320000 0.016886 0
6299.680000 0.033288 0
6303.040000 0.048194 0
6306.400000 0.044450 0
6309.760000 0.015705 0
6313.120000 0.032925 0
6316.480000 0.026389 0
6319.840000 0.027480 0
6323.200000 0.017124 0
6326.560000 0.015098 0
6329.920000 0.037460 0
6333.280000 0.026791 0
6336.640000 0.030243 0
6340.000000 0.031253 0
6343.360000 0.010605 0
6346.720000 0.009691 0
6350.080000 0.027124 0
6353.440000 0.027700 0
6356.800000 0.031984 0
6360.160000 0.037858 0
6363.520000 0.032553 0
6366.880000 0.013673 0
6370.240000 0.020113 0
6373.600000 0.012872 0
6376.960000 0.019169 0
6380.320000 0.019498 0
6383.680000 0.027572 0
6387.040000 0.020438 0
6390.400000 0.018776 0
6393.760000 0.018664 0
6397.120000 0.021137 0
6400.480000 0.029375 0
6403.840000 0.030678 0
6407.200000 0.030348 0
6410.560000 0.029617 0
6413.920000 0.021319 0
6417.280000 0.013607 0
6420.640000 0.012445 0
6424.000000 0.029615 0
6427.360000 0.027991 0
6430.720000 0.027504 0
6434.080000 0.016551 0
6437.440000 0.020293 0
6440.800000 0.025030 0
6444.160000 0.032336 0
6447.520000 0.028860 0
6450.880000 0.026384 0
6454.240000 0.022452 0
6457.600000 0.021619 0
6460.960000 0.029748 0
6464.320000 0.033422 0
6467.680000 0.025610 0
6471.040000 0.037567 0
6474.400000 0.038782 0
6477.760000 0.037840 0
6481.120000 0.023796 0
6484.480000 0.015364 0
6487.840000 0.016652 0
6491.200000 0.017850 0
6494.560000 0.015854 0
6497.920000 0.023163 0
6501.280000 0.025122 0
6504.640000 0.035128 0
6508.000000 0.025070 0
6511.360000 0.027008 0
6514.720000 0.027966 0
6518.080000 0.016916 0
6521.440000 0.015571 0
6524.800000 0.026054 0
6528.160000 0.031969 0
6531.520000 0.019167 0
6534.880000 0.028120 0
6538.240000 0.035986 0
6541.600000 0.026718 0
6544.960000 0.028776 0
6548.320000 0.023233 0
6551.680000 0.024605 0
6555.040000 0.028813 0
6558.400000 0.023779 0
6561.760000 0.018407 0
6565.120000 0.016683 0
6568.480000 0.022485 0
6571.840000 0.025429 0
6575.200000 0.018348 0
6578.560000 0.019926 0
6581.920000 0.022122 0
6585.280000 0.021877 0
6588.640000 0.021408 0
6592.000000 0.016367 0
6595.360000 0.011728 0
6598.720000 0.016574 0
6602.080000 0.033598 0
6605.440000 0.027594 0
6608.800000 0.030827 0
6612.160000 0.026421 0
6615.520000 0.030769 0
6618.880000 0.020887 0
6622.240000 0.022116 0
6625.600000 0.032100 0
6628.960000 0.022544 0
6632.320000 0.029771 0
6635.680000 0.036122 0
6639.040000 0.028434 0
6642.400000 0.027803 0
6645.760000 0.028798 0
6649.120000 0.021129 0
6652.480000 0.025200 0
6655.840000 0.025782 0
6659.200000 0.025305 0
6662.560000 0.019052 0
6665.920000 0.021400 0
6669.280000 0.024427 0
6672.640000 0.020758 0
6676.000000 0.028904 0
6679.360000 0.021230 0
6682.720000 0.026804 0
6686.080000 0.018307 0
6689.440000 0.013854 0
6692.800000 0.022877 0
6696.160000 0.026255 0
6699.520000 0.019149 0
6702.880000 0.013298 0
6706.240000 0.015014 0
6709.600000 0.018889 0
6712.960000 0.014354 0
6716.320000 0.015154 0
6719.680000 0.011181 0
6723.040000 0.023702 0
6726.400000 0.027863 0
6729.760000 0.027311 0
6733.120000 0.026280 0
6736.480000 0.019885 0
6739.840000 0.029547 0
6743.200000 0.014792 0
6746.560000 0.024434 0
6749.920000 0.017359 0
6753.280000 0.019267 0
6756.640000 0.014636 0
6760.000000 0.011738 0
6763.360000 0.022387 0
6766.720000 0.026050 0
6770.080000 0.027181 0
6773.440000 0.019502 0
6776.800000 0.025872 0
6780.160000 0.016931 0
6783.520000 0.009205 0
6786.880000 0.025431 0
6790.240000 0.029791 0
6793.600000 0.014821 0
6796.960000 0.026491 0
6800.320000 0.025390 0
6803.680000 0.022523 0
6807.040000 0.018893 0
6810.400000 0.021782 0
6813.760000 0.025240 0
6817.120000 0.024088 0
6820.480000 0.021566 0
6823.840000 0.039249 0
6827.200000 0.022494 0
6830.560000 0.025343 0
6833.920000 0.021794 0
6837.280000 0.017324 0
6840.640000 0.021497 0
6844.000000 0.023500 0
6847.360000 0.024081 0
6850.720000 0.013218 0
6854.080000 0.020261 0
6857.440000 0.022194 0
6860.800000 0.011868 0
6864.160000 0.012698 0
6867.520000 0.015967 0
6870.880000 0.017578 0
6874.240000 0.020123 0
6877.600000 0.022397 0
6880.960000 0.002205 0
6884.320000 0.018048 0
6887.680000 0.026095 0
6891.040000 0.013858 0
6894.400000 0.019433 0
6897.760000 0.019764 0
6901.120000 0.013524 0
6904.480000 0.036258 0
6907.840000 0.029773 0
6911.200000 0.022063 0
6914.560000 0.018313 0
6917.920000 0.005081 0
6921.280000 0.028996 0
6924.640000 0.028514 0
6928.000000 0.024383 0
6931.360000 0.015169 0
6934.720000 0.019773 0
6938.080000 0.024738 0
6941.440000 0.020261 0
6944.800000 0.016578 0
6948.160000 0.012362 0
6951.520000 0.021590 0
6954.880000 0.015825 0
6958.240000 0.029969 0
6961.600000 0.030683 0
6964.960000 0.030706 0
6968.320000 0.024789 0
6971.680000 0.020026 0
6975.040000 0.023514 0
6978.400000 0.028615 0
6981.760000 0.025264 0
6985.120000 0.015411 0
6988.480000 0.027594 0
6991.840000 0.022122 0
6995.200000 0.011372 0
6998.560000 0.010247 0
7001.920000 0.021857 0
7005.280000 0.030784 0
7008.640000 0.026278 0
7012.000000 0.012818 0
7015.360000 0.028119 0
7018.720000 0.030934 0
7022.080000 0.022136 0
7025.440000 0.027347 0
7028.800000 0.019129 0
7032.160000 0.024347 0
7035.520000 0.043896 0
7038.880000 0.010835 0
7042.240000 0.012030 0
7045.600000 0.019514 0
7048.960000 0.023536 0
7052.320000 0.021156 0
7055.680000 0.022849 0
7059.040000 0.019964 0
7062.400000 0.010510 0
7065.760000 0.016188 0
7069.120000 0.036261 0
7072.480000 0.014405 0
7075.840000 0.020967 0
7079.200000 0.023193 0
7082.560000 0.018122 0
7085.920000 0.021626 0
7089.280000 0.025042 0
7092.640000 0.018610 0
7096.000000 0.031484 0
7099.360000 0.027993 0
7102.720000 0.018003 0
7106.080000 0.033694 0
7109.440000 0.020332 0
7112.800000 0.021882 0
7116.160000 0.018616 0
7119.520000 0.027223 0
7122.880000 0.016604 0
7126.240000 0.026162 0
7129.600000 0.032224 0
7132.960000 0.029251 0
7136.320000 0.016176 0
7139.680000 0.029673 0
7143.040000 0.027771 0
7146.400000 0.024730 0
7149.760000 0.025985 0
7153.120000 0.024807 0
7156.480000 0.023928 0
7159.840000 0.026050 0
7163.200000 0.021283 0
7166.560000 0.021995 0
7169.920000 0.024129 0
7173.280000 0.019263 0
7176.640000 0.031560 0
7180.000000 0.019474 0
7183.360000 0.004723 0
7186.720000 0.024914 0
7190.080000 0.023475 0
7193.440000 0.019437 0
7196.800000 0.025225 0
7200.160000 0.027064 0
7203.520000 0.035844 0
7206.880000 0.016944 0
7210.240000 0.018380 0
7213.600000 0.032586 0
7216.960000 0.019949 0
7220.320000 0.020520 0
7223.680000 0.019725 0
7227.040000 0.023034 0
7230.400000 0.013395 0
7233.760000 0.022364 0
7237.120000 0.007408 0
7240.480000 0.012015 0
7243.840000 0.004155 0
7247.200000 0.024077 0
7250.560000 0.024108 0
7253.920000 0.017074 0
7257.280000 0.016777 0
7260.640000 0.023282 0
7264.000000 0.017629 0
7267.360000 0.007007 0
7270.720000 0.013134 0
7274.080000 0.008035 0
7277.440000 0.015491 0
7280.800000 -0.005565 0
7284.160000 0.022635 0
7287.520000 0.014716 0
7290.880000 0.037025 0
7294.240000 0.022943 0
7297.600000 0.032892 0
7300.960000 0.024173 0
7304.320000 0.023002 0
7307.680000 0.019894 0
7311.040000 0.011471 0
7314.400000 0.017258 0
7317.760000 0.014393 0
7321.120000 0.025188 0
7324.480000 0.008815 0
7327.840000 0.017464 0
7331.200000 0.032375 0
7334.560000 0.012598 0
7337.920000 0.014289 0
7341.280000 0.028012 0
7344.640000 0.021577 0
7348.000000 0.033823 0
7351.360000 0.030220 0
7354.720000 0.019261 0
7358.080000 0.020961 0
7361.440000 0.004661 0
7364.800000 0.006943 0
7368.160000 0.004821 0
7371.520000 0.009053 0
7374.880000 0.026987 0
7378.240000 0.023155 0
7381.600000 0.013475 0
7384.960000 0.021611 0
7388.320000 0.009947 0
7391.680000 0.014560 0
7395.040000 0.027938 0
7398.400000 0.034926 0
7401.760000 0.016953 0
7405.120000 0.017677 0
7408.480000 0.021525 0
7411.840000 0.022050 0
7415.200000 0.022701 0
7418.560000 0.015209 0
7421.920000 0.019944 0
7425.280000 0.025792 0
7428.640000 0.021394 0
7432.000000 0.032370 0
7435.360000 0.026400 0
7438.720000 0.023157 0
7442.080000 0.030572 0
7445.440000 0.018940 0
7448.800000 0.011922 0
7452.160000 0.018718 0
7455.520000 0.020546 0
7458.880000 0.018571 0
7462.240000 0.023120 0
7465.600000 0.024987 0
7468.960000 0.029399 0
7472.320000 0.016406 0
7475.680000 0.014766 0
7479.040000 0.045153 0
7482.400000 0.026120 0
7485.760000 0.010166 0
7489.120000 0.014622 0
7492.480000 0.007364 0
7495.840000 0.013665 0
7499.200000 0.021851 0
7502.560000 0.010825 0
7505.920000 0.016771 0
7509.280000 0.025127 0
7512.640000 0.023837 0
7516.000000 0.020235 0
7519.360000 0.027356 0
7522.720000 0.011886 0
7526.080000 0.023577 0
7529.440000 0.031124 0
7532.800000 0.026138 0
7536.160000 0.024120 0
7539.520000 0.027795 0
7542.880000 0.024485 0
7546.240000 0.013887 0
7549.600000 0.016631 0
7552.960000 0.011700 0
7556.320000 0.025514 0
7559.680000 0.020119 0
7563.040000 0.025226 0
7566.400000 0.008613 0
7569.760000 0.012875 0
7573.120000 0.024630 0
7576.480000 0.018790 0
7579.840000 0.011220 0
7583.200000 0.020811 0
7586.560000 0.020917 0
7589.920000 0.011341 0
7593.280000 0.010838 0
7596.640000 0.021656 0
7600.000000 0.037711 0
7603.360000 0.061746 0
7606.720000 0.011271 0
7610.080000 0.001647 0
7613.440000 0.047725 0
7616.800000 0.032338 0
7620.160000 0.009003 0
7623.520000 0.009798 0
7626.880000 0.003446 0
7630.240000 -0.005361 0
7633.600000 0.030125 0
7636.960000 0.032923 0
7640.320000 0.020044 0
7643.680000 0.029376 0
7647.040000 0.026632 0
7650.400000 0.028247 0
7653.760000 0.018589 0
7657.120000 -0.011236 0
7660.480000 -0.000376 0
7663.840000 0.008416 0
7667.200000 0.027752 0
7670.560000 0.022020 0
7673.920000 0.015983 0
7677.280000 0.003101 0
7680.640000 0.010479 0
7684.000000 0.016920 0
7687.360000 0.017684 0
7690.720000 0.014291 0
7694.080000 0.018477 0
7697.440000 0.023421 0
7700.800000 0.014806 0
7704.160000 0.021619 0
7707.520000 0.013618 0
7710.880000 0.030843 0
7714.240000 0.023794 0
7717.600000 0.028678 0
7720.960000 0.058091 0
7724.320000 0.011590 0
7727.680000 0.023583 0
7731.040000 0.019195 0
7734.400000 0.011848 0
7737.760000 0.021512 0
7741.120000 0.024179 0
7744.480000 0.026588 0
7747.840000 0.006121 0
7751.200000 0.017388 0
7754.560000 0.022743 0
7757.920000 0.026135 0
7761.280000 0.026642 0
7764.640000 0.031990 0
7768.000000 -0.008363 0
7771.360000 0.029639 0
7774.720000 0.022150 0
7778.080000 0.003924 0
7781.440000 0.029390 0
7784.800000 0.028718 0
7788.160000 0.020143 0
7791.520000 0.030971 0
7794.880000 0.031789 0
7798.240000 0.019710 0
7801.600000 0.018127 0
7804.960000 0.029697 0
7808.320000 0.023372 0
7811.680000 0.012913 0
7815.040000 0.022788 0
7818.400000 0.048601 0
7821.760000 0.027376 0
7825.120000 0.021586 0
7828.480000 0.034129 0
7831.840000 0.031693 0
7835.200000 0.042407 0
7838.560000 0.021374 0
7841.920000 0.007641 0
7845.280000 0.025969 0
7848.640000 0.003479 0
7852.000000 0.021885 0
7855.360000 -0.016363 0
7858.720000 -0.014807 0
7862.080000 0.018596 0
7865.440000 0.020413 0
7868.800000 0.031003 0
7872.160000 0.003410 0
7875.520000 0.007864 0
7878.880000 0.015651 0
7882.240000 0.008637 0
7885.600000 -0.003280 0
7888.960000 0.026899 0
7892.320000 0.040858 0
7895.680000 0.021010 0
7899.040000 0.023382 0
7902.400000 0.021751 0
7905.760000 0.028063 0
7909.120000 0.010022 0
7912.480000 0.020048 0
7915.840000 0.009728 0
7919.200000 0.021872 0
7922.560000 0.042234 0
7925.920000 0.023362 0
7929.280000 0.002721 0
7932.640000 0.023315 0
7936.000000 0.050704 0
7939.360000 0.005057 0
7942.720000 0.006223 0
7946.080000 0.021106 0
7949.440000 0.017472 0
7952.800000 0.019544 0
7956.160000 0.050795 0
7959.520000 0.030212 0
7962.880000 0.002399 0
7966.240000 0.016628 0
7969.600000 0.015595 0
7972.960000 0.022818 0
7976.320000 0.030863 0
7979.680000 0.015726 0
7983.040000 0.017925 0
7986.400000 0.041833 0
7989.760000 0.049890 0
7993.120000 0.017839 0
7996.480000 0.006129 0
7999.840000 0.019398 0
8003.200000 0.022313 0
8006.560000 0.028885 0
8009.920000 0.023698 0
8013.280000 0.005863 0
8016.640000 0.016990 0
8020.000000 0.009747 0
8023.360000 0.016740 0
8026.720000 0.026268 0
8030.080000 -0.013235 0
8033.440000 0.008724 0
8036.800000 0.019314 0
8040.160000 0.018951 0
8043.520000 0.014616 0
8046.880000 0.028538 0
8050.240000 0.004321 0
8053.600000 0.021857 0
8056.960000 -0.005639 0
8060.320000 0.010094 0
8063.680000 0.010337 0
8067.040000 0.018974 0
8070.400000 0.017868 0
8073.760000 0.011390 0
8077.120000 0.020606 0
8080.480000 0.026992 0
8083.840000 -0.001889 0
8087.200000 0.017552 0
8090.560000 0.011817 0
8093.920000 0.027987 0
8097.280000 0.043664 0
8100.640000 0.015503 0
8104.000000 0.032221 0
8107.360000 0.016288 0
8110.720000 0.005419 0
8114.080000 0.006133 0
8117.440000 0.010732 0
8120.800000 0.015559 0
8124.160000 0.018245 0
8127.520000 0.028609 0
8130.880000 0.023500 0
8134.240000 0.024035 0
8137.600000 0.021063 0
8140.960000 0.009077 0
8144.320000 0.010177 0
8147.680000 0.014909 0
8151.040000 0.024753 0
8154.400000 0.019268 0
8157.760000 0.026278 0
8161.120000 0.019590 0
8164.480000 0.027000 0
8167.840000 0.023647 0
8171.200000 0.017087 0
8174.560000 0.025209 0
8177.920000 0.017159 0
8181.280000 0.016746 0
8184.640000 0.013670 0
8188.000000 0.019700 0
8191.360000 0.019293 0
8194.720000 0.020948 0
8198.080000 0.005730 0
8201.440000 0.002092 0
8204.800000 0.023140 0
8208.160000 0.010887 0
8211.520000 0.009052 0
8214.880000 0.026413 0
8218.240000 0.028849 0
8221.600000 0.018696 0
8224.960000 0.012171 0
8228.320000 0.021279 0
8231.680000 0.012578 0
8235.040000 0.011345 0
8238.400000 0.021773 0
8241.760000 0.032204 0
8245.120000 0.023958 0
8248.480000 0.021597 0
8251.840000 0.016139 0
8255.200000 0.005599 0
8258.560000 0.020314 0
8261.920000 0.016489 0
8265.280000 0.011734 0
8268.640000 0.018959 0
8272.000000 0.017915 0
8275.360000 0.011629 0
8278.720000 -0.007892 0
8282.080000 0.030616 0
8285.440000 0.032792 0
8288.800000 0.032055 0
8292.160000 0.031636 0
8295.520000 -0.003726 0
8298.880000 -0.024485 0
8302.240000 -0.030663 0
8305.600000 0.035367 0
8308.960000 0.028797 0
8312.320000 0.022215 0
8315.680000 0.004124 0
8319.040000 0.023986 0
8322.400000 0.028990 0
8325.760000 0.016941 0
8329.120000 0.017919 0
8332.480000 0.005496 0
8335.840000 0.004862 0
8339.200000 0.045562 0
8342.560000 -0.001819 0
8345.920000 -0.004639 0
8349.280000 0.017382 0
8352.640000 -0.024774 0
8356.000000 0.008201 0
8359.360000 0.031504 0
8362.720000 0.005275 0
8366.080000 0.006326 0
8369.440000 0.012418 0
8372.800000 -0.000613 0
8376.160000 0.017299 0
8379.520000 0.026118 0
8382.880000 0.015952 0
8386.240000 0.021661 0
8389.600000 0.015994 0
8392.960000 0.049208 0
8396.320000 0.028071 0
8399.680000 -0.006608 0
8403.040000 -0.006267 0
8406.400000 0.046334 0
8409.760000 0.033522 0
8413.120000 0.005751 0
8416.480000 0.015883 0
8419.840000 0.006447 0
8423.200000 0.036902 0
8426.560000 0.030017 0
8429.920000 0.007435 0
8433.280000 0.001240 0
8436.640000 0.027300 0
8440.000000 0.023219 0
8443.360000 0.023355 0
8446.720000 0.028370 0
8450.080000 0.006785 0
8453.440000 0.007640 0
8456.800000 0.005992 0
8460.160000 0.031854 0
8463.520000 0.028432 0
8466.880000 0.004397 0
8470.240000 -0.009691 0
8473.600000 0.023686 0
8476.960000 0.031261 0
8480.320000 0.023746 0
8483.680000 0.024439 0
8487.040000 0.019292 0
8490.400000 0.018096 0
8493.760000 0.015193 0
8497.120000 0.018188 0
8500.480000 0.018693 0
8503.840000 0.011525 0
8507.200000 0.028950 0
8510.560000 0.026366 0
8513.920000 0.007009 0
8517.280000 0.022541 0
8520.640000 0.023095 0
8524.000000 0.017315 0
8527.360000 0.015858 0
8530.720000 0.013342 0
8534.080000 0.023291 0
8537.440000 0.009629 0
8540.800000 0.018222 0
8544.160000 0.020430 0
8547.520000 0.021026 0
8550.880000 0.016478 0
8554.240000 0.021547 0
8557.600000 0.013248 0
8560.960000 0.017155 0
8564.320000 0.020028 0
8567.680000 0.019314 0
8571.040000 0.022044 0
8574.400000 0.019244 0
8577.760000 0.029883 0
8581.120000 0.018220 0
8584.480000 0.008834 0
8587.840000 0.027695 0
8591.200000 0.024096 0
8594.560000 0.009934 0
8597.920000 0.011635 0
8601.280000 0.018744 0
8604.640000 0.012806 0
8608.000000 0.008446 0
8611.360000 -0.006888 0
8614.720000 0.023719 0
8618.080000 0.030387 0
8621.440000 0.017515 0
8624.800000 0.049132 0
8628.160000 0.015829 0
8631.520000 0.012770 0
8634.880000 0.031960 0
8638.240000 -0.019856 0
8641.600000 -0.018354 0
8644.960000 -0.013922 0
8648.320000 -0.018983 0
8651.680000 -0.005089 0
8655.040000 0.029626 0
8658.400000 0.016505 0
8661.760000 0.013485 0
8665.120000 0.066224 0
8668.480000 0.077627 0
8671.840000 -0.011584 0
8675.200000 -0.002340 0
8678.560000 -0.004404 0
8681.920000 0.008126 0
8685.280000 0.025376 0
8688.640000 0.014120 0
8692.000000 0.010014 0
8695.360000 0.035186 0
8698.720000 0.040473 0
8702.080000 0.026539 0
8705.440000 0.027677 0
8708.800000 0.018608 0
8712.160000 0.010590 0
8715.520000 0.011617 0
8718.880000 0.014694 0
8722.240000 0.018429 0
8725.600000 0.019701 0
8728.960000 0.020108 0
8732.320000 0.011610 0
8735.680000 0.015897 0
8739.040000 0.022675 0
8742.400000 0.018937 0
8745.760000 0.008281 0
8749.120000 0.007599 0
8752.480000 0.020568 0
8755.840000 0.015493 0
8759.200000 0.037270 0
8762.560000 0.020235 0
8765.920000 0.024762 0
8769.280000 0.032558 0
8772.640000 0.019225 0
8776.000000 0.035272 0
8779.360000 0.046478 0
8782.720000 0.015185 0
8786.080000 0.040484 0
8789.440000 0.062489 0
8792.800000 0.023312 0
8796.160000 0.030696 0
8799.520000 0.022537 0
8802.880000 0.020747 0
8806.240000 0.019016 0
8809.600000 0.013638 0
8812.960000 0.015201 0
8816.320000 0.007611 0
8819.680000 -0.013306 0
8823.040000 0.033496 0
8826.400000 -0.052913 0
8829.760000 0.069001 0
8833.120000 -0.051793 0
8836.480000 0.043199 0
8839.840000 0.033363 0
8843.200000 0.058679 0
8846.560000 0.039592 0
8849.920000 0.035205 0
8853.280000 0.001504 0
8856.640000 -0.007306 0
8860.000000 0.023858 0
8863.360000 0.013172 0
8866.720000 -0.002301 0
8870.080000 -0.013220 0
8873.440000 0.035917 0
8876.800000 0.043181 0
8880.160000 0.006200 0
8883.520000 0.070435 0
8886.880000 0.009878 0
8890.240000 0.036175 0
8893.600000 0.047304 0
8896.960000 0.030036 0
8900.320000 0.040331 0
8903.680000 0.029089 0
8907.040000 0.012443 0
8910.400000 0.012725 0
8913.760000 -0.038384 0
8917.120000 -0.001370 0
8920.480000 0.005573 0
8923.840000 0.058348 0
8927.200000 0.056206 0
8930.560000 0.013587 0
8933.920000 0.023720 0
8937.280000 0.008437 0
8940.640000 0.023107 0
8944.000000 -0.000643 0
8947.360000 0.018777 0
8950.720000 0.012065 0
8954.080000 0.000683 0
8957.440000 0.018328 0
8960.800000 -0.011179 0
8964.160000 0.021577 0
8967.520000 0.053288 0
8970.880000 0.035976 0
8974.240000 0.026041 0
8977.600000 0.021983 0
8980.960000 0.004116 0
8984.320000 0.000190 0
8987.680000 -0.000099 0
8991.040000 0.010873 0
8994.400000 0.010662 0
8997.760000 -0.031605 0
9001.120000 0.012586 0
9004.480000 0.039370 0
9007.840000 0.041391 0
9011.200000 0.035743 0
9014.560000 0.013185 0
9017.920000 0.027848 0
9021.280000 0.000920 0
9024.640000 0.003810 0
9028.000000 0.001738 0
9031.360000 0.027928 0
9034.720000 0.028421 0
9038.080000 0.030610 0
9041.440000 -0.013957 0
9044.800000 0.043540 0
9048.160000 -0.008574 0
9051.520000 0.013510 0
9054.880000 0.024313 0
9058.240000 0.001999 0
9061.600000 0.009769 0
9064.960000 0.022061 0
9068.320000 -0.000170 0
9071.680000 0.007000 0
9075.040000 0.006720 0
9078.400000 0.008848 0
9081.760000 0.017780 0
9085.120000 0.010166 0
9088.480000 0.014292 0
9091.840000 0.011674 0
9095.200000 0.016552 0
9098.560000 0.050423 0
9101.920000 0.015591 0
9105.280000 0.011747 0
9108.640000 0.030712 0
9112.000000 0.025264 0
9115.360000 0.033528 0
9118.720000 0.020739 0
9122.080000 0.020863 0
9125.440000 0.016296 0
9128.800000 0.012447 0
9132.160000 0.010289 0
9135.520000 0.013278 0
9138.880000 0.036890 0
9142.240000 0.011682 0
9145.600000 0.024407 0
9148.960000 0.026828 0
9152.320000 -0.010994 0
9155.680000 -0.008113 0
9159.040000 0.034548 0
9162.400000 0.028864 0
9165.760000 0.030874 0
9169.120000 0.026511 0
9172.480000 0.023482 0
9175.840000 0.012600 0
9179.200000 0.009817 0
9182.560000 0.025869 0
9185.920000 0.025749 0
9189.280000 0.023619 0
9192.640000 0.002427 0
9196.000000 0.007361 0
9199.360000 0.015430 0
9202.720000 0.008617 0
9206.080000 0.006911 0
9209.440000 0.017007 0
9212.800000 -0.008346 0
9216.160000 -0.008641 0
9219.520000 0.030651 0
9222.880000 0.031246 0
9226.240000 0.025847 0
9229.600000 0.007491 0
9232.960000 0.033089 0
9236.320000 0.017363 0
9239.680000 0.012068 0
9243.040000 0.039248 0
9246.400000 0.024152 0
9249.760000 -0.002867 0
