# obs: 255704
# slit: 30
# z: 0.28947
# lines: H{beta},[OIII]
# spec: 474
5120.830000 0.000000 1
5122.490000 0.000000 1
5124.150000 0.000000 1
5125.810000 0.000000 1
5127.470000 0.000000 1
5129.130000 0.000000 1
5130.790000 0.000000 1
5132.450000 0.000000 1
5134.110000 0.000000 1
5135.770000 0.000000 1
5137.430000 0.000000 1
5139.090000 0.000000 1
5140.750000 0.000000 1
5142.410000 0.000000 1
5144.070000 0.000000 1
5145.730000 0.000000 1
5147.390000 0.000000 1
5149.050000 0.000000 1
5150.710000 0.000000 1
5152.370000 0.000000 1
5154.030000 0.000000 1
5155.690000 0.000000 1
5157.350000 0.000000 1
5159.010000 0.000000 1
5160.670000 0.000000 1
5162.330000 0.000000 1
5163.990000 0.000000 1
5165.650000 0.000000 1
5167.310000 0.000000 1
5168.970000 0.000000 1
5170.630000 0.000000 1
5172.290000 0.000000 1
5173.950000 0.000000 1
5175.610000 0.000000 1
5177.270000 0.000000 1
5178.930000 0.023879 0
5180.590000 0.077592 0
5182.250000 0.033931 0
5183.910000 0.024893 0
5185.570000 0.061213 0
5187.230000 0.054577 0
5188.890000 0.044756 0
5190.550000 0.036441 0
5192.210000 0.010383 0
5193.870000 0.068557 0
5195.530000 0.064554 0
5197.190000 0.104497 0
5198.850000 0.044703 0
5200.510000 0.039537 0
5202.170000 0.018117 0
5203.830000 0.040951 0
5205.490000 0.033158 0
5207.150000 0.028751 0
5208.810000 0.037182 0
5210.470000 0.037761 0
5212.130000 0.032210 0
5213.790000 0.046648 0
5215.450000 0.060857 0
5217.110000 0.041606 0
5218.770000 0.054421 0
5220.430000 0.074878 0
5222.090000 0.025846 0
5223.750000 0.048082 0
5225.410000 0.069407 0
5227.070000 0.032676 0
5228.730000 0.037503 0
5230.390000 0.052874 0
5232.050000 0.071344 0
5233.710000 0.040493 0
5235.370000 0.044382 0
5237.030000 0.067621 0
5238.690000 0.045545 0
5240.350000 0.027119 0
5242.010000 0.035575 0
5243.670000 0.041296 0
5245.330000 0.064791 0
5246.990000 0.042207 0
5248.650000 0.036435 0
5250.310000 0.043550 0
5251.970000 0.059481 0
5253.630000 0.048846 0
5255.290000 0.041144 0
5256.950000 0.015170 0
5258.610000 0.032640 0
5260.270000 0.031128 0
5261.930000 0.066612 0
5263.590000 0.052944 0
5265.250000 0.037286 0
5266.910000 0.052532 0
5268.570000 0.036559 0
5270.230000 0.059102 0
5271.890000 0.040942 0
5273.550000 0.050473 0
5275.210000 0.043584 0
5276.870000 0.052430 0
5278.530000 0.059588 0
5280.190000 0.017177 0
5281.850000 0.025013 0
5283.510000 0.019543 0
5285.170000 0.045403 0
5286.830000 0.027721 0
5288.490000 0.040930 0
5290.150000 0.053503 0
5291.810000 0.045552 0
5293.470000 0.027730 0
5295.130000 0.032701 0
5296.790000 0.044456 0
5298.450000 0.034085 0
5300.110000 0.032702 0
5301.770000 0.026677 0
5303.430000 0.008523 0
5305.090000 0.035713 0
5306.750000 0.046495 0
5308.410000 0.015046 0
5310.070000 0.059726 0
5311.730000 0.050969 0
5313.390000 0.048605 0
5315.050000 0.082516 0
5316.710000 0.051008 0
5318.370000 0.057933 0
5320.030000 0.047727 0
5321.690000 0.051600 0
5323.350000 0.057523 0
5325.010000 0.034506 0
5326.670000 0.042658 0
5328.330000 0.065804 0
5329.990000 0.051554 0
5331.650000 0.017630 0
5333.310000 0.047093 0
5334.970000 0.066943 0
5336.630000 0.037892 0
5338.290000 0.056243 0
5339.950000 0.053455 0
5341.610000 0.047656 0
5343.270000 0.048774 0
5344.930000 0.064857 0
5346.590000 0.059273 0
5348.250000 0.032022 0
5349.910000 0.041799 0
5351.570000 0.043431 0
5353.230000 0.048363 0
5354.890000 0.009753 0
5356.550000 0.033415 0
5358.210000 0.065279 0
5359.870000 0.056793 0
5361.530000 0.039480 0
5363.190000 0.050032 0
5364.850000 0.029330 0
5366.510000 0.049576 0
5368.170000 0.039288 0
5369.830000 0.052529 0
5371.490000 0.036967 0
5373.150000 0.037799 0
5374.810000 0.037120 0
5376.470000 0.052871 0
5378.130000 0.036266 0
5379.790000 0.044526 0
5381.450000 0.050672 0
5383.110000 0.070237 0
5384.770000 0.059658 0
5386.430000 0.057157 0
5388.090000 0.048641 0
5389.750000 0.036733 0
5391.410000 0.051674 0
5393.070000 0.039136 0
5394.730000 0.025853 0
5396.390000 0.040254 0
5398.050000 0.044629 0
5399.710000 0.064049 0
5401.370000 0.049615 0
5403.030000 0.039742 0
5404.690000 0.039535 0
5406.350000 0.036145 0
5408.010000 0.060248 0
5409.670000 0.041368 0
5411.330000 0.046319 0
5412.990000 0.033259 0
5414.650000 0.026581 0
5416.310000 0.063437 0
5417.970000 0.051100 0
5419.630000 0.053861 0
5421.290000 0.049317 0
5422.950000 0.034340 0
5424.610000 0.045743 0
5426.270000 0.069426 0
5427.930000 0.038762 0
5429.590000 0.030867 0
5431.250000 0.058277 0
5432.910000 0.052313 0
5434.570000 0.063067 0
5436.230000 0.076460 0
5437.890000 0.016591 0
5439.550000 0.036046 0
5441.210000 0.042640 0
5442.870000 0.023534 0
5444.530000 0.043131 0
5446.190000 0.030952 0
5447.850000 0.037676 0
5449.510000 0.031023 0
5451.170000 0.030887 0
5452.830000 0.057085 0
5454.490000 0.054542 0
5456.150000 0.038371 0
5457.810000 0.026179 0
5459.470000 0.023768 0
5461.130000 0.047676 0
5462.790000 0.053678 0
5464.450000 0.046625 0
5466.110000 0.056702 0
5467.770000 0.027666 0
5469.430000 0.045632 0
5471.090000 0.050600 0
5472.750000 0.035283 0
5474.410000 0.046471 0
5476.070000 0.062666 0
5477.730000 0.062119 0
5479.390000 0.037849 0
5481.050000 0.041343 0
5482.710000 0.040778 0
5484.370000 0.043962 0
5486.030000 0.037082 0
5487.690000 0.040617 0
5489.350000 0.028686 0
5491.010000 0.037734 0
5492.670000 0.023912 0
5494.330000 0.060275 0
5495.990000 0.048647 0
5497.650000 0.048274 0
5499.310000 0.042191 0
5500.970000 0.062491 0
5502.630000 0.055901 0
5504.290000 0.033376 0
5505.950000 0.039227 0
5507.610000 0.030647 0
5509.270000 0.029888 0
5510.930000 0.038688 0
5512.590000 0.058505 0
5514.250000 0.052676 0
5515.910000 0.038989 0
5517.570000 0.047858 0
5519.230000 0.045238 0
5520.890000 0.038408 0
5522.550000 0.063156 0
5524.210000 0.045701 0
5525.870000 0.017739 0
5527.530000 0.043075 0
5529.190000 0.035684 0
5530.850000 0.022806 0
5532.510000 0.031951 0
5534.170000 0.034238 0
5535.830000 0.044869 0
5537.490000 0.048660 0
5539.150000 0.037911 0
5540.810000 0.048869 0
5542.470000 0.036575 0
5544.130000 0.031785 0
5545.790000 0.050045 0
5547.450000 0.031655 0
5549.110000 0.040331 0
5550.770000 0.036247 0
5552.430000 0.022744 0
5554.090000 0.053059 0
5555.750000 0.040614 0
5557.410000 0.032245 0
5559.070000 0.037228 0
5560.730000 0.029619 0
5562.390000 0.026383 0
5564.050000 0.071624 0
5565.710000 0.047599 0
5567.370000 0.035239 0
5569.030000 0.037283 0
5570.690000 0.036602 0
5572.350000 0.030024 1
5574.010000 0.132996 1
5575.670000 0.259152 1
5577.330000 0.046118 1
5578.990000 0.110819 1
5580.650000 -0.075251 1
5582.310000 -0.038007 1
5583.970000 0.033448 1
5585.630000 0.033885 0
5587.290000 0.031187 0
5588.950000 0.060421 0
5590.610000 0.047132 0
5592.270000 0.045620 0
5593.930000 0.033159 0
5595.590000 0.038141 0
5597.250000 0.066690 0
5598.910000 0.061260 0
5600.570000 0.055123 0
5602.230000 0.032111 0
5603.890000 0.030012 0
5605.550000 0.023638 0
5607.210000 0.041316 0
5608.870000 0.033073 0
5610.530000 0.040109 0
5612.190000 0.046703 0
5613.850000 0.038682 0
5615.510000 0.042657 0
5617.170000 0.011901 0
5618.830000 0.049980 0
5620.490000 0.057814 0
5622.150000 0.044798 0
5623.810000 0.054923 0
5625.470000 0.055570 0
5627.130000 0.041983 0
5628.790000 0.049049 0
5630.450000 0.047541 0
5632.110000 0.041843 0
5633.770000 0.044957 0
5635.430000 0.046196 0
5637.090000 0.040315 0
5638.750000 0.047754 0
5640.410000 0.050234 0
5642.070000 0.036144 0
5643.730000 0.040730 0
5645.390000 0.048517 0
5647.050000 0.041711 0
5648.710000 0.026346 0
5650.370000 0.050006 0
5652.030000 0.051691 0
5653.690000 0.040419 0
5655.350000 0.031889 0
5657.010000 0.039647 0
5658.670000 0.048786 0
5660.330000 0.055186 0
5661.990000 0.028164 0
5663.650000 0.031061 0
5665.310000 0.047449 0
5666.970000 0.023597 0
5668.630000 0.052515 0
5670.290000 0.057680 0
5671.950000 0.043099 0
5673.610000 0.043166 0
5675.270000 0.035816 0
5676.930000 0.049254 0
5678.590000 0.050928 0
5680.250000 0.028810 0
5681.910000 0.041218 0
5683.570000 0.026637 0
5685.230000 0.058574 0
5686.890000 0.050606 0
5688.550000 0.048568 0
5690.210000 0.045734 0
5691.870000 0.055926 0
5693.530000 0.044561 0
5695.190000 0.042774 0
5696.850000 0.044185 0
5698.510000 0.043988 0
5700.170000 0.067479 0
5701.830000 0.055094 0
5703.490000 0.036505 0
5705.150000 0.046460 0
5706.810000 0.069442 0
5708.470000 0.036530 0
5710.130000 0.034008 0
5711.790000 0.045117 0
5713.450000 0.044868 0
5715.110000 0.034205 0
5716.770000 0.047735 0
5718.430000 0.053921 0
5720.090000 0.039166 0
5721.750000 0.047850 0
5723.410000 0.046180 0
5725.070000 0.062539 0
5726.730000 0.037504 0
5728.390000 0.050239 0
5730.050000 0.032483 0
5731.710000 0.032512 0
5733.370000 0.033113 0
5735.030000 0.029250 0
5736.690000 0.035133 0
5738.350000 0.039025 0
5740.010000 0.034476 0
5741.670000 0.045748 0
5743.330000 0.041461 0
5744.990000 0.033308 0
5746.650000 0.039153 0
5748.310000 0.048948 0
5749.970000 0.034180 0
5751.630000 0.049817 0
5753.290000 0.026232 0
5754.950000 0.042962 0
5756.610000 0.057007 0
5758.270000 0.026561 0
5759.930000 0.046167 0
5761.590000 0.036989 0
5763.250000 0.061725 0
5764.910000 0.065773 0
5766.570000 0.054793 0
5768.230000 0.046853 0
5769.890000 0.049518 0
5771.550000 0.057454 0
5773.210000 0.050365 0
5774.870000 0.038121 0
5776.530000 0.044642 0
5778.190000 0.049943 0
5779.850000 0.038250 0
5781.510000 0.031891 0
5783.170000 0.059506 0
5784.830000 0.050702 0
5786.490000 0.032184 0
5788.150000 0.028361 0
5789.810000 0.044700 0
5791.470000 0.037072 0
5793.130000 0.053632 0
5794.790000 0.049733 0
5796.450000 0.057209 0
5798.110000 0.046746 0
5799.770000 0.054537 0
5801.430000 0.053065 0
5803.090000 0.025887 0
5804.750000 0.033477 0
5806.410000 0.048064 0
5808.070000 0.033098 0
5809.730000 0.044416 0
5811.390000 0.049210 0
5813.050000 0.036284 0
5814.710000 0.034480 0
5816.370000 0.064583 0
5818.030000 0.064853 0
5819.690000 0.028990 0
5821.350000 0.046189 0
5823.010000 0.052758 0
5824.670000 0.044761 0
5826.330000 0.039580 0
5827.990000 0.046375 0
5829.650000 0.038265 0
5831.310000 0.050353 0
5832.970000 0.040880 0
5834.630000 0.031039 0
5836.290000 0.028683 0
5837.950000 0.052576 0
5839.610000 0.052455 0
5841.270000 0.045232 0
5842.930000 0.037605 0
5844.590000 0.035798 0
5846.250000 0.050845 0
5847.910000 0.033695 0
5849.570000 0.049881 0
5851.230000 0.059874 0
5852.890000 0.053740 0
5854.550000 0.038489 0
5856.210000 0.032763 0
5857.870000 0.056675 0
5859.530000 0.056505 0
5861.190000 0.034518 0
5862.850000 0.036828 0
5864.510000 0.037989 0
5866.170000 0.046738 0
5867.830000 0.057203 0
5869.490000 0.033231 0
5871.150000 0.025486 0
5872.810000 0.050552 0
5874.470000 0.051613 0
5876.130000 0.044122 0
5877.790000 0.021041 0
5879.450000 0.073429 0
5881.110000 0.047057 0
5882.770000 0.043527 0
5884.430000 0.049293 0
5886.090000 0.014122 0
5887.750000 0.046471 0
5889.410000 0.049587 0
5891.070000 0.052529 0
5892.730000 0.071404 0
5894.390000 0.054856 0
5896.050000 0.058752 0
5897.710000 0.053433 0
5899.370000 0.040336 0
5901.030000 0.039520 0
5902.690000 0.040778 0
5904.350000 0.047690 0
5906.010000 0.053212 0
5907.670000 0.047264 0
5909.330000 0.042561 0
5910.990000 0.062738 0
5912.650000 0.043012 0
5914.310000 0.043084 0
5915.970000 0.031365 0
5917.630000 0.035433 0
5919.290000 0.039644 0
5920.950000 0.032779 0
5922.610000 0.020900 0
5924.270000 0.048103 0
5925.930000 0.056505 0
5927.590000 0.031612 0
5929.250000 0.034567 0
5930.910000 0.053022 0
5932.570000 0.044884 0
5934.230000 0.057023 0
5935.890000 0.056112 0
5937.550000 0.042287 0
5939.210000 0.041003 0
5940.870000 0.044986 0
5942.530000 0.035842 0
5944.190000 0.043424 0
5945.850000 0.044560 0
5947.510000 0.040592 0
5949.170000 0.035800 0
5950.830000 0.046322 0
5952.490000 0.042193 0
5954.150000 0.056519 0
5955.810000 0.054116 0
5957.470000 0.044924 0
5959.130000 0.034294 0
5960.790000 0.054263 0
5962.450000 0.060586 0
5964.110000 0.042601 0
5965.770000 0.040835 0
5967.430000 0.034752 0
5969.090000 0.040132 0
5970.750000 0.043992 0
5972.410000 0.041549 0
5974.070000 0.043026 0
5975.730000 0.038078 0
5977.390000 0.049636 0
5979.050000 0.061959 0
5980.710000 0.045401 0
5982.370000 0.044540 0
5984.030000 0.044003 0
5985.690000 0.041746 0
5987.350000 0.049878 0
5989.010000 0.040504 0
5990.670000 0.051271 0
5992.330000 0.044072 0
5993.990000 0.038808 0
5995.650000 0.033117 0
5997.310000 0.047894 0
5998.970000 0.061167 0
6000.630000 0.041294 0
6002.290000 0.048230 0
6003.950000 0.040326 0
6005.610000 0.034232 0
6007.270000 0.040037 0
6008.930000 0.049886 0
6010.590000 0.053365 0
6012.250000 0.055624 0
6013.910000 0.044694 0
6015.570000 0.046959 0
6017.230000 0.030492 0
6018.890000 0.037897 0
6020.550000 0.052616 0
6022.210000 0.035939 0
6023.870000 0.045321 0
6025.530000 0.056515 0
6027.190000 0.037535 0
6028.850000 0.039995 0
6030.510000 0.036393 0
6032.170000 0.056366 0
6033.830000 0.033062 0
6035.490000 0.037609 0
6037.150000 0.055663 0
6038.810000 0.043943 0
6040.470000 0.044323 0
6042.130000 0.057126 0
6043.790000 0.052046 0
6045.450000 0.066288 0
6047.110000 0.041638 0
6048.770000 0.040188 0
6050.430000 0.057481 0
6052.090000 0.039248 0
6053.750000 0.051217 0
6055.410000 0.047468 0
6057.070000 0.034209 0
6058.730000 0.046044 0
6060.390000 0.050732 0
6062.050000 0.050855 0
6063.710000 0.050908 0
6065.370000 0.040101 0
6067.030000 0.041078 0
6068.690000 0.037454 0
6070.350000 0.038807 0
6072.010000 0.047547 0
6073.670000 0.063708 0
6075.330000 0.054271 0
6076.990000 0.042183 0
6078.650000 0.054838 0
6080.310000 0.035332 0
6081.970000 0.036829 0
6083.630000 0.036567 0
6085.290000 0.034524 0
6086.950000 0.050081 0
6088.610000 0.041010 0
6090.270000 0.045773 0
6091.930000 0.052158 0
6093.590000 0.043631 0
6095.250000 0.057506 0
6096.910000 0.058977 0
6098.570000 0.030067 0
6100.230000 0.054128 0
6101.890000 0.043193 0
6103.550000 0.033096 0
6105.210000 0.048531 0
6106.870000 0.037400 0
6108.530000 0.031697 0
6110.190000 0.049802 0
6111.850000 0.042860 0
6113.510000 0.053385 0
6115.170000 0.047463 0
6116.830000 0.034429 0
6118.490000 0.043126 0
6120.150000 0.054734 0
6121.810000 0.042659 0
6123.470000 0.053746 0
6125.130000 0.047739 0
6126.790000 0.046440 0
6128.450000 0.053629 0
6130.110000 0.043352 0
6131.770000 0.040035 0
6133.430000 0.043160 0
6135.090000 0.048959 0
6136.750000 0.044676 0
6138.410000 0.033274 0
6140.070000 0.040186 0
6141.730000 0.048293 0
6143.390000 0.034826 0
6145.050000 0.041109 0
6146.710000 0.039198 0
6148.370000 0.056631 0
6150.030000 0.053796 0
6151.690000 0.044806 0
6153.350000 0.043335 0
6155.010000 0.045917 0
6156.670000 0.034602 0
6158.330000 0.035284 0
6159.990000 0.043221 0
6161.650000 0.043755 0
6163.310000 0.043877 0
6164.970000 0.040779 0
6166.630000 0.046958 0
6168.290000 0.052389 0
6169.950000 0.040999 0
6171.610000 0.047549 0
6173.270000 0.045628 0
6174.930000 0.048636 0
6176.590000 0.051618 0
6178.250000 0.044411 0
6179.910000 0.051017 0
6181.570000 0.053026 0
6183.230000 0.051080 0
6184.890000 0.049926 0
6186.550000 0.063464 0
6188.210000 0.047923 0
6189.870000 0.042525 0
6191.530000 0.035893 0
6193.190000 0.035539 0
6194.850000 0.054739 0
6196.510000 0.052624 0
6198.170000 0.046361 0
6199.830000 0.057349 0
6201.490000 0.054567 0
6203.150000 0.056951 0
6204.810000 0.042862 0
6206.470000 0.057314 0
6208.130000 0.042468 0
6209.790000 0.044296 0
6211.450000 0.037916 0
6213.110000 0.039664 0
6214.770000 0.039157 0
6216.430000 0.047040 0
6218.090000 0.052511 0
6219.750000 0.059522 0
6221.410000 0.045940 0
6223.070000 0.052030 0
6224.730000 0.044004 0
6226.390000 0.050532 0
6228.050000 0.038971 0
6229.710000 0.044737 0
6231.370000 0.055000 0
6233.030000 0.027037 0
6234.690000 0.041320 0
6236.350000 0.052285 0
6238.010000 0.045977 0
6239.670000 0.053764 0
6241.330000 0.042851 0
6242.990000 0.043446 0
6244.650000 0.048119 0
6246.310000 0.056941 0
6247.970000 0.032085 0
6249.630000 0.040291 0
6251.290000 0.051734 0
6252.950000 0.042241 0
6254.610000 0.049966 0
6256.270000 0.044578 0
6257.930000 0.026837 0
6259.590000 0.035134 0
6261.250000 0.039525 0
6262.910000 0.022471 0
6264.570000 0.028952 0
6266.230000 0.056827 0
6267.890000 0.060035 0
6269.550000 0.090810 0
6271.210000 0.071450 0
6272.870000 0.053997 0
6274.530000 0.031068 0
6276.190000 0.035144 0
6277.850000 0.036621 0
6279.510000 0.013364 0
6281.170000 0.033369 0
6282.830000 0.029057 0
6284.490000 0.047166 0
6286.150000 0.027296 0
6287.810000 0.046385 0
6289.470000 0.028176 0
6291.130000 0.033377 1
6292.790000 0.031692 1
6294.450000 0.036307 1
6296.110000 -0.030222 1
6297.770000 0.215880 1
6299.430000 0.071539 1
6301.090000 -0.016199 1
6302.750000 0.109435 1
6304.410000 -0.042099 1
6306.070000 0.044208 1
6307.730000 0.036996 1
6309.390000 0.029265 1
6311.050000 0.043499 1
6312.710000 0.060069 0
6314.370000 0.046151 0
6316.030000 0.043492 0
6317.690000 0.038927 0
6319.350000 0.023124 0
6321.010000 0.033512 0
6322.670000 0.035456 0
6324.330000 0.041312 0
6325.990000 0.046424 0
6327.650000 0.038310 0
6329.310000 0.043012 0
6330.970000 0.050035 0
6332.630000 0.032574 0
6334.290000 0.029696 0
6335.950000 0.042185 0
6337.610000 0.050142 0
6339.270000 0.051914 0
6340.930000 0.048264 0
6342.590000 0.044851 0
6344.250000 0.035051 0
6345.910000 0.047761 0
6347.570000 0.041392 0
6349.230000 0.063256 0
6350.890000 0.054132 0
6352.550000 0.046244 0
6354.210000 0.037656 0
6355.870000 0.045451 0
6357.530000 0.057110 1
6359.190000 0.050214 1
6360.850000 0.077903 1
6362.510000 0.056051 1
6364.170000 -0.018207 1
6365.830000 0.031604 1
6367.490000 0.058816 1
6369.150000 0.036033 1
6370.810000 0.042325 0
6372.470000 0.054718 0
6374.130000 0.049709 0
6375.790000 0.041504 0
6377.450000 0.068397 0
6379.110000 0.050674 0
6380.770000 0.050000 0
6382.430000 0.042155 0
6384.090000 0.035918 0
6385.750000 0.043540 0
6387.410000 0.048981 0
6389.070000 0.039167 0
6390.730000 0.031395 0
6392.390000 0.047883 0
6394.050000 0.043649 0
6395.710000 0.060141 0
6397.370000 0.054223 0
6399.030000 0.051702 0
6400.690000 0.052862 0
6402.350000 0.040048 0
6404.010000 0.039765 0
6405.670000 0.044042 0
6407.330000 0.037233 0
6408.990000 0.043895 0
6410.650000 0.045891 0
6412.310000 0.023827 0
6413.970000 0.022037 0
6415.630000 0.048221 0
6417.290000 0.039612 0
6418.950000 0.034317 0
6420.610000 0.056463 0
6422.270000 0.056797 0
6423.930000 0.040872 0
6425.590000 0.033913 0
6427.250000 0.040401 0
6428.910000 0.041825 0
6430.570000 0.044366 0
6432.230000 0.050159 0
6433.890000 0.057352 0
6435.550000 0.045477 0
6437.210000 0.047337 0
6438.870000 0.039744 0
6440.530000 0.037653 0
6442.190000 0.030542 0
6443.850000 0.044300 0
6445.510000 0.044580 0
6447.170000 0.021965 0
6448.830000 0.030374 0
6450.490000 0.037345 0
6452.150000 0.048949 0
6453.810000 0.044785 0
6455.470000 0.080722 0
6457.130000 0.084015 0
6458.790000 0.094758 0
6460.450000 0.041105 0
6462.110000 0.053525 0
6463.770000 0.052594 0
6465.430000 0.052841 0
6467.090000 0.030343 0
6468.750000 0.044827 0
6470.410000 0.027131 0
6472.070000 0.042307 0
6473.730000 0.036435 0
6475.390000 0.049865 0
6477.050000 0.043212 0
6478.710000 0.029123 0
6480.370000 0.029403 0
6482.030000 0.059896 0
6483.690000 0.051028 0
6485.350000 0.055548 0
6487.010000 0.036073 0
6488.670000 0.037952 0
6490.330000 0.039902 0
6491.990000 0.043624 0
6493.650000 0.041464 0
6495.310000 0.051945 0
6496.970000 0.051967 0
6498.630000 0.059441 0
6500.290000 0.046695 0
6501.950000 0.022712 0
6503.610000 0.036241 0
6505.270000 0.044932 0
6506.930000 0.042940 0
6508.590000 0.037191 0
6510.250000 0.043299 0
6511.910000 0.043428 0
6513.570000 0.045129 0
6515.230000 0.037214 0
6516.890000 0.037556 0
6518.550000 0.043496 0
6520.210000 0.043166 0
6521.870000 0.042650 0
6523.530000 0.041778 0
6525.190000 0.040664 0
6526.850000 0.045135 0
6528.510000 0.043873 0
6530.170000 0.038419 0
6531.830000 0.027592 0
6533.490000 0.047216 0
6535.150000 0.037979 0
6536.810000 0.046876 0
6538.470000 0.046510 0
6540.130000 0.042085 0
6541.790000 0.029809 0
6543.450000 0.038059 0
6545.110000 0.048064 0
6546.770000 0.036179 0
6548.430000 0.038792 0
6550.090000 0.044465 0
6551.750000 0.022465 0
6553.410000 0.034324 0
6555.070000 0.040042 0
6556.730000 0.048214 0
6558.390000 0.040091 0
6560.050000 0.045446 0
6561.710000 0.039768 0
6563.370000 0.039588 0
6565.030000 0.045604 0
6566.690000 0.043284 0
6568.350000 0.061593 0
6570.010000 0.041230 0
6571.670000 0.031658 0
6573.330000 0.027230 0
6574.990000 0.037559 0
6576.650000 0.029410 0
6578.310000 0.041963 0
6579.970000 0.035175 0
6581.630000 0.035190 0
6583.290000 0.047105 0
6584.950000 0.045916 0
6586.610000 0.042205 0
6588.270000 0.042492 0
6589.930000 0.042895 0
6591.590000 0.031065 0
6593.250000 0.032320 0
6594.910000 0.043916 0
6596.570000 0.027990 0
6598.230000 0.020600 0
6599.890000 0.036598 0
6601.550000 0.040716 0
6603.210000 0.058559 0
6604.870000 0.044489 0
6606.530000 0.032345 0
6608.190000 0.033988 0
6609.850000 0.057695 0
6611.510000 0.036911 0
6613.170000 0.046772 0
6614.830000 0.043298 0
6616.490000 0.037392 0
6618.150000 0.037768 0
6619.810000 0.044129 0
6621.470000 0.041855 0
6623.130000 0.048650 0
6624.790000 0.048013 0
6626.450000 0.041468 0
6628.110000 0.044328 0
6629.770000 0.046183 0
6631.430000 0.054623 0
6633.090000 0.035342 0
6634.750000 0.034000 0
6636.410000 0.035218 0
6638.070000 0.041880 0
6639.730000 0.042272 0
6641.390000 0.037220 0
6643.050000 0.049812 0
6644.710000 0.045450 0
6646.370000 0.034589 0
6648.030000 0.036280 0
6649.690000 0.034807 0
6651.350000 0.046978 0
6653.010000 0.054452 0
6654.670000 0.040586 0
6656.330000 0.033183 0
6657.990000 0.034040 0
6659.650000 0.036400 0
6661.310000 0.046610 0
6662.970000 0.045885 0
6664.630000 0.037590 0
6666.290000 0.045311 0
6667.950000 0.044098 0
6669.610000 0.034512 0
6671.270000 0.033973 0
6672.930000 0.038824 0
6674.590000 0.044422 0
6676.250000 0.049688 0
6677.910000 0.040203 0
6679.570000 0.048329 0
6681.230000 0.046487 0
6682.890000 0.034653 0
6684.550000 0.044858 0
6686.210000 0.029513 0
6687.870000 0.037701 0
6689.530000 0.045738 0
6691.190000 0.037493 0
6692.850000 0.045350 0
6694.510000 0.043029 0
6696.170000 0.033082 0
6697.830000 0.038901 0
6699.490000 0.046839 0
6701.150000 0.040738 0
6702.810000 0.036090 0
6704.470000 0.038951 0
6706.130000 0.045071 0
6707.790000 0.043066 0
6709.450000 0.048559 0
6711.110000 0.043064 0
6712.770000 0.041224 0
6714.430000 0.045054 0
6716.090000 0.037424 0
6717.750000 0.037318 0
6719.410000 0.027816 0
6721.070000 0.045915 0
6722.730000 0.050921 0
6724.390000 0.038956 0
6726.050000 0.042161 0
6727.710000 0.035950 0
6729.370000 0.039234 0
6731.030000 0.053977 0
6732.690000 0.034668 0
6734.350000 0.038909 0
6736.010000 0.039460 0
6737.670000 0.041607 0
6739.330000 0.028199 0
6740.990000 0.031968 0
6742.650000 0.028457 0
6744.310000 0.043780 0
6745.970000 0.052063 0
6747.630000 0.046206 0
6749.290000 0.040216 0
6750.950000 0.039966 0
6752.610000 0.039739 0
6754.270000 0.036593 0
6755.930000 0.036550 0
6757.590000 0.038496 0
6759.250000 0.037185 0
6760.910000 0.032071 0
6762.570000 0.037862 0
6764.230000 0.042380 0
6765.890000 0.038388 0
6767.550000 0.036467 0
6769.210000 0.047433 0
6770.870000 0.034125 0
6772.530000 0.030392 0
6774.190000 0.032474 0
6775.850000 0.036031 0
6777.510000 0.043768 0
6779.170000 0.036903 0
6780.830000 0.035499 0
6782.490000 0.043175 0
6784.150000 0.039314 0
6785.810000 0.036918 0
6787.470000 0.037196 0
6789.130000 0.034269 0
6790.790000 0.029402 0
6792.450000 0.035343 0
6794.110000 0.035680 0
6795.770000 0.046618 0
6797.430000 0.046667 0
6799.090000 0.040011 0
6800.750000 0.031925 0
6802.410000 0.041113 0
6804.070000 0.053484 0
6805.730000 0.049725 0
6807.390000 0.039050 0
6809.050000 0.041249 0
6810.710000 0.032759 0
6812.370000 0.038908 0
6814.030000 0.041542 0
6815.690000 0.044974 0
6817.350000 0.039759 0
6819.010000 0.050587 0
6820.670000 0.041273 0
6822.330000 0.041904 0
6823.990000 0.040068 0
6825.650000 0.037108 0
6827.310000 0.049750 0
6828.970000 0.060496 0
6830.630000 0.036319 0
6832.290000 0.030758 0
6833.950000 0.036916 0
6835.610000 0.040804 0
6837.270000 0.034659 0
6838.930000 0.036346 0
6840.590000 0.039033 0
6842.250000 0.045743 0
6843.910000 0.036142 0
6845.570000 0.036369 0
6847.230000 0.034838 0
6848.890000 0.043450 0
6850.550000 0.041428 0
6852.210000 0.035543 0
6853.870000 0.045799 0
6855.530000 0.031999 0
6857.190000 0.035248 0
6858.850000 0.035433 0
6860.510000 0.053082 0
6862.170000 0.027310 0
6863.830000 0.047259 0
6865.490000 0.058221 0
6867.150000 0.022356 0
6868.810000 0.020341 0
6870.470000 0.019185 0
6872.130000 0.021677 0
6873.790000 0.022841 0
6875.450000 0.029616 0
6877.110000 0.033639 0
6878.770000 0.039419 0
6880.430000 0.027259 0
6882.090000 0.033019 0
6883.750000 0.042862 0
6885.410000 0.041203 0
6887.070000 0.030239 0
6888.730000 0.023798 0
6890.390000 0.038979 0
6892.050000 0.024076 0
6893.710000 0.036582 0
6895.370000 0.035365 0
6897.030000 0.043210 0
6898.690000 0.029829 0
6900.350000 0.027382 0
6902.010000 0.036580 0
6903.670000 0.030399 0
6905.330000 0.042252 0
6906.990000 0.043265 0
6908.650000 0.036885 0
6910.310000 0.044428 0
6911.970000 0.043207 0
6913.630000 0.036108 0
6915.290000 0.031907 0
6916.950000 0.036484 0
6918.610000 0.030115 0
6920.270000 0.041261 0
6921.930000 0.046112 0
6923.590000 0.030292 0
6925.250000 0.027813 0
6926.910000 0.027424 0
6928.570000 0.036744 0
6930.230000 0.028674 0
6931.890000 0.046324 0
6933.550000 0.036353 0
6935.210000 0.045883 0
6936.870000 0.045542 0
6938.530000 0.051241 0
6940.190000 0.052152 0
6941.850000 0.041319 0
6943.510000 0.042111 0
6945.170000 0.036406 0
6946.830000 0.064246 0
6948.490000 0.066395 0
6950.150000 0.049591 0
6951.810000 0.025436 0
6953.470000 0.041356 0
6955.130000 0.040027 0
6956.790000 0.038730 0
6958.450000 0.036162 0
6960.110000 0.034937 0
6961.770000 0.041019 0
6963.430000 0.031873 0
6965.090000 0.033457 0
6966.750000 0.036176 0
6968.410000 0.035252 0
6970.070000 0.033253 0
6971.730000 0.043427 0
6973.390000 0.048639 0
6975.050000 0.039674 0
6976.710000 0.034187 0
6978.370000 0.030596 0
6980.030000 0.024303 0
6981.690000 0.038964 0
6983.350000 0.039567 0
6985.010000 0.033909 0
6986.670000 0.040288 0
6988.330000 0.050778 0
6989.990000 0.040716 0
6991.650000 0.040157 0
6993.310000 0.042986 0
6994.970000 0.032278 0
6996.630000 0.027980 0
6998.290000 0.039349 0
6999.950000 0.025510 0
7001.610000 0.021387 0
7003.270000 0.033495 0
7004.930000 0.035630 0
7006.590000 0.033301 0
7008.250000 0.040924 0
7009.910000 0.039469 0
7011.570000 0.047012 0
7013.230000 0.043474 0
7014.890000 0.026626 0
7016.550000 0.035414 0
7018.210000 0.043479 0
7019.870000 0.039830 0
7021.530000 0.041235 0
7023.190000 0.042030 0
7024.850000 0.036003 0
7026.510000 0.035852 0
7028.170000 0.040957 0
7029.830000 0.031205 0
7031.490000 0.039896 0
7033.150000 0.048274 0
7034.810000 0.033514 0
7036.470000 0.040189 0
7038.130000 0.043945 0
7039.790000 0.038952 0
7041.450000 0.040263 0
7043.110000 0.029874 0
7044.770000 0.027712 0
7046.430000 0.038117 0
7048.090000 0.041846 0
7049.750000 0.034933 0
7051.410000 0.030880 0
7053.070000 0.043157 0
7054.730000 0.044535 0
7056.390000 0.030786 0
7058.050000 0.034870 0
7059.710000 0.047315 0
7061.370000 0.042279 0
7063.030000 0.032585 0
7064.690000 0.045094 0
7066.350000 0.031131 0
7068.010000 0.035379 0
7069.670000 0.044062 0
7071.330000 0.031295 0
7072.990000 0.028515 0
7074.650000 0.039508 0
7076.310000 0.036975 0
7077.970000 0.037686 0
7079.630000 0.036858 0
7081.290000 0.040020 0
7082.950000 0.039119 0
7084.610000 0.043760 0
7086.270000 0.039028 0
7087.930000 0.025050 0
7089.590000 0.037431 0
7091.250000 0.036236 0
7092.910000 0.034818 0
7094.570000 0.035138 0
7096.230000 0.038366 0
7097.890000 0.043131 0
7099.550000 0.038526 0
7101.210000 0.038535 0
7102.870000 0.036049 0
7104.530000 0.035467 0
7106.190000 0.029308 0
7107.850000 0.038129 0
7109.510000 0.042840 0
7111.170000 0.043701 0
7112.830000 0.044094 0
7114.490000 0.036384 0
7116.150000 0.027977 0
7117.810000 0.036235 0
7119.470000 0.046052 0
7121.130000 0.044750 0
7122.790000 0.046943 0
7124.450000 0.033168 0
7126.110000 0.033418 0
7127.770000 0.030983 0
7129.430000 0.041878 0
7131.090000 0.035886 0
7132.750000 0.035915 0
7134.410000 0.045432 0
7136.070000 0.031476 0
7137.730000 0.034846 0
7139.390000 0.035527 0
7141.050000 0.041415 0
7142.710000 0.050139 0
7144.370000 0.033418 0
7146.030000 0.052681 0
7147.690000 0.041368 0
7149.350000 0.036740 0
7151.010000 0.042425 0
7152.670000 0.039608 0
7154.330000 0.025166 0
7155.990000 0.038618 0
7157.650000 0.035395 0
7159.310000 0.037938 0
7160.970000 0.034367 0
7162.630000 0.034979 0
7164.290000 0.042807 0
7165.950000 0.050265 0
7167.610000 0.038902 0
7169.270000 0.038008 0
7170.930000 0.049043 0
7172.590000 0.037576 0
7174.250000 0.037948 0
7175.910000 0.039080 0
7177.570000 0.028979 0
7179.230000 0.027303 0
7180.890000 0.035392 0
7182.550000 0.033447 0
7184.210000 0.034539 0
7185.870000 0.035999 0
7187.530000 0.037677 0
7189.190000 0.032839 0
7190.850000 0.032622 0
7192.510000 0.033517 0
7194.170000 0.037586 0
7195.830000 0.039639 0
7197.490000 0.051818 0
7199.150000 0.033373 0
7200.810000 0.034736 0
7202.470000 0.028023 0
7204.130000 0.033236 0
7205.790000 0.022954 0
7207.450000 0.041383 0
7209.110000 0.033456 0
7210.770000 0.036255 0
7212.430000 0.035232 0
7214.090000 0.029592 0
7215.750000 0.036065 0
7217.410000 0.032344 0
7219.070000 0.034678 0
7220.730000 0.031797 0
7222.390000 0.038019 0
7224.050000 0.039989 0
7225.710000 0.033048 0
7227.370000 0.025300 0
7229.030000 0.035644 0
7230.690000 0.036972 0
7232.350000 0.035557 0
7234.010000 0.035166 0
7235.670000 0.035516 0
7237.330000 0.033093 0
7238.990000 0.031174 0
7240.650000 0.024811 0
7242.310000 0.017037 0
7243.970000 0.017305 0
7245.630000 0.030815 0
7247.290000 0.025579 0
7248.950000 0.035415 0
7250.610000 0.043217 0
7252.270000 0.045167 0
7253.930000 0.040500 0
7255.590000 0.032670 0
7257.250000 0.038210 0
7258.910000 0.030409 0
7260.570000 0.036992 0
7262.230000 0.044054 0
7263.890000 0.030179 0
7265.550000 0.025442 0
7267.210000 0.024822 0
7268.870000 0.034306 0
7270.530000 0.039630 0
7272.190000 0.047484 0
7273.850000 0.037704 0
7275.510000 0.017986 0
7277.170000 0.010700 0
7278.830000 0.014955 0
7280.490000 0.044306 0
7282.150000 0.044103 0
7283.810000 0.030835 0
7285.470000 0.028757 0
7287.130000 0.033363 0
7288.790000 0.050347 0
7290.450000 0.028077 0
7292.110000 0.025641 0
7293.770000 0.039070 0
7295.430000 0.038453 0
7297.090000 0.030992 0
7298.750000 0.025134 0
7300.410000 0.028119 0
7302.070000 0.032457 0
7303.730000 0.037478 0
7305.390000 0.037197 0
7307.050000 0.035466 0
7308.710000 0.041279 0
7310.370000 0.038347 0
7312.030000 0.051762 0
7313.690000 0.041200 0
7315.350000 0.043821 0
7317.010000 0.049995 0
7318.670000 0.037307 0
7320.330000 0.033569 0
7321.990000 0.032084 0
7323.650000 0.034188 0
7325.310000 0.039637 0
7326.970000 0.030102 0
7328.630000 0.024766 0
7330.290000 0.040150 0
7331.950000 0.038569 0
7333.610000 0.036714 0
7335.270000 0.045124 0
7336.930000 0.031875 0
7338.590000 0.024306 0
7340.250000 0.034241 0
7341.910000 0.026749 0
7343.570000 0.038020 0
7345.230000 0.039368 0
7346.890000 0.037537 0
7348.550000 0.039317 0
7350.210000 0.034361 0
7351.870000 0.028063 0
7353.530000 0.037082 0
7355.190000 0.039625 0
7356.850000 0.033855 0
7358.510000 0.046443 0
7360.170000 0.043929 0
7361.830000 0.027265 0
7363.490000 0.031157 0
7365.150000 0.037409 0
7366.810000 0.034629 0
7368.470000 0.048114 0
7370.130000 0.036053 0
7371.790000 0.036107 0
7373.450000 0.044721 0
7375.110000 0.030958 0
7376.770000 0.032268 0
7378.430000 0.037528 0
7380.090000 0.034779 0
7381.750000 0.025688 0
7383.410000 0.032341 0
7385.070000 0.040867 0
7386.730000 0.037574 0
7388.390000 0.023544 0
7390.050000 0.033771 0
7391.710000 0.040557 0
7393.370000 0.042136 0
7395.030000 0.040535 0
7396.690000 0.034763 0
7398.350000 0.038023 0
7400.010000 0.056505 0
7401.670000 0.041779 0
7403.330000 0.036855 0
7404.990000 0.038596 0
7406.650000 0.035101 0
7408.310000 0.032914 0
7409.970000 0.039697 0
7411.630000 0.037001 0
7413.290000 0.032537 0
7414.950000 0.025833 0
7416.610000 0.032254 0
7418.270000 0.034156 0
7419.930000 0.037937 0
7421.590000 0.041333 0
7423.250000 0.036456 0
7424.910000 0.035582 0
7426.570000 0.030876 0
7428.230000 0.020954 0
7429.890000 0.042084 0
7431.550000 0.027954 0
7433.210000 0.030670 0
7434.870000 0.036219 0
7436.530000 0.033260 0
7438.190000 0.045932 0
7439.850000 0.048027 0
7441.510000 0.038676 0
7443.170000 0.032806 0
7444.830000 0.027149 0
7446.490000 0.036698 0
7448.150000 0.046319 0
7449.810000 0.037220 0
7451.470000 0.036076 0
7453.130000 0.041244 0
7454.790000 0.040486 0
7456.450000 0.034819 0
7458.110000 0.033610 0
7459.770000 0.029077 0
7461.430000 0.035433 0
7463.090000 0.036784 0
7464.750000 0.034534 0
7466.410000 0.039418 0
7468.070000 0.032242 0
7469.730000 0.042683 0
7471.390000 0.017738 0
7473.050000 0.031043 0
7474.710000 0.040058 0
7476.370000 0.039317 0
7478.030000 0.036354 0
7479.690000 0.020425 0
7481.350000 0.025325 0
7483.010000 0.046141 0
7484.670000 0.034897 0
7486.330000 0.025726 0
7487.990000 0.037018 0
7489.650000 0.032970 0
7491.310000 0.050612 0
7492.970000 0.045066 0
7494.630000 0.034680 0
7496.290000 0.034988 0
7497.950000 0.048966 0
7499.610000 0.036555 0
7501.270000 0.031185 0
7502.930000 0.031828 0
7504.590000 0.036280 0
7506.250000 0.038140 0
7507.910000 0.035642 0
7509.570000 0.038722 0
7511.230000 0.042103 0
7512.890000 0.036200 0
7514.550000 0.032333 0
7516.210000 0.046577 0
7517.870000 0.047458 0
7519.530000 0.037702 0
7521.190000 0.031422 0
7522.850000 0.032506 0
7524.510000 0.070640 0
7526.170000 0.034734 0
7527.830000 0.057553 0
7529.490000 0.053410 0
7531.150000 0.052857 0
7532.810000 0.060420 0
7534.470000 0.031729 0
7536.130000 0.043460 0
7537.790000 0.032288 0
7539.450000 0.030305 0
7541.110000 0.029885 0
7542.770000 0.044692 0
7544.430000 0.033589 0
7546.090000 0.024422 0
7547.750000 0.028791 0
7549.410000 0.039802 0
7551.070000 0.041992 0
7552.730000 0.030005 0
7554.390000 0.035361 0
7556.050000 0.022203 0
7557.710000 0.024170 0
7559.370000 0.028483 0
7561.030000 0.036283 0
7562.690000 0.044999 0
7564.350000 0.047300 0
7566.010000 0.041036 0
7567.670000 0.024626 0
7569.330000 0.039170 0
7570.990000 0.045972 0
7572.650000 0.055738 0
7574.310000 0.033356 0
7575.970000 0.035670 0
7577.630000 0.036932 0
7579.290000 0.042678 0
7580.950000 0.039101 0
7582.610000 0.041703 0
7584.270000 0.030961 0
7585.930000 0.050896 0
7587.590000 0.048438 0
7589.250000 0.051036 0
7590.910000 0.041178 0
7592.570000 0.044248 0
7594.230000 0.035364 0
7595.890000 0.038001 0
7597.550000 0.032798 0
7599.210000 0.033236 0
7600.870000 0.018182 0
7602.530000 0.078203 0
7604.190000 0.039075 0
7605.850000 0.019258 0
7607.510000 0.029129 0
7609.170000 0.044055 0
7610.830000 0.018393 0
7612.490000 0.008255 0
7614.150000 0.037872 0
7615.810000 0.042175 0
7617.470000 0.051759 0
7619.130000 0.041019 0
7620.790000 0.039037 0
7622.450000 0.034283 0
7624.110000 0.054454 0
7625.770000 0.031384 0
7627.430000 0.026620 0
7629.090000 0.023497 0
7630.750000 0.010221 0
7632.410000 0.033992 0
7634.070000 0.053658 0
7635.730000 0.044115 0
7637.390000 0.036160 0
7639.050000 0.046795 0
7640.710000 0.030982 0
7642.370000 0.029780 0
7644.030000 0.036768 0
7645.690000 0.038062 0
7647.350000 0.032658 0
7649.010000 0.011841 0
7650.670000 0.032287 0
7652.330000 0.032599 0
7653.990000 0.022880 0
7655.650000 0.036885 0
7657.310000 0.037291 0
7658.970000 0.051505 0
7660.630000 0.041862 0
7662.290000 0.039886 0
7663.950000 0.035367 0
7665.610000 0.034134 0
7667.270000 0.031452 0
7668.930000 0.037474 0
7670.590000 0.019046 0
7672.250000 0.021861 0
7673.910000 0.032396 0
7675.570000 0.036736 0
7677.230000 0.038538 0
7678.890000 0.038757 0
7680.550000 0.031469 0
7682.210000 0.034778 0
7683.870000 0.029926 0
7685.530000 0.046460 0
7687.190000 0.046453 0
7688.850000 0.034016 0
7690.510000 0.033189 0
7692.170000 0.034678 0
7693.830000 0.035061 0
7695.490000 0.036607 0
7697.150000 0.031755 0
7698.810000 0.018731 0
7700.470000 0.033468 0
7702.130000 0.032806 0
7703.790000 0.035177 0
7705.450000 0.033405 0
7707.110000 0.032498 0
7708.770000 0.007250 0
7710.430000 0.026034 0
7712.090000 0.036866 0
7713.750000 0.031752 0
7715.410000 0.042741 0
7717.070000 0.029007 0
7718.730000 0.035310 0
7720.390000 0.047100 0
7722.050000 0.037069 0
7723.710000 0.040607 0
7725.370000 0.028469 0
7727.030000 0.038579 0
7728.690000 0.041141 0
7730.350000 0.039005 0
7732.010000 0.029352 0
7733.670000 0.045300 0
7735.330000 0.041086 0
7736.990000 0.030316 0
7738.650000 0.028767 0
7740.310000 0.029336 0
7741.970000 0.024823 0
7743.630000 0.029525 0
7745.290000 0.028966 0
7746.950000 0.000523 0
7748.610000 0.017357 0
7750.270000 0.039259 0
7751.930000 0.051449 0
7753.590000 0.073694 0
7755.250000 0.036836 0
7756.910000 0.002882 0
7758.570000 0.028682 0
7760.230000 0.039982 0
7761.890000 0.032434 0
7763.550000 0.048346 0
7765.210000 0.039917 0
7766.870000 0.026642 0
7768.530000 0.024936 0
7770.190000 0.031068 0
7771.850000 0.034502 0
7773.510000 0.031965 0
7775.170000 0.025681 0
7776.830000 0.033969 0
7778.490000 0.031883 0
7780.150000 0.031444 0
7781.810000 0.024852 0
7783.470000 0.029693 0
7785.130000 0.038715 0
7786.790000 0.035892 0
7788.450000 0.030746 0
7790.110000 0.031634 0
7791.770000 0.028981 0
7793.430000 0.042349 0
7795.090000 0.027089 0
7796.750000 0.048333 0
7798.410000 0.047080 0
7800.070000 0.037173 0
7801.730000 0.027981 0
7803.390000 0.021328 0
7805.050000 0.017001 0
7806.710000 0.054568 0
7808.370000 0.035085 0
7810.030000 0.037672 0
7811.690000 0.048565 0
7813.350000 0.030637 0
7815.010000 0.029428 0
7816.670000 0.024116 0
7818.330000 0.012724 0
7819.990000 0.033611 0
7821.650000 0.053272 0
7823.310000 0.057589 0
7824.970000 0.067497 0
7826.630000 0.038795 0
7828.290000 0.022725 0
7829.950000 0.028538 0
7831.610000 0.043603 0
7833.270000 0.028508 0
7834.930000 0.034166 0
7836.590000 0.024466 0
7838.250000 0.041299 0
7839.910000 0.035705 0
7841.570000 0.024674 0
7843.230000 0.040932 0
7844.890000 0.040038 0
7846.550000 0.045201 0
7848.210000 0.022047 0
7849.870000 0.046558 0
7851.530000 0.025997 0
7853.190000 0.025479 0
7854.850000 0.060996 0
7856.510000 0.060066 0
7858.170000 0.041358 0
7859.830000 0.044624 0
7861.490000 0.027979 0
7863.150000 0.029309 0
7864.810000 0.024883 0
7866.470000 0.013011 0
7868.130000 0.026693 0
7869.790000 0.017498 0
7871.450000 0.048780 0
7873.110000 0.034791 0
7874.770000 0.021972 0
7876.430000 0.026667 0
7878.090000 0.011987 0
7879.750000 0.019948 0
7881.410000 0.047097 0
7883.070000 0.033930 0
7884.730000 0.022913 0
7886.390000 0.021897 0
7888.050000 0.022322 0
7889.710000 0.013025 0
7891.370000 0.045208 0
7893.030000 0.030037 0
7894.690000 0.043478 0
7896.350000 0.034369 0
7898.010000 0.045090 0
7899.670000 0.023713 0
7901.330000 0.026402 0
7902.990000 0.026324 0
7904.650000 0.026458 0
7906.310000 0.032464 0
7907.970000 0.033118 0
7909.630000 0.010215 0
7911.290000 -0.001658 0
7912.950000 0.007443 0
7914.610000 0.022913 0
7916.270000 0.042720 0
7917.930000 0.039564 0
7919.590000 0.019106 0
7921.250000 0.036127 0
7922.910000 0.037801 0
7924.570000 0.043060 0
7926.230000 0.021315 0
7927.890000 0.019655 0
7929.550000 0.039730 0
7931.210000 0.045827 0
7932.870000 0.022284 0
7934.530000 0.034889 0
7936.190000 0.019430 0
7937.850000 0.019134 0
7939.510000 0.029535 0
7941.170000 0.032118 0
7942.830000 0.041885 0
7944.490000 0.036609 0
7946.150000 0.031845 0
7947.810000 0.025983 0
7949.470000 0.023264 0
7951.130000 0.032850 0
7952.790000 0.057038 0
7954.450000 0.038963 0
7956.110000 0.029154 0
7957.770000 0.021142 0
7959.430000 0.017367 0
7961.090000 0.016517 0
7962.750000 0.021475 0
7964.410000 0.038672 0
7966.070000 0.039085 0
7967.730000 0.048811 0
7969.390000 0.027013 0
7971.050000 0.036740 0
7972.710000 0.039738 0
7974.370000 0.039250 0
7976.030000 0.013744 0
7977.690000 0.018424 0
7979.350000 0.038513 0
7981.010000 0.027060 0
7982.670000 0.059354 0
7984.330000 0.039500 0
7985.990000 0.028133 0
7987.650000 0.024562 0
7989.310000 0.042620 0
7990.970000 0.036155 0
7992.630000 0.053724 0
7994.290000 0.072408 0
7995.950000 0.070876 0
7997.610000 0.023141 0
7999.270000 0.031907 0
8000.930000 0.026711 0
8002.590000 0.032049 0
8004.250000 0.021379 0
8005.910000 0.030958 0
8007.570000 0.029396 0
8009.230000 0.023733 0
8010.890000 0.007327 0
8012.550000 0.035779 0
8014.210000 0.046867 0
8015.870000 0.032472 0
8017.530000 0.036348 0
8019.190000 0.026612 0
8020.850000 0.024114 0
8022.510000 0.018978 0
8024.170000 0.046870 0
8025.830000 0.002707 0
8027.490000 0.005886 0
8029.150000 0.033617 0
8030.810000 0.021227 0
8032.470000 0.024576 0
8034.130000 0.025353 0
8035.790000 0.027720 0
8037.450000 0.028853 0
8039.110000 0.034848 0
8040.770000 0.034477 0
8042.430000 0.035701 0
8044.090000 0.031405 0
8045.750000 0.000000 1
8047.410000 0.000000 1
8049.070000 0.000000 1
8050.730000 0.000000 1
8052.390000 0.000000 1
8054.050000 0.000000 1
8055.710000 0.000000 1
8057.370000 0.000000 1
8059.030000 0.000000 1
8060.690000 0.000000 1
8062.350000 0.000000 1
8064.010000 0.000000 1
8065.670000 0.000000 1
8067.330000 0.000000 1
8068.990000 0.000000 1
8070.650000 0.000000 1
8072.310000 0.000000 1
8073.970000 0.000000 1
8075.630000 0.000000 1
8077.290000 0.000000 1
8078.950000 0.000000 1
8080.610000 0.000000 1
8082.270000 0.000000 1
8083.930000 0.000000 1
8085.590000 0.000000 1
8087.250000 0.000000 1
8088.910000 0.000000 1
8090.570000 0.000000 1
8092.230000 0.000000 1
8093.890000 0.000000 1
8095.550000 0.000000 1
8097.210000 0.000000 1
8098.870000 0.000000 1
8100.530000 0.000000 1
8102.190000 0.000000 1
8103.850000 0.000000 1
8105.510000 0.000000 1
8107.170000 0.000000 1
8108.830000 0.000000 1
8110.490000 0.000000 1
8112.150000 0.000000 1
8113.810000 0.000000 1
8115.470000 0.000000 1
8117.130000 0.000000 1
8118.790000 0.000000 1
8120.450000 0.000000 1
8122.110000 0.000000 1
8123.770000 0.000000 1
8125.430000 0.000000 1
8127.090000 0.000000 1
8128.750000 0.000000 1
8130.410000 0.000000 1
8132.070000 0.000000 1
8133.730000 0.000000 1
8135.390000 0.000000 1
8137.050000 0.000000 1
8138.710000 0.000000 1
8140.370000 0.000000 1
8142.030000 0.000000 1
8143.690000 0.000000 1
8145.350000 0.000000 1
8147.010000 0.000000 1
8148.670000 0.000000 1
8150.330000 0.000000 1
8151.990000 0.000000 1
8153.650000 0.000000 1
8155.310000 0.000000 1
8156.970000 0.000000 1
8158.630000 0.000000 1
8160.290000 0.000000 1
8161.950000 0.000000 1
8163.610000 0.000000 1
8165.270000 0.000000 1
8166.930000 0.000000 1
8168.590000 0.000000 1
8170.250000 0.000000 1
8171.910000 0.000000 1
8173.570000 0.000000 1
8175.230000 0.000000 1
8176.890000 0.000000 1
8178.550000 0.000000 1
8180.210000 0.000000 1
8181.870000 0.000000 1
8183.530000 0.000000 1
8185.190000 0.000000 1
8186.850000 0.000000 1
8188.510000 0.000000 1
8190.170000 0.000000 1
8191.830000 0.000000 1
8193.490000 0.000000 1
8195.150000 0.000000 1
8196.810000 0.000000 1
8198.470000 0.000000 1
8200.130000 0.000000 1
8201.790000 0.000000 1
8203.450000 0.000000 1
8205.110000 0.000000 1
8206.770000 0.000000 1
8208.430000 0.000000 1
8210.090000 0.000000 1
8211.750000 0.000000 1
8213.410000 0.000000 1
8215.070000 0.000000 1
8216.730000 0.000000 1
8218.390000 0.000000 1
8220.050000 0.000000 1
8221.710000 0.000000 1
8223.370000 0.000000 1
8225.030000 0.000000 1
8226.690000 0.000000 1
8228.350000 0.000000 1
8230.010000 0.000000 1
8231.670000 0.000000 1
8233.330000 0.000000 1
8234.990000 0.000000 1
8236.650000 0.000000 1
8238.310000 0.000000 1
8239.970000 0.000000 1
8241.630000 0.000000 1
8243.290000 0.000000 1
8244.950000 0.000000 1
8246.610000 0.000000 1
8248.270000 0.000000 1
8249.930000 0.000000 1
8251.590000 0.000000 1
8253.250000 0.000000 1
8254.910000 0.000000 1
8256.570000 0.000000 1
8258.230000 0.000000 1
8259.890000 0.000000 1
8261.550000 0.000000 1
8263.210000 0.000000 1
8264.870000 0.000000 1
8266.530000 0.000000 1
8268.190000 0.000000 1
8269.850000 0.000000 1
8271.510000 0.000000 1
8273.170000 0.000000 1
8274.830000 0.000000 1
8276.490000 0.000000 1
8278.150000 0.000000 1
8279.810000 0.000000 1
8281.470000 0.000000 1
8283.130000 0.000000 1
8284.790000 0.000000 1
8286.450000 0.000000 1
8288.110000 0.000000 1
8289.770000 0.000000 1
8291.430000 0.000000 1
8293.090000 0.000000 1
8294.750000 0.000000 1
8296.410000 0.000000 1
8298.070000 0.000000 1
8299.730000 0.000000 1
8301.390000 0.000000 1
8303.050000 0.000000 1
8304.710000 0.000000 1
8306.370000 0.000000 1
8308.030000 0.000000 1
8309.690000 0.000000 1
8311.350000 0.000000 1
8313.010000 0.000000 1
8314.670000 0.000000 1
8316.330000 0.000000 1
8317.990000 0.000000 1
8319.650000 0.000000 1
8321.310000 0.000000 1
8322.970000 0.000000 1
8324.630000 0.000000 1
8326.290000 0.000000 1
8327.950000 0.000000 1
8329.610000 0.000000 1
8331.270000 0.000000 1
8332.930000 0.000000 1
8334.590000 0.000000 1
8336.250000 0.000000 1
8337.910000 0.000000 1
8339.570000 0.000000 1
8341.230000 0.000000 1
8342.890000 0.000000 1
8344.550000 0.000000 1
8346.210000 0.000000 1
8347.870000 0.000000 1
8349.530000 0.000000 1
8351.190000 0.000000 1
8352.850000 0.000000 1
8354.510000 0.000000 1
8356.170000 0.000000 1
8357.830000 0.000000 1
8359.490000 0.000000 1
8361.150000 0.000000 1
8362.810000 0.000000 1
8364.470000 0.000000 1
8366.130000 0.000000 1
8367.790000 0.000000 1
8369.450000 0.000000 1
8371.110000 0.000000 1
8372.770000 0.000000 1
8374.430000 0.000000 1
8376.090000 0.000000 1
8377.750000 0.000000 1
8379.410000 0.000000 1
8381.070000 0.000000 1
8382.730000 0.000000 1
8384.390000 0.000000 1
8386.050000 0.000000 1
8387.710000 0.000000 1
8389.370000 0.000000 1
8391.030000 0.000000 1
8392.690000 0.000000 1
8394.350000 0.000000 1
8396.010000 0.000000 1
8397.670000 0.000000 1
8399.330000 0.000000 1
8400.990000 0.000000 1
8402.650000 0.000000 1
8404.310000 0.000000 1
8405.970000 0.000000 1
8407.630000 0.000000 1
8409.290000 0.000000 1
8410.950000 0.000000 1
8412.610000 0.000000 1
8414.270000 0.000000 1
8415.930000 0.000000 1
8417.590000 0.000000 1
8419.250000 0.000000 1
8420.910000 0.000000 1
8422.570000 0.000000 1
8424.230000 0.000000 1
8425.890000 0.000000 1
8427.550000 0.000000 1
8429.210000 0.000000 1
8430.870000 0.000000 1
8432.530000 0.000000 1
8434.190000 0.000000 1
8435.850000 0.000000 1
8437.510000 0.000000 1
8439.170000 0.000000 1
8440.830000 0.000000 1
8442.490000 0.000000 1
8444.150000 0.000000 1
8445.810000 0.000000 1
8447.470000 0.000000 1
8449.130000 0.000000 1
8450.790000 0.000000 1
8452.450000 0.000000 1
8454.110000 0.000000 1
8455.770000 0.000000 1
8457.430000 0.000000 1
8459.090000 0.000000 1
8460.750000 0.000000 1
8462.410000 0.000000 1
8464.070000 0.000000 1
8465.730000 0.000000 1
8467.390000 0.000000 1
8469.050000 0.000000 1
8470.710000 0.000000 1
8472.370000 0.000000 1
8474.030000 0.000000 1
8475.690000 0.000000 1
8477.350000 0.000000 1
8479.010000 0.000000 1
8480.670000 0.000000 1
8482.330000 0.000000 1
8483.990000 0.000000 1
8485.650000 0.000000 1
8487.310000 0.000000 1
8488.970000 0.000000 1
8490.630000 0.000000 1
8492.290000 0.000000 1
8493.950000 0.000000 1
8495.610000 0.000000 1
8497.270000 0.000000 1
8498.930000 0.000000 1
