# obs: 255706
# slit: 7
# z: 0.41354
# lines: [OII],H9,H{beta},[OIII],H{alpha}
# spec: 557
4451.680000 0.000000 1
4455.040000 0.000000 1
4458.400000 0.000000 1
4461.760000 0.000000 1
4465.120000 0.000000 1
4468.479999 0.000000 1
4471.839999 0.000000 1
4475.199999 0.000000 1
4478.559999 0.000000 1
4481.919999 0.000000 1
4485.279999 0.000000 1
4488.639999 0.000000 1
4491.999999 0.000000 1
4495.359999 0.000000 1
4498.719999 0.000000 1
4502.079998 0.000000 1
4505.439998 0.000000 1
4508.799998 0.000000 1
4512.159998 0.000000 1
4515.519998 0.000000 1
4518.879998 0.000000 1
4522.239998 0.000000 1
4525.599998 0.000000 1
4528.959998 0.000000 1
4532.319997 0.000000 1
4535.679997 0.095019 0
4539.039997 0.034958 0
4542.399997 0.018942 0
4545.759997 0.041286 0
4549.119997 0.065570 0
4552.479997 0.052667 0
4555.839997 0.049141 0
4559.199997 0.035215 0
4562.559997 0.049458 0
4565.919996 0.057219 0
4569.279996 0.042131 0
4572.639996 0.045731 0
4575.999996 0.032717 0
4579.359996 0.036338 0
4582.719996 0.045738 0
4586.079996 0.036034 0
4589.439996 0.009638 0
4592.799996 0.019058 0
4596.159995 0.041948 0
4599.519995 0.029849 0
4602.879995 0.048113 0
4606.239995 0.056747 0
4609.599995 0.038169 0
4612.959995 0.035826 0
4616.319995 0.033265 0
4619.679995 0.046726 0
4623.039995 0.039773 0
4626.399995 0.041754 0
4629.759994 0.048886 0
4633.119994 0.056509 0
4636.479994 0.042530 0
4639.839994 0.019489 0
4643.199994 0.037849 0
4646.559994 0.025598 0
4649.919994 0.044566 0
4653.279994 0.032732 0
4656.639994 0.024505 0
4659.999993 0.019906 0
4663.359993 0.027111 0
4666.719993 0.051721 0
4670.079993 0.044310 0
4673.439993 0.031534 0
4676.799993 0.045166 0
4680.159993 0.031473 0
4683.519993 0.033368 0
4686.879993 0.039882 0
4690.239993 0.045069 0
4693.599992 0.045540 0
4696.959992 0.038309 0
4700.319992 0.032060 0
4703.679992 0.029469 0
4707.039992 0.027940 0
4710.399992 0.048469 0
4713.759992 0.055142 0
4717.119992 0.024391 0
4720.479992 0.030053 0
4723.839992 0.024283 0
4727.199991 0.046004 0
4730.559991 0.038932 0
4733.919991 0.045162 0
4737.279991 0.057422 0
4740.639991 0.039959 0
4743.999991 0.039339 0
4747.359991 0.014538 0
4750.719991 0.036718 0
4754.079991 0.046524 0
4757.439990 0.025588 0
4760.799990 0.052611 0
4764.159990 0.046027 0
4767.519990 0.037113 0
4770.879990 0.042121 0
4774.239990 0.033153 0
4777.599990 0.031059 0
4780.959990 0.033382 0
4784.319990 0.028577 0
4787.679990 0.049436 0
4791.039989 0.042428 0
4794.399989 0.054455 0
4797.759989 0.071297 0
4801.119989 0.023446 0
4804.479989 0.048823 0
4807.839989 0.037742 0
4811.199989 0.039986 0
4814.559989 0.038225 0
4817.919989 0.032999 0
4821.279988 0.030155 0
4824.639988 0.040274 0
4827.999988 0.037884 0
4831.359988 0.019787 0
4834.719988 0.021460 0
4838.079988 0.036936 0
4841.439988 0.043451 0
4844.799988 0.048960 0
4848.159988 0.048083 0
4851.519988 0.040184 0
4854.879987 0.035890 0
4858.239987 0.050548 0
4861.599987 0.026127 0
4864.959987 0.020746 0
4868.319987 0.031282 0
4871.679987 0.031013 0
4875.039987 0.048647 0
4878.399987 0.014612 0
4881.759987 0.022146 0
4885.119986 0.038831 0
4888.479986 0.015872 0
4891.839986 0.028065 0
4895.199986 0.025668 0
4898.559986 0.034144 0
4901.919986 0.037670 0
4905.279986 0.046617 0
4908.639986 0.027909 0
4911.999986 0.027098 0
4915.359986 0.030758 0
4918.719985 0.025798 0
4922.079985 0.040892 0
4925.439985 0.039030 0
4928.799985 0.019110 0
4932.159985 0.018663 0
4935.519985 0.038433 0
4938.879985 0.025986 0
4942.239985 0.039610 0
4945.599985 0.028080 0
4948.959984 0.033341 0
4952.319984 0.027136 0
4955.679984 0.049427 0
4959.039984 0.040882 0
4962.399984 0.032236 0
4965.759984 0.018684 0
4969.119984 0.035945 0
4972.479984 0.047654 0
4975.839984 0.023464 0
4979.199984 0.031117 0
4982.559983 0.035381 0
4985.919983 0.035543 0
4989.279983 0.045283 0
4992.639983 0.033870 0
4995.999983 0.041078 0
4999.359983 0.031410 0
5002.719983 0.041167 0
5006.079983 0.043449 0
5009.439983 0.024506 0
5012.799982 0.021428 0
5016.159982 0.024971 0
5019.519982 0.040203 0
5022.879982 0.049650 0
5026.239982 0.048818 0
5029.599982 0.034339 0
5032.959982 0.013043 0
5036.319982 0.021078 0
5039.679982 0.024336 0
5043.039982 0.017506 0
5046.399981 0.018135 0
5049.759981 0.013332 0
5053.119981 0.027136 0
5056.479981 0.035824 0
5059.839981 0.022919 0
5063.199981 0.025026 0
5066.559981 0.035647 0
5069.919981 0.045418 0
5073.279981 0.041157 0
5076.639980 0.033366 0
5079.999980 0.027171 0
5083.359980 0.026838 0
5086.719980 0.046767 0
5090.079980 0.051760 0
5093.439980 0.041091 0
5096.799980 0.038504 0
5100.159980 0.032684 0
5103.519980 0.026507 0
5106.879980 0.038201 0
5110.239979 0.039397 0
5113.599979 0.025244 0
5116.959979 0.032941 0
5120.319979 0.025459 0
5123.679979 0.029492 0
5127.039979 0.045043 0
5130.399979 0.036036 0
5133.759979 0.027137 0
5137.119979 0.030747 0
5140.479978 0.031927 0
5143.839978 0.037420 0
5147.199978 0.036734 0
5150.559978 0.031422 0
5153.919978 0.040070 0
5157.279978 0.046468 0
5160.639978 0.024225 0
5163.999978 0.026708 0
5167.359978 0.022070 0
5170.719978 0.044452 0
5174.079977 0.034019 0
5177.439977 0.027977 0
5180.799977 0.039721 0
5184.159977 0.019433 0
5187.519977 0.032281 0
5190.879977 0.009910 0
5194.239977 0.032310 0
5197.599977 0.038260 0
5200.959977 0.035110 0
5204.319977 0.026693 0
5207.679976 0.026027 0
5211.039976 0.050016 0
5214.399976 0.034011 0
5217.759976 0.020350 0
5221.119976 0.036827 0
5224.479976 0.029819 0
5227.839976 0.040058 0
5231.199976 0.050371 0
5234.559976 0.035640 0
5237.919975 0.035680 0
5241.279975 0.060223 0
5244.639975 0.020453 0
5247.999975 0.031856 0
5251.359975 0.042135 0
5254.719975 0.035572 0
5258.079975 0.018736 0
5261.439975 0.039587 0
5264.799975 0.131399 0
5268.159975 0.320842 0
5271.519974 0.348316 0
5274.879974 0.174295 0
5278.239974 0.061620 0
5281.599974 0.050802 0
5284.959974 0.038988 0
5288.319974 0.039475 0
5291.679974 0.044059 0
5295.039974 0.030329 0
5298.399974 0.046069 0
5301.759973 0.040945 0
5305.119973 0.037714 0
5308.479973 0.030531 0
5311.839973 0.045749 0
5315.199973 0.048268 0
5318.559973 0.054213 0
5321.919973 0.036210 0
5325.279973 0.040025 0
5328.639973 0.027816 0
5331.999973 0.029540 0
5335.359972 0.051244 0
5338.719972 0.037307 0
5342.079972 0.035375 0
5345.439972 0.054540 0
5348.799972 0.056467 0
5352.159972 0.045509 0
5355.519972 0.051693 0
5358.879972 0.059713 0
5362.239972 0.027777 0
5365.599971 0.025204 0
5368.959971 0.034352 0
5372.319971 0.043590 0
5375.679971 0.032235 0
5379.039971 0.045939 0
5382.399971 0.049582 0
5385.759971 0.064852 0
5389.119971 0.044910 0
5392.479971 0.051308 0
5395.839971 0.057960 0
5399.199970 0.054409 0
5402.559970 0.049378 0
5405.919970 0.034416 0
5409.279970 0.050698 0
5412.639970 0.049689 0
5415.999970 0.039815 0
5419.359970 0.036304 0
5422.719970 0.015126 0
5426.079970 0.044511 0
5429.439969 0.024615 0
5432.799969 0.029504 0
5436.159969 0.042450 0
5439.519969 0.045834 0
5442.879969 0.051035 0
5446.239969 0.051145 0
5449.599969 0.047385 0
5452.959969 0.049309 0
5456.319969 0.047834 0
5459.679969 0.062604 0
5463.039968 0.068688 0
5466.399968 0.065439 0
5469.759968 0.068823 0
5473.119968 0.070375 0
5476.479968 0.050550 0
5479.839968 0.057530 0
5483.199968 0.049767 0
5486.559968 0.051494 0
5489.919968 0.035281 0
5493.279967 0.047999 0
5496.639967 0.065589 0
5499.999967 0.055550 0
5503.359967 0.049440 0
5506.719967 0.045097 0
5510.079967 0.042982 0
5513.439967 0.051229 0
5516.799967 0.046059 0
5520.159967 0.049705 0
5523.519967 0.055729 0
5526.879966 0.061725 0
5530.239966 0.046476 0
5533.599966 0.053547 0
5536.959966 0.046811 0
5540.319966 0.049187 0
5543.679966 0.051179 0
5547.039966 0.043094 0
5550.399966 0.046973 0
5553.759966 0.054481 0
5557.119965 0.051637 0
5560.479965 0.024501 0
5563.839965 0.031097 0
5567.199965 0.053904 0
5570.559965 -0.014994 1
5573.919965 0.023044 1
5577.279965 0.012256 1
5580.639965 0.062969 1
5583.999965 0.041916 1
5587.359965 0.075631 0
5590.719964 0.048938 0
5594.079964 0.041712 0
5597.439964 0.031044 0
5600.799964 0.035140 0
5604.159964 0.044092 0
5607.519964 0.042534 0
5610.879964 0.044310 0
5614.239964 0.040213 0
5617.599964 0.047526 0
5620.959963 0.042737 0
5624.319963 0.033548 0
5627.679963 0.039361 0
5631.039963 0.060815 0
5634.399963 0.058324 0
5637.759963 0.037626 0
5641.119963 0.049974 0
5644.479963 0.061787 0
5647.839963 0.057945 0
5651.199963 0.068943 0
5654.559962 0.052253 0
5657.919962 0.062244 0
5661.279962 0.053914 0
5664.639962 0.055024 0
5667.999962 0.052323 0
5671.359962 0.039876 0
5674.719962 0.056598 0
5678.079962 0.056649 0
5681.439962 0.046101 0
5684.799962 0.049565 0
5688.159961 0.051389 0
5691.519961 0.045601 0
5694.879961 0.069131 0
5698.239961 0.056878 0
5701.599961 0.045949 0
5704.959961 0.050211 0
5708.319961 0.062858 0
5711.679961 0.058396 0
5715.039961 0.062263 0
5718.399960 0.046648 0
5721.759960 0.044996 0
5725.119960 0.062284 0
5728.479960 0.069982 0
5731.839960 0.052241 0
5735.199960 0.045418 0
5738.559960 0.049759 0
5741.919960 0.047756 0
5745.279960 0.074285 0
5748.639960 0.033466 0
5751.999959 0.052484 0
5755.359959 0.064941 0
5758.719959 0.058126 0
5762.079959 0.054316 0
5765.439959 0.034632 0
5768.799959 0.042497 0
5772.159959 0.055470 0
5775.519959 0.054133 0
5778.879959 0.054820 0
5782.239958 0.053835 0
5785.599958 0.035560 0
5788.959958 0.024242 0
5792.319958 0.036890 0
5795.679958 0.041146 0
5799.039958 0.044712 0
5802.399958 0.052643 0
5805.759958 0.031104 0
5809.119958 0.014208 0
5812.479958 0.044465 0
5815.839957 0.048124 0
5819.199957 0.049884 0
5822.559957 0.061940 0
5825.919957 0.042626 0
5829.279957 0.040218 0
5832.639957 0.054429 0
5835.999957 0.043110 0
5839.359957 0.049158 0
5842.719957 0.047609 0
5846.079956 0.056382 0
5849.439956 0.037320 0
5852.799956 0.047857 0
5856.159956 0.057230 0
5859.519956 0.076813 0
5862.879956 0.051403 0
5866.239956 0.040403 0
5869.599956 0.057284 0
5872.959956 0.057910 0
5876.319956 0.052976 0
5879.679955 0.040445 0
5883.039955 0.037967 0
5886.399955 0.098769 0
5889.759955 0.089310 0
5893.119955 0.066996 0
5896.479955 0.071481 0
5899.839955 0.066510 0
5903.199955 0.073992 0
5906.559955 0.052949 0
5909.919954 0.036094 0
5913.279954 0.039384 0
5916.639954 0.038742 0
5919.999954 0.032421 0
5923.359954 0.058936 0
5926.719954 0.056956 0
5930.079954 0.035266 0
5933.439954 0.058935 0
5936.799954 0.059782 0
5940.159954 0.073786 0
5943.519953 0.047645 0
5946.879953 0.059794 0
5950.239953 0.050718 0
5953.599953 0.055948 0
5956.959953 0.062518 0
5960.319953 0.067646 0
5963.679953 0.047157 0
5967.039953 0.058784 0
5970.399953 0.034395 0
5973.759952 0.034340 0
5977.119952 0.041471 0
5980.479952 0.038957 0
5983.839952 0.053141 0
5987.199952 0.055354 0
5990.559952 0.050661 0
5993.919952 0.059343 0
5997.279952 0.048277 0
6000.639952 0.043021 0
6003.999952 0.040526 0
6007.359951 0.053953 0
6010.719951 0.056036 0
6014.079951 0.040531 0
6017.439951 0.056128 0
6020.799951 0.056735 0
6024.159951 0.052600 0
6027.519951 0.056512 0
6030.879951 0.048828 0
6034.239951 0.039849 0
6037.599950 0.048621 0
6040.959950 0.057886 0
6044.319950 0.050344 0
6047.679950 0.042190 0
6051.039950 0.045920 0
6054.399950 0.043745 0
6057.759950 0.041891 0
6061.119950 0.049370 0
6064.479950 0.064071 0
6067.839950 0.031640 0
6071.199949 0.051813 0
6074.559949 0.051204 0
6077.919949 0.040188 0
6081.279949 0.042950 0
6084.639949 0.037951 0
6087.999949 0.037406 0
6091.359949 0.038693 0
6094.719949 0.040017 0
6098.079949 0.044736 0
6101.439948 0.050556 0
6104.799948 0.060504 0
6108.159948 0.050515 0
6111.519948 0.044142 0
6114.879948 0.040698 0
6118.239948 0.047534 0
6121.599948 0.041700 0
6124.959948 0.030083 0
6128.319948 0.044127 0
6131.679948 0.061287 0
6135.039947 0.081056 0
6138.399947 0.077677 0
6141.759947 0.058233 0
6145.119947 0.038295 0
6148.479947 0.045685 0
6151.839947 0.042297 0
6155.199947 0.034103 0
6158.559947 0.048085 0
6161.919947 0.048374 0
6165.279947 0.060820 0
6168.639946 0.055479 0
6171.999946 0.041911 0
6175.359946 0.048568 0
6178.719946 0.042222 0
6182.079946 0.039476 0
6185.439946 0.056330 0
6188.799946 0.054884 0
6192.159946 0.042116 0
6195.519946 0.032564 0
6198.879945 0.032331 0
6202.239945 0.051477 0
6205.599945 0.058159 0
6208.959945 0.062204 0
6212.319945 0.045443 0
6215.679945 0.037308 0
6219.039945 0.051705 0
6222.399945 0.051402 0
6225.759945 0.053095 0
6229.119945 0.039219 0
6232.479944 0.040845 0
6235.839944 0.047744 0
6239.199944 0.038754 0
6242.559944 0.042286 0
6245.919944 0.027413 0
6249.279944 0.051540 0
6252.639944 0.053540 0
6255.999944 0.057464 0
6259.359944 0.047807 0
6262.719943 0.009625 0
6266.079943 0.043989 0
6269.439943 0.054636 0
6272.799943 0.044000 0
6276.159943 0.066152 0
6279.519943 0.018746 0
6282.879943 0.039703 0
6286.239943 0.055713 0
6289.599943 0.054837 0
6292.959943 0.046701 0
6296.319942 0.068241 0
6299.679942 0.067270 0
6303.039942 0.053785 0
6306.399942 0.061582 0
6309.759942 0.032403 0
6313.119942 0.036840 0
6316.479942 0.053104 0
6319.839942 0.053956 0
6323.199942 0.048814 0
6326.559941 0.034858 0
6329.919941 0.062708 0
6333.279941 0.060388 0
6336.639941 0.031349 0
6339.999941 0.037083 0
6343.359941 0.052433 0
6346.719941 0.046097 0
6350.079941 0.037860 0
6353.439941 0.053131 0
6356.799941 0.065699 0
6360.159940 0.055073 0
6363.519940 0.043455 0
6366.879940 0.052344 0
6370.239940 0.061238 0
6373.599940 0.053016 0
6376.959940 0.036149 0
6380.319940 0.031988 0
6383.679940 0.029156 0
6387.039940 0.049008 0
6390.399939 0.044919 0
6393.759939 0.037842 0
6397.119939 0.044888 0
6400.479939 0.052747 0
6403.839939 0.037551 0
6407.199939 0.051315 0
6410.559939 0.025789 0
6413.919939 0.041295 0
6417.279939 0.058275 0
6420.639939 0.048233 0
6423.999938 0.055766 0
6427.359938 0.059163 0
6430.719938 0.040878 0
6434.079938 0.076320 0
6437.439938 0.064081 0
6440.799938 0.056831 0
6444.159938 0.044106 0
6447.519938 0.042745 0
6450.879938 0.049374 0
6454.239937 0.042353 0
6457.599937 0.064917 0
6460.959937 0.050196 0
6464.319937 0.046319 0
6467.679937 0.057469 0
6471.039937 0.041724 0
6474.399937 0.048145 0
6477.759937 0.047078 0
6481.119937 0.049749 0
6484.479937 0.050332 0
6487.839936 0.063566 0
6491.199936 0.035639 0
6494.559936 0.050991 0
6497.919936 0.039451 0
6501.279936 0.066248 0
6504.639936 0.061936 0
6507.999936 0.045183 0
6511.359936 0.056805 0
6514.719936 0.067622 0
6518.079935 0.060113 0
6521.439935 0.035027 0
6524.799935 0.047172 0
6528.159935 0.040106 0
6531.519935 0.060345 0
6534.879935 0.048006 0
6538.239935 0.050206 0
6541.599935 0.054904 0
6544.959935 0.048076 0
6548.319935 0.027382 0
6551.679934 0.031007 0
6555.039934 0.032111 0
6558.399934 0.053015 0
6561.759934 0.061405 0
6565.119934 0.048397 0
6568.479934 0.052714 0
6571.839934 0.052357 0
6575.199934 0.039154 0
6578.559934 0.027350 0
6581.919933 0.053906 0
6585.279933 0.067720 0
6588.639933 0.063195 0
6591.999933 0.041132 0
6595.359933 0.054699 0
6598.719933 0.044585 0
6602.079933 0.038548 0
6605.439933 0.061925 0
6608.799933 0.054326 0
6612.159933 0.051889 0
6615.519932 0.056671 0
6618.879932 0.041868 0
6622.239932 0.060521 0
6625.599932 0.058924 0
6628.959932 0.012360 0
6632.319932 0.049609 0
6635.679932 0.052651 0
6639.039932 0.055255 0
6642.399932 0.054085 0
6645.759932 0.048177 0
6649.119931 0.041001 0
6652.479931 0.059306 0
6655.839931 0.033414 0
6659.199931 0.041152 0
6662.559931 0.044070 0
6665.919931 0.035188 0
6669.279931 0.037920 0
6672.639931 0.047023 0
6675.999931 0.053981 0
6679.359930 0.062433 0
6682.719930 0.044407 0
6686.079930 0.043146 0
6689.439930 0.040700 0
6692.799930 0.036404 0
6696.159930 0.030224 0
6699.519930 0.045627 0
6702.879930 0.035176 0
6706.239930 0.047734 0
6709.599930 0.046767 0
6712.959929 0.048578 0
6716.319929 0.061252 0
6719.679929 0.055183 0
6723.039929 0.062416 0
6726.399929 0.058830 0
6729.759929 0.040785 0
6733.119929 0.035566 0
6736.479929 0.036332 0
6739.839929 0.049796 0
6743.199928 0.057500 0
6746.559928 0.054079 0
6749.919928 0.045381 0
6753.279928 0.045962 0
6756.639928 0.031602 0
6759.999928 0.048758 0
6763.359928 0.067857 0
6766.719928 0.036761 0
6770.079928 0.037534 0
6773.439928 0.059007 0
6776.799927 0.035266 0
6780.159927 0.051524 0
6783.519927 0.061875 0
6786.879927 0.047154 0
6790.239927 0.041568 0
6793.599927 0.055536 0
6796.959927 0.043160 0
6800.319927 0.042311 0
6803.679927 0.048664 0
6807.039926 0.040008 0
6810.399926 0.023828 0
6813.759926 0.032915 0
6817.119926 0.050317 0
6820.479926 0.045589 0
6823.839926 0.050341 0
6827.199926 0.042180 0
6830.559926 0.020322 0
6833.919926 0.021213 0
6837.279926 0.045760 0
6840.639925 0.054353 0
6843.999925 0.044757 0
6847.359925 0.038884 0
6850.719925 0.034326 0
6854.079925 0.039053 0
6857.439925 0.045583 0
6860.799925 0.041017 0
6864.159925 0.020090 0
6867.519925 0.038951 0
6870.879924 0.110204 0
6874.239924 0.093470 0
6877.599924 0.063910 0
6880.959924 0.047199 0
6884.319924 0.031117 0
6887.679924 0.048886 0
6891.039924 0.048412 0
6894.399924 0.031837 0
6897.759924 0.041779 0
6901.119924 0.059248 0
6904.479923 0.036370 0
6907.839923 0.034146 0
6911.199923 0.039148 0
6914.559923 0.055891 0
6917.919923 0.027562 0
6921.279923 0.031842 0
6924.639923 0.031053 0
6927.999923 0.041408 0
6931.359923 0.042698 0
6934.719922 0.045808 0
6938.079922 0.046310 0
6941.439922 0.064700 0
6944.799922 0.071953 0
6948.159922 0.065596 0
6951.519922 0.060510 0
6954.879922 0.055894 0
6958.239922 0.037448 0
6961.599922 0.035226 0
6964.959922 0.057225 0
6968.319921 0.057578 0
6971.679921 0.048552 0
6975.039921 0.032911 0
6978.399921 0.037973 0
6981.759921 0.046697 0
6985.119921 0.051296 0
6988.479921 0.045369 0
6991.839921 0.050718 0
6995.199921 0.044131 0
6998.559920 0.045107 0
7001.919920 0.045174 0
7005.279920 0.061785 0
7008.639920 0.096137 0
7011.999920 0.106243 0
7015.359920 0.074108 0
7018.719920 0.044665 0
7022.079920 0.049303 0
7025.439920 0.042963 0
7028.799920 0.036809 0
7032.159919 0.028619 0
7035.519919 0.048958 0
7038.879919 0.041530 0
7042.239919 0.049774 0
7045.599919 0.036371 0
7048.959919 0.053387 0
7052.319919 0.046358 0
7055.679919 0.032080 0
7059.039919 0.064876 0
7062.399918 0.036650 0
7065.759918 0.042739 0
7069.119918 0.026057 0
7072.479918 0.076270 0
7075.839918 0.213060 0
7079.199918 0.254434 0
7082.559918 0.124760 0
7085.919918 0.051758 0
7089.279918 0.071015 0
7092.639918 0.049480 0
7095.999917 0.045603 0
7099.359917 0.044990 0
7102.719917 0.031420 0
7106.079917 0.030702 0
7109.439917 0.043502 0
7112.799917 0.037695 0
7116.159917 0.056423 0
7119.519917 0.057038 0
7122.879917 0.025129 0
7126.239916 0.044417 0
7129.599916 0.039454 0
7132.959916 0.030567 0
7136.319916 0.039798 0
7139.679916 0.063946 0
7143.039916 0.042510 0
7146.399916 0.029331 0
7149.759916 0.033637 0
7153.119916 0.048879 0
7156.479916 0.056091 0
7159.839915 0.046395 0
7163.199915 0.043500 0
7166.559915 0.055375 0
7169.919915 0.038611 0
7173.279915 0.045600 0
7176.639915 0.033643 0
7179.999915 0.046735 0
7183.359915 0.024863 0
7186.719915 0.029439 0
7190.079915 0.036749 0
7193.439914 0.042430 0
7196.799914 0.023052 0
7200.159914 0.039559 0
7203.519914 0.048247 0
7206.879914 0.040813 0
7210.239914 0.043765 0
7213.599914 0.032527 0
7216.959914 0.034104 0
7220.319914 0.046164 0
7223.679913 0.031906 0
7227.039913 0.041006 0
7230.399913 0.034563 0
7233.759913 0.024267 0
7237.119913 0.058143 0
7240.479913 0.038547 0
7243.839913 0.051512 0
7247.199913 0.006216 0
7250.559913 0.026210 0
7253.919913 0.049317 0
7257.279912 0.048972 0
7260.639912 0.042578 0
7263.999912 0.056865 0
7267.359912 0.040604 0
7270.719912 0.054293 0
7274.079912 0.053410 0
7277.439912 0.024898 0
7280.799912 -0.007092 0
7284.159912 0.049656 0
7287.519911 0.034047 0
7290.879911 0.009513 0
7294.239911 0.033498 0
7297.599911 0.045228 0
7300.959911 0.030925 0
7304.319911 0.030403 0
7307.679911 0.045706 0
7311.039911 0.043270 0
7314.399911 0.040196 0
7317.759911 -0.004277 0
7321.119910 0.043043 0
7324.479910 0.019158 0
7327.839910 0.032931 0
7331.199910 0.006692 0
7334.559910 0.042218 0
7337.919910 0.053817 0
7341.279910 0.032399 0
7344.639910 0.069187 0
7347.999910 0.031662 0
7351.359909 0.028273 0
7354.719909 0.035815 0
7358.079909 0.031574 0
7361.439909 0.026759 0
7364.799909 0.040785 0
7368.159909 0.021378 0
7371.519909 0.026313 0
7374.879909 0.038644 0
7378.239909 0.042425 0
7381.599909 0.019220 0
7384.959908 0.054142 0
7388.319908 0.031689 0
7391.679908 0.018023 0
7395.039908 0.031197 0
7398.399908 0.030576 0
7401.759908 0.027096 0
7405.119908 0.037138 0
7408.479908 0.025401 0
7411.839908 0.038369 0
7415.199907 0.056024 0
7418.559907 0.049151 0
7421.919907 0.030356 0
7425.279907 0.027630 0
7428.639907 0.052111 0
7431.999907 0.048289 0
7435.359907 0.047303 0
7438.719907 0.055321 0
7442.079907 0.029094 0
7445.439907 0.047618 0
7448.799906 0.044723 0
7452.159906 0.039603 0
7455.519906 0.042855 0
7458.879906 0.029290 0
7462.239906 0.043708 0
7465.599906 0.040412 0
7468.959906 0.046188 0
7472.319906 0.041150 0
7475.679906 0.005410 0
7479.039905 0.053234 0
7482.399905 0.035211 0
7485.759905 0.026307 0
7489.119905 0.051721 0
7492.479905 0.027265 0
7495.839905 0.050442 0
7499.199905 0.052735 0
7502.559905 0.027195 0
7505.919905 0.046448 0
7509.279905 0.040172 0
7512.639904 0.037744 0
7515.999904 0.045101 0
7519.359904 0.051769 0
7522.719904 0.017717 0
7526.079904 0.019166 0
7529.439904 0.017977 0
7532.799904 0.041497 0
7536.159904 0.050496 0
7539.519904 0.033054 0
7542.879903 0.049153 0
7546.239903 0.052519 0
7549.599903 0.038898 0
7552.959903 0.045177 0
7556.319903 0.032890 0
7559.679903 0.044674 0
7563.039903 0.020556 0
7566.399903 0.034794 0
7569.759903 0.035421 0
7573.119903 0.020800 0
7576.479902 0.010433 0
7579.839902 0.029997 0
7583.199902 0.032404 0
7586.559902 0.040334 0
7589.919902 0.049282 0
7593.279902 0.023927 0
7596.639902 0.031748 0
7599.999902 -0.001031 0
7603.359902 0.010476 0
7606.719901 0.032908 0
7610.079901 0.058984 0
7613.439901 0.062054 0
7616.799901 0.068392 0
7620.159901 0.056943 0
7623.519901 0.079989 0
7626.879901 0.042722 0
7630.239901 0.035489 0
7633.599901 0.044887 0
7636.959901 0.021454 0
7640.319900 0.032031 0
7643.679900 0.045335 0
7647.039900 0.020154 0
7650.399900 0.038352 0
7653.759900 0.047875 0
7657.119900 0.050071 0
7660.479900 0.053922 0
7663.839900 0.023653 0
7667.199900 0.029721 0
7670.559900 0.030639 0
7673.919899 0.034454 0
7677.279899 0.031018 0
7680.639899 0.032897 0
7683.999899 0.040173 0
7687.359899 0.031310 0
7690.719899 0.038095 0
7694.079899 0.039328 0
7697.439899 0.026140 0
7700.799899 0.038799 0
7704.159898 0.047945 0
7707.519898 0.065684 0
7710.879898 0.029702 0
7714.239898 0.026737 0
7717.599898 0.020137 0
7720.959898 0.016558 0
7724.319898 0.021226 0
7727.679898 0.041079 0
7731.039898 0.032768 0
7734.399898 0.042030 0
7737.759897 0.039945 0
7741.119897 0.036658 0
7744.479897 0.035102 0
7747.839897 0.059224 0
7751.199897 0.078858 0
7754.559897 0.053284 0
7757.919897 0.050635 0
7761.279897 0.039813 0
7764.639897 0.024073 0
7767.999896 0.014537 0
7771.359896 0.014382 0
7774.719896 0.051484 0
7778.079896 0.057805 0
7781.439896 0.028797 0
7784.799896 0.051338 0
7788.159896 0.038670 0
7791.519896 0.053949 0
7794.879896 0.055640 0
7798.239896 0.016414 0
7801.599895 0.030154 0
7804.959895 0.063239 0
7808.319895 0.046037 0
7811.679895 0.047763 0
7815.039895 0.058687 0
7818.399895 0.000959 0
7821.759895 0.017691 0
7825.119895 0.036537 0
7828.479895 0.013963 0
7831.839894 0.052359 0
7835.199894 0.058345 0
7838.559894 0.051653 0
7841.919894 0.039519 0
7845.279894 0.056345 0
7848.639894 0.000350 0
7851.999894 0.024075 0
7855.359894 0.040249 0
7858.719894 0.029822 0
7862.079894 0.038984 0
7865.439893 0.047010 0
7868.799893 0.039114 0
7872.159893 0.014638 0
7875.519893 0.008014 0
7878.879893 0.055826 0
7882.239893 0.045084 0
7885.599893 0.009026 0
7888.959893 0.019866 0
7892.319893 0.014745 0
7895.679892 0.045273 0
7899.039892 0.032598 0
7902.399892 0.029924 0
7905.759892 0.043015 0
7909.119892 0.047207 0
7912.479892 0.045826 0
7915.839892 0.037495 0
7919.199892 0.047289 0
7922.559892 0.035306 0
7925.919892 -0.009673 0
7929.279891 0.019547 0
7932.639891 0.045520 0
7935.999891 0.024340 0
7939.359891 0.042067 0
7942.719891 0.041115 0
7946.079891 0.035349 0
7949.439891 0.031800 0
7952.799891 0.021664 0
7956.159891 0.048244 0
7959.519890 0.042567 0
7962.879890 0.010853 0
7966.239890 0.048394 0
7969.599890 0.037578 0
7972.959890 0.053879 0
7976.319890 0.033908 0
7979.679890 0.029849 0
7983.039890 0.046485 0
7986.399890 0.045705 0
7989.759890 0.110222 0
7993.119889 0.135282 0
7996.479889 0.017524 0
7999.839889 0.024245 0
8003.199889 0.020665 0
8006.559889 0.012817 0
8009.919889 0.034205 0
8013.279889 0.045581 0
8016.639889 0.038992 0
8019.999889 0.058658 0
8023.359888 0.055941 0
8026.719888 0.071552 0
8030.079888 0.055317 0
8033.439888 0.028951 0
8036.799888 0.030970 0
8040.159888 0.058864 0
8043.519888 0.024770 0
8046.879888 0.043050 0
8050.239888 0.013890 0
8053.599888 0.017419 0
8056.959887 0.035241 0
8060.319887 0.047843 0
8063.679887 0.047484 0
8067.039887 0.040246 0
8070.399887 0.037503 0
8073.759887 0.040898 0
8077.119887 0.044664 0
8080.479887 0.037243 0
8083.839887 0.013264 0
8087.199886 0.037290 0
8090.559886 0.036151 0
8093.919886 0.049868 0
8097.279886 0.036128 0
8100.639886 0.030444 0
8103.999886 0.026734 0
8107.359886 0.054046 0
8110.719886 0.028720 0
8114.079886 0.035858 0
8117.439886 0.033145 0
8120.799885 0.036588 0
8124.159885 0.037440 0
8127.519885 0.037605 0
8130.879885 0.035040 0
8134.239885 0.034059 0
8137.599885 0.039925 0
8140.959885 0.048971 0
8144.319885 0.030115 0
8147.679885 0.050471 0
8151.039885 0.050836 0
8154.399884 0.037155 0
8157.759884 0.035209 0
8161.119884 0.050642 0
8164.479884 0.034744 0
8167.839884 0.038246 0
8171.199884 0.036599 0
8174.559884 0.032446 0
8177.919884 0.041960 0
8181.279884 0.039596 0
8184.639883 0.041707 0
8187.999883 0.024824 0
8191.359883 0.027022 0
8194.719883 0.029758 0
8198.079883 0.022254 0
8201.439883 0.032515 0
8204.799883 0.040559 0
8208.159883 0.048833 0
8211.519883 0.048919 0
8214.879883 0.044535 0
8218.239882 0.053884 0
8221.599882 0.038663 0
8224.959882 0.022097 0
8228.319882 0.022828 0
8231.679882 0.026947 0
8235.039882 0.032356 0
8238.399882 0.036856 0
8241.759882 0.040817 0
8245.119882 0.026099 0
8248.479881 0.035313 0
8251.839881 0.030883 0
8255.199881 0.026667 0
8258.559881 0.029161 0
8261.919881 0.046628 0
8265.279881 0.028247 0
8268.639881 0.022827 0
8271.999881 0.027956 0
8275.359881 0.045990 0
8278.719881 0.064501 0
8282.079880 0.062573 0
8285.439880 0.038709 0
8288.799880 0.019673 0
8292.159880 0.057999 0
8295.519880 0.041125 0
8298.879880 0.036029 0
8302.239880 0.045489 0
8305.599880 0.064192 0
8308.959880 0.069825 0
8312.319879 0.041722 0
8315.679879 0.033224 0
8319.039879 0.030310 0
8322.399879 0.028105 0
8325.759879 0.040516 0
8329.119879 0.039253 0
8332.479879 0.020750 0
8335.839879 0.095319 0
8339.199879 0.114809 0
8342.559879 0.039853 0
8345.919878 0.093345 0
8349.279878 0.028249 0
8352.639878 -0.005152 0
8355.999878 -0.020261 0
8359.359878 0.016648 0
8362.719878 0.015563 0
8366.079878 0.059311 0
8369.439878 0.030601 0
8372.799878 0.030114 0
8376.159877 0.028544 0
8379.519877 0.005378 0
8382.879877 0.053351 0
8386.239877 0.037442 0
8389.599877 0.032344 0
8392.959877 0.078823 0
8396.319877 0.005598 0
8399.679877 -0.001562 0
8403.039877 0.003401 0
8406.399877 0.011188 0
8409.759876 0.059669 0
8413.119876 0.044312 0
8416.479876 0.048607 0
8419.839876 0.012387 0
8423.199876 0.058072 0
8426.559876 0.030564 0
8429.919876 0.039401 0
8433.279876 0.007102 0
8436.639876 -0.028361 0
8439.999875 0.023792 0
8443.359875 0.040119 0
8446.719875 0.066471 0
8450.079875 0.062620 0
8453.439875 0.033450 0
8456.799875 -0.009957 0
8460.159875 0.051305 0
8463.519875 0.025621 0
8466.879875 0.001563 0
8470.239875 0.003047 0
8473.599874 0.018352 0
8476.959874 0.012144 0
8480.319874 0.020172 0
8483.679874 0.038788 0
8487.039874 0.025553 0
8490.399874 0.027719 0
8493.759874 0.026771 0
8497.119874 0.011145 0
8500.479874 0.046312 0
8503.839873 0.051376 0
8507.199873 0.014135 0
8510.559873 -0.005319 0
8513.919873 0.034629 0
8517.279873 0.023672 0
8520.639873 0.034596 0
8523.999873 0.041826 0
8527.359873 0.039506 0
8530.719873 0.036009 0
8534.079873 0.044966 0
8537.439872 0.039849 0
8540.799872 0.023415 0
8544.159872 0.033109 0
8547.519872 0.040301 0
8550.879872 0.039395 0
8554.239872 0.034152 0
8557.599872 0.023940 0
8560.959872 0.025020 0
8564.319872 0.030824 0
8567.679871 0.028345 0
8571.039871 0.029896 0
8574.399871 0.036139 0
8577.759871 0.028941 0
8581.119871 0.034873 0
8584.479871 0.034110 0
8587.839871 0.039994 0
8591.199871 0.055791 0
8594.559871 0.027231 0
8597.919871 0.019339 0
8601.279870 0.044501 0
8604.639870 0.019099 0
8607.999870 0.026726 0
8611.359870 0.026509 0
8614.719870 0.049710 0
8618.079870 0.045602 0
8621.439870 0.014532 0
8624.799870 0.007048 0
8628.159870 0.023568 0
8631.519870 0.042017 0
8634.879869 0.001534 0
8638.239869 0.032621 0
8641.599869 0.026110 0
8644.959869 0.064886 0
8648.319869 0.046556 0
8651.679869 0.053910 0
8655.039869 0.047126 0
8658.399869 0.032860 0
8661.759869 -0.003064 0
8665.119868 0.013459 0
8668.479868 0.020626 0
8671.839868 0.039973 0
8675.199868 0.035307 0
8678.559868 0.018517 0
8681.919868 0.017075 0
8685.279868 0.027397 0
8688.639868 0.025355 0
8691.999868 0.042536 0
8695.359868 0.021139 0
8698.719867 0.039748 0
8702.079867 0.030491 0
8705.439867 0.021867 0
8708.799867 0.022551 0
8712.159867 0.040914 0
8715.519867 0.019096 0
8718.879867 0.012276 0
8722.239867 0.036487 0
8725.599867 0.039640 0
8728.959866 0.026890 0
8732.319866 0.025642 0
8735.679866 0.041201 0
8739.039866 0.040848 0
8742.399866 0.031080 0
8745.759866 0.036559 0
8749.119866 0.049376 0
8752.479866 0.033988 0
8755.839866 0.028546 0
8759.199866 0.037367 0
8762.559865 -0.005880 0
8765.919865 0.019576 0
8769.279865 0.031813 0
8772.639865 0.010734 0
8775.999865 0.090935 0
8779.359865 -0.011767 0
8782.719865 0.024029 0
8786.079865 0.022429 0
8789.439865 0.059831 0
8792.799864 0.032219 0
8796.159864 -0.002347 0
8799.519864 0.028970 0
8802.879864 0.031214 0
8806.239864 0.060460 0
8809.599864 0.054485 0
8812.959864 0.033929 0
8816.319864 0.032090 0
8819.679864 0.026635 0
8823.039864 0.027033 0
8826.399863 0.016346 0
8829.759863 0.001552 0
8833.119863 -0.063403 0
8836.479863 0.092880 0
8839.839863 0.026015 0
8843.199863 -0.028477 0
8846.559863 0.017562 0
8849.919863 0.041992 0
8853.279863 0.033427 0
8856.639862 0.039893 0
8859.999862 0.023941 0
8863.359862 0.021105 0
8866.719862 0.023660 0
8870.079862 -0.000899 0
8873.439862 0.020520 0
8876.799862 0.039880 0
8880.159862 0.068305 0
8883.519862 0.064659 0
8886.879862 0.008397 0
8890.239861 -0.007821 0
8893.599861 0.024152 0
8896.959861 0.022630 0
8900.319861 0.007851 0
8903.679861 0.025950 0
8907.039861 0.046369 0
8910.399861 0.074579 0
8913.759861 0.068881 0
8917.119861 0.059217 0
8920.479860 0.014261 0
8923.839860 -0.034849 0
8927.199860 -0.019512 0
8930.559860 0.010508 0
8933.919860 0.023667 0
8937.279860 0.046784 0
8940.639860 0.044221 0
8943.999860 0.020293 0
8947.359860 -0.008838 0
8950.719860 -0.023338 0
8954.079859 0.019203 0
8957.439859 0.007708 0
8960.799859 -0.021796 0
8964.159859 -0.015906 0
8967.519859 0.026761 0
8970.879859 0.033828 0
8974.239859 0.033444 0
8977.599859 0.028785 0
8980.959859 0.048417 0
8984.319858 0.025668 0
8987.679858 0.053057 0
8991.039858 0.029473 0
8994.399858 0.064703 0
8997.759858 0.013558 0
9001.119858 0.054266 0
9004.479858 -0.041190 0
9007.839858 -0.025742 0
9011.199858 0.044294 0
9014.559858 0.011530 0
9017.919857 0.028731 0
9021.279857 0.032170 0
9024.639857 0.042630 0
9027.999857 0.024110 0
9031.359857 0.027285 0
9034.719857 0.034414 0
9038.079857 0.039754 0
9041.439857 0.023080 0
9044.799857 0.046222 0
9048.159856 0.061854 0
9051.519856 0.016370 0
9054.879856 0.045266 0
9058.239856 0.023976 0
9061.599856 0.032978 0
9064.959856 0.042648 0
9068.319856 0.019924 0
9071.679856 0.018696 0
9075.039856 0.044724 0
9078.399856 0.030509 0
9081.759855 0.009061 0
9085.119855 0.009360 0
9088.479855 0.029391 0
9091.839855 0.043666 0
9095.199855 0.059287 0
9098.559855 0.053995 0
9101.919855 0.017286 0
9105.279855 0.025420 0
9108.639855 0.037828 0
9111.999855 0.051812 0
9115.359854 0.032773 0
9118.719854 0.015271 0
9122.079854 0.013025 0
9125.439854 0.027170 0
9128.799854 0.017970 0
9132.159854 0.006747 0
9135.519854 0.015650 0
9138.879854 0.052789 0
9142.239854 0.043465 0
9145.599853 0.029456 0
9148.959853 0.017288 0
9152.319853 0.035643 0
9155.679853 0.038432 0
9159.039853 0.027652 0
9162.399853 0.037210 0
9165.759853 0.031742 0
9169.119853 0.041098 0
9172.479853 0.043931 0
9175.839853 0.037843 0
9179.199852 0.018751 0
9182.559852 0.017142 0
9185.919852 0.040934 0
9189.279852 0.030951 0
9192.639852 0.032523 0
9195.999852 0.031693 0
9199.359852 0.053661 0
9202.719852 0.041433 0
9206.079852 0.034368 0
9209.439851 0.026468 0
9212.799851 0.023383 0
9216.159851 0.023975 0
9219.519851 0.049874 0
9222.879851 0.008467 0
9226.239851 0.012581 0
9229.599851 0.049972 0
9232.959851 0.036813 0
9236.319851 0.025579 0
9239.679851 0.019504 0
9243.039850 0.039417 0
9246.399850 0.039536 0
9249.759850 0.066888 0
