# obs: 255728
# slit: 9
# z: 0.29030
# lines: G,Fe43,Fe45,H{beta},Mgb,E
# spec: 490
5152.370000 0.000000 1
5154.030000 0.000000 1
5155.690000 0.000000 1
5157.350000 0.000000 1
5159.010000 0.000000 1
5160.670000 0.000000 1
5162.330000 0.000000 1
5163.990000 0.000000 1
5165.650000 0.000000 1
5167.310000 0.000000 1
5168.970000 0.000000 1
5170.630000 0.000000 1
5172.290000 0.000000 1
5173.950000 0.000000 1
5175.610000 0.000000 1
5177.270000 0.000000 1
5178.930000 0.000000 1
5180.590000 0.000000 1
5182.250000 0.000000 1
5183.910000 0.000000 1
5185.570000 0.000000 1
5187.230000 0.008790 1
5188.890000 0.146513 1
5190.550000 0.156842 1
5192.210000 0.177673 1
5193.870000 0.107021 0
5195.530000 0.138334 0
5197.190000 0.138560 0
5198.850000 0.121486 0
5200.510000 0.121333 0
5202.170000 0.119860 0
5203.830000 0.091379 0
5205.490000 0.124370 0
5207.150000 0.142081 0
5208.810000 0.112578 0
5210.470000 0.128610 0
5212.130000 0.142731 0
5213.790000 0.163432 0
5215.450000 0.138087 0
5217.110000 0.129359 0
5218.770000 0.103373 0
5220.430000 0.082830 0
5222.090000 0.116892 0
5223.750000 0.127634 0
5225.410000 0.166628 0
5227.070000 0.138879 0
5228.730000 0.146158 0
5230.390000 0.149671 0
5232.050000 0.147664 0
5233.710000 0.125475 0
5235.370000 0.121193 0
5237.030000 0.121817 0
5238.690000 0.113825 0
5240.350000 0.145186 0
5242.010000 0.130804 0
5243.670000 0.111987 0
5245.330000 0.099487 0
5246.990000 0.116084 0
5248.650000 0.117123 0
5250.310000 0.143115 0
5251.970000 0.123233 0
5253.630000 0.116859 0
5255.290000 0.117417 0
5256.950000 0.106633 0
5258.610000 0.127331 0
5260.270000 0.125735 0
5261.930000 0.096642 0
5263.590000 0.134733 0
5265.250000 0.117645 0
5266.910000 0.096980 0
5268.570000 0.140444 0
5270.230000 0.156636 0
5271.890000 0.145903 0
5273.550000 0.131524 0
5275.210000 0.134072 0
5276.870000 0.116372 0
5278.530000 0.144525 0
5280.190000 0.152884 0
5281.850000 0.168812 0
5283.510000 0.151232 0
5285.170000 0.105967 0
5286.830000 0.122894 0
5288.490000 0.105587 0
5290.150000 0.123006 0
5291.810000 0.101250 0
5293.470000 0.074635 0
5295.130000 0.138230 0
5296.790000 0.122034 0
5298.450000 0.132531 0
5300.110000 0.137895 0
5301.770000 0.148411 0
5303.430000 0.125068 0
5305.090000 0.138940 0
5306.750000 0.112468 0
5308.410000 0.126610 0
5310.070000 0.111822 0
5311.730000 0.139228 0
5313.390000 0.158018 0
5315.050000 0.108376 0
5316.710000 0.101521 0
5318.370000 0.114994 0
5320.030000 0.137380 0
5321.690000 0.145736 0
5323.350000 0.132968 0
5325.010000 0.175515 0
5326.670000 0.126743 0
5328.330000 0.145310 0
5329.990000 0.136201 0
5331.650000 0.135347 0
5333.310000 0.089836 0
5334.970000 0.105063 0
5336.630000 0.149953 0
5338.290000 0.130775 0
5339.950000 0.146823 0
5341.610000 0.118212 0
5343.270000 0.128134 0
5344.930000 0.119209 0
5346.590000 0.135238 0
5348.250000 0.151452 0
5349.910000 0.126578 0
5351.570000 0.104151 0
5353.230000 0.111935 0
5354.890000 0.112634 0
5356.550000 0.130585 0
5358.210000 0.096071 0
5359.870000 0.106627 0
5361.530000 0.145803 0
5363.190000 0.128956 0
5364.850000 0.062766 0
5366.510000 0.126081 0
5368.170000 0.141199 0
5369.830000 0.095704 0
5371.490000 0.120668 0
5373.150000 0.158731 0
5374.810000 0.143922 0
5376.470000 0.136178 0
5378.130000 0.155244 0
5379.790000 0.128129 0
5381.450000 0.134840 0
5383.110000 0.108699 0
5384.770000 0.119697 0
5386.430000 0.111294 0
5388.090000 0.125244 0
5389.750000 0.111803 0
5391.410000 0.147937 0
5393.070000 0.140945 0
5394.730000 0.108373 0
5396.390000 0.129282 0
5398.050000 0.127455 0
5399.710000 0.137297 0
5401.370000 0.127909 0
5403.030000 0.119976 0
5404.690000 0.127793 0
5406.350000 0.117089 0
5408.010000 0.113762 0
5409.670000 0.145254 0
5411.330000 0.123291 0
5412.990000 0.126356 0
5414.650000 0.113854 0
5416.310000 0.109703 0
5417.970000 0.128056 0
5419.630000 0.118392 0
5421.290000 0.117544 0
5422.950000 0.130551 0
5424.610000 0.131598 0
5426.270000 0.127169 0
5427.930000 0.145672 0
5429.590000 0.150367 0
5431.250000 0.126957 0
5432.910000 0.129277 0
5434.570000 0.123222 0
5436.230000 0.125356 0
5437.890000 0.098600 0
5439.550000 0.140108 0
5441.210000 0.140499 0
5442.870000 0.142338 0
5444.530000 0.162263 0
5446.190000 0.139927 0
5447.850000 0.123214 0
5449.510000 0.135548 0
5451.170000 0.128315 0
5452.830000 0.146467 0
5454.490000 0.081009 0
5456.150000 0.143388 0
5457.810000 0.110819 0
5459.470000 0.109318 0
5461.130000 0.128660 0
5462.790000 0.133363 0
5464.450000 0.137681 0
5466.110000 0.127478 0
5467.770000 0.117373 0
5469.430000 0.123734 0
5471.090000 0.124330 0
5472.750000 0.164443 0
5474.410000 0.153325 0
5476.070000 0.147767 0
5477.730000 0.165200 0
5479.390000 0.156120 0
5481.050000 0.112728 0
5482.710000 0.118069 0
5484.370000 0.117339 0
5486.030000 0.119892 0
5487.690000 0.126757 0
5489.350000 0.131677 0
5491.010000 0.138070 0
5492.670000 0.133418 0
5494.330000 0.135209 0
5495.990000 0.141249 0
5497.650000 0.130992 0
5499.310000 0.139079 0
5500.970000 0.110155 0
5502.630000 0.140977 0
5504.290000 0.137678 0
5505.950000 0.162757 0
5507.610000 0.164863 0
5509.270000 0.125268 0
5510.930000 0.124596 0
5512.590000 0.149078 0
5514.250000 0.117047 0
5515.910000 0.114745 0
5517.570000 0.113472 0
5519.230000 0.127668 0
5520.890000 0.158293 0
5522.550000 0.156915 0
5524.210000 0.114241 0
5525.870000 0.144506 0
5527.530000 0.146665 0
5529.190000 0.148267 0
5530.850000 0.124404 0
5532.510000 0.127966 0
5534.170000 0.127993 0
5535.830000 0.134449 0
5537.490000 0.115530 0
5539.150000 0.109470 0
5540.810000 0.109903 0
5542.470000 0.136339 0
5544.130000 0.106588 0
5545.790000 0.085742 0
5547.450000 0.109646 0
5549.110000 0.133005 0
5550.770000 0.126539 0
5552.430000 0.057837 0
5554.090000 0.109429 0
5555.750000 0.102580 0
5557.410000 0.088506 0
5559.070000 0.086576 0
5560.730000 0.099601 0
5562.390000 0.086575 0
5564.050000 0.096975 0
5565.710000 0.108220 0
5567.370000 0.125749 0
5569.030000 0.144654 0
5570.690000 0.165060 1
5572.350000 0.163857 1
5574.010000 0.227349 1
5575.670000 0.276220 1
5577.330000 0.179123 1
5578.990000 0.090650 1
5580.650000 0.065482 1
5582.310000 0.066553 1
5583.970000 0.146142 1
5585.630000 0.126811 1
5587.290000 0.169639 1
5588.950000 0.162711 1
5590.610000 0.162603 0
5592.270000 0.163560 0
5593.930000 0.134866 0
5595.590000 0.173065 0
5597.250000 0.154116 0
5598.910000 0.117538 0
5600.570000 0.141303 0
5602.230000 0.121692 0
5603.890000 0.135270 0
5605.550000 0.151168 0
5607.210000 0.137397 0
5608.870000 0.171731 0
5610.530000 0.161833 0
5612.190000 0.152146 0
5613.850000 0.141563 0
5615.510000 0.170157 0
5617.170000 0.123575 0
5618.830000 0.121212 0
5620.490000 0.142654 0
5622.150000 0.166877 0
5623.810000 0.159735 0
5625.470000 0.163226 0
5627.130000 0.170235 0
5628.790000 0.212600 0
5630.450000 0.187582 0
5632.110000 0.172971 0
5633.770000 0.170667 0
5635.430000 0.196356 0
5637.090000 0.177613 0
5638.750000 0.150622 0
5640.410000 0.154022 0
5642.070000 0.175348 0
5643.730000 0.166705 0
5645.390000 0.158527 0
5647.050000 0.134336 0
5648.710000 0.145533 0
5650.370000 0.138190 0
5652.030000 0.158470 0
5653.690000 0.141283 0
5655.350000 0.104070 0
5657.010000 0.129693 0
5658.670000 0.132670 0
5660.330000 0.119192 0
5661.990000 0.123151 0
5663.650000 0.164375 0
5665.310000 0.115160 0
5666.970000 0.161415 0
5668.630000 0.148024 0
5670.290000 0.154470 0
5671.950000 0.158719 0
5673.610000 0.151417 0
5675.270000 0.159491 0
5676.930000 0.156759 0
5678.590000 0.164556 0
5680.250000 0.182040 0
5681.910000 0.160375 0
5683.570000 0.129119 0
5685.230000 0.153909 0
5686.890000 0.156412 0
5688.550000 0.137583 0
5690.210000 0.159949 0
5691.870000 0.150658 0
5693.530000 0.150462 0
5695.190000 0.171149 0
5696.850000 0.155502 0
5698.510000 0.172788 0
5700.170000 0.135931 0
5701.830000 0.159545 0
5703.490000 0.163777 0
5705.150000 0.153997 0
5706.810000 0.159607 0
5708.470000 0.177881 0
5710.130000 0.196803 0
5711.790000 0.163931 0
5713.450000 0.151167 0
5715.110000 0.169135 0
5716.770000 0.180164 0
5718.430000 0.193269 0
5720.090000 0.169420 0
5721.750000 0.161666 0
5723.410000 0.154440 0
5725.070000 0.181025 0
5726.730000 0.180174 0
5728.390000 0.186030 0
5730.050000 0.160811 0
5731.710000 0.171624 0
5733.370000 0.166423 0
5735.030000 0.178375 0
5736.690000 0.192817 0
5738.350000 0.185150 0
5740.010000 0.183813 0
5741.670000 0.176841 0
5743.330000 0.155329 0
5744.990000 0.177975 0
5746.650000 0.160319 0
5748.310000 0.169594 0
5749.970000 0.188599 0
5751.630000 0.151937 0
5753.290000 0.169512 0
5754.950000 0.140479 0
5756.610000 0.168174 0
5758.270000 0.154462 0
5759.930000 0.146425 0
5761.590000 0.159628 0
5763.250000 0.178333 0
5764.910000 0.193023 0
5766.570000 0.184443 0
5768.230000 0.185721 0
5769.890000 0.166855 0
5771.550000 0.198940 0
5773.210000 0.210581 0
5774.870000 0.182830 0
5776.530000 0.163303 0
5778.190000 0.191550 0
5779.850000 0.206533 0
5781.510000 0.205686 0
5783.170000 0.182035 0
5784.830000 0.197850 0
5786.490000 0.174215 0
5788.150000 0.205675 0
5789.810000 0.195159 0
5791.470000 0.193972 0
5793.130000 0.189251 0
5794.790000 0.210212 0
5796.450000 0.169392 0
5798.110000 0.194801 0
5799.770000 0.195706 0
5801.430000 0.180578 0
5803.090000 0.185519 0
5804.750000 0.208402 0
5806.410000 0.190362 0
5808.070000 0.184486 0
5809.730000 0.192549 0
5811.390000 0.194850 0
5813.050000 0.224208 0
5814.710000 0.198374 0
5816.370000 0.211491 0
5818.030000 0.234848 0
5819.690000 0.208595 0
5821.350000 0.199189 0
5823.010000 0.195777 0
5824.670000 0.185348 0
5826.330000 0.203036 0
5827.990000 0.227953 0
5829.650000 0.214157 0
5831.310000 0.214401 0
5832.970000 0.213667 0
5834.630000 0.190211 0
5836.290000 0.196192 0
5837.950000 0.162111 0
5839.610000 0.197919 0
5841.270000 0.209260 0
5842.930000 0.178548 0
5844.590000 0.182114 0
5846.250000 0.177373 0
5847.910000 0.152293 0
5849.570000 0.182317 0
5851.230000 0.148093 0
5852.890000 0.175305 0
5854.550000 0.176559 0
5856.210000 0.228872 0
5857.870000 0.201994 0
5859.530000 0.192684 0
5861.190000 0.205584 0
5862.850000 0.206824 0
5864.510000 0.171727 0
5866.170000 0.195583 0
5867.830000 0.215811 0
5869.490000 0.215091 0
5871.150000 0.208132 0
5872.810000 0.187202 0
5874.470000 0.190640 0
5876.130000 0.174015 0
5877.790000 0.167395 0
5879.450000 0.170413 0
5881.110000 0.193603 0
5882.770000 0.208811 0
5884.430000 0.189314 0
5886.090000 0.228898 0
5887.750000 0.282964 0
5889.410000 0.219853 0
5891.070000 0.228001 0
5892.730000 0.229807 0
5894.390000 0.221083 0
5896.050000 0.262732 0
5897.710000 0.204113 0
5899.370000 0.213439 0
5901.030000 0.224450 0
5902.690000 0.192482 0
5904.350000 0.211738 0
5906.010000 0.224261 0
5907.670000 0.189564 0
5909.330000 0.177675 0
5910.990000 0.184935 0
5912.650000 0.168891 0
5914.310000 0.218846 0
5915.970000 0.212818 0
5917.630000 0.205314 0
5919.290000 0.217188 0
5920.950000 0.227567 0
5922.610000 0.193890 0
5924.270000 0.173154 0
5925.930000 0.189457 0
5927.590000 0.189592 0
5929.250000 0.206538 0
5930.910000 0.236458 0
5932.570000 0.228148 0
5934.230000 0.214948 0
5935.890000 0.188434 0
5937.550000 0.165579 0
5939.210000 0.197923 0
5940.870000 0.169747 0
5942.530000 0.180548 0
5944.190000 0.217872 0
5945.850000 0.226543 0
5947.510000 0.204527 0
5949.170000 0.207333 0
5950.830000 0.219237 0
5952.490000 0.196513 0
5954.150000 0.178265 0
5955.810000 0.217169 0
5957.470000 0.197199 0
5959.130000 0.203940 0
5960.790000 0.226113 0
5962.450000 0.204811 0
5964.110000 0.223209 0
5965.770000 0.207052 0
5967.430000 0.227869 0
5969.090000 0.217896 0
5970.750000 0.229030 0
5972.410000 0.225425 0
5974.070000 0.215730 0
5975.730000 0.238196 0
5977.390000 0.214847 0
5979.050000 0.216483 0
5980.710000 0.184941 0
5982.370000 0.181584 0
5984.030000 0.192652 0
5985.690000 0.200966 0
5987.350000 0.199399 0
5989.010000 0.199730 0
5990.670000 0.212522 0
5992.330000 0.205686 0
5993.990000 0.193248 0
5995.650000 0.174309 0
5997.310000 0.180811 0
5998.970000 0.196388 0
6000.630000 0.194069 0
6002.290000 0.184577 0
6003.950000 0.189458 0
6005.610000 0.185604 0
6007.270000 0.220915 0
6008.930000 0.183776 0
6010.590000 0.182452 0
6012.250000 0.205418 0
6013.910000 0.220104 0
6015.570000 0.205787 0
6017.230000 0.206101 0
6018.890000 0.200311 0
6020.550000 0.184613 0
6022.210000 0.189164 0
6023.870000 0.204215 0
6025.530000 0.188505 0
6027.190000 0.207903 0
6028.850000 0.190218 0
6030.510000 0.172646 0
6032.170000 0.171151 0
6033.830000 0.172942 0
6035.490000 0.187744 0
6037.150000 0.199748 0
6038.810000 0.188448 0
6040.470000 0.184698 0
6042.130000 0.198778 0
6043.790000 0.201048 0
6045.450000 0.187497 0
6047.110000 0.197187 0
6048.770000 0.186679 0
6050.430000 0.175926 0
6052.090000 0.186885 0
6053.750000 0.187571 0
6055.410000 0.187027 0
6057.070000 0.223259 0
6058.730000 0.217324 0
6060.390000 0.185537 0
6062.050000 0.185057 0
6063.710000 0.187636 0
6065.370000 0.188625 0
6067.030000 0.186011 0
6068.690000 0.174110 0
6070.350000 0.189987 0
6072.010000 0.184400 0
6073.670000 0.188930 0
6075.330000 0.187208 0
6076.990000 0.205899 0
6078.650000 0.180400 0
6080.310000 0.201226 0
6081.970000 0.206341 0
6083.630000 0.207501 0
6085.290000 0.200017 0
6086.950000 0.224579 0
6088.610000 0.210439 0
6090.270000 0.191757 0
6091.930000 0.194066 0
6093.590000 0.210109 0
6095.250000 0.192655 0
6096.910000 0.218238 0
6098.570000 0.238923 0
6100.230000 0.177314 0
6101.890000 0.177952 0
6103.550000 0.206851 0
6105.210000 0.214093 0
6106.870000 0.196486 0
6108.530000 0.188654 0
6110.190000 0.195260 0
6111.850000 0.202651 0
6113.510000 0.204044 0
6115.170000 0.196217 0
6116.830000 0.180894 0
6118.490000 0.191313 0
6120.150000 0.219165 0
6121.810000 0.225355 0
6123.470000 0.226744 0
6125.130000 0.232383 0
6126.790000 0.212841 0
6128.450000 0.218207 0
6130.110000 0.200995 0
6131.770000 0.220053 0
6133.430000 0.222119 0
6135.090000 0.212148 0
6136.750000 0.185192 0
6138.410000 0.192584 0
6140.070000 0.178825 0
6141.730000 0.178874 0
6143.390000 0.190871 0
6145.050000 0.164096 0
6146.710000 0.190789 0
6148.370000 0.184854 0
6150.030000 0.192169 0
6151.690000 0.190264 0
6153.350000 0.204879 0
6155.010000 0.191722 0
6156.670000 0.216036 0
6158.330000 0.212436 0
6159.990000 0.219889 0
6161.650000 0.214296 0
6163.310000 0.211718 0
6164.970000 0.211139 0
6166.630000 0.238557 0
6168.290000 0.198439 0
6169.950000 0.217320 0
6171.610000 0.220072 0
6173.270000 0.200405 0
6174.930000 0.224048 0
6176.590000 0.199301 0
6178.250000 0.207389 0
6179.910000 0.210179 0
6181.570000 0.204773 0
6183.230000 0.201304 0
6184.890000 0.211970 0
6186.550000 0.210282 0
6188.210000 0.209239 0
6189.870000 0.219445 0
6191.530000 0.205708 0
6193.190000 0.206138 0
6194.850000 0.199397 0
6196.510000 0.216563 0
6198.170000 0.213319 0
6199.830000 0.210611 0
6201.490000 0.198757 0
6203.150000 0.209056 0
6204.810000 0.214677 0
6206.470000 0.195186 0
6208.130000 0.210782 0
6209.790000 0.231076 0
6211.450000 0.208509 0
6213.110000 0.208681 0
6214.770000 0.234707 0
6216.430000 0.222083 0
6218.090000 0.195700 0
6219.750000 0.212207 0
6221.410000 0.226302 0
6223.070000 0.222002 0
6224.730000 0.216629 0
6226.390000 0.212607 0
6228.050000 0.205733 0
6229.710000 0.232594 0
6231.370000 0.228946 0
6233.030000 0.201759 0
6234.690000 0.185823 0
6236.350000 0.196678 0
6238.010000 0.205692 0
6239.670000 0.194366 0
6241.330000 0.191499 0
6242.990000 0.197624 0
6244.650000 0.203065 0
6246.310000 0.194015 0
6247.970000 0.206017 0
6249.630000 0.209666 0
6251.290000 0.203394 0
6252.950000 0.204115 0
6254.610000 0.200205 0
6256.270000 0.183626 0
6257.930000 0.180095 0
6259.590000 0.180653 0
6261.250000 0.220422 0
6262.910000 0.210209 0
6264.570000 0.195490 0
6266.230000 0.210222 0
6267.890000 0.169024 0
6269.550000 0.192681 0
6271.210000 0.198644 0
6272.870000 0.176202 0
6274.530000 0.180236 0
6276.190000 0.181880 0
6277.850000 0.182178 0
6279.510000 0.155078 0
6281.170000 0.189355 0
6282.830000 0.205106 0
6284.490000 0.180265 0
6286.150000 0.173747 0
6287.810000 0.182659 0
6289.470000 0.184849 0
6291.130000 0.211589 0
6292.790000 0.201142 0
6294.450000 0.197149 0
6296.110000 0.206381 0
6297.770000 0.190143 0
6299.430000 0.195631 0
6301.090000 0.197528 0
6302.750000 0.167613 0
6304.410000 0.196124 0
6306.070000 0.197634 0
6307.730000 0.199062 0
6309.390000 0.222924 0
6311.050000 0.176628 0
6312.710000 0.188414 0
6314.370000 0.213637 0
6316.030000 0.238040 0
6317.690000 0.245155 0
6319.350000 0.238262 0
6321.010000 0.219645 0
6322.670000 0.235193 0
6324.330000 0.234934 0
6325.990000 0.206534 0
6327.650000 0.208260 0
6329.310000 0.210509 0
6330.970000 0.201586 0
6332.630000 0.225249 0
6334.290000 0.220607 0
6335.950000 0.228856 0
6337.610000 0.192198 0
6339.270000 0.225800 0
6340.930000 0.234707 0
6342.590000 0.203198 0
6344.250000 0.196460 0
6345.910000 0.223938 0
6347.570000 0.190082 0
6349.230000 0.196101 0
6350.890000 0.206361 0
6352.550000 0.198466 0
6354.210000 0.212705 0
6355.870000 0.211635 0
6357.530000 0.219357 0
6359.190000 0.207570 0
6360.850000 0.226858 0
6362.510000 0.224389 0
6364.170000 0.226836 0
6365.830000 0.240317 0
6367.490000 0.241595 0
6369.150000 0.218491 0
6370.810000 0.226327 0
6372.470000 0.217252 0
6374.130000 0.213714 0
6375.790000 0.227118 0
6377.450000 0.235553 0
6379.110000 0.216802 0
6380.770000 0.206138 0
6382.430000 0.230689 0
6384.090000 0.237439 0
6385.750000 0.227300 0
6387.410000 0.236152 0
6389.070000 0.258536 0
6390.730000 0.252737 0
6392.390000 0.231541 0
6394.050000 0.232833 0
6395.710000 0.217014 0
6397.370000 0.209787 0
6399.030000 0.216613 0
6400.690000 0.214557 0
6402.350000 0.228197 0
6404.010000 0.215842 0
6405.670000 0.227210 0
6407.330000 0.228950 0
6408.990000 0.199579 0
6410.650000 0.198476 0
6412.310000 0.223075 0
6413.970000 0.211175 0
6415.630000 0.215270 0
6417.290000 0.215912 0
6418.950000 0.227600 0
6420.610000 0.198602 0
6422.270000 0.196363 0
6423.930000 0.226065 0
6425.590000 0.210553 0
6427.250000 0.204565 0
6428.910000 0.185507 0
6430.570000 0.215300 0
6432.230000 0.204604 0
6433.890000 0.198854 0
6435.550000 0.198620 0
6437.210000 0.211396 0
6438.870000 0.205816 0
6440.530000 0.210619 0
6442.190000 0.201516 0
6443.850000 0.181818 0
6445.510000 0.206781 0
6447.170000 0.199545 0
6448.830000 0.200850 0
6450.490000 0.211742 0
6452.150000 0.209630 0
6453.810000 0.206768 0
6455.470000 0.216974 0
6457.130000 0.210084 0
6458.790000 0.192785 0
6460.450000 0.216181 0
6462.110000 0.213393 0
6463.770000 0.237287 0
6465.430000 0.221803 0
6467.090000 0.197123 0
6468.750000 0.198443 0
6470.410000 0.193135 0
6472.070000 0.175988 0
6473.730000 0.221717 0
6475.390000 0.189093 0
6477.050000 0.183207 0
6478.710000 0.198174 0
6480.370000 0.187843 0
6482.030000 0.198803 0
6483.690000 0.186320 0
6485.350000 0.197977 0
6487.010000 0.188893 0
6488.670000 0.197109 0
6490.330000 0.210591 0
6491.990000 0.223562 0
6493.650000 0.224148 0
6495.310000 0.217244 0
6496.970000 0.196123 0
6498.630000 0.213485 0
6500.290000 0.213150 0
6501.950000 0.180951 0
6503.610000 0.202641 0
6505.270000 0.225178 0
6506.930000 0.176421 0
6508.590000 0.191579 0
6510.250000 0.239557 0
6511.910000 0.223862 0
6513.570000 0.203506 0
6515.230000 0.210952 0
6516.890000 0.212092 0
6518.550000 0.215133 0
6520.210000 0.197674 0
6521.870000 0.216614 0
6523.530000 0.189603 0
6525.190000 0.204994 0
6526.850000 0.216081 0
6528.510000 0.221597 0
6530.170000 0.205915 0
6531.830000 0.223941 0
6533.490000 0.232525 0
6535.150000 0.222476 0
6536.810000 0.189730 0
6538.470000 0.216711 0
6540.130000 0.206276 0
6541.790000 0.206974 0
6543.450000 0.203801 0
6545.110000 0.197235 0
6546.770000 0.218638 0
6548.430000 0.214257 0
6550.090000 0.210641 0
6551.750000 0.211334 0
6553.410000 0.236995 0
6555.070000 0.209791 0
6556.730000 0.215112 0
6558.390000 0.185322 0
6560.050000 0.174665 0
6561.710000 0.193973 0
6563.370000 0.217998 0
6565.030000 0.217301 0
6566.690000 0.228728 0
6568.350000 0.246585 0
6570.010000 0.194734 0
6571.670000 0.206129 0
6573.330000 0.210359 0
6574.990000 0.195303 0
6576.650000 0.204108 0
6578.310000 0.209909 0
6579.970000 0.234741 0
6581.630000 0.189013 0
6583.290000 0.209064 0
6584.950000 0.191145 0
6586.610000 0.226601 0
6588.270000 0.203300 0
6589.930000 0.196983 0
6591.590000 0.231200 0
6593.250000 0.206607 0
6594.910000 0.197300 0
6596.570000 0.192106 0
6598.230000 0.202341 0
6599.890000 0.209815 0
6601.550000 0.224080 0
6603.210000 0.206892 0
6604.870000 0.187941 0
6606.530000 0.206697 0
6608.190000 0.206476 0
6609.850000 0.217456 0
6611.510000 0.203530 0
6613.170000 0.188181 0
6614.830000 0.195654 0
6616.490000 0.202986 0
6618.150000 0.192113 0
6619.810000 0.197108 0
6621.470000 0.184897 0
6623.130000 0.198224 0
6624.790000 0.217565 0
6626.450000 0.199055 0
6628.110000 0.213130 0
6629.770000 0.227601 0
6631.430000 0.192201 0
6633.090000 0.209883 0
6634.750000 0.205426 0
6636.410000 0.194609 0
6638.070000 0.210049 0
6639.730000 0.203595 0
6641.390000 0.196671 0
6643.050000 0.198047 0
6644.710000 0.192154 0
6646.370000 0.194473 0
6648.030000 0.190933 0
6649.690000 0.214228 0
6651.350000 0.214399 0
6653.010000 0.214821 0
6654.670000 0.196468 0
6656.330000 0.193728 0
6657.990000 0.195835 0
6659.650000 0.211589 0
6661.310000 0.201477 0
6662.970000 0.201213 0
6664.630000 0.178868 0
6666.290000 0.171648 0
6667.950000 0.176592 0
6669.610000 0.137131 0
6671.270000 0.159214 0
6672.930000 0.160859 0
6674.590000 0.142121 0
6676.250000 0.153257 0
6677.910000 0.168858 0
6679.570000 0.166226 0
6681.230000 0.181580 0
6682.890000 0.180094 0
6684.550000 0.181176 0
6686.210000 0.173433 0
6687.870000 0.171417 0
6689.530000 0.161301 0
6691.190000 0.200021 0
6692.850000 0.179777 0
6694.510000 0.192015 0
6696.170000 0.193551 0
6697.830000 0.209137 0
6699.490000 0.189512 0
6701.150000 0.182724 0
6702.810000 0.204502 0
6704.470000 0.205711 0
6706.130000 0.200855 0
6707.790000 0.207441 0
6709.450000 0.220426 0
6711.110000 0.204299 0
6712.770000 0.195966 0
6714.430000 0.209403 0
6716.090000 0.199948 0
6717.750000 0.208835 0
6719.410000 0.192307 0
6721.070000 0.192408 0
6722.730000 0.194542 0
6724.390000 0.189106 0
6726.050000 0.200213 0
6727.710000 0.219210 0
6729.370000 0.239597 0
6731.030000 0.225416 0
6732.690000 0.220679 0
6734.350000 0.225409 0
6736.010000 0.235098 0
6737.670000 0.217635 0
6739.330000 0.196392 0
6740.990000 0.235251 0
6742.650000 0.232335 0
6744.310000 0.220758 0
6745.970000 0.215336 0
6747.630000 0.196559 0
6749.290000 0.229921 0
6750.950000 0.195581 0
6752.610000 0.214917 0
6754.270000 0.221213 0
6755.930000 0.231825 0
6757.590000 0.219698 0
6759.250000 0.204679 0
6760.910000 0.235355 0
6762.570000 0.235462 0
6764.230000 0.239852 0
6765.890000 0.232377 0
6767.550000 0.256815 0
6769.210000 0.240477 0
6770.870000 0.213496 0
6772.530000 0.211349 0
6774.190000 0.222087 0
6775.850000 0.228044 0
6777.510000 0.233316 0
6779.170000 0.216657 0
6780.830000 0.219314 0
6782.490000 0.214980 0
6784.150000 0.234532 0
6785.810000 0.215301 0
6787.470000 0.207741 0
6789.130000 0.232965 0
6790.790000 0.221868 0
6792.450000 0.213843 0
6794.110000 0.185862 0
6795.770000 0.197987 0
6797.430000 0.197266 0
6799.090000 0.170280 0
6800.750000 0.162671 0
6802.410000 0.182517 0
6804.070000 0.200401 0
6805.730000 0.224870 0
6807.390000 0.218883 0
6809.050000 0.225369 0
6810.710000 0.238772 0
6812.370000 0.237603 0
6814.030000 0.203076 0
6815.690000 0.221891 0
6817.350000 0.231791 0
6819.010000 0.227970 0
6820.670000 0.225441 0
6822.330000 0.257699 0
6823.990000 0.237060 0
6825.650000 0.249681 0
6827.310000 0.253154 0
6828.970000 0.223905 0
6830.630000 0.206806 0
6832.290000 0.227139 0
6833.950000 0.242843 0
6835.610000 0.234267 0
6837.270000 0.207696 0
6838.930000 0.228395 0
6840.590000 0.242831 0
6842.250000 0.246525 0
6843.910000 0.250068 0
6845.570000 0.223748 0
6847.230000 0.242631 0
6848.890000 0.244268 0
6850.550000 0.244333 0
6852.210000 0.261993 0
6853.870000 0.246971 0
6855.530000 0.246230 0
6857.190000 0.261648 0
6858.850000 0.235279 0
6860.510000 0.230423 0
6862.170000 0.242990 0
6863.830000 0.223906 0
6865.490000 0.226000 0
6867.150000 0.195061 0
6868.810000 0.169589 0
6870.470000 0.165560 0
6872.130000 0.184519 0
6873.790000 0.181221 0
6875.450000 0.172062 0
6877.110000 0.176535 0
6878.770000 0.183704 0
6880.430000 0.219695 0
6882.090000 0.221624 0
6883.750000 0.208379 0
6885.410000 0.203140 0
6887.070000 0.208199 0
6888.730000 0.205314 0
6890.390000 0.206783 0
6892.050000 0.216280 0
6893.710000 0.211858 0
6895.370000 0.204395 0
6897.030000 0.215376 0
6898.690000 0.221718 0
6900.350000 0.213850 0
6902.010000 0.221670 0
6903.670000 0.223671 0
6905.330000 0.212849 0
6906.990000 0.229551 0
6908.650000 0.242671 0
6910.310000 0.228758 0
6911.970000 0.230731 0
6913.630000 0.233395 0
6915.290000 0.245671 0
6916.950000 0.228960 0
6918.610000 0.229039 0
6920.270000 0.240517 0
6921.930000 0.257956 0
6923.590000 0.236263 0
6925.250000 0.245537 0
6926.910000 0.230276 0
6928.570000 0.218510 0
6930.230000 0.222275 0
6931.890000 0.250913 0
6933.550000 0.219543 0
6935.210000 0.220244 0
6936.870000 0.233245 0
6938.530000 0.253024 0
6940.190000 0.247428 0
6941.850000 0.226467 0
6943.510000 0.225960 0
6945.170000 0.245277 0
6946.830000 0.232096 0
6948.490000 0.251708 0
6950.150000 0.248917 0
6951.810000 0.242655 0
6953.470000 0.240094 0
6955.130000 0.237776 0
6956.790000 0.231502 0
6958.450000 0.237346 0
6960.110000 0.197644 0
6961.770000 0.213205 0
6963.430000 0.209886 0
6965.090000 0.204054 0
6966.750000 0.212038 0
6968.410000 0.207234 0
6970.070000 0.216315 0
6971.730000 0.232707 0
6973.390000 0.222181 0
6975.050000 0.216395 0
6976.710000 0.211158 0
6978.370000 0.206435 0
6980.030000 0.196499 0
6981.690000 0.216713 0
6983.350000 0.202375 0
6985.010000 0.228986 0
6986.670000 0.223650 0
6988.330000 0.240063 0
6989.990000 0.248487 0
6991.650000 0.243979 0
6993.310000 0.241032 0
6994.970000 0.232249 0
6996.630000 0.234602 0
6998.290000 0.250337 0
6999.950000 0.251499 0
7001.610000 0.223669 0
7003.270000 0.247823 0
7004.930000 0.236287 0
7006.590000 0.223166 0
7008.250000 0.226583 0
7009.910000 0.225572 0
7011.570000 0.243004 0
7013.230000 0.225057 0
7014.890000 0.222545 0
7016.550000 0.228088 0
7018.210000 0.245321 0
7019.870000 0.221718 0
7021.530000 0.243615 0
7023.190000 0.243404 0
7024.850000 0.211872 0
7026.510000 0.220238 0
7028.170000 0.234743 0
7029.830000 0.238503 0
7031.490000 0.225691 0
7033.150000 0.254116 0
7034.810000 0.233637 0
7036.470000 0.251404 0
7038.130000 0.231654 0
7039.790000 0.213554 0
7041.450000 0.230025 0
7043.110000 0.227808 0
7044.770000 0.224924 0
7046.430000 0.225124 0
7048.090000 0.220920 0
7049.750000 0.230734 0
7051.410000 0.230534 0
7053.070000 0.231290 0
7054.730000 0.220516 0
7056.390000 0.224814 0
7058.050000 0.247822 0
7059.710000 0.222930 0
7061.370000 0.224266 0
7063.030000 0.219983 0
7064.690000 0.216632 0
7066.350000 0.218604 0
7068.010000 0.204843 0
7069.670000 0.218645 0
7071.330000 0.199453 0
7072.990000 0.214368 0
7074.650000 0.231859 0
7076.310000 0.216950 0
7077.970000 0.227010 0
7079.630000 0.235713 0
7081.290000 0.216948 0
7082.950000 0.217791 0
7084.610000 0.222357 0
7086.270000 0.223298 0
7087.930000 0.229553 0
7089.590000 0.229363 0
7091.250000 0.215264 0
7092.910000 0.222867 0
7094.570000 0.231423 0
7096.230000 0.212018 0
7097.890000 0.239072 0
7099.550000 0.239556 0
7101.210000 0.223721 0
7102.870000 0.216210 0
7104.530000 0.216734 0
7106.190000 0.228749 0
7107.850000 0.227039 0
7109.510000 0.215358 0
7111.170000 0.225979 0
7112.830000 0.219590 0
7114.490000 0.229926 0
7116.150000 0.222833 0
7117.810000 0.215955 0
7119.470000 0.218858 0
7121.130000 0.221611 0
7122.790000 0.230873 0
7124.450000 0.264658 0
7126.110000 0.272846 0
7127.770000 0.248632 0
7129.430000 0.243099 0
7131.090000 0.229658 0
7132.750000 0.231534 0
7134.410000 0.232509 0
7136.070000 0.224396 0
7137.730000 0.231915 0
7139.390000 0.226412 0
7141.050000 0.229416 0
7142.710000 0.231019 0
7144.370000 0.242393 0
7146.030000 0.226644 0
7147.690000 0.234127 0
7149.350000 0.236649 0
7151.010000 0.236791 0
7152.670000 0.238823 0
7154.330000 0.232616 0
7155.990000 0.229993 0
7157.650000 0.237044 0
7159.310000 0.245622 0
7160.970000 0.247852 0
7162.630000 0.238873 0
7164.290000 0.227878 0
7165.950000 0.219501 0
7167.610000 0.226650 0
7169.270000 0.226233 0
7170.930000 0.225880 0
7172.590000 0.228099 0
7174.250000 0.226244 0
7175.910000 0.228648 0
7177.570000 0.230398 0
7179.230000 0.232094 0
7180.890000 0.211636 0
7182.550000 0.221350 0
7184.210000 0.218476 0
7185.870000 0.219085 0
7187.530000 0.223974 0
7189.190000 0.220030 0
7190.850000 0.216378 0
7192.510000 0.218728 0
7194.170000 0.220491 0
7195.830000 0.224466 0
7197.490000 0.207984 0
7199.150000 0.217358 0
7200.810000 0.234101 0
7202.470000 0.231227 0
7204.130000 0.222215 0
7205.790000 0.226647 0
7207.450000 0.217951 0
7209.110000 0.193763 0
7210.770000 0.212420 0
7212.430000 0.219657 0
7214.090000 0.221589 0
7215.750000 0.211053 0
7217.410000 0.225202 0
7219.070000 0.223662 0
7220.730000 0.221800 0
7222.390000 0.232034 0
7224.050000 0.234570 0
7225.710000 0.208929 0
7227.370000 0.207269 0
7229.030000 0.220740 0
7230.690000 0.223818 0
7232.350000 0.212741 0
7234.010000 0.208735 0
7235.670000 0.203401 0
7237.330000 0.215522 0
7238.990000 0.243389 0
7240.650000 0.226086 0
7242.310000 0.233215 0
7243.970000 0.230137 0
7245.630000 0.238005 0
7247.290000 0.235162 0
7248.950000 0.226512 0
7250.610000 0.221471 0
7252.270000 0.220977 0
7253.930000 0.217423 0
7255.590000 0.233551 0
7257.250000 0.222056 0
7258.910000 0.225495 0
7260.570000 0.204214 0
7262.230000 0.221781 0
7263.890000 0.233305 0
7265.550000 0.211590 0
7267.210000 0.220704 0
7268.870000 0.221254 0
7270.530000 0.215201 0
7272.190000 0.221612 0
7273.850000 0.196076 0
7275.510000 0.207830 0
7277.170000 0.188830 0
7278.830000 0.201138 0
7280.490000 0.216266 0
7282.150000 0.236353 0
7283.810000 0.201346 0
7285.470000 0.244324 0
7287.130000 0.243739 0
7288.790000 0.197057 0
7290.450000 0.207227 0
7292.110000 0.230152 0
7293.770000 0.218755 0
7295.430000 0.229432 0
7297.090000 0.215084 0
7298.750000 0.237586 0
7300.410000 0.217659 0
7302.070000 0.211940 0
7303.730000 0.233078 0
7305.390000 0.215849 0
7307.050000 0.230338 0
7308.710000 0.199661 0
7310.370000 0.213815 0
7312.030000 0.220043 0
7313.690000 0.251394 0
7315.350000 0.252639 0
7317.010000 0.212800 0
7318.670000 0.221394 0
7320.330000 0.227356 0
7321.990000 0.234018 0
7323.650000 0.227526 0
7325.310000 0.226317 0
7326.970000 0.227066 0
7328.630000 0.266652 0
7330.290000 0.231942 0
7331.950000 0.229005 0
7333.610000 0.216425 0
7335.270000 0.222205 0
7336.930000 0.212604 0
7338.590000 0.223457 0
7340.250000 0.219799 0
7341.910000 0.213540 0
7343.570000 0.216106 0
7345.230000 0.235524 0
7346.890000 0.237479 0
7348.550000 0.223934 0
7350.210000 0.221334 0
7351.870000 0.225807 0
7353.530000 0.210552 0
7355.190000 0.236872 0
7356.850000 0.191622 0
7358.510000 0.233754 0
7360.170000 0.235974 0
7361.830000 0.233211 0
7363.490000 0.231172 0
7365.150000 0.235609 0
7366.810000 0.226206 0
7368.470000 0.202128 0
7370.130000 0.183479 0
7371.790000 0.193500 0
7373.450000 0.221984 0
7375.110000 0.228968 0
7376.770000 0.239990 0
7378.430000 0.224114 0
7380.090000 0.228276 0
7381.750000 0.215278 0
7383.410000 0.250899 0
7385.070000 0.229394 0
7386.730000 0.246411 0
7388.390000 0.245267 0
7390.050000 0.250754 0
7391.710000 0.244667 0
7393.370000 0.257752 0
7395.030000 0.232772 0
7396.690000 0.252951 0
7398.350000 0.216288 0
7400.010000 0.258726 0
7401.670000 0.202407 0
7403.330000 0.247528 0
7404.990000 0.235748 0
7406.650000 0.251228 0
7408.310000 0.238404 0
7409.970000 0.237630 0
7411.630000 0.245972 0
7413.290000 0.241249 0
7414.950000 0.220880 0
7416.610000 0.235738 0
7418.270000 0.241894 0
7419.930000 0.244220 0
7421.590000 0.243791 0
7423.250000 0.210482 0
7424.910000 0.252557 0
7426.570000 0.236622 0
7428.230000 0.219585 0
7429.890000 0.200700 0
7431.550000 0.246735 0
7433.210000 0.227677 0
7434.870000 0.236485 0
7436.530000 0.247419 0
7438.190000 0.224770 0
7439.850000 0.217539 0
7441.510000 0.239794 0
7443.170000 0.250091 0
7444.830000 0.225192 0
7446.490000 0.257056 0
7448.150000 0.263067 0
7449.810000 0.221152 0
7451.470000 0.254758 0
7453.130000 0.222551 0
7454.790000 0.228265 0
7456.450000 0.234823 0
7458.110000 0.228853 0
7459.770000 0.238978 0
7461.430000 0.189751 0
7463.090000 0.205458 0
7464.750000 0.205072 0
7466.410000 0.210604 0
7468.070000 0.209598 0
7469.730000 0.218926 0
7471.390000 0.248212 0
7473.050000 0.216763 0
7474.710000 0.234536 0
7476.370000 0.244217 0
7478.030000 0.249721 0
7479.690000 0.242981 0
7481.350000 0.234567 0
7483.010000 0.248156 0
7484.670000 0.263960 0
7486.330000 0.252577 0
7487.990000 0.219016 0
7489.650000 0.234001 0
7491.310000 0.247671 0
7492.970000 0.248892 0
7494.630000 0.248476 0
7496.290000 0.247775 0
7497.950000 0.247473 0
7499.610000 0.239734 0
7501.270000 0.235182 0
7502.930000 0.248698 0
7504.590000 0.238316 0
7506.250000 0.247398 0
7507.910000 0.244276 0
7509.570000 0.247297 0
7511.230000 0.258171 0
7512.890000 0.255118 0
7514.550000 0.249489 0
7516.210000 0.257911 0
7517.870000 0.243338 0
7519.530000 0.226795 0
7521.190000 0.249354 0
7522.850000 0.258788 0
7524.510000 0.258997 0
7526.170000 0.247736 0
7527.830000 0.226458 0
7529.490000 0.269548 0
7531.150000 0.226716 0
7532.810000 0.242749 0
7534.470000 0.250571 0
7536.130000 0.247533 0
7537.790000 0.251448 0
7539.450000 0.247850 0
7541.110000 0.264816 0
7542.770000 0.251050 0
7544.430000 0.239365 0
7546.090000 0.244701 0
7547.750000 0.241357 0
7549.410000 0.228844 0
7551.070000 0.233950 0
7552.730000 0.225907 0
7554.390000 0.236052 0
7556.050000 0.238854 0
7557.710000 0.247628 0
7559.370000 0.230457 0
7561.030000 0.251676 0
7562.690000 0.238531 0
7564.350000 0.238744 0
7566.010000 0.235444 0
7567.670000 0.222974 0
7569.330000 0.221807 0
7570.990000 0.212837 0
7572.650000 0.229694 0
7574.310000 0.222902 0
7575.970000 0.247141 0
7577.630000 0.243367 0
7579.290000 0.232196 0
7580.950000 0.233802 0
7582.610000 0.238643 0
7584.270000 0.205335 0
7585.930000 0.224115 0
7587.590000 0.223983 0
7589.250000 0.245025 0
7590.910000 0.245197 0
7592.570000 0.216818 0
7594.230000 0.230244 0
7595.890000 0.221692 0
7597.550000 0.217848 0
7599.210000 0.204872 0
7600.870000 0.191527 0
7602.530000 0.228774 0
7604.190000 0.221773 0
7605.850000 0.165045 0
7607.510000 0.189092 0
7609.170000 0.196245 0
7610.830000 0.180681 0
7612.490000 0.210322 0
7614.150000 0.215933 0
7615.810000 0.221381 0
7617.470000 0.267586 0
7619.130000 0.253772 0
7620.790000 0.230754 0
7622.450000 0.213771 0
7624.110000 0.230377 0
7625.770000 0.248164 0
7627.430000 0.255036 0
7629.090000 0.215475 0
7630.750000 0.227805 0
7632.410000 0.253508 0
7634.070000 0.227493 0
7635.730000 0.236683 0
7637.390000 0.225819 0
7639.050000 0.227806 0
7640.710000 0.207099 0
7642.370000 0.238750 0
7644.030000 0.252486 0
7645.690000 0.218117 0
7647.350000 0.219191 0
7649.010000 0.234598 0
7650.670000 0.243847 0
7652.330000 0.218326 0
7653.990000 0.251616 0
7655.650000 0.259330 0
7657.310000 0.228044 0
7658.970000 0.236230 0
7660.630000 0.223831 0
7662.290000 0.242454 0
7663.950000 0.226455 0
7665.610000 0.209680 0
7667.270000 0.243427 0
7668.930000 0.231429 0
7670.590000 0.219642 0
7672.250000 0.218686 0
7673.910000 0.245145 0
7675.570000 0.236653 0
7677.230000 0.221582 0
7678.890000 0.218714 0
7680.550000 0.223739 0
7682.210000 0.206750 0
7683.870000 0.213363 0
7685.530000 0.225725 0
7687.190000 0.236203 0
7688.850000 0.232702 0
7690.510000 0.237984 0
7692.170000 0.213776 0
7693.830000 0.223987 0
7695.490000 0.239298 0
7697.150000 0.239078 0
7698.810000 0.245627 0
7700.470000 0.235947 0
7702.130000 0.228735 0
7703.790000 0.220501 0
7705.450000 0.225213 0
7707.110000 0.222183 0
7708.770000 0.233830 0
7710.430000 0.233683 0
7712.090000 0.190209 0
7713.750000 0.216852 0
7715.410000 0.257703 0
7717.070000 0.248076 0
7718.730000 0.173579 0
7720.390000 0.194046 0
7722.050000 0.222223 0
7723.710000 0.222060 0
7725.370000 0.214891 0
7727.030000 0.217634 0
7728.690000 0.243492 0
7730.350000 0.240041 0
7732.010000 0.237417 0
7733.670000 0.218335 0
7735.330000 0.231806 0
7736.990000 0.222628 0
7738.650000 0.227167 0
7740.310000 0.228165 0
7741.970000 0.230056 0
7743.630000 0.226430 0
7745.290000 0.226460 0
7746.950000 0.245946 0
7748.610000 0.254578 0
7750.270000 0.262443 0
7751.930000 0.241698 0
7753.590000 0.232609 0
7755.250000 0.221647 0
7756.910000 0.247588 0
7758.570000 0.285818 0
7760.230000 0.249798 0
7761.890000 0.199556 0
7763.550000 0.218424 0
7765.210000 0.230450 0
7766.870000 0.223023 0
7768.530000 0.227027 0
7770.190000 0.222481 0
7771.850000 0.228141 0
7773.510000 0.221906 0
7775.170000 0.227048 0
7776.830000 0.233211 0
7778.490000 0.258852 0
7780.150000 0.250538 0
7781.810000 0.225433 0
7783.470000 0.234216 0
7785.130000 0.233935 0
7786.790000 0.226206 0
7788.450000 0.228150 0
7790.110000 0.258084 0
7791.770000 0.212710 0
7793.430000 0.220595 0
7795.090000 0.217001 0
7796.750000 0.248952 0
7798.410000 0.224462 0
7800.070000 0.255246 0
7801.730000 0.248052 0
7803.390000 0.232958 0
7805.050000 0.271933 0
7806.710000 0.243386 0
7808.370000 0.222328 0
7810.030000 0.221977 0
7811.690000 0.243137 0
7813.350000 0.244785 0
7815.010000 0.238371 0
7816.670000 0.229325 0
7818.330000 0.250645 0
7819.990000 0.274638 0
7821.650000 0.278404 0
7823.310000 0.251016 0
7824.970000 0.213903 0
7826.630000 0.243311 0
7828.290000 0.241621 0
7829.950000 0.240023 0
7831.610000 0.250178 0
7833.270000 0.237267 0
7834.930000 0.245441 0
7836.590000 0.240649 0
7838.250000 0.225824 0
7839.910000 0.201647 0
7841.570000 0.249584 0
7843.230000 0.243481 0
7844.890000 0.252796 0
7846.550000 0.253657 0
7848.210000 0.247618 0
7849.870000 0.271966 0
7851.530000 0.253110 0
7853.190000 0.255193 0
7854.850000 0.230143 0
7856.510000 0.246281 0
7858.170000 0.234671 0
7859.830000 0.241990 0
7861.490000 0.231191 0
7863.150000 0.235709 0
7864.810000 0.249452 0
7866.470000 0.260874 0
7868.130000 0.218773 0
7869.790000 0.220988 0
7871.450000 0.221033 0
7873.110000 0.216422 0
7874.770000 0.237447 0
7876.430000 0.241369 0
7878.090000 0.216814 0
7879.750000 0.229145 0
7881.410000 0.251382 0
7883.070000 0.231018 0
7884.730000 0.241046 0
7886.390000 0.249988 0
7888.050000 0.231252 0
7889.710000 0.225598 0
7891.370000 0.263142 0
7893.030000 0.259278 0
7894.690000 0.244864 0
7896.350000 0.237732 0
7898.010000 0.233080 0
7899.670000 0.230284 0
7901.330000 0.230632 0
7902.990000 0.221555 0
7904.650000 0.214883 0
7906.310000 0.217059 0
7907.970000 0.216153 0
7909.630000 0.224194 0
7911.290000 0.279573 0
7912.950000 0.204378 0
7914.610000 0.190775 0
7916.270000 0.214019 0
7917.930000 0.260178 0
7919.590000 0.221250 0
7921.250000 0.228450 0
7922.910000 0.217179 0
7924.570000 0.203821 0
7926.230000 0.221410 0
7927.890000 0.215514 0
7929.550000 0.211118 0
7931.210000 0.234296 0
7932.870000 0.219636 0
7934.530000 0.210821 0
7936.190000 0.233490 0
7937.850000 0.228481 0
7939.510000 0.210059 0
7941.170000 0.227890 0
7942.830000 0.227557 0
7944.490000 0.221169 0
7946.150000 0.223803 0
7947.810000 0.223658 0
7949.470000 0.216537 0
7951.130000 0.225622 0
7952.790000 0.200746 0
7954.450000 0.201864 0
7956.110000 0.194760 0
7957.770000 0.198202 0
7959.430000 0.210112 0
7961.090000 0.219944 0
7962.750000 0.209372 0
7964.410000 0.206315 0
7966.070000 0.201555 0
7967.730000 0.202009 0
7969.390000 0.215823 0
7971.050000 0.221903 0
7972.710000 0.229609 0
7974.370000 0.221795 0
7976.030000 0.206359 0
7977.690000 0.246186 0
7979.350000 0.203718 0
7981.010000 0.207143 0
7982.670000 0.235132 0
7984.330000 0.229100 0
7985.990000 0.215100 0
7987.650000 0.208932 0
7989.310000 0.216762 0
7990.970000 0.263616 0
7992.630000 0.213536 0
7994.290000 0.211030 0
7995.950000 0.179351 0
7997.610000 0.165032 0
7999.270000 0.214379 0
8000.930000 0.213366 0
8002.590000 0.213300 0
8004.250000 0.221567 0
8005.910000 0.220122 0
8007.570000 0.217627 0
8009.230000 0.226258 0
8010.890000 0.239685 0
8012.550000 0.229022 0
8014.210000 0.218923 0
8015.870000 0.212610 0
8017.530000 0.211590 0
8019.190000 0.206514 0
8020.850000 0.204750 0
8022.510000 0.227286 0
8024.170000 0.229047 0
8025.830000 0.217414 0
8027.490000 0.198769 0
8029.150000 0.216441 0
8030.810000 0.199602 0
8032.470000 0.198464 0
8034.130000 0.218482 0
8035.790000 0.223942 0
8037.450000 0.203809 0
8039.110000 0.215768 0
8040.770000 0.207246 0
8042.430000 0.207141 0
8044.090000 0.211150 0
8045.750000 0.213314 0
8047.410000 0.213619 0
8049.070000 0.214042 0
8050.730000 0.197459 0
8052.390000 0.214586 0
8054.050000 0.228590 0
8055.710000 0.201852 0
8057.370000 0.184348 0
8059.030000 0.206726 0
8060.690000 0.202392 0
8062.350000 0.208819 0
8064.010000 0.205032 0
8065.670000 0.224873 0
8067.330000 0.198793 0
8068.990000 0.200130 0
8070.650000 0.206108 0
8072.310000 0.211671 0
8073.970000 0.213875 0
8075.630000 0.221568 0
8077.290000 0.202884 0
8078.950000 0.202370 0
8080.610000 0.205772 0
8082.270000 0.226961 0
8083.930000 0.221890 0
8085.590000 0.204050 0
8087.250000 0.209074 0
8088.910000 0.179478 0
8090.570000 0.207738 0
8092.230000 0.229782 0
8093.890000 0.218651 0
8095.550000 0.216979 0
8097.210000 0.216004 0
8098.870000 0.219743 0
8100.530000 0.222275 0
8102.190000 0.213524 0
8103.850000 0.224468 0
8105.510000 0.233714 0
8107.170000 0.220267 0
8108.830000 0.227255 0
8110.490000 0.198143 0
8112.150000 0.228870 0
8113.810000 0.219345 0
8115.470000 0.203737 0
8117.130000 0.227121 0
8118.790000 0.229216 0
8120.450000 0.224164 0
8122.110000 0.221835 0
8123.770000 0.208071 0
8125.430000 0.210084 0
8127.090000 0.221855 0
8128.750000 0.221489 0
8130.410000 0.195558 0
8132.070000 0.212763 0
8133.730000 0.234105 0
8135.390000 0.223042 0
8137.050000 0.203261 0
8138.710000 0.219023 0
8140.370000 0.232780 0
8142.030000 0.202626 0
8143.690000 0.201346 0
8145.350000 0.196325 0
8147.010000 0.208023 0
8148.670000 0.221630 0
8150.330000 0.198274 0
8151.990000 0.189021 0
8153.650000 0.215710 0
8155.310000 0.200528 0
8156.970000 0.202532 0
8158.630000 0.222147 0
8160.290000 0.205492 0
8161.950000 0.205703 0
8163.610000 0.209838 0
8165.270000 0.210299 0
8166.930000 0.203422 0
8168.590000 0.203010 0
8170.250000 0.215498 0
8171.910000 0.200609 0
8173.570000 0.206318 0
8175.230000 0.213786 0
8176.890000 0.180265 0
8178.550000 0.190038 0
8180.210000 0.190832 0
8181.870000 0.209119 0
8183.530000 0.200282 0
8185.190000 0.195148 0
8186.850000 0.208700 0
8188.510000 0.203154 0
8190.170000 0.205813 0
8191.830000 0.201606 0
8193.490000 0.218124 0
8195.150000 0.216350 0
8196.810000 0.186350 0
8198.470000 0.174130 0
8200.130000 0.201227 0
8201.790000 0.200794 0
8203.450000 0.198497 0
8205.110000 0.206450 0
8206.770000 0.203864 0
8208.430000 0.199443 0
8210.090000 0.180225 0
8211.750000 0.188325 0
8213.410000 0.209702 0
8215.070000 0.217470 0
8216.730000 0.219353 0
8218.390000 0.211498 0
8220.050000 0.196684 0
8221.710000 0.196751 0
8223.370000 0.216235 0
8225.030000 0.188395 0
8226.690000 0.183913 0
8228.350000 0.185717 0
8230.010000 0.198910 0
8231.670000 0.213295 0
8233.330000 0.217786 0
8234.990000 0.197602 0
8236.650000 0.199784 0
8238.310000 0.219094 0
8239.970000 0.204789 0
8241.630000 0.207273 0
8243.290000 0.211273 0
8244.950000 0.205180 0
8246.610000 0.181263 0
8248.270000 0.205344 0
8249.930000 0.210136 0
8251.590000 0.196092 0
8253.250000 0.187330 0
8254.910000 0.208761 0
8256.570000 0.198461 0
8258.230000 0.204272 0
8259.890000 0.214773 0
8261.550000 0.191402 0
8263.210000 0.198857 0
8264.870000 0.198461 0
8266.530000 0.193686 0
8268.190000 0.221101 0
8269.850000 0.214494 0
8271.510000 0.207544 0
8273.170000 0.214260 0
8274.830000 0.191037 0
8276.490000 0.196590 0
8278.150000 0.203003 0
8279.810000 0.214345 0
8281.470000 0.233226 0
8283.130000 0.178207 0
8284.790000 0.223755 0
8286.450000 0.233129 0
8288.110000 0.195254 0
8289.770000 0.198152 0
8291.430000 0.182460 0
8293.090000 0.188500 0
8294.750000 0.216186 0
8296.410000 0.241669 0
8298.070000 0.206934 0
8299.730000 0.186868 0
8301.390000 0.180637 0
8303.050000 0.180515 0
8304.710000 0.217211 0
8306.370000 0.216427 0
8308.030000 0.188781 0
8309.690000 0.212648 0
8311.350000 0.218469 0
8313.010000 0.201208 0
8314.670000 0.208356 0
8316.330000 0.214717 0
8317.990000 0.211327 0
8319.650000 0.205825 0
8321.310000 0.210500 0
8322.970000 0.199312 0
8324.630000 0.203462 0
8326.290000 0.204281 0
8327.950000 0.212130 0
8329.610000 0.190147 0
8331.270000 0.174316 0
8332.930000 0.204396 0
8334.590000 0.204280 0
8336.250000 0.224995 0
8337.910000 0.229123 0
8339.570000 0.197589 0
8341.230000 0.246480 0
8342.890000 0.263904 0
8344.550000 0.191546 0
8346.210000 0.151154 0
8347.870000 0.178296 0
8349.530000 0.217788 0
8351.190000 0.202726 0
8352.850000 0.187690 0
8354.510000 0.185610 0
8356.170000 0.200938 0
8357.830000 0.207665 0
8359.490000 0.206542 0
8361.150000 0.203054 0
8362.810000 0.208668 0
8364.470000 0.227466 0
8366.130000 0.214104 0
8367.790000 0.191010 0
8369.450000 0.186333 0
8371.110000 0.192216 0
8372.770000 0.193177 0
8374.430000 0.191247 0
8376.090000 0.192460 0
8377.750000 0.196244 0
8379.410000 0.199299 0
8381.070000 0.243034 0
8382.730000 0.148726 1
8384.390000 0.000000 1
8386.050000 0.000000 1
8387.710000 0.000000 1
8389.370000 0.000000 1
8391.030000 0.000000 1
8392.690000 0.000000 1
8394.350000 0.000000 1
8396.010000 0.000000 1
8397.670000 0.000000 1
8399.330000 0.000000 1
8400.990000 0.000000 1
8402.650000 0.000000 1
8404.310000 0.000000 1
8405.970000 0.000000 1
8407.630000 0.000000 1
8409.290000 0.000000 1
8410.950000 0.000000 1
8412.610000 0.000000 1
8414.270000 0.000000 1
8415.930000 0.000000 1
8417.590000 0.000000 1
8419.250000 0.000000 1
8420.910000 0.000000 1
8422.570000 0.000000 1
8424.230000 0.000000 1
8425.890000 0.000000 1
8427.550000 0.000000 1
8429.210000 0.000000 1
8430.870000 0.000000 1
8432.530000 0.000000 1
8434.190000 0.000000 1
8435.850000 0.000000 1
8437.510000 0.000000 1
8439.170000 0.000000 1
8440.830000 0.000000 1
8442.490000 0.000000 1
8444.150000 0.000000 1
8445.810000 0.000000 1
8447.470000 0.000000 1
8449.130000 0.000000 1
8450.790000 0.000000 1
8452.450000 0.000000 1
8454.110000 0.000000 1
8455.770000 0.000000 1
8457.430000 0.000000 1
8459.090000 0.000000 1
8460.750000 0.000000 1
8462.410000 0.000000 1
8464.070000 0.000000 1
8465.730000 0.000000 1
8467.390000 0.000000 1
8469.050000 0.000000 1
8470.710000 0.000000 1
8472.370000 0.000000 1
8474.030000 0.000000 1
8475.690000 0.000000 1
8477.350000 0.000000 1
