# obs: 255726
# slit: 36
# z: 0.62839
# lines: K,H,4000{AA}-break,G
# spec: 528
5120.830000 0.000000 1
5122.490000 0.000000 1
5124.150000 0.000000 1
5125.810000 0.000000 1
5127.470000 0.000000 1
5129.130000 0.000000 1
5130.790000 0.000000 1
5132.450000 0.000000 1
5134.110000 0.000000 1
5135.770000 0.000000 1
5137.430000 0.000000 1
5139.090000 0.000000 1
5140.750000 0.000000 1
5142.410000 0.000000 1
5144.070000 0.000000 1
5145.730000 0.000000 1
5147.390000 0.000000 1
5149.050000 0.000000 1
5150.710000 0.000000 1
5152.370000 0.000000 1
5154.030000 0.000000 1
5155.690000 0.000000 1
5157.350000 0.000000 1
5159.010000 0.000000 1
5160.670000 0.000000 1
5162.330000 0.000000 1
5163.990000 0.000000 1
5165.650000 0.000000 1
5167.310000 0.000000 1
5168.970000 0.000000 1
5170.630000 0.000000 1
5172.290000 0.000000 1
5173.950000 0.000000 1
5175.610000 0.000000 1
5177.270000 0.000000 1
5178.930000 0.000000 1
5180.590000 0.000000 1
5182.250000 0.000000 1
5183.910000 0.000000 1
5185.570000 0.000000 1
5187.230000 0.000000 1
5188.890000 0.027381 0
5190.550000 0.017757 0
5192.210000 0.015058 0
5193.870000 0.021157 0
5195.530000 0.036562 0
5197.190000 0.040517 0
5198.850000 0.017844 0
5200.510000 -0.005441 0
5202.170000 0.033283 0
5203.830000 0.026309 0
5205.490000 -0.009309 0
5207.150000 0.016730 0
5208.810000 0.010442 0
5210.470000 0.007804 0
5212.130000 0.018446 0
5213.790000 0.001957 0
5215.450000 0.028101 0
5217.110000 0.022188 0
5218.770000 0.020863 0
5220.430000 0.054897 0
5222.090000 0.044121 0
5223.750000 0.022817 0
5225.410000 0.017765 0
5227.070000 -0.002661 0
5228.730000 -0.002136 0
5230.390000 0.000693 0
5232.050000 0.012590 0
5233.710000 0.019218 0
5235.370000 0.020987 0
5237.030000 0.015813 0
5238.690000 0.029240 0
5240.350000 0.014848 0
5242.010000 0.016825 0
5243.670000 0.017061 0
5245.330000 0.037286 0
5246.990000 0.029490 0
5248.650000 0.016853 0
5250.310000 0.030684 0
5251.970000 0.007645 0
5253.630000 0.023088 0
5255.290000 0.017159 0
5256.950000 0.012658 0
5258.610000 0.029828 0
5260.270000 0.013980 0
5261.930000 0.016309 0
5263.590000 0.006943 0
5265.250000 0.009823 0
5266.910000 0.025103 0
5268.570000 0.005084 0
5270.230000 0.004121 0
5271.890000 0.029304 0
5273.550000 0.020084 0
5275.210000 0.003548 0
5276.870000 0.013615 0
5278.530000 0.029281 0
5280.190000 0.039769 0
5281.850000 -0.010925 0
5283.510000 0.007815 0
5285.170000 0.004647 0
5286.830000 -0.016598 0
5288.490000 -0.011599 0
5290.150000 0.014836 0
5291.810000 -0.005523 0
5293.470000 0.024783 0
5295.130000 0.020149 0
5296.790000 0.014037 0
5298.450000 -0.000212 0
5300.110000 0.031893 0
5301.770000 0.029141 0
5303.430000 0.001441 0
5305.090000 0.025852 0
5306.750000 0.031474 0
5308.410000 0.016603 0
5310.070000 0.043973 0
5311.730000 0.011952 0
5313.390000 0.018314 0
5315.050000 0.021022 0
5316.710000 0.005014 0
5318.370000 0.017999 0
5320.030000 0.023615 0
5321.690000 0.013351 0
5323.350000 0.001174 0
5325.010000 0.025408 0
5326.670000 0.014705 0
5328.330000 0.028166 0
5329.990000 0.030354 0
5331.650000 0.013161 0
5333.310000 0.021060 0
5334.970000 0.025648 0
5336.630000 0.007094 0
5338.290000 0.004585 0
5339.950000 0.027386 0
5341.610000 0.015694 0
5343.270000 0.018892 0
5344.930000 0.004095 0
5346.590000 0.025154 0
5348.250000 0.033766 0
5349.910000 0.027519 0
5351.570000 0.006133 0
5353.230000 0.016883 0
5354.890000 0.000398 0
5356.550000 0.027935 0
5358.210000 -0.001861 0
5359.870000 0.033540 0
5361.530000 0.011945 0
5363.190000 0.016105 0
5364.850000 0.015448 0
5366.510000 0.015165 0
5368.170000 0.044899 0
5369.830000 0.034889 0
5371.490000 0.017607 0
5373.150000 0.031404 0
5374.810000 0.022847 0
5376.470000 0.005145 0
5378.130000 0.012845 0
5379.790000 0.031950 0
5381.450000 0.036499 0
5383.110000 0.008363 0
5384.770000 0.017807 0
5386.430000 0.016925 0
5388.090000 0.027657 0
5389.750000 0.051908 0
5391.410000 0.026378 0
5393.070000 0.027673 0
5394.730000 0.014509 0
5396.390000 0.012635 0
5398.050000 0.013779 0
5399.710000 0.016973 0
5401.370000 0.011857 0
5403.030000 0.025196 0
5404.690000 -0.007090 0
5406.350000 0.018787 0
5408.010000 0.035950 0
5409.670000 0.023427 0
5411.330000 0.008408 0
5412.990000 0.036865 0
5414.650000 0.006036 0
5416.310000 0.024744 0
5417.970000 0.041951 0
5419.630000 0.042504 0
5421.290000 0.003633 0
5422.950000 0.024061 0
5424.610000 0.013851 0
5426.270000 0.017239 0
5427.930000 0.019003 0
5429.590000 0.033079 0
5431.250000 0.026933 0
5432.910000 0.020251 0
5434.570000 0.033351 0
5436.230000 0.026864 0
5437.890000 0.018865 0
5439.550000 0.028501 0
5441.210000 0.027313 0
5442.870000 0.029115 0
5444.530000 0.031241 0
5446.190000 0.012817 0
5447.850000 0.039453 0
5449.510000 0.027005 0
5451.170000 0.030833 0
5452.830000 0.018358 0
5454.490000 0.025729 0
5456.150000 0.013821 0
5457.810000 0.012064 0
5459.470000 0.020535 0
5461.130000 0.016838 0
5462.790000 0.026254 0
5464.450000 0.011790 0
5466.110000 0.019258 0
5467.770000 0.024102 0
5469.430000 0.016989 0
5471.090000 0.051411 0
5472.750000 0.015059 0
5474.410000 0.023041 0
5476.070000 0.035268 0
5477.730000 0.026221 0
5479.390000 0.001626 0
5481.050000 0.018984 0
5482.710000 0.027087 0
5484.370000 0.023461 0
5486.030000 0.013488 0
5487.690000 0.019367 0
5489.350000 0.036751 0
5491.010000 0.043583 0
5492.670000 0.024150 0
5494.330000 0.021942 0
5495.990000 0.018376 0
5497.650000 0.016679 0
5499.310000 0.035555 0
5500.970000 0.018575 0
5502.630000 0.020638 0
5504.290000 0.013687 0
5505.950000 0.024554 0
5507.610000 0.031948 0
5509.270000 0.020252 0
5510.930000 0.014540 0
5512.590000 0.020931 0
5514.250000 0.021636 0
5515.910000 0.033097 0
5517.570000 0.034868 0
5519.230000 0.027673 0
5520.890000 0.013787 0
5522.550000 0.032736 0
5524.210000 0.018742 0
5525.870000 0.029318 0
5527.530000 0.021122 0
5529.190000 0.028428 0
5530.850000 0.005550 0
5532.510000 0.025501 0
5534.170000 0.027964 0
5535.830000 0.004479 0
5537.490000 0.017657 0
5539.150000 0.015370 0
5540.810000 0.012483 0
5542.470000 0.037163 0
5544.130000 0.004363 0
5545.790000 0.026818 0
5547.450000 0.047846 0
5549.110000 0.021678 0
5550.770000 0.018187 0
5552.430000 0.037611 0
5554.090000 -0.004123 0
5555.750000 0.003831 0
5557.410000 0.013675 0
5559.070000 0.040367 0
5560.730000 0.036279 0
5562.390000 -0.000849 0
5564.050000 0.008771 0
5565.710000 0.031961 0
5567.370000 0.018524 0
5569.030000 0.015681 0
5570.690000 0.028453 1
5572.350000 0.022344 1
5574.010000 0.143811 1
5575.670000 0.212597 1
5577.330000 0.171504 1
5578.990000 -0.254223 1
5580.650000 -0.272877 1
5582.310000 -0.017008 1
5583.970000 0.028573 1
5585.630000 0.016540 0
5587.290000 0.018030 0
5588.950000 0.028910 0
5590.610000 0.009690 0
5592.270000 0.019020 0
5593.930000 0.021017 0
5595.590000 0.032856 0
5597.250000 0.034599 0
5598.910000 0.014763 0
5600.570000 0.022933 0
5602.230000 0.023680 0
5603.890000 0.001954 0
5605.550000 0.030697 0
5607.210000 0.004763 0
5608.870000 0.037276 0
5610.530000 0.028794 0
5612.190000 0.016337 0
5613.850000 0.026411 0
5615.510000 0.039388 0
5617.170000 0.033249 0
5618.830000 0.015278 0
5620.490000 0.020247 0
5622.150000 0.027005 0
5623.810000 0.032763 0
5625.470000 0.021354 0
5627.130000 0.033241 0
5628.790000 0.011629 0
5630.450000 0.013251 0
5632.110000 0.006766 0
5633.770000 0.010771 0
5635.430000 0.019648 0
5637.090000 0.006595 0
5638.750000 0.000748 0
5640.410000 0.015814 0
5642.070000 0.009545 0
5643.730000 0.013258 0
5645.390000 0.026218 0
5647.050000 0.014351 0
5648.710000 0.019383 0
5650.370000 0.023974 0
5652.030000 0.016298 0
5653.690000 0.020634 0
5655.350000 0.002986 0
5657.010000 0.015171 0
5658.670000 0.018376 0
5660.330000 0.025213 0
5661.990000 0.017372 0
5663.650000 0.027091 0
5665.310000 0.017267 0
5666.970000 0.022752 0
5668.630000 0.024165 0
5670.290000 0.014986 0
5671.950000 0.017562 0
5673.610000 0.026340 0
5675.270000 0.016795 0
5676.930000 0.015267 0
5678.590000 0.022939 0
5680.250000 0.020433 0
5681.910000 0.025515 0
5683.570000 0.030770 0
5685.230000 0.026429 0
5686.890000 0.012201 0
5688.550000 0.003861 0
5690.210000 0.017855 0
5691.870000 0.017415 0
5693.530000 0.039036 0
5695.190000 0.023450 0
5696.850000 0.030371 0
5698.510000 0.025113 0
5700.170000 0.019019 0
5701.830000 0.020497 0
5703.490000 0.035272 0
5705.150000 0.015297 0
5706.810000 0.029021 0
5708.470000 0.034513 0
5710.130000 0.023173 0
5711.790000 0.032837 0
5713.450000 0.021602 0
5715.110000 0.021887 0
5716.770000 0.026609 0
5718.430000 0.024873 0
5720.090000 0.021578 0
5721.750000 0.003315 0
5723.410000 0.044047 0
5725.070000 0.001054 0
5726.730000 -0.005894 0
5728.390000 0.028016 0
5730.050000 0.017913 0
5731.710000 0.018072 0
5733.370000 0.020846 0
5735.030000 0.022697 0
5736.690000 0.023828 0
5738.350000 0.003519 0
5740.010000 0.034645 0
5741.670000 0.032498 0
5743.330000 0.002374 0
5744.990000 0.026927 0
5746.650000 0.020443 0
5748.310000 0.004222 0
5749.970000 0.026368 0
5751.630000 0.039728 0
5753.290000 0.029582 0
5754.950000 0.031187 0
5756.610000 0.021705 0
5758.270000 0.012322 0
5759.930000 0.030568 0
5761.590000 0.015500 0
5763.250000 0.015198 0
5764.910000 0.022404 0
5766.570000 0.024431 0
5768.230000 0.031901 0
5769.890000 0.032840 0
5771.550000 0.024148 0
5773.210000 0.010112 0
5774.870000 0.045729 0
5776.530000 0.034118 0
5778.190000 0.029134 0
5779.850000 0.024732 0
5781.510000 0.017422 0
5783.170000 0.032421 0
5784.830000 0.018346 0
5786.490000 0.020560 0
5788.150000 0.002804 0
5789.810000 0.027711 0
5791.470000 0.031057 0
5793.130000 0.035222 0
5794.790000 0.029473 0
5796.450000 0.044104 0
5798.110000 0.021219 0
5799.770000 0.012425 0
5801.430000 0.029814 0
5803.090000 0.001665 0
5804.750000 0.009295 0
5806.410000 0.026077 0
5808.070000 0.025149 0
5809.730000 0.013029 0
5811.390000 0.028516 0
5813.050000 0.010789 0
5814.710000 0.014502 0
5816.370000 0.022124 0
5818.030000 0.021282 0
5819.690000 0.011760 0
5821.350000 0.019787 0
5823.010000 0.019993 0
5824.670000 0.011253 0
5826.330000 -0.002052 0
5827.990000 0.022251 0
5829.650000 0.022644 0
5831.310000 0.007070 0
5832.970000 0.010623 0
5834.630000 0.023696 0
5836.290000 0.031077 0
5837.950000 0.032648 0
5839.610000 0.011150 0
5841.270000 0.016578 0
5842.930000 0.021161 0
5844.590000 0.009409 0
5846.250000 0.019014 0
5847.910000 0.018209 0
5849.570000 0.037219 0
5851.230000 0.034158 0
5852.890000 0.044751 0
5854.550000 0.021123 0
5856.210000 0.012524 0
5857.870000 0.030804 0
5859.530000 0.037235 0
5861.190000 0.031989 0
5862.850000 0.029068 0
5864.510000 0.035517 0
5866.170000 0.023378 0
5867.830000 0.020901 0
5869.490000 0.036553 0
5871.150000 0.018711 0
5872.810000 0.012657 0
5874.470000 0.003842 0
5876.130000 0.018784 0
5877.790000 0.010370 0
5879.450000 0.021675 0
5881.110000 0.014035 0
5882.770000 0.039595 0
5884.430000 0.009466 0
5886.090000 0.022623 0
5887.750000 0.057044 0
5889.410000 0.010667 0
5891.070000 0.071444 0
5892.730000 -0.003589 0
5894.390000 0.031822 0
5896.050000 0.043390 0
5897.710000 -0.021169 0
5899.370000 -0.000099 0
5901.030000 0.019224 0
5902.690000 0.016051 0
5904.350000 0.025814 0
5906.010000 0.032751 0
5907.670000 0.014070 0
5909.330000 0.020506 0
5910.990000 0.028038 0
5912.650000 0.042282 0
5914.310000 0.018566 0
5915.970000 0.021904 0
5917.630000 0.013978 0
5919.290000 0.030735 0
5920.950000 0.034790 0
5922.610000 0.029776 0
5924.270000 0.038279 0
5925.930000 0.031264 0
5927.590000 0.029114 0
5929.250000 0.037953 0
5930.910000 0.024475 0
5932.570000 0.024782 0
5934.230000 0.028981 0
5935.890000 0.013601 0
5937.550000 0.012977 0
5939.210000 0.023085 0
5940.870000 0.022898 0
5942.530000 0.043008 0
5944.190000 0.037205 0
5945.850000 0.020985 0
5947.510000 0.024661 0
5949.170000 0.022107 0
5950.830000 0.019083 0
5952.490000 0.029422 0
5954.150000 0.037498 0
5955.810000 0.030361 0
5957.470000 0.049065 0
5959.130000 0.062705 0
5960.790000 0.030201 0
5962.450000 0.036489 0
5964.110000 0.024147 0
5965.770000 0.022443 0
5967.430000 0.048494 0
5969.090000 0.024530 0
5970.750000 0.030179 0
5972.410000 0.032848 0
5974.070000 0.040192 0
5975.730000 0.042560 0
5977.390000 0.040072 0
5979.050000 0.029277 0
5980.710000 0.026374 0
5982.370000 0.016172 0
5984.030000 0.032356 0
5985.690000 0.020299 0
5987.350000 0.024595 0
5989.010000 0.032735 0
5990.670000 0.033463 0
5992.330000 0.041762 0
5993.990000 0.028843 0
5995.650000 0.029826 0
5997.310000 0.028695 0
5998.970000 0.031718 0
6000.630000 0.033857 0
6002.290000 0.029345 0
6003.950000 0.026049 0
6005.610000 0.035863 0
6007.270000 0.030493 0
6008.930000 0.026087 0
6010.590000 0.036059 0
6012.250000 0.020779 0
6013.910000 0.040144 0
6015.570000 0.040177 0
6017.230000 0.037871 0
6018.890000 0.022523 0
6020.550000 0.026903 0
6022.210000 0.029258 0
6023.870000 0.042668 0
6025.530000 0.033234 0
6027.190000 0.039655 0
6028.850000 0.040319 0
6030.510000 0.035762 0
6032.170000 0.022492 0
6033.830000 0.034762 0
6035.490000 0.033550 0
6037.150000 0.020933 0
6038.810000 0.033123 0
6040.470000 0.033903 0
6042.130000 0.034984 0
6043.790000 0.019896 0
6045.450000 0.019909 0
6047.110000 0.026425 0
6048.770000 0.026486 0
6050.430000 0.025006 0
6052.090000 0.044107 0
6053.750000 0.030744 0
6055.410000 0.039363 0
6057.070000 0.026550 0
6058.730000 0.047697 0
6060.390000 0.026936 0
6062.050000 0.023680 0
6063.710000 0.039460 0
6065.370000 0.046004 0
6067.030000 0.031553 0
6068.690000 0.026173 0
6070.350000 0.039071 0
6072.010000 0.050238 0
6073.670000 0.024100 0
6075.330000 0.027621 0
6076.990000 0.033283 0
6078.650000 0.025666 0
6080.310000 0.023208 0
6081.970000 0.031585 0
6083.630000 0.024609 0
6085.290000 0.010477 0
6086.950000 0.023913 0
6088.610000 0.024528 0
6090.270000 0.017494 0
6091.930000 0.018713 0
6093.590000 0.030776 0
6095.250000 0.032237 0
6096.910000 0.037396 0
6098.570000 0.025914 0
6100.230000 0.024381 0
6101.890000 0.028388 0
6103.550000 0.024478 0
6105.210000 0.018770 0
6106.870000 0.027244 0
6108.530000 0.032251 0
6110.190000 0.026208 0
6111.850000 0.027773 0
6113.510000 0.025242 0
6115.170000 0.035844 0
6116.830000 0.034334 0
6118.490000 0.017778 0
6120.150000 0.029319 0
6121.810000 0.025307 0
6123.470000 0.017540 0
6125.130000 0.037375 0
6126.790000 0.031604 0
6128.450000 0.033424 0
6130.110000 0.038075 0
6131.770000 0.027070 0
6133.430000 0.035059 0
6135.090000 0.042627 0
6136.750000 0.034528 0
6138.410000 0.027093 0
6140.070000 0.027740 0
6141.730000 0.030230 0
6143.390000 0.030458 0
6145.050000 0.027879 0
6146.710000 0.031326 0
6148.370000 0.006244 0
6150.030000 0.032509 0
6151.690000 0.044194 0
6153.350000 0.033281 0
6155.010000 0.044162 0
6156.670000 0.042596 0
6158.330000 0.022953 0
6159.990000 0.031613 0
6161.650000 0.052686 0
6163.310000 0.035912 0
6164.970000 0.028128 0
6166.630000 0.041546 0
6168.290000 0.027878 0
6169.950000 0.036727 0
6171.610000 0.017874 0
6173.270000 0.016202 0
6174.930000 0.030854 0
6176.590000 0.028953 0
6178.250000 0.035356 0
6179.910000 0.022179 0
6181.570000 0.026649 0
6183.230000 0.026077 0
6184.890000 0.031575 0
6186.550000 0.028150 0
6188.210000 0.035283 0
6189.870000 0.027126 0
6191.530000 0.027292 0
6193.190000 0.038874 0
6194.850000 0.015961 0
6196.510000 0.030923 0
6198.170000 0.029727 0
6199.830000 0.033452 0
6201.490000 0.023159 0
6203.150000 0.010062 0
6204.810000 0.015915 0
6206.470000 0.038478 0
6208.130000 0.024970 0
6209.790000 0.034522 0
6211.450000 0.016875 0
6213.110000 0.026213 0
6214.770000 0.030721 0
6216.430000 0.030416 0
6218.090000 0.021921 0
6219.750000 0.025173 0
6221.410000 0.031718 0
6223.070000 0.033665 0
6224.730000 0.023623 0
6226.390000 0.022504 0
6228.050000 0.011627 0
6229.710000 0.022956 0
6231.370000 0.022878 0
6233.030000 0.029211 0
6234.690000 0.024341 0
6236.350000 0.033057 0
6238.010000 0.012107 0
6239.670000 0.016246 0
6241.330000 0.029702 0
6242.990000 0.020867 0
6244.650000 0.017622 0
6246.310000 0.032969 0
6247.970000 0.016270 0
6249.630000 0.008211 0
6251.290000 0.017873 0
6252.950000 0.032318 0
6254.610000 0.032957 0
6256.270000 0.033399 0
6257.930000 0.022234 0
6259.590000 -0.000975 0
6261.250000 0.013935 0
6262.910000 0.034533 0
6264.570000 0.027298 0
6266.230000 0.018145 0
6267.890000 0.023648 0
6269.550000 0.038368 0
6271.210000 0.022344 0
6272.870000 0.031783 0
6274.530000 0.037838 0
6276.190000 0.017489 0
6277.850000 0.025837 0
6279.510000 0.019745 0
6281.170000 0.033201 0
6282.830000 0.033005 0
6284.490000 0.028160 0
6286.150000 0.020312 0
6287.810000 0.008753 0
6289.470000 0.019527 0
6291.130000 0.030196 0
6292.790000 0.021904 0
6294.450000 0.025822 0
6296.110000 0.025925 0
6297.770000 0.032553 0
6299.430000 0.014225 0
6301.090000 0.005033 0
6302.750000 0.004845 0
6304.410000 0.011058 0
6306.070000 0.004191 0
6307.730000 0.010710 0
6309.390000 0.034643 0
6311.050000 0.021401 0
6312.710000 0.024717 0
6314.370000 0.031611 0
6316.030000 0.022491 0
6317.690000 0.018567 0
6319.350000 0.026483 0
6321.010000 0.025213 0
6322.670000 0.024975 0
6324.330000 0.032406 0
6325.990000 0.031969 0
6327.650000 0.043407 0
6329.310000 0.016146 0
6330.970000 0.027142 0
6332.630000 0.018245 0
6334.290000 0.019910 0
6335.950000 0.023588 0
6337.610000 0.028156 0
6339.270000 0.025203 0
6340.930000 0.028276 0
6342.590000 0.025624 0
6344.250000 0.027170 0
6345.910000 0.045820 0
6347.570000 0.042939 0
6349.230000 0.041322 0
6350.890000 0.037139 0
6352.550000 0.031967 0
6354.210000 0.035913 0
6355.870000 0.031305 0
6357.530000 0.021758 0
6359.190000 0.036790 0
6360.850000 0.041383 0
6362.510000 0.041204 0
6364.170000 0.021237 0
6365.830000 0.018906 0
6367.490000 0.033360 0
6369.150000 0.025596 0
6370.810000 0.039452 0
6372.470000 0.045624 0
6374.130000 0.035966 0
6375.790000 0.044201 0
6377.450000 0.042210 0
6379.110000 0.044598 0
6380.770000 0.022384 0
6382.430000 0.024678 0
6384.090000 0.037610 0
6385.750000 0.035708 0
6387.410000 0.018978 0
6389.070000 0.030588 0
6390.730000 0.037673 0
6392.390000 0.043792 0
6394.050000 0.027279 0
6395.710000 0.030145 0
6397.370000 0.022009 0
6399.030000 0.015676 0
6400.690000 0.018092 0
6402.350000 0.018602 0
6404.010000 0.009682 0
6405.670000 0.012965 0
6407.330000 0.024360 0
6408.990000 0.017390 0
6410.650000 0.023408 0
6412.310000 0.020430 0
6413.970000 0.005446 0
6415.630000 0.018411 0
6417.290000 0.025036 0
6418.950000 0.030718 0
6420.610000 0.033364 0
6422.270000 0.025763 0
6423.930000 0.027854 0
6425.590000 0.040923 0
6427.250000 0.025472 0
6428.910000 0.027543 0
6430.570000 0.035685 0
6432.230000 0.036013 0
6433.890000 0.038458 0
6435.550000 0.028780 0
6437.210000 0.036008 0
6438.870000 0.037787 0
6440.530000 0.032884 0
6442.190000 0.047167 0
6443.850000 0.032786 0
6445.510000 0.041599 0
6447.170000 0.030975 0
6448.830000 0.035730 0
6450.490000 0.044891 0
6452.150000 0.041867 0
6453.810000 0.037950 0
6455.470000 0.031414 0
6457.130000 0.014791 0
6458.790000 0.018123 0
6460.450000 0.012157 0
6462.110000 0.016918 0
6463.770000 0.020947 0
6465.430000 0.009574 0
6467.090000 0.018151 0
6468.750000 0.021971 0
6470.410000 0.022459 0
6472.070000 0.020884 0
6473.730000 0.027582 0
6475.390000 0.035800 0
6477.050000 0.039788 0
6478.710000 0.056186 0
6480.370000 0.049210 0
6482.030000 0.046975 0
6483.690000 0.029726 0
6485.350000 0.045135 0
6487.010000 0.045499 0
6488.670000 0.046573 0
6490.330000 0.041341 0
6491.990000 0.035298 0
6493.650000 0.038227 0
6495.310000 0.047697 0
6496.970000 0.051573 0
6498.630000 0.048194 0
6500.290000 0.046055 0
6501.950000 0.048267 0
6503.610000 0.055306 0
6505.270000 0.047404 0
6506.930000 0.043501 0
6508.590000 0.063029 0
6510.250000 0.048061 0
6511.910000 0.041322 0
6513.570000 0.054260 0
6515.230000 0.047004 0
6516.890000 0.047026 0
6518.550000 0.045826 0
6520.210000 0.057146 0
6521.870000 0.045228 0
6523.530000 0.043147 0
6525.190000 0.052910 0
6526.850000 0.062402 0
6528.510000 0.053785 0
6530.170000 0.061926 0
6531.830000 0.046120 0
6533.490000 0.042899 0
6535.150000 0.047679 0
6536.810000 0.037558 0
6538.470000 0.048417 0
6540.130000 0.053779 0
6541.790000 0.056557 0
6543.450000 0.063680 0
6545.110000 0.049126 0
6546.770000 0.057798 0
6548.430000 0.051859 0
6550.090000 0.057346 0
6551.750000 0.057019 0
6553.410000 0.057778 0
6555.070000 0.054881 0
6556.730000 0.057400 0
6558.390000 0.056131 0
6560.050000 0.056716 0
6561.710000 0.057608 0
6563.370000 0.058360 0
6565.030000 0.047194 0
6566.690000 0.057884 0
6568.350000 0.057832 0
6570.010000 0.034956 0
6571.670000 0.053902 0
6573.330000 0.049122 0
6574.990000 0.055217 0
6576.650000 0.063233 0
6578.310000 0.034383 0
6579.970000 0.036522 0
6581.630000 0.055876 0
6583.290000 0.056585 0
6584.950000 0.058353 0
6586.610000 0.053895 0
6588.270000 0.053493 0
6589.930000 0.046389 0
6591.590000 0.045870 0
6593.250000 0.041117 0
6594.910000 0.053268 0
6596.570000 0.051981 0
6598.230000 0.051879 0
6599.890000 0.061862 0
6601.550000 0.057213 0
6603.210000 0.052723 0
6604.870000 0.047113 0
6606.530000 0.046991 0
6608.190000 0.046991 0
6609.850000 0.054809 0
6611.510000 0.047628 0
6613.170000 0.051525 0
6614.830000 0.059230 0
6616.490000 0.054281 0
6618.150000 0.056295 0
6619.810000 0.045048 0
6621.470000 0.044540 0
6623.130000 0.048838 0
6624.790000 0.059359 0
6626.450000 0.040012 0
6628.110000 0.046759 0
6629.770000 0.052772 0
6631.430000 0.052116 0
6633.090000 0.055076 0
6634.750000 0.052237 0
6636.410000 0.045065 0
6638.070000 0.049761 0
6639.730000 0.049456 0
6641.390000 0.036650 0
6643.050000 0.044378 0
6644.710000 0.050132 0
6646.370000 0.061617 0
6648.030000 0.055926 0
6649.690000 0.050530 0
6651.350000 0.055080 0
6653.010000 0.049139 0
6654.670000 0.049955 0
6656.330000 0.056754 0
6657.990000 0.053223 0
6659.650000 0.049518 0
6661.310000 0.058193 0
6662.970000 0.046425 0
6664.630000 0.063694 0
6666.290000 0.042188 0
6667.950000 0.050677 0
6669.610000 0.055331 0
6671.270000 0.042107 0
6672.930000 0.041506 0
6674.590000 0.051030 0
6676.250000 0.047916 0
6677.910000 0.043926 0
6679.570000 0.040794 0
6681.230000 0.047188 0
6682.890000 0.036906 0
6684.550000 0.052850 0
6686.210000 0.032890 0
6687.870000 0.047190 0
6689.530000 0.040925 0
6691.190000 0.053818 0
6692.850000 0.053984 0
6694.510000 0.063625 0
6696.170000 0.056535 0
6697.830000 0.052349 0
6699.490000 0.048663 0
6701.150000 0.051778 0
6702.810000 0.054829 0
6704.470000 0.049655 0
6706.130000 0.047799 0
6707.790000 0.060987 0
6709.450000 0.055751 0
6711.110000 0.050477 0
6712.770000 0.054053 0
6714.430000 0.065545 0
6716.090000 0.059063 0
6717.750000 0.048043 0
6719.410000 0.053938 0
6721.070000 0.064423 0
6722.730000 0.051480 0
6724.390000 0.049965 0
6726.050000 0.048093 0
6727.710000 0.047090 0
6729.370000 0.051120 0
6731.030000 0.049134 0
6732.690000 0.049676 0
6734.350000 0.057419 0
6736.010000 0.045124 0
6737.670000 0.054633 0
6739.330000 0.045695 0
6740.990000 0.052331 0
6742.650000 0.059451 0
6744.310000 0.041728 0
6745.970000 0.049873 0
6747.630000 0.053751 0
6749.290000 0.049864 0
6750.950000 0.046344 0
6752.610000 0.048515 0
6754.270000 0.039323 0
6755.930000 0.049182 0
6757.590000 0.040539 0
6759.250000 0.046203 0
6760.910000 0.038777 0
6762.570000 0.035123 0
6764.230000 0.041274 0
6765.890000 0.040928 0
6767.550000 0.038333 0
6769.210000 0.050018 0
6770.870000 0.051602 0
6772.530000 0.046793 0
6774.190000 0.047444 0
6775.850000 0.041669 0
6777.510000 0.056724 0
6779.170000 0.044856 0
6780.830000 0.049025 0
6782.490000 0.044291 0
6784.150000 0.054835 0
6785.810000 0.064969 0
6787.470000 0.044012 0
6789.130000 0.055931 0
6790.790000 0.051053 0
6792.450000 0.054857 0
6794.110000 0.061611 0
6795.770000 0.052912 0
6797.430000 0.038961 0
6799.090000 0.052644 0
6800.750000 0.049665 0
6802.410000 0.050059 0
6804.070000 0.055586 0
6805.730000 0.052356 0
6807.390000 0.065019 0
6809.050000 0.039406 0
6810.710000 0.047792 0
6812.370000 0.053189 0
6814.030000 0.058180 0
6815.690000 0.043766 0
6817.350000 0.045164 0
6819.010000 0.054736 0
6820.670000 0.045804 0
6822.330000 0.050193 0
6823.990000 0.050038 0
6825.650000 0.058089 0
6827.310000 0.073852 0
6828.970000 0.057886 0
6830.630000 0.048049 0
6832.290000 0.049968 0
6833.950000 0.053332 0
6835.610000 0.045580 0
6837.270000 0.038074 0
6838.930000 0.038618 0
6840.590000 0.054279 0
6842.250000 0.041622 0
6843.910000 0.043293 0
6845.570000 0.051674 0
6847.230000 0.047790 0
6848.890000 0.046111 0
6850.550000 0.044832 0
6852.210000 0.049090 0
6853.870000 0.039279 0
6855.530000 0.063764 0
6857.190000 0.062912 0
6858.850000 0.058386 0
6860.510000 0.057384 0
6862.170000 0.050717 0
6863.830000 0.056668 0
6865.490000 0.027175 0
6867.150000 0.030442 0
6868.810000 0.043259 0
6870.470000 0.037802 0
6872.130000 0.045873 0
6873.790000 0.038023 0
6875.450000 0.044070 0
6877.110000 0.057790 0
6878.770000 0.052641 0
6880.430000 0.048563 0
6882.090000 0.043303 0
6883.750000 0.045990 0
6885.410000 0.046116 0
6887.070000 0.042901 0
6888.730000 0.040327 0
6890.390000 0.051314 0
6892.050000 0.055518 0
6893.710000 0.059163 0
6895.370000 0.047975 0
6897.030000 0.049350 0
6898.690000 0.053290 0
6900.350000 0.037036 0
6902.010000 0.051256 0
6903.670000 0.050767 0
6905.330000 0.052408 0
6906.990000 0.036973 0
6908.650000 0.042188 0
6910.310000 0.058491 0
6911.970000 0.047592 0
6913.630000 0.053616 0
6915.290000 0.060813 0
6916.950000 0.060894 0
6918.610000 0.049137 0
6920.270000 0.047937 0
6921.930000 0.066135 0
6923.590000 0.058287 0
6925.250000 0.045621 0
6926.910000 0.058023 0
6928.570000 0.051122 0
6930.230000 0.043559 0
6931.890000 0.045238 0
6933.550000 0.039448 0
6935.210000 0.038562 0
6936.870000 0.060070 0
6938.530000 0.057729 0
6940.190000 0.033383 0
6941.850000 0.040265 0
6943.510000 0.035457 0
6945.170000 0.050438 0
6946.830000 0.060620 0
6948.490000 0.040904 0
6950.150000 0.046291 0
6951.810000 0.036476 0
6953.470000 0.049992 0
6955.130000 0.056673 0
6956.790000 0.049355 0
6958.450000 0.051843 0
6960.110000 0.049077 0
6961.770000 0.043704 0
6963.430000 0.044104 0
6965.090000 0.039665 0
6966.750000 0.059405 0
6968.410000 0.049211 0
6970.070000 0.030579 0
6971.730000 0.041085 0
6973.390000 0.045066 0
6975.050000 0.050055 0
6976.710000 0.067487 0
6978.370000 0.050879 0
6980.030000 0.038947 0
6981.690000 0.032698 0
6983.350000 0.038806 0
6985.010000 0.062046 0
6986.670000 0.054760 0
6988.330000 0.040798 0
6989.990000 0.040326 0
6991.650000 0.055388 0
6993.310000 0.044019 0
6994.970000 0.041434 0
6996.630000 0.060742 0
6998.290000 0.051374 0
6999.950000 0.039026 0
7001.610000 0.033803 0
7003.270000 0.044663 0
7004.930000 0.032510 0
7006.590000 0.037945 0
7008.250000 0.047782 0
7009.910000 0.047956 0
7011.570000 0.047020 0
7013.230000 0.041374 0
7014.890000 0.029473 0
7016.550000 0.030738 0
7018.210000 0.041543 0
7019.870000 0.038037 0
7021.530000 0.027663 0
7023.190000 0.029456 0
7024.850000 0.049637 0
7026.510000 0.056491 0
7028.170000 0.042017 0
7029.830000 0.038849 0
7031.490000 0.052917 0
7033.150000 0.062233 0
7034.810000 0.065151 0
7036.470000 0.055826 0
7038.130000 0.050036 0
7039.790000 0.062518 0
7041.450000 0.060184 0
7043.110000 0.058767 0
7044.770000 0.058097 0
7046.430000 0.060148 0
7048.090000 0.047063 0
7049.750000 0.045819 0
7051.410000 0.046382 0
7053.070000 0.052826 0
7054.730000 0.060362 0
7056.390000 0.048245 0
7058.050000 0.051187 0
7059.710000 0.053565 0
7061.370000 0.061153 0
7063.030000 0.068703 0
7064.690000 0.062343 0
7066.350000 0.047208 0
7068.010000 0.035286 0
7069.670000 0.039002 0
7071.330000 0.045008 0
7072.990000 0.050852 0
7074.650000 0.056888 0
7076.310000 0.052694 0
7077.970000 0.057213 0
7079.630000 0.055380 0
7081.290000 0.057152 0
7082.950000 0.067240 0
7084.610000 0.057246 0
7086.270000 0.055644 0
7087.930000 0.049742 0
7089.590000 0.047956 0
7091.250000 0.053831 0
7092.910000 0.055826 0
7094.570000 0.050808 0
7096.230000 0.054841 0
7097.890000 0.066879 0
7099.550000 0.054535 0
7101.210000 0.055016 0
7102.870000 0.074662 0
7104.530000 0.061239 0
7106.190000 0.065231 0
7107.850000 0.064838 0
7109.510000 0.068643 0
7111.170000 0.061283 0
7112.830000 0.052532 0
7114.490000 0.061638 0
7116.150000 0.058569 0
7117.810000 0.056046 0
7119.470000 0.065753 0
7121.130000 0.054425 0
7122.790000 0.051659 0
7124.450000 0.056225 0
7126.110000 0.053442 0
7127.770000 0.053662 0
7129.430000 0.062810 0
7131.090000 0.063680 0
7132.750000 0.054644 0
7134.410000 0.051177 0
7136.070000 0.063651 0
7137.730000 0.057172 0
7139.390000 0.053813 0
7141.050000 0.054706 0
7142.710000 0.050848 0
7144.370000 0.065122 0
7146.030000 0.050374 0
7147.690000 0.058637 0
7149.350000 0.049868 0
7151.010000 0.045107 0
7152.670000 0.056353 0
7154.330000 0.059944 0
7155.990000 0.060575 0
7157.650000 0.056960 0
7159.310000 0.056766 0
7160.970000 0.063829 0
7162.630000 0.058592 0
7164.290000 0.062786 0
7165.950000 0.047747 0
7167.610000 0.054360 0
7169.270000 0.058413 0
7170.930000 0.051612 0
7172.590000 0.065343 0
7174.250000 0.055594 0
7175.910000 0.053512 0
7177.570000 0.053548 0
7179.230000 0.052872 0
7180.890000 0.051746 0
7182.550000 0.039731 0
7184.210000 0.051575 0
7185.870000 0.047978 0
7187.530000 0.069254 0
7189.190000 0.066949 0
7190.850000 0.053976 0
7192.510000 0.060197 0
7194.170000 0.064541 0
7195.830000 0.060701 0
7197.490000 0.055340 0
7199.150000 0.061148 0
7200.810000 0.057254 0
7202.470000 0.051536 0
7204.130000 0.063474 0
7205.790000 0.056727 0
7207.450000 0.055910 0
7209.110000 0.059567 0
7210.770000 0.070889 0
7212.430000 0.073839 0
7214.090000 0.051837 0
7215.750000 0.061610 0
7217.410000 0.070964 0
7219.070000 0.060589 0
7220.730000 0.060299 0
7222.390000 0.060165 0
7224.050000 0.060570 0
7225.710000 0.067786 0
7227.370000 0.060772 0
7229.030000 0.063246 0
7230.690000 0.061461 0
7232.350000 0.059060 0
7234.010000 0.062816 0
7235.670000 0.064172 0
7237.330000 0.069264 0
7238.990000 0.066924 0
7240.650000 0.041319 0
7242.310000 0.047452 0
7243.970000 0.067935 0
7245.630000 0.039794 0
7247.290000 0.051020 0
7248.950000 0.058200 0
7250.610000 0.068576 0
7252.270000 0.068201 0
7253.930000 0.058756 0
7255.590000 0.058721 0
7257.250000 0.056348 0
7258.910000 0.049738 0
7260.570000 0.053554 0
7262.230000 0.060417 0
7263.890000 0.048819 0
7265.550000 0.055479 0
7267.210000 0.060785 0
7268.870000 0.061013 0
7270.530000 0.058415 0
7272.190000 0.069122 0
7273.850000 0.068756 0
7275.510000 0.066284 0
7277.170000 0.076299 0
7278.830000 0.064784 0
7280.490000 0.067753 0
7282.150000 0.069276 0
7283.810000 0.081107 0
7285.470000 0.069442 0
7287.130000 0.065765 0
7288.790000 0.071936 0
7290.450000 0.060467 0
7292.110000 0.062614 0
7293.770000 0.083975 0
7295.430000 0.069680 0
7297.090000 0.075235 0
7298.750000 0.069159 0
7300.410000 0.065276 0
7302.070000 0.071752 0
7303.730000 0.070765 0
7305.390000 0.061252 0
7307.050000 0.064098 0
7308.710000 0.057580 0
7310.370000 0.058343 0
7312.030000 0.074071 0
7313.690000 0.075139 0
7315.350000 0.072656 0
7317.010000 0.042812 0
7318.670000 0.059288 0
7320.330000 0.062126 0
7321.990000 0.061172 0
7323.650000 0.062914 0
7325.310000 0.060821 0
7326.970000 0.069314 0
7328.630000 0.071925 0
7330.290000 0.060605 0
7331.950000 0.069571 0
7333.610000 0.066674 0
7335.270000 0.068937 0
7336.930000 0.082105 0
7338.590000 0.071722 0
7340.250000 0.075921 0
7341.910000 0.072615 0
7343.570000 0.053239 0
7345.230000 0.064769 0
7346.890000 0.078262 0
7348.550000 0.068123 0
7350.210000 0.072193 0
7351.870000 0.066617 0
7353.530000 0.059595 0
7355.190000 0.072744 0
7356.850000 0.073902 0
7358.510000 0.048763 0
7360.170000 0.065467 0
7361.830000 0.061493 0
7363.490000 0.067792 0
7365.150000 0.065369 0
7366.810000 0.080328 0
7368.470000 0.063625 0
7370.130000 0.093401 0
7371.790000 0.056155 0
7373.450000 0.057520 0
7375.110000 0.052271 0
7376.770000 0.057762 0
7378.430000 0.058264 0
7380.090000 0.068381 0
7381.750000 0.071771 0
7383.410000 0.055921 0
7385.070000 0.058570 0
7386.730000 0.070566 0
7388.390000 0.067462 0
7390.050000 0.064504 0
7391.710000 0.078356 0
7393.370000 0.073980 0
7395.030000 0.060382 0
7396.690000 0.052513 0
7398.350000 0.058347 0
7400.010000 0.047812 0
7401.670000 0.073675 0
7403.330000 0.071828 0
7404.990000 0.059409 0
7406.650000 0.065430 0
7408.310000 0.060722 0
7409.970000 0.069739 0
7411.630000 0.062313 0
7413.290000 0.062448 0
7414.950000 0.063251 0
7416.610000 0.074942 0
7418.270000 0.071710 0
7419.930000 0.061495 0
7421.590000 0.068132 0
7423.250000 0.070539 0
7424.910000 0.071171 0
7426.570000 0.073929 0
7428.230000 0.062058 0
7429.890000 0.077330 0
7431.550000 0.081122 0
7433.210000 0.047387 0
7434.870000 0.065491 0
7436.530000 0.072572 0
7438.190000 0.089205 0
7439.850000 0.073359 0
7441.510000 0.067135 0
7443.170000 0.063250 0
7444.830000 0.074024 0
7446.490000 0.066580 0
7448.150000 0.059825 0
7449.810000 0.079083 0
7451.470000 0.060493 0
7453.130000 0.069086 0
7454.790000 0.071773 0
7456.450000 0.069267 0
7458.110000 0.072213 0
7459.770000 0.063030 0
7461.430000 0.070702 0
7463.090000 0.067524 0
7464.750000 0.075192 0
7466.410000 0.061968 0
7468.070000 0.058076 0
7469.730000 0.052254 0
7471.390000 0.068794 0
7473.050000 0.077537 0
7474.710000 0.088259 0
7476.370000 0.059834 0
7478.030000 0.073151 0
7479.690000 0.073871 0
7481.350000 0.072219 0
7483.010000 0.079519 0
7484.670000 0.074794 0
7486.330000 0.064293 0
7487.990000 0.060075 0
7489.650000 0.067408 0
7491.310000 0.067708 0
7492.970000 0.072705 0
7494.630000 0.060166 0
7496.290000 0.067437 0
7497.950000 0.065577 0
7499.610000 0.076124 0
7501.270000 0.068746 0
7502.930000 0.068481 0
7504.590000 0.074470 0
7506.250000 0.070980 0
7507.910000 0.078256 0
7509.570000 0.075367 0
7511.230000 0.074404 0
7512.890000 0.073702 0
7514.550000 0.068590 0
7516.210000 0.068461 0
7517.870000 0.071780 0
7519.530000 0.081236 0
7521.190000 0.073427 0
7522.850000 0.057534 0
7524.510000 0.046397 0
7526.170000 0.084465 0
7527.830000 0.075751 0
7529.490000 0.089918 0
7531.150000 0.078996 0
7532.810000 0.074371 0
7534.470000 0.069122 0
7536.130000 0.077578 0
7537.790000 0.078277 0
7539.450000 0.070717 0
7541.110000 0.061746 0
7542.770000 0.073239 0
7544.430000 0.071603 0
7546.090000 0.075175 0
7547.750000 0.073015 0
7549.410000 0.075610 0
7551.070000 0.068230 0
7552.730000 0.075972 0
7554.390000 0.070730 0
7556.050000 0.075321 0
7557.710000 0.076996 0
7559.370000 0.077417 0
7561.030000 0.067260 0
7562.690000 0.072316 0
7564.350000 0.064899 0
7566.010000 0.061553 0
7567.670000 0.071824 0
7569.330000 0.078216 0
7570.990000 0.062347 0
7572.650000 0.055829 0
7574.310000 0.095491 0
7575.970000 0.076749 0
7577.630000 0.074004 0
7579.290000 0.074471 0
7580.950000 0.073480 0
7582.610000 0.075598 0
7584.270000 0.068880 0
7585.930000 0.066388 0
7587.590000 0.072788 0
7589.250000 0.067005 0
7590.910000 0.071113 0
7592.570000 0.077853 0
7594.230000 0.088630 0
7595.890000 0.068492 0
7597.550000 0.080768 0
7599.210000 0.112452 0
7600.870000 0.095308 0
7602.530000 0.073718 0
7604.190000 0.076280 0
7605.850000 0.069217 0
7607.510000 0.095679 0
7609.170000 0.044119 0
7610.830000 0.031206 0
7612.490000 0.056665 0
7614.150000 0.068635 0
7615.810000 0.047726 0
7617.470000 0.071186 0
7619.130000 0.079115 0
7620.790000 0.091186 0
7622.450000 0.067580 0
7624.110000 0.050225 0
7625.770000 0.042764 0
7627.430000 0.101389 0
7629.090000 0.092226 0
7630.750000 0.064832 0
7632.410000 0.055561 0
7634.070000 0.058745 0
7635.730000 0.075828 0
7637.390000 0.062561 0
7639.050000 0.078288 0
7640.710000 0.075882 0
7642.370000 0.060681 0
7644.030000 0.086221 0
7645.690000 0.066645 0
7647.350000 0.065004 0
7649.010000 0.061744 0
7650.670000 0.052024 0
7652.330000 0.063219 0
7653.990000 0.083269 0
7655.650000 0.061699 0
7657.310000 0.063591 0
7658.970000 0.077001 0
7660.630000 0.079861 0
7662.290000 0.059754 0
7663.950000 0.058859 0
7665.610000 0.078588 0
7667.270000 0.069807 0
7668.930000 0.068096 0
7670.590000 0.074428 0
7672.250000 0.066467 0
7673.910000 0.060277 0
7675.570000 0.068177 0
7677.230000 0.065286 0
7678.890000 0.072533 0
7680.550000 0.083725 0
7682.210000 0.071163 0
7683.870000 0.063789 0
7685.530000 0.078426 0
7687.190000 0.066728 0
7688.850000 0.063072 0
7690.510000 0.065178 0
7692.170000 0.069789 0
7693.830000 0.063885 0
7695.490000 0.077376 0
7697.150000 0.068466 0
7698.810000 0.071700 0
7700.470000 0.068959 0
7702.130000 0.064402 0
7703.790000 0.072466 0
7705.450000 0.067331 0
7707.110000 0.062417 0
7708.770000 0.047069 0
7710.430000 0.030463 0
7712.090000 0.067415 0
7713.750000 0.053594 0
7715.410000 0.069622 0
7717.070000 0.061846 0
7718.730000 0.090103 0
7720.390000 0.081763 0
7722.050000 0.066880 0
7723.710000 0.066885 0
7725.370000 0.073645 0
7727.030000 0.083153 0
7728.690000 0.077895 0
7730.350000 0.068365 0
7732.010000 0.075722 0
7733.670000 0.074088 0
7735.330000 0.073729 0
7736.990000 0.081823 0
7738.650000 0.076133 0
7740.310000 0.071327 0
7741.970000 0.069685 0
7743.630000 0.062628 0
7745.290000 0.066479 0
7746.950000 0.025986 0
7748.610000 -0.011715 0
7750.270000 0.049168 0
7751.930000 0.082516 0
7753.590000 0.139155 0
7755.250000 0.071890 0
7756.910000 0.049842 0
7758.570000 0.043021 0
7760.230000 0.057633 0
7761.890000 0.075682 0
7763.550000 0.084252 0
7765.210000 0.070811 0
7766.870000 0.072283 0
7768.530000 0.068884 0
7770.190000 0.065838 0
7771.850000 0.085343 0
7773.510000 0.082484 0
7775.170000 0.074398 0
7776.830000 0.060914 0
7778.490000 0.055360 0
7780.150000 0.074966 0
7781.810000 0.092257 0
7783.470000 0.085206 0
7785.130000 0.067162 0
7786.790000 0.081898 0
7788.450000 0.057234 0
7790.110000 0.035776 0
7791.770000 0.014032 0
7793.430000 0.050000 0
7795.090000 0.105045 0
7796.750000 0.143908 0
7798.410000 0.085367 0
7800.070000 0.059950 0
7801.730000 0.081565 0
7803.390000 0.074079 0
7805.050000 0.039958 0
7806.710000 0.042345 0
7808.370000 0.057547 0
7810.030000 0.088661 0
7811.690000 0.083175 0
7813.350000 0.078737 0
7815.010000 0.078768 0
7816.670000 0.066990 0
7818.330000 0.009725 0
7819.990000 -0.014950 0
7821.650000 0.045306 0
7823.310000 0.130664 0
7824.970000 0.137735 0
7826.630000 0.061687 0
7828.290000 0.074107 0
7829.950000 0.069823 0
7831.610000 0.074230 0
7833.270000 0.068279 0
7834.930000 0.070231 0
7836.590000 0.063481 0
7838.250000 0.045177 0
7839.910000 0.047016 0
7841.570000 0.069293 0
7843.230000 0.109996 0
7844.890000 0.085755 0
7846.550000 0.076545 0
7848.210000 0.056744 0
7849.870000 -0.018591 0
7851.530000 0.004780 0
7853.190000 0.058633 0
7854.850000 0.136774 0
7856.510000 0.125487 0
7858.170000 0.062468 0
7859.830000 0.054126 0
7861.490000 0.098415 0
7863.150000 0.104266 0
7864.810000 0.080148 0
7866.470000 0.066088 0
7868.130000 0.038210 0
7869.790000 0.063664 0
7871.450000 0.081445 0
7873.110000 0.121033 0
7874.770000 0.065136 0
7876.430000 0.066906 0
7878.090000 0.031626 0
7879.750000 0.066772 0
7881.410000 0.076068 0
7883.070000 0.107602 0
7884.730000 0.061933 0
7886.390000 0.028781 0
7888.050000 0.052963 0
7889.710000 0.067593 0
7891.370000 0.122866 0
7893.030000 0.110982 0
7894.690000 0.069527 0
7896.350000 0.079441 0
7898.010000 0.073304 0
7899.670000 0.059659 0
7901.330000 0.071105 0
7902.990000 0.067800 0
7904.650000 0.062909 0
7906.310000 0.055710 0
7907.970000 0.056085 0
7909.630000 0.016093 0
7911.290000 -0.056087 0
7912.950000 0.037965 0
7914.610000 0.077385 0
7916.270000 0.159047 0
7917.930000 0.048277 0
7919.590000 0.049008 0
7921.250000 0.047181 0
7922.910000 0.105639 0
7924.570000 0.074759 0
7926.230000 0.045882 0
7927.890000 0.024974 0
7929.550000 0.023333 0
7931.210000 0.053046 0
7932.870000 0.092439 0
7934.530000 0.086981 0
7936.190000 0.075773 0
7937.850000 0.058679 0
7939.510000 0.058652 0
7941.170000 0.064496 0
7942.830000 0.054189 0
7944.490000 0.059981 0
7946.150000 0.046550 0
7947.810000 0.054347 0
7949.470000 0.067795 0
7951.130000 0.099882 0
7952.790000 0.078163 0
7954.450000 0.078138 0
7956.110000 0.070742 0
7957.770000 0.072219 0
7959.430000 0.067149 0
7961.090000 0.015112 0
7962.750000 -0.006748 0
7964.410000 0.065843 0
7966.070000 0.086007 0
7967.730000 0.130802 0
7969.390000 0.072642 0
7971.050000 0.081581 0
7972.710000 0.055498 0
7974.370000 0.039946 0
7976.030000 0.037292 0
7977.690000 0.039567 0
7979.350000 0.106332 0
7981.010000 0.102230 0
7982.670000 0.124593 0
7984.330000 0.072676 0
7985.990000 0.065768 0
7987.650000 0.080462 0
7989.310000 0.021625 0
7990.970000 -0.007470 0
7992.630000 0.047820 0
7994.290000 0.085208 0
7995.950000 0.181486 0
7997.610000 0.076076 0
7999.270000 0.070249 0
8000.930000 0.078346 0
8002.590000 0.065564 0
8004.250000 0.067742 0
8005.910000 0.074038 0
8007.570000 0.077696 0
8009.230000 0.068074 0
8010.890000 0.032183 0
8012.550000 0.051338 0
8014.210000 0.070647 0
8015.870000 0.088160 0
8017.530000 0.091337 0
8019.190000 0.055237 0
8020.850000 0.056931 0
8022.510000 0.014867 0
8024.170000 -0.025223 0
8025.830000 0.063204 0
8027.490000 0.145610 0
8029.150000 0.140302 0
8030.810000 0.074608 0
8032.470000 0.072521 0
8034.130000 0.081280 0
8035.790000 0.063341 0
8037.450000 0.073121 0
8039.110000 0.070693 0
8040.770000 0.080193 0
8042.430000 0.075620 0
8044.090000 0.080022 0
8045.750000 0.064319 0
8047.410000 0.059954 0
8049.070000 0.048462 0
8050.730000 0.056899 0
8052.390000 0.085384 0
8054.050000 0.094352 0
8055.710000 0.068695 0
8057.370000 0.057577 0
8059.030000 0.017574 0
8060.690000 0.006463 0
8062.350000 0.078959 0
8064.010000 0.134833 0
8065.670000 0.110546 0
8067.330000 0.064984 0
8068.990000 0.079831 0
8070.650000 0.081368 0
8072.310000 0.075208 0
8073.970000 0.069279 0
8075.630000 0.058408 0
8077.290000 0.069010 0
8078.950000 0.058459 0
8080.610000 0.069111 0
8082.270000 0.063821 0
8083.930000 0.061550 0
8085.590000 0.081330 0
8087.250000 0.067895 0
8088.910000 0.063987 0
8090.570000 0.049080 0
8092.230000 0.065412 0
8093.890000 0.079193 0
8095.550000 0.088150 0
8097.210000 0.058131 0
8098.870000 0.048923 0
8100.530000 0.055271 0
8102.190000 0.076755 0
8103.850000 0.093842 0
8105.510000 0.095194 0
8107.170000 0.073525 0
8108.830000 0.073985 0
8110.490000 0.067240 0
8112.150000 0.055645 0
8113.810000 0.072502 0
8115.470000 0.066123 0
8117.130000 0.071302 0
8118.790000 0.057878 0
8120.450000 0.060788 0
8122.110000 0.068981 0
8123.770000 0.067487 0
8125.430000 0.072416 0
8127.090000 0.072057 0
8128.750000 0.057981 0
8130.410000 0.069137 0
8132.070000 0.071246 0
8133.730000 0.064369 0
8135.390000 0.062287 0
8137.050000 0.061224 0
8138.710000 0.066810 0
8140.370000 0.065870 0
8142.030000 0.062611 0
8143.690000 0.050206 0
8145.350000 0.059416 0
8147.010000 0.065164 0
8148.670000 0.084514 0
8150.330000 0.071721 0
8151.990000 0.050992 0
8153.650000 0.053220 0
8155.310000 0.053725 0
8156.970000 0.051087 0
8158.630000 0.063776 0
8160.290000 0.070407 0
8161.950000 0.061826 0
8163.610000 0.051238 0
8165.270000 0.050650 0
8166.930000 0.064209 0
8168.590000 0.055402 0
8170.250000 0.064125 0
8171.910000 0.053135 0
8173.570000 0.054492 0
8175.230000 0.074540 0
8176.890000 0.054221 0
8178.550000 0.064794 0
8180.210000 0.058898 0
8181.870000 0.059789 0
8183.530000 0.061372 0
8185.190000 0.056299 0
8186.850000 0.057756 0
8188.510000 0.053012 0
8190.170000 0.056841 0
8191.830000 0.060679 0
8193.490000 0.059214 0
8195.150000 0.061151 0
8196.810000 0.077817 0
8198.470000 0.060832 0
8200.130000 0.060787 0
8201.790000 0.064079 0
8203.450000 0.058588 0
8205.110000 0.064491 0
8206.770000 0.061219 0
8208.430000 0.055770 0
8210.090000 0.072786 0
8211.750000 0.054815 0
8213.410000 0.049727 0
8215.070000 0.057578 0
8216.730000 0.059623 0
8218.390000 0.066208 0
8220.050000 0.056877 0
8221.710000 0.054163 0
8223.370000 0.056691 0
8225.030000 0.070141 0
8226.690000 0.067117 0
8228.350000 0.059476 0
8230.010000 0.051714 0
8231.670000 0.051051 0
8233.330000 0.057893 0
8234.990000 0.057072 0
8236.650000 0.055734 0
8238.310000 0.059788 0
8239.970000 0.062311 0
8241.630000 0.059482 0
8243.290000 0.059033 0
8244.950000 0.070037 0
8246.610000 0.061199 0
8248.270000 0.070216 0
8249.930000 0.064950 0
8251.590000 0.065153 0
8253.250000 0.052153 0
8254.910000 0.065727 0
8256.570000 0.055117 0
8258.230000 0.055886 0
8259.890000 0.051014 0
8261.550000 0.046697 0
8263.210000 0.073539 0
8264.870000 0.060621 0
8266.530000 0.062888 0
8268.190000 0.067296 0
8269.850000 0.052330 0
8271.510000 0.055964 0
8273.170000 0.061438 0
8274.830000 0.027825 0
8276.490000 -0.021142 0
8278.150000 -0.041497 0
8279.810000 0.006364 0
8281.470000 0.083772 0
8283.130000 0.101552 0
8284.790000 0.027833 0
8286.450000 -0.065277 0
8288.110000 0.042024 0
8289.770000 0.189436 0
8291.430000 0.210590 0
8293.090000 0.072964 0
8294.750000 -0.046077 0
8296.410000 -0.127735 0
8298.070000 0.101596 0
8299.730000 0.614404 0
8301.390000 0.000000 1
8303.050000 0.000000 1
8304.710000 0.000000 1
8306.370000 0.000000 1
8308.030000 0.000000 1
8309.690000 0.000000 1
8311.350000 0.000000 1
8313.010000 0.000000 1
8314.670000 0.000000 1
8316.330000 0.000000 1
8317.990000 0.000000 1
8319.650000 0.000000 1
8321.310000 0.000000 1
8322.970000 0.000000 1
8324.630000 0.000000 1
8326.290000 0.000000 1
8327.950000 0.000000 1
8329.610000 0.000000 1
8331.270000 0.000000 1
8332.930000 0.000000 1
8334.590000 0.000000 1
8336.250000 0.000000 1
8337.910000 0.000000 1
8339.570000 0.000000 1
8341.230000 0.000000 1
8342.890000 0.000000 1
8344.550000 0.000000 1
8346.210000 0.000000 1
8347.870000 0.000000 1
8349.530000 0.000000 1
8351.190000 0.000000 1
8352.850000 0.000000 1
8354.510000 0.000000 1
8356.170000 0.000000 1
8357.830000 0.000000 1
8359.490000 0.000000 1
8361.150000 0.000000 1
8362.810000 0.000000 1
8364.470000 0.000000 1
8366.130000 0.000000 1
8367.790000 0.000000 1
8369.450000 0.000000 1
8371.110000 0.000000 1
8372.770000 0.000000 1
8374.430000 0.000000 1
8376.090000 0.000000 1
8377.750000 0.000000 1
8379.410000 0.000000 1
8381.070000 0.000000 1
8382.730000 0.000000 1
8384.390000 0.000000 1
8386.050000 0.000000 1
8387.710000 0.000000 1
8389.370000 0.000000 1
8391.030000 0.000000 1
8392.690000 0.000000 1
8394.350000 0.000000 1
8396.010000 0.000000 1
8397.670000 0.000000 1
8399.330000 0.000000 1
8400.990000 0.000000 1
8402.650000 0.000000 1
8404.310000 0.000000 1
8405.970000 0.000000 1
8407.630000 0.000000 1
8409.290000 0.000000 1
8410.950000 0.000000 1
8412.610000 0.000000 1
8414.270000 0.000000 1
8415.930000 0.000000 1
8417.590000 0.000000 1
8419.250000 0.000000 1
8420.910000 0.000000 1
8422.570000 0.000000 1
8424.230000 0.000000 1
8425.890000 0.000000 1
8427.550000 0.000000 1
8429.210000 0.000000 1
8430.870000 0.000000 1
8432.530000 0.000000 1
8434.190000 0.000000 1
8435.850000 0.000000 1
8437.510000 0.000000 1
8439.170000 0.000000 1
8440.830000 0.000000 1
8442.490000 0.000000 1
8444.150000 0.000000 1
8445.810000 0.000000 1
8447.470000 0.000000 1
8449.130000 0.000000 1
8450.790000 0.000000 1
8452.450000 0.000000 1
8454.110000 0.000000 1
8455.770000 0.000000 1
8457.430000 0.000000 1
8459.090000 0.000000 1
8460.750000 0.000000 1
8462.410000 0.000000 1
8464.070000 0.000000 1
8465.730000 0.000000 1
8467.390000 0.000000 1
8469.050000 0.000000 1
8470.710000 0.000000 1
8472.370000 0.000000 1
8474.030000 0.000000 1
8475.690000 0.000000 1
8477.350000 0.000000 1
8479.010000 0.000000 1
8480.670000 0.000000 1
8482.330000 0.000000 1
8483.990000 0.000000 1
8485.650000 0.000000 1
8487.310000 0.000000 1
8488.970000 0.000000 1
8490.630000 0.000000 1
8492.290000 0.000000 1
8493.950000 0.000000 1
8495.610000 0.000000 1
8497.270000 0.000000 1
8498.930000 0.000000 1
