# obs: 255710
# slit: 23
# z: 0.63359
# lines: K,H
# spec: 362
4451.680000 0.000000 1
4455.040000 0.000000 1
4458.400000 0.000000 1
4461.760000 0.000000 1
4465.120000 0.000000 1
4468.480000 0.000000 1
4471.840000 0.000000 1
4475.200000 0.000000 1
4478.560000 0.000000 1
4481.920000 0.000000 1
4485.280000 0.000000 1
4488.640000 0.000000 1
4492.000000 0.000000 1
4495.360000 0.000000 1
4498.720000 0.000000 1
4502.080000 0.000000 1
4505.440000 0.000000 1
4508.800000 0.000000 1
4512.160000 0.000000 1
4515.520000 0.000000 1
4518.880000 0.000000 1
4522.240000 -0.022724 0
4525.600000 0.022426 0
4528.960000 0.020480 0
4532.320000 0.008564 0
4535.680000 0.001501 0
4539.040000 0.016881 0
4542.400000 0.005842 0
4545.760000 0.017122 0
4549.120000 0.018923 0
4552.480000 0.022343 0
4555.840000 0.019695 0
4559.200000 0.002883 0
4562.560000 -0.002586 0
4565.920000 0.013571 0
4569.280000 0.004104 0
4572.640000 0.001226 0
4576.000000 0.001607 0
4579.360000 0.021314 0
4582.720000 0.020866 0
4586.080000 0.017352 0
4589.440000 0.031053 0
4592.800000 0.011217 0
4596.160000 0.017850 0
4599.520000 0.035139 0
4602.880000 -0.003236 0
4606.240000 0.012339 0
4609.600000 0.033414 0
4612.960000 0.043538 0
4616.320000 0.024050 0
4619.680000 0.029518 0
4623.040000 0.028786 0
4626.400000 0.023339 0
4629.760000 0.037550 0
4633.120000 0.027327 0
4636.480000 0.007967 0
4639.840000 0.019536 0
4643.200000 0.017249 0
4646.560000 0.023301 0
4649.920000 0.016283 0
4653.280000 0.015697 0
4656.640000 0.027449 0
4660.000000 0.026399 0
4663.360000 0.008032 0
4666.720000 0.006078 0
4670.080000 -0.004001 0
4673.440000 -0.016939 0
4676.800000 0.005515 0
4680.160000 0.018051 0
4683.520000 0.006972 0
4686.880000 0.024813 0
4690.240000 0.023682 0
4693.600000 0.015491 0
4696.960000 0.029392 0
4700.320000 0.013582 0
4703.680000 -0.000719 0
4707.040000 0.009225 0
4710.400000 0.016426 0
4713.760000 0.009541 0
4717.120000 0.008419 0
4720.480000 0.013192 0
4723.840000 0.013885 0
4727.200000 0.010239 0
4730.560000 0.020221 0
4733.920000 -0.005288 0
4737.280000 0.016127 0
4740.640000 0.033673 0
4744.000000 0.006420 0
4747.360000 0.023614 0
4750.720000 0.033112 0
4754.080000 0.006143 0
4757.440000 0.006985 0
4760.800000 0.023654 0
4764.160000 0.020073 0
4767.520000 0.027563 0
4770.880000 0.015114 0
4774.240000 0.025514 0
4777.600000 0.004263 0
4780.960000 0.039594 0
4784.320000 0.016628 0
4787.680000 0.021761 0
4791.040000 0.016311 0
4794.400000 0.029271 0
4797.760000 0.018632 0
4801.120000 0.017516 0
4804.480000 0.020159 0
4807.840000 0.010783 0
4811.200000 0.025655 0
4814.560000 0.026804 0
4817.920000 0.021008 0
4821.280000 0.012951 0
4824.640000 0.023292 0
4828.000000 0.014538 0
4831.360000 0.010598 0
4834.720000 0.020105 0
4838.080000 0.012373 0
4841.440000 0.015813 0
4844.800000 0.014260 0
4848.160000 0.006873 0
4851.520000 0.017191 0
4854.880000 0.028327 0
4858.240000 0.017518 0
4861.600000 0.027160 0
4864.960000 0.012774 0
4868.320000 0.022867 0
4871.680000 0.000561 0
4875.040000 0.014933 0
4878.400000 0.038420 0
4881.760000 0.018065 0
4885.120000 0.009786 0
4888.480000 0.014740 0
4891.840000 0.002910 0
4895.200000 0.025961 0
4898.560000 0.008458 0
4901.920000 0.014517 0
4905.280000 -0.000381 0
4908.640000 -0.009213 0
4912.000000 0.003654 0
4915.360000 0.034485 0
4918.720000 0.028479 0
4922.080000 0.021306 0
4925.440000 0.023428 0
4928.800000 0.024312 0
4932.160000 0.013604 0
4935.520000 0.003424 0
4938.880000 0.013266 0
4942.240000 0.017088 0
4945.600000 0.015532 0
4948.960000 0.021916 0
4952.320000 0.021323 0
4955.680000 0.017013 0
4959.040000 0.021749 0
4962.400000 0.030361 0
4965.760000 0.024970 0
4969.120000 0.024833 0
4972.480000 0.013083 0
4975.840000 0.016910 0
4979.200000 0.015996 0
4982.560000 0.027704 0
4985.920000 0.023848 0
4989.280000 0.018310 0
4992.640000 -0.008820 0
4996.000000 0.004134 0
4999.360000 0.019968 0
5002.720000 0.033633 0
5006.080000 0.023662 0
5009.440000 0.008544 0
5012.800000 0.023001 0
5016.160000 0.020519 0
5019.520000 0.029500 0
5022.880000 0.025654 0
5026.240000 0.019111 0
5029.600000 0.010412 0
5032.960000 0.017753 0
5036.320000 0.015574 0
5039.680000 0.038334 0
5043.040000 0.012518 0
5046.400000 0.028111 0
5049.760000 0.032598 0
5053.120000 0.033671 0
5056.480000 0.024841 0
5059.840000 0.005151 0
5063.200000 0.019788 0
5066.560000 0.016486 0
5069.920000 0.010172 0
5073.280000 0.026076 0
5076.640000 0.014832 0
5080.000000 0.022987 0
5083.360000 0.025232 0
5086.720000 0.018605 0
5090.080000 0.031097 0
5093.440000 0.024797 0
5096.800000 0.018575 0
5100.160000 0.016900 0
5103.520000 0.021499 0
5106.880000 0.011277 0
5110.240000 0.032513 0
5113.600000 0.011704 0
5116.960000 0.013440 0
5120.320000 0.023049 0
5123.680000 0.019545 0
5127.040000 0.026741 0
5130.400000 0.022507 0
5133.760000 0.024087 0
5137.120000 0.036876 0
5140.480000 0.029180 0
5143.840000 0.021386 0
5147.200000 0.020127 0
5150.560000 0.013278 0
5153.920000 0.014419 0
5157.280000 0.012190 0
5160.640000 0.009140 0
5164.000000 0.013349 0
5167.360000 0.022552 0
5170.720000 0.031342 0
5174.080000 0.016470 0
5177.440000 0.024746 0
5180.800000 0.038564 0
5184.160000 0.040629 0
5187.520000 0.043541 0
5190.880000 0.020678 0
5194.240000 0.031422 0
5197.600000 0.028673 0
5200.960000 0.023479 0
5204.320000 0.013948 0
5207.680000 0.040126 0
5211.040000 0.022768 0
5214.400000 0.034828 0
5217.760000 0.029686 0
5221.120000 0.024077 0
5224.480000 0.002153 0
5227.840000 0.007622 0
5231.200000 0.038627 0
5234.560000 0.042201 0
5237.920000 0.011949 0
5241.280000 0.029428 0
5244.640000 0.031478 0
5248.000000 0.034096 0
5251.360000 0.022365 0
5254.720000 0.021971 0
5258.080000 0.027086 0
5261.440000 0.015781 0
5264.800000 0.017755 0
5268.160000 0.003721 0
5271.520000 0.032962 0
5274.880000 0.021699 0
5278.240000 0.020169 0
5281.600000 0.027918 0
5284.960000 0.019482 0
5288.320000 0.028109 0
5291.680000 0.019251 0
5295.040000 0.033509 0
5298.400000 0.023753 0
5301.760000 0.023217 0
5305.120000 0.016872 0
5308.480000 0.010742 0
5311.840000 0.030437 0
5315.200000 0.017957 0
5318.560000 0.023287 0
5321.920000 0.021455 0
5325.280000 0.030835 0
5328.640000 0.050907 0
5332.000000 0.033457 0
5335.360000 0.027208 0
5338.720000 0.028809 0
5342.080000 0.017292 0
5345.440000 0.011372 0
5348.800000 0.030320 0
5352.160000 0.022908 0
5355.520000 0.033109 0
5358.880000 0.022830 0
5362.240000 0.033476 0
5365.600000 0.034565 0
5368.960000 0.016669 0
5372.320000 0.023843 0
5375.680000 0.025272 0
5379.040000 0.034344 0
5382.400000 0.022941 0
5385.760000 0.016882 0
5389.120000 0.031036 0
5392.480000 0.045738 0
5395.840000 0.054238 0
5399.200000 0.050575 0
5402.560000 0.020049 0
5405.920000 0.030117 0
5409.280000 0.022085 0
5412.640000 0.033447 0
5416.000000 0.037267 0
5419.360000 0.022454 0
5422.720000 0.022593 0
5426.080000 0.033246 0
5429.440000 0.017239 0
5432.800000 0.005505 0
5436.160000 0.046159 0
5439.520000 0.043172 0
5442.880000 0.041488 0
5446.240000 0.029708 0
5449.600000 0.015299 0
5452.960000 0.021903 0
5456.320000 0.033111 0
5459.680000 0.030633 0
5463.040000 0.023970 0
5466.400000 0.031903 0
5469.760000 0.020424 0
5473.120000 0.027468 0
5476.480000 0.015456 0
5479.840000 0.016915 0
5483.200000 0.036594 0
5486.560000 0.008404 0
5489.920000 0.028482 0
5493.280000 0.030909 0
5496.640000 0.027408 0
5500.000000 0.038272 0
5503.360000 0.005509 0
5506.720000 0.016442 0
5510.080000 0.015665 0
5513.440000 0.028065 0
5516.800000 0.027601 0
5520.160000 0.031515 0
5523.520000 0.043378 0
5526.880000 0.043342 0
5530.240000 0.018320 0
5533.600000 0.018845 0
5536.960000 0.020426 0
5540.320000 0.025420 0
5543.680000 0.026969 0
5547.040000 0.014257 0
5550.400000 0.027796 0
5553.760000 0.027398 0
5557.120000 0.038983 0
5560.480000 0.028650 0
5563.840000 0.038782 1
5567.200000 0.044357 1
5570.560000 0.026341 1
5573.920000 0.040488 1
5577.280000 -0.028468 1
5580.640000 0.031451 1
5584.000000 -0.046921 1
5587.360000 0.028867 1
5590.720000 0.056500 1
5594.080000 0.028395 1
5597.440000 0.042076 1
5600.800000 0.028656 1
5604.160000 0.027652 0
5607.520000 0.028394 0
5610.880000 0.036959 0
5614.240000 0.055043 0
5617.600000 0.033497 0
5620.960000 0.043330 0
5624.320000 0.027303 0
5627.680000 0.038702 0
5631.040000 0.038410 0
5634.400000 0.014392 0
5637.760000 0.013137 0
5641.120000 0.018704 0
5644.480000 0.037163 0
5647.840000 0.042466 0
5651.200000 0.034963 0
5654.560000 0.043102 0
5657.920000 0.035513 0
5661.280000 0.040171 0
5664.640000 0.037798 0
5668.000000 0.035343 0
5671.360000 0.025992 0
5674.720000 0.024875 0
5678.080000 0.025431 0
5681.440000 0.028038 0
5684.800000 0.038116 0
5688.160000 0.023749 0
5691.520000 0.048704 0
5694.880000 0.036735 0
5698.240000 0.040835 0
5701.600000 0.021794 0
5704.960000 0.009739 0
5708.320000 0.014278 0
5711.680000 0.019734 0
5715.040000 0.034251 0
5718.400000 0.021253 0
5721.760000 0.032579 0
5725.120000 0.037281 0
5728.480000 0.026805 0
5731.840000 0.042588 0
5735.200000 0.019196 0
5738.560000 0.014542 0
5741.920000 0.018182 0
5745.280000 0.025988 0
5748.640000 0.049763 0
5752.000000 0.030621 0
5755.360000 0.038219 0
5758.720000 0.028876 0
5762.080000 0.023792 0
5765.440000 0.028327 0
5768.800000 0.038854 0
5772.160000 0.028281 0
5775.520000 0.017268 0
5778.880000 0.036582 0
5782.240000 0.045800 0
5785.600000 0.040868 0
5788.960000 0.029831 0
5792.320000 0.025620 0
5795.680000 0.034955 0
5799.040000 0.026479 0
5802.400000 0.026856 0
5805.760000 -0.008641 0
5809.120000 0.045573 0
5812.480000 0.028458 0
5815.840000 0.026077 0
5819.200000 0.024980 0
5822.560000 0.026490 0
5825.920000 0.033589 0
5829.280000 0.024264 0
5832.640000 0.045002 0
5836.000000 0.010533 0
5839.360000 0.006722 0
5842.720000 0.026138 0
5846.080000 0.033191 0
5849.440000 0.024295 0
5852.800000 0.028473 0
5856.160000 0.028026 0
5859.520000 0.040588 0
5862.880000 0.018002 0
5866.240000 0.034457 0
5869.600000 0.029674 0
5872.960000 0.016028 0
5876.320000 0.042957 0
5879.680000 0.034573 0
5883.040000 0.039250 0
5886.400000 0.027605 0
5889.760000 0.014641 0
5893.120000 0.078817 0
5896.480000 0.011415 0
5899.840000 0.022075 0
5903.200000 0.027802 0
5906.560000 0.032566 0
5909.920000 0.046657 0
5913.280000 0.034401 0
5916.640000 0.011491 0
5920.000000 0.009463 0
5923.360000 0.042016 0
5926.720000 0.021383 0
5930.080000 0.026373 0
5933.440000 0.028987 0
5936.800000 0.038788 0
5940.160000 0.049697 0
5943.520000 0.031643 0
5946.880000 0.018248 0
5950.240000 0.027536 0
5953.600000 0.027574 0
5956.960000 0.042788 0
5960.320000 0.035976 0
5963.680000 0.026410 0
5967.040000 0.018678 0
5970.400000 0.022383 0
5973.760000 0.048978 0
5977.120000 0.033208 0
5980.480000 0.043034 0
5983.840000 0.050567 0
5987.200000 0.034255 0
5990.560000 0.052054 0
5993.920000 0.051904 0
5997.280000 0.036306 0
6000.640000 0.029780 0
6004.000000 0.028043 0
6007.360000 0.036839 0
6010.720000 0.026637 0
6014.080000 0.033987 0
6017.440000 0.046086 0
6020.800000 0.021921 0
6024.160000 0.016689 0
6027.520000 0.023991 0
6030.880000 0.036328 0
6034.240000 0.050660 0
6037.600000 0.036351 0
6040.960000 0.040147 0
6044.320000 0.020334 0
6047.680000 0.023683 0
6051.040000 0.030220 0
6054.400000 0.031538 0
6057.760000 0.030818 0
6061.120000 0.003754 0
6064.480000 0.039950 0
6067.840000 0.023644 0
6071.200000 0.046859 0
6074.560000 0.048451 0
6077.920000 0.034823 0
6081.280000 0.046547 0
6084.640000 0.020149 0
6088.000000 0.048924 0
6091.360000 0.066844 0
6094.720000 0.061779 0
6098.080000 0.041805 0
6101.440000 0.030194 0
6104.800000 0.040152 0
6108.160000 0.054139 0
6111.520000 0.027564 0
6114.880000 0.009103 0
6118.240000 0.052496 0
6121.600000 0.037809 0
6124.960000 0.042126 0
6128.320000 0.042412 0
6131.680000 0.038446 0
6135.040000 0.042337 0
6138.400000 0.030545 0
6141.760000 0.037247 0
6145.120000 0.035819 0
6148.480000 0.042224 0
6151.840000 0.037357 0
6155.200000 0.035396 0
6158.560000 0.040275 0
6161.920000 0.041631 0
6165.280000 0.034913 0
6168.640000 0.034019 0
6172.000000 0.023777 0
6175.360000 0.039971 0
6178.720000 0.030283 0
6182.080000 0.043251 0
6185.440000 0.055875 0
6188.800000 0.036240 0
6192.160000 0.042006 0
6195.520000 0.044459 0
6198.880000 0.049274 0
6202.240000 0.063002 0
6205.600000 0.022107 0
6208.960000 0.047874 0
6212.320000 0.051336 0
6215.680000 0.049563 0
6219.040000 0.038859 0
6222.400000 0.040644 0
6225.760000 0.051613 0
6229.120000 0.044235 0
6232.480000 0.046232 0
6235.840000 0.039567 0
6239.200000 0.033451 0
6242.560000 0.049428 0
6245.920000 0.018570 0
6249.280000 0.015307 0
6252.640000 0.032504 0
6256.000000 0.026738 0
6259.360000 0.042983 0
6262.720000 0.021791 0
6266.080000 0.031193 0
6269.440000 0.032154 0
6272.800000 0.025623 0
6276.160000 0.024237 0
6279.520000 0.044120 0
6282.880000 0.039323 0
6286.240000 0.046630 0
6289.600000 0.051691 0
6292.960000 0.058650 0
6296.320000 0.004717 0
6299.680000 0.047049 0
6303.040000 0.045158 0
6306.400000 0.031761 0
6309.760000 0.036710 0
6313.120000 0.039429 0
6316.480000 0.036941 0
6319.840000 0.056904 0
6323.200000 0.038960 0
6326.560000 0.037782 0
6329.920000 0.044477 0
6333.280000 0.024018 0
6336.640000 0.014630 0
6340.000000 0.035816 0
6343.360000 0.056866 0
6346.720000 0.054176 0
6350.080000 0.033409 0
6353.440000 0.046272 0
6356.800000 0.036068 0
6360.160000 0.034033 0
6363.520000 0.022140 0
6366.880000 0.046652 0
6370.240000 0.039859 0
6373.600000 0.031769 0
6376.960000 0.037780 0
6380.320000 0.050972 0
6383.680000 0.055059 0
6387.040000 0.040722 0
6390.400000 0.039334 0
6393.760000 0.038963 0
6397.120000 0.057489 0
6400.480000 0.041015 0
6403.840000 0.037434 0
6407.200000 0.054859 0
6410.560000 0.042442 0
6413.920000 0.055482 0
6417.280000 0.033109 0
6420.640000 0.022430 0
6424.000000 0.024697 0
6427.360000 0.008072 0
6430.720000 0.036502 0
6434.080000 0.025390 0
6437.440000 0.018218 0
6440.800000 0.033787 0
6444.160000 0.040953 0
6447.520000 0.059162 0
6450.880000 0.043193 0
6454.240000 0.054456 0
6457.600000 0.043898 0
6460.960000 0.058381 0
6464.320000 0.034629 0
6467.680000 0.032931 0
6471.040000 0.044373 0
6474.400000 0.043737 0
6477.760000 0.020856 0
6481.120000 0.057399 0
6484.480000 0.039705 0
6487.840000 0.016378 0
6491.200000 0.049849 0
6494.560000 0.037032 0
6497.920000 0.024016 0
6501.280000 0.011518 0
6504.640000 0.043162 0
6508.000000 0.051288 0
6511.360000 0.037887 0
6514.720000 0.062338 0
6518.080000 0.074874 0
6521.440000 0.058700 0
6524.800000 0.059059 0
6528.160000 0.049714 0
6531.520000 0.066170 0
6534.880000 0.090933 0
6538.240000 0.066162 0
6541.600000 0.067114 0
6544.960000 0.067070 0
6548.320000 0.068657 0
6551.680000 0.086797 0
6555.040000 0.065256 0
6558.400000 0.069527 0
6561.760000 0.068894 0
6565.120000 0.068409 0
6568.480000 0.067217 0
6571.840000 0.061336 0
6575.200000 0.060874 0
6578.560000 0.077583 0
6581.920000 0.064523 0
6585.280000 0.076454 0
6588.640000 0.078303 0
6592.000000 0.063145 0
6595.360000 0.057207 0
6598.720000 0.057065 0
6602.080000 0.045717 0
6605.440000 0.045242 0
6608.800000 0.056583 0
6612.160000 0.063554 0
6615.520000 0.064879 0
6618.880000 0.061041 0
6622.240000 0.053494 0
6625.600000 0.068435 0
6628.960000 0.066399 0
6632.320000 0.062405 0
6635.680000 0.070913 0
6639.040000 0.065557 0
6642.400000 0.067368 0
6645.760000 0.092970 0
6649.120000 0.074155 0
6652.480000 0.078976 0
6655.840000 0.063267 0
6659.200000 0.047113 0
6662.560000 0.066534 0
6665.920000 0.066392 0
6669.280000 0.063170 0
6672.640000 0.066001 0
6676.000000 0.068821 0
6679.360000 0.070553 0
6682.720000 0.051572 0
6686.080000 0.068445 0
6689.440000 0.074540 0
6692.800000 0.067010 0
6696.160000 0.056105 0
6699.520000 0.066474 0
6702.880000 0.053258 0
6706.240000 0.047068 0
6709.600000 0.050650 0
6712.960000 0.054559 0
6716.320000 0.070182 0
6719.680000 0.062161 0
6723.040000 0.059241 0
6726.400000 0.084074 0
6729.760000 0.057777 0
6733.120000 0.070007 0
6736.480000 0.058879 0
6739.840000 0.055428 0
6743.200000 0.066056 0
6746.560000 0.060184 0
6749.920000 0.073655 0
6753.280000 0.055341 0
6756.640000 0.060088 0
6760.000000 0.068174 0
6763.360000 0.074962 0
6766.720000 0.063020 0
6770.080000 0.060109 0
6773.440000 0.072453 0
6776.800000 0.067170 0
6780.160000 0.069795 0
6783.520000 0.060177 0
6786.880000 0.064725 0
6790.240000 0.068787 0
6793.600000 0.061636 0
6796.960000 0.074365 0
6800.320000 0.059523 0
6803.680000 0.066356 0
6807.040000 0.080823 0
6810.400000 0.065409 0
6813.760000 0.051877 0
6817.120000 0.067505 0
6820.480000 0.058037 0
6823.840000 0.068442 0
6827.200000 0.090418 0
6830.560000 0.056197 0
6833.920000 0.066321 0
6837.280000 0.055426 0
6840.640000 0.060741 0
6844.000000 0.042045 0
6847.360000 0.056725 0
6850.720000 0.064529 0
6854.080000 0.073037 0
6857.440000 0.097173 0
6860.800000 0.047943 0
6864.160000 0.070846 0
6867.520000 0.018935 0
6870.880000 0.029914 0
6874.240000 0.053278 0
6877.600000 0.066765 0
6880.960000 0.065099 0
6884.320000 0.084671 0
6887.680000 0.063810 0
6891.040000 0.075167 0
6894.400000 0.051124 0
6897.760000 0.048959 0
6901.120000 0.054499 0
6904.480000 0.074071 0
6907.840000 0.057831 0
6911.200000 0.073942 0
6914.560000 0.075421 0
6917.920000 0.066836 0
6921.280000 0.058277 0
6924.640000 0.078381 0
6928.000000 0.048392 0
6931.360000 0.049333 0
6934.720000 0.068660 0
6938.080000 0.078477 0
6941.440000 0.068125 0
6944.800000 0.057530 0
6948.160000 0.081381 0
6951.520000 0.067374 0
6954.880000 0.053007 0
6958.240000 0.077874 0
6961.600000 0.073868 0
6964.960000 0.079647 0
6968.320000 0.080097 0
6971.680000 0.070084 0
6975.040000 0.074649 0
6978.400000 0.075309 0
6981.760000 0.076901 0
6985.120000 0.071802 0
6988.480000 0.072088 0
6991.840000 0.076410 0
6995.200000 0.073059 0
6998.560000 0.079028 0
7001.920000 0.101510 0
7005.280000 0.062618 0
7008.640000 0.056234 0
7012.000000 0.056733 0
7015.360000 0.086102 0
7018.720000 0.067099 0
7022.080000 0.065701 0
7025.440000 0.058719 0
7028.800000 0.063429 0
7032.160000 0.039949 0
7035.520000 0.048564 0
7038.880000 0.070523 0
7042.240000 0.055296 0
7045.600000 0.058537 0
7048.960000 0.077970 0
7052.320000 0.057417 0
7055.680000 0.069448 0
7059.040000 0.086616 0
7062.400000 0.075777 0
7065.760000 0.071563 0
7069.120000 0.063977 0
7072.480000 0.057277 0
7075.840000 0.081072 0
7079.200000 0.091797 0
7082.560000 0.069164 0
7085.920000 0.068466 0
7089.280000 0.060297 0
7092.640000 0.067323 0
7096.000000 0.066889 0
7099.360000 0.062863 0
7102.720000 0.067130 0
7106.080000 0.056286 0
7109.440000 0.074879 0
7112.800000 0.059313 0
7116.160000 0.074364 0
7119.520000 0.070863 0
7122.880000 0.080632 0
7126.240000 0.068262 0
7129.600000 0.087799 0
7132.960000 0.080726 0
7136.320000 0.080211 0
7139.680000 0.067773 0
7143.040000 0.094460 0
7146.400000 0.076311 0
7149.760000 0.070087 0
7153.120000 0.068205 0
7156.480000 0.059103 0
7159.840000 0.071254 0
7163.200000 0.068981 0
7166.560000 0.069011 0
7169.920000 0.082049 0
7173.280000 0.064355 0
7176.640000 0.046540 0
7180.000000 0.066077 0
7183.360000 0.060410 0
7186.720000 0.092710 0
7190.080000 0.097955 0
7193.440000 0.066377 0
7196.800000 0.085862 0
7200.160000 0.061129 0
7203.520000 0.079182 0
7206.880000 0.064670 0
7210.240000 0.086514 0
7213.600000 0.072931 0
7216.960000 0.089425 0
7220.320000 0.070448 0
7223.680000 0.081690 0
7227.040000 0.082520 0
7230.400000 0.127436 0
7233.760000 0.112061 0
7237.120000 0.157744 0
7240.480000 0.032571 0
7243.840000 0.094044 0
7247.200000 0.050112 0
7250.560000 0.021410 0
7253.920000 0.056333 0
7257.280000 0.094780 0
7260.640000 0.065196 0
7264.000000 0.095217 0
7267.360000 0.099903 0
7270.720000 0.158803 0
7274.080000 0.059362 0
7277.440000 0.127521 0
7280.800000 0.049459 0
7284.160000 0.033904 0
7287.520000 0.082153 0
7290.880000 0.064070 0
7294.240000 0.066521 0
7297.600000 0.089781 0
7300.960000 0.079098 0
7304.320000 0.071528 0
7307.680000 0.084266 0
7311.040000 0.107263 0
7314.400000 0.098012 0
7317.760000 0.064697 0
7321.120000 0.080197 0
7324.480000 0.083680 0
7327.840000 0.097164 0
7331.200000 0.104220 0
7334.560000 0.145978 0
7337.920000 0.081600 0
7341.280000 0.082917 0
7344.640000 0.040322 0
7348.000000 0.048211 0
7351.360000 0.096195 0
7354.720000 0.086814 0
7358.080000 0.064342 0
7361.440000 0.106130 0
7364.800000 0.102114 0
7368.160000 0.098144 0
7371.520000 0.085624 0
7374.880000 0.055762 0
7378.240000 0.095487 0
7381.600000 0.080487 0
7384.960000 0.101354 0
7388.320000 0.086131 0
7391.680000 0.096885 0
7395.040000 0.117237 0
7398.400000 0.066271 0
7401.760000 0.063354 0
7405.120000 0.046371 0
7408.480000 0.079493 0
7411.840000 0.079087 0
7415.200000 0.064839 0
7418.560000 0.093789 0
7421.920000 0.106314 0
7425.280000 0.089056 0
7428.640000 0.097416 0
7432.000000 0.119307 0
7435.360000 0.087739 0
7438.720000 0.079283 0
7442.080000 0.090358 0
7445.440000 0.073442 0
7448.800000 0.086152 0
7452.160000 0.115290 0
7455.520000 0.089444 0
7458.880000 0.090499 0
7462.240000 0.094813 0
7465.600000 0.115581 0
7468.960000 0.083041 0
7472.320000 0.079986 0
7475.680000 0.086181 0
7479.040000 0.071706 0
7482.400000 0.063006 0
7485.760000 0.067761 0
7489.120000 0.061005 0
7492.480000 0.091471 0
7495.840000 0.098083 0
7499.200000 0.085351 0
7502.560000 0.086189 0
7505.920000 0.088173 0
7509.280000 0.084534 0
7512.640000 0.081002 0
7516.000000 0.099488 0
7519.360000 0.116632 0
7522.720000 0.069100 0
7526.080000 0.102372 0
7529.440000 0.070112 0
7532.800000 0.068640 0
7536.160000 0.068895 0
7539.520000 0.078596 0
7542.880000 0.083476 0
7546.240000 0.089696 0
7549.600000 0.105025 0
7552.960000 0.097563 0
7556.320000 0.080387 0
7559.680000 0.090191 0
7563.040000 0.108969 0
7566.400000 0.114778 0
7569.760000 0.092587 0
7573.120000 0.102603 0
7576.480000 0.117520 0
7579.840000 0.103558 0
7583.200000 0.087510 0
7586.560000 0.076055 0
7589.920000 0.082565 0
7593.280000 0.046660 0
7596.640000 0.040576 0
7600.000000 0.077050 0
7603.360000 0.046439 0
7606.720000 0.098270 0
7610.080000 0.129137 0
7613.440000 0.140328 0
7616.800000 0.103117 0
7620.160000 0.103541 0
7623.520000 0.109966 0
7626.880000 0.096242 0
7630.240000 0.092843 0
7633.600000 0.074179 0
7636.960000 0.104675 0
7640.320000 0.102787 0
7643.680000 0.112271 0
7647.040000 0.089321 0
7650.400000 0.073033 0
7653.760000 0.117167 0
7657.120000 0.100098 0
7660.480000 0.096168 0
7663.840000 0.091229 0
7667.200000 0.092539 0
7670.560000 0.087702 0
7673.920000 0.077312 0
7677.280000 0.076790 0
7680.640000 0.085036 0
7684.000000 0.078479 0
7687.360000 0.090866 0
7690.720000 0.092291 0
7694.080000 0.076333 0
7697.440000 0.071195 0
7700.800000 0.083369 0
7704.160000 0.133089 0
7707.520000 0.150483 0
7710.880000 0.095510 0
7714.240000 0.065829 0
7717.600000 0.085481 0
7720.960000 0.080019 0
7724.320000 0.051989 0
7727.680000 0.073639 0
7731.040000 0.078731 0
7734.400000 0.055059 0
7737.760000 0.091337 0
7741.120000 0.102002 0
7744.480000 0.120974 0
7747.840000 0.126599 0
7751.200000 0.135256 0
7754.560000 0.075482 0
7757.920000 0.052766 0
7761.280000 0.105036 0
7764.640000 0.093508 0
7768.000000 0.101874 0
7771.360000 0.120394 0
7774.720000 0.087169 0
7778.080000 0.088840 0
7781.440000 0.113763 0
7784.800000 0.101037 0
7788.160000 0.115311 0
7791.520000 0.121691 0
7794.880000 0.087424 0
7798.240000 0.047717 0
7801.600000 0.065257 0
7804.960000 0.107721 0
7808.320000 0.102833 0
7811.680000 0.074356 0
7815.040000 0.137202 0
7818.400000 0.128977 0
7821.760000 0.094485 0
7825.120000 0.090182 0
7828.480000 0.049970 0
7831.840000 0.092785 0
7835.200000 0.105872 0
7838.560000 0.102746 0
7841.920000 0.075458 0
7845.280000 0.095223 0
7848.640000 0.057636 0
7852.000000 0.167638 0
7855.360000 0.079942 0
7858.720000 0.050587 0
7862.080000 0.079731 0
7865.440000 0.067385 0
7868.800000 0.049391 0
7872.160000 0.112067 0
7875.520000 0.118282 0
7878.880000 0.093529 0
7882.240000 0.115643 0
7885.600000 0.077956 0
7888.960000 0.079797 0
7892.320000 0.089464 0
7895.680000 0.046046 0
7899.040000 0.087141 0
7902.400000 0.090552 0
7905.760000 0.125487 0
7909.120000 0.126137 0
7912.480000 0.116883 0
7915.840000 0.046618 0
7919.200000 0.043137 0
7922.560000 0.107473 0
7925.920000 0.093750 0
7929.280000 0.123659 0
7932.640000 0.112240 0
7936.000000 0.079739 0
7939.360000 0.074436 0
7942.720000 0.105297 0
7946.080000 0.062464 0
7949.440000 0.064442 0
7952.800000 0.101754 0
7956.160000 0.142962 0
7959.520000 0.104396 0
7962.880000 0.092628 0
7966.240000 0.082798 0
7969.600000 0.059169 0
7972.960000 0.083726 0
7976.320000 0.071539 0
7979.680000 0.099865 0
7983.040000 0.104474 0
7986.400000 0.123910 0
7989.760000 0.061223 0
7993.120000 0.077713 0
7996.480000 0.049568 0
7999.840000 0.062648 0
8003.200000 0.107807 0
8006.560000 0.101281 0
8009.920000 0.074106 0
8013.280000 0.118956 0
8016.640000 0.132806 0
8020.000000 0.108225 0
8023.360000 0.132954 0
8026.720000 0.091650 0
8030.080000 0.080230 0
8033.440000 0.077337 0
8036.800000 0.095253 0
8040.160000 0.083542 0
8043.520000 0.073939 0
8046.880000 0.056435 0
8050.240000 0.092688 0
8053.600000 0.118385 0
8056.960000 0.105886 0
8060.320000 0.097571 0
8063.680000 0.102170 0
8067.040000 0.079220 0
8070.400000 0.089375 0
8073.760000 0.097306 0
8077.120000 0.082917 0
8080.480000 0.109601 0
8083.840000 0.106818 0
8087.200000 0.116253 0
8090.560000 0.091616 0
8093.920000 0.111852 0
8097.280000 0.134178 0
8100.640000 0.129716 0
8104.000000 0.113535 0
8107.360000 0.100656 0
8110.720000 0.104652 0
8114.080000 0.108151 0
8117.440000 0.105893 0
8120.800000 0.093567 0
8124.160000 0.096856 0
8127.520000 0.100733 0
8130.880000 0.100591 0
8134.240000 0.101466 0
8137.600000 0.106009 0
8140.960000 0.086554 0
8144.320000 0.078488 0
8147.680000 0.089043 0
8151.040000 0.107057 0
8154.400000 0.090924 0
8157.760000 0.090228 0
8161.120000 0.083880 0
8164.480000 0.093401 0
8167.840000 0.099724 0
8171.200000 0.080551 0
8174.560000 0.076233 0
8177.920000 0.089834 0
8181.280000 0.094529 0
8184.640000 0.102083 0
8188.000000 0.090625 0
8191.360000 0.104781 0
8194.720000 0.106133 0
8198.080000 0.072463 0
8201.440000 0.098581 0
8204.800000 0.091693 0
8208.160000 0.099215 0
8211.520000 0.084409 0
8214.880000 0.099059 0
8218.240000 0.088494 0
8221.600000 0.082071 0
8224.960000 0.096184 0
8228.320000 0.082290 0
8231.680000 0.085133 0
8235.040000 0.087127 0
8238.400000 0.074635 0
8241.760000 0.074873 0
8245.120000 0.096516 0
8248.480000 0.096192 0
8251.840000 0.110245 0
8255.200000 0.113130 0
8258.560000 0.113104 0
8261.920000 0.107151 0
8265.280000 0.095747 0
8268.640000 0.083439 0
8272.000000 0.112294 0
8275.360000 0.096196 0
8278.720000 0.121635 0
8282.080000 0.123231 0
8285.440000 0.067198 0
8288.800000 0.101248 0
8292.160000 0.110059 0
8295.520000 0.127379 0
8298.880000 0.079830 0
8302.240000 0.116370 0
8305.600000 0.132306 0
8308.960000 0.108643 0
8312.320000 0.079340 0
8315.680000 0.104600 0
8319.040000 0.090856 0
8322.400000 0.076123 0
8325.760000 0.101023 0
8329.120000 0.090215 0
8332.480000 0.099297 0
8335.840000 0.069044 0
8339.200000 0.016110 0
8342.560000 0.050269 0
8345.920000 0.138131 0
8349.280000 0.137231 0
8352.640000 0.065510 0
8356.000000 0.075976 0
8359.360000 0.097520 0
8362.720000 0.084394 0
8366.080000 0.129928 0
8369.440000 0.102793 0
8372.800000 0.084114 0
8376.160000 0.119513 0
8379.520000 0.123791 0
8382.880000 0.069455 0
8386.240000 0.111357 0
8389.600000 0.059989 0
8392.960000 0.125359 0
8396.320000 0.146565 0
8399.680000 0.124540 0
8403.040000 0.123382 0
8406.400000 0.101189 0
8409.760000 0.112415 0
8413.120000 0.123333 0
8416.480000 0.099149 0
8419.840000 0.113432 0
8423.200000 0.060831 0
8426.560000 0.098759 0
8429.920000 0.081903 0
8433.280000 0.137422 0
8436.640000 0.148851 0
8440.000000 0.093574 0
8443.360000 0.101162 0
8446.720000 0.097733 0
8450.080000 0.054995 0
8453.440000 0.073375 0
8456.800000 0.079260 0
8460.160000 0.060340 0
8463.520000 0.061845 0
8466.880000 0.064540 0
8470.240000 0.056400 0
8473.600000 0.084631 0
8476.960000 0.085315 0
8480.320000 0.087310 0
8483.680000 0.088421 0
8487.040000 0.091073 0
8490.400000 0.071912 0
8493.760000 0.090880 0
8497.120000 0.124722 0
8500.480000 0.043377 0
8503.840000 0.092378 0
8507.200000 0.106996 0
8510.560000 0.097465 0
8513.920000 0.078467 0
8517.280000 0.081464 0
8520.640000 0.081127 0
8524.000000 0.090328 0
8527.360000 0.103415 0
8530.720000 0.098522 0
8534.080000 0.079159 0
8537.440000 0.095435 0
8540.800000 0.099628 0
8544.160000 0.079350 0
8547.520000 0.096536 0
8550.880000 0.120830 0
8554.240000 0.130566 0
8557.600000 0.085043 0
8560.960000 0.102410 0
8564.320000 0.106530 0
8567.680000 0.099139 0
8571.040000 0.079921 0
8574.400000 0.109771 0
8577.760000 0.105832 0
8581.120000 0.101832 0
8584.480000 0.096804 0
8587.840000 0.103407 0
8591.200000 0.102176 0
8594.560000 0.089994 0
8597.920000 0.097290 0
8601.280000 0.092091 0
8604.640000 0.090308 0
8608.000000 0.111356 0
8611.360000 0.053724 0
8614.720000 0.077623 0
8618.080000 0.097986 0
8621.440000 0.065665 0
8624.800000 0.081083 0
8628.160000 0.115297 0
8631.520000 0.076614 0
8634.880000 0.112155 0
8638.240000 0.108541 0
8641.600000 0.122897 0
8644.960000 0.114655 0
8648.320000 0.108930 0
8651.680000 0.097338 0
8655.040000 0.082470 0
8658.400000 0.067096 0
8661.760000 0.134121 0
8665.120000 0.143306 0
8668.480000 0.152841 0
8671.840000 0.093585 0
8675.200000 0.098866 0
8678.560000 0.095203 0
8681.920000 0.102064 0
8685.280000 0.128379 0
8688.640000 0.097960 0
8692.000000 0.124809 0
8695.360000 0.107491 0
8698.720000 0.084999 0
8702.080000 0.079771 0
8705.440000 0.086382 0
8708.800000 0.105369 0
8712.160000 0.089417 0
8715.520000 0.103980 0
8718.880000 0.118038 0
8722.240000 0.101108 0
8725.600000 0.087182 0
8728.960000 0.095905 0
8732.320000 0.095345 0
8735.680000 0.091222 0
8739.040000 0.106994 0
8742.400000 0.113203 0
8745.760000 0.093038 0
8749.120000 0.085339 0
8752.480000 0.073791 0
8755.840000 0.092507 0
8759.200000 0.064583 0
8762.560000 0.096235 0
8765.920000 0.174581 0
8769.280000 0.141479 0
8772.640000 0.145868 0
8776.000000 0.158434 0
8779.360000 0.097300 0
8782.720000 0.112734 0
8786.080000 0.126239 0
8789.440000 0.102053 0
8792.800000 0.099936 0
8796.160000 0.136425 0
8799.520000 0.111767 0
8802.880000 0.092608 0
8806.240000 0.102906 0
8809.600000 0.120225 0
8812.960000 0.132849 0
8816.320000 0.099988 0
8819.680000 0.131751 0
8823.040000 0.062910 0
8826.400000 0.011482 0
8829.760000 -0.017193 0
8833.120000 0.221308 0
8836.480000 0.161062 0
8839.840000 0.078725 0
8843.200000 0.120054 0
8846.560000 0.142874 0
8849.920000 0.095928 0
8853.280000 0.105388 0
8856.640000 0.104176 0
8860.000000 0.097346 0
8863.360000 0.095928 0
8866.720000 0.072197 0
8870.080000 0.108312 0
8873.440000 0.115481 0
8876.800000 0.063313 0
8880.160000 0.033153 0
8883.520000 0.030959 0
8886.880000 0.118021 0
8890.240000 0.055011 0
8893.600000 0.134978 0
8896.960000 0.142269 0
8900.320000 0.137294 0
8903.680000 0.094135 0
8907.040000 0.113661 0
8910.400000 0.129770 0
8913.760000 0.109184 0
8917.120000 0.070128 0
8920.480000 0.154327 0
8923.840000 0.150781 0
8927.200000 0.148640 0
8930.560000 0.124853 0
8933.920000 0.109746 0
8937.280000 0.105439 0
8940.640000 0.122394 0
8944.000000 0.107401 0
8947.360000 0.150267 0
8950.720000 0.090177 0
8954.080000 0.130881 0
8957.440000 0.033779 0
8960.800000 0.145612 0
8964.160000 0.133834 0
8967.520000 0.106505 0
8970.880000 0.103315 0
8974.240000 0.082892 0
8977.600000 0.097044 0
8980.960000 0.115965 0
8984.320000 0.129418 0
8987.680000 0.130829 0
8991.040000 0.104292 0
8994.400000 0.148892 0
8997.760000 0.135654 0
9001.120000 0.073690 0
9004.480000 0.049591 0
9007.840000 0.099164 0
9011.200000 0.098149 0
9014.560000 0.079486 0
9017.920000 0.095857 0
9021.280000 0.099972 0
9024.640000 0.093187 0
9028.000000 0.111409 0
9031.360000 0.108464 0
9034.720000 0.090339 0
9038.080000 0.095136 0
9041.440000 0.143222 0
9044.800000 0.114874 0
9048.160000 0.080265 0
9051.520000 0.116780 0
9054.880000 0.085053 0
9058.240000 0.105428 0
9061.600000 0.141306 0
9064.960000 0.134164 0
9068.320000 0.105434 0
9071.680000 0.120127 0
9075.040000 0.114649 0
9078.400000 0.127374 0
9081.760000 0.129944 0
9085.120000 0.130891 0
9088.480000 0.120078 0
9091.840000 0.110558 0
9095.200000 0.142634 0
9098.560000 0.099033 0
9101.920000 0.088522 0
9105.280000 0.105231 0
9108.640000 0.140049 0
9112.000000 0.102505 0
9115.360000 0.134357 0
9118.720000 0.127226 0
9122.080000 0.105888 0
9125.440000 0.092173 0
9128.800000 0.131908 0
9132.160000 0.107109 0
9135.520000 0.105749 0
9138.880000 0.111296 0
9142.240000 0.086054 0
9145.600000 0.096405 0
9148.960000 0.098208 0
9152.320000 0.084020 0
9155.680000 0.091055 0
9159.040000 0.123512 0
9162.400000 0.123692 0
9165.760000 0.119372 0
9169.120000 0.106623 0
9172.480000 0.118536 0
9175.840000 0.116357 0
9179.200000 0.117458 0
9182.560000 0.120127 0
9185.920000 0.101702 0
9189.280000 0.129430 0
9192.640000 0.113711 0
9196.000000 0.097652 0
9199.360000 0.079985 0
9202.720000 0.091001 0
9206.080000 0.118552 0
9209.440000 0.140623 0
9212.800000 0.139837 0
9216.160000 0.140356 0
9219.520000 0.115509 0
9222.880000 0.127694 0
9226.240000 0.093558 0
9229.600000 0.107888 0
9232.960000 0.102628 0
9236.320000 0.084331 0
9239.680000 0.101368 0
9243.040000 0.106373 0
9246.400000 0.131482 0
9249.760000 0.129506 0
