# obs: 255714
# slit: 8a
# z: 0.39393
# lines: [OII],H{beta},H{alpha}
# spec: 697
4451.680000 0.000000 1
4455.040000 0.000000 1
4458.400000 0.000000 1
4461.760000 0.000000 1
4465.120000 0.000000 1
4468.479999 0.000000 1
4471.839999 0.000000 1
4475.199999 0.000000 1
4478.559999 0.000000 1
4481.919999 0.000000 1
4485.279999 0.000000 1
4488.639999 0.000000 1
4491.999999 0.000000 1
4495.359999 0.000000 1
4498.719999 0.000000 1
4502.079998 0.000000 1
4505.439998 0.000000 1
4508.799998 0.000000 1
4512.159998 0.000000 1
4515.519998 0.000000 1
4518.879998 0.000000 1
4522.239998 0.000000 1
4525.599998 0.000000 1
4528.959998 0.000000 1
4532.319997 0.000000 1
4535.679997 -0.035496 0
4539.039997 0.042612 0
4542.399997 0.031354 0
4545.759997 0.036820 0
4549.119997 0.006912 0
4552.479997 0.053393 0
4555.839997 0.024005 0
4559.199997 0.028300 0
4562.559997 0.028484 0
4565.919996 0.032914 0
4569.279996 0.046660 0
4572.639996 0.029733 0
4575.999996 0.030182 0
4579.359996 0.030655 0
4582.719996 0.018073 0
4586.079996 0.050088 0
4589.439996 0.068680 0
4592.799996 0.047436 0
4596.159995 0.066916 0
4599.519995 0.057248 0
4602.879995 0.063365 0
4606.239995 0.033429 0
4609.599995 0.020343 0
4612.959995 0.035863 0
4616.319995 0.038632 0
4619.679995 0.039260 0
4623.039995 0.022171 0
4626.399995 0.028019 0
4629.759994 0.043489 0
4633.119994 0.039759 0
4636.479994 0.022674 0
4639.839994 0.007317 0
4643.199994 0.010137 0
4646.559994 0.028578 0
4649.919994 0.016200 0
4653.279994 0.010054 0
4656.639994 0.012573 0
4659.999993 0.039567 0
4663.359993 0.031100 0
4666.719993 0.028364 0
4670.079993 0.011216 0
4673.439993 0.014207 0
4676.799993 0.009244 0
4680.159993 0.026413 0
4683.519993 0.044847 0
4686.879993 0.052467 0
4690.239993 0.057651 0
4693.599992 0.019749 0
4696.959992 0.015828 0
4700.319992 0.029258 0
4703.679992 0.032701 0
4707.039992 0.039887 0
4710.399992 0.017811 0
4713.759992 0.009322 0
4717.119992 0.017740 0
4720.479992 0.026582 0
4723.839992 0.014077 0
4727.199991 0.017164 0
4730.559991 0.028767 0
4733.919991 0.048420 0
4737.279991 0.033942 0
4740.639991 0.042407 0
4743.999991 0.019230 0
4747.359991 0.024637 0
4750.719991 0.033174 0
4754.079991 0.047809 0
4757.439990 0.045550 0
4760.799990 0.032296 0
4764.159990 0.037402 0
4767.519990 0.034089 0
4770.879990 0.038564 0
4774.239990 0.036776 0
4777.599990 0.014480 0
4780.959990 0.060871 0
4784.319990 0.066269 0
4787.679990 0.037448 0
4791.039989 0.007626 0
4794.399989 0.022005 0
4797.759989 0.018436 0
4801.119989 0.030847 0
4804.479989 0.022903 0
4807.839989 0.020480 0
4811.199989 0.040176 0
4814.559989 0.032863 0
4817.919989 0.024363 0
4821.279988 0.012355 0
4824.639988 0.027188 0
4827.999988 0.023017 0
4831.359988 0.001588 0
4834.719988 0.023987 0
4838.079988 0.029350 0
4841.439988 0.034900 0
4844.799988 0.044141 0
4848.159988 0.028912 0
4851.519988 0.019765 0
4854.879987 0.026325 0
4858.239987 0.030779 0
4861.599987 0.026622 0
4864.959987 0.021047 0
4868.319987 0.030764 0
4871.679987 0.042089 0
4875.039987 0.021798 0
4878.399987 0.000815 0
4881.759987 0.031618 0
4885.119986 0.043883 0
4888.479986 0.025285 0
4891.839986 0.052647 0
4895.199986 0.024462 0
4898.559986 0.019105 0
4901.919986 0.031270 0
4905.279986 0.042019 0
4908.639986 0.048731 0
4911.999986 0.033687 0
4915.359986 0.004560 0
4918.719985 0.033490 0
4922.079985 0.015587 0
4925.439985 0.023206 0
4928.799985 0.027019 0
4932.159985 0.031707 0
4935.519985 0.035473 0
4938.879985 0.027539 0
4942.239985 0.029769 0
4945.599985 0.048918 0
4948.959984 0.010274 0
4952.319984 0.023981 0
4955.679984 0.026457 0
4959.039984 0.022367 0
4962.399984 0.051732 0
4965.759984 0.038374 0
4969.119984 0.057524 0
4972.479984 0.013519 0
4975.839984 0.046204 0
4979.199984 0.033631 0
4982.559983 0.016692 0
4985.919983 0.037952 0
4989.279983 0.027753 0
4992.639983 0.024893 0
4995.999983 0.026349 0
4999.359983 0.037954 0
5002.719983 0.037426 0
5006.079983 0.028758 0
5009.439983 0.031896 0
5012.799982 0.034848 0
5016.159982 0.020319 0
5019.519982 0.042946 0
5022.879982 0.037067 0
5026.239982 0.019746 0
5029.599982 0.028726 0
5032.959982 0.025196 0
5036.319982 0.011444 0
5039.679982 0.032507 0
5043.039982 0.013928 0
5046.399981 0.012281 0
5049.759981 0.014132 0
5053.119981 0.038649 0
5056.479981 0.038914 0
5059.839981 0.005910 0
5063.199981 0.030386 0
5066.559981 0.031032 0
5069.919981 0.017342 0
5073.279981 0.050374 0
5076.639980 0.048274 0
5079.999980 0.027152 0
5083.359980 0.022072 0
5086.719980 0.001782 0
5090.079980 0.020922 0
5093.439980 0.030739 0
5096.799980 0.044179 0
5100.159980 0.038763 0
5103.519980 0.053633 0
5106.879980 0.029261 0
5110.239979 0.026365 0
5113.599979 0.029435 0
5116.959979 0.030476 0
5120.319979 0.035492 0
5123.679979 0.030232 0
5127.039979 0.041318 0
5130.399979 0.027412 0
5133.759979 0.031278 0
5137.119979 0.034887 0
5140.479978 0.020868 0
5143.839978 0.035136 0
5147.199978 0.036534 0
5150.559978 0.039109 0
5153.919978 0.034645 0
5157.279978 0.036102 0
5160.639978 0.029928 0
5163.999978 0.047730 0
5167.359978 0.012490 0
5170.719978 0.033156 0
5174.079977 0.035152 0
5177.439977 0.043594 0
5180.799977 0.032542 0
5184.159977 0.039666 0
5187.519977 0.039585 0
5190.879977 0.089377 0
5194.239977 0.102451 0
5197.599977 0.107703 0
5200.959977 0.101854 0
5204.319977 0.068770 0
5207.679976 0.023751 0
5211.039976 0.006783 0
5214.399976 0.045286 0
5217.759976 0.034502 0
5221.119976 0.035412 0
5224.479976 0.019518 0
5227.839976 0.013450 0
5231.199976 0.029010 0
5234.559976 0.027315 0
5237.919975 0.034266 0
5241.279975 0.040833 0
5244.639975 0.048696 0
5247.999975 0.049382 0
5251.359975 0.041739 0
5254.719975 0.034212 0
5258.079975 0.031275 0
5261.439975 0.032230 0
5264.799975 0.044485 0
5268.159975 0.055232 0
5271.519974 0.038962 0
5274.879974 0.047358 0
5278.239974 0.040528 0
5281.599974 0.040582 0
5284.959974 0.044612 0
5288.319974 0.023759 0
5291.679974 0.031135 0
5295.039974 0.030252 0
5298.399974 0.032718 0
5301.759973 0.036189 0
5305.119973 0.018808 0
5308.479973 0.064406 0
5311.839973 0.052884 0
5315.199973 0.040715 0
5318.559973 0.039537 0
5321.919973 0.057531 0
5325.279973 0.054755 0
5328.639973 0.039718 0
5331.999973 0.059651 0
5335.359972 0.054220 0
5338.719972 0.039090 0
5342.079972 0.037998 0
5345.439972 0.030190 0
5348.799972 0.021177 0
5352.159972 0.026149 0
5355.519972 0.027245 0
5358.879972 0.024723 0
5362.239972 0.050270 0
5365.599971 0.046370 0
5368.959971 0.046540 0
5372.319971 0.047301 0
5375.679971 0.041986 0
5379.039971 0.033208 0
5382.399971 0.036110 0
5385.759971 0.054855 0
5389.119971 0.067794 0
5392.479971 0.073416 0
5395.839971 0.054840 0
5399.199970 0.048157 0
5402.559970 0.046094 0
5405.919970 0.049028 0
5409.279970 0.022687 0
5412.639970 0.042020 0
5415.999970 0.028853 0
5419.359970 0.048051 0
5422.719970 0.040374 0
5426.079970 0.037067 0
5429.439969 0.041067 0
5432.799969 0.026821 0
5436.159969 0.046218 0
5439.519969 0.017075 0
5442.879969 0.043563 0
5446.239969 0.045435 0
5449.599969 0.056701 0
5452.959969 0.044485 0
5456.319969 0.051999 0
5459.679969 0.053240 0
5463.039968 0.052463 0
5466.399968 0.050949 0
5469.759968 0.064375 0
5473.119968 0.045575 0
5476.479968 0.028943 0
5479.839968 0.037312 0
5483.199968 0.021697 0
5486.559968 0.021946 0
5489.919968 0.054479 0
5493.279967 0.037368 0
5496.639967 0.034547 0
5499.999967 0.042765 0
5503.359967 0.050649 0
5506.719967 0.042871 0
5510.079967 0.037025 0
5513.439967 0.062724 0
5516.799967 0.060645 0
5520.159967 0.031474 0
5523.519967 0.028789 0
5526.879966 0.045388 0
5530.239966 0.029089 0
5533.599966 0.023814 0
5536.959966 0.027970 0
5540.319966 0.060459 0
5543.679966 0.053796 0
5547.039966 0.043208 0
5550.399966 0.034941 0
5553.759966 0.047221 0
5557.119965 0.031168 0
5560.479965 0.031322 0
5563.839965 0.032446 1
5567.199965 0.052191 1
5570.559965 0.291782 1
5573.919965 0.092660 1
5577.279965 0.064928 1
5580.639965 0.000221 1
5583.999965 -0.043475 1
5587.359965 -0.015161 1
5590.719964 0.028330 1
5594.079964 0.044134 1
5597.439964 0.043899 0
5600.799964 0.041450 0
5604.159964 0.053557 0
5607.519964 0.035799 0
5610.879964 0.039663 0
5614.239964 0.048737 0
5617.599964 0.053065 0
5620.959963 0.079054 0
5624.319963 0.058570 0
5627.679963 0.058459 0
5631.039963 0.044393 0
5634.399963 0.046611 0
5637.759963 0.048056 0
5641.119963 0.049580 0
5644.479963 0.063628 0
5647.839963 0.051494 0
5651.199963 0.060062 0
5654.559962 0.047153 0
5657.919962 0.050710 0
5661.279962 0.065468 0
5664.639962 0.043178 0
5667.999962 0.038266 0
5671.359962 0.043853 0
5674.719962 0.069185 0
5678.079962 0.055924 0
5681.439962 0.051377 0
5684.799962 0.048511 0
5688.159961 0.040932 0
5691.519961 0.049446 0
5694.879961 0.039011 0
5698.239961 0.053451 0
5701.599961 0.038863 0
5704.959961 0.036878 0
5708.319961 0.049826 0
5711.679961 0.044499 0
5715.039961 0.035618 0
5718.399960 0.040220 0
5721.759960 0.040833 0
5725.119960 0.048017 0
5728.479960 0.054095 0
5731.839960 0.047336 0
5735.199960 0.044897 0
5738.559960 0.044059 0
5741.919960 0.049633 0
5745.279960 0.063320 0
5748.639960 0.050123 0
5751.999959 0.061228 0
5755.359959 0.051571 0
5758.719959 0.044861 0
5762.079959 0.042177 0
5765.439959 0.041888 0
5768.799959 0.068890 0
5772.159959 0.058822 0
5775.519959 0.067442 0
5778.879959 0.048427 0
5782.239958 0.036602 0
5785.599958 0.028796 0
5788.959958 0.058923 1
5792.319958 0.063662 1
5795.679958 0.048802 1
5799.039958 0.057946 1
5802.399958 0.059019 1
5805.759958 0.035860 1
5809.119958 0.055343 1
5812.479958 0.059329 1
5815.839957 0.061168 1
5819.199957 0.065381 1
5822.559957 0.059406 1
5825.919957 0.050790 1
5829.279957 0.060821 1
5832.639957 0.070553 1
5835.999957 0.058437 1
5839.359957 0.058420 0
5842.719957 0.050263 0
5846.079956 0.053411 0
5849.439956 0.067095 0
5852.799956 0.040785 0
5856.159956 0.053525 0
5859.519956 0.043409 0
5862.879956 0.063319 0
5866.239956 0.069003 0
5869.599956 0.075331 0
5872.959956 0.049092 0
5876.319956 0.043061 0
5879.679955 0.053000 0
5883.039955 0.087515 0
5886.399955 0.071170 0
5889.759955 0.075500 0
5893.119955 -0.000114 0
5896.479955 0.034338 0
5899.839955 0.053706 0
5903.199955 0.004490 0
5906.559955 0.046762 0
5909.919954 0.057889 0
5913.279954 0.059104 0
5916.639954 0.059335 0
5919.999954 0.048637 0
5923.359954 0.050477 0
5926.719954 0.046847 0
5930.079954 0.025823 0
5933.439954 0.042071 0
5936.799954 0.049766 0
5940.159954 0.047235 0
5943.519953 0.043221 0
5946.879953 0.046800 0
5950.239953 0.048867 0
5953.599953 0.034908 0
5956.959953 0.054026 0
5960.319953 0.038130 0
5963.679953 0.068108 0
5967.039953 0.047244 0
5970.399953 0.047251 0
5973.759952 0.043087 0
5977.119952 0.049166 0
5980.479952 0.041133 0
5983.839952 0.028090 0
5987.199952 0.046278 0
5990.559952 0.060276 0
5993.919952 0.038620 0
5997.279952 0.038442 0
6000.639952 0.048096 0
6003.999952 0.060719 0
6007.359951 0.016361 0
6010.719951 0.058794 0
6014.079951 0.043920 0
6017.439951 0.046461 0
6020.799951 0.039263 0
6024.159951 0.041199 0
6027.519951 0.038315 0
6030.879951 0.026942 0
6034.239951 0.041000 0
6037.599950 0.044085 0
6040.959950 0.033841 0
6044.319950 0.055834 0
6047.679950 0.059426 0
6051.039950 0.059164 0
6054.399950 0.053117 0
6057.759950 0.042743 0
6061.119950 0.052001 0
6064.479950 0.055123 0
6067.839950 0.049035 0
6071.199949 0.036366 0
6074.559949 0.037086 0
6077.919949 0.060595 0
6081.279949 0.045252 0
6084.639949 0.042812 0
6087.999949 0.047784 0
6091.359949 0.062259 0
6094.719949 0.051096 0
6098.079949 0.043719 0
6101.439948 0.037714 0
6104.799948 0.033535 0
6108.159948 0.051428 0
6111.519948 0.049954 0
6114.879948 0.043247 0
6118.239948 0.056035 0
6121.599948 0.042752 0
6124.959948 0.070199 0
6128.319948 0.055277 0
6131.679948 0.059606 0
6135.039947 0.050664 0
6138.399947 0.031379 0
6141.759947 0.056339 0
6145.119947 0.044680 0
6148.479947 0.065048 0
6151.839947 0.061001 0
6155.199947 0.064649 0
6158.559947 0.035614 0
6161.919947 0.033729 0
6165.279947 0.058246 0
6168.639946 0.049027 0
6171.999946 0.053027 0
6175.359946 0.029031 0
6178.719946 0.057223 0
6182.079946 0.047282 0
6185.439946 0.050123 0
6188.799946 0.045886 0
6192.159946 0.037458 0
6195.519946 0.037161 0
6198.879945 0.039429 0
6202.239945 0.048341 0
6205.599945 0.043175 0
6208.959945 0.048456 0
6212.319945 0.053140 0
6215.679945 0.046187 0
6219.039945 0.050704 0
6222.399945 0.063258 0
6225.759945 0.072249 0
6229.119945 0.044877 0
6232.479944 0.060528 0
6235.839944 0.044377 0
6239.199944 0.047817 0
6242.559944 0.056276 0
6245.919944 0.054933 0
6249.279944 0.039201 0
6252.639944 0.038497 0
6255.999944 0.052549 0
6259.359944 0.062695 0
6262.719943 0.049020 0
6266.079943 0.030584 0
6269.439943 0.032258 0
6272.799943 0.058903 0
6276.159943 0.063677 0
6279.519943 0.040567 0
6282.879943 0.080462 0
6286.239943 0.058269 0
6289.599943 0.042261 0
6292.959943 0.104315 0
6296.319942 0.052783 0
6299.679942 0.041533 0
6303.039942 0.041087 0
6306.399942 0.014158 0
6309.759942 0.045205 0
6313.119942 0.021540 0
6316.479942 0.040052 0
6319.839942 0.048205 0
6323.199942 0.068795 0
6326.559941 0.036149 0
6329.919941 0.058804 0
6333.279941 0.054447 0
6336.639941 0.035228 0
6339.999941 0.049973 0
6343.359941 0.065005 0
6346.719941 0.053705 0
6350.079941 0.044169 0
6353.439941 0.082184 0
6356.799941 0.085488 0
6360.159940 0.084563 0
6363.519940 0.046552 0
6366.879940 0.052881 0
6370.239940 0.077638 0
6373.599940 0.056936 0
6376.959940 0.061996 0
6380.319940 0.069216 0
6383.679940 0.054993 0
6387.039940 0.059716 0
6390.399939 0.051697 0
6393.759939 0.052112 0
6397.119939 0.049754 0
6400.479939 0.048644 0
6403.839939 0.030923 0
6407.199939 0.057374 0
6410.559939 0.049195 0
6413.919939 0.041830 0
6417.279939 0.048660 0
6420.639939 0.032812 0
6423.999938 0.051344 0
6427.359938 0.053860 0
6430.719938 0.057319 0
6434.079938 0.051476 0
6437.439938 0.042069 0
6440.799938 0.056118 0
6444.159938 0.058685 0
6447.519938 0.045032 0
6450.879938 0.052636 0
6454.239937 0.037990 0
6457.599937 0.050734 0
6460.959937 0.052561 0
6464.319937 0.074197 0
6467.679937 0.069713 0
6471.039937 0.046680 0
6474.399937 0.036273 0
6477.759937 0.077755 0
6481.119937 0.056636 0
6484.479937 0.055122 0
6487.839936 0.057240 0
6491.199936 0.054193 0
6494.559936 0.036839 0
6497.919936 0.068189 0
6501.279936 0.048826 0
6504.639936 0.043280 0
6507.999936 0.050021 0
6511.359936 0.043371 0
6514.719936 0.047309 0
6518.079935 0.043657 0
6521.439935 0.046587 0
6524.799935 0.039567 0
6528.159935 0.042986 0
6531.519935 0.050898 0
6534.879935 0.066375 0
6538.239935 0.053657 0
6541.599935 0.066282 0
6544.959935 0.032183 0
6548.319935 0.040703 0
6551.679934 0.054766 0
6555.039934 0.035494 0
6558.399934 0.041396 0
6561.759934 0.032821 0
6565.119934 0.047037 0
6568.479934 0.041170 0
6571.839934 0.034112 0
6575.199934 0.044837 0
6578.559934 0.050147 0
6581.919933 0.049721 0
6585.279933 0.034226 0
6588.639933 0.054784 0
6591.999933 0.042186 0
6595.359933 0.037666 0
6598.719933 0.052342 0
6602.079933 0.058050 0
6605.439933 0.035116 0
6608.799933 0.037433 0
6612.159933 0.054885 0
6615.519932 0.042361 0
6618.879932 0.040981 0
6622.239932 0.043521 0
6625.599932 0.044177 0
6628.959932 0.065313 0
6632.319932 0.050616 0
6635.679932 0.043715 0
6639.039932 0.042466 0
6642.399932 0.042160 0
6645.759932 0.053427 0
6649.119931 0.049774 0
6652.479931 0.040015 0
6655.839931 0.057966 0
6659.199931 0.059684 0
6662.559931 0.056224 0
6665.919931 0.059349 0
6669.279931 0.049513 0
6672.639931 0.044353 0
6675.999931 0.043628 0
6679.359930 0.038971 0
6682.719930 0.055703 0
6686.079930 0.065045 0
6689.439930 0.059277 0
6692.799930 0.049621 0
6696.159930 0.051239 0
6699.519930 0.044214 0
6702.879930 0.053658 0
6706.239930 0.061429 0
6709.599930 0.055741 0
6712.959929 0.050977 0
6716.319929 0.055807 0
6719.679929 0.045887 0
6723.039929 0.044080 0
6726.399929 0.059936 0
6729.759929 0.053573 0
6733.119929 0.045617 0
6736.479929 0.060583 0
6739.839929 0.068728 0
6743.199928 0.066848 0
6746.559928 0.046288 0
6749.919928 0.051136 0
6753.279928 0.029849 0
6756.639928 0.039034 0
6759.999928 0.066018 0
6763.359928 0.042935 0
6766.719928 0.042994 0
6770.079928 0.063579 0
6773.439928 0.077456 0
6776.799927 0.078753 0
6780.159927 0.081386 0
6783.519927 0.078745 0
6786.879927 0.035322 0
6790.239927 0.031367 0
6793.599927 0.050697 0
6796.959927 0.042317 0
6800.319927 0.050534 0
6803.679927 0.059790 0
6807.039926 0.037834 0
6810.399926 0.046517 0
6813.759926 0.054760 0
6817.119926 0.051847 0
6820.479926 0.062279 0
6823.839926 0.061562 0
6827.199926 0.071959 0
6830.559926 0.006805 0
6833.919926 0.047744 0
6837.279926 0.062890 0
6840.639925 0.030699 0
6843.999925 0.059590 0
6847.359925 0.030833 0
6850.719925 0.044707 0
6854.079925 0.025723 0
6857.439925 0.037934 0
6860.799925 0.033806 0
6864.159925 0.028243 0
6867.519925 0.009969 0
6870.879924 0.049543 0
6874.239924 0.024301 0
6877.599924 0.015009 0
6880.959924 0.055414 0
6884.319924 0.064543 0
6887.679924 0.038838 0
6891.039924 0.070350 0
6894.399924 0.041198 0
6897.759924 0.036644 0
6901.119924 0.050333 0
6904.479923 0.054561 0
6907.839923 0.045302 0
6911.199923 0.048950 0
6914.559923 0.074179 0
6917.919923 0.037712 0
6921.279923 0.027687 0
6924.639923 0.035113 0
6927.999923 0.031968 0
6931.359923 0.034749 0
6934.719922 0.048784 0
6938.079922 0.033379 0
6941.439922 0.049841 0
6944.799922 0.027162 0
6948.159922 0.024669 0
6951.519922 0.064918 0
6954.879922 0.039111 0
6958.239922 0.052331 0
6961.599922 0.049088 0
6964.959922 0.029037 0
6968.319921 0.060662 0
6971.679921 0.061315 0
6975.039921 0.046422 0
6978.399921 0.054893 0
6981.759921 0.079201 0
6985.119921 0.045082 0
6988.479921 0.061115 0
6991.839921 0.073815 0
6995.199921 0.037131 0
6998.559920 0.046490 0
7001.919920 0.068749 0
7005.279920 0.060876 0
7008.639920 0.055271 0
7011.999920 0.039343 0
7015.359920 0.053014 0
7018.719920 0.050714 0
7022.079920 0.041998 0
7025.439920 0.024520 0
7028.799920 0.044693 0
7032.159919 0.067276 0
7035.519919 0.056694 0
7038.879919 0.032938 0
7042.239919 0.035405 0
7045.599919 0.044479 0
7048.959919 0.065819 0
7052.319919 0.053652 0
7055.679919 0.038353 0
7059.039919 0.044439 0
7062.399918 0.060991 0
7065.759918 0.055897 0
7069.119918 0.036076 0
7072.479918 0.046061 0
7075.839918 0.041572 0
7079.199918 0.049105 0
7082.559918 0.058575 0
7085.919918 0.024076 0
7089.279918 0.043540 0
7092.639918 0.058429 0
7095.999917 0.056149 0
7099.359917 0.049216 0
7102.719917 0.053204 0
7106.079917 0.044882 0
7109.439917 0.039425 0
7112.799917 0.042130 0
7116.159917 0.064721 0
7119.519917 0.044570 0
7122.879917 0.042509 0
7126.239916 0.054293 0
7129.599916 0.027696 0
7132.959916 0.036743 0
7136.319916 0.048009 0
7139.679916 0.045511 0
7143.039916 0.053317 0
7146.399916 0.037593 0
7149.759916 0.046561 0
7153.119916 0.048753 0
7156.479916 0.059296 0
7159.839915 0.056887 0
7163.199915 0.047162 0
7166.559915 0.044546 0
7169.919915 0.047657 0
7173.279915 0.041565 0
7176.639915 0.058552 0
7179.999915 0.050527 0
7183.359915 0.026464 0
7186.719915 0.031936 0
7190.079915 0.048336 0
7193.439914 0.030675 0
7196.799914 0.034260 0
7200.159914 0.039766 0
7203.519914 0.030452 0
7206.879914 0.056181 0
7210.239914 0.034749 0
7213.599914 0.037984 0
7216.959914 0.061000 0
7220.319914 0.043877 0
7223.679913 0.044085 0
7227.039913 0.039235 0
7230.399913 0.042271 0
7233.759913 0.040739 0
7237.119913 0.035065 0
7240.479913 0.053801 0
7243.839913 0.064646 0
7247.199913 0.001606 0
7250.559913 0.060237 0
7253.919913 0.041436 0
7257.279912 0.039762 0
7260.639912 0.030428 0
7263.999912 0.057633 0
7267.359912 0.035994 0
7270.719912 0.026350 0
7274.079912 0.031272 0
7277.439912 -0.002262 0
7280.799912 0.045957 0
7284.159912 0.061535 0
7287.519911 0.056042 0
7290.879911 0.060112 0
7294.239911 0.055333 0
7297.599911 0.033724 0
7300.959911 0.045175 0
7304.319911 0.050223 0
7307.679911 0.035164 0
7311.039911 0.048437 0
7314.399911 0.051319 0
7317.759911 0.033537 0
7321.119910 0.075751 0
7324.479910 0.041019 0
7327.839910 0.059473 0
7331.199910 0.043696 0
7334.559910 0.043006 0
7337.919910 0.012845 0
7341.279910 0.032722 0
7344.639910 0.068497 0
7347.999910 0.059772 0
7351.359909 0.021497 0
7354.719909 0.031077 0
7358.079909 0.047571 0
7361.439909 0.018517 0
7364.799909 0.053714 0
7368.159909 0.053360 0
7371.519909 0.041815 0
7374.879909 0.061338 0
7378.239909 0.051177 0
7381.599909 0.053066 0
7384.959908 0.054029 0
7388.319908 0.036358 0
7391.679908 0.065314 0
7395.039908 0.035800 0
7398.399908 0.022903 0
7401.759908 0.024143 0
7405.119908 0.070207 0
7408.479908 0.049380 0
7411.839908 0.041865 0
7415.199907 0.044207 0
7418.559907 0.053277 0
7421.919907 0.036704 0
7425.279907 0.054450 0
7428.639907 0.030200 0
7431.999907 0.018365 0
7435.359907 0.041586 0
7438.719907 0.048083 0
7442.079907 0.052721 0
7445.439907 0.062289 0
7448.799906 0.059724 0
7452.159906 0.053469 0
7455.519906 0.053808 0
7458.879906 0.048959 0
7462.239906 0.041167 0
7465.599906 0.021081 0
7468.959906 0.032860 0
7472.319906 0.028752 0
7475.679906 0.033874 0
7479.039905 0.049323 0
7482.399905 0.059116 0
7485.759905 0.051466 0
7489.119905 0.057316 0
7492.479905 0.042263 0
7495.839905 0.066380 0
7499.199905 0.048253 0
7502.559905 0.030272 0
7505.919905 0.044279 0
7509.279905 0.056011 0
7512.639904 0.057691 0
7515.999904 0.045146 0
7519.359904 0.026709 0
7522.719904 0.032851 0
7526.079904 0.027734 0
7529.439904 0.008882 0
7532.799904 0.046037 0
7536.159904 0.030348 0
7539.519904 0.065938 0
7542.879903 0.083402 0
7546.239903 0.048878 0
7549.599903 0.040221 0
7552.959903 0.048796 0
7556.319903 0.032497 0
7559.679903 0.061019 0
7563.039903 0.040717 0
7566.399903 0.069575 0
7569.759903 0.038453 0
7573.119903 0.018829 0
7576.479902 0.041104 0
7579.839902 0.046444 0
7583.199902 0.050329 0
7586.559902 0.044995 0
7589.919902 0.036300 0
7593.279902 0.019484 0
7596.639902 0.031226 0
7599.999902 0.083435 0
7603.359902 0.008897 0
7606.719901 0.042146 0
7610.079901 0.063824 0
7613.439901 0.064054 0
7616.799901 0.043162 0
7620.159901 0.014769 0
7623.519901 -0.019933 0
7626.879901 0.018307 0
7630.239901 0.033322 0
7633.599901 0.025196 0
7636.959901 0.037115 0
7640.319900 0.035516 0
7643.679900 0.056166 0
7647.039900 0.014813 0
7650.399900 0.038864 0
7653.759900 0.038596 0
7657.119900 0.026291 0
7660.479900 0.044403 0
7663.839900 0.056041 0
7667.199900 0.032399 0
7670.559900 0.050602 0
7673.919899 0.028381 0
7677.279899 0.025944 0
7680.639899 0.048120 0
7683.999899 0.052966 0
7687.359899 0.056180 0
7690.719899 0.031307 0
7694.079899 0.042541 0
7697.439899 0.047752 0
7700.799899 0.036783 0
7704.159898 0.030021 0
7707.519898 0.033606 0
7710.879898 0.022511 0
7714.239898 0.025192 0
7717.599898 0.070172 0
7720.959898 0.092280 0
7724.319898 0.053046 0
7727.679898 0.040341 0
7731.039898 0.050191 0
7734.399898 0.039151 0
7737.759897 0.026340 0
7741.119897 0.044681 0
7744.479897 -0.003105 0
7747.839897 0.070737 0
7751.199897 0.078229 0
7754.559897 0.049937 0
7757.919897 0.061129 0
7761.279897 0.067336 0
7764.639897 0.066913 0
7767.999896 0.039809 0
7771.359896 0.044408 0
7774.719896 0.017237 0
7778.079896 0.046400 0
7781.439896 0.064054 0
7784.799896 0.066709 0
7788.159896 0.010758 0
7791.519896 0.006169 0
7794.879896 0.059578 0
7798.239896 0.041226 0
7801.599895 0.042377 0
7804.959895 0.038919 0
7808.319895 0.050805 0
7811.679895 0.058938 0
7815.039895 0.005736 0
7818.399895 0.029658 0
7821.759895 0.030555 0
7825.119895 0.056802 0
7828.479895 0.058017 0
7831.839894 0.048278 0
7835.199894 0.051037 0
7838.559894 0.059952 0
7841.919894 0.048104 0
7845.279894 0.005938 0
7848.639894 0.010218 0
7851.999894 -0.007034 0
7855.359894 0.053912 0
7858.719894 0.067711 0
7862.079894 0.059381 0
7865.439893 0.094184 0
7868.799893 0.073822 0
7872.159893 0.025715 0
7875.519893 0.019792 0
7878.879893 0.026102 0
7882.239893 0.034344 0
7885.599893 0.018231 0
7888.959893 0.053315 0
7892.319893 0.062727 0
7895.679892 0.040658 0
7899.039892 0.028764 0
7902.399892 -0.018109 0
7905.759892 0.004796 0
7909.119892 0.063394 0
7912.479892 0.045861 0
7915.839892 0.037804 0
7919.199892 0.075943 0
7922.559892 0.031104 0
7925.919892 0.084342 0
7929.279891 0.043120 0
7932.639891 0.055452 0
7935.999891 0.069841 0
7939.359891 0.040168 0
7942.719891 0.027857 0
7946.079891 0.033861 0
7949.439891 0.029291 0
7952.799891 0.063930 0
7956.159891 0.012689 0
7959.519890 0.027195 0
7962.879890 0.090077 0
7966.239890 0.014106 0
7969.599890 0.041927 0
7972.959890 0.008232 0
7976.319890 0.021819 0
7979.679890 0.091372 0
7983.039890 0.037322 0
7986.399890 0.057000 0
7989.759890 0.072091 0
7993.119889 0.014626 0
7996.479889 0.054354 0
7999.839889 0.073893 0
8003.199889 0.059712 0
8006.559889 0.063296 0
8009.919889 0.034698 0
8013.279889 0.031374 0
8016.639889 0.054716 0
8019.999889 0.023215 0
8023.359888 0.038492 0
8026.719888 0.058201 0
8030.079888 0.047917 0
8033.439888 0.056737 0
8036.799888 0.041696 0
8040.159888 0.032003 0
8043.519888 0.043836 0
8046.879888 0.021525 0
8050.239888 0.044342 0
8053.599888 0.043870 0
8056.959887 0.030144 0
8060.319887 0.014194 0
8063.679887 0.031951 0
8067.039887 0.036730 0
8070.399887 0.036805 0
8073.759887 0.060204 0
8077.119887 0.077039 0
8080.479887 0.026021 0
8083.839887 0.042268 0
8087.199886 0.042979 0
8090.559886 0.044217 0
8093.919886 0.056851 0
8097.279886 0.027325 0
8100.639886 0.034145 0
8103.999886 0.045981 0
8107.359886 0.054312 0
8110.719886 0.051964 0
8114.079886 0.074504 0
8117.439886 0.058098 0
8120.799885 0.035833 0
8124.159885 0.073042 0
8127.519885 0.042221 0
8130.879885 0.023417 0
8134.239885 0.025047 0
8137.599885 0.046209 0
8140.959885 0.062542 0
8144.319885 0.054525 0
8147.679885 0.048911 0
8151.039885 0.030454 0
8154.399884 0.030577 0
8157.759884 0.026875 0
8161.119884 0.047713 0
8164.479884 0.043141 0
8167.839884 0.056097 0
8171.199884 0.043096 0
8174.559884 0.024379 0
8177.919884 0.037392 0
8181.279884 0.041600 0
8184.639883 0.033302 0
8187.999883 0.032217 0
8191.359883 0.047888 0
8194.719883 0.047770 0
8198.079883 0.054501 0
8201.439883 0.051435 0
8204.799883 0.048304 0
8208.159883 0.055920 0
8211.519883 0.048237 0
8214.879883 0.026500 0
8218.239882 0.035273 0
8221.599882 0.022751 0
8224.959882 0.037106 0
8228.319882 0.048103 0
8231.679882 0.028703 0
8235.039882 0.017490 0
8238.399882 0.024644 0
8241.759882 0.024610 0
8245.119882 0.051609 0
8248.479881 0.050461 0
8251.839881 0.023190 0
8255.199881 0.049492 0
8258.559881 0.045061 0
8261.919881 0.034982 0
8265.279881 0.054731 0
8268.639881 0.040675 0
8271.999881 0.027921 0
8275.359881 0.033675 0
8278.719881 0.038179 0
8282.079880 0.061819 0
8285.439880 0.029776 0
8288.799880 0.045935 0
8292.159880 0.086903 0
8295.519880 0.039733 0
8298.879880 0.064474 0
8302.239880 -0.023287 0
8305.599880 0.022280 0
8308.959880 0.050095 0
8312.319879 0.037113 0
8315.679879 0.004100 0
8319.039879 0.032096 0
8322.399879 0.065722 0
8325.759879 0.059952 0
8329.119879 0.038538 0
8332.479879 0.057900 0
8335.839879 0.027194 0
8339.199879 0.029607 0
8342.559879 0.082765 0
8345.919878 0.084916 0
8349.279878 0.088534 0
8352.639878 0.053110 0
8355.999878 -0.005786 0
8359.359878 0.023802 0
8362.719878 0.047516 0
8366.079878 0.060421 0
8369.439878 0.036772 0
8372.799878 0.021884 0
8376.159877 0.012793 0
8379.519877 0.036128 0
8382.879877 0.062386 0
8386.239877 0.046565 0
8389.599877 0.057982 0
8392.959877 0.048353 0
8396.319877 0.115199 0
8399.679877 -0.005837 0
8403.039877 0.048267 0
8406.399877 0.060034 0
8409.759876 0.088425 0
8413.119876 0.036870 0
8416.479876 0.045591 0
8419.839876 0.083532 0
8423.199876 0.083218 0
8426.559876 0.002460 0
8429.919876 0.037352 0
8433.279876 0.101199 0
8436.639876 0.035948 0
8439.999875 0.030770 0
8443.359875 0.062372 0
8446.719875 0.029382 0
8450.079875 0.010657 0
8453.439875 0.016159 0
8456.799875 0.026248 0
8460.159875 0.021929 0
8463.519875 0.069633 0
8466.879875 0.064057 0
8470.239875 -0.002701 0
8473.599874 0.028669 0
8476.959874 0.043045 0
8480.319874 0.046653 0
8483.679874 0.033125 0
8487.039874 0.058149 0
8490.399874 0.038098 0
8493.759874 0.064679 0
8497.119874 0.052761 0
8500.479874 0.010946 0
8503.839873 0.031142 0
8507.199873 0.064828 0
8510.559873 0.049388 0
8513.919873 0.043026 0
8517.279873 0.056492 0
8520.639873 0.033830 0
8523.999873 0.027377 0
8527.359873 0.020304 0
8530.719873 0.041718 0
8534.079873 0.028161 0
8537.439872 0.039859 0
8540.799872 0.037293 0
8544.159872 0.025441 0
8547.519872 0.062184 0
8550.879872 0.032762 0
8554.239872 0.078367 0
8557.599872 0.027721 0
8560.959872 0.057877 0
8564.319872 0.034969 0
8567.679871 0.037079 0
8571.039871 0.023599 0
8574.399871 0.052667 0
8577.759871 0.039388 0
8581.119871 0.052917 0
8584.479871 0.040123 0
8587.839871 0.036149 0
8591.199871 0.049730 0
8594.559871 0.045764 0
8597.919871 0.039660 0
8601.279870 0.044355 0
8604.639870 0.050150 0
8607.999870 0.027385 0
8611.359870 0.039642 0
8614.719870 0.048899 0
8618.079870 0.039342 0
8621.439870 0.048091 0
8624.799870 0.039958 0
8628.159870 0.035769 0
8631.519870 0.064091 0
8634.879869 0.054540 0
8638.239869 0.037191 0
8641.599869 0.044372 0
8644.959869 0.059196 0
8648.319869 0.041154 0
8651.679869 0.044173 0
8655.039869 0.020385 0
8658.399869 0.027907 0
8661.759869 0.043882 0
8665.119868 0.044621 0
8668.479868 0.065429 0
8671.839868 0.042502 0
8675.199868 0.033553 0
8678.559868 0.008727 0
8681.919868 0.015322 0
8685.279868 0.042185 0
8688.639868 0.055039 0
8691.999868 0.037876 0
8695.359868 0.033393 0
8698.719867 0.030966 0
8702.079867 0.041921 0
8705.439867 0.025536 0
8708.799867 0.041127 0
8712.159867 0.044357 0
8715.519867 0.025714 0
8718.879867 0.046399 0
8722.239867 0.042510 0
8725.599867 0.050090 0
8728.959866 0.019428 0
8732.319866 0.031653 0
8735.679866 0.047470 0
8739.039866 0.051997 0
8742.399866 0.026287 0
8745.759866 0.028707 0
8749.119866 0.031732 0
8752.479866 0.038595 0
8755.839866 0.029867 0
8759.199866 0.037268 0
8762.559865 0.070980 0
8765.919865 0.061965 0
8769.279865 0.085693 0
8772.639865 0.108410 0
8775.999865 0.043548 0
8779.359865 0.025493 0
8782.719865 0.010652 0
8786.079865 0.052281 0
8789.439865 0.072165 0
8792.799864 0.071579 0
8796.159864 0.028136 0
8799.519864 0.015708 0
8802.879864 0.059574 0
8806.239864 0.024000 0
8809.599864 0.038269 1
8812.959864 0.062590 1
8816.319864 0.074722 1
8819.679864 0.073898 1
8823.039864 0.042514 1
8826.399863 0.041595 1
8829.759863 0.083793 1
8833.119863 0.066208 1
8836.479863 0.060436 1
8839.839863 0.067368 1
8843.199863 0.032123 0
8846.559863 0.049006 0
8849.919863 0.063671 0
8853.279863 0.038053 0
8856.639862 0.002330 0
8859.999862 0.013126 0
8863.359862 0.060892 0
8866.719862 0.065573 0
8870.079862 0.044651 0
8873.439862 0.051436 0
8876.799862 0.048302 0
8880.159862 0.068753 0
8883.519862 0.016298 0
8886.879862 0.073365 0
8890.239861 0.033727 0
8893.599861 0.041758 0
8896.959861 0.067484 0
8900.319861 0.083155 0
8903.679861 0.126294 0
8907.039861 0.032653 0
8910.399861 0.057817 0
8913.759861 0.075511 0
8917.119861 0.094572 0
8920.479860 0.014561 0
8923.839860 0.023036 0
8927.199860 0.073371 0
8930.559860 -0.005864 0
8933.919860 0.023878 0
8937.279860 0.063661 0
8940.639860 0.086272 0
8943.999860 0.076096 0
8947.359860 0.042695 0
8950.719860 0.101279 0
8954.079859 0.079176 0
8957.439859 0.060501 0
8960.799859 0.045774 0
8964.159859 0.014150 0
8967.519859 0.045862 0
8970.879859 0.019591 0
8974.239859 0.026044 0
8977.599859 0.059304 0
8980.959859 0.057984 0
8984.319858 0.055086 0
8987.679858 0.045751 0
8991.039858 0.054138 0
8994.399858 0.053863 0
8997.759858 0.029195 0
9001.119858 -0.028936 0
9004.479858 0.028875 0
9007.839858 -0.000878 0
9011.199858 0.023021 0
9014.559858 0.041795 0
9017.919857 0.046327 0
9021.279857 0.056130 0
9024.639857 0.028880 0
9027.999857 0.031543 0
9031.359857 0.038458 0
9034.719857 0.014021 0
9038.079857 0.013618 0
9041.439857 0.053005 0
9044.799857 0.080993 0
9048.159856 0.063755 0
9051.519856 0.041691 0
9054.879856 0.026717 0
9058.239856 0.071504 0
9061.599856 0.057522 0
9064.959856 0.043827 0
9068.319856 0.046610 0
9071.679856 0.028154 0
9075.039856 0.049394 0
9078.399856 0.050850 0
9081.759855 0.036568 0
9085.119855 0.049101 0
9088.479855 0.034972 0
9091.839855 0.022424 0
9095.199855 0.038256 0
9098.559855 0.078073 0
9101.919855 0.049622 0
9105.279855 0.006379 0
9108.639855 0.011029 0
9111.999855 0.044746 0
9115.359854 0.042245 0
9118.719854 0.032733 0
9122.079854 0.043304 0
9125.439854 0.060220 0
9128.799854 0.051158 0
9132.159854 0.052022 0
9135.519854 0.049618 0
9138.879854 0.052123 0
9142.239854 0.111018 0
9145.599853 0.130667 0
9148.959853 0.179593 0
9152.319853 0.177774 0
9155.679853 0.140858 0
9159.039853 0.076050 0
9162.399853 0.069753 0
9165.759853 0.064750 0
9169.119853 0.080321 0
9172.479853 0.056330 0
9175.839853 0.062447 0
9179.199852 0.052104 0
9182.559852 0.066076 0
9185.919852 0.076190 0
9189.279852 0.057649 0
9192.639852 0.055268 0
9195.999852 0.054728 0
9199.359852 0.036569 0
9202.719852 0.058533 0
9206.079852 0.060873 0
9209.439851 0.060236 0
9212.799851 0.046754 0
9216.159851 0.018079 0
9219.519851 0.031298 0
9222.879851 0.040041 0
9226.239851 0.055172 0
9229.599851 0.022753 0
9232.959851 0.071052 0
9236.319851 0.065699 0
9239.679851 0.037718 0
9243.039850 0.020268 0
9246.399850 0.042493 0
9249.759850 0.040414 0
