# obs: 255720-25fits
# slit: 35
# z: 0.82223
# lines: [OII],H9,K,H
# spec: 297
5120.830078 0.000000 1
5122.490078 0.000000 1
5124.150078 0.000000 1
5125.810078 0.000000 1
5127.470078 0.000000 1
5129.130078 0.000000 1
5130.790078 0.000000 1
5132.450078 0.000000 1
5134.110078 0.000000 1
5135.770078 0.000000 1
5137.430078 0.000000 1
5139.090078 0.000000 1
5140.750078 0.000000 1
5142.410078 0.000000 1
5144.070078 0.000000 1
5145.730078 0.000000 1
5147.390078 0.000000 1
5149.050078 0.000000 1
5150.710078 0.000000 1
5152.370078 0.000000 1
5154.030078 0.000000 1
5155.690078 0.000000 1
5157.350078 0.000000 1
5159.010078 0.000000 1
5160.670078 0.000000 1
5162.330078 0.000000 1
5163.990078 0.000000 1
5165.650078 0.000000 1
5167.310078 0.000000 1
5168.970078 0.000000 1
5170.630078 0.000000 1
5172.290078 0.000000 1
5173.950078 0.000000 1
5175.610078 0.025204 0
5177.270078 0.011133 0
5178.930078 0.015782 0
5180.590078 0.021831 0
5182.250078 0.016743 0
5183.910078 0.023378 0
5185.570078 0.012618 0
5187.230078 0.017261 0
5188.890078 0.019260 0
5190.550078 0.012618 0
5192.210078 0.019254 0
5193.870078 0.013981 0
5195.530078 0.018477 0
5197.190078 0.016188 0
5198.850078 0.021529 0
5200.510078 0.023849 0
5202.170078 0.029149 0
5203.830078 0.011025 0
5205.490078 0.022529 0
5207.150078 0.028551 0
5208.810078 0.016792 0
5210.470078 0.012819 0
5212.130078 0.017752 0
5213.790078 0.017011 0
5215.450078 0.010367 0
5217.110078 0.022477 0
5218.770078 -0.000214 0
5220.430078 0.010655 0
5222.090078 0.007368 0
5223.750078 0.001349 0
5225.410078 0.015369 0
5227.070078 0.016645 0
5228.730078 0.022524 0
5230.390078 0.010269 0
5232.050078 0.011115 0
5233.710078 0.016409 0
5235.370078 0.017453 0
5237.030078 0.018934 0
5238.690078 0.010344 0
5240.350078 0.009370 0
5242.010078 0.008314 0
5243.670078 0.015728 0
5245.330078 0.018158 0
5246.990078 0.011549 0
5248.650078 0.016800 0
5250.310078 0.017491 0
5251.970078 0.014717 0
5253.630078 0.018076 0
5255.290078 0.013737 0
5256.950078 0.021034 0
5258.610078 0.009955 0
5260.270078 0.019923 0
5261.930078 0.008836 0
5263.590078 0.012261 0
5265.250078 0.009695 0
5266.910078 0.010266 0
5268.570078 0.006334 0
5270.230078 0.009863 0
5271.890078 0.013819 0
5273.550078 0.016204 0
5275.210078 0.018662 0
5276.870078 0.017390 0
5278.530078 0.009094 0
5280.190078 0.017111 0
5281.850078 0.019076 0
5283.510078 0.018732 0
5285.170078 0.018310 0
5286.830078 0.014431 0
5288.490078 0.012335 0
5290.150078 0.014945 0
5291.810078 0.017999 0
5293.470078 0.015413 0
5295.130078 0.016746 0
5296.790078 0.016893 0
5298.450078 0.015067 0
5300.110078 0.024924 0
5301.770078 0.018293 0
5303.430078 0.012103 0
5305.090078 0.017793 0
5306.750078 0.007046 0
5308.410078 0.003471 0
5310.070078 0.023044 0
5311.730078 0.022034 0
5313.390078 0.004974 0
5315.050078 0.019813 0
5316.710078 0.013840 0
5318.370078 0.004466 0
5320.030078 0.005191 0
5321.690078 0.022636 0
5323.350078 0.013644 0
5325.010078 0.010337 0
5326.670078 0.020957 0
5328.330078 0.009060 0
5329.990078 0.010315 0
5331.650078 0.009299 0
5333.310078 0.023418 0
5334.970078 0.020350 0
5336.630078 0.016643 0
5338.290078 0.009433 0
5339.950078 0.012314 0
5341.610078 0.008776 0
5343.270078 0.013290 0
5344.930078 0.012167 0
5346.590078 0.012560 0
5348.250078 0.017674 0
5349.910078 0.017970 0
5351.570078 0.014303 0
5353.230078 0.017686 0
5354.890078 0.021938 0
5356.550078 0.025521 0
5358.210078 0.017004 0
5359.870078 0.018768 0
5361.530078 0.015238 0
5363.190078 0.010793 0
5364.850078 0.019850 0
5366.510078 0.011866 0
5368.170078 0.011824 0
5369.830078 0.016348 0
5371.490078 0.012601 0
5373.150078 0.010358 0
5374.810078 0.019894 0
5376.470078 0.019230 0
5378.130078 0.014341 0
5379.790078 0.004088 0
5381.450078 0.014645 0
5383.110078 0.014222 0
5384.770078 0.012827 0
5386.430078 0.007911 0
5388.090078 0.010825 0
5389.750078 0.011658 0
5391.410078 0.022159 0
5393.070078 0.007990 0
5394.730078 0.017058 0
5396.390078 0.022808 0
5398.050078 0.013797 0
5399.710078 0.016188 0
5401.370078 0.018173 0
5403.030078 0.012343 0
5404.690078 0.014008 0
5406.350078 0.021202 0
5408.010078 0.014011 0
5409.670078 0.008168 0
5411.330078 0.013638 0
5412.990078 0.018159 0
5414.650078 0.021836 0
5416.310078 0.010285 0
5417.970078 0.020789 0
5419.630078 0.024549 0
5421.290078 0.010106 0
5422.950078 0.014676 0
5424.610078 0.017086 0
5426.270078 0.012597 0
5427.930078 0.015175 0
5429.590078 0.020562 0
5431.250078 0.019227 0
5432.910078 0.012483 0
5434.570078 0.011854 0
5436.230078 0.012387 0
5437.890078 0.006420 0
5439.550078 0.013108 0
5441.210078 0.010685 0
5442.870078 0.020305 0
5444.530078 0.015911 0
5446.190078 0.022269 0
5447.850078 0.016657 0
5449.510078 0.018230 0
5451.170078 0.025675 0
5452.830078 0.017721 0
5454.490078 0.013847 0
5456.150078 0.005337 0
5457.810078 0.015801 0
5459.470078 0.013944 0
5461.130078 0.014192 0
5462.790078 0.015162 0
5464.450078 0.015929 0
5466.110078 0.019126 0
5467.770078 0.017038 0
5469.430078 0.021543 0
5471.090078 0.015924 0
5472.750078 0.011252 0
5474.410078 0.018081 0
5476.070078 0.025503 0
5477.730078 0.016714 0
5479.390078 0.007048 0
5481.050078 0.016725 0
5482.710078 0.009849 0
5484.370078 0.020620 0
5486.030078 0.013346 0
5487.690078 0.012092 0
5489.350078 0.015707 0
5491.010078 0.015734 0
5492.670078 0.016727 0
5494.330078 0.017128 0
5495.990078 0.010355 0
5497.650078 0.005954 0
5499.310078 0.018102 0
5500.970078 0.018208 0
5502.630078 0.009394 0
5504.290078 0.018899 0
5505.950078 0.015050 0
5507.610078 0.019094 0
5509.270078 0.017256 0
5510.930078 0.016553 0
5512.590078 0.008439 0
5514.250078 0.009930 0
5515.910078 0.014016 0
5517.570078 0.018209 0
5519.230078 0.016958 0
5520.890078 0.012483 0
5522.550078 0.013054 0
5524.210078 0.011729 0
5525.870078 0.016679 0
5527.530078 0.010448 0
5529.190078 0.010787 0
5530.850078 0.012517 0
5532.510078 0.008966 0
5534.170078 0.017117 0
5535.830078 0.009283 0
5537.490078 0.016845 0
5539.150078 0.012849 0
5540.810078 0.013714 0
5542.470078 0.015590 0
5544.130078 0.010064 0
5545.790078 0.010486 0
5547.450078 0.018469 0
5549.110078 0.011032 0
5550.770078 0.010477 0
5552.430078 0.010255 0
5554.090078 0.015019 0
5555.750078 0.015484 0
5557.410078 0.022728 0
5559.070078 0.018166 0
5560.730078 0.009625 0
5562.390078 0.015647 0
5564.050078 0.014567 0
5565.710078 -0.002573 0
5567.370078 0.001113 0
5569.030078 0.009323 0
5570.690078 0.011792 1
5572.350078 -0.009602 1
5574.010078 0.033375 1
5575.670078 -0.013857 1
5577.330078 -0.013738 1
5578.990078 0.078673 1
5580.650078 -0.000647 1
5582.310078 0.045979 1
5583.970078 0.022862 1
5585.630078 0.010324 0
5587.290078 0.015393 0
5588.950078 0.020127 0
5590.610078 0.007829 0
5592.270078 0.018369 0
5593.930078 0.012441 0
5595.590078 0.012644 0
5597.250078 0.012831 0
5598.910078 0.015392 0
5600.570078 0.020248 0
5602.230078 0.015758 0
5603.890078 0.008797 0
5605.550078 0.007001 0
5607.210078 0.015681 0
5608.870078 0.021346 0
5610.530078 0.013560 0
5612.190078 0.021814 0
5613.850078 0.015632 0
5615.510078 0.031101 0
5617.170078 0.026955 0
5618.830078 0.013528 0
5620.490078 0.016533 0
5622.150078 0.013551 0
5623.810078 0.015810 0
5625.470078 0.007044 0
5627.130078 0.012102 0
5628.790078 0.020364 0
5630.450078 0.024105 0
5632.110078 0.017118 0
5633.770078 0.018760 0
5635.430078 0.020221 0
5637.090078 0.021079 0
5638.750078 0.019798 0
5640.410078 0.020002 0
5642.070078 0.019682 0
5643.730078 0.012555 0
5645.390078 0.012054 0
5647.050078 0.016856 0
5648.710078 0.021410 0
5650.370078 0.014600 0
5652.030078 0.016026 0
5653.690078 0.017200 0
5655.350078 0.009529 0
5657.010078 0.008405 0
5658.670078 0.021604 0
5660.330078 0.009935 0
5661.990078 0.017275 0
5663.650078 0.012696 0
5665.310078 0.007091 0
5666.970078 0.015991 0
5668.630078 0.017138 0
5670.290078 0.006088 0
5671.950078 0.010921 0
5673.610078 0.019115 0
5675.270078 0.012074 0
5676.930078 0.010400 0
5678.590078 0.010368 0
5680.250078 0.015955 0
5681.910078 0.014739 0
5683.570078 0.014988 0
5685.230078 0.018890 0
5686.890078 0.013324 0
5688.550078 0.012264 0
5690.210078 0.008788 0
5691.870078 0.010597 0
5693.530078 0.017902 0
5695.190078 0.017893 0
5696.850078 0.010332 0
5698.510078 0.023793 0
5700.170078 0.011487 0
5701.830078 0.018767 0
5703.490078 0.017280 0
5705.150078 0.018014 0
5706.810078 0.009001 0
5708.470078 0.014880 0
5710.130078 0.012590 0
5711.790078 0.014100 0
5713.450078 0.016219 0
5715.110078 0.012213 0
5716.770078 0.007508 0
5718.430078 0.014208 0
5720.090078 0.018616 0
5721.750078 0.016097 0
5723.410078 0.015310 0
5725.070078 0.015514 0
5726.730078 0.014202 0
5728.390078 0.015952 0
5730.050078 0.007198 0
5731.710078 0.014043 0
5733.370078 0.017159 0
5735.030078 0.019690 0
5736.690078 0.014321 0
5738.350078 0.008156 0
5740.010078 0.009683 0
5741.670078 0.009901 0
5743.330078 0.015737 0
5744.990078 0.012136 0
5746.650078 0.013422 0
5748.310078 0.014282 0
5749.970078 0.011486 0
5751.630078 0.016378 0
5753.290078 0.013610 0
5754.950078 0.016276 0
5756.610078 0.018802 0
5758.270078 0.015627 0
5759.930078 0.018849 0
5761.590078 0.015340 0
5763.250078 0.015607 0
5764.910078 0.021322 0
5766.570078 0.016468 0
5768.230078 0.010283 0
5769.890078 0.018031 0
5771.550078 0.011205 0
5773.210078 0.013721 0
5774.870078 0.006457 0
5776.530078 0.012330 0
5778.190078 0.012873 0
5779.850078 0.011341 0
5781.510078 0.017762 0
5783.170078 0.013218 0
5784.830078 0.013306 0
5786.490078 0.011858 0
5788.150078 0.007973 0
5789.810078 0.006768 0
5791.470078 0.019081 0
5793.130078 0.017138 0
5794.790078 0.015585 0
5796.450078 0.016245 0
5798.110078 0.018690 0
5799.770078 0.011939 0
5801.430078 0.015797 0
5803.090078 0.017295 0
5804.750078 0.007944 0
5806.410078 0.011033 0
5808.070078 0.014346 0
5809.730078 0.013452 0
5811.390078 0.015983 0
5813.050078 0.016649 0
5814.710078 0.013104 0
5816.370078 0.009750 0
5818.030078 0.004561 0
5819.690078 0.014547 0
5821.350078 0.011327 0
5823.010078 0.012691 0
5824.670078 0.011146 0
5826.330078 0.012177 0
5827.990078 0.011542 0
5829.650078 0.011523 0
5831.310078 0.011650 0
5832.970078 0.015490 0
5834.630078 0.009111 0
5836.290078 0.016451 0
5837.950078 0.012920 0
5839.610078 0.017787 0
5841.270078 0.015043 0
5842.930078 0.012506 0
5844.590078 0.010405 0
5846.250078 0.016316 0
5847.910078 0.019460 0
5849.570078 0.013671 0
5851.230078 0.010875 0
5852.890078 0.008550 0
5854.550078 0.017828 0
5856.210078 0.015922 0
5857.870078 0.010416 0
5859.530078 0.011388 0
5861.190078 0.014984 0
5862.850078 0.010985 0
5864.510078 0.012023 0
5866.170078 0.019983 0
5867.830078 0.017988 0
5869.490078 0.018312 0
5871.150078 0.015115 0
5872.810078 0.013793 0
5874.470078 0.013512 0
5876.130078 0.020145 0
5877.790078 0.014387 0
5879.450078 0.006774 0
5881.110078 0.005797 0
5882.770078 0.003762 0
5884.430078 0.013645 0
5886.090078 0.003126 0
5887.750078 -0.008264 0
5889.410078 0.004609 0
5891.070078 0.008143 0
5892.730078 0.010573 0
5894.390078 0.013874 0
5896.050078 0.017473 0
5897.710078 0.013387 0
5899.370078 0.012259 0
5901.030078 0.008608 0
5902.690078 0.016863 0
5904.350078 0.013711 0
5906.010078 0.007066 0
5907.670078 0.014652 0
5909.330078 0.018136 0
5910.990078 0.018343 0
5912.650078 0.011874 0
5914.310078 0.014570 0
5915.970078 0.009456 0
5917.630078 0.013951 0
5919.290078 0.020233 0
5920.950078 0.018582 0
5922.610078 0.009368 0
5924.270078 0.016290 0
5925.930078 0.017214 0
5927.590078 0.011404 0
5929.250078 0.012282 0
5930.910078 0.016472 0
5932.570078 0.012085 0
5934.230078 0.012773 0
5935.890078 0.012454 0
5937.550078 0.019946 0
5939.210078 0.013775 0
5940.870078 0.005696 0
5942.530078 0.009540 0
5944.190078 0.020948 0
5945.850078 0.022118 0
5947.510078 0.012866 0
5949.170078 0.011819 0
5950.830078 0.017091 0
5952.490078 0.019793 0
5954.150078 0.022657 0
5955.810078 0.016090 0
5957.470078 0.004629 0
5959.130078 0.009278 0
5960.790078 0.014348 0
5962.450078 0.019274 0
5964.110078 0.016043 0
5965.770078 0.014046 0
5967.430078 0.011738 0
5969.090078 0.010088 0
5970.750078 0.008024 0
5972.410078 0.011514 0
5974.070078 0.010799 0
5975.730078 0.008499 0
5977.390078 0.009190 0
5979.050078 0.015135 0
5980.710078 0.016438 0
5982.370078 0.009066 0
5984.030078 0.012855 0
5985.690078 0.016276 0
5987.350078 0.011033 0
5989.010078 0.018886 0
5990.670078 0.016458 0
5992.330078 0.018533 0
5993.990078 0.011717 0
5995.650078 0.013859 0
5997.310078 0.018575 0
5998.970078 0.015936 0
6000.630078 0.010961 0
6002.290078 0.008248 0
6003.950078 0.013765 0
6005.610078 0.009262 0
6007.270078 0.009302 0
6008.930078 0.010649 0
6010.590078 0.010381 0
6012.250078 0.011877 0
6013.910078 0.018070 0
6015.570078 0.015131 0
6017.230078 0.014891 0
6018.890078 0.014780 0
6020.550078 0.022866 0
6022.210078 0.013994 0
6023.870078 0.007967 0
6025.530078 0.015011 0
6027.190078 0.010931 0
6028.850078 0.016451 0
6030.510078 0.008915 0
6032.170078 0.008678 0
6033.830078 0.010196 0
6035.490078 0.010163 0
6037.150078 0.021498 0
6038.810078 0.013669 0
6040.470078 0.008583 0
6042.130078 0.016515 0
6043.790078 0.017847 0
6045.450078 0.015291 0
6047.110078 0.008425 0
6048.770078 0.008954 0
6050.430078 0.019592 0
6052.090078 0.016809 0
6053.750078 0.007532 0
6055.410078 0.014363 0
6057.070078 0.015531 0
6058.730078 0.013808 0
6060.390078 0.013898 0
6062.050078 0.012210 0
6063.710078 0.014087 0
6065.370078 0.012769 0
6067.030078 0.012888 0
6068.690078 0.015016 0
6070.350078 0.018451 0
6072.010078 0.018371 0
6073.670078 0.016279 0
6075.330078 0.017883 0
6076.990078 0.014422 0
6078.650078 0.011287 0
6080.310078 0.013579 0
6081.970078 0.013219 0
6083.630078 0.010599 0
6085.290078 0.012451 0
6086.950078 0.010430 0
6088.610078 0.008108 0
6090.270078 0.002579 0
6091.930078 0.008343 0
6093.590078 0.013552 0
6095.250078 0.009889 0
6096.910078 0.008168 0
6098.570078 0.016131 0
6100.230078 0.014677 0
6101.890078 0.014991 0
6103.550078 0.013521 0
6105.210078 0.009351 0
6106.870078 0.011290 0
6108.530078 0.015671 0
6110.190078 0.014932 0
6111.850078 0.010168 0
6113.510078 0.010343 0
6115.170078 0.013328 0
6116.830078 0.010513 0
6118.490078 0.015731 0
6120.150078 0.015890 0
6121.810078 0.014195 0
6123.470078 0.014254 0
6125.130078 0.011104 0
6126.790078 0.010811 0
6128.450078 0.008197 0
6130.110078 0.016414 0
6131.770078 0.009347 0
6133.430078 0.009467 0
6135.090078 0.009138 0
6136.750078 0.014929 0
6138.410078 0.009231 0
6140.070078 0.007315 0
6141.730078 0.016682 0
6143.390078 0.014153 0
6145.050078 0.010837 0
6146.710078 0.008676 0
6148.370078 0.015806 0
6150.030078 0.014642 0
6151.690078 0.012556 0
6153.350078 0.010427 0
6155.010078 0.016887 0
6156.670078 0.008941 0
6158.330078 0.011223 0
6159.990078 0.013848 0
6161.650078 0.012317 0
6163.310078 0.019829 0
6164.970078 0.016157 0
6166.630078 0.010246 0
6168.290078 0.012321 0
6169.950078 0.011481 0
6171.610078 0.013818 0
6173.270078 0.011414 0
6174.930078 0.006966 0
6176.590078 0.007830 0
6178.250078 0.014700 0
6179.910078 0.018090 0
6181.570078 0.013959 0
6183.230078 0.012591 0
6184.890078 0.007154 0
6186.550078 0.005898 0
6188.210078 0.011118 0
6189.870078 0.009226 0
6191.530078 0.010596 0
6193.190078 0.014526 0
6194.850078 0.009355 0
6196.510078 0.008997 0
6198.170078 0.013904 0
6199.830078 0.012028 0
6201.490078 0.015175 0
6203.150078 0.005177 0
6204.810078 0.007851 0
6206.470078 0.014390 0
6208.130078 0.010571 0
6209.790078 0.012581 0
6211.450078 0.010802 0
6213.110078 0.008621 0
6214.770078 0.006631 0
6216.430078 0.009516 0
6218.090078 0.016486 0
6219.750078 0.011721 0
6221.410078 0.018030 0
6223.070078 0.017045 0
6224.730078 0.008621 0
6226.390078 0.012121 0
6228.050078 0.011992 0
6229.710078 0.011657 0
6231.370078 0.015987 0
6233.030078 0.016927 0
6234.690078 0.008217 0
6236.350078 0.008495 0
6238.010078 0.011894 0
6239.670078 0.011746 0
6241.330078 0.013097 0
6242.990078 0.004970 0
6244.650078 0.011163 0
6246.310078 0.009276 0
6247.970078 0.005600 0
6249.630078 0.014999 0
6251.290078 0.008969 0
6252.950078 0.008302 0
6254.610078 0.016505 0
6256.270078 0.013957 0
6257.930078 0.016643 0
6259.590078 0.016193 0
6261.250078 0.015669 0
6262.910078 0.008323 0
6264.570078 0.008042 0
6266.230078 0.013006 0
6267.890078 0.010490 0
6269.550078 0.010944 0
6271.210078 0.013102 0
6272.870078 0.010779 0
6274.530078 0.008068 0
6276.190078 0.017160 0
6277.850078 0.013470 0
6279.510078 0.017189 0
6281.170078 0.013476 0
6282.830078 0.010769 0
6284.490078 0.004680 0
6286.150078 0.010916 0
6287.810078 0.013124 0
6289.470078 0.009977 0
6291.130078 0.013780 0
6292.790078 0.015016 0
6294.450078 0.009371 1
6296.110078 0.011087 1
6297.770078 0.018824 1
6299.430078 0.028501 1
6301.090078 0.024830 1
6302.750078 -0.013482 1
6304.410078 0.014364 1
6306.070078 0.007580 1
6307.730078 0.002348 1
6309.390078 0.012727 0
6311.050078 0.015369 0
6312.710078 0.010723 0
6314.370078 0.004637 0
6316.030078 0.008147 0
6317.690078 0.013601 0
6319.350078 0.008503 0
6321.010078 0.012551 0
6322.670078 0.011164 0
6324.330078 0.006505 0
6325.990078 0.005795 0
6327.650078 0.011820 0
6329.310078 0.016479 0
6330.970078 0.014748 0
6332.630078 0.008857 0
6334.290078 0.009376 0
6335.950078 0.016920 0
6337.610078 0.013929 0
6339.270078 0.011691 0
6340.930078 0.012458 0
6342.590078 0.011687 0
6344.250078 0.013883 0
6345.910078 0.015025 0
6347.570078 0.007288 0
6349.230078 0.007712 0
6350.890078 0.010634 0
6352.550078 0.013006 0
6354.210078 0.013278 0
6355.870078 0.007784 0
6357.530078 0.007201 0
6359.190078 0.009486 0
6360.850078 0.011939 0
6362.510078 0.001735 0
6364.170078 0.012221 0
6365.830078 0.002528 0
6367.490078 0.004780 0
6369.150078 0.004997 0
6370.810078 0.003741 0
6372.470078 0.013677 0
6374.130078 0.013649 0
6375.790078 0.010882 0
6377.450078 0.015582 0
6379.110078 0.011809 0
6380.770078 0.012407 0
6382.430078 0.006209 0
6384.090078 0.004367 0
6385.750078 0.012764 0
6387.410078 0.015470 0
6389.070078 0.011447 0
6390.730078 0.013607 0
6392.390078 0.011148 0
6394.050078 0.012407 0
6395.710078 0.017914 0
6397.370078 0.012763 0
6399.030078 0.016741 0
6400.690078 0.005100 0
6402.350078 0.008558 0
6404.010078 0.012749 0
6405.670078 0.009204 0
6407.330078 0.009438 0
6408.990078 0.013139 0
6410.650078 0.014430 0
6412.310078 0.013460 0
6413.970078 0.009734 0
6415.630078 0.012960 0
6417.290078 0.012992 0
6418.950078 0.020355 0
6420.610078 0.010717 0
6422.270078 0.011344 0
6423.930078 0.009281 0
6425.590078 0.007841 0
6427.250078 0.002640 0
6428.910078 0.005719 0
6430.570078 0.008564 0
6432.230078 0.013715 0
6433.890078 0.015479 0
6435.550078 0.012731 0
6437.210078 0.008625 0
6438.870078 0.011317 0
6440.530078 0.008703 0
6442.190078 0.012449 0
6443.850078 0.009219 0
6445.510078 0.013195 0
6447.170078 0.014842 0
6448.830078 0.012011 0
6450.490078 0.016705 0
6452.150078 0.010990 0
6453.810078 0.006738 0
6455.470078 0.013974 0
6457.130078 0.009220 0
6458.790078 0.009911 0
6460.450078 0.010734 0
6462.110078 0.010751 0
6463.770078 0.016387 0
6465.430078 0.011158 0
6467.090078 0.008854 0
6468.750078 0.013755 0
6470.410078 0.014449 0
6472.070078 0.013125 0
6473.730078 0.009810 0
6475.390078 0.011406 0
6477.050078 0.011533 0
6478.710078 0.014161 0
6480.370078 0.011478 0
6482.030078 0.011520 0
6483.690078 0.014672 0
6485.350078 0.015891 0
6487.010078 0.012034 0
6488.670078 0.010823 0
6490.330078 0.009285 0
6491.990078 0.010981 0
6493.650078 0.013219 0
6495.310078 0.006183 0
6496.970078 0.008845 0
6498.630078 0.015980 0
6500.290078 0.010120 0
6501.950078 0.013096 0
6503.610078 0.017872 0
6505.270078 0.012259 0
6506.930078 0.009265 0
6508.590078 0.013745 0
6510.250078 0.011134 0
6511.910078 0.009599 0
6513.570078 0.009116 0
6515.230078 0.010200 0
6516.890078 0.009315 0
6518.550078 0.009746 0
6520.210078 0.015788 0
6521.870078 0.011413 0
6523.530078 0.016599 0
6525.190078 0.013848 0
6526.850078 0.010265 0
6528.510078 0.014321 0
6530.170078 0.013992 0
6531.830078 0.010124 0
6533.490078 0.013391 0
6535.150078 0.010077 0
6536.810078 0.004263 0
6538.470078 0.005101 0
6540.130078 0.010262 0
6541.790078 0.007885 0
6543.450078 0.013261 0
6545.110078 0.015990 0
6546.770078 0.014567 0
6548.430078 0.014060 0
6550.090078 0.016622 0
6551.750078 0.015667 0
6553.410078 0.014082 0
6555.070078 0.009488 0
6556.730078 0.009175 0
6558.390078 0.007410 0
6560.050078 0.012778 0
6561.710078 0.013380 0
6563.370078 0.012959 0
6565.030078 0.011394 0
6566.690078 0.009035 0
6568.350078 0.014281 0
6570.010078 0.016836 0
6571.670078 0.011361 0
6573.330078 0.008926 0
6574.990078 0.015642 0
6576.650078 0.012754 0
6578.310078 0.013607 0
6579.970078 0.013971 0
6581.630078 0.005123 0
6583.290078 0.010740 0
6584.950078 0.013528 0
6586.610078 0.013345 0
6588.270078 0.010029 0
6589.930078 0.005111 0
6591.590078 0.009416 0
6593.250078 0.010120 0
6594.910078 0.010266 0
6596.570078 0.015173 0
6598.230078 0.015185 0
6599.890078 0.011459 0
6601.550078 0.011402 0
6603.210078 0.010615 0
6604.870078 0.011248 0
6606.530078 0.009743 0
6608.190078 0.010241 0
6609.850078 0.012917 0
6611.510078 0.012871 0
6613.170078 0.012573 0
6614.830078 0.011198 0
6616.490078 0.012620 0
6618.150078 0.004900 0
6619.810078 0.008862 0
6621.470078 0.009083 0
6623.130078 0.015565 0
6624.790078 0.017727 0
6626.450078 0.008008 0
6628.110078 0.008856 0
6629.770078 0.014325 0
6631.430078 0.010582 0
6633.090078 0.015107 0
6634.750078 0.014533 0
6636.410078 0.014102 0
6638.070078 0.013145 0
6639.730078 0.016117 0
6641.390078 0.015021 0
6643.050078 0.008052 0
6644.710078 0.009233 0
6646.370078 0.011668 0
6648.030078 0.014556 0
6649.690078 0.009016 0
6651.350078 0.011380 0
6653.010078 0.011034 0
6654.670078 0.010604 0
6656.330078 0.011334 0
6657.990078 0.016013 0
6659.650078 0.015290 0
6661.310078 0.010157 0
6662.970078 0.008043 0
6664.630078 0.006119 0
6666.290078 0.008941 0
6667.950078 0.011596 0
6669.610078 0.011615 0
6671.270078 0.014365 0
6672.930078 0.013278 0
6674.590078 0.008686 0
6676.250078 0.011427 0
6677.910078 0.011572 0
6679.570078 0.012868 0
6681.230078 0.013239 0
6682.890078 0.011290 0
6684.550078 0.012460 0
6686.210078 0.012321 0
6687.870078 0.005793 0
6689.530078 0.010738 0
6691.190078 0.014404 0
6692.850078 0.011969 0
6694.510078 0.014605 0
6696.170078 0.015128 0
6697.830078 0.013415 0
6699.490078 0.011625 0
6701.150078 0.009820 0
6702.810078 0.017225 0
6704.470078 0.013477 0
6706.130078 0.015098 0
6707.790078 0.015306 0
6709.450078 0.011951 0
6711.110078 0.013425 0
6712.770078 0.011201 0
6714.430078 0.008527 0
6716.090078 0.011434 0
6717.750078 0.014050 0
6719.410078 0.009045 0
6721.070078 0.011702 0
6722.730078 0.008333 0
6724.390078 0.011279 0
6726.050078 0.014220 0
6727.710078 0.010143 0
6729.370078 0.011530 0
6731.030078 0.012182 0
6732.690078 0.013898 0
6734.350078 0.013898 0
6736.010078 0.007289 0
6737.670078 0.009627 0
6739.330078 0.010808 0
6740.990078 0.005168 0
6742.650078 0.013941 0
6744.310078 0.012062 0
6745.970078 0.012982 0
6747.630078 0.013561 0
6749.290078 0.009571 0
6750.950078 0.009181 0
6752.610078 0.012743 0
6754.270078 0.008901 0
6755.930078 0.008296 0
6757.590078 0.014512 0
6759.250078 0.012181 0
6760.910078 0.011860 0
6762.570078 0.008851 0
6764.230078 0.011690 0
6765.890078 0.015951 0
6767.550078 0.012455 0
6769.210078 0.012611 0
6770.870078 0.013649 0
6772.530078 0.013693 0
6774.190078 0.013679 0
6775.850078 0.011460 0
6777.510078 0.010044 0
6779.170078 0.014662 0
6780.830078 0.009128 0
6782.490078 0.010989 0
6784.150078 0.014741 0
6785.810078 0.027916 0
6787.470078 0.048984 0
6789.130078 0.075090 0
6790.790078 0.104634 0
6792.450078 0.123362 0
6794.110078 0.123540 0
6795.770078 0.118679 0
6797.430078 0.098720 0
6799.090078 0.047625 0
6800.750078 0.014979 0
6802.410078 0.013487 0
6804.070078 0.010028 0
6805.730078 0.014845 0
6807.390078 0.010398 0
6809.050078 0.012095 0
6810.710078 0.014320 0
6812.370078 0.014179 0
6814.030078 0.013253 0
6815.690078 0.013328 0
6817.350078 0.011535 0
6819.010078 0.018355 0
6820.670078 0.008201 0
6822.330078 0.015906 0
6823.990078 0.011918 0
6825.650078 0.015126 0
6827.310078 0.010860 0
6828.970078 0.008089 0
6830.630078 0.005138 0
6832.290078 0.001692 0
6833.950078 0.008930 0
6835.610078 0.012956 0
6837.270078 0.013542 0
6838.930078 0.008472 0
6840.590078 0.013086 0
6842.250078 0.012492 0
6843.910078 0.015493 0
6845.570078 0.015121 0
6847.230078 0.013135 0
6848.890078 0.016375 0
6850.550078 0.016832 0
6852.210078 0.014424 0
6853.870078 0.014086 0
6855.530078 0.014629 0
6857.190078 0.014464 0
6858.850078 0.015536 0
6860.510078 0.015648 0
6862.170078 0.018052 0
6863.830078 0.012683 0
6865.490078 0.006276 0
6867.150078 0.002738 0
6868.810078 0.008771 0
6870.470078 0.013430 0
6872.130078 0.009219 0
6873.790078 0.005689 0
6875.450078 0.009484 0
6877.110078 0.008251 0
6878.770078 0.011096 0
6880.430078 0.012762 0
6882.090078 0.014564 0
6883.750078 0.014023 0
6885.410078 0.016118 0
6887.070078 0.012881 0
6888.730078 0.008684 0
6890.390078 0.014425 0
6892.050078 0.015969 0
6893.710078 0.012093 0
6895.370078 0.013442 0
6897.030078 0.017030 0
6898.690078 0.013766 0
6900.350078 0.013039 0
6902.010078 0.016865 0
6903.670078 0.013121 0
6905.330078 0.011502 0
6906.990078 0.015040 0
6908.650078 0.013662 0
6910.310078 0.014350 0
6911.970078 0.014881 0
6913.630078 0.015356 0
6915.290078 0.010216 0
6916.950078 0.009781 0
6918.610078 0.007588 0
6920.270078 0.011852 0
6921.930078 0.009069 0
6923.590078 0.011528 0
6925.250078 0.010100 0
6926.910078 0.011627 0
6928.570078 0.014770 0
6930.230078 0.016570 0
6931.890078 0.016757 0
6933.550078 0.016986 0
6935.210078 0.016503 0
6936.870078 0.014937 0
6938.530078 0.013758 0
6940.190078 0.009111 0
6941.850078 0.011637 0
6943.510078 0.009314 0
6945.170078 0.020914 0
6946.830078 0.017768 0
6948.490078 0.015503 0
6950.150078 0.013943 0
6951.810078 0.010199 0
6953.470078 0.015682 0
6955.130078 0.020539 0
6956.790078 0.020670 0
6958.450078 0.014238 0
6960.110078 0.017325 0
6961.770078 0.016123 0
6963.430078 0.014988 0
6965.090078 0.014247 0
6966.750078 0.016799 0
6968.410078 0.010732 0
6970.070078 0.011701 0
6971.730078 0.008796 0
6973.390078 0.010487 0
6975.050078 0.013585 0
6976.710078 0.010184 0
6978.370078 0.012159 0
6980.030078 0.011030 0
6981.690078 0.011549 0
6983.350078 0.009956 0
6985.010078 0.011983 0
6986.670078 0.010925 0
6988.330078 0.011429 0
6989.990078 0.014800 0
6991.650078 0.012000 0
6993.310078 0.013273 0
6994.970078 0.010785 0
6996.630078 0.010690 0
6998.290078 0.012737 0
6999.950078 0.013904 0
7001.610078 0.008616 0
7003.270078 0.009458 0
7004.930078 0.014539 0
7006.590078 0.013499 0
7008.250078 0.018114 0
7009.910078 0.012757 0
7011.570078 0.015872 0
7013.230078 0.008834 0
7014.890078 0.013153 0
7016.550078 0.016827 0
7018.210078 0.018671 0
7019.870078 0.020963 0
7021.530078 0.015785 0
7023.190078 0.012220 0
7024.850078 0.014441 0
7026.510078 0.011730 0
7028.170078 0.020275 0
7029.830078 0.013084 0
7031.490078 0.015376 0
7033.150078 0.010862 0
7034.810078 0.015095 0
7036.470078 0.017491 0
7038.130078 0.018005 0
7039.790078 0.011388 0
7041.450078 0.018009 0
7043.110078 0.017424 0
7044.770078 0.014361 0
7046.430078 0.017599 0
7048.090078 0.018321 0
7049.750078 0.019267 0
7051.410078 0.020408 0
7053.070078 0.017615 0
7054.730078 0.016310 0
7056.390078 0.013834 0
7058.050078 0.011900 0
7059.710078 0.015619 0
7061.370078 0.018243 0
7063.030078 0.015913 0
7064.690078 0.011604 0
7066.350078 0.015648 0
7068.010078 0.015718 0
7069.670078 0.014906 0
7071.330078 0.014347 0
7072.990078 0.009255 0
7074.650078 0.014543 0
7076.310078 0.014137 0
7077.970078 0.010349 0
7079.630078 0.008398 0
7081.290078 0.012594 0
7082.950078 0.012873 0
7084.610078 0.009522 0
7086.270078 0.014649 0
7087.930078 0.015057 0
7089.590078 0.012422 0
7091.250078 0.011481 0
7092.910078 0.012263 0
7094.570078 0.011178 0
7096.230078 0.016275 0
7097.890078 0.015204 0
7099.550078 0.011279 0
7101.210078 0.009529 0
7102.870078 0.012118 0
7104.530078 0.011653 0
7106.190078 0.015634 0
7107.850078 0.014144 0
7109.510078 0.019261 0
7111.170078 0.018281 0
7112.830078 0.014590 0
7114.490078 0.013121 0
7116.150078 0.010951 0
7117.810078 0.010850 0
7119.470078 0.016440 0
7121.130078 0.016014 0
7122.790078 0.015211 0
7124.450078 0.020533 0
7126.110078 0.012473 0
7127.770078 0.015321 0
7129.430078 0.016196 0
7131.090078 0.010590 0
7132.750078 0.012865 0
7134.410078 0.011514 0
7136.070078 0.014114 0
7137.730078 0.014686 0
7139.390078 0.015949 0
7141.050078 0.011061 0
7142.710078 0.015020 0
7144.370078 0.010089 0
7146.030078 0.013226 0
7147.690078 0.014511 0
7149.350078 0.015874 0
7151.010078 0.016387 0
7152.670078 0.012736 0
7154.330078 0.013485 0
7155.990078 0.015242 0
7157.650078 0.017639 0
7159.310078 0.017931 0
7160.970078 0.013446 0
7162.630078 0.012060 0
7164.290078 0.012385 0
7165.950078 0.013040 0
7167.610078 0.009865 0
7169.270078 0.010173 0
7170.930078 0.014715 0
7172.590078 0.008568 0
7174.250078 0.011391 0
7175.910078 0.011776 0
7177.570078 0.015525 0
7179.230078 0.014911 0
7180.890078 0.013233 0
7182.550078 0.016582 0
7184.210078 0.012612 0
7185.870078 0.014136 0
7187.530078 0.011663 0
7189.190078 0.013053 0
7190.850078 0.016007 0
7192.510078 0.014007 0
7194.170078 0.012595 0
7195.830078 0.016841 0
7197.490078 0.014788 0
7199.150078 0.013511 0
7200.810078 0.014231 0
7202.470078 0.013159 0
7204.130078 0.013660 0
7205.790078 0.017596 0
7207.450078 0.013870 0
7209.110078 0.013429 0
7210.770078 0.014501 0
7212.430078 0.009889 0
7214.090078 0.014068 0
7215.750078 0.013962 0
7217.410078 0.008143 0
7219.070078 0.014434 0
7220.730078 0.011461 0
7222.390078 0.014358 0
7224.050078 0.010023 0
7225.710078 0.007008 0
7227.370078 0.009487 0
7229.030078 0.013604 0
7230.690078 0.011778 0
7232.350078 0.012813 0
7234.010078 0.011720 0
7235.670078 0.008514 0
7237.330078 0.012325 0
7238.990078 0.014595 0
7240.650078 0.022370 0
7242.310078 0.011696 0
7243.970078 0.015992 0
7245.630078 0.015846 0
7247.290078 0.016618 0
7248.950078 0.014289 0
7250.610078 0.009932 0
7252.270078 0.011783 0
7253.930078 0.008958 0
7255.590078 0.010007 0
7257.250078 0.010969 0
7258.910078 0.009999 0
7260.570078 0.008483 0
7262.230078 0.013188 0
7263.890078 0.015168 0
7265.550078 0.017142 0
7267.210078 0.013876 0
7268.870078 0.012365 0
7270.530078 0.017408 0
7272.190078 0.022750 0
7273.850078 0.025401 0
7275.510078 0.017263 0
7277.170078 0.012420 0
7278.830078 0.012074 0
7280.490078 0.012621 0
7282.150078 0.012678 0
7283.810078 0.017792 0
7285.470078 0.005032 0
7287.130078 0.017683 0
7288.790078 0.014435 0
7290.450078 0.014097 0
7292.110078 0.012655 0
7293.770078 0.016428 0
7295.430078 0.011015 0
7297.090078 0.014659 0
7298.750078 0.012241 0
7300.410078 0.017010 0
7302.070078 0.016590 0
7303.730078 0.014026 0
7305.390078 0.011541 0
7307.050078 0.019238 0
7308.710078 0.016756 0
7310.370078 0.014446 0
7312.030078 0.016840 0
7313.690078 0.020738 0
7315.350078 0.014704 0
7317.010078 0.013753 0
7318.670078 0.017649 0
7320.330078 0.013272 0
7321.990078 0.014484 0
7323.650078 0.011620 0
7325.310078 0.017074 0
7326.970078 0.018446 0
7328.630078 0.012323 0
7330.290078 0.018852 0
7331.950078 0.004352 0
7333.610078 0.012971 0
7335.270078 0.011575 1
7336.930078 0.012024 1
7338.590078 0.029457 1
7340.250078 0.018568 1
7341.910078 0.014190 1
7343.570078 0.013486 1
7345.230078 0.010341 1
7346.890078 0.012258 1
7348.550078 0.016974 0
7350.210078 0.010844 0
7351.870078 0.012036 0
7353.530078 0.012723 0
7355.190078 0.015596 0
7356.850078 0.015302 0
7358.510078 0.015254 0
7360.170078 0.008267 0
7361.830078 0.010079 0
7363.490078 0.014234 0
7365.150078 0.016191 0
7366.810078 0.006870 0
7368.470078 0.015210 0
7370.130078 0.011942 0
7371.790078 0.012888 0
7373.450078 0.008965 0
7375.110078 0.014726 0
7376.770078 0.016060 0
7378.430078 0.012104 0
7380.090078 0.015092 0
7381.750078 0.012678 0
7383.410078 0.015904 0
7385.070078 0.017094 0
7386.730078 0.015148 0
7388.390078 0.015641 0
7390.050078 0.015639 0
7391.710078 0.018352 0
7393.370078 0.015873 0
7395.030078 0.015852 0
7396.690078 0.012261 0
7398.350078 0.018410 0
7400.010078 0.017534 0
7401.670078 0.010361 0
7403.330078 0.010342 0
7404.990078 0.008136 0
7406.650078 0.014323 0
7408.310078 0.014939 0
7409.970078 0.013520 0
7411.630078 0.012422 0
7413.290078 0.017654 0
7414.950078 0.016553 0
7416.610078 0.014562 0
7418.270078 0.017067 0
7419.930078 0.014350 0
7421.590078 0.016571 0
7423.250078 0.012826 0
7424.910078 0.014732 0
7426.570078 0.017391 0
7428.230078 0.014932 0
7429.890078 0.009372 0
7431.550078 0.014382 0
7433.210078 0.015389 0
7434.870078 0.010086 0
7436.530078 0.009642 0
7438.190078 0.015420 0
7439.850078 0.021596 0
7441.510078 0.014748 0
7443.170078 0.011960 0
7444.830078 0.012737 0
7446.490078 0.012348 0
7448.150078 0.012310 0
7449.810078 0.013433 0
7451.470078 0.010161 0
7453.130078 0.007704 0
7454.790078 0.013166 0
7456.450078 0.009529 0
7458.110078 0.010064 0
7459.770078 0.016011 0
7461.430078 0.010145 0
7463.090078 0.010099 0
7464.750078 0.009989 0
7466.410078 0.009188 0
7468.070078 0.011732 0
7469.730078 0.008390 0
7471.390078 0.010144 0
7473.050078 0.012924 0
7474.710078 0.014984 0
7476.370078 0.022995 0
7478.030078 0.014331 0
7479.690078 0.010114 0
7481.350078 0.013653 0
7483.010078 0.019437 0
7484.670078 0.011934 0
7486.330078 0.009927 0
7487.990078 0.013578 0
7489.650078 0.012320 0
7491.310078 0.012459 0
7492.970078 0.009703 0
7494.630078 0.005184 0
7496.290078 0.010067 0
7497.950078 0.011844 0
7499.610078 0.017699 0
7501.270078 0.014825 0
7502.930078 0.013900 0
7504.590078 0.015842 0
7506.250078 0.015677 0
7507.910078 0.012830 0
7509.570078 0.011505 0
7511.230078 0.011908 0
7512.890078 0.018855 0
7514.550078 0.011865 0
7516.210078 0.010222 0
7517.870078 0.014772 0
7519.530078 0.011722 0
7521.190078 0.024593 0
7522.850078 0.016968 0
7524.510078 0.008907 0
7526.170078 0.013810 0
7527.830078 0.011831 0
7529.490078 0.009949 0
7531.150078 0.010266 0
7532.810078 0.011338 0
7534.470078 0.015204 0
7536.130078 0.012973 0
7537.790078 0.013400 0
7539.450078 0.011800 0
7541.110078 0.017551 0
7542.770078 0.014468 0
7544.430078 0.012107 0
7546.090078 0.009827 0
7547.750078 0.015986 0
7549.410078 0.010232 0
7551.070078 0.011270 0
7552.730078 0.009205 0
7554.390078 0.011947 0
7556.050078 0.016059 0
7557.710078 0.014886 0
7559.370078 0.019277 0
7561.030078 0.017080 0
7562.690078 0.017563 0
7564.350078 0.015124 0
7566.010078 0.015659 0
7567.670078 0.019208 0
7569.330078 0.019612 0
7570.990078 0.016121 0
7572.650078 0.014860 0
7574.310078 0.018982 0
7575.970078 0.009640 0
7577.630078 0.014114 0
7579.290078 0.014105 0
7580.950078 0.014061 0
7582.610078 0.010911 0
7584.270078 0.013536 0
7585.930078 0.017295 0
7587.590078 0.013688 0
7589.250078 0.008754 0
7590.910078 0.013089 0
7592.570078 0.012855 0
7594.230078 0.009146 0
7595.890078 0.010458 0
7597.550078 0.012301 0
7599.210078 0.005382 0
7600.870078 0.010388 0
7602.530078 0.012372 0
7604.190078 0.017132 0
7605.850078 0.015450 0
7607.510078 0.012238 0
7609.170078 0.015679 0
7610.830078 0.019123 0
7612.490078 0.016322 0
7614.150078 0.010235 0
7615.810078 0.011740 0
7617.470078 0.011107 0
7619.130078 0.010621 0
7620.790078 0.014866 0
7622.450078 0.014299 0
7624.110078 0.014132 0
7625.770078 0.008685 0
7627.430078 0.006764 0
7629.090078 0.010691 0
7630.750078 0.015969 0
7632.410078 0.014669 0
7634.070078 0.012479 0
7635.730078 0.010792 0
7637.390078 0.011262 0
7639.050078 0.011136 0
7640.710078 0.013162 0
7642.370078 0.009766 0
7644.030078 0.010643 0
7645.690078 0.012094 0
7647.350078 0.010664 0
7649.010078 0.012413 0
7650.670078 0.014130 0
7652.330078 0.013775 0
7653.990078 0.011303 0
7655.650078 0.008377 0
7657.310078 0.008066 0
7658.970078 0.012420 0
7660.630078 0.015293 0
7662.290078 0.009749 0
7663.950078 0.006482 0
7665.610078 0.015687 0
7667.270078 0.009039 0
7668.930078 0.012319 0
7670.590078 0.013610 0
7672.250078 0.008375 0
7673.910078 0.010069 0
7675.570078 0.011389 0
7677.230078 0.014574 0
7678.890078 0.006955 0
7680.550078 0.010387 0
7682.210078 0.015023 0
7683.870078 0.012210 0
7685.530078 0.007412 0
7687.190078 0.010855 0
7688.850078 0.012918 0
7690.510078 0.010480 0
7692.170078 0.006245 0
7693.830078 0.011194 0
7695.490078 0.011843 0
7697.150078 0.011781 0
7698.810078 0.010596 0
7700.470078 0.013721 0
7702.130078 0.012425 0
7703.790078 0.014077 0
7705.450078 0.010281 0
7707.110078 0.013699 0
7708.770078 0.017485 0
7710.430078 0.008866 0
7712.090078 0.004087 0
7713.750078 0.011545 0
7715.410078 0.008530 0
7717.070078 0.003899 0
7718.730078 -0.003586 0
7720.390078 -0.002742 0
7722.050078 0.015729 0
7723.710078 0.008410 0
7725.370078 0.008782 0
7727.030078 0.012451 0
7728.690078 0.010671 0
7730.350078 0.008682 0
7732.010078 0.007417 0
7733.670078 0.010152 0
7735.330078 0.012152 0
7736.990078 0.013895 0
7738.650078 0.011831 0
7740.310078 0.013288 0
7741.970078 0.011620 0
7743.630078 0.013564 0
7745.290078 0.013644 0
7746.950078 0.023602 0
7748.610078 0.030416 0
7750.270078 0.016498 0
7751.930078 -0.006846 0
7753.590078 -0.007832 0
7755.250078 0.014475 0
7756.910078 0.010049 0
7758.570078 0.010093 0
7760.230078 0.014164 0
7761.890078 0.013671 0
7763.550078 0.003836 0
7765.210078 0.013122 0
7766.870078 0.009699 0
7768.530078 0.013183 0
7770.190078 0.013498 0
7771.850078 0.009229 0
7773.510078 0.006813 0
7775.170078 0.017082 0
7776.830078 0.007428 0
7778.490078 0.008339 0
7780.150078 0.012239 0
7781.810078 0.012502 0
7783.470078 0.007329 0
7785.130078 0.009148 0
7786.790078 0.010747 0
7788.450078 0.008754 0
7790.110078 0.026331 0
7791.770078 0.025354 0
7793.430078 0.004588 0
7795.090078 0.007341 0
7796.750078 0.002684 0
7798.410078 -0.000193 0
7800.070078 0.007776 0
7801.730078 0.009434 0
7803.390078 0.012992 0
7805.050078 0.013793 0
7806.710078 0.011716 0
7808.370078 0.016587 0
7810.030078 0.010931 0
7811.690078 0.005655 0
7813.350078 0.008903 0
7815.010078 0.012317 0
7816.670078 0.018393 0
7818.330078 0.037146 0
7819.990078 0.023706 0
7821.650078 0.014150 0
7823.310078 0.000188 0
7824.970078 -0.005494 0
7826.630078 0.010742 0
7828.290078 0.010746 0
7829.950078 0.010502 0
7831.610078 0.006661 0
7833.270078 0.006481 0
7834.930078 0.007896 0
7836.590078 0.008002 0
7838.250078 0.020542 0
7839.910078 0.009825 0
7841.570078 0.008840 0
7843.230078 0.007681 0
7844.890078 0.005057 0
7846.550078 0.013109 0
7848.210078 0.016558 0
7849.870078 0.039284 0
7851.530078 0.024518 0
7853.190078 0.005984 0
7854.850078 0.000000 1
7856.510078 0.000000 1
7858.170078 0.000000 1
7859.830078 0.000000 1
7861.490078 0.000000 1
7863.150078 0.000000 1
7864.810078 0.000000 1
7866.470078 0.000000 1
7868.130078 0.000000 1
7869.790078 0.000000 1
7871.450078 0.000000 1
7873.110078 0.000000 1
7874.770078 0.000000 1
7876.430078 0.000000 1
7878.090078 0.000000 1
7879.750078 0.000000 1
7881.410078 0.000000 1
7883.070078 0.000000 1
7884.730078 0.000000 1
7886.390078 0.000000 1
7888.050078 0.000000 1
7889.710078 0.000000 1
7891.370078 0.000000 1
7893.030078 0.000000 1
7894.690078 0.000000 1
7896.350078 0.000000 1
7898.010078 0.000000 1
7899.670078 0.000000 1
7901.330078 0.000000 1
7902.990078 0.000000 1
7904.650078 0.000000 1
7906.310078 0.000000 1
7907.970078 0.000000 1
7909.630078 0.000000 1
7911.290078 0.000000 1
7912.950078 0.000000 1
7914.610078 0.000000 1
7916.270078 0.000000 1
7917.930078 0.000000 1
7919.590078 0.000000 1
7921.250078 0.000000 1
7922.910078 0.000000 1
7924.570078 0.000000 1
7926.230078 0.000000 1
7927.890078 0.000000 1
7929.550078 0.000000 1
7931.210078 0.000000 1
7932.870078 0.000000 1
7934.530078 0.000000 1
7936.190078 0.000000 1
7937.850078 0.000000 1
7939.510078 0.000000 1
7941.170078 0.000000 1
7942.830078 0.000000 1
7944.490078 0.000000 1
7946.150078 0.000000 1
7947.810078 0.000000 1
7949.470078 0.000000 1
7951.130078 0.000000 1
7952.790078 0.000000 1
7954.450078 0.000000 1
7956.110078 0.000000 1
7957.770078 0.000000 1
7959.430078 0.000000 1
7961.090078 0.000000 1
7962.750078 0.000000 1
7964.410078 0.000000 1
7966.070078 0.000000 1
7967.730078 0.000000 1
7969.390078 0.000000 1
7971.050078 0.000000 1
7972.710078 0.000000 1
7974.370078 0.000000 1
7976.030078 0.000000 1
7977.690078 0.000000 1
7979.350078 0.000000 1
7981.010078 0.000000 1
7982.670078 0.000000 1
7984.330078 0.000000 1
7985.990078 0.000000 1
7987.650078 0.000000 1
7989.310078 0.000000 1
7990.970078 0.000000 1
7992.630078 0.000000 1
7994.290078 0.000000 1
7995.950078 0.000000 1
7997.610078 0.000000 1
7999.270078 0.000000 1
8000.930078 0.000000 1
8002.590078 0.000000 1
8004.250078 0.000000 1
8005.910078 0.000000 1
8007.570078 0.000000 1
8009.230078 0.000000 1
8010.890078 0.000000 1
8012.550078 0.000000 1
8014.210078 0.000000 1
8015.870078 0.000000 1
8017.530078 0.000000 1
8019.190078 0.000000 1
8020.850078 0.000000 1
8022.510078 0.000000 1
8024.170078 0.000000 1
8025.830078 0.000000 1
8027.490078 0.000000 1
8029.150078 0.000000 1
8030.810078 0.000000 1
8032.470078 0.000000 1
8034.130078 0.000000 1
8035.790078 0.000000 1
8037.450078 0.000000 1
8039.110078 0.000000 1
8040.770078 0.000000 1
8042.430078 0.000000 1
8044.090078 0.000000 1
8045.750078 0.000000 1
8047.410078 0.000000 1
8049.070078 0.000000 1
8050.730078 0.000000 1
8052.390078 0.000000 1
8054.050078 0.000000 1
8055.710078 0.000000 1
8057.370078 0.000000 1
8059.030078 0.000000 1
8060.690078 0.000000 1
8062.350078 0.000000 1
8064.010078 0.000000 1
8065.670078 0.000000 1
8067.330078 0.000000 1
8068.990078 0.000000 1
8070.650078 0.000000 1
8072.310078 0.000000 1
8073.970078 0.000000 1
8075.630078 0.000000 1
8077.290078 0.000000 1
8078.950078 0.000000 1
8080.610078 0.000000 1
8082.270078 0.000000 1
8083.930078 0.000000 1
8085.590078 0.000000 1
8087.250078 0.000000 1
8088.910078 0.000000 1
8090.570078 0.000000 1
8092.230078 0.000000 1
8093.890078 0.000000 1
8095.550078 0.000000 1
8097.210078 0.000000 1
8098.870078 0.000000 1
8100.530078 0.000000 1
8102.190078 0.000000 1
8103.850078 0.000000 1
8105.510078 0.000000 1
8107.170078 0.000000 1
8108.830078 0.000000 1
8110.490078 0.000000 1
8112.150078 0.000000 1
8113.810078 0.000000 1
8115.470078 0.000000 1
8117.130078 0.000000 1
8118.790078 0.000000 1
8120.450078 0.000000 1
8122.110078 0.000000 1
8123.770078 0.000000 1
8125.430078 0.000000 1
8127.090078 0.000000 1
8128.750078 0.000000 1
8130.410078 0.000000 1
8132.070078 0.000000 1
8133.730078 0.000000 1
8135.390078 0.000000 1
8137.050078 0.000000 1
8138.710078 0.000000 1
8140.370078 0.000000 1
8142.030078 0.000000 1
8143.690078 0.000000 1
8145.350078 0.000000 1
8147.010078 0.000000 1
8148.670078 0.000000 1
8150.330078 0.000000 1
8151.990078 0.000000 1
8153.650078 0.000000 1
8155.310078 0.000000 1
8156.970078 0.000000 1
8158.630078 0.000000 1
8160.290078 0.000000 1
8161.950078 0.000000 1
8163.610078 0.000000 1
8165.270078 0.000000 1
8166.930078 0.000000 1
8168.590078 0.000000 1
8170.250078 0.000000 1
8171.910078 0.000000 1
8173.570078 0.000000 1
8175.230078 0.000000 1
8176.890078 0.000000 1
8178.550078 0.000000 1
8180.210078 0.000000 1
8181.870078 0.000000 1
8183.530078 0.000000 1
8185.190078 0.000000 1
8186.850078 0.000000 1
8188.510078 0.000000 1
8190.170078 0.000000 1
8191.830078 0.000000 1
8193.490078 0.000000 1
8195.150078 0.000000 1
8196.810078 0.000000 1
8198.470078 0.000000 1
8200.130078 0.000000 1
8201.790078 0.000000 1
8203.450078 0.000000 1
8205.110078 0.000000 1
8206.770078 0.000000 1
8208.430078 0.000000 1
8210.090078 0.000000 1
8211.750078 0.000000 1
8213.410078 0.000000 1
8215.070078 0.000000 1
8216.730078 0.000000 1
8218.390078 0.000000 1
8220.050078 0.000000 1
8221.710078 0.000000 1
8223.370078 0.000000 1
8225.030078 0.000000 1
8226.690078 0.000000 1
8228.350078 0.000000 1
8230.010078 0.000000 1
8231.670078 0.000000 1
8233.330078 0.000000 1
8234.990078 0.000000 1
8236.650078 0.000000 1
8238.310078 0.000000 1
8239.970078 0.000000 1
8241.630078 0.000000 1
8243.290078 0.000000 1
8244.950078 0.000000 1
8246.610078 0.000000 1
8248.270078 0.000000 1
8249.930078 0.000000 1
8251.590078 0.000000 1
8253.250078 0.000000 1
8254.910078 0.000000 1
8256.570078 0.000000 1
8258.230078 0.000000 1
8259.890078 0.000000 1
8261.550078 0.000000 1
8263.210078 0.000000 1
8264.870078 0.000000 1
8266.530078 0.000000 1
8268.190078 0.000000 1
8269.850078 0.000000 1
8271.510078 0.000000 1
8273.170078 0.000000 1
8274.830078 0.000000 1
8276.490078 0.000000 1
8278.150078 0.000000 1
8279.810078 0.000000 1
8281.470078 0.000000 1
8283.130078 0.000000 1
8284.790078 0.000000 1
8286.450078 0.000000 1
8288.110078 0.000000 1
8289.770078 0.000000 1
8291.430078 0.000000 1
8293.090078 0.000000 1
8294.750078 0.000000 1
8296.410078 0.000000 1
8298.070078 0.000000 1
8299.730078 0.000000 1
8301.390078 0.000000 1
8303.050078 0.000000 1
8304.710078 0.000000 1
8306.370078 0.000000 1
8308.030078 0.000000 1
8309.690078 0.000000 1
8311.350078 0.000000 1
8313.010078 0.000000 1
8314.670078 0.000000 1
8316.330078 0.000000 1
8317.990078 0.000000 1
8319.650078 0.000000 1
8321.310078 0.000000 1
8322.970078 0.000000 1
8324.630078 0.000000 1
8326.290078 0.000000 1
8327.950078 0.000000 1
8329.610078 0.000000 1
8331.270078 0.000000 1
8332.930078 0.000000 1
8334.590078 0.000000 1
8336.250078 0.000000 1
8337.910078 0.000000 1
8339.570078 0.000000 1
8341.230078 0.000000 1
8342.890078 0.000000 1
8344.550078 0.000000 1
8346.210078 0.000000 1
8347.870078 0.000000 1
8349.530078 0.000000 1
8351.190078 0.000000 1
8352.850078 0.000000 1
8354.510078 0.000000 1
8356.170078 0.000000 1
8357.830078 0.000000 1
8359.490078 0.000000 1
8361.150078 0.000000 1
8362.810078 0.000000 1
8364.470078 0.000000 1
8366.130078 0.000000 1
8367.790078 0.000000 1
8369.450078 0.000000 1
8371.110078 0.000000 1
8372.770078 0.000000 1
8374.430078 0.000000 1
8376.090078 0.000000 1
8377.750078 0.000000 1
8379.410078 0.000000 1
8381.070078 0.000000 1
8382.730078 0.000000 1
8384.390078 0.000000 1
8386.050078 0.000000 1
8387.710078 0.000000 1
8389.370078 0.000000 1
8391.030078 0.000000 1
8392.690078 0.000000 1
8394.350078 0.000000 1
8396.010078 0.000000 1
8397.670078 0.000000 1
8399.330078 0.000000 1
8400.990078 0.000000 1
8402.650078 0.000000 1
8404.310078 0.000000 1
8405.970078 0.000000 1
8407.630078 0.000000 1
8409.290078 0.000000 1
8410.950078 0.000000 1
8412.610078 0.000000 1
8414.270078 0.000000 1
8415.930078 0.000000 1
8417.590078 0.000000 1
8419.250078 0.000000 1
8420.910078 0.000000 1
8422.570078 0.000000 1
8424.230078 0.000000 1
8425.890078 0.000000 1
8427.550078 0.000000 1
8429.210078 0.000000 1
8430.870078 0.000000 1
8432.530078 0.000000 1
8434.190078 0.000000 1
8435.850078 0.000000 1
8437.510078 0.000000 1
8439.170078 0.000000 1
8440.830078 0.000000 1
8442.490078 0.000000 1
8444.150078 0.000000 1
8445.810078 0.000000 1
8447.470078 0.000000 1
8449.130078 0.000000 1
8450.790078 0.000000 1
8452.450078 0.000000 1
8454.110078 0.000000 1
8455.770078 0.000000 1
8457.430078 0.000000 1
8459.090078 0.000000 1
8460.750078 0.000000 1
8462.410078 0.000000 1
8464.070078 0.000000 1
8465.730078 0.000000 1
8467.390078 0.000000 1
8469.050078 0.000000 1
8470.710078 0.000000 1
8472.370078 0.000000 1
8474.030078 0.000000 1
8475.690078 0.000000 1
8477.350078 0.000000 1
8479.010078 0.000000 1
8480.670078 0.000000 1
8482.330078 0.000000 1
8483.990078 0.000000 1
8485.650078 0.000000 1
8487.310078 0.000000 1
8488.970078 0.000000 1
8490.630078 0.000000 1
8492.290078 0.000000 1
8493.950078 0.000000 1
8495.610078 0.000000 1
8497.270078 0.000000 1
8498.930078 0.000000 1
