# obs: 255706
# slit: 34
# z: 0.11702
# lines: H{beta},[OIII],H{alpha}
# spec: 585
4451.680000 0.000000 1
4455.040000 0.000000 1
4458.400000 0.000000 1
4461.760000 0.000000 1
4465.120000 0.000000 1
4468.479999 0.000000 1
4471.839999 0.006539 1
4475.199999 0.013479 1
4478.559999 0.045192 1
4481.919999 0.090872 0
4485.279999 0.058012 0
4488.639999 0.055394 0
4491.999999 0.057649 0
4495.359999 0.044748 0
4498.719999 0.054808 0
4502.079998 0.056663 0
4505.439998 0.044433 0
4508.799998 0.064456 0
4512.159998 0.061686 0
4515.519998 0.046523 0
4518.879998 0.034448 0
4522.239998 0.047818 0
4525.599998 0.070067 0
4528.959998 0.052251 0
4532.319997 0.056196 0
4535.679997 0.082249 0
4539.039997 0.065200 0
4542.399997 0.062235 0
4545.759997 0.062509 0
4549.119997 0.041211 0
4552.479997 0.039065 0
4555.839997 0.044716 0
4559.199997 0.054229 0
4562.559997 0.036239 0
4565.919996 0.048571 0
4569.279996 0.049019 0
4572.639996 0.055126 0
4575.999996 0.052925 0
4579.359996 0.042811 0
4582.719996 0.064393 0
4586.079996 0.049823 0
4589.439996 0.051202 0
4592.799996 0.080319 0
4596.159995 0.066162 0
4599.519995 0.073696 0
4602.879995 0.038360 0
4606.239995 0.061899 0
4609.599995 0.065670 0
4612.959995 0.054962 0
4616.319995 0.055179 0
4619.679995 0.070919 0
4623.039995 0.053106 0
4626.399995 0.060775 0
4629.759994 0.070923 0
4633.119994 0.066862 0
4636.479994 0.063055 0
4639.839994 0.073736 0
4643.199994 0.074827 0
4646.559994 0.063504 0
4649.919994 0.063822 0
4653.279994 0.057958 0
4656.639994 0.057056 0
4659.999993 0.066356 0
4663.359993 0.054424 0
4666.719993 0.055103 0
4670.079993 0.042475 0
4673.439993 0.062791 0
4676.799993 0.055584 0
4680.159993 0.056243 0
4683.519993 0.051166 0
4686.879993 0.054081 0
4690.239993 0.063617 0
4693.599992 0.088226 0
4696.959992 0.059056 0
4700.319992 0.069268 0
4703.679992 0.055777 0
4707.039992 0.054288 0
4710.399992 0.061903 0
4713.759992 0.042693 0
4717.119992 0.047182 0
4720.479992 0.047036 0
4723.839992 0.034030 0
4727.199991 0.062638 0
4730.559991 0.064544 0
4733.919991 0.063862 0
4737.279991 0.064405 0
4740.639991 0.079732 0
4743.999991 0.051490 0
4747.359991 0.080591 0
4750.719991 0.045130 0
4754.079991 0.077209 0
4757.439990 0.069462 0
4760.799990 0.036689 0
4764.159990 0.059619 0
4767.519990 0.068351 0
4770.879990 0.057654 0
4774.239990 0.022182 0
4777.599990 0.043756 0
4780.959990 0.072767 0
4784.319990 0.056773 0
4787.679990 0.051489 0
4791.039989 0.052239 0
4794.399989 0.057673 0
4797.759989 0.057304 0
4801.119989 0.046214 0
4804.479989 0.050990 0
4807.839989 0.054924 0
4811.199989 0.062476 0
4814.559989 0.064331 0
4817.919989 0.048670 0
4821.279988 0.054239 0
4824.639988 0.052578 0
4827.999988 0.074792 0
4831.359988 0.066574 0
4834.719988 0.044353 0
4838.079988 0.049189 0
4841.439988 0.065022 0
4844.799988 0.059753 0
4848.159988 0.111332 0
4851.519988 0.117895 0
4854.879987 0.087455 0
4858.239987 0.050032 0
4861.599987 0.061022 0
4864.959987 0.069230 0
4868.319987 0.059590 0
4871.679987 0.076265 0
4875.039987 0.071890 0
4878.399987 0.064267 0
4881.759987 0.051581 0
4885.119986 0.065178 0
4888.479986 0.074822 0
4891.839986 0.071970 0
4895.199986 0.064853 0
4898.559986 0.040713 0
4901.919986 0.042603 0
4905.279986 0.072157 0
4908.639986 0.074593 0
4911.999986 0.043315 0
4915.359986 0.055960 0
4918.719985 0.066344 0
4922.079985 0.052853 0
4925.439985 0.053832 0
4928.799985 0.056546 0
4932.159985 0.045877 0
4935.519985 0.051709 0
4938.879985 0.062692 0
4942.239985 0.057557 0
4945.599985 0.063890 0
4948.959984 0.064704 0
4952.319984 0.061056 0
4955.679984 0.062477 0
4959.039984 0.048878 0
4962.399984 0.063175 0
4965.759984 0.059471 0
4969.119984 0.060236 0
4972.479984 0.075527 0
4975.839984 0.075203 0
4979.199984 0.052368 0
4982.559983 0.064714 0
4985.919983 0.060579 0
4989.279983 0.067713 0
4992.639983 0.059014 0
4995.999983 0.056771 0
4999.359983 0.048991 0
5002.719983 0.076005 0
5006.079983 0.086033 0
5009.439983 0.078824 0
5012.799982 0.051972 0
5016.159982 0.065034 0
5019.519982 0.062609 0
5022.879982 0.056943 0
5026.239982 0.057806 0
5029.599982 0.062408 0
5032.959982 0.078334 0
5036.319982 0.076031 0
5039.679982 0.088578 0
5043.039982 0.071009 0
5046.399981 0.067210 0
5049.759981 0.067860 0
5053.119981 0.059821 0
5056.479981 0.053127 0
5059.839981 0.057828 0
5063.199981 0.048784 0
5066.559981 0.060811 0
5069.919981 0.084405 0
5073.279981 0.068563 0
5076.639980 0.062966 0
5079.999980 0.064755 0
5083.359980 0.060802 0
5086.719980 0.065616 0
5090.079980 0.080931 0
5093.439980 0.071552 0
5096.799980 0.061727 0
5100.159980 0.080133 0
5103.519980 0.092573 0
5106.879980 0.072062 0
5110.239979 0.049796 0
5113.599979 0.055241 0
5116.959979 0.063332 0
5120.319979 0.062550 0
5123.679979 0.078087 0
5127.039979 0.056255 0
5130.399979 0.069231 0
5133.759979 0.054894 0
5137.119979 0.077288 0
5140.479978 0.070730 0
5143.839978 0.071230 0
5147.199978 0.056283 0
5150.559978 0.064371 0
5153.919978 0.080367 0
5157.279978 0.060067 0
5160.639978 0.051760 0
5163.999978 0.043757 0
5167.359978 0.065008 0
5170.719978 0.083277 0
5174.079977 0.085141 0
5177.439977 0.063398 0
5180.799977 0.060174 0
5184.159977 0.073650 0
5187.519977 0.075415 0
5190.879977 0.074447 0
5194.239977 0.071584 0
5197.599977 0.083006 0
5200.959977 0.070485 0
5204.319977 0.061957 0
5207.679976 0.065189 0
5211.039976 0.066871 0
5214.399976 0.064687 0
5217.759976 0.064326 0
5221.119976 0.070697 0
5224.479976 0.068026 0
5227.839976 0.064813 0
5231.199976 0.064244 0
5234.559976 0.062197 0
5237.919975 0.080193 0
5241.279975 0.059526 0
5244.639975 0.068981 0
5247.999975 0.065112 0
5251.359975 0.063503 0
5254.719975 0.062589 0
5258.079975 0.042302 0
5261.439975 0.065721 0
5264.799975 0.067008 0
5268.159975 0.066904 0
5271.519974 0.077913 0
5274.879974 0.075048 0
5278.239974 0.053138 0
5281.599974 0.053976 0
5284.959974 0.055866 0
5288.319974 0.066436 0
5291.679974 0.068123 0
5295.039974 0.066467 0
5298.399974 0.075483 0
5301.759973 0.049458 0
5305.119973 0.065956 0
5308.479973 0.068238 0
5311.839973 0.072691 0
5315.199973 0.069312 0
5318.559973 0.069479 0
5321.919973 0.062678 0
5325.279973 0.061072 0
5328.639973 0.059895 0
5331.999973 0.065504 0
5335.359972 0.060734 0
5338.719972 0.067274 0
5342.079972 0.069651 0
5345.439972 0.058947 0
5348.799972 0.072974 0
5352.159972 0.057825 0
5355.519972 0.057019 0
5358.879972 0.066694 0
5362.239972 0.076929 0
5365.599971 0.085024 0
5368.959971 0.071263 0
5372.319971 0.073050 0
5375.679971 0.053775 0
5379.039971 0.074024 0
5382.399971 0.072737 0
5385.759971 0.065744 0
5389.119971 0.061905 0
5392.479971 0.061604 0
5395.839971 0.076369 0
5399.199970 0.064768 0
5402.559970 0.066486 0
5405.919970 0.055533 0
5409.279970 0.051245 0
5412.639970 0.055868 0
5415.999970 0.044512 0
5419.359970 0.054536 0
5422.719970 0.082828 0
5426.079970 0.093271 0
5429.439969 0.157376 0
5432.799969 0.176354 0
5436.159969 0.146565 0
5439.519969 0.064555 0
5442.879969 0.047675 0
5446.239969 0.056017 0
5449.599969 0.054727 0
5452.959969 0.065599 0
5456.319969 0.060993 0
5459.679969 0.065531 0
5463.039968 0.079807 0
5466.399968 0.073661 0
5469.759968 0.067229 0
5473.119968 0.083120 0
5476.479968 0.074416 0
5479.839968 0.066451 0
5483.199968 0.069859 0
5486.559968 0.076863 0
5489.919968 0.063516 0
5493.279967 0.069625 0
5496.639967 0.078662 0
5499.999967 0.080527 0
5503.359967 0.055278 0
5506.719967 0.056836 0
5510.079967 0.067780 0
5513.439967 0.047731 0
5516.799967 0.069409 0
5520.159967 0.064885 0
5523.519967 0.065204 0
5526.879966 0.068223 0
5530.239966 0.079608 0
5533.599966 0.112686 0
5536.959966 0.150990 0
5540.319966 0.209350 0
5543.679966 0.199922 0
5547.039966 0.085702 0
5550.399966 0.055994 0
5553.759966 0.080617 0
5557.119965 0.058465 0
5560.479965 0.049044 0
5563.839965 0.053991 0
5567.199965 0.073393 0
5570.559965 0.065409 0
5573.919965 0.049296 0
5577.279965 0.054575 0
5580.639965 0.101071 0
5583.999965 0.061519 0
5587.359965 0.217433 0
5590.719964 0.344789 0
5594.079964 0.480162 0
5597.439964 0.446207 0
5600.799964 0.139541 0
5604.159964 0.047148 0
5607.519964 0.089732 0
5610.879964 0.066538 0
5614.239964 0.069811 0
5617.599964 0.058253 0
5620.959963 0.060327 0
5624.319963 0.076669 0
5627.679963 0.063637 0
5631.039963 0.041380 0
5634.399963 0.039664 0
5637.759963 0.051756 0
5641.119963 0.051828 0
5644.479963 0.061878 0
5647.839963 0.074174 0
5651.199963 0.072253 0
5654.559962 0.058482 0
5657.919962 0.065822 0
5661.279962 0.065925 0
5664.639962 0.076780 0
5667.999962 0.068249 0
5671.359962 0.047360 0
5674.719962 0.061554 0
5678.079962 0.071176 0
5681.439962 0.064091 0
5684.799962 0.058998 0
5688.159961 0.065059 0
5691.519961 0.060272 0
5694.879961 0.057313 0
5698.239961 0.055797 0
5701.599961 0.046592 0
5704.959961 0.049039 0
5708.319961 0.068471 0
5711.679961 0.076609 0
5715.039961 0.071388 0
5718.399960 0.047629 0
5721.759960 0.059088 0
5725.119960 0.070439 0
5728.479960 0.054961 0
5731.839960 0.064838 0
5735.199960 0.054400 0
5738.559960 0.056287 0
5741.919960 0.066419 0
5745.279960 0.064134 0
5748.639960 0.057976 0
5751.999959 0.070547 0
5755.359959 0.068548 0
5758.719959 0.070808 0
5762.079959 0.055370 0
5765.439959 0.056664 0
5768.799959 0.044353 0
5772.159959 0.053530 0
5775.519959 0.071431 0
5778.879959 0.070285 0
5782.239958 0.048943 0
5785.599958 0.051708 0
5788.959958 0.041912 0
5792.319958 0.057266 0
5795.679958 0.052662 0
5799.039958 0.060301 0
5802.399958 0.081652 0
5805.759958 0.064634 0
5809.119958 0.079461 0
5812.479958 0.053163 0
5815.839957 0.047764 0
5819.199957 0.067770 0
5822.559957 0.068559 0
5825.919957 0.038174 0
5829.279957 0.066120 0
5832.639957 0.053047 0
5835.999957 0.065872 0
5839.359957 0.062704 0
5842.719957 0.063529 0
5846.079956 0.026838 0
5849.439956 0.055488 0
5852.799956 0.063316 0
5856.159956 0.054227 0
5859.519956 0.064994 0
5862.879956 0.047520 0
5866.239956 0.075177 0
5869.599956 0.086865 0
5872.959956 0.066346 0
5876.319956 0.060925 0
5879.679955 0.062758 0
5883.039955 0.024769 0
5886.399955 0.012645 0
5889.759955 0.030966 0
5893.119955 0.106955 0
5896.479955 0.080830 0
5899.839955 0.066719 0
5903.199955 0.069455 0
5906.559955 0.045825 0
5909.919954 0.059402 0
5913.279954 0.069947 0
5916.639954 0.073597 0
5919.999954 0.060623 0
5923.359954 0.077985 0
5926.719954 0.065438 0
5930.079954 0.046980 0
5933.439954 0.047087 0
5936.799954 0.067921 0
5940.159954 0.066148 0
5943.519953 0.060513 0
5946.879953 0.074581 0
5950.239953 0.057998 0
5953.599953 0.068362 0
5956.959953 0.062779 0
5960.319953 0.059819 0
5963.679953 0.074293 0
5967.039953 0.048581 0
5970.399953 0.065630 0
5973.759952 0.070231 0
5977.119952 0.083942 0
5980.479952 0.049211 0
5983.839952 0.056286 0
5987.199952 0.057012 0
5990.559952 0.055775 0
5993.919952 0.085404 0
5997.279952 0.054836 0
6000.639952 0.055920 0
6003.999952 0.033190 0
6007.359951 0.078207 0
6010.719951 0.060961 0
6014.079951 0.061574 0
6017.439951 0.059860 0
6020.799951 0.075936 0
6024.159951 0.063190 0
6027.519951 0.042905 0
6030.879951 0.045693 0
6034.239951 0.059066 0
6037.599950 0.053233 0
6040.959950 0.040919 0
6044.319950 0.069191 0
6047.679950 0.058311 0
6051.039950 0.062927 0
6054.399950 0.066508 0
6057.759950 0.068879 0
6061.119950 0.040885 0
6064.479950 0.048780 0
6067.839950 0.051383 0
6071.199949 0.045106 0
6074.559949 0.048268 0
6077.919949 0.057936 0
6081.279949 0.054758 0
6084.639949 0.060114 0
6087.999949 0.051899 0
6091.359949 0.068551 0
6094.719949 0.056495 0
6098.079949 0.057179 0
6101.439948 0.072801 0
6104.799948 0.065748 0
6108.159948 0.074706 0
6111.519948 0.053976 0
6114.879948 0.063264 0
6118.239948 0.056107 0
6121.599948 0.075498 0
6124.959948 0.063887 0
6128.319948 0.050231 0
6131.679948 0.057209 0
6135.039947 0.052781 0
6138.399947 0.054038 0
6141.759947 0.070588 0
6145.119947 0.064472 0
6148.479947 0.074403 0
6151.839947 0.056411 0
6155.199947 0.039734 0
6158.559947 0.058466 0
6161.919947 0.081417 0
6165.279947 0.063739 0
6168.639946 0.045602 0
6171.999946 0.055386 0
6175.359946 0.057431 0
6178.719946 0.048667 0
6182.079946 0.044793 0
6185.439946 0.052660 0
6188.799946 0.042140 0
6192.159946 0.067966 0
6195.519946 0.050806 0
6198.879945 0.057558 0
6202.239945 0.057516 0
6205.599945 0.049801 0
6208.959945 0.059051 0
6212.319945 0.050454 0
6215.679945 0.043360 0
6219.039945 0.066425 0
6222.399945 0.052033 0
6225.759945 0.042322 0
6229.119945 0.040328 0
6232.479944 0.045138 0
6235.839944 0.034047 0
6239.199944 0.035888 0
6242.559944 0.053431 0
6245.919944 0.052381 0
6249.279944 0.056387 0
6252.639944 0.045443 0
6255.999944 0.040451 0
6259.359944 0.070576 0
6262.719943 0.071427 0
6266.079943 0.073048 0
6269.439943 0.068100 0
6272.799943 0.045423 0
6276.159943 0.046428 0
6279.519943 0.045714 0
6282.879943 0.031109 0
6286.239943 0.053816 0
6289.599943 0.056045 0
6292.959943 0.024819 0
6296.319942 0.080746 0
6299.679942 0.060318 0
6303.039942 0.070930 0
6306.399942 0.082664 0
6309.759942 0.053558 0
6313.119942 0.068217 0
6316.479942 0.062553 0
6319.839942 0.069548 0
6323.199942 0.040445 0
6326.559941 0.058941 0
6329.919941 0.053553 0
6333.279941 0.063413 0
6336.639941 0.060039 0
6339.999941 0.063161 0
6343.359941 0.051812 0
6346.719941 0.065586 0
6350.079941 0.050175 0
6353.439941 0.037521 0
6356.799941 0.036783 0
6360.159940 0.058181 0
6363.519940 0.050504 0
6366.879940 0.052354 0
6370.239940 0.052374 0
6373.599940 0.055512 0
6376.959940 0.055905 0
6380.319940 0.065355 0
6383.679940 0.061361 0
6387.039940 0.047075 0
6390.399939 0.057752 0
6393.759939 0.060120 0
6397.119939 0.067017 0
6400.479939 0.056238 0
6403.839939 0.055966 0
6407.199939 0.036668 0
6410.559939 0.051928 0
6413.919939 0.043323 0
6417.279939 0.045310 0
6420.639939 0.050087 0
6423.999938 0.049268 0
6427.359938 0.053458 0
6430.719938 0.055102 0
6434.079938 0.054483 0
6437.439938 0.063657 0
6440.799938 0.050266 0
6444.159938 0.062990 0
6447.519938 0.053046 0
6450.879938 0.053358 0
6454.239937 0.068253 0
6457.599937 0.063186 0
6460.959937 0.051488 0
6464.319937 0.043679 0
6467.679937 0.043827 0
6471.039937 0.065524 0
6474.399937 0.066108 0
6477.759937 0.049662 0
6481.119937 0.055752 0
6484.479937 0.048751 0
6487.839936 0.052824 0
6491.199936 0.034367 0
6494.559936 0.062739 0
6497.919936 0.062436 0
6501.279936 0.054483 0
6504.639936 0.065790 0
6507.999936 0.042464 0
6511.359936 0.056289 0
6514.719936 0.049800 0
6518.079935 0.043532 0
6521.439935 0.052626 0
6524.799935 0.052552 0
6528.159935 0.055190 0
6531.519935 0.040781 0
6534.879935 0.044399 0
6538.239935 0.051787 0
6541.599935 0.079723 0
6544.959935 0.044425 0
6548.319935 0.038236 0
6551.679934 0.067455 0
6555.039934 0.068288 0
6558.399934 0.059212 0
6561.759934 0.046980 0
6565.119934 0.049807 0
6568.479934 0.030003 0
6571.839934 0.025902 0
6575.199934 0.029800 0
6578.559934 0.034909 0
6581.919933 0.046492 0
6585.279933 0.056684 0
6588.639933 0.049171 0
6591.999933 0.055051 0
6595.359933 0.042241 0
6598.719933 0.030888 0
6602.079933 0.044388 0
6605.439933 0.047088 0
6608.799933 0.050165 0
6612.159933 0.049009 0
6615.519932 0.039045 0
6618.879932 0.030812 0
6622.239932 0.042338 0
6625.599932 0.054511 0
6628.959932 0.066951 0
6632.319932 0.055811 0
6635.679932 0.060202 0
6639.039932 0.064409 0
6642.399932 0.037650 0
6645.759932 0.038483 0
6649.119931 0.056979 0
6652.479931 0.052347 0
6655.839931 0.038837 0
6659.199931 0.040414 0
6662.559931 0.045439 0
6665.919931 0.058426 0
6669.279931 0.052017 0
6672.639931 0.062539 0
6675.999931 0.064290 0
6679.359930 0.052523 0
6682.719930 0.042777 0
6686.079930 0.053066 0
6689.439930 0.038331 0
6692.799930 0.062663 0
6696.159930 0.047866 0
6699.519930 0.039641 0
6702.879930 0.060350 0
6706.239930 0.069034 0
6709.599930 0.064449 0
6712.959929 0.055831 0
6716.319929 0.052855 0
6719.679929 0.061169 0
6723.039929 0.050698 0
6726.399929 0.039216 0
6729.759929 0.044754 0
6733.119929 0.065582 0
6736.479929 0.049449 0
6739.839929 0.046637 0
6743.199928 0.048570 0
6746.559928 0.040674 0
6749.919928 0.041140 0
6753.279928 0.034608 0
6756.639928 0.044773 0
6759.999928 0.063284 0
6763.359928 0.058585 0
6766.719928 0.049653 0
6770.079928 0.051270 0
6773.439928 0.059632 0
6776.799927 0.057991 0
6780.159927 0.047188 0
6783.519927 0.060569 0
6786.879927 0.051917 0
6790.239927 0.049046 0
6793.599927 0.052090 0
6796.959927 0.060472 0
6800.319927 0.052266 0
6803.679927 0.048035 0
6807.039926 0.050655 0
6810.399926 0.050183 0
6813.759926 0.047429 0
6817.119926 0.051577 0
6820.479926 0.051237 0
6823.839926 0.031202 0
6827.199926 0.026745 0
6830.559926 0.043588 0
6833.919926 0.043486 0
6837.279926 0.047653 0
6840.639925 0.057161 0
6843.999925 0.042848 0
6847.359925 0.045223 0
6850.719925 0.042300 0
6854.079925 0.047672 0
6857.439925 0.023964 0
6860.799925 0.018929 0
6864.159925 0.017782 0
6867.519925 0.054218 0
6870.879924 0.024453 0
6874.239924 0.030475 0
6877.599924 0.040821 0
6880.959924 0.042076 0
6884.319924 0.050696 0
6887.679924 0.049455 0
6891.039924 0.043309 0
6894.399924 0.029658 0
6897.759924 0.043985 0
6901.119924 0.056722 0
6904.479923 0.040873 0
6907.839923 0.040007 0
6911.199923 0.040738 0
6914.559923 0.038447 0
6917.919923 0.043301 0
6921.279923 0.040892 0
6924.639923 0.024284 0
6927.999923 0.062765 0
6931.359923 0.060963 0
6934.719922 0.045708 0
6938.079922 0.067457 0
6941.439922 0.056732 0
6944.799922 0.005902 0
6948.159922 0.041606 0
6951.519922 0.040598 0
6954.879922 0.054606 0
6958.239922 0.059851 0
6961.599922 0.041133 0
6964.959922 0.044921 0
6968.319921 0.038962 0
6971.679921 0.045227 0
6975.039921 0.046438 0
6978.399921 0.042057 0
6981.759921 0.041230 0
6985.119921 0.051381 0
6988.479921 0.030907 0
6991.839921 0.037458 0
6995.199921 0.046223 0
6998.559920 0.048169 0
7001.919920 0.052501 0
7005.279920 0.055474 0
7008.639920 0.054920 0
7011.999920 0.033401 0
7015.359920 0.042310 0
7018.719920 0.053371 0
7022.079920 0.037012 0
7025.439920 0.047653 0
7028.799920 0.059918 0
7032.159919 0.054189 0
7035.519919 0.059393 0
7038.879919 0.056188 0
7042.239919 0.042148 0
7045.599919 0.039706 0
7048.959919 0.047698 0
7052.319919 0.045029 0
7055.679919 0.044337 0
7059.039919 0.043458 0
7062.399918 0.046872 0
7065.759918 0.040851 0
7069.119918 0.041754 0
7072.479918 0.045092 0
7075.839918 0.038050 0
7079.199918 0.056511 0
7082.559918 0.057337 0
7085.919918 0.062124 0
7089.279918 0.033584 0
7092.639918 0.043052 0
7095.999917 0.057009 0
7099.359917 0.039007 0
7102.719917 0.037256 0
7106.079917 0.038540 0
7109.439917 0.054589 0
7112.799917 0.048902 0
7116.159917 0.033619 0
7119.519917 0.035646 0
7122.879917 0.058577 0
7126.239916 0.064536 0
7129.599916 0.043656 0
7132.959916 0.041404 0
7136.319916 0.036069 0
7139.679916 0.033318 0
7143.039916 0.039347 0
7146.399916 0.034820 0
7149.759916 0.044277 0
7153.119916 0.028648 0
7156.479916 0.034481 0
7159.839915 0.034820 0
7163.199915 0.033320 0
7166.559915 0.037870 0
7169.919915 0.058725 0
7173.279915 0.054936 0
7176.639915 0.058350 0
7179.999915 0.048352 0
7183.359915 0.030415 0
7186.719915 0.034871 0
7190.079915 0.028564 0
7193.439914 0.042009 0
7196.799914 0.047322 0
7200.159914 0.046317 0
7203.519914 0.034962 0
7206.879914 0.045275 0
7210.239914 0.042935 0
7213.599914 0.032566 0
7216.959914 0.032309 0
7220.319914 0.058917 0
7223.679913 0.046941 0
7227.039913 0.042752 0
7230.399913 0.040714 0
7233.759913 0.050916 0
7237.119913 0.037031 0
7240.479913 -0.030916 0
7243.839913 0.023193 0
7247.199913 0.068875 0
7250.559913 0.037083 0
7253.919913 0.025531 0
7257.279912 0.022258 0
7260.639912 0.042477 0
7263.999912 0.050335 0
7267.359912 0.054167 0
7270.719912 0.045908 0
7274.079912 0.038132 0
7277.439912 0.045917 0
7280.799912 0.032395 0
7284.159912 0.046766 0
7287.519911 0.017587 0
7290.879911 0.033600 0
7294.239911 0.035310 0
7297.599911 0.019592 0
7300.959911 0.031309 0
7304.319911 0.042491 0
7307.679911 0.046006 0
7311.039911 0.089974 0
7314.399911 0.072202 0
7317.759911 0.037521 0
7321.119910 0.027425 0
7324.479910 0.082033 0
7327.839910 0.118255 0
7331.199910 0.165785 0
7334.559910 0.156416 0
7337.919910 0.133031 0
7341.279910 0.052132 0
7344.639910 0.035901 0
7347.999910 0.026920 0
7351.359909 0.040051 0
7354.719909 0.060740 0
7358.079909 0.036457 0
7361.439909 0.024641 0
7364.799909 0.050506 0
7368.159909 0.043478 0
7371.519909 0.076067 0
7374.879909 0.072619 0
7378.239909 0.057886 0
7381.599909 0.037005 0
7384.959908 0.045193 0
7388.319908 0.027220 0
7391.679908 0.034142 0
7395.039908 0.067365 0
7398.399908 0.019533 0
7401.759908 0.039353 0
7405.119908 0.031235 0
7408.479908 0.026900 0
7411.839908 0.030170 0
7415.199907 0.037938 0
7418.559907 0.030143 0
7421.919907 0.047720 0
7425.279907 0.046669 0
7428.639907 0.017577 0
7431.999907 0.033953 0
7435.359907 0.049199 0
7438.719907 0.048057 0
7442.079907 0.034222 0
7445.439907 0.030859 0
7448.799906 0.034570 0
7452.159906 0.040575 0
7455.519906 0.037582 0
7458.879906 0.050315 0
7462.239906 0.040440 0
7465.599906 0.064768 0
7468.959906 0.054699 0
7472.319906 0.027795 0
7475.679906 0.066103 0
7479.039905 0.049163 0
7482.399905 0.043292 0
7485.759905 0.013002 0
7489.119905 0.029626 0
7492.479905 0.034312 0
7495.839905 0.028567 0
7499.199905 0.047596 0
7502.559905 0.051627 0
7505.919905 0.059861 0
7509.279905 0.043286 0
7512.639904 0.040073 0
7515.999904 0.053479 0
7519.359904 0.064861 0
7522.719904 0.019112 0
7526.079904 0.028616 0
7529.439904 0.017870 0
7532.799904 0.022004 0
7536.159904 0.023009 0
7539.519904 0.023649 0
7542.879903 0.050818 0
7546.239903 0.029079 0
7549.599903 0.033030 0
7552.959903 0.029503 0
7556.319903 0.042836 0
7559.679903 0.045360 0
7563.039903 0.040079 0
7566.399903 0.031367 0
7569.759903 0.055269 0
7573.119903 0.052185 0
7576.479902 0.043440 0
7579.839902 0.022071 0
7583.199902 0.048832 0
7586.559902 0.028093 0
7589.919902 0.021203 0
7593.279902 0.027368 0
7596.639902 0.019804 0
7599.999902 0.028033 0
7603.359902 0.027173 0
7606.719901 -0.001551 0
7610.079901 0.050562 0
7613.439901 0.037354 0
7616.799901 -0.003242 0
7620.159901 0.015528 0
7623.519901 0.059100 0
7626.879901 0.046836 0
7630.239901 0.005596 0
7633.599901 0.023613 0
7636.959901 0.041353 0
7640.319900 0.008909 0
7643.679900 0.018667 0
7647.039900 0.029517 0
7650.399900 0.020470 0
7653.759900 0.039840 0
7657.119900 0.047392 0
7660.479900 0.024002 0
7663.839900 0.036872 0
7667.199900 0.027200 0
7670.559900 0.021167 0
7673.919899 0.021730 0
7677.279899 0.050767 0
7680.639899 0.029652 0
7683.999899 0.038237 0
7687.359899 0.043493 0
7690.719899 0.046199 0
7694.079899 0.027018 0
7697.439899 0.024900 0
7700.799899 0.023724 0
7704.159898 0.037273 0
7707.519898 0.050468 0
7710.879898 0.098094 0
7714.239898 0.055047 0
7717.599898 0.008603 0
7720.959898 0.052572 0
7724.319898 0.009618 0
7727.679898 -0.005076 0
7731.039898 0.023794 0
7734.399898 0.031446 0
7737.759897 0.032297 0
7741.119897 0.043692 0
7744.479897 0.084704 0
7747.839897 0.017611 0
7751.199897 0.025319 0
7754.559897 0.008146 0
7757.919897 -0.010798 0
7761.279897 0.024007 0
7764.639897 0.034091 0
7767.999896 0.032816 0
7771.359896 0.048046 0
7774.719896 0.037079 0
7778.079896 0.046420 0
7781.439896 0.031073 0
7784.799896 0.043137 0
7788.159896 0.041471 0
7791.519896 0.032504 0
7794.879896 0.004143 0
7798.239896 0.027698 0
7801.599895 -0.003328 0
7804.959895 0.040537 0
7808.319895 0.033287 0
7811.679895 0.041181 0
7815.039895 0.075910 0
7818.399895 0.017410 0
7821.759895 0.038388 0
7825.119895 0.053210 0
7828.479895 -0.032617 0
7831.839894 0.021711 0
7835.199894 0.057434 0
7838.559894 0.024339 0
7841.919894 0.041635 0
7845.279894 0.099519 0
7848.639894 0.093349 0
7851.999894 0.006226 0
7855.359894 0.074611 0
7858.719894 0.013090 0
7862.079894 -0.026000 0
7865.439893 0.073342 0
7868.799893 0.051554 0
7872.159893 0.074197 0
7875.519893 0.064707 0
7878.879893 0.023668 0
7882.239893 0.047586 0
7885.599893 0.016530 0
7888.959893 0.051008 0
7892.319893 0.045896 0
7895.679892 0.002951 0
7899.039892 0.004061 0
7902.399892 0.024562 0
7905.759892 0.099887 0
7909.119892 0.109502 0
7912.479892 0.046346 0
7915.839892 0.091240 0
7919.199892 -0.019874 0
7922.559892 -0.049313 0
7925.919892 0.024915 0
7929.279891 -0.002594 0
7932.639891 0.046960 0
7935.999891 0.029903 0
7939.359891 0.009196 0
7942.719891 0.062636 0
7946.079891 0.041646 0
7949.439891 0.021031 0
7952.799891 0.020088 0
7956.159891 0.053551 0
7959.519890 0.066823 0
7962.879890 0.055882 0
7966.239890 0.055210 0
7969.599890 -0.015506 0
7972.959890 -0.001224 0
7976.319890 0.025631 0
7979.679890 0.030825 0
7983.039890 0.019145 0
7986.399890 0.142221 0
7989.759890 -0.010151 0
7993.119889 0.000000 1
7996.479889 0.000000 1
7999.839889 0.000000 1
8003.199889 0.000000 1
8006.559889 0.000000 1
8009.919889 0.000000 1
8013.279889 0.000000 1
8016.639889 0.000000 1
8019.999889 0.000000 1
8023.359888 0.000000 1
8026.719888 0.000000 1
8030.079888 0.000000 1
8033.439888 0.000000 1
8036.799888 0.000000 1
8040.159888 0.000000 1
8043.519888 0.000000 1
8046.879888 0.000000 1
8050.239888 0.000000 1
8053.599888 0.000000 1
8056.959887 0.000000 1
8060.319887 0.000000 1
8063.679887 0.000000 1
8067.039887 0.000000 1
8070.399887 0.000000 1
8073.759887 0.000000 1
8077.119887 0.000000 1
8080.479887 0.000000 1
8083.839887 0.000000 1
8087.199886 0.000000 1
8090.559886 0.000000 1
8093.919886 0.000000 1
8097.279886 0.000000 1
8100.639886 0.000000 1
8103.999886 0.000000 1
8107.359886 0.000000 1
8110.719886 0.000000 1
8114.079886 0.000000 1
8117.439886 0.000000 1
8120.799885 0.000000 1
8124.159885 0.000000 1
8127.519885 0.000000 1
8130.879885 0.000000 1
8134.239885 0.000000 1
8137.599885 0.000000 1
8140.959885 0.000000 1
8144.319885 0.000000 1
8147.679885 0.000000 1
8151.039885 0.000000 1
8154.399884 0.000000 1
8157.759884 0.000000 1
8161.119884 0.000000 1
8164.479884 0.000000 1
8167.839884 0.000000 1
8171.199884 0.000000 1
8174.559884 0.000000 1
8177.919884 0.000000 1
8181.279884 0.000000 1
8184.639883 0.000000 1
8187.999883 0.000000 1
8191.359883 0.000000 1
8194.719883 0.000000 1
8198.079883 0.000000 1
8201.439883 0.000000 1
8204.799883 0.000000 1
8208.159883 0.000000 1
8211.519883 0.000000 1
8214.879883 0.000000 1
8218.239882 0.000000 1
8221.599882 0.000000 1
8224.959882 0.000000 1
8228.319882 0.000000 1
8231.679882 0.000000 1
8235.039882 0.000000 1
8238.399882 0.000000 1
8241.759882 0.000000 1
8245.119882 0.000000 1
8248.479881 0.000000 1
8251.839881 0.000000 1
8255.199881 0.000000 1
8258.559881 0.000000 1
8261.919881 0.000000 1
8265.279881 0.000000 1
8268.639881 0.000000 1
8271.999881 0.000000 1
8275.359881 0.000000 1
8278.719881 0.000000 1
8282.079880 0.000000 1
8285.439880 0.000000 1
8288.799880 0.000000 1
8292.159880 0.000000 1
8295.519880 0.000000 1
8298.879880 0.000000 1
8302.239880 0.000000 1
8305.599880 0.000000 1
8308.959880 0.000000 1
8312.319879 0.000000 1
8315.679879 0.000000 1
8319.039879 0.000000 1
8322.399879 0.000000 1
8325.759879 0.000000 1
8329.119879 0.000000 1
8332.479879 0.000000 1
8335.839879 0.000000 1
8339.199879 0.000000 1
8342.559879 0.000000 1
8345.919878 0.000000 1
8349.279878 0.000000 1
8352.639878 0.000000 1
8355.999878 0.000000 1
8359.359878 0.000000 1
8362.719878 0.000000 1
8366.079878 0.000000 1
8369.439878 0.000000 1
8372.799878 0.000000 1
8376.159877 0.000000 1
8379.519877 0.000000 1
8382.879877 0.000000 1
8386.239877 0.000000 1
8389.599877 0.000000 1
8392.959877 0.000000 1
8396.319877 0.000000 1
8399.679877 0.000000 1
8403.039877 0.000000 1
8406.399877 0.000000 1
8409.759876 0.000000 1
8413.119876 0.000000 1
8416.479876 0.000000 1
8419.839876 0.000000 1
8423.199876 0.000000 1
8426.559876 0.000000 1
8429.919876 0.000000 1
8433.279876 0.000000 1
8436.639876 0.000000 1
8439.999875 0.000000 1
8443.359875 0.000000 1
8446.719875 0.000000 1
8450.079875 0.000000 1
8453.439875 0.000000 1
8456.799875 0.000000 1
8460.159875 0.000000 1
8463.519875 0.000000 1
8466.879875 0.000000 1
8470.239875 0.000000 1
8473.599874 0.000000 1
8476.959874 0.000000 1
8480.319874 0.000000 1
8483.679874 0.000000 1
8487.039874 0.000000 1
8490.399874 0.000000 1
8493.759874 0.000000 1
8497.119874 0.000000 1
8500.479874 0.000000 1
8503.839873 0.000000 1
8507.199873 0.000000 1
8510.559873 0.000000 1
8513.919873 0.000000 1
8517.279873 0.000000 1
8520.639873 0.000000 1
8523.999873 0.000000 1
8527.359873 0.000000 1
8530.719873 0.000000 1
8534.079873 0.000000 1
8537.439872 0.000000 1
8540.799872 0.000000 1
8544.159872 0.000000 1
8547.519872 0.000000 1
8550.879872 0.000000 1
8554.239872 0.000000 1
8557.599872 0.000000 1
8560.959872 0.000000 1
8564.319872 0.000000 1
8567.679871 0.000000 1
8571.039871 0.000000 1
8574.399871 0.000000 1
8577.759871 0.000000 1
8581.119871 0.000000 1
8584.479871 0.000000 1
8587.839871 0.000000 1
8591.199871 0.000000 1
8594.559871 0.000000 1
8597.919871 0.000000 1
8601.279870 0.000000 1
8604.639870 0.000000 1
8607.999870 0.000000 1
8611.359870 0.000000 1
8614.719870 0.000000 1
8618.079870 0.000000 1
8621.439870 0.000000 1
8624.799870 0.000000 1
8628.159870 0.000000 1
8631.519870 0.000000 1
8634.879869 0.000000 1
8638.239869 0.000000 1
8641.599869 0.000000 1
8644.959869 0.000000 1
8648.319869 0.000000 1
8651.679869 0.000000 1
8655.039869 0.000000 1
8658.399869 0.000000 1
8661.759869 0.000000 1
8665.119868 0.000000 1
8668.479868 0.000000 1
8671.839868 0.000000 1
8675.199868 0.000000 1
8678.559868 0.000000 1
8681.919868 0.000000 1
8685.279868 0.000000 1
8688.639868 0.000000 1
8691.999868 0.000000 1
8695.359868 0.000000 1
8698.719867 0.000000 1
8702.079867 0.000000 1
8705.439867 0.000000 1
8708.799867 0.000000 1
8712.159867 0.000000 1
8715.519867 0.000000 1
8718.879867 0.000000 1
8722.239867 0.000000 1
8725.599867 0.000000 1
8728.959866 0.000000 1
8732.319866 0.000000 1
8735.679866 0.000000 1
8739.039866 0.000000 1
8742.399866 0.000000 1
8745.759866 0.000000 1
8749.119866 0.000000 1
8752.479866 0.000000 1
8755.839866 0.000000 1
8759.199866 0.000000 1
8762.559865 0.000000 1
8765.919865 0.000000 1
8769.279865 0.000000 1
8772.639865 0.000000 1
8775.999865 0.000000 1
8779.359865 0.000000 1
8782.719865 0.000000 1
8786.079865 0.000000 1
8789.439865 0.000000 1
8792.799864 0.000000 1
8796.159864 0.000000 1
8799.519864 0.000000 1
8802.879864 0.000000 1
8806.239864 0.000000 1
8809.599864 0.000000 1
8812.959864 0.000000 1
8816.319864 0.000000 1
8819.679864 0.000000 1
8823.039864 0.000000 1
8826.399863 0.000000 1
8829.759863 0.000000 1
8833.119863 0.000000 1
8836.479863 0.000000 1
8839.839863 0.000000 1
8843.199863 0.000000 1
8846.559863 0.000000 1
8849.919863 0.000000 1
8853.279863 0.000000 1
8856.639862 0.000000 1
8859.999862 0.000000 1
8863.359862 0.000000 1
8866.719862 0.000000 1
8870.079862 0.000000 1
8873.439862 0.000000 1
8876.799862 0.000000 1
8880.159862 0.000000 1
8883.519862 0.000000 1
8886.879862 0.000000 1
8890.239861 0.000000 1
8893.599861 0.000000 1
8896.959861 0.000000 1
8900.319861 0.000000 1
8903.679861 0.000000 1
8907.039861 0.000000 1
8910.399861 0.000000 1
8913.759861 0.000000 1
8917.119861 0.000000 1
8920.479860 0.000000 1
8923.839860 0.000000 1
8927.199860 0.000000 1
8930.559860 0.000000 1
8933.919860 0.000000 1
8937.279860 0.000000 1
8940.639860 0.000000 1
8943.999860 0.000000 1
8947.359860 0.000000 1
8950.719860 0.000000 1
8954.079859 0.000000 1
8957.439859 0.000000 1
8960.799859 0.000000 1
8964.159859 0.000000 1
8967.519859 0.000000 1
8970.879859 0.000000 1
8974.239859 0.000000 1
8977.599859 0.000000 1
8980.959859 0.000000 1
8984.319858 0.000000 1
8987.679858 0.000000 1
8991.039858 0.000000 1
8994.399858 0.000000 1
8997.759858 0.000000 1
9001.119858 0.000000 1
9004.479858 0.000000 1
9007.839858 0.000000 1
9011.199858 0.000000 1
9014.559858 0.000000 1
9017.919857 0.000000 1
9021.279857 0.000000 1
9024.639857 0.000000 1
9027.999857 0.000000 1
9031.359857 0.000000 1
9034.719857 0.000000 1
9038.079857 0.000000 1
9041.439857 0.000000 1
9044.799857 0.000000 1
9048.159856 0.000000 1
9051.519856 0.000000 1
9054.879856 0.000000 1
9058.239856 0.000000 1
9061.599856 0.000000 1
9064.959856 0.000000 1
9068.319856 0.000000 1
9071.679856 0.000000 1
9075.039856 0.000000 1
9078.399856 0.000000 1
9081.759855 0.000000 1
9085.119855 0.000000 1
9088.479855 0.000000 1
9091.839855 0.000000 1
9095.199855 0.000000 1
9098.559855 0.000000 1
9101.919855 0.000000 1
9105.279855 0.000000 1
9108.639855 0.000000 1
9111.999855 0.000000 1
9115.359854 0.000000 1
9118.719854 0.000000 1
9122.079854 0.000000 1
9125.439854 0.000000 1
9128.799854 0.000000 1
9132.159854 0.000000 1
9135.519854 0.000000 1
9138.879854 0.000000 1
9142.239854 0.000000 1
9145.599853 0.000000 1
9148.959853 0.000000 1
9152.319853 0.000000 1
9155.679853 0.000000 1
9159.039853 0.000000 1
9162.399853 0.000000 1
9165.759853 0.000000 1
9169.119853 0.000000 1
9172.479853 0.000000 1
9175.839853 0.000000 1
9179.199852 0.000000 1
9182.559852 0.000000 1
9185.919852 0.000000 1
9189.279852 0.000000 1
9192.639852 0.000000 1
9195.999852 0.000000 1
9199.359852 0.000000 1
9202.719852 0.000000 1
9206.079852 0.000000 1
9209.439851 0.000000 1
9212.799851 0.000000 1
9216.159851 0.000000 1
9219.519851 0.000000 1
9222.879851 0.000000 1
9226.239851 0.000000 1
9229.599851 0.000000 1
9232.959851 0.000000 1
9236.319851 0.000000 1
9239.679851 0.000000 1
9243.039850 0.000000 1
9246.399850 0.000000 1
9249.759850 0.000000 1
