# obs: 255739-43
# slit: 42
# z: 0.44790
# lines: [OII],H9,H8,K,H
# spec: 117
4451.680000 0.000000 1
4455.040000 0.000000 1
4458.400000 0.000000 1
4461.760000 0.000000 1
4465.120000 0.000000 1
4468.480000 0.000000 1
4471.840000 0.000000 1
4475.200000 0.000000 1
4478.560000 0.000000 1
4481.920000 0.000000 1
4485.280000 0.002258 1
4488.640000 0.011948 1
4492.000000 0.005206 1
4495.360000 -0.001353 1
4498.720000 0.004587 1
4502.080000 0.003331 1
4505.440000 0.001025 1
4508.800000 0.005756 1
4512.160000 0.005577 1
4515.520000 0.001921 1
4518.880000 0.001046 1
4522.240000 0.004317 1
4525.600000 0.009589 1
4528.960000 0.013587 1
4532.320000 0.012978 1
4535.680000 0.010153 1
4539.040000 0.010900 1
4542.400000 0.001810 1
4545.760000 0.007606 1
4549.120000 0.010621 1
4552.480000 0.009951 0
4555.840000 0.003786 0
4559.200000 0.005428 0
4562.560000 0.007247 0
4565.920000 0.012212 0
4569.280000 0.007202 0
4572.640000 -0.000711 0
4576.000000 0.004398 0
4579.360000 0.005497 0
4582.720000 0.008857 0
4586.080000 0.010351 0
4589.440000 0.004748 0
4592.800000 0.006022 0
4596.160000 0.003097 0
4599.520000 0.009782 0
4602.880000 0.007713 0
4606.240000 0.007063 0
4609.600000 0.005924 0
4612.960000 0.014649 0
4616.320000 0.009465 0
4619.680000 0.014402 0
4623.040000 0.012616 0
4626.400000 0.007285 0
4629.760000 0.014117 0
4633.120000 -0.001930 0
4636.480000 0.012985 0
4639.840000 0.012379 0
4643.200000 0.013070 0
4646.560000 0.005861 0
4649.920000 0.002739 0
4653.280000 0.001159 0
4656.640000 0.006500 0
4660.000000 0.009069 0
4663.360000 0.013627 0
4666.720000 0.002644 0
4670.080000 0.004177 0
4673.440000 0.013720 0
4676.800000 0.010074 0
4680.160000 0.011423 0
4683.520000 0.006925 0
4686.880000 0.009537 0
4690.240000 0.005289 0
4693.600000 0.008590 0
4696.960000 0.014909 0
4700.320000 0.013386 0
4703.680000 0.008712 0
4707.040000 0.007194 0
4710.400000 0.006181 0
4713.760000 0.018091 0
4717.120000 0.012120 0
4720.480000 0.017288 0
4723.840000 0.003056 0
4727.200000 0.010392 0
4730.560000 0.009938 0
4733.920000 0.010492 0
4737.280000 0.020765 0
4740.640000 0.022130 0
4744.000000 0.015849 0
4747.360000 0.009250 0
4750.720000 0.013520 0
4754.080000 0.010306 0
4757.440000 0.016678 0
4760.800000 0.014657 0
4764.160000 0.004702 0
4767.520000 0.012890 0
4770.880000 0.007446 0
4774.240000 0.010230 0
4777.600000 0.012467 0
4780.960000 0.014561 0
4784.320000 0.016972 0
4787.680000 0.012867 0
4791.040000 0.015754 0
4794.400000 0.004699 0
4797.760000 0.011374 0
4801.120000 0.017807 0
4804.480000 0.015005 0
4807.840000 0.009142 0
4811.200000 0.012533 0
4814.560000 0.008937 0
4817.920000 0.007696 0
4821.280000 0.023479 0
4824.640000 0.022743 0
4828.000000 0.010830 0
4831.360000 0.006432 0
4834.720000 0.017793 0
4838.080000 0.015662 0
4841.440000 0.009797 0
4844.800000 0.017014 0
4848.160000 0.010157 0
4851.520000 0.014963 0
4854.880000 0.018077 0
4858.240000 0.007399 0
4861.600000 0.019886 0
4864.960000 0.006279 0
4868.320000 0.010892 0
4871.680000 0.012158 0
4875.040000 0.015238 0
4878.400000 0.015821 0
4881.760000 0.006337 0
4885.120000 0.012966 0
4888.480000 0.004839 0
4891.840000 0.017514 0
4895.200000 0.021722 0
4898.560000 0.009839 0
4901.920000 0.014160 0
4905.280000 0.011364 0
4908.640000 0.016147 0
4912.000000 0.010483 0
4915.360000 0.019500 0
4918.720000 0.021010 0
4922.080000 0.009889 0
4925.440000 0.016085 0
4928.800000 0.006856 0
4932.160000 0.011134 0
4935.520000 0.009658 0
4938.880000 0.013832 0
4942.240000 0.014702 0
4945.600000 0.017367 0
4948.960000 0.015398 0
4952.320000 0.022476 0
4955.680000 0.016203 0
4959.040000 0.008620 0
4962.400000 0.016202 0
4965.760000 0.014164 0
4969.120000 0.007113 0
4972.480000 0.018065 0
4975.840000 0.021276 0
4979.200000 0.017276 0
4982.560000 0.008969 0
4985.920000 0.019416 0
4989.280000 0.017547 0
4992.640000 0.018484 0
4996.000000 0.011985 0
4999.360000 0.019251 0
5002.720000 0.017756 0
5006.080000 0.011302 0
5009.440000 0.013638 0
5012.800000 0.015827 0
5016.160000 0.024256 0
5019.520000 0.016457 0
5022.880000 0.018339 0
5026.240000 0.017821 0
5029.600000 0.005859 0
5032.960000 0.012249 0
5036.320000 0.014984 0
5039.680000 0.013703 0
5043.040000 0.009431 0
5046.400000 0.008872 0
5049.760000 0.015727 0
5053.120000 0.009779 0
5056.480000 0.011335 0
5059.840000 0.011111 0
5063.200000 0.013703 0
5066.560000 0.017114 0
5069.920000 0.006823 0
5073.280000 0.007638 0
5076.640000 0.015173 0
5080.000000 0.012383 0
5083.360000 0.012135 0
5086.720000 0.007851 0
5090.080000 0.008491 0
5093.440000 0.006484 0
5096.800000 0.013411 0
5100.160000 0.010407 0
5103.520000 0.011354 0
5106.880000 0.016944 0
5110.240000 0.014358 0
5113.600000 0.015348 0
5116.960000 0.021471 0
5120.320000 0.014438 0
5123.680000 0.014198 0
5127.040000 0.016286 0
5130.400000 0.013537 0
5133.760000 0.019234 0
5137.120000 0.019487 0
5140.480000 0.018629 0
5143.840000 0.019959 0
5147.200000 0.015809 0
5150.560000 0.015523 0
5153.920000 0.020558 0
5157.280000 0.012265 0
5160.640000 0.013356 0
5164.000000 0.010427 0
5167.360000 0.017963 0
5170.720000 0.010231 0
5174.080000 0.014629 0
5177.440000 0.016609 0
5180.800000 0.018623 0
5184.160000 0.009192 0
5187.520000 0.012140 0
5190.880000 0.016108 0
5194.240000 0.021266 0
5197.600000 0.013138 0
5200.960000 0.014038 0
5204.320000 0.015567 0
5207.680000 0.010096 0
5211.040000 0.023624 0
5214.400000 0.017150 0
5217.760000 0.008300 0
5221.120000 0.007897 0
5224.480000 0.009327 0
5227.840000 0.006813 0
5231.200000 0.012265 0
5234.560000 0.016451 0
5237.920000 0.011997 0
5241.280000 0.012427 0
5244.640000 0.014871 0
5248.000000 0.013908 0
5251.360000 0.012553 0
5254.720000 0.017341 0
5258.080000 0.019973 0
5261.440000 0.017188 0
5264.800000 0.015873 0
5268.160000 0.016838 0
5271.520000 0.010131 0
5274.880000 0.009121 0
5278.240000 0.007387 0
5281.600000 0.016568 0
5284.960000 0.013951 0
5288.320000 0.016931 0
5291.680000 0.006263 0
5295.040000 0.008431 0
5298.400000 0.016970 0
5301.760000 0.016778 0
5305.120000 0.011368 0
5308.480000 0.012290 0
5311.840000 0.015238 0
5315.200000 0.015459 0
5318.560000 0.011309 0
5321.920000 0.008328 0
5325.280000 0.016439 0
5328.640000 0.019264 0
5332.000000 0.012858 0
5335.360000 0.015774 0
5338.720000 0.016409 0
5342.080000 0.011528 0
5345.440000 0.016748 0
5348.800000 0.017821 0
5352.160000 0.012947 0
5355.520000 0.020877 0
5358.880000 0.021830 0
5362.240000 0.021357 0
5365.600000 0.010374 0
5368.960000 0.008562 0
5372.320000 0.014458 0
5375.680000 0.018484 0
5379.040000 0.014284 0
5382.400000 0.021540 0
5385.760000 0.019374 0
5389.120000 0.018134 0
5392.480000 0.031868 0
5395.840000 0.063770 0
5399.200000 0.089916 0
5402.560000 0.074378 0
5405.920000 0.040756 0
5409.280000 0.015199 0
5412.640000 0.011821 0
5416.000000 0.019650 0
5419.360000 0.019333 0
5422.720000 0.019418 0
5426.080000 0.017902 0
5429.440000 0.013785 0
5432.800000 0.015985 0
5436.160000 0.019286 0
5439.520000 0.010998 0
5442.880000 0.019566 0
5446.240000 0.021256 0
5449.600000 0.025697 0
5452.960000 0.019316 0
5456.320000 0.012939 0
5459.680000 0.013498 0
5463.040000 0.017133 0
5466.400000 0.018454 0
5469.760000 0.019892 0
5473.120000 0.028388 0
5476.480000 0.031191 0
5479.840000 0.026987 0
5483.200000 0.022056 0
5486.560000 0.024051 0
5489.920000 0.028784 0
5493.280000 0.025952 0
5496.640000 0.021881 0
5500.000000 0.026628 0
5503.360000 0.019664 0
5506.720000 0.023813 0
5510.080000 0.017212 0
5513.440000 0.021006 0
5516.800000 0.033291 0
5520.160000 0.041815 0
5523.520000 0.028483 0
5526.880000 0.027785 0
5530.240000 0.022885 0
5533.600000 0.020062 0
5536.960000 0.020787 0
5540.320000 0.027332 0
5543.680000 0.027679 0
5547.040000 0.010992 0
5550.400000 0.018274 0
5553.760000 0.012505 0
5557.120000 0.019509 0
5560.480000 0.018026 0
5563.840000 0.016823 1
5567.200000 0.022955 1
5570.560000 0.025674 1
5573.920000 0.018727 1
5577.280000 0.031398 1
5580.640000 0.039754 1
5584.000000 0.056911 1
5587.360000 0.017906 1
5590.720000 0.031030 1
5594.080000 0.026229 1
5597.440000 0.021807 0
5600.800000 0.017557 0
5604.160000 0.028933 0
5607.520000 0.035607 0
5610.880000 0.025675 0
5614.240000 0.020625 0
5617.600000 0.024376 0
5620.960000 0.027399 0
5624.320000 0.017976 0
5627.680000 0.015775 0
5631.040000 0.017869 0
5634.400000 0.015838 0
5637.760000 0.017154 0
5641.120000 0.022128 0
5644.480000 0.022548 0
5647.840000 0.017712 0
5651.200000 0.021807 0
5654.560000 0.026932 0
5657.920000 0.027327 0
5661.280000 0.026817 0
5664.640000 0.020882 0
5668.000000 0.024876 0
5671.360000 0.024633 0
5674.720000 0.026629 0
5678.080000 0.024439 0
5681.440000 0.029293 0
5684.800000 0.026205 0
5688.160000 0.024264 0
5691.520000 0.014433 0
5694.880000 0.015230 0
5698.240000 0.020454 0
5701.600000 0.024122 0
5704.960000 0.023081 0
5708.320000 0.029659 0
5711.680000 0.026207 0
5715.040000 0.029212 0
5718.400000 0.033563 0
5721.760000 0.023422 0
5725.120000 0.027181 0
5728.480000 0.020939 0
5731.840000 0.017804 0
5735.200000 0.023026 0
5738.560000 0.023384 0
5741.920000 0.012249 0
5745.280000 0.016309 0
5748.640000 0.008288 0
5752.000000 0.014820 0
5755.360000 0.013808 0
5758.720000 0.018773 0
5762.080000 0.009547 0
5765.440000 0.021141 0
5768.800000 0.023421 0
5772.160000 0.022420 0
5775.520000 0.031537 0
5778.880000 0.017951 0
5782.240000 0.030262 0
5785.600000 0.032327 0
5788.960000 0.020523 0
5792.320000 0.022796 0
5795.680000 0.035240 0
5799.040000 0.027630 0
5802.400000 0.032511 0
5805.760000 0.023083 0
5809.120000 0.031886 0
5812.480000 0.033519 0
5815.840000 0.030794 0
5819.200000 0.035430 0
5822.560000 0.032267 0
5825.920000 0.040281 0
5829.280000 0.026163 0
5832.640000 0.026447 0
5836.000000 0.027970 0
5839.360000 0.021150 0
5842.720000 0.031763 0
5846.080000 0.020551 0
5849.440000 0.024671 0
5852.800000 0.032543 0
5856.160000 0.025938 0
5859.520000 0.028122 0
5862.880000 0.027564 0
5866.240000 0.032536 0
5869.600000 0.030177 0
5872.960000 0.030187 0
5876.320000 0.031949 0
5879.680000 0.027510 0
5883.040000 0.027222 0
5886.400000 0.017769 0
5889.760000 0.034465 0
5893.120000 0.037806 0
5896.480000 0.023468 0
5899.840000 0.026277 0
5903.200000 0.034948 0
5906.560000 0.028532 0
5909.920000 0.029098 0
5913.280000 0.038388 0
5916.640000 0.023701 0
5920.000000 0.025989 0
5923.360000 0.030486 0
5926.720000 0.031827 0
5930.080000 0.028013 0
5933.440000 0.024651 0
5936.800000 0.022794 0
5940.160000 0.017659 0
5943.520000 0.016273 0
5946.880000 0.026641 0
5950.240000 0.015907 0
5953.600000 0.022058 0
5956.960000 0.033174 0
5960.320000 0.027542 0
5963.680000 0.026728 0
5967.040000 0.036832 0
5970.400000 0.026583 0
5973.760000 0.024362 0
5977.120000 0.035877 0
5980.480000 0.028591 0
5983.840000 0.029967 0
5987.200000 0.027289 0
5990.560000 0.031437 0
5993.920000 0.026343 0
5997.280000 0.028181 0
6000.640000 0.032689 0
6004.000000 0.022927 0
6007.360000 0.023902 0
6010.720000 0.023919 0
6014.080000 0.028114 0
6017.440000 0.028354 0
6020.800000 0.027901 0
6024.160000 0.030389 0
6027.520000 0.032748 0
6030.880000 0.033971 0
6034.240000 0.027221 0
6037.600000 0.027835 0
6040.960000 0.024602 0
6044.320000 0.019223 0
6047.680000 0.028404 0
6051.040000 0.026979 0
6054.400000 0.022171 0
6057.760000 0.023126 0
6061.120000 0.026371 0
6064.480000 0.020963 0
6067.840000 0.027660 0
6071.200000 0.023064 0
6074.560000 0.025332 0
6077.920000 0.028808 0
6081.280000 0.024790 0
6084.640000 0.032430 0
6088.000000 0.042445 0
6091.360000 0.030591 0
6094.720000 0.031491 0
6098.080000 0.040048 0
6101.440000 0.032412 0
6104.800000 0.018778 0
6108.160000 0.028644 0
6111.520000 0.028810 0
6114.880000 0.022936 0
6118.240000 0.024690 0
6121.600000 0.024451 0
6124.960000 0.026499 0
6128.320000 0.027585 0
6131.680000 0.026715 0
6135.040000 0.022155 0
6138.400000 0.023892 0
6141.760000 0.027726 0
6145.120000 0.029847 0
6148.480000 0.030853 0
6151.840000 0.030849 0
6155.200000 0.027224 0
6158.560000 0.023547 0
6161.920000 0.025723 0
6165.280000 0.029921 0
6168.640000 0.020240 0
6172.000000 0.029349 0
6175.360000 0.034736 0
6178.720000 0.024247 0
6182.080000 0.020883 0
6185.440000 0.028053 0
6188.800000 0.023162 0
6192.160000 0.024520 0
6195.520000 0.024493 0
6198.880000 0.028492 0
6202.240000 0.032267 0
6205.600000 0.028989 0
6208.960000 0.027613 0
6212.320000 0.028187 0
6215.680000 0.021368 0
6219.040000 0.018256 0
6222.400000 0.032589 0
6225.760000 0.023791 0
6229.120000 0.020641 0
6232.480000 0.013707 0
6235.840000 0.021728 0
6239.200000 0.022205 0
6242.560000 0.020043 0
6245.920000 0.016666 0
6249.280000 0.021672 0
6252.640000 0.018028 0
6256.000000 0.027399 0
6259.360000 0.028976 0
6262.720000 0.020422 0
6266.080000 0.022162 0
6269.440000 0.021635 0
6272.800000 0.024460 0
6276.160000 0.019575 0
6279.520000 0.022063 0
6282.880000 0.019326 0
6286.240000 0.020082 0
6289.600000 0.022699 0
6292.960000 0.027280 0
6296.320000 0.023249 0
6299.680000 0.019699 0
6303.040000 0.019314 0
6306.400000 0.027999 0
6309.760000 0.033448 0
6313.120000 0.031715 0
6316.480000 0.024921 0
6319.840000 0.026519 0
6323.200000 0.033055 0
6326.560000 0.026461 0
6329.920000 0.028745 0
6333.280000 0.033624 0
6336.640000 0.027853 0
6340.000000 0.022175 0
6343.360000 0.026758 0
6346.720000 0.026171 0
6350.080000 0.023199 0
6353.440000 0.017373 0
6356.800000 0.017112 0
6360.160000 0.017022 0
6363.520000 0.023390 0
6366.880000 0.026775 0
6370.240000 0.026451 0
6373.600000 0.024410 0
6376.960000 0.030893 0
6380.320000 0.031713 0
6383.680000 0.029925 0
6387.040000 0.025752 0
6390.400000 0.026253 0
6393.760000 0.021578 0
6397.120000 0.033238 0
6400.480000 0.030637 0
6403.840000 0.030579 0
6407.200000 0.025531 0
6410.560000 0.022708 0
6413.920000 0.026700 0
6417.280000 0.031165 0
6420.640000 0.025928 0
6424.000000 0.023831 0
6427.360000 0.024273 0
6430.720000 0.022915 0
6434.080000 0.031031 0
6437.440000 0.023151 0
6440.800000 0.024328 0
6444.160000 0.024923 0
6447.520000 0.030683 0
6450.880000 0.024398 0
6454.240000 0.027411 0
6457.600000 0.022248 0
6460.960000 0.024896 0
6464.320000 0.026512 0
6467.680000 0.026881 0
6471.040000 0.031246 0
6474.400000 0.024871 0
6477.760000 0.026060 0
6481.120000 0.033638 0
6484.480000 0.030530 0
6487.840000 0.033537 0
6491.200000 0.028696 0
6494.560000 0.029860 0
6497.920000 0.024771 0
6501.280000 0.029129 0
6504.640000 0.031823 0
6508.000000 0.034402 0
6511.360000 0.028824 0
6514.720000 0.033855 0
6518.080000 0.030498 0
6521.440000 0.040016 0
6524.800000 0.033632 0
6528.160000 0.037342 0
6531.520000 0.035336 0
6534.880000 0.027930 0
6538.240000 0.029911 0
6541.600000 0.034676 0
6544.960000 0.026162 0
6548.320000 0.024004 0
6551.680000 0.023472 0
6555.040000 0.022399 0
6558.400000 0.028852 0
6561.760000 0.037797 0
6565.120000 0.026074 0
6568.480000 0.023499 0
6571.840000 0.014603 0
6575.200000 0.027202 0
6578.560000 0.032805 0
6581.920000 0.026269 0
6585.280000 0.026662 0
6588.640000 0.018450 0
6592.000000 0.023606 0
6595.360000 0.019467 0
6598.720000 0.020882 0
6602.080000 0.029215 0
6605.440000 0.021418 0
6608.800000 0.026803 0
6612.160000 0.027330 0
6615.520000 0.033798 0
6618.880000 0.030012 0
6622.240000 0.033507 0
6625.600000 0.029906 0
6628.960000 0.026156 0
6632.320000 0.034795 0
6635.680000 0.024395 0
6639.040000 0.027544 0
6642.400000 0.028590 0
6645.760000 0.021633 0
6649.120000 0.018411 0
6652.480000 0.022139 0
6655.840000 0.031273 0
6659.200000 0.033214 0
6662.560000 0.027599 0
6665.920000 0.023679 0
6669.280000 0.022373 0
6672.640000 0.021382 0
6676.000000 0.030156 0
6679.360000 0.032210 0
6682.720000 0.023456 0
6686.080000 0.020856 0
6689.440000 0.018934 0
6692.800000 0.030391 0
6696.160000 0.033469 0
6699.520000 0.024711 0
6702.880000 0.029601 0
6706.240000 0.024742 0
6709.600000 0.022755 0
6712.960000 0.021974 0
6716.320000 0.028922 0
6719.680000 0.028028 0
6723.040000 0.028351 0
6726.400000 0.029634 0
6729.760000 0.035397 0
6733.120000 0.020143 0
6736.480000 0.024447 0
6739.840000 0.027121 0
6743.200000 0.031958 0
6746.560000 0.027650 0
6749.920000 0.027603 0
6753.280000 0.027420 0
6756.640000 0.028777 0
6760.000000 0.026498 0
6763.360000 0.031902 0
6766.720000 0.024576 0
6770.080000 0.023420 0
6773.440000 0.021665 0
6776.800000 0.028412 0
6780.160000 0.033987 0
6783.520000 0.033398 0
6786.880000 0.025299 0
6790.240000 0.024329 0
6793.600000 0.031319 0
6796.960000 0.036474 0
6800.320000 0.024898 0
6803.680000 0.022644 0
6807.040000 0.027546 0
6810.400000 0.022302 0
6813.760000 0.019608 0
6817.120000 0.027999 0
6820.480000 0.021442 0
6823.840000 0.025949 0
6827.200000 0.032141 0
6830.560000 0.018313 0
6833.920000 0.026979 0
6837.280000 0.019823 0
6840.640000 0.027510 0
6844.000000 0.030930 0
6847.360000 0.023810 0
6850.720000 0.026115 0
6854.080000 0.024837 0
6857.440000 0.030196 0
6860.800000 0.028490 0
6864.160000 0.018637 0
6867.520000 0.019659 0
6870.880000 0.025651 0
6874.240000 0.024566 0
6877.600000 0.024042 0
6880.960000 0.018379 0
6884.320000 0.019596 0
6887.680000 0.021505 0
6891.040000 0.020463 0
6894.400000 0.032709 0
6897.760000 0.024874 0
6901.120000 0.023386 0
6904.480000 0.020743 0
6907.840000 0.031551 0
6911.200000 0.032076 0
6914.560000 0.024103 0
6917.920000 0.028618 0
6921.280000 0.044570 0
6924.640000 0.034542 0
6928.000000 0.028844 0
6931.360000 0.031439 0
6934.720000 0.034775 0
6938.080000 0.032814 0
6941.440000 0.031418 0
6944.800000 0.035974 0
6948.160000 0.023797 0
6951.520000 0.026822 0
6954.880000 0.028905 0
6958.240000 0.035817 0
6961.600000 0.031819 0
6964.960000 0.036413 0
6968.320000 0.028857 0
6971.680000 0.021333 0
6975.040000 0.023171 0
6978.400000 0.027977 0
6981.760000 0.034725 0
6985.120000 0.030016 0
6988.480000 0.025254 0
6991.840000 0.030982 0
6995.200000 0.035217 0
6998.560000 0.030136 0
7001.920000 0.028533 0
7005.280000 0.023193 0
7008.640000 0.029865 0
7012.000000 0.034274 0
7015.360000 0.031630 0
7018.720000 0.030928 0
7022.080000 0.029328 0
7025.440000 0.034105 0
7028.800000 0.023941 0
7032.160000 0.023076 0
7035.520000 0.031127 0
7038.880000 0.047662 0
7042.240000 0.064368 0
7045.600000 0.046441 0
7048.960000 0.026733 0
7052.320000 0.024561 0
7055.680000 0.022582 0
7059.040000 0.033472 0
7062.400000 0.026133 0
7065.760000 0.025896 0
7069.120000 0.026603 0
7072.480000 0.027295 0
7075.840000 0.021751 0
7079.200000 0.022860 0
7082.560000 0.021209 0
7085.920000 0.007323 0
7089.280000 0.017729 0
7092.640000 0.028019 0
7096.000000 0.030236 0
7099.360000 0.030752 0
7102.720000 0.026088 0
7106.080000 0.032526 0
7109.440000 0.022051 0
7112.800000 0.030161 0
7116.160000 0.028007 0
7119.520000 0.031236 0
7122.880000 0.033849 0
7126.240000 0.023836 0
7129.600000 0.021403 0
7132.960000 0.022065 0
7136.320000 0.031496 0
7139.680000 0.037226 0
7143.040000 0.029116 0
7146.400000 0.018625 0
7149.760000 0.024463 0
7153.120000 0.020056 0
7156.480000 0.025610 0
7159.840000 0.026989 0
7163.200000 0.030950 0
7166.560000 0.025929 0
7169.920000 0.027815 0
7173.280000 0.023253 0
7176.640000 0.030154 0
7180.000000 0.031385 0
7183.360000 0.021931 0
7186.720000 0.026891 0
7190.080000 0.023175 0
7193.440000 0.027589 0
7196.800000 0.025502 0
7200.160000 0.024571 0
7203.520000 0.028086 0
7206.880000 0.025955 0
7210.240000 0.020234 0
7213.600000 0.024202 0
7216.960000 0.032258 0
7220.320000 0.028307 0
7223.680000 0.024761 0
7227.040000 0.031317 0
7230.400000 0.022032 0
7233.760000 0.030082 0
7237.120000 0.035214 0
7240.480000 0.042838 0
7243.840000 0.042826 0
7247.200000 0.048720 0
7250.560000 0.048491 0
7253.920000 0.045834 0
7257.280000 0.032177 0
7260.640000 0.031046 0
7264.000000 0.029438 0
7267.360000 0.030729 0
7270.720000 0.032399 0
7274.080000 0.024513 0
7277.440000 0.032382 0
7280.800000 0.047419 0
7284.160000 0.029267 0
7287.520000 0.034048 0
7290.880000 0.028858 0
7294.240000 0.026943 0
7297.600000 0.028585 0
7300.960000 0.037493 0
7304.320000 0.027088 0
7307.680000 0.023972 0
7311.040000 0.020133 0
7314.400000 0.023347 0
7317.760000 0.026027 0
7321.120000 0.033218 0
7324.480000 0.021550 0
7327.840000 0.019175 0
7331.200000 0.029928 0
7334.560000 0.037570 0
7337.920000 0.038429 0
7341.280000 0.038793 0
7344.640000 0.021751 0
7348.000000 0.027214 0
7351.360000 0.035714 0
7354.720000 0.020015 0
7358.080000 0.020777 0
7361.440000 0.027278 0
7364.800000 0.020573 0
7368.160000 0.021774 0
7371.520000 0.044669 0
7374.880000 0.024136 0
7378.240000 0.027865 0
7381.600000 0.035073 0
7384.960000 0.030075 0
7388.320000 0.024288 0
7391.680000 0.028644 0
7395.040000 0.026606 0
7398.400000 0.036516 0
7401.760000 0.036450 0
7405.120000 0.034359 0
7408.480000 0.028720 0
7411.840000 0.029642 0
7415.200000 0.020184 0
7418.560000 0.024356 0
7421.920000 0.026794 0
7425.280000 0.020288 0
7428.640000 0.025528 0
7432.000000 0.031312 0
7435.360000 0.030534 0
7438.720000 0.031035 0
7442.080000 0.023459 0
7445.440000 0.026186 0
7448.800000 0.033122 0
7452.160000 0.033781 0
7455.520000 0.030666 0
7458.880000 0.027357 0
7462.240000 0.027584 0
7465.600000 0.020047 0
7468.960000 0.030675 0
7472.320000 0.038917 0
7475.680000 0.027868 0
7479.040000 0.032118 0
7482.400000 0.025782 0
7485.760000 0.026444 0
7489.120000 0.026726 0
7492.480000 0.029852 0
7495.840000 0.032453 0
7499.200000 0.036612 0
7502.560000 0.027669 0
7505.920000 0.028454 0
7509.280000 0.032642 0
7512.640000 0.027350 0
7516.000000 0.028924 0
7519.360000 0.034108 0
7522.720000 0.020419 0
7526.080000 0.032813 0
7529.440000 0.035288 0
7532.800000 0.035709 0
7536.160000 0.039066 0
7539.520000 0.022424 0
7542.880000 0.028784 0
7546.240000 0.035785 0
7549.600000 0.029892 0
7552.960000 0.029064 0
7556.320000 0.026462 0
7559.680000 0.033289 0
7563.040000 0.024919 0
7566.400000 0.038634 0
7569.760000 0.026979 0
7573.120000 0.034932 0
7576.480000 0.041486 0
7579.840000 0.035286 0
7583.200000 0.028970 0
7586.560000 0.033292 0
7589.920000 0.034291 0
7593.280000 0.027557 0
7596.640000 0.012744 0
7600.000000 0.017361 0
7603.360000 0.024529 0
7606.720000 0.017511 0
7610.080000 0.025498 0
7613.440000 0.031770 0
7616.800000 0.031677 0
7620.160000 0.023261 0
7623.520000 0.002080 0
7626.880000 0.012618 0
7630.240000 0.015364 0
7633.600000 0.024440 0
7636.960000 0.023834 0
7640.320000 0.025494 0
7643.680000 0.034077 0
7647.040000 0.032686 0
7650.400000 0.033494 0
7653.760000 0.022004 0
7657.120000 0.025880 0
7660.480000 0.029176 0
7663.840000 0.034547 0
7667.200000 0.028351 0
7670.560000 0.021826 0
7673.920000 0.027540 0
7677.280000 0.028876 0
7680.640000 0.031743 0
7684.000000 0.022428 0
7687.360000 0.027101 0
7690.720000 0.033849 0
7694.080000 0.026170 0
7697.440000 0.030885 0
7700.800000 0.032342 0
7704.160000 0.024299 0
7707.520000 0.030904 0
7710.880000 0.025037 0
7714.240000 0.032626 0
7717.600000 0.031133 0
7720.960000 0.021893 0
7724.320000 0.032072 0
7727.680000 0.033092 0
7731.040000 0.028627 0
7734.400000 0.019375 0
7737.760000 0.022263 0
7741.120000 0.020224 0
7744.480000 0.024297 0
7747.840000 0.030865 0
7751.200000 0.033694 0
7754.560000 0.022720 0
7757.920000 0.028667 0
7761.280000 0.021584 0
7764.640000 0.020130 0
7768.000000 0.027807 0
7771.360000 0.024614 0
7774.720000 0.025246 0
7778.080000 0.028790 0
7781.440000 0.026628 0
7784.800000 0.022190 0
7788.160000 0.029531 0
7791.520000 0.016701 0
7794.880000 0.021726 0
7798.240000 0.029783 0
7801.600000 0.024436 0
7804.960000 0.020029 0
7808.320000 0.033294 0
7811.680000 0.028530 0
7815.040000 0.036103 0
7818.400000 0.035418 0
7821.760000 0.033841 0
7825.120000 0.042914 0
7828.480000 0.024544 0
7831.840000 0.026187 0
7835.200000 0.025493 0
7838.560000 0.025472 0
7841.920000 0.023517 0
7845.280000 0.031646 0
7848.640000 0.024985 0
7852.000000 0.037775 0
7855.360000 0.039933 0
7858.720000 0.039210 0
7862.080000 0.023470 0
7865.440000 0.029975 0
7868.800000 0.037757 0
7872.160000 0.017103 0
7875.520000 0.029472 0
7878.880000 0.027665 0
7882.240000 0.027678 0
7885.600000 0.029499 0
7888.960000 0.030517 0
7892.320000 0.015991 0
7895.680000 0.011938 0
7899.040000 0.021896 0
7902.400000 0.024426 0
7905.760000 0.027422 0
7909.120000 0.047578 0
7912.480000 0.028424 0
7915.840000 0.021557 0
7919.200000 0.030049 0
7922.560000 0.038251 0
7925.920000 0.023707 0
7929.280000 0.021973 0
7932.640000 0.032202 0
7936.000000 0.022296 0
7939.360000 0.028753 0
7942.720000 0.030534 0
7946.080000 0.026633 0
7949.440000 0.027115 0
7952.800000 0.025924 0
7956.160000 0.023713 0
7959.520000 0.028852 0
7962.880000 0.031407 0
7966.240000 0.036701 0
7969.600000 0.039170 0
7972.960000 0.030383 0
7976.320000 0.036413 0
7979.680000 0.035756 0
7983.040000 0.033079 0
7986.400000 0.033347 0
7989.760000 0.036591 0
7993.120000 0.036921 0
7996.480000 0.042895 0
7999.840000 0.045702 0
8003.200000 0.035183 0
8006.560000 0.026943 0
8009.920000 0.029331 0
8013.280000 0.035286 0
8016.640000 0.035225 0
8020.000000 0.022595 0
8023.360000 0.025609 0
8026.720000 0.021026 0
8030.080000 0.013254 0
8033.440000 0.021210 0
8036.800000 0.022623 0
8040.160000 0.021885 0
8043.520000 0.021030 0
8046.880000 0.030691 0
8050.240000 0.030383 0
8053.600000 0.042262 0
8056.960000 0.040618 0
8060.320000 0.035783 0
8063.680000 0.028437 0
8067.040000 0.024842 0
8070.400000 0.036439 0
8073.760000 0.040792 0
8077.120000 0.029171 0
8080.480000 0.020359 0
8083.840000 0.020560 0
8087.200000 0.018950 0
8090.560000 0.031056 0
8093.920000 0.014684 0
8097.280000 0.029246 0
8100.640000 0.031322 0
8104.000000 0.032185 0
8107.360000 0.023001 0
8110.720000 0.027649 0
8114.080000 0.020588 0
8117.440000 0.021822 0
8120.800000 0.024942 0
8124.160000 0.024679 0
8127.520000 0.016175 0
8130.880000 0.017632 0
8134.240000 0.017091 0
8137.600000 0.022355 0
8140.960000 0.019989 0
8144.320000 0.021446 0
8147.680000 0.014416 0
8151.040000 0.031580 0
8154.400000 0.020691 0
8157.760000 0.018266 0
8161.120000 0.020771 0
8164.480000 0.017946 0
8167.840000 0.016423 0
8171.200000 0.022882 0
8174.560000 0.023697 0
8177.920000 0.019343 0
8181.280000 0.015328 0
8184.640000 0.027244 0
8188.000000 0.020086 0
8191.360000 0.021334 0
8194.720000 0.014165 0
8198.080000 0.024044 0
8201.440000 0.023064 0
8204.800000 0.024908 0
8208.160000 0.027183 0
8211.520000 0.027005 0
8214.880000 0.029904 0
8218.240000 0.025852 0
8221.600000 0.015696 0
8224.960000 0.023515 0
8228.320000 0.023346 0
8231.680000 0.017465 0
8235.040000 0.027946 0
8238.400000 0.026907 0
8241.760000 0.032485 0
8245.120000 0.031443 0
8248.480000 0.029348 0
8251.840000 0.014651 0
8255.200000 0.019385 0
8258.560000 0.015413 0
8261.920000 0.021595 0
8265.280000 0.022723 0
8268.640000 0.022652 0
8272.000000 0.014012 0
8275.360000 0.021073 0
8278.720000 0.004819 0
8282.080000 0.015364 0
8285.440000 0.048452 0
8288.800000 0.029752 0
8292.160000 0.021979 0
8295.520000 0.013297 0
8298.880000 0.015776 0
8302.240000 0.021544 0
8305.600000 0.030172 0
8308.960000 0.024855 0
8312.320000 0.025194 0
8315.680000 0.013813 0
8319.040000 0.011960 0
8322.400000 0.007226 0
8325.760000 0.000000 1
8329.120000 0.000000 1
8332.480000 0.000000 1
8335.840000 0.000000 1
8339.200000 0.000000 1
8342.560000 0.000000 1
8345.920000 0.000000 1
8349.280000 0.000000 1
8352.640000 0.000000 1
8356.000000 0.000000 1
8359.360000 0.000000 1
8362.720000 0.000000 1
8366.080000 0.000000 1
8369.440000 0.000000 1
8372.800000 0.000000 1
8376.160000 0.000000 1
8379.520000 0.000000 1
8382.880000 0.000000 1
8386.240000 0.000000 1
8389.600000 0.000000 1
8392.960000 0.000000 1
8396.320000 0.000000 1
8399.680000 0.000000 1
8403.040000 0.000000 1
8406.400000 0.000000 1
8409.760000 0.000000 1
8413.120000 0.000000 1
8416.480000 0.000000 1
8419.840000 0.000000 1
8423.200000 0.000000 1
8426.560000 0.000000 1
8429.920000 0.000000 1
8433.280000 0.000000 1
8436.640000 0.000000 1
8440.000000 0.000000 1
8443.360000 0.000000 1
8446.720000 0.000000 1
8450.080000 0.000000 1
8453.440000 0.000000 1
8456.800000 0.000000 1
8460.160000 0.000000 1
8463.520000 0.000000 1
8466.880000 0.000000 1
8470.240000 0.000000 1
8473.600000 0.000000 1
8476.960000 0.000000 1
8480.320000 0.000000 1
8483.680000 0.000000 1
8487.040000 0.000000 1
8490.400000 0.000000 1
8493.760000 0.000000 1
8497.120000 0.000000 1
8500.480000 0.000000 1
8503.840000 0.000000 1
8507.200000 0.000000 1
8510.560000 0.000000 1
8513.920000 0.000000 1
8517.280000 0.000000 1
8520.640000 0.000000 1
8524.000000 0.000000 1
8527.360000 0.000000 1
8530.720000 0.000000 1
8534.080000 0.000000 1
8537.440000 0.000000 1
8540.800000 0.000000 1
8544.160000 0.000000 1
8547.520000 0.000000 1
8550.880000 0.000000 1
8554.240000 0.000000 1
8557.600000 0.000000 1
8560.960000 0.000000 1
8564.320000 0.000000 1
8567.680000 0.000000 1
8571.040000 0.000000 1
8574.400000 0.000000 1
8577.760000 0.000000 1
8581.120000 0.000000 1
8584.480000 0.000000 1
8587.840000 0.000000 1
8591.200000 0.000000 1
8594.560000 0.000000 1
8597.920000 0.000000 1
8601.280000 0.000000 1
8604.640000 0.000000 1
8608.000000 0.000000 1
8611.360000 0.000000 1
8614.720000 0.000000 1
8618.080000 0.000000 1
8621.440000 0.000000 1
8624.800000 0.000000 1
8628.160000 0.000000 1
8631.520000 0.000000 1
8634.880000 0.000000 1
8638.240000 0.000000 1
8641.600000 0.000000 1
8644.960000 0.000000 1
8648.320000 0.000000 1
8651.680000 0.000000 1
8655.040000 0.000000 1
8658.400000 0.000000 1
8661.760000 0.000000 1
8665.120000 0.000000 1
8668.480000 0.000000 1
8671.840000 0.000000 1
8675.200000 0.000000 1
8678.560000 0.000000 1
8681.920000 0.000000 1
8685.280000 0.000000 1
8688.640000 0.000000 1
8692.000000 0.000000 1
8695.360000 0.000000 1
8698.720000 0.000000 1
8702.080000 0.000000 1
8705.440000 0.000000 1
8708.800000 0.000000 1
8712.160000 0.000000 1
8715.520000 0.000000 1
8718.880000 0.000000 1
8722.240000 0.000000 1
8725.600000 0.000000 1
8728.960000 0.000000 1
8732.320000 0.000000 1
8735.680000 0.000000 1
8739.040000 0.000000 1
8742.400000 0.000000 1
8745.760000 0.000000 1
8749.120000 0.000000 1
8752.480000 0.000000 1
8755.840000 0.000000 1
8759.200000 0.000000 1
8762.560000 0.000000 1
8765.920000 0.000000 1
8769.280000 0.000000 1
8772.640000 0.000000 1
8776.000000 0.000000 1
8779.360000 0.000000 1
8782.720000 0.000000 1
8786.080000 0.000000 1
8789.440000 0.000000 1
8792.800000 0.000000 1
8796.160000 0.000000 1
8799.520000 0.000000 1
8802.880000 0.000000 1
8806.240000 0.000000 1
8809.600000 0.000000 1
8812.960000 0.000000 1
8816.320000 0.000000 1
8819.680000 0.000000 1
8823.040000 0.000000 1
8826.400000 0.000000 1
8829.760000 0.000000 1
8833.120000 0.000000 1
8836.480000 0.000000 1
8839.840000 0.000000 1
8843.200000 0.000000 1
8846.560000 0.000000 1
8849.920000 0.000000 1
8853.280000 0.000000 1
8856.640000 0.000000 1
8860.000000 0.000000 1
8863.360000 0.000000 1
8866.720000 0.000000 1
8870.080000 0.000000 1
8873.440000 0.000000 1
8876.800000 0.000000 1
8880.160000 0.000000 1
8883.520000 0.000000 1
8886.880000 0.000000 1
8890.240000 0.000000 1
8893.600000 0.000000 1
8896.960000 0.000000 1
8900.320000 0.000000 1
8903.680000 0.000000 1
8907.040000 0.000000 1
8910.400000 0.000000 1
8913.760000 0.000000 1
8917.120000 0.000000 1
8920.480000 0.000000 1
8923.840000 0.000000 1
8927.200000 0.000000 1
8930.560000 0.000000 1
8933.920000 0.000000 1
8937.280000 0.000000 1
8940.640000 0.000000 1
8944.000000 0.000000 1
8947.360000 0.000000 1
8950.720000 0.000000 1
8954.080000 0.000000 1
8957.440000 0.000000 1
8960.800000 0.000000 1
8964.160000 0.000000 1
8967.520000 0.000000 1
8970.880000 0.000000 1
8974.240000 0.000000 1
8977.600000 0.000000 1
8980.960000 0.000000 1
8984.320000 0.000000 1
8987.680000 0.000000 1
8991.040000 0.000000 1
8994.400000 0.000000 1
8997.760000 0.000000 1
9001.120000 0.000000 1
9004.480000 0.000000 1
9007.840000 0.000000 1
9011.200000 0.000000 1
9014.560000 0.000000 1
9017.920000 0.000000 1
9021.280000 0.000000 1
9024.640000 0.000000 1
9028.000000 0.000000 1
9031.360000 0.000000 1
9034.720000 0.000000 1
9038.080000 0.000000 1
9041.440000 0.000000 1
9044.800000 0.000000 1
9048.160000 0.000000 1
9051.520000 0.000000 1
9054.880000 0.000000 1
9058.240000 0.000000 1
9061.600000 0.000000 1
9064.960000 0.000000 1
9068.320000 0.000000 1
9071.680000 0.000000 1
9075.040000 0.000000 1
9078.400000 0.000000 1
9081.760000 0.000000 1
9085.120000 0.000000 1
9088.480000 0.000000 1
9091.840000 0.000000 1
9095.200000 0.000000 1
9098.560000 0.000000 1
9101.920000 0.000000 1
9105.280000 0.000000 1
9108.640000 0.000000 1
9112.000000 0.000000 1
9115.360000 0.000000 1
9118.720000 0.000000 1
9122.080000 0.000000 1
9125.440000 0.000000 1
9128.800000 0.000000 1
9132.160000 0.000000 1
9135.520000 0.000000 1
9138.880000 0.000000 1
9142.240000 0.000000 1
9145.600000 0.000000 1
9148.960000 0.000000 1
9152.320000 0.000000 1
9155.680000 0.000000 1
9159.040000 0.000000 1
9162.400000 0.000000 1
9165.760000 0.000000 1
9169.120000 0.000000 1
9172.480000 0.000000 1
9175.840000 0.000000 1
9179.200000 0.000000 1
9182.560000 0.000000 1
9185.920000 0.000000 1
9189.280000 0.000000 1
9192.640000 0.000000 1
9196.000000 0.000000 1
9199.360000 0.000000 1
9202.720000 0.000000 1
9206.080000 0.000000 1
9209.440000 0.000000 1
9212.800000 0.000000 1
9216.160000 0.000000 1
9219.520000 0.000000 1
9222.880000 0.000000 1
9226.240000 0.000000 1
9229.600000 0.000000 1
9232.960000 0.000000 1
9236.320000 0.000000 1
9239.680000 0.000000 1
9243.040000 0.000000 1
9246.400000 0.000000 1
9249.760000 0.000000 1
