# obs: 255718
# slit: 42b
# z: 1.21960
# lines: FeII24,FeII26,MgII,[OII]
# spec: 639
4451.680000 0.000000 1
4455.040000 0.000000 1
4458.400000 0.000000 1
4461.760000 0.000000 1
4465.120000 0.000000 1
4468.479999 0.000000 1
4471.839999 0.000000 1
4475.199999 0.000000 1
4478.559999 0.000000 1
4481.919999 0.000000 1
4485.279999 0.000000 1
4488.639999 0.000000 1
4491.999999 0.000000 1
4495.359999 0.000000 1
4498.719999 0.000000 1
4502.079998 0.000000 1
4505.439998 0.000000 1
4508.799998 0.000000 1
4512.159998 0.000000 1
4515.519998 0.000000 1
4518.879998 0.000000 1
4522.239998 0.000000 1
4525.599998 0.000000 1
4528.959998 0.000000 1
4532.319997 -0.031046 0
4535.679997 -0.014012 0
4539.039997 -0.016265 0
4542.399997 -0.017957 0
4545.759997 0.007436 0
4549.119997 0.013595 0
4552.479997 0.010529 0
4555.839997 0.013313 0
4559.199997 0.033904 0
4562.559997 0.013014 0
4565.919996 0.000617 0
4569.279996 0.007771 0
4572.639996 0.005381 0
4575.999996 -0.010199 0
4579.359996 0.013922 0
4582.719996 0.026357 0
4586.079996 0.029347 0
4589.439996 0.008423 0
4592.799996 0.020004 0
4596.159995 0.025039 0
4599.519995 0.011985 0
4602.879995 0.016404 0
4606.239995 -0.011267 0
4609.599995 -0.003875 0
4612.959995 0.038166 0
4616.319995 -0.013295 0
4619.679995 0.026789 0
4623.039995 0.006260 0
4626.399995 0.028188 0
4629.759994 0.024772 0
4633.119994 0.002561 0
4636.479994 0.001451 0
4639.839994 -0.006162 0
4643.199994 0.009522 0
4646.559994 0.000846 0
4649.919994 -0.000188 0
4653.279994 0.012335 0
4656.639994 0.005893 0
4659.999993 0.024629 0
4663.359993 0.017326 0
4666.719993 0.003636 0
4670.079993 0.009252 0
4673.439993 0.016235 0
4676.799993 0.006296 0
4680.159993 0.023808 0
4683.519993 -0.024612 0
4686.879993 -0.005730 0
4690.239993 0.016788 0
4693.599992 0.026218 0
4696.959992 -0.012908 0
4700.319992 0.015481 0
4703.679992 -0.009480 0
4707.039992 -0.004544 0
4710.399992 -0.007295 0
4713.759992 0.008302 0
4717.119992 0.016461 0
4720.479992 0.011281 0
4723.839992 0.027090 0
4727.199991 0.028569 0
4730.559991 0.023809 0
4733.919991 0.017469 0
4737.279991 0.030117 0
4740.639991 0.018970 0
4743.999991 0.007446 0
4747.359991 0.005517 0
4750.719991 -0.011401 0
4754.079991 0.019591 0
4757.439990 0.026216 0
4760.799990 0.011812 0
4764.159990 0.003144 0
4767.519990 -0.002165 0
4770.879990 0.021844 0
4774.239990 0.029443 0
4777.599990 0.011918 0
4780.959990 0.005655 0
4784.319990 -0.000802 0
4787.679990 0.001864 0
4791.039989 0.004947 0
4794.399989 0.001123 0
4797.759989 0.007575 0
4801.119989 0.009338 0
4804.479989 0.019529 0
4807.839989 0.001368 0
4811.199989 0.011620 0
4814.559989 -0.001008 0
4817.919989 0.004053 0
4821.279988 0.001217 0
4824.639988 0.003529 0
4827.999988 0.043661 0
4831.359988 0.011066 0
4834.719988 -0.008525 0
4838.079988 0.004300 0
4841.439988 -0.011655 0
4844.799988 0.008816 0
4848.159988 -0.001644 0
4851.519988 0.021206 0
4854.879987 -0.001655 0
4858.239987 0.008201 0
4861.599987 -0.005027 0
4864.959987 0.015044 0
4868.319987 0.021360 0
4871.679987 0.008215 0
4875.039987 -0.003588 0
4878.399987 0.016464 0
4881.759987 0.004909 0
4885.119986 0.007199 0
4888.479986 0.009673 0
4891.839986 -0.002014 0
4895.199986 0.016535 0
4898.559986 0.014213 0
4901.919986 -0.005700 0
4905.279986 0.022768 0
4908.639986 0.017882 0
4911.999986 0.001081 0
4915.359986 0.013418 0
4918.719985 0.008806 0
4922.079985 0.022890 0
4925.439985 0.017243 0
4928.799985 0.025904 0
4932.159985 0.005805 0
4935.519985 0.018453 0
4938.879985 -0.003862 0
4942.239985 0.012152 0
4945.599985 0.020358 0
4948.959984 -0.020464 0
4952.319984 -0.001280 0
4955.679984 -0.010894 0
4959.039984 0.011689 0
4962.399984 0.012282 0
4965.759984 0.019883 0
4969.119984 0.010909 0
4972.479984 0.013375 0
4975.839984 0.020300 0
4979.199984 -0.005495 0
4982.559983 0.004917 0
4985.919983 0.012889 0
4989.279983 0.014184 0
4992.639983 0.019651 0
4995.999983 0.002417 0
4999.359983 -0.008598 0
5002.719983 0.019520 0
5006.079983 -0.000543 0
5009.439983 0.009319 0
5012.799982 0.009778 0
5016.159982 0.025005 0
5019.519982 0.006765 0
5022.879982 0.013564 0
5026.239982 0.014243 0
5029.599982 -0.008944 0
5032.959982 0.005183 0
5036.319982 0.011670 0
5039.679982 0.007977 0
5043.039982 0.002015 0
5046.399981 0.000648 0
5049.759981 0.018847 0
5053.119981 -0.002473 0
5056.479981 0.010469 0
5059.839981 0.012543 0
5063.199981 -0.013259 0
5066.559981 0.017534 0
5069.919981 0.011928 0
5073.279981 0.001662 0
5076.639980 0.018186 0
5079.999980 0.020083 0
5083.359980 0.011697 0
5086.719980 0.007483 0
5090.079980 0.025959 0
5093.439980 0.016351 0
5096.799980 0.015235 0
5100.159980 0.034466 0
5103.519980 0.003851 0
5106.879980 -0.001971 0
5110.239979 0.018605 0
5113.599979 0.010118 0
5116.959979 0.012705 0
5120.319979 0.010457 0
5123.679979 0.004193 0
5127.039979 0.011979 0
5130.399979 0.021065 0
5133.759979 0.010527 0
5137.119979 0.013582 0
5140.479978 0.010351 0
5143.839978 0.021143 0
5147.199978 -0.003842 0
5150.559978 -0.001961 0
5153.919978 0.032195 0
5157.279978 0.012152 0
5160.639978 -0.004475 0
5163.999978 0.012035 0
5167.359978 0.026418 0
5170.719978 0.007517 0
5174.079977 0.003389 0
5177.439977 -0.004583 0
5180.799977 0.003835 0
5184.159977 -0.013017 0
5187.519977 -0.000257 0
5190.879977 -0.003599 0
5194.239977 0.006841 0
5197.599977 0.017426 0
5200.959977 0.015912 0
5204.319977 -0.008096 0
5207.679976 0.015683 0
5211.039976 0.013063 0
5214.399976 0.017568 0
5217.759976 0.010684 0
5221.119976 0.018403 0
5224.479976 0.005783 0
5227.839976 0.005614 0
5231.199976 0.013048 0
5234.559976 0.008726 0
5237.919975 -0.000678 0
5241.279975 0.009385 0
5244.639975 0.017694 0
5247.999975 0.024249 0
5251.359975 0.018973 0
5254.719975 0.010183 0
5258.079975 -0.010746 0
5261.439975 0.005983 0
5264.799975 0.002435 0
5268.159975 0.015242 0
5271.519974 0.009243 0
5274.879974 0.006206 0
5278.239974 -0.007559 0
5281.599974 0.000198 0
5284.959974 0.005173 0
5288.319974 -0.003606 0
5291.679974 0.010513 0
5295.039974 0.019593 0
5298.399974 0.029679 0
5301.759973 0.008055 0
5305.119973 0.014206 0
5308.479973 0.006037 0
5311.839973 0.013725 0
5315.199973 0.007667 0
5318.559973 0.001255 0
5321.919973 0.014188 0
5325.279973 0.021527 0
5328.639973 0.003298 0
5331.999973 0.017003 0
5335.359972 0.021450 0
5338.719972 0.015300 0
5342.079972 0.009329 0
5345.439972 0.000824 0
5348.799972 0.023214 0
5352.159972 0.015350 0
5355.519972 0.012267 0
5358.879972 0.008884 0
5362.239972 0.005436 0
5365.599971 0.003459 0
5368.959971 -0.000100 0
5372.319971 -0.014946 0
5375.679971 0.004818 0
5379.039971 0.002430 0
5382.399971 0.004742 0
5385.759971 0.006672 0
5389.119971 -0.001874 0
5392.479971 0.028888 0
5395.839971 0.027790 0
5399.199970 0.003139 0
5402.559970 0.014864 0
5405.919970 0.003563 0
5409.279970 -0.015185 0
5412.639970 0.011085 0
5415.999970 0.021110 0
5419.359970 0.029833 0
5422.719970 0.021280 0
5426.079970 0.004607 0
5429.439969 0.022171 0
5432.799969 0.015108 0
5436.159969 0.017836 0
5439.519969 -0.002828 0
5442.879969 0.011551 0
5446.239969 0.005925 0
5449.599969 0.016433 0
5452.959969 0.009208 0
5456.319969 0.006143 0
5459.679969 0.017647 0
5463.039968 0.017254 0
5466.399968 0.025364 0
5469.759968 0.010271 0
5473.119968 0.005388 0
5476.479968 -0.002435 0
5479.839968 -0.000012 0
5483.199968 0.014175 0
5486.559968 -0.006089 0
5489.919968 -0.003232 0
5493.279967 0.012460 0
5496.639967 0.015267 0
5499.999967 -0.013793 0
5503.359967 0.021358 0
5506.719967 -0.019258 0
5510.079967 0.013897 0
5513.439967 -0.002961 0
5516.799967 0.013382 0
5520.159967 0.003577 0
5523.519967 0.011508 0
5526.879966 -0.002678 0
5530.239966 0.014635 0
5533.599966 0.003866 0
5536.959966 0.017443 0
5540.319966 -0.006966 0
5543.679966 0.016951 0
5547.039966 0.023775 0
5550.399966 0.005983 0
5553.759966 0.003998 0
5557.119965 0.013996 0
5560.479965 0.024407 1
5563.839965 0.005671 1
5567.199965 -0.003157 1
5570.559965 0.004095 1
5573.919965 -0.006336 1
5577.279965 -0.009527 1
5580.639965 0.020052 1
5583.999965 0.000269 1
5587.359965 0.001548 1
5590.719964 0.004722 1
5594.079964 0.021535 1
5597.439964 0.000417 1
5600.799964 0.020166 1
5604.159964 -0.006438 1
5607.519964 0.030902 1
5610.879964 0.015824 0
5614.239964 0.010079 0
5617.599964 0.004286 0
5620.959963 -0.018621 0
5624.319963 -0.012799 0
5627.679963 0.013636 0
5631.039963 0.013699 0
5634.399963 0.013142 0
5637.759963 0.035720 0
5641.119963 0.009341 0
5644.479963 0.004937 0
5647.839963 0.009904 0
5651.199963 0.027817 0
5654.559962 -0.008376 0
5657.919962 0.009205 0
5661.279962 0.010520 0
5664.639962 0.009300 0
5667.999962 0.015246 0
5671.359962 0.008017 0
5674.719962 0.007541 0
5678.079962 -0.006368 0
5681.439962 0.007494 0
5684.799962 0.014460 0
5688.159961 0.024225 0
5691.519961 0.014114 0
5694.879961 -0.009886 0
5698.239961 0.012546 0
5701.599961 0.015408 0
5704.959961 0.018811 0
5708.319961 -0.005281 0
5711.679961 -0.013477 0
5715.039961 0.003213 0
5718.399960 0.026459 0
5721.759960 0.006309 0
5725.119960 0.010418 0
5728.479960 0.011022 0
5731.839960 0.004383 0
5735.199960 -0.000735 0
5738.559960 0.000744 0
5741.919960 0.001396 0
5745.279960 -0.002013 0
5748.639960 0.002989 0
5751.999959 0.006929 0
5755.359959 0.004434 0
5758.719959 0.008534 0
5762.079959 0.004098 0
5765.439959 0.018782 0
5768.799959 0.007076 0
5772.159959 0.007994 0
5775.519959 0.007760 0
5778.879959 0.022131 0
5782.239958 -0.002056 0
5785.599958 0.010725 0
5788.959958 0.011852 0
5792.319958 0.012450 0
5795.679958 0.005742 0
5799.039958 0.018888 0
5802.399958 0.006961 0
5805.759958 0.008020 0
5809.119958 0.014241 0
5812.479958 -0.003337 0
5815.839957 0.010743 0
5819.199957 0.021452 0
5822.559957 0.018684 0
5825.919957 0.019700 0
5829.279957 0.028161 0
5832.639957 0.003794 0
5835.999957 -0.024032 0
5839.359957 0.013149 0
5842.719957 0.020572 0
5846.079956 0.010991 0
5849.439956 0.001238 0
5852.799956 0.020684 0
5856.159956 0.009796 0
5859.519956 0.016111 0
5862.879956 0.015720 0
5866.239956 -0.011386 0
5869.599956 0.012547 0
5872.959956 0.026370 0
5876.319956 0.004773 0
5879.679955 -0.002737 0
5883.039955 0.002256 0
5886.399955 0.007265 0
5889.759955 0.012454 0
5893.119955 0.009608 0
5896.479955 0.016942 0
5899.839955 0.024708 0
5903.199955 0.036550 0
5906.559955 0.030846 0
5909.919954 0.021533 0
5913.279954 0.010687 0
5916.639954 0.002029 0
5919.999954 0.013457 0
5923.359954 0.005542 0
5926.719954 -0.003706 0
5930.079954 0.019215 0
5933.439954 0.024795 0
5936.799954 0.007561 0
5940.159954 0.011713 0
5943.519953 0.033435 0
5946.879953 0.025291 0
5950.239953 0.023598 0
5953.599953 0.005184 0
5956.959953 0.024567 0
5960.319953 0.008180 0
5963.679953 0.020095 0
5967.039953 -0.002348 0
5970.399953 -0.004132 0
5973.759952 0.028317 0
5977.119952 0.019925 0
5980.479952 0.001811 0
5983.839952 0.005900 0
5987.199952 0.022773 0
5990.559952 0.009180 0
5993.919952 0.019241 0
5997.279952 0.019146 0
6000.639952 0.008730 0
6003.999952 -0.006440 0
6007.359951 0.002819 0
6010.719951 0.010575 0
6014.079951 0.015329 0
6017.439951 0.018218 0
6020.799951 0.011155 0
6024.159951 0.017530 0
6027.519951 0.018772 0
6030.879951 0.008652 0
6034.239951 0.021895 0
6037.599950 0.020617 0
6040.959950 0.019850 0
6044.319950 0.029844 0
6047.679950 0.019476 0
6051.039950 0.021356 0
6054.399950 0.009900 0
6057.759950 0.014402 0
6061.119950 0.010519 0
6064.479950 0.010679 0
6067.839950 0.007560 0
6071.199949 -0.007099 0
6074.559949 -0.007630 0
6077.919949 0.029532 0
6081.279949 0.026844 0
6084.639949 0.008609 0
6087.999949 0.019419 0
6091.359949 0.026187 0
6094.719949 0.029623 0
6098.079949 -0.006776 0
6101.439948 0.003493 0
6104.799948 -0.012471 0
6108.159948 0.018980 0
6111.519948 0.013302 0
6114.879948 0.010534 0
6118.239948 -0.005517 0
6121.599948 0.014596 0
6124.959948 0.019144 0
6128.319948 0.017369 0
6131.679948 0.018907 0
6135.039947 -0.000696 0
6138.399947 0.007989 0
6141.759947 0.013418 0
6145.119947 0.004481 0
6148.479947 0.011171 0
6151.839947 0.002716 0
6155.199947 0.002486 0
6158.559947 0.009745 0
6161.919947 0.013441 0
6165.279947 0.015377 0
6168.639946 0.010503 0
6171.999946 0.002579 0
6175.359946 0.013513 0
6178.719946 0.018230 0
6182.079946 0.023561 0
6185.439946 0.006924 0
6188.799946 0.014456 0
6192.159946 0.021585 0
6195.519946 0.009804 0
6198.879945 -0.002197 0
6202.239945 -0.006853 0
6205.599945 -0.003587 0
6208.959945 -0.003080 0
6212.319945 0.016622 0
6215.679945 0.001818 0
6219.039945 0.004226 0
6222.399945 0.003625 0
6225.759945 0.002287 0
6229.119945 0.012169 0
6232.479944 0.007277 0
6235.839944 -0.011295 0
6239.199944 -0.004924 0
6242.559944 0.016164 0
6245.919944 0.018960 0
6249.279944 0.004729 0
6252.639944 0.014601 0
6255.999944 0.000376 0
6259.359944 0.010781 0
6262.719943 0.020828 0
6266.079943 0.028416 0
6269.439943 0.004773 0
6272.799943 0.026074 0
6276.159943 0.006800 0
6279.519943 0.019963 0
6282.879943 0.012317 0
6286.239943 0.009324 0
6289.599943 0.020543 0
6292.959943 -0.018497 0
6296.319942 -0.014702 0
6299.679942 0.039458 0
6303.039942 -0.027733 0
6306.399942 0.040268 0
6309.759942 0.022554 0
6313.119942 0.025648 0
6316.479942 0.005323 0
6319.839942 0.005730 0
6323.199942 0.014138 0
6326.559941 0.027428 0
6329.919941 -0.009524 0
6333.279941 0.008213 0
6336.639941 0.018184 0
6339.999941 0.007687 0
6343.359941 0.013120 0
6346.719941 0.009563 0
6350.079941 0.006324 0
6353.439941 0.017270 0
6356.799941 -0.008330 0
6360.159940 0.014844 0
6363.519940 0.013395 0
6366.879940 0.005899 0
6370.239940 0.011237 0
6373.599940 0.006773 0
6376.959940 -0.001847 0
6380.319940 0.005836 0
6383.679940 0.028539 0
6387.039940 -0.005051 0
6390.399939 -0.008075 0
6393.759939 0.014859 0
6397.119939 -0.015403 0
6400.479939 0.010424 0
6403.839939 0.005963 0
6407.199939 -0.016979 0
6410.559939 0.011973 0
6413.919939 0.021996 0
6417.279939 0.007960 0
6420.639939 0.020209 0
6423.999938 0.017132 0
6427.359938 0.013804 0
6430.719938 0.008331 0
6434.079938 0.021967 0
6437.439938 0.011741 0
6440.799938 -0.000226 0
6444.159938 0.001469 0
6447.519938 0.003736 0
6450.879938 0.016675 0
6454.239937 0.004300 0
6457.599937 0.004656 0
6460.959937 0.009851 0
6464.319937 0.025717 0
6467.679937 0.037384 0
6471.039937 -0.002968 0
6474.399937 0.022660 0
6477.759937 0.026690 0
6481.119937 0.015152 0
6484.479937 0.018205 0
6487.839936 0.004891 0
6491.199936 -0.004353 0
6494.559936 -0.000783 0
6497.919936 -0.005164 0
6501.279936 -0.000579 0
6504.639936 0.003184 0
6507.999936 0.012345 0
6511.359936 0.020096 0
6514.719936 0.015340 0
6518.079935 0.011162 0
6521.439935 0.015378 0
6524.799935 0.007242 0
6528.159935 0.005347 0
6531.519935 0.014143 0
6534.879935 0.015068 0
6538.239935 0.014236 0
6541.599935 0.004684 0
6544.959935 -0.002700 0
6548.319935 0.005995 0
6551.679934 0.011500 0
6555.039934 0.012311 0
6558.399934 0.000660 0
6561.759934 0.016757 0
6565.119934 0.015074 0
6568.479934 0.006395 0
6571.839934 0.011314 0
6575.199934 0.016273 0
6578.559934 0.018562 0
6581.919933 0.008608 0
6585.279933 0.010830 0
6588.639933 0.022262 0
6591.999933 0.006884 0
6595.359933 0.012449 0
6598.719933 0.003003 0
6602.079933 0.005139 0
6605.439933 0.022465 0
6608.799933 0.021070 0
6612.159933 0.002876 0
6615.519932 0.012512 0
6618.879932 -0.008102 0
6622.239932 0.015915 0
6625.599932 0.007664 0
6628.959932 -0.000839 0
6632.319932 0.025279 0
6635.679932 0.005317 0
6639.039932 0.013116 0
6642.399932 0.020431 0
6645.759932 0.016794 0
6649.119931 0.022998 0
6652.479931 0.019023 0
6655.839931 0.007064 0
6659.199931 0.004104 0
6662.559931 0.016157 0
6665.919931 -0.000525 0
6669.279931 0.004708 0
6672.639931 0.005243 0
6675.999931 0.003925 0
6679.359930 -0.005947 0
6682.719930 0.004962 0
6686.079930 0.005274 0
6689.439930 0.007884 0
6692.799930 0.004598 0
6696.159930 -0.001408 0
6699.519930 0.025639 0
6702.879930 0.011381 0
6706.239930 0.008671 0
6709.599930 0.000174 0
6712.959929 0.010008 0
6716.319929 0.000389 0
6719.679929 0.001754 0
6723.039929 0.013048 0
6726.399929 0.016434 0
6729.759929 0.013502 0
6733.119929 0.003853 0
6736.479929 0.021958 0
6739.839929 0.004761 0
6743.199928 -0.001907 0
6746.559928 0.008306 0
6749.919928 0.019828 0
6753.279928 -0.012106 0
6756.639928 -0.006682 0
6759.999928 0.007639 0
6763.359928 0.012227 0
6766.719928 -0.006740 0
6770.079928 -0.001142 0
6773.439928 0.009149 0
6776.799927 0.020313 0
6780.159927 0.018025 0
6783.519927 0.024422 0
6786.879927 0.018481 0
6790.239927 -0.000171 0
6793.599927 0.019931 0
6796.959927 0.016023 0
6800.319927 0.003528 0
6803.679927 0.014047 0
6807.039926 0.006011 0
6810.399926 0.005041 0
6813.759926 0.003374 0
6817.119926 0.001713 0
6820.479926 0.005303 0
6823.839926 0.023871 0
6827.199926 0.006387 0
6830.559926 -0.001734 0
6833.919926 0.010049 0
6837.279926 0.018180 0
6840.639925 0.032185 0
6843.999925 0.027395 0
6847.359925 0.005614 0
6850.719925 -0.001398 0
6854.079925 0.007668 0
6857.439925 0.025491 0
6860.799925 0.007784 0
6864.159925 -0.001060 0
6867.519925 -0.008315 0
6870.879924 -0.012092 0
6874.239924 -0.006207 0
6877.599924 0.005652 0
6880.959924 0.011658 0
6884.319924 0.023205 0
6887.679924 0.009591 0
6891.039924 0.006912 0
6894.399924 0.015859 0
6897.759924 -0.001586 0
6901.119924 -0.005158 0
6904.479923 0.013818 0
6907.839923 0.025236 0
6911.199923 0.016689 0
6914.559923 0.009677 0
6917.919923 0.017454 0
6921.279923 0.010754 0
6924.639923 0.010352 0
6927.999923 0.020081 0
6931.359923 0.008326 0
6934.719922 0.010453 0
6938.079922 0.004901 0
6941.439922 -0.007650 0
6944.799922 0.006621 0
6948.159922 0.006742 0
6951.519922 -0.007194 0
6954.879922 0.006914 0
6958.239922 0.010724 0
6961.599922 0.009696 0
6964.959922 0.001933 0
6968.319921 -0.000928 0
6971.679921 -0.003054 0
6975.039921 -0.001490 0
6978.399921 0.007984 0
6981.759921 0.011574 0
6985.119921 0.016169 0
6988.479921 0.014558 0
6991.839921 0.009480 0
6995.199921 0.004264 0
6998.559920 0.003896 0
7001.919920 0.004075 0
7005.279920 0.007318 0
7008.639920 0.011228 0
7011.999920 0.002582 0
7015.359920 0.000457 0
7018.719920 0.014647 0
7022.079920 0.004574 0
7025.439920 -0.006326 0
7028.799920 -0.002217 0
7032.159919 0.007753 0
7035.519919 0.012943 0
7038.879919 0.018216 0
7042.239919 0.007388 0
7045.599919 0.008222 0
7048.959919 0.012449 0
7052.319919 0.016403 0
7055.679919 0.010255 0
7059.039919 0.024095 0
7062.399918 0.011502 0
7065.759918 0.007708 0
7069.119918 0.003265 0
7072.479918 -0.000856 0
7075.839918 0.003197 0
7079.199918 0.009082 0
7082.559918 0.013099 0
7085.919918 0.014315 0
7089.279918 0.008932 0
7092.639918 0.017103 0
7095.999917 0.023967 0
7099.359917 0.002437 0
7102.719917 0.010434 0
7106.079917 0.012606 0
7109.439917 0.012213 0
7112.799917 0.006814 0
7116.159917 0.020403 0
7119.519917 0.007004 0
7122.879917 0.014130 0
7126.239916 0.033928 0
7129.599916 0.013342 0
7132.959916 0.006464 0
7136.319916 0.007510 0
7139.679916 -0.000572 0
7143.039916 -0.001234 0
7146.399916 0.019536 0
7149.759916 0.013796 0
7153.119916 0.015653 0
7156.479916 0.006110 0
7159.839915 0.007921 0
7163.199915 0.001281 0
7166.559915 0.019895 0
7169.919915 0.021324 0
7173.279915 0.020883 0
7176.639915 -0.000755 0
7179.999915 -0.001403 0
7183.359915 0.018745 0
7186.719915 0.009018 0
7190.079915 0.011483 0
7193.439914 0.016089 0
7196.799914 0.009869 0
7200.159914 0.018669 0
7203.519914 0.000618 0
7206.879914 0.021019 0
7210.239914 0.004333 0
7213.599914 -0.005838 0
7216.959914 0.000562 0
7220.319914 0.008232 0
7223.679913 0.009672 0
7227.039913 0.030199 0
7230.399913 0.026775 0
7233.759913 0.014923 0
7237.119913 0.002009 0
7240.479913 0.031842 0
7243.839913 0.022585 0
7247.199913 -0.050856 0
7250.559913 0.013672 0
7253.919913 0.008289 0
7257.279912 0.013614 0
7260.639912 0.029344 0
7263.999912 0.000222 0
7267.359912 -0.005828 0
7270.719912 0.070069 0
7274.079912 0.028406 0
7277.439912 0.024166 0
7280.799912 -0.004950 0
7284.159912 -0.034328 0
7287.519911 -0.000083 0
7290.879911 -0.006635 0
7294.239911 0.020118 0
7297.599911 0.008559 0
7300.959911 0.020238 0
7304.319911 -0.006614 0
7307.679911 0.031372 0
7311.039911 0.045039 0
7314.399911 -0.011205 0
7317.759911 -0.003724 0
7321.119910 -0.001682 0
7324.479910 0.006274 0
7327.839910 0.022609 0
7331.199910 0.020086 0
7334.559910 0.018432 0
7337.919910 0.003531 0
7341.279910 0.001021 0
7344.639910 0.015455 0
7347.999910 0.007420 0
7351.359909 0.001984 0
7354.719909 0.023801 0
7358.079909 0.025735 0
7361.439909 0.055337 0
7364.799909 0.020068 0
7368.159909 0.005635 0
7371.519909 0.021397 0
7374.879909 0.016907 0
7378.239909 0.016161 0
7381.599909 0.017611 0
7384.959908 0.020155 0
7388.319908 0.020414 0
7391.679908 0.018990 0
7395.039908 0.019230 0
7398.399908 -0.001920 0
7401.759908 -0.008937 0
7405.119908 0.012641 0
7408.479908 -0.003022 0
7411.839908 -0.005054 0
7415.199907 -0.004930 0
7418.559907 0.001218 0
7421.919907 0.003216 0
7425.279907 0.008648 0
7428.639907 0.006073 0
7431.999907 0.030391 0
7435.359907 0.012790 0
7438.719907 0.003206 0
7442.079907 -0.008265 0
7445.439907 0.004873 0
7448.799906 0.007882 0
7452.159906 0.015212 0
7455.519906 0.015336 0
7458.879906 0.017167 0
7462.239906 0.015286 0
7465.599906 0.002766 0
7468.959906 0.009966 0
7472.319906 0.000187 0
7475.679906 0.000337 0
7479.039905 0.009566 0
7482.399905 0.038064 0
7485.759905 0.018181 0
7489.119905 0.023014 0
7492.479905 0.017183 0
7495.839905 0.006841 0
7499.199905 0.009521 0
7502.559905 0.001260 0
7505.919905 0.000455 0
7509.279905 0.017642 0
7512.639904 0.009697 0
7515.999904 0.029111 0
7519.359904 0.013756 0
7522.719904 -0.001489 0
7526.079904 0.010531 0
7529.439904 -0.001417 0
7532.799904 -0.016436 0
7536.159904 0.018287 0
7539.519904 0.021156 0
7542.879903 0.016993 0
7546.239903 0.024223 0
7549.599903 0.016629 0
7552.959903 -0.003006 0
7556.319903 0.012507 0
7559.679903 0.016771 0
7563.039903 0.023276 0
7566.399903 0.009144 0
7569.759903 0.006554 0
7573.119903 -0.001771 0
7576.479902 0.012651 0
7579.839902 0.007188 0
7583.199902 0.018088 0
7586.559902 0.011246 0
7589.919902 0.022281 0
7593.279902 0.026017 0
7596.639902 -0.007676 0
7599.999902 0.007627 0
7603.359902 0.050617 0
7606.719901 -0.001730 0
7610.079901 0.026281 0
7613.439901 0.045435 0
7616.799901 0.035444 0
7620.159901 -0.000702 0
7623.519901 0.011735 0
7626.879901 0.013397 0
7630.239901 0.008001 0
7633.599901 -0.022722 0
7636.959901 -0.018514 0
7640.319900 0.006605 0
7643.679900 0.008806 0
7647.039900 0.002549 0
7650.399900 0.019383 0
7653.759900 0.032635 0
7657.119900 0.025660 0
7660.479900 0.004692 0
7663.839900 0.007615 0
7667.199900 -0.004633 0
7670.559900 0.002205 0
7673.919899 0.012557 0
7677.279899 0.014437 0
7680.639899 0.008583 0
7683.999899 0.017223 0
7687.359899 -0.012496 0
7690.719899 0.001187 0
7694.079899 -0.003934 0
7697.439899 -0.001162 0
7700.799899 0.021449 0
7704.159898 0.022000 0
7707.519898 0.009165 0
7710.879898 0.009333 0
7714.239898 -0.008643 0
7717.599898 0.004747 0
7720.959898 -0.024653 0
7724.319898 0.024002 0
7727.679898 -0.013535 0
7731.039898 -0.013460 0
7734.399898 0.027758 0
7737.759897 0.011130 0
7741.119897 0.017300 0
7744.479897 0.067793 0
7747.839897 0.025410 0
7751.199897 0.031823 0
7754.559897 0.018401 0
7757.919897 0.022320 0
7761.279897 0.025094 0
7764.639897 -0.010500 0
7767.999896 0.008526 0
7771.359896 0.002260 0
7774.719896 0.018145 0
7778.079896 0.041801 0
7781.439896 -0.000117 0
7784.799896 -0.010635 0
7788.159896 0.014054 0
7791.519896 0.043930 0
7794.879896 0.038193 0
7798.239896 0.014942 0
7801.599895 -0.001880 0
7804.959895 -0.006925 0
7808.319895 0.003849 0
7811.679895 0.004881 0
7815.039895 0.055372 0
7818.399895 0.024132 0
7821.759895 0.017227 0
7825.119895 0.031289 0
7828.479895 -0.009220 0
7831.839894 0.017474 0
7835.199894 0.017882 0
7838.559894 0.020905 0
7841.919894 0.019350 0
7845.279894 0.008550 0
7848.639894 -0.014550 0
7851.999894 0.008160 0
7855.359894 0.006587 0
7858.719894 0.000990 0
7862.079894 -0.010699 0
7865.439893 0.016138 0
7868.799893 0.004300 0
7872.159893 0.009507 0
7875.519893 -0.019150 0
7878.879893 0.008338 0
7882.239893 0.060862 0
7885.599893 0.048996 0
7888.959893 0.015741 0
7892.319893 0.012408 0
7895.679892 0.014348 0
7899.039892 0.004954 0
7902.399892 0.023771 0
7905.759892 -0.008664 0
7909.119892 -0.008030 0
7912.479892 0.032615 0
7915.839892 -0.015850 0
7919.199892 0.028928 0
7922.559892 0.023225 0
7925.919892 -0.004387 0
7929.279891 -0.003813 0
7932.639891 0.037941 0
7935.999891 0.017056 0
7939.359891 0.015870 0
7942.719891 -0.011309 0
7946.079891 0.008154 0
7949.439891 -0.006996 0
7952.799891 -0.012642 0
7956.159891 0.031222 0
7959.519890 0.007873 0
7962.879890 0.010726 0
7966.239890 0.022361 0
7969.599890 -0.001796 0
7972.959890 0.006292 0
7976.319890 0.028938 0
7979.679890 0.006946 0
7983.039890 0.020316 0
7986.399890 0.002190 0
7989.759890 0.060905 0
7993.119889 0.008302 0
7996.479889 -0.005871 0
7999.839889 -0.001552 0
8003.199889 0.017838 0
8006.559889 -0.000814 0
8009.919889 0.010926 0
8013.279889 0.002708 0
8016.639889 0.022676 0
8019.999889 -0.019527 0
8023.359888 -0.022909 0
8026.719888 -0.006381 0
8030.079888 0.007605 0
8033.439888 0.044059 0
8036.799888 0.025027 0
8040.159888 0.018663 0
8043.519888 -0.001297 0
8046.879888 0.014366 0
8050.239888 0.016314 0
8053.599888 0.013462 0
8056.959887 0.030423 0
8060.319887 0.006750 0
8063.679887 0.007955 0
8067.039887 0.012613 0
8070.399887 0.018698 0
8073.759887 -0.002793 0
8077.119887 0.002428 0
8080.479887 0.008597 0
8083.839887 0.001863 0
8087.199886 0.028502 0
8090.559886 0.017393 0
8093.919886 0.008382 0
8097.279886 -0.000165 0
8100.639886 -0.000395 0
8103.999886 0.013328 0
8107.359886 0.026331 0
8110.719886 0.014960 0
8114.079886 0.011179 0
8117.439886 0.006663 0
8120.799885 0.009335 0
8124.159885 0.013391 0
8127.519885 0.007703 0
8130.879885 0.008701 0
8134.239885 0.013163 0
8137.599885 0.014003 0
8140.959885 0.001217 0
8144.319885 0.014541 0
8147.679885 0.020831 0
8151.039885 0.024204 0
8154.399884 0.015344 0
8157.759884 0.026053 0
8161.119884 0.010787 0
8164.479884 0.008507 0
8167.839884 0.026025 0
8171.199884 0.028364 0
8174.559884 0.005578 0
8177.919884 0.019161 0
8181.279884 0.008494 0
8184.639883 0.019361 0
8187.999883 0.002700 0
8191.359883 0.017464 0
8194.719883 0.002492 0
8198.079883 -0.006759 0
8201.439883 0.015984 0
8204.799883 0.003762 0
8208.159883 0.031738 0
8211.519883 0.024125 0
8214.879883 0.027258 0
8218.239882 0.022188 0
8221.599882 0.003058 0
8224.959882 0.006909 0
8228.319882 0.004747 0
8231.679882 0.016667 0
8235.039882 0.029659 0
8238.399882 0.000696 0
8241.759882 0.031477 0
8245.119882 -0.003660 0
8248.479881 0.036029 0
8251.839881 0.039150 0
8255.199881 0.063274 0
8258.559881 0.088574 0
8261.919881 0.097356 0
8265.279881 0.039139 0
8268.639881 0.017393 0
8271.999881 0.005913 0
8275.359881 -0.020799 0
8278.719881 -0.006705 0
8282.079880 -0.005934 0
8285.439880 0.024475 0
8288.799880 0.001216 0
8292.159880 -0.012341 0
8295.519880 0.018281 0
8298.879880 -0.012803 0
8302.239880 0.043489 0
8305.599880 0.016363 0
8308.959880 0.004305 0
8312.319879 0.022314 0
8315.679879 0.011858 0
8319.039879 0.001055 0
8322.399879 -0.006395 0
8325.759879 0.012526 0
8329.119879 0.016123 0
8332.479879 0.007932 0
8335.839879 -0.088839 0
8339.199879 -0.047545 0
8342.559879 -0.015642 0
8345.919878 -0.003423 0
8349.279878 0.083921 0
8352.639878 0.000364 0
8355.999878 0.002902 0
8359.359878 0.065097 0
8362.719878 0.020397 0
8366.079878 0.036053 0
8369.439878 0.014369 0
8372.799878 0.000313 0
8376.159877 0.019364 0
8379.519877 0.023562 0
8382.879877 0.028887 0
8386.239877 0.007164 0
8389.599877 0.002044 0
8392.959877 -0.008349 0
8396.319877 -0.019054 0
8399.679877 0.062581 0
8403.039877 0.074672 0
8406.399877 0.038921 0
8409.759876 0.019244 0
8413.119876 0.022581 0
8416.479876 0.019702 0
8419.839876 0.024381 0
8423.199876 0.002813 0
8426.559876 0.032880 0
8429.919876 -0.000174 0
8433.279876 0.028343 0
8436.639876 0.080819 0
8439.999875 0.013887 0
8443.359875 -0.001016 0
8446.719875 0.002565 0
8450.079875 -0.006183 0
8453.439875 -0.015550 0
8456.799875 0.000055 0
8460.159875 -0.001254 0
8463.519875 0.007919 0
8466.879875 0.008288 0
8470.239875 0.061817 0
8473.599874 0.036601 0
8476.959874 0.024820 0
8480.319874 0.026260 0
8483.679874 0.000650 0
8487.039874 0.015461 0
8490.399874 0.019753 0
8493.759874 0.036210 0
8497.119874 0.015242 0
8500.479874 -0.005311 0
8503.839873 -0.028389 0
8507.199873 0.058101 0
8510.559873 0.051250 0
8513.919873 0.025804 0
8517.279873 0.007461 0
8520.639873 0.000681 0
8523.999873 0.012991 0
8527.359873 0.029795 0
8530.719873 0.018457 0
8534.079873 0.008274 0
8537.439872 0.005334 0
8540.799872 -0.012295 0
8544.159872 0.033975 0
8547.519872 0.017749 0
8550.879872 0.014513 0
8554.239872 0.046317 0
8557.599872 0.044224 0
8560.959872 0.036867 0
8564.319872 0.026644 0
8567.679871 0.010817 0
8571.039871 0.005215 0
8574.399871 0.020339 0
8577.759871 0.022861 0
8581.119871 0.024348 0
8584.479871 0.007034 0
8587.839871 0.021215 0
8591.199871 0.017076 0
8594.559871 0.016382 0
8597.919871 0.031259 0
8601.279870 0.041764 0
8604.639870 0.019030 0
8607.999870 0.022743 0
8611.359870 -0.020480 0
8614.719870 -0.015564 0
8618.079870 -0.017529 0
8621.439870 0.018899 0
8624.799870 0.006534 0
8628.159870 0.024532 0
8631.519870 0.023237 0
8634.879869 0.039825 0
8638.239869 0.005888 0
8641.599869 0.006405 0
8644.959869 0.006078 0
8648.319869 0.025981 0
8651.679869 0.017853 0
8655.039869 -0.018935 0
8658.399869 -0.004572 0
8661.759869 0.035270 0
8665.119868 0.029369 0
8668.479868 0.045526 0
8671.839868 0.034399 0
8675.199868 0.044264 0
8678.559868 0.006195 0
8681.919868 0.024536 0
8685.279868 0.053403 0
8688.639868 0.029267 0
8691.999868 0.027913 0
8695.359868 0.015182 0
8698.719867 0.003720 0
8702.079867 0.004587 0
8705.439867 0.022929 0
8708.799867 0.028545 0
8712.159867 0.034402 0
8715.519867 0.011998 0
8718.879867 0.009197 0
8722.239867 0.004863 0
8725.599867 0.021844 0
8728.959866 0.015826 0
8732.319866 0.013788 0
8735.679866 0.022977 0
8739.039866 0.026060 0
8742.399866 0.027509 0
8745.759866 -0.009436 0
8749.119866 -0.002071 0
8752.479866 -0.038470 0
8755.839866 -0.005998 0
8759.199866 0.050827 0
8762.559865 -0.059355 0
8765.919865 0.041950 0
8769.279865 0.010789 0
8772.639865 0.076968 0
8775.999865 0.014406 0
8779.359865 -0.050125 0
8782.719865 0.062209 0
8786.079865 0.020906 0
8789.439865 0.007195 0
8792.799864 -0.018335 0
8796.159864 0.012899 0
8799.519864 0.021018 0
8802.879864 -0.003468 0
8806.239864 0.012497 0
8809.599864 0.013345 0
8812.959864 0.017098 0
8816.319864 -0.047816 0
8819.679864 -0.077612 0
8823.039864 -0.012155 0
8826.399863 -0.080377 0
8829.759863 -0.001788 0
8833.119863 0.142587 0
8836.479863 0.033932 0
8839.839863 0.043823 0
8843.199863 0.037231 0
8846.559863 0.039491 0
8849.919863 0.029007 0
8853.279863 0.020551 0
8856.639862 0.019786 0
8859.999862 0.013591 0
8863.359862 0.021512 0
8866.719862 0.019622 0
8870.079862 -0.005947 0
8873.439862 -0.005461 0
8876.799862 -0.001232 0
8880.159862 0.047241 0
8883.519862 0.024714 0
8886.879862 0.020486 0
8890.239861 0.107649 0
8893.599861 0.056269 0
8896.959861 0.055458 0
8900.319861 -0.002254 0
8903.679861 0.046079 0
8907.039861 -0.011050 0
8910.399861 0.008174 0
8913.759861 0.110069 0
8917.119861 0.089195 0
8920.479860 0.073974 0
8923.839860 0.042322 0
8927.199860 0.052643 0
8930.559860 0.051931 0
8933.919860 0.015476 0
8937.279860 0.027871 0
8940.639860 -0.002068 0
8943.999860 0.030181 0
8947.359860 0.014789 0
8950.719860 -0.005338 0
8954.079859 -0.037641 0
8957.439859 -0.029847 0
8960.799859 0.036467 0
8964.159859 -0.003762 0
8967.519859 0.025146 0
8970.879859 0.033891 0
8974.239859 0.019599 0
8977.599859 -0.003220 0
8980.959859 0.016670 0
8984.319858 0.030244 0
8987.679858 0.026305 0
8991.039858 -0.011368 0
8994.399858 -0.024959 0
8997.759858 -0.030163 0
9001.119858 0.041083 0
9004.479858 0.043157 0
9007.839858 0.017984 0
9011.199858 0.041079 0
9014.559858 0.036706 0
9017.919857 -0.005593 0
9021.279857 0.019274 0
9024.639857 0.024342 0
9027.999857 0.011289 0
9031.359857 0.058320 0
9034.719857 -0.003656 0
9038.079857 0.005851 0
9041.439857 0.022571 0
9044.799857 0.007695 0
9048.159856 0.031101 0
9051.519856 0.040523 0
9054.879856 0.006789 0
9058.239856 0.013717 0
9061.599856 0.025176 0
9064.959856 0.013289 0
9068.319856 0.041815 0
9071.679856 0.023526 0
9075.039856 0.022560 0
9078.399856 0.000009 0
9081.759855 0.003494 0
9085.119855 -0.007452 0
9088.479855 -0.006696 0
9091.839855 0.024930 0
9095.199855 0.017338 0
9098.559855 0.028406 0
9101.919855 0.026729 0
9105.279855 -0.003316 0
9108.639855 0.026896 0
9111.999855 0.029758 0
9115.359854 0.017996 0
9118.719854 0.008648 0
9122.079854 0.029664 0
9125.439854 0.031337 0
9128.799854 0.017679 0
9132.159854 0.038338 0
9135.519854 0.017990 0
9138.879854 0.003652 0
9142.239854 0.005087 0
9145.599853 0.006104 0
9148.959853 0.007161 0
9152.319853 0.048120 0
9155.679853 0.020852 0
9159.039853 -0.006125 0
9162.399853 0.030065 0
9165.759853 -0.026978 0
9169.119853 -0.004433 0
9172.479853 0.003677 0
9175.839853 0.013346 0
9179.199852 0.037948 0
9182.559852 0.038888 0
9185.919852 0.039529 0
9189.279852 0.020302 0
9192.639852 0.028328 0
9195.999852 0.017817 0
9199.359852 0.014077 0
9202.719852 0.050061 0
9206.079852 0.019099 0
9209.439851 0.039846 0
9212.799851 0.026510 0
9216.159851 0.031327 0
9219.519851 0.020751 0
9222.879851 0.012688 0
9226.239851 0.002878 0
9229.599851 0.007748 0
9232.959851 0.007379 0
9236.319851 0.026578 0
9239.679851 0.014986 0
9243.039850 0.022392 0
9246.399850 0.048496 0
9249.759850 0.049013 0
