# obs: 255739-43
# slit: 16
# z: 0.68800
# lines: [OII],K,H
# spec: 91
4451.680176 0.000000 1
4455.040176 0.000000 1
4458.400176 0.000000 1
4461.760176 0.000000 1
4465.120176 0.000000 1
4468.480176 0.000000 1
4471.840176 0.000000 1
4475.200176 0.000000 1
4478.560176 0.001422 1
4481.920176 0.014949 1
4485.280176 0.005615 1
4488.640176 0.011428 1
4492.000176 0.014679 1
4495.360176 0.008052 1
4498.720176 0.008402 1
4502.080176 0.010964 1
4505.440176 0.024367 1
4508.800176 0.011978 1
4512.160176 0.013155 1
4515.520176 0.008373 1
4518.880176 0.008186 1
4522.240176 0.012761 1
4525.600176 0.011046 1
4528.960176 0.009333 1
4532.320176 0.009197 1
4535.680176 -0.002472 1
4539.040176 0.002027 1
4542.400176 0.005986 1
4545.760176 0.009978 1
4549.120176 0.003365 1
4552.480176 0.003220 0
4555.840176 0.016803 0
4559.200176 0.002621 0
4562.560176 0.004632 0
4565.920176 0.004805 0
4569.280176 0.018355 0
4572.640176 0.013967 0
4576.000176 0.016356 0
4579.360176 0.003385 0
4582.720176 0.014982 0
4586.080176 0.018133 0
4589.440176 0.010386 0
4592.800176 0.016708 0
4596.160176 0.009083 0
4599.520176 0.012967 0
4602.880176 0.010715 0
4606.240176 0.005134 0
4609.600176 0.018806 0
4612.960176 0.013416 0
4616.320176 0.014134 0
4619.680176 0.011097 0
4623.040176 0.007717 0
4626.400176 0.008683 0
4629.760176 0.017646 0
4633.120176 0.018481 0
4636.480176 0.006791 0
4639.840176 0.013772 0
4643.200176 0.013437 0
4646.560176 0.013955 0
4649.920176 0.012667 0
4653.280176 0.007497 0
4656.640176 0.003890 0
4660.000176 0.024989 0
4663.360176 0.003637 0
4666.720176 0.006177 0
4670.080176 0.006297 0
4673.440176 0.017750 0
4676.800176 0.001470 0
4680.160176 0.007715 0
4683.520176 0.009079 0
4686.880176 0.006056 0
4690.240176 0.005889 0
4693.600176 0.007080 0
4696.960176 0.010786 0
4700.320176 0.029150 0
4703.680176 0.017649 0
4707.040176 0.004454 0
4710.400176 0.008067 0
4713.760176 0.003747 0
4717.120176 0.015846 0
4720.480176 0.015739 0
4723.840176 0.003215 0
4727.200176 0.011380 0
4730.560176 0.004396 0
4733.920176 0.010267 0
4737.280176 0.004717 0
4740.640176 0.007696 0
4744.000176 0.013228 0
4747.360176 0.006798 0
4750.720176 0.009847 0
4754.080176 0.013318 0
4757.440176 0.009132 0
4760.800176 0.007035 0
4764.160176 0.016443 0
4767.520176 0.013125 0
4770.880176 0.013439 0
4774.240176 0.017696 0
4777.600176 0.015550 0
4780.960176 0.014075 0
4784.320176 0.011499 0
4787.680176 0.010378 0
4791.040176 0.013321 0
4794.400176 0.015743 0
4797.760176 0.012987 0
4801.120176 0.011384 0
4804.480176 0.015717 0
4807.840176 0.019400 0
4811.200176 0.011990 0
4814.560176 0.011038 0
4817.920176 0.012551 0
4821.280176 0.015503 0
4824.640176 0.010810 0
4828.000176 0.004411 0
4831.360176 0.009280 0
4834.720176 0.012673 0
4838.080176 0.006060 0
4841.440176 0.012417 0
4844.800176 0.003226 0
4848.160176 0.008606 0
4851.520176 0.018909 0
4854.880176 0.019422 0
4858.240176 0.018455 0
4861.600176 0.013449 0
4864.960176 0.016787 0
4868.320176 0.012304 0
4871.680176 0.011321 0
4875.040176 -0.000874 0
4878.400176 0.007168 0
4881.760176 0.013729 0
4885.120176 0.011030 0
4888.480176 0.021687 0
4891.840176 0.012426 0
4895.200176 0.011954 0
4898.560176 0.003901 0
4901.920176 0.013132 0
4905.280176 0.011003 0
4908.640176 0.003628 0
4912.000176 0.020003 0
4915.360176 0.011313 0
4918.720176 0.015427 0
4922.080176 0.008722 0
4925.440176 0.009658 0
4928.800176 0.012158 0
4932.160176 0.009561 0
4935.520176 0.011099 0
4938.880176 0.016528 0
4942.240176 0.002725 0
4945.600176 0.011687 0
4948.960176 0.014891 0
4952.320176 0.010511 0
4955.680176 0.010448 0
4959.040176 0.012273 0
4962.400176 0.015697 0
4965.760176 0.014091 0
4969.120176 0.010938 0
4972.480176 0.013448 0
4975.840176 0.006962 0
4979.200176 0.014600 0
4982.560176 0.019986 0
4985.920176 0.009453 0
4989.280176 0.012661 0
4992.640176 0.015425 0
4996.000176 0.006861 0
4999.360176 0.005502 0
5002.720176 0.015980 0
5006.080176 0.009069 0
5009.440176 0.005024 0
5012.800176 0.005923 0
5016.160176 0.010890 0
5019.520176 0.014769 0
5022.880176 0.011135 0
5026.240176 0.010767 0
5029.600176 0.016386 0
5032.960176 0.011752 0
5036.320176 0.014419 0
5039.680176 0.011259 0
5043.040176 0.011419 0
5046.400176 0.009345 0
5049.760176 0.004345 0
5053.120176 0.010817 0
5056.480176 0.009059 0
5059.840176 0.007785 0
5063.200176 0.003251 0
5066.560176 0.010740 0
5069.920176 0.009059 0
5073.280176 0.010236 0
5076.640176 0.008576 0
5080.000176 0.015893 0
5083.360176 0.014677 0
5086.720176 0.013264 0
5090.080176 0.010321 0
5093.440176 0.004770 0
5096.800176 0.008759 0
5100.160176 0.005605 0
5103.520176 0.017427 0
5106.880176 0.013441 0
5110.240176 0.014630 0
5113.600176 0.010671 0
5116.960176 0.016571 0
5120.320176 0.009466 0
5123.680176 0.008869 0
5127.040176 0.014683 0
5130.400176 0.013614 0
5133.760176 0.008430 0
5137.120176 0.013763 0
5140.480176 0.016596 0
5143.840176 0.017024 0
5147.200176 0.019403 0
5150.560176 0.014932 0
5153.920176 0.014521 0
5157.280176 0.014194 0
5160.640176 0.013014 0
5164.000176 0.008988 0
5167.360176 0.001896 0
5170.720176 0.010784 0
5174.080176 0.012409 0
5177.440176 0.016997 0
5180.800176 0.007566 0
5184.160176 0.010795 0
5187.520176 0.007303 0
5190.880176 0.011489 0
5194.240176 0.008949 0
5197.600176 0.012098 0
5200.960176 0.015496 0
5204.320176 0.013994 0
5207.680176 0.010480 0
5211.040176 0.008568 0
5214.400176 0.011635 0
5217.760176 0.011282 0
5221.120176 0.014835 0
5224.480176 0.013627 0
5227.840176 0.008514 0
5231.200176 0.010992 0
5234.560176 0.019865 0
5237.920176 0.013694 0
5241.280176 0.008800 0
5244.640176 0.007573 0
5248.000176 0.016557 0
5251.360176 0.023733 0
5254.720176 0.010899 0
5258.080176 0.008237 0
5261.440176 0.011048 0
5264.800176 0.013604 0
5268.160176 0.014715 0
5271.520176 0.008502 0
5274.880176 0.009651 0
5278.240176 0.005253 0
5281.600176 0.011391 0
5284.960176 0.010873 0
5288.320176 0.013171 0
5291.680176 0.016231 0
5295.040176 0.018718 0
5298.400176 0.009251 0
5301.760176 0.030028 0
5305.120176 0.016587 0
5308.480176 0.007805 0
5311.840176 0.011662 0
5315.200176 0.006805 0
5318.560176 0.007607 0
5321.920176 0.018193 0
5325.280176 0.011528 0
5328.640176 0.010440 0
5332.000176 0.006090 0
5335.360176 0.012658 0
5338.720176 0.010654 0
5342.080176 0.017180 0
5345.440176 0.010372 0
5348.800176 0.014444 0
5352.160176 0.016922 0
5355.520176 0.008404 0
5358.880176 0.015892 0
5362.240176 0.002560 0
5365.600176 0.014120 0
5368.960176 0.011242 0
5372.320176 0.012002 0
5375.680176 0.010938 0
5379.040176 0.014402 0
5382.400176 0.012766 0
5385.760176 0.008638 0
5389.120176 0.017123 0
5392.480176 0.007240 0
5395.840176 0.013731 0
5399.200176 0.016921 0
5402.560176 0.012607 0
5405.920176 0.007513 0
5409.280176 0.019295 0
5412.640176 0.011798 0
5416.000176 0.014787 0
5419.360176 0.014802 0
5422.720176 0.016666 0
5426.080176 0.015328 0
5429.440176 0.009741 0
5432.800176 0.008899 0
5436.160176 0.013143 0
5439.520176 0.011796 0
5442.880176 0.014492 0
5446.240176 0.015423 0
5449.600176 0.016508 0
5452.960176 0.013562 0
5456.320176 0.007462 0
5459.680176 0.011534 0
5463.040176 0.018131 0
5466.400176 0.013345 0
5469.760176 0.007342 0
5473.120176 0.006121 0
5476.480176 0.002233 0
5479.840176 0.017086 0
5483.200176 0.011838 0
5486.560176 0.009052 0
5489.920176 0.020043 0
5493.280176 0.022210 0
5496.640176 0.012895 0
5500.000176 0.005374 0
5503.360176 0.010949 0
5506.720176 0.010778 0
5510.080176 0.017434 0
5513.440176 0.014287 0
5516.800176 0.006532 0
5520.160176 0.012630 0
5523.520176 0.013345 0
5526.880176 0.015580 0
5530.240176 0.013502 0
5533.600176 0.010100 0
5536.960176 0.015214 0
5540.320176 0.011697 0
5543.680176 0.007657 0
5547.040176 0.016827 0
5550.400176 0.013238 0
5553.760176 0.012250 0
5557.120176 0.015390 0
5560.480176 0.012022 0
5563.840176 0.015558 1
5567.200176 0.020294 1
5570.560176 0.088139 1
5573.920176 0.005076 1
5577.280176 -0.010391 1
5580.640176 -0.036956 1
5584.000176 -0.041252 1
5587.360176 0.000264 1
5590.720176 0.004680 1
5594.080176 0.010767 1
5597.440176 0.016778 0
5600.800176 0.011883 0
5604.160176 0.008713 0
5607.520176 0.018380 0
5610.880176 0.019459 0
5614.240176 0.011491 0
5617.600176 0.019270 0
5620.960176 0.012909 0
5624.320176 0.015044 0
5627.680176 0.014404 0
5631.040176 0.012522 0
5634.400176 0.012852 0
5637.760176 0.011716 0
5641.120176 0.014504 0
5644.480176 0.013802 0
5647.840176 0.008375 0
5651.200176 0.004910 0
5654.560176 0.022349 0
5657.920176 0.018822 0
5661.280176 0.013473 0
5664.640176 0.021897 0
5668.000176 0.012855 0
5671.360176 0.005578 0
5674.720176 0.016958 0
5678.080176 0.008197 0
5681.440176 0.020877 0
5684.800176 0.019489 0
5688.160176 0.013797 0
5691.520176 0.009284 0
5694.880176 0.006077 0
5698.240176 0.012573 0
5701.600176 0.015589 0
5704.960176 0.018052 0
5708.320176 0.017528 0
5711.680176 0.018174 0
5715.040176 0.005193 0
5718.400176 0.017536 0
5721.760176 0.016285 0
5725.120176 0.015777 0
5728.480176 0.003629 0
5731.840176 0.007722 0
5735.200176 0.010146 0
5738.560176 0.011326 0
5741.920176 0.017133 0
5745.280176 0.003950 0
5748.640176 0.018830 0
5752.000176 0.018836 0
5755.360176 0.008754 0
5758.720176 0.007026 0
5762.080176 0.008409 0
5765.440176 0.015585 0
5768.800176 0.015677 0
5772.160176 0.009269 0
5775.520176 0.015191 0
5778.880176 0.017160 0
5782.240176 -0.002549 0
5785.600176 0.009488 0
5788.960176 0.016263 0
5792.320176 0.021171 0
5795.680176 0.014924 0
5799.040176 0.011092 0
5802.400176 0.018011 0
5805.760176 0.016037 0
5809.120176 0.009444 0
5812.480176 0.012320 0
5815.840176 0.005733 0
5819.200176 0.016777 0
5822.560176 0.015721 0
5825.920176 0.017945 0
5829.280176 0.010720 0
5832.640176 0.019323 0
5836.000176 0.011759 0
5839.360176 0.010426 0
5842.720176 0.016214 0
5846.080176 0.006348 0
5849.440176 0.009963 0
5852.800176 0.019622 0
5856.160176 0.014217 0
5859.520176 0.022637 0
5862.880176 0.021249 0
5866.240176 0.006342 0
5869.600176 0.004917 0
5872.960176 0.012008 0
5876.320176 0.008748 0
5879.680176 0.009893 0
5883.040176 0.032158 0
5886.400176 0.008715 0
5889.760176 0.014047 0
5893.120176 0.025422 0
5896.480176 0.013020 0
5899.840176 0.016925 0
5903.200176 0.007069 0
5906.560176 0.020780 0
5909.920176 0.004468 0
5913.280176 0.009941 0
5916.640176 0.020478 0
5920.000176 0.003073 0
5923.360176 0.016794 0
5926.720176 0.023736 0
5930.080176 0.035108 0
5933.440176 0.006128 0
5936.800176 0.004467 0
5940.160176 0.005680 0
5943.520176 0.010120 0
5946.880176 0.014463 0
5950.240176 0.009145 0
5953.600176 0.023772 0
5956.960176 0.011214 0
5960.320176 0.007210 0
5963.680176 0.014305 0
5967.040176 0.013199 0
5970.400176 0.015390 0
5973.760176 0.012532 0
5977.120176 0.004796 0
5980.480176 0.014170 0
5983.840176 0.011219 0
5987.200176 0.014087 0
5990.560176 0.027408 0
5993.920176 0.019198 0
5997.280176 0.014770 0
6000.640176 0.010396 0
6004.000176 -0.002274 0
6007.360176 0.003556 0
6010.720176 0.012099 0
6014.080176 0.006504 0
6017.440176 0.013439 0
6020.800176 0.012461 0
6024.160176 0.008836 0
6027.520176 0.013925 0
6030.880176 0.004630 0
6034.240176 0.006810 0
6037.600176 0.019179 0
6040.960176 0.015328 0
6044.320176 0.005518 0
6047.680176 0.013377 0
6051.040176 0.009744 0
6054.400176 0.007788 0
6057.760176 0.009464 0
6061.120176 0.007630 0
6064.480176 0.005399 0
6067.840176 0.011083 0
6071.200176 0.005028 0
6074.560176 0.003407 0
6077.920176 0.009391 0
6081.280176 0.015275 0
6084.640176 0.010831 0
6088.000176 0.014777 0
6091.360176 0.011026 0
6094.720176 0.016599 0
6098.080176 0.002868 0
6101.440176 0.005692 0
6104.800176 0.009447 0
6108.160176 0.006523 0
6111.520176 0.021561 0
6114.880176 0.013832 0
6118.240176 0.012592 0
6121.600176 0.014464 0
6124.960176 0.005928 0
6128.320176 0.011953 0
6131.680176 0.017995 0
6135.040176 0.015271 0
6138.400176 0.018840 0
6141.760176 0.022928 0
6145.120176 0.014683 0
6148.480176 0.010203 0
6151.840176 0.022918 0
6155.200176 0.011366 0
6158.560176 0.014694 0
6161.920176 0.003579 0
6165.280176 0.009766 0
6168.640176 0.011054 0
6172.000176 0.018355 0
6175.360176 0.019781 0
6178.720176 0.017847 0
6182.080176 0.002497 0
6185.440176 0.013074 0
6188.800176 0.012995 0
6192.160176 0.004012 0
6195.520176 0.020361 0
6198.880176 0.015904 0
6202.240176 0.013263 0
6205.600176 0.013043 0
6208.960176 0.023684 0
6212.320176 0.012816 0
6215.680176 0.006613 0
6219.040176 0.009428 0
6222.400176 0.016418 0
6225.760176 0.011058 0
6229.120176 0.018876 0
6232.480176 0.007081 0
6235.840176 0.011206 0
6239.200176 0.017169 0
6242.560176 -0.002988 0
6245.920176 0.016549 0
6249.280176 0.017962 0
6252.640176 0.010006 0
6256.000176 0.020883 0
6259.360176 0.013045 0
6262.720176 0.015504 0
6266.080176 0.003973 0
6269.440176 0.013891 0
6272.800176 0.007929 0
6276.160176 0.013370 0
6279.520176 0.006289 0
6282.880176 0.028105 0
6286.240176 0.026021 0
6289.600176 0.025907 0
6292.960176 0.073217 0
6296.320176 0.088642 0
6299.680176 0.062490 0
6303.040176 0.013172 0
6306.400176 0.002814 0
6309.760176 0.010657 0
6313.120176 0.004253 0
6316.480176 0.020069 0
6319.840176 0.018466 0
6323.200176 0.018203 0
6326.560176 0.014880 0
6329.920176 0.008845 0
6333.280176 0.026056 0
6336.640176 0.012787 0
6340.000176 0.021861 0
6343.360176 0.016865 0
6346.720176 0.018682 0
6350.080176 0.023793 0
6353.440176 0.018976 0
6356.800176 0.013752 0
6360.160176 0.012692 0
6363.520176 -0.001061 0
6366.880176 0.018383 0
6370.240176 0.005515 0
6373.600176 0.009839 0
6376.960176 0.009126 0
6380.320176 0.025022 0
6383.680176 0.021233 0
6387.040176 0.021762 0
6390.400176 0.019032 0
6393.760176 0.019103 0
6397.120176 0.022341 0
6400.480176 0.022622 0
6403.840176 0.022947 0
6407.200176 0.015586 0
6410.560176 0.015469 0
6413.920176 0.011511 0
6417.280176 0.014773 0
6420.640176 0.014909 0
6424.000176 0.017479 0
6427.360176 0.019242 0
6430.720176 0.023046 0
6434.080176 0.016783 0
6437.440176 0.014332 0
6440.800176 0.020055 0
6444.160176 0.018477 0
6447.520176 0.019982 0
6450.880176 0.008092 0
6454.240176 0.014542 0
6457.600176 0.019302 0
6460.960176 0.026040 0
6464.320176 0.018195 0
6467.680176 0.010997 0
6471.040176 0.017188 0
6474.400176 0.016461 0
6477.760176 0.015863 0
6481.120176 0.011347 0
6484.480176 0.010206 0
6487.840176 0.015290 0
6491.200176 0.018851 0
6494.560176 0.020505 0
6497.920176 0.015103 0
6501.280176 0.018917 0
6504.640176 0.026725 0
6508.000176 0.028210 0
6511.360176 0.022664 0
6514.720176 0.015711 0
6518.080176 0.016732 0
6521.440176 0.019185 0
6524.800176 0.019158 0
6528.160176 0.015576 0
6531.520176 0.028444 0
6534.880176 0.028148 0
6538.240176 0.018703 0
6541.600176 0.016979 0
6544.960176 0.021146 0
6548.320176 0.014968 0
6551.680176 0.013670 0
6555.040176 0.015833 0
6558.400176 0.014140 0
6561.760176 0.017355 0
6565.120176 0.009765 0
6568.480176 0.008156 0
6571.840176 0.019635 0
6575.200176 0.024179 0
6578.560176 0.020373 0
6581.920176 0.013502 0
6585.280176 0.007943 0
6588.640176 0.010344 0
6592.000176 0.019049 0
6595.360176 0.024585 0
6598.720176 0.017652 0
6602.080176 0.020178 0
6605.440176 0.025917 0
6608.800176 0.030189 0
6612.160176 0.015626 0
6615.520176 0.017865 0
6618.880176 0.022011 0
6622.240176 0.016251 0
6625.600176 0.015092 0
6628.960176 0.012928 0
6632.320176 0.012735 0
6635.680176 0.019326 0
6639.040176 0.019808 0
6642.400176 0.014732 0
6645.760176 0.008251 0
6649.120176 0.015176 0
6652.480176 0.016627 0
6655.840176 0.018938 0
6659.200176 0.015796 0
6662.560176 0.019800 0
6665.920176 0.024008 0
6669.280176 0.013381 0
6672.640176 0.018215 0
6676.000176 0.019845 0
6679.360176 0.017602 0
6682.720176 0.026062 0
6686.080176 0.017394 0
6689.440176 0.019883 0
6692.800176 0.015893 0
6696.160176 0.012529 0
6699.520176 0.008227 0
6702.880176 0.015542 0
6706.240176 0.013959 0
6709.600176 0.005521 0
6712.960176 0.012479 0
6716.320176 0.016162 0
6719.680176 0.020387 0
6723.040176 0.013097 0
6726.400176 0.015143 0
6729.760176 0.019623 0
6733.120176 0.014039 0
6736.480176 0.011252 0
6739.840176 0.014388 0
6743.200176 0.015832 0
6746.560176 0.010276 0
6749.920176 0.018180 0
6753.280176 0.014965 0
6756.640176 0.024150 0
6760.000176 0.018438 0
6763.360176 0.013510 0
6766.720176 0.014212 0
6770.080176 0.013806 0
6773.440176 0.021454 0
6776.800176 0.012208 0
6780.160176 0.011649 0
6783.520176 0.013011 0
6786.880176 0.014062 0
6790.240176 0.011670 0
6793.600176 0.016006 0
6796.960176 0.017127 0
6800.320176 0.010558 0
6803.680176 0.007110 0
6807.040176 0.018345 0
6810.400176 0.014519 0
6813.760176 0.013050 0
6817.120176 0.016181 0
6820.480176 0.012521 0
6823.840176 0.027805 0
6827.200176 0.026311 0
6830.560176 0.012377 0
6833.920176 0.008698 0
6837.280176 0.025015 0
6840.640176 0.013398 0
6844.000176 0.019327 0
6847.360176 0.016030 0
6850.720176 0.016919 0
6854.080176 0.017552 0
6857.440176 0.013536 0
6860.800176 0.019961 0
6864.160176 0.008948 0
6867.520176 0.011084 0
6870.880176 0.012329 0
6874.240176 0.020344 0
6877.600176 0.019548 0
6880.960176 0.018370 0
6884.320176 0.020631 0
6887.680176 0.011183 0
6891.040176 0.006980 0
6894.400176 0.011201 0
6897.760176 0.016147 0
6901.120176 0.019896 0
6904.480176 0.019139 0
6907.840176 0.004943 0
6911.200176 0.005037 0
6914.560176 0.009346 0
6917.920176 0.009333 0
6921.280176 0.005110 0
6924.640176 0.011901 0
6928.000176 0.009292 0
6931.360176 -0.001644 0
6934.720176 -0.003598 0
6938.080176 0.002645 0
6941.440176 0.010031 0
6944.800176 0.019751 0
6948.160176 0.005019 0
6951.520176 0.008305 0
6954.880176 0.019067 0
6958.240176 0.009087 0
6961.600176 0.006136 0
6964.960176 0.013340 0
6968.320176 0.013248 0
6971.680176 0.008613 0
6975.040176 0.005643 0
6978.400176 0.006858 0
6981.760176 0.014705 0
6985.120176 0.013187 0
6988.480176 0.013530 0
6991.840176 0.015173 0
6995.200176 0.007586 0
6998.560176 0.009195 0
7001.920176 0.012075 0
7005.280176 0.013601 0
7008.640176 0.013797 0
7012.000176 0.008001 0
7015.360176 0.006813 0
7018.720176 0.004579 0
7022.080176 0.008051 0
7025.440176 0.017417 0
7028.800176 0.010142 0
7032.160176 0.011555 0
7035.520176 0.010096 0
7038.880176 0.017750 0
7042.240176 0.020787 0
7045.600176 0.016779 0
7048.960176 0.010477 0
7052.320176 0.008918 0
7055.680176 0.012481 0
7059.040176 0.009452 0
7062.400176 0.011420 0
7065.760176 0.011763 0
7069.120176 0.019999 0
7072.480176 0.008167 0
7075.840176 0.007113 0
7079.200176 0.012813 0
7082.560176 0.004464 0
7085.920176 0.001587 0
7089.280176 0.010204 0
7092.640176 0.017900 0
7096.000176 0.007383 0
7099.360176 0.008758 0
7102.720176 -0.000435 0
7106.080176 0.003286 0
7109.440176 0.004935 0
7112.800176 0.005309 0
7116.160176 0.008085 0
7119.520176 0.008491 0
7122.880176 0.008236 0
7126.240176 0.010619 0
7129.600176 0.008605 0
7132.960176 0.012399 0
7136.320176 0.014720 0
7139.680176 0.010024 0
7143.040176 0.006299 0
7146.400176 0.005788 0
7149.760176 0.009209 0
7153.120176 0.007749 0
7156.480176 0.014382 0
7159.840176 0.008877 0
7163.200176 0.020785 0
7166.560176 -0.004570 0
7169.920176 0.008524 0
7173.280176 0.007917 0
7176.640176 0.015149 0
7180.000176 0.003981 0
7183.360176 0.007106 0
7186.720176 0.010118 0
7190.080176 0.007227 0
7193.440176 0.007803 0
7196.800176 0.004923 0
7200.160176 0.009723 0
7203.520176 0.005372 0
7206.880176 0.010118 0
7210.240176 0.008939 0
7213.600176 0.003802 0
7216.960176 0.010548 0
7220.320176 0.012371 0
7223.680176 0.009210 0
7227.040176 -0.008241 0
7230.400176 -0.005390 0
7233.760176 0.028685 0
7237.120176 0.023265 0
7240.480176 -0.005780 0
7243.840176 -0.013829 0
7247.200176 0.021597 0
7250.560176 0.011623 0
7253.920176 0.007210 0
7257.280176 0.007833 0
7260.640176 0.006681 0
7264.000176 0.003500 0
7267.360176 -0.000769 0
7270.720176 0.007322 0
7274.080176 0.007888 0
7277.440176 0.003208 0
7280.800176 0.001761 0
7284.160176 0.010577 0
7287.520176 0.019831 0
7290.880176 0.013429 0
7294.240176 0.019103 0
7297.600176 0.016019 0
7300.960176 0.008759 0
7304.320176 0.015821 0
7307.680176 0.009703 0
7311.040176 -0.000211 0
7314.400176 -0.003736 0
7317.760176 -0.002114 0
7321.120176 0.004220 0
7324.480176 0.002534 0
7327.840176 0.005226 0
7331.200176 0.000157 0
7334.560176 0.024730 0
7337.920176 0.009698 0
7341.280176 0.013909 0
7344.640176 0.012755 0
7348.000176 -0.007726 0
7351.360176 0.002070 0
7354.720176 -0.007738 0
7358.080176 0.007387 0
7361.440176 0.011469 0
7364.800176 0.006132 0
7368.160176 0.023024 0
7371.520176 -0.006258 0
7374.880176 0.001366 0
7378.240176 -0.004011 0
7381.600176 0.006484 0
7384.960176 0.010354 0
7388.320176 0.011985 0
7391.680176 -0.002732 0
7395.040176 0.007353 0
7398.400176 0.010039 0
7401.760176 0.004981 0
7405.120176 0.012595 0
7408.480176 0.005118 0
7411.840176 0.006536 0
7415.200176 0.007449 0
7418.560176 0.009469 0
7421.920176 0.005997 0
7425.280176 0.001935 0
7428.640176 0.001752 0
7432.000176 -0.008827 0
7435.360176 -0.001484 0
7438.720176 0.001934 0
7442.080176 0.001992 0
7445.440176 -0.006345 0
7448.800176 0.000278 0
7452.160176 0.003653 0
7455.520176 0.009676 0
7458.880176 0.005534 0
7462.240176 0.002797 0
7465.600176 0.000030 0
7468.960176 0.007138 0
7472.320176 0.025218 0
7475.680176 0.003403 0
7479.040176 0.003879 0
7482.400176 0.004539 0
7485.760176 0.000712 0
7489.120176 -0.005117 0
7492.480176 0.000861 0
7495.840176 -0.002724 0
7499.200176 0.001158 0
7502.560176 0.004674 0
7505.920176 0.004068 0
7509.280176 0.006252 0
7512.640176 0.003963 0
7516.000176 0.011995 0
7519.360176 0.021966 0
7522.720176 0.002844 0
7526.080176 0.005771 0
7529.440176 0.014097 0
7532.800176 0.002447 0
7536.160176 0.008444 0
7539.520176 0.001823 0
7542.880176 0.001728 0
7546.240176 -0.005026 0
7549.600176 0.001615 0
7552.960176 -0.000191 0
7556.320176 0.005051 0
7559.680176 0.006400 0
7563.040176 0.002910 0
7566.400176 0.000405 0
7569.760176 0.007839 0
7573.120176 0.012338 0
7576.480176 0.014107 0
7579.840176 0.005300 0
7583.200176 0.002986 0
7586.560176 0.003972 0
7589.920176 0.012381 0
7593.280176 0.013831 0
7596.640176 0.005795 0
7600.000176 0.016498 0
7603.360176 0.007835 0
7606.720176 0.002401 0
7610.080176 0.000601 0
7613.440176 -0.009663 0
7616.800176 0.003422 0
7620.160176 0.000155 0
7623.520176 0.011058 0
7626.880176 0.000000 1
7630.240176 0.000000 1
7633.600176 0.000000 1
7636.960176 0.000000 1
7640.320176 0.000000 1
7643.680176 0.000000 1
7647.040176 0.000000 1
7650.400176 0.000000 1
7653.760176 0.000000 1
7657.120176 0.000000 1
7660.480176 0.000000 1
7663.840176 0.000000 1
7667.200176 0.000000 1
7670.560176 0.000000 1
7673.920176 0.000000 1
7677.280176 0.000000 1
7680.640176 0.000000 1
7684.000176 0.000000 1
7687.360176 0.000000 1
7690.720176 0.000000 1
7694.080176 0.000000 1
7697.440176 0.000000 1
7700.800176 0.000000 1
7704.160176 0.000000 1
7707.520176 0.000000 1
7710.880176 0.000000 1
7714.240176 0.000000 1
7717.600176 0.000000 1
7720.960176 0.000000 1
7724.320176 0.000000 1
7727.680176 0.000000 1
7731.040176 0.000000 1
7734.400176 0.000000 1
7737.760176 0.000000 1
7741.120176 0.000000 1
7744.480176 0.000000 1
7747.840176 0.000000 1
7751.200176 0.000000 1
7754.560176 0.000000 1
7757.920176 0.000000 1
7761.280176 0.000000 1
7764.640176 0.000000 1
7768.000176 0.000000 1
7771.360176 0.000000 1
7774.720176 0.000000 1
7778.080176 0.000000 1
7781.440176 0.000000 1
7784.800176 0.000000 1
7788.160176 0.000000 1
7791.520176 0.000000 1
7794.880176 0.000000 1
7798.240176 0.000000 1
7801.600176 0.000000 1
7804.960176 0.000000 1
7808.320176 0.000000 1
7811.680176 0.000000 1
7815.040176 0.000000 1
7818.400176 0.000000 1
7821.760176 0.000000 1
7825.120176 0.000000 1
7828.480176 0.000000 1
7831.840176 0.000000 1
7835.200176 0.000000 1
7838.560176 0.000000 1
7841.920176 0.000000 1
7845.280176 0.000000 1
7848.640176 0.000000 1
7852.000176 0.000000 1
7855.360176 0.000000 1
7858.720176 0.000000 1
7862.080176 0.000000 1
7865.440176 0.000000 1
7868.800176 0.000000 1
7872.160176 0.000000 1
7875.520176 0.000000 1
7878.880176 0.000000 1
7882.240176 0.000000 1
7885.600176 0.000000 1
7888.960176 0.000000 1
7892.320176 0.000000 1
7895.680176 0.000000 1
7899.040176 0.000000 1
7902.400176 0.000000 1
7905.760176 0.000000 1
7909.120176 0.000000 1
7912.480176 0.000000 1
7915.840176 0.000000 1
7919.200176 0.000000 1
7922.560176 0.000000 1
7925.920176 0.000000 1
7929.280176 0.000000 1
7932.640176 0.000000 1
7936.000176 0.000000 1
7939.360176 0.000000 1
7942.720176 0.000000 1
7946.080176 0.000000 1
7949.440176 0.000000 1
7952.800176 0.000000 1
7956.160176 0.000000 1
7959.520176 0.000000 1
7962.880176 0.000000 1
7966.240176 0.000000 1
7969.600176 0.000000 1
7972.960176 0.000000 1
7976.320176 0.000000 1
7979.680176 0.000000 1
7983.040176 0.000000 1
7986.400176 0.000000 1
7989.760176 0.000000 1
7993.120176 0.000000 1
7996.480176 0.000000 1
7999.840176 0.000000 1
8003.200176 0.000000 1
8006.560176 0.000000 1
8009.920176 0.000000 1
8013.280176 0.000000 1
8016.640176 0.000000 1
8020.000176 0.000000 1
8023.360176 0.000000 1
8026.720176 0.000000 1
8030.080176 0.000000 1
8033.440176 0.000000 1
8036.800176 0.000000 1
8040.160176 0.000000 1
8043.520176 0.000000 1
8046.880176 0.000000 1
8050.240176 0.000000 1
8053.600176 0.000000 1
8056.960176 0.000000 1
8060.320176 0.000000 1
8063.680176 0.000000 1
8067.040176 0.000000 1
8070.400176 0.000000 1
8073.760176 0.000000 1
8077.120176 0.000000 1
8080.480176 0.000000 1
8083.840176 0.000000 1
8087.200176 0.000000 1
8090.560176 0.000000 1
8093.920176 0.000000 1
8097.280176 0.000000 1
8100.640176 0.000000 1
8104.000176 0.000000 1
8107.360176 0.000000 1
8110.720176 0.000000 1
8114.080176 0.000000 1
8117.440176 0.000000 1
8120.800176 0.000000 1
8124.160176 0.000000 1
8127.520176 0.000000 1
8130.880176 0.000000 1
8134.240176 0.000000 1
8137.600176 0.000000 1
8140.960176 0.000000 1
8144.320176 0.000000 1
8147.680176 0.000000 1
8151.040176 0.000000 1
8154.400176 0.000000 1
8157.760176 0.000000 1
8161.120176 0.000000 1
8164.480176 0.000000 1
8167.840176 0.000000 1
8171.200176 0.000000 1
8174.560176 0.000000 1
8177.920176 0.000000 1
8181.280176 0.000000 1
8184.640176 0.000000 1
8188.000176 0.000000 1
8191.360176 0.000000 1
8194.720176 0.000000 1
8198.080176 0.000000 1
8201.440176 0.000000 1
8204.800176 0.000000 1
8208.160176 0.000000 1
8211.520176 0.000000 1
8214.880176 0.000000 1
8218.240176 0.000000 1
8221.600176 0.000000 1
8224.960176 0.000000 1
8228.320176 0.000000 1
8231.680176 0.000000 1
8235.040176 0.000000 1
8238.400176 0.000000 1
8241.760176 0.000000 1
8245.120176 0.000000 1
8248.480176 0.000000 1
8251.840176 0.000000 1
8255.200176 0.000000 1
8258.560176 0.000000 1
8261.920176 0.000000 1
8265.280176 0.000000 1
8268.640176 0.000000 1
8272.000176 0.000000 1
8275.360176 0.000000 1
8278.720176 0.000000 1
8282.080176 0.000000 1
8285.440176 0.000000 1
8288.800176 0.000000 1
8292.160176 0.000000 1
8295.520176 0.000000 1
8298.880176 0.000000 1
8302.240176 0.000000 1
8305.600176 0.000000 1
8308.960176 0.000000 1
8312.320176 0.000000 1
8315.680176 0.000000 1
8319.040176 0.000000 1
8322.400176 0.000000 1
8325.760176 0.000000 1
8329.120176 0.000000 1
8332.480176 0.000000 1
8335.840176 0.000000 1
8339.200176 0.000000 1
8342.560176 0.000000 1
8345.920176 0.000000 1
8349.280176 0.000000 1
8352.640176 0.000000 1
8356.000176 0.000000 1
8359.360176 0.000000 1
8362.720176 0.000000 1
8366.080176 0.000000 1
8369.440176 0.000000 1
8372.800176 0.000000 1
8376.160176 0.000000 1
8379.520176 0.000000 1
8382.880176 0.000000 1
8386.240176 0.000000 1
8389.600176 0.000000 1
8392.960176 0.000000 1
8396.320176 0.000000 1
8399.680176 0.000000 1
8403.040176 0.000000 1
8406.400176 0.000000 1
8409.760176 0.000000 1
8413.120176 0.000000 1
8416.480176 0.000000 1
8419.840176 0.000000 1
8423.200176 0.000000 1
8426.560176 0.000000 1
8429.920176 0.000000 1
8433.280176 0.000000 1
8436.640176 0.000000 1
8440.000176 0.000000 1
8443.360176 0.000000 1
8446.720176 0.000000 1
8450.080176 0.000000 1
8453.440176 0.000000 1
8456.800176 0.000000 1
8460.160176 0.000000 1
8463.520176 0.000000 1
8466.880176 0.000000 1
8470.240176 0.000000 1
8473.600176 0.000000 1
8476.960176 0.000000 1
8480.320176 0.000000 1
8483.680176 0.000000 1
8487.040176 0.000000 1
8490.400176 0.000000 1
8493.760176 0.000000 1
8497.120176 0.000000 1
8500.480176 0.000000 1
8503.840176 0.000000 1
8507.200176 0.000000 1
8510.560176 0.000000 1
8513.920176 0.000000 1
8517.280176 0.000000 1
8520.640176 0.000000 1
8524.000176 0.000000 1
8527.360176 0.000000 1
8530.720176 0.000000 1
8534.080176 0.000000 1
8537.440176 0.000000 1
8540.800176 0.000000 1
8544.160176 0.000000 1
8547.520176 0.000000 1
8550.880176 0.000000 1
8554.240176 0.000000 1
8557.600176 0.000000 1
8560.960176 0.000000 1
8564.320176 0.000000 1
8567.680176 0.000000 1
8571.040176 0.000000 1
8574.400176 0.000000 1
8577.760176 0.000000 1
8581.120176 0.000000 1
8584.480176 0.000000 1
8587.840176 0.000000 1
8591.200176 0.000000 1
8594.560176 0.000000 1
8597.920176 0.000000 1
8601.280176 0.000000 1
8604.640176 0.000000 1
8608.000176 0.000000 1
8611.360176 0.000000 1
8614.720176 0.000000 1
8618.080176 0.000000 1
8621.440176 0.000000 1
8624.800176 0.000000 1
8628.160176 0.000000 1
8631.520176 0.000000 1
8634.880176 0.000000 1
8638.240176 0.000000 1
8641.600176 0.000000 1
8644.960176 0.000000 1
8648.320176 0.000000 1
8651.680176 0.000000 1
8655.040176 0.000000 1
8658.400176 0.000000 1
8661.760176 0.000000 1
8665.120176 0.000000 1
8668.480176 0.000000 1
8671.840176 0.000000 1
8675.200176 0.000000 1
8678.560176 0.000000 1
8681.920176 0.000000 1
8685.280176 0.000000 1
8688.640176 0.000000 1
8692.000176 0.000000 1
8695.360176 0.000000 1
8698.720176 0.000000 1
8702.080176 0.000000 1
8705.440176 0.000000 1
8708.800176 0.000000 1
8712.160176 0.000000 1
8715.520176 0.000000 1
8718.880176 0.000000 1
8722.240176 0.000000 1
8725.600176 0.000000 1
8728.960176 0.000000 1
8732.320176 0.000000 1
8735.680176 0.000000 1
8739.040176 0.000000 1
8742.400176 0.000000 1
8745.760176 0.000000 1
8749.120176 0.000000 1
8752.480176 0.000000 1
8755.840176 0.000000 1
8759.200176 0.000000 1
8762.560176 0.000000 1
8765.920176 0.000000 1
8769.280176 0.000000 1
8772.640176 0.000000 1
8776.000176 0.000000 1
8779.360176 0.000000 1
8782.720176 0.000000 1
8786.080176 0.000000 1
8789.440176 0.000000 1
8792.800176 0.000000 1
8796.160176 0.000000 1
8799.520176 0.000000 1
8802.880176 0.000000 1
8806.240176 0.000000 1
8809.600176 0.000000 1
8812.960176 0.000000 1
8816.320176 0.000000 1
8819.680176 0.000000 1
8823.040176 0.000000 1
8826.400176 0.000000 1
8829.760176 0.000000 1
8833.120176 0.000000 1
8836.480176 0.000000 1
8839.840176 0.000000 1
8843.200176 0.000000 1
8846.560176 0.000000 1
8849.920176 0.000000 1
8853.280176 0.000000 1
8856.640176 0.000000 1
8860.000176 0.000000 1
8863.360176 0.000000 1
8866.720176 0.000000 1
8870.080176 0.000000 1
8873.440176 0.000000 1
8876.800176 0.000000 1
8880.160176 0.000000 1
8883.520176 0.000000 1
8886.880176 0.000000 1
8890.240176 0.000000 1
8893.600176 0.000000 1
8896.960176 0.000000 1
8900.320176 0.000000 1
8903.680176 0.000000 1
8907.040176 0.000000 1
8910.400176 0.000000 1
8913.760176 0.000000 1
8917.120176 0.000000 1
8920.480176 0.000000 1
8923.840176 0.000000 1
8927.200176 0.000000 1
8930.560176 0.000000 1
8933.920176 0.000000 1
8937.280176 0.000000 1
8940.640176 0.000000 1
8944.000176 0.000000 1
8947.360176 0.000000 1
8950.720176 0.000000 1
8954.080176 0.000000 1
8957.440176 0.000000 1
8960.800176 0.000000 1
8964.160176 0.000000 1
8967.520176 0.000000 1
8970.880176 0.000000 1
8974.240176 0.000000 1
8977.600176 0.000000 1
8980.960176 0.000000 1
8984.320176 0.000000 1
8987.680176 0.000000 1
8991.040176 0.000000 1
8994.400176 0.000000 1
8997.760176 0.000000 1
9001.120176 0.000000 1
9004.480176 0.000000 1
9007.840176 0.000000 1
9011.200176 0.000000 1
9014.560176 0.000000 1
9017.920176 0.000000 1
9021.280176 0.000000 1
9024.640176 0.000000 1
9028.000176 0.000000 1
9031.360176 0.000000 1
9034.720176 0.000000 1
9038.080176 0.000000 1
9041.440176 0.000000 1
9044.800176 0.000000 1
9048.160176 0.000000 1
9051.520176 0.000000 1
9054.880176 0.000000 1
9058.240176 0.000000 1
9061.600176 0.000000 1
9064.960176 0.000000 1
9068.320176 0.000000 1
9071.680176 0.000000 1
9075.040176 0.000000 1
9078.400176 0.000000 1
9081.760176 0.000000 1
9085.120176 0.000000 1
9088.480176 0.000000 1
9091.840176 0.000000 1
9095.200176 0.000000 1
9098.560176 0.000000 1
9101.920176 0.000000 1
9105.280176 0.000000 1
9108.640176 0.000000 1
9112.000176 0.000000 1
9115.360176 0.000000 1
9118.720176 0.000000 1
9122.080176 0.000000 1
9125.440176 0.000000 1
9128.800176 0.000000 1
9132.160176 0.000000 1
9135.520176 0.000000 1
9138.880176 0.000000 1
9142.240176 0.000000 1
9145.600176 0.000000 1
9148.960176 0.000000 1
9152.320176 0.000000 1
9155.680176 0.000000 1
9159.040176 0.000000 1
9162.400176 0.000000 1
9165.760176 0.000000 1
9169.120176 0.000000 1
9172.480176 0.000000 1
9175.840176 0.000000 1
9179.200176 0.000000 1
9182.560176 0.000000 1
9185.920176 0.000000 1
9189.280176 0.000000 1
9192.640176 0.000000 1
9196.000176 0.000000 1
9199.360176 0.000000 1
9202.720176 0.000000 1
9206.080176 0.000000 1
9209.440176 0.000000 1
9212.800176 0.000000 1
9216.160176 0.000000 1
9219.520176 0.000000 1
9222.880176 0.000000 1
9226.240176 0.000000 1
9229.600176 0.000000 1
9232.960176 0.000000 1
9236.320176 0.000000 1
9239.680176 0.000000 1
9243.040176 0.000000 1
9246.400176 0.000000 1
9249.760176 0.000000 1
