# obs: 255714
# slit: 46
# z: 0.36169
# lines: K,H,G,H{beta}
# spec: 735
4451.680000 0.000000 1
4455.040000 0.000000 1
4458.400000 0.000000 1
4461.760000 0.000000 1
4465.120000 0.000000 1
4468.479999 0.000000 1
4471.839999 0.000000 1
4475.199999 0.000000 1
4478.559999 0.000000 1
4481.919999 0.000000 1
4485.279999 0.000000 1
4488.639999 0.000000 1
4491.999999 0.000000 1
4495.359999 0.000000 1
4498.719999 0.000000 1
4502.079998 0.000000 1
4505.439998 0.000000 1
4508.799998 0.000000 1
4512.159998 0.000000 1
4515.519998 0.000000 1
4518.879998 0.000000 1
4522.239998 0.029667 1
4525.599998 0.253249 1
4528.959998 0.155717 1
4532.319997 0.150416 0
4535.679997 0.178427 0
4539.039997 0.178809 0
4542.399997 0.169875 0
4545.759997 0.177515 0
4549.119997 0.160227 0
4552.479997 0.164388 0
4555.839997 0.179884 0
4559.199997 0.148155 0
4562.559997 0.178169 0
4565.919996 0.183591 0
4569.279996 0.180410 0
4572.639996 0.156682 0
4575.999996 0.161479 0
4579.359996 0.152632 0
4582.719996 0.135410 0
4586.079996 0.155391 0
4589.439996 0.147192 0
4592.799996 0.134479 0
4596.159995 0.138694 0
4599.519995 0.118300 0
4602.879995 0.143709 0
4606.239995 0.159763 0
4609.599995 0.167953 0
4612.959995 0.176529 0
4616.319995 0.160886 0
4619.679995 0.162122 0
4623.039995 0.152331 0
4626.399995 0.183188 0
4629.759994 0.166777 0
4633.119994 0.211340 0
4636.479994 0.200449 0
4639.839994 0.191128 0
4643.199994 0.163705 0
4646.559994 0.177856 0
4649.919994 0.161847 0
4653.279994 0.184199 0
4656.639994 0.206142 0
4659.999993 0.169613 0
4663.359993 0.169855 0
4666.719993 0.177171 0
4670.079993 0.179100 0
4673.439993 0.215904 0
4676.799993 0.191091 0
4680.159993 0.185205 0
4683.519993 0.164509 0
4686.879993 0.171851 0
4690.239993 0.160095 0
4693.599992 0.138981 0
4696.959992 0.141617 0
4700.319992 0.157523 0
4703.679992 0.191301 0
4707.039992 0.163581 0
4710.399992 0.168044 0
4713.759992 0.149409 0
4717.119992 0.165642 0
4720.479992 0.203916 0
4723.839992 0.197998 0
4727.199991 0.178241 0
4730.559991 0.188864 0
4733.919991 0.145242 0
4737.279991 0.182158 0
4740.639991 0.182610 0
4743.999991 0.190952 0
4747.359991 0.168481 0
4750.719991 0.167898 0
4754.079991 0.171385 0
4757.439990 0.140660 0
4760.799990 0.151795 0
4764.159990 0.186713 0
4767.519990 0.191410 0
4770.879990 0.194976 0
4774.239990 0.216837 0
4777.599990 0.196168 0
4780.959990 0.173694 0
4784.319990 0.181683 0
4787.679990 0.182650 0
4791.039989 0.172187 0
4794.399989 0.167195 0
4797.759989 0.173033 0
4801.119989 0.165644 0
4804.479989 0.182644 0
4807.839989 0.169373 0
4811.199989 0.176740 0
4814.559989 0.174647 0
4817.919989 0.167634 0
4821.279988 0.180638 0
4824.639988 0.186752 0
4827.999988 0.201861 0
4831.359988 0.225342 0
4834.719988 0.221256 0
4838.079988 0.210525 0
4841.439988 0.190738 0
4844.799988 0.185947 0
4848.159988 0.196495 0
4851.519988 0.185049 0
4854.879987 0.199532 0
4858.239987 0.161516 0
4861.599987 0.155660 0
4864.959987 0.165234 0
4868.319987 0.186267 0
4871.679987 0.171131 0
4875.039987 0.159700 0
4878.399987 0.119274 0
4881.759987 0.114266 0
4885.119986 0.138094 0
4888.479986 0.165818 0
4891.839986 0.185965 0
4895.199986 0.190243 0
4898.559986 0.211774 0
4901.919986 0.201737 0
4905.279986 0.191405 0
4908.639986 0.187418 0
4911.999986 0.169237 0
4915.359986 0.188979 0
4918.719985 0.167481 0
4922.079985 0.166062 0
4925.439985 0.200618 0
4928.799985 0.165479 0
4932.159985 0.186475 0
4935.519985 0.187667 0
4938.879985 0.195203 0
4942.239985 0.203176 0
4945.599985 0.182716 0
4948.959984 0.198115 0
4952.319984 0.191693 0
4955.679984 0.190762 0
4959.039984 0.215602 0
4962.399984 0.211921 0
4965.759984 0.186017 0
4969.119984 0.232479 0
4972.479984 0.210125 0
4975.839984 0.244965 0
4979.199984 0.253383 0
4982.559983 0.196821 0
4985.919983 0.256281 0
4989.279983 0.233459 0
4992.639983 0.264391 0
4995.999983 0.221072 0
4999.359983 0.227997 0
5002.719983 0.208658 0
5006.079983 0.243968 0
5009.439983 0.225152 0
5012.799982 0.222154 0
5016.159982 0.231460 0
5019.519982 0.247216 0
5022.879982 0.266904 0
5026.239982 0.246138 0
5029.599982 0.221642 0
5032.959982 0.266899 0
5036.319982 0.247082 0
5039.679982 0.227588 0
5043.039982 0.212419 0
5046.399981 0.189668 0
5049.759981 0.186446 0
5053.119981 0.220005 0
5056.479981 0.251518 0
5059.839981 0.239172 0
5063.199981 0.255759 0
5066.559981 0.196531 0
5069.919981 0.193712 0
5073.279981 0.234492 0
5076.639980 0.225971 0
5079.999980 0.219039 0
5083.359980 0.201254 0
5086.719980 0.203063 0
5090.079980 0.200128 0
5093.439980 0.187014 0
5096.799980 0.225331 0
5100.159980 0.216688 0
5103.519980 0.209340 0
5106.879980 0.181430 0
5110.239979 0.213191 0
5113.599979 0.225367 0
5116.959979 0.218585 0
5120.319979 0.231329 0
5123.679979 0.226722 0
5127.039979 0.212244 0
5130.399979 0.225970 0
5133.759979 0.243836 0
5137.119979 0.222890 0
5140.479978 0.235217 0
5143.839978 0.272519 0
5147.199978 0.309050 0
5150.559978 0.277297 0
5153.919978 0.287809 0
5157.279978 0.263981 0
5160.639978 0.246589 0
5163.999978 0.231907 0
5167.359978 0.218792 0
5170.719978 0.205206 0
5174.079977 0.203670 0
5177.439977 0.243562 0
5180.799977 0.248399 0
5184.159977 0.245714 0
5187.519977 0.262457 0
5190.879977 0.228814 0
5194.239977 0.229834 0
5197.599977 0.182164 0
5200.959977 0.243060 0
5204.319977 0.206508 0
5207.679976 0.175983 0
5211.039976 0.187257 0
5214.399976 0.182206 0
5217.759976 0.135392 0
5221.119976 0.155321 0
5224.479976 0.163765 0
5227.839976 0.157946 0
5231.199976 0.208721 0
5234.559976 0.212236 0
5237.919975 0.227565 0
5241.279975 0.227369 0
5244.639975 0.239785 0
5247.999975 0.236706 0
5251.359975 0.221734 0
5254.719975 0.235094 0
5258.079975 0.228276 0
5261.439975 0.233905 0
5264.799975 0.240709 0
5268.159975 0.241639 0
5271.519974 0.213124 0
5274.879974 0.224777 0
5278.239974 0.249871 0
5281.599974 0.249064 0
5284.959974 0.227903 0
5288.319974 0.198355 0
5291.679974 0.206672 0
5295.039974 0.236973 0
5298.399974 0.234169 0
5301.759973 0.250605 0
5305.119973 0.280291 0
5308.479973 0.298806 0
5311.839973 0.310015 0
5315.199973 0.278705 0
5318.559973 0.279901 0
5321.919973 0.279731 0
5325.279973 0.317782 0
5328.639973 0.320835 0
5331.999973 0.338473 0
5335.359972 0.285601 0
5338.719972 0.292558 0
5342.079972 0.257824 0
5345.439972 0.228698 0
5348.799972 0.200819 0
5352.159972 0.173323 0
5355.519972 0.140065 0
5358.879972 0.135207 0
5362.239972 0.156060 0
5365.599971 0.210502 0
5368.959971 0.225040 0
5372.319971 0.256762 0
5375.679971 0.258758 0
5379.039971 0.265706 0
5382.399971 0.295661 0
5385.759971 0.312831 0
5389.119971 0.310562 0
5392.479971 0.292748 0
5395.839971 0.220849 0
5399.199970 0.172531 0
5402.559970 0.155294 0
5405.919970 0.156789 0
5409.279970 0.146500 0
5412.639970 0.220253 0
5415.999970 0.283704 0
5419.359970 0.301859 0
5422.719970 0.345918 0
5426.079970 0.383480 0
5429.439969 0.381928 0
5432.799969 0.397709 0
5436.159969 0.400531 0
5439.519969 0.371058 0
5442.879969 0.378623 0
5446.239969 0.379488 0
5449.599969 0.386309 0
5452.959969 0.401785 0
5456.319969 0.401786 0
5459.679969 0.413778 0
5463.039968 0.414512 0
5466.399968 0.404760 0
5469.759968 0.394846 0
5473.119968 0.332051 0
5476.479968 0.410962 0
5479.839968 0.432274 0
5483.199968 0.391764 0
5486.559968 0.414231 0
5489.919968 0.382336 0
5493.279967 0.398084 0
5496.639967 0.410805 0
5499.999967 0.403795 0
5503.359967 0.399110 0
5506.719967 0.423751 0
5510.079967 0.420601 0
5513.439967 0.414283 0
5516.799967 0.409266 0
5520.159967 0.392348 0
5523.519967 0.380586 0
5526.879966 0.385730 0
5530.239966 0.404808 0
5533.599966 0.404950 0
5536.959966 0.391409 0
5540.319966 0.416870 0
5543.679966 0.360418 0
5547.039966 0.341016 0
5550.399966 0.380001 0
5553.759966 0.406717 0
5557.119965 0.410672 0
5560.479965 0.396993 0
5563.839965 0.433386 1
5567.199965 0.443652 1
5570.559965 0.654444 1
5573.919965 0.516795 1
5577.279965 0.418710 1
5580.639965 0.268702 1
5583.999965 0.027171 1
5587.359965 0.335788 1
5590.719964 0.351965 1
5594.079964 0.367495 1
5597.439964 0.400125 0
5600.799964 0.408200 0
5604.159964 0.421517 0
5607.519964 0.432434 0
5610.879964 0.445784 0
5614.239964 0.416345 0
5617.599964 0.399416 0
5620.959963 0.387386 0
5624.319963 0.371096 0
5627.679963 0.409014 0
5631.039963 0.398790 0
5634.399963 0.413187 0
5637.759963 0.423046 0
5641.119963 0.419638 0
5644.479963 0.399415 0
5647.839963 0.365687 0
5651.199963 0.382997 0
5654.559962 0.397074 0
5657.919962 0.394276 0
5661.279962 0.403472 0
5664.639962 0.397732 0
5667.999962 0.398481 0
5671.359962 0.392791 0
5674.719962 0.401823 0
5678.079962 0.390544 0
5681.439962 0.409858 0
5684.799962 0.362096 0
5688.159961 0.393915 0
5691.519961 0.375620 0
5694.879961 0.421736 0
5698.239961 0.412539 0
5701.599961 0.395291 0
5704.959961 0.403313 0
5708.319961 0.425590 0
5711.679961 0.421188 0
5715.039961 0.393111 0
5718.399960 0.365214 0
5721.759960 0.396468 0
5725.119960 0.404333 0
5728.479960 0.414993 0
5731.839960 0.383612 0
5735.199960 0.431110 0
5738.559960 0.408007 0
5741.919960 0.433630 0
5745.279960 0.435652 0
5748.639960 0.413885 0
5751.999959 0.358758 0
5755.359959 0.361065 0
5758.719959 0.387989 0
5762.079959 0.407006 0
5765.439959 0.432397 0
5768.799959 0.388052 0
5772.159959 0.387148 0
5775.519959 0.401909 0
5778.879959 0.424761 0
5782.239958 0.454586 0
5785.599958 0.438495 0
5788.959958 0.415127 1
5792.319958 0.396679 1
5795.679958 0.397573 1
5799.039958 0.396148 1
5802.399958 0.442303 1
5805.759958 0.423586 1
5809.119958 0.431752 1
5812.479958 0.421672 1
5815.839957 0.419416 1
5819.199957 0.414589 1
5822.559957 0.389031 1
5825.919957 0.406602 1
5829.279957 0.421874 1
5832.639957 0.423424 1
5835.999957 0.425251 1
5839.359957 0.409107 0
5842.719957 0.383548 0
5846.079956 0.408302 0
5849.439956 0.375592 0
5852.799956 0.385388 0
5856.159956 0.336334 0
5859.519956 0.296775 0
5862.879956 0.328606 0
5866.239956 0.296098 0
5869.599956 0.338923 0
5872.959956 0.411050 0
5876.319956 0.429726 0
5879.679955 0.415498 0
5883.039955 0.469753 0
5886.399955 0.484105 0
5889.759955 0.447784 0
5893.119955 0.449735 0
5896.479955 0.435066 0
5899.839955 0.471334 0
5903.199955 0.419834 0
5906.559955 0.367149 0
5909.919954 0.372081 0
5913.279954 0.390509 0
5916.639954 0.414342 0
5919.999954 0.396017 0
5923.359954 0.460785 0
5926.719954 0.458599 0
5930.079954 0.455920 0
5933.439954 0.415477 0
5936.799954 0.458970 0
5940.159954 0.497297 0
5943.519953 0.506611 0
5946.879953 0.506509 0
5950.239953 0.455184 0
5953.599953 0.445720 0
5956.959953 0.434794 0
5960.319953 0.439273 0
5963.679953 0.455766 0
5967.039953 0.435589 0
5970.399953 0.403083 0
5973.759952 0.408342 0
5977.119952 0.412979 0
5980.479952 0.433754 0
5983.839952 0.466485 0
5987.199952 0.450098 0
5990.559952 0.471404 0
5993.919952 0.457344 0
5997.279952 0.438303 0
6000.639952 0.435241 0
6003.999952 0.486248 0
6007.359951 0.477055 0
6010.719951 0.465036 0
6014.079951 0.451447 0
6017.439951 0.494714 0
6020.799951 0.470645 0
6024.159951 0.503911 0
6027.519951 0.529227 0
6030.879951 0.449366 0
6034.239951 0.477298 0
6037.599950 0.491810 0
6040.959950 0.478828 0
6044.319950 0.474338 0
6047.679950 0.496496 0
6051.039950 0.498483 0
6054.399950 0.520276 0
6057.759950 0.541857 0
6061.119950 0.536045 0
6064.479950 0.514107 0
6067.839950 0.451632 0
6071.199949 0.441456 0
6074.559949 0.461956 0
6077.919949 0.481504 0
6081.279949 0.485435 0
6084.639949 0.496682 0
6087.999949 0.493438 0
6091.359949 0.540713 0
6094.719949 0.539154 0
6098.079949 0.562472 0
6101.439948 0.557405 0
6104.799948 0.538424 0
6108.159948 0.532918 0
6111.519948 0.518457 0
6114.879948 0.488927 0
6118.239948 0.532109 0
6121.599948 0.550919 0
6124.959948 0.525587 0
6128.319948 0.532349 0
6131.679948 0.560738 0
6135.039947 0.589202 0
6138.399947 0.548731 0
6141.759947 0.568622 0
6145.119947 0.547198 0
6148.479947 0.545320 0
6151.839947 0.564206 0
6155.199947 0.536256 0
6158.559947 0.520802 0
6161.919947 0.520721 0
6165.279947 0.506152 0
6168.639946 0.486162 0
6171.999946 0.473727 0
6175.359946 0.511840 0
6178.719946 0.507172 0
6182.079946 0.543942 0
6185.439946 0.545685 0
6188.799946 0.525761 0
6192.159946 0.519442 0
6195.519946 0.524019 0
6198.879945 0.530392 0
6202.239945 0.508306 0
6205.599945 0.564932 0
6208.959945 0.554857 0
6212.319945 0.573837 0
6215.679945 0.547856 0
6219.039945 0.535889 0
6222.399945 0.556679 0
6225.759945 0.565197 0
6229.119945 0.568850 0
6232.479944 0.563187 0
6235.839944 0.543369 0
6239.199944 0.523629 0
6242.559944 0.497397 0
6245.919944 0.508183 0
6249.279944 0.539133 0
6252.639944 0.589867 0
6255.999944 0.546914 0
6259.359944 0.524865 0
6262.719943 0.543385 0
6266.079943 0.518849 0
6269.439943 0.538018 0
6272.799943 0.562645 0
6276.159943 0.577035 0
6279.519943 0.560514 0
6282.879943 0.560995 0
6286.239943 0.562944 1
6289.599943 0.561174 1
6292.959943 0.665593 1
6296.319942 0.575356 1
6299.679942 0.579019 1
6303.039942 0.573481 1
6306.399942 0.515353 1
6309.759942 0.532079 1
6313.119942 0.511084 1
6316.479942 0.552818 0
6319.839942 0.543259 0
6323.199942 0.506139 0
6326.559941 0.509161 0
6329.919941 0.540375 0
6333.279941 0.507240 0
6336.639941 0.562627 0
6339.999941 0.565220 0
6343.359941 0.581248 0
6346.719941 0.570121 0
6350.079941 0.548302 0
6353.439941 0.524227 0
6356.799941 0.537277 0
6360.159940 0.467192 0
6363.519940 0.493748 0
6366.879940 0.543814 0
6370.239940 0.510069 0
6373.599940 0.533672 0
6376.959940 0.560915 0
6380.319940 0.578503 0
6383.679940 0.529751 0
6387.039940 0.533210 0
6390.399939 0.600793 0
6393.759939 0.585699 0
6397.119939 0.512224 0
6400.479939 0.548995 0
6403.839939 0.570434 0
6407.199939 0.537424 0
6410.559939 0.539893 0
6413.919939 0.559711 0
6417.279939 0.543130 0
6420.639939 0.571945 0
6423.999938 0.561710 0
6427.359938 0.581641 0
6430.719938 0.614295 0
6434.079938 0.598945 0
6437.439938 0.529621 0
6440.799938 0.553940 0
6444.159938 0.521677 0
6447.519938 0.555174 0
6450.879938 0.608800 0
6454.239937 0.541434 0
6457.599937 0.590030 0
6460.959937 0.598263 0
6464.319937 0.604811 0
6467.679937 0.570772 0
6471.039937 0.617982 0
6474.399937 0.529630 0
6477.759937 0.566604 0
6481.119937 0.577183 0
6484.479937 0.572338 0
6487.839936 0.553553 0
6491.199936 0.569468 0
6494.559936 0.572454 0
6497.919936 0.561166 0
6501.279936 0.626081 0
6504.639936 0.555480 0
6507.999936 0.593432 0
6511.359936 0.571838 0
6514.719936 0.570217 0
6518.079935 0.582165 0
6521.439935 0.599144 0
6524.799935 0.563002 0
6528.159935 0.591150 0
6531.519935 0.622366 0
6534.879935 0.616879 0
6538.239935 0.608724 0
6541.599935 0.576905 0
6544.959935 0.564021 0
6548.319935 0.568474 0
6551.679934 0.500872 0
6555.039934 0.581762 0
6558.399934 0.540895 0
6561.759934 0.629947 0
6565.119934 0.626530 0
6568.479934 0.548644 0
6571.839934 0.543631 0
6575.199934 0.596728 0
6578.559934 0.590090 0
6581.919933 0.582704 0
6585.279933 0.570691 0
6588.639933 0.583441 0
6591.999933 0.586224 0
6595.359933 0.591801 0
6598.719933 0.572216 0
6602.079933 0.584057 0
6605.439933 0.559259 0
6608.799933 0.499759 0
6612.159933 0.506664 0
6615.519932 0.462201 0
6618.879932 0.487100 0
6622.239932 0.495175 0
6625.599932 0.518223 0
6628.959932 0.481832 0
6632.319932 0.494738 0
6635.679932 0.540194 0
6639.039932 0.512906 0
6642.399932 0.568557 0
6645.759932 0.554619 0
6649.119931 0.571530 0
6652.479931 0.541958 0
6655.839931 0.555533 0
6659.199931 0.542067 0
6662.559931 0.587230 0
6665.919931 0.633454 0
6669.279931 0.599120 0
6672.639931 0.631801 0
6675.999931 0.608379 0
6679.359930 0.578903 0
6682.719930 0.636042 0
6686.079930 0.585342 0
6689.439930 0.605782 0
6692.799930 0.598184 0
6696.159930 0.585875 0
6699.519930 0.553640 0
6702.879930 0.533921 0
6706.239930 0.590477 0
6709.599930 0.609497 0
6712.959929 0.594136 0
6716.319929 0.590791 0
6719.679929 0.572700 0
6723.039929 0.603832 0
6726.399929 0.569628 0
6729.759929 0.602238 0
6733.119929 0.599800 0
6736.479929 0.622525 0
6739.839929 0.638476 0
6743.199928 0.659747 0
6746.559928 0.599929 0
6749.919928 0.574915 0
6753.279928 0.572216 0
6756.639928 0.551313 0
6759.999928 0.579704 0
6763.359928 0.561260 0
6766.719928 0.593636 0
6770.079928 0.602113 0
6773.439928 0.608828 0
6776.799927 0.638747 0
6780.159927 0.569264 0
6783.519927 0.551952 0
6786.879927 0.557619 0
6790.239927 0.556818 0
6793.599927 0.534820 0
6796.959927 0.605086 0
6800.319927 0.572053 0
6803.679927 0.579053 0
6807.039926 0.557459 0
6810.399926 0.536464 0
6813.759926 0.572542 0
6817.119926 0.561333 0
6820.479926 0.571419 0
6823.839926 0.597887 0
6827.199926 0.569275 0
6830.559926 0.529021 0
6833.919926 0.519597 0
6837.279926 0.529443 0
6840.639925 0.560232 0
6843.999925 0.518025 0
6847.359925 0.539747 0
6850.719925 0.594559 0
6854.079925 0.593769 0
6857.439925 0.606170 0
6860.799925 0.571813 0
6864.159925 0.493962 0
6867.519925 0.428778 0
6870.879924 0.430135 0
6874.239924 0.469679 0
6877.599924 0.495210 0
6880.959924 0.549690 0
6884.319924 0.533764 0
6887.679924 0.497517 0
6891.039924 0.554851 0
6894.399924 0.543087 0
6897.759924 0.508485 0
6901.119924 0.494263 0
6904.479923 0.495385 0
6907.839923 0.558539 0
6911.199923 0.564566 0
6914.559923 0.558110 0
6917.919923 0.536836 0
6921.279923 0.513768 0
6924.639923 0.550336 0
6927.999923 0.570487 0
6931.359923 0.567389 0
6934.719922 0.563831 0
6938.079922 0.582700 0
6941.439922 0.521311 0
6944.799922 0.551190 0
6948.159922 0.576290 0
6951.519922 0.547537 0
6954.879922 0.522621 0
6958.239922 0.561820 0
6961.599922 0.567285 0
6964.959922 0.583821 0
6968.319921 0.562537 0
6971.679921 0.552003 0
6975.039921 0.522813 0
6978.399921 0.513584 0
6981.759921 0.545716 0
6985.119921 0.537023 0
6988.479921 0.552324 0
6991.839921 0.540144 0
6995.199921 0.559747 0
6998.559920 0.546854 0
7001.919920 0.553789 0
7005.279920 0.553448 0
7008.639920 0.558714 0
7011.999920 0.515648 0
7015.359920 0.561836 0
7018.719920 0.558490 0
7022.079920 0.558402 0
7025.439920 0.540393 0
7028.799920 0.559052 0
7032.159919 0.529866 0
7035.519919 0.487748 0
7038.879919 0.479770 0
7042.239919 0.469961 0
7045.599919 0.472594 0
7048.959919 0.482983 0
7052.319919 0.507407 0
7055.679919 0.513100 0
7059.039919 0.477329 0
7062.399918 0.468758 0
7065.759918 0.525238 0
7069.119918 0.544702 0
7072.479918 0.505591 0
7075.839918 0.531971 0
7079.199918 0.552493 0
7082.559918 0.523797 0
7085.919918 0.503042 0
7089.279918 0.511286 0
7092.639918 0.552652 0
7095.999917 0.553558 0
7099.359917 0.557128 0
7102.719917 0.632274 0
7106.079917 0.621011 0
7109.439917 0.563356 0
7112.799917 0.582322 0
7116.159917 0.609096 0
7119.519917 0.565948 0
7122.879917 0.566387 0
7126.239916 0.586079 0
7129.599916 0.576513 0
7132.959916 0.556250 0
7136.319916 0.576200 0
7139.679916 0.581443 0
7143.039916 0.587961 0
7146.399916 0.594078 0
7149.759916 0.595646 0
7153.119916 0.566579 0
7156.479916 0.589622 0
7159.839915 0.585309 0
7163.199915 0.572133 0
7166.559915 0.529963 0
7169.919915 0.501330 0
7173.279915 0.543498 0
7176.639915 0.502423 0
7179.999915 0.516458 0
7183.359915 0.559855 0
7186.719915 0.559139 0
7190.079915 0.538990 0
7193.439914 0.559839 0
7196.799914 0.610119 0
7200.159914 0.619071 0
7203.519914 0.627159 0
7206.879914 0.619260 0
7210.239914 0.622719 0
7213.599914 0.629915 0
7216.959914 0.633356 0
7220.319914 0.649625 0
7223.679913 0.621155 0
7227.039913 0.623764 0
7230.399913 0.631122 0
7233.759913 0.662507 0
7237.119913 0.658695 0
7240.479913 0.659465 0
7243.839913 0.608050 0
7247.199913 0.618069 0
7250.559913 0.565291 0
7253.919913 0.558599 0
7257.279912 0.585684 0
7260.639912 0.620455 0
7263.999912 0.627318 0
7267.359912 0.621224 0
7270.719912 0.604552 0
7274.079912 0.583871 0
7277.439912 0.682889 0
7280.799912 0.654615 0
7284.159912 0.571456 0
7287.519911 0.623700 0
7290.879911 0.636983 0
7294.239911 0.697473 0
7297.599911 0.644618 0
7300.959911 0.628038 0
7304.319911 0.638483 0
7307.679911 0.615812 0
7311.039911 0.647942 0
7314.399911 0.612653 0
7317.759911 0.650282 0
7321.119910 0.632042 0
7324.479910 0.608193 0
7327.839910 0.617968 0
7331.199910 0.641489 0
7334.559910 0.614825 0
7337.919910 0.624549 0
7341.279910 0.594987 0
7344.639910 0.605625 0
7347.999910 0.569941 0
7351.359909 0.615815 0
7354.719909 0.615578 0
7358.079909 0.573772 0
7361.439909 0.593675 0
7364.799909 0.575755 0
7368.159909 0.569345 0
7371.519909 0.634764 0
7374.879909 0.642966 0
7378.239909 0.612021 0
7381.599909 0.639204 0
7384.959908 0.626709 0
7388.319908 0.625295 0
7391.679908 0.609099 0
7395.039908 0.550666 0
7398.399908 0.576959 0
7401.759908 0.614125 0
7405.119908 0.632707 0
7408.479908 0.666237 0
7411.839908 0.652877 0
7415.199907 0.613989 0
7418.559907 0.594579 0
7421.919907 0.583059 0
7425.279907 0.592760 0
7428.639907 0.607242 0
7431.999907 0.587566 0
7435.359907 0.560017 0
7438.719907 0.600920 0
7442.079907 0.564147 0
7445.439907 0.600933 0
7448.799906 0.579891 0
7452.159906 0.563792 0
7455.519906 0.606031 0
7458.879906 0.618516 0
7462.239906 0.561909 0
7465.599906 0.577795 0
7468.959906 0.610668 0
7472.319906 0.616587 0
7475.679906 0.562251 0
7479.039905 0.593396 0
7482.399905 0.575066 0
7485.759905 0.542888 0
7489.119905 0.588896 0
7492.479905 0.597496 0
7495.839905 0.586568 0
7499.199905 0.594435 0
7502.559905 0.586921 0
7505.919905 0.589505 0
7509.279905 0.588934 0
7512.639904 0.602810 0
7515.999904 0.570598 0
7519.359904 0.563220 0
7522.719904 0.581577 0
7526.079904 0.640557 0
7529.439904 0.571989 0
7532.799904 0.547479 0
7536.159904 0.584982 0
7539.519904 0.604690 0
7542.879903 0.576033 0
7546.239903 0.583987 0
7549.599903 0.673496 0
7552.959903 0.695703 0
7556.319903 0.585733 0
7559.679903 0.622832 0
7563.039903 0.622841 0
7566.399903 0.618449 0
7569.759903 0.624693 0
7573.119903 0.578600 0
7576.479902 0.604804 0
7579.839902 0.570671 0
7583.199902 0.594688 0
7586.559902 0.625056 0
7589.919902 0.606091 0
7593.279902 0.548818 0
7596.639902 0.521387 0
7599.999902 0.443391 0
7603.359902 0.437094 0
7606.719901 0.613830 0
7610.079901 0.636914 0
7613.439901 0.702976 0
7616.799901 0.660448 0
7620.159901 0.634699 0
7623.519901 0.574456 0
7626.879901 0.536618 0
7630.239901 0.597392 0
7633.599901 0.622800 0
7636.959901 0.608769 0
7640.319900 0.627581 0
7643.679900 0.612503 0
7647.039900 0.635170 0
7650.399900 0.595087 0
7653.759900 0.622594 0
7657.119900 0.620456 0
7660.479900 0.563558 0
7663.839900 0.589172 0
7667.199900 0.585126 0
7670.559900 0.532123 0
7673.919899 0.551279 0
7677.279899 0.570706 0
7680.639899 0.539220 0
7683.999899 0.590992 0
7687.359899 0.578647 0
7690.719899 0.558477 0
7694.079899 0.575043 0
7697.439899 0.578277 0
7700.799899 0.580265 0
7704.159898 0.554317 0
7707.519898 0.555030 0
7710.879898 0.546779 0
7714.239898 0.562777 0
7717.599898 0.525990 0
7720.959898 0.583522 0
7724.319898 0.576840 0
7727.679898 0.574768 0
7731.039898 0.615135 0
7734.399898 0.577510 0
7737.759897 0.571415 0
7741.119897 0.602370 0
7744.479897 0.590225 0
7747.839897 0.569829 0
7751.199897 0.577794 0
7754.559897 0.588833 0
7757.919897 0.599140 0
7761.279897 0.586513 0
7764.639897 0.528573 0
7767.999896 0.523470 0
7771.359896 0.498705 0
7774.719896 0.504054 0
7778.079896 0.521626 0
7781.439896 0.587708 0
7784.799896 0.601592 0
7788.159896 0.591448 0
7791.519896 0.618358 0
7794.879896 0.573149 0
7798.239896 0.608682 0
7801.599895 0.572059 0
7804.959895 0.582684 0
7808.319895 0.642570 0
7811.679895 0.636723 0
7815.039895 0.573809 0
7818.399895 0.565517 0
7821.759895 0.694671 0
7825.119895 0.645238 0
7828.479895 0.602917 0
7831.839894 0.583792 0
7835.199894 0.604379 0
7838.559894 0.571572 0
7841.919894 0.577601 0
7845.279894 0.564971 0
7848.639894 0.556299 0
7851.999894 0.647091 0
7855.359894 0.589412 0
7858.719894 0.589552 0
7862.079894 0.553581 0
7865.439893 0.577682 0
7868.799893 0.573778 0
7872.159893 0.612359 0
7875.519893 0.567858 0
7878.879893 0.553197 0
7882.239893 0.561683 0
7885.599893 0.532573 0
7888.959893 0.585236 0
7892.319893 0.623749 0
7895.679892 0.655315 0
7899.039892 0.648176 0
7902.399892 0.585542 0
7905.759892 0.571687 0
7909.119892 0.582874 0
7912.479892 0.549524 0
7915.839892 0.590436 0
7919.199892 0.586414 0
7922.559892 0.597579 0
7925.919892 0.596523 0
7929.279891 0.608409 0
7932.639891 0.577761 0
7935.999891 0.597769 0
7939.359891 0.584809 0
7942.719891 0.627994 0
7946.079891 0.628511 0
7949.439891 0.638611 0
7952.799891 0.611303 0
7956.159891 0.584681 0
7959.519890 0.570159 0
7962.879890 0.635429 0
7966.239890 0.604681 0
7969.599890 0.552181 0
7972.959890 0.587624 0
7976.319890 0.587671 0
7979.679890 0.598537 0
7983.039890 0.560935 0
7986.399890 0.618911 0
7989.759890 0.642422 0
7993.119889 0.605394 0
7996.479889 0.576181 0
7999.839889 0.614825 0
8003.199889 0.604555 0
8006.559889 0.617078 0
8009.919889 0.601528 0
8013.279889 0.508109 0
8016.639889 0.499834 0
8019.999889 0.466040 0
8023.359888 0.431914 0
8026.719888 0.445383 0
8030.079888 0.474227 0
8033.439888 0.526103 0
8036.799888 0.531456 0
8040.159888 0.570086 0
8043.519888 0.566098 0
8046.879888 0.612245 0
8050.239888 0.613759 0
8053.599888 0.569938 0
8056.959887 0.568704 0
8060.319887 0.597328 0
8063.679887 0.577777 0
8067.039887 0.588068 0
8070.399887 0.608832 0
8073.759887 0.616840 0
8077.119887 0.637747 0
8080.479887 0.576280 0
8083.839887 0.617718 0
8087.199886 0.633853 0
8090.559886 0.583157 0
8093.919886 0.617902 0
8097.279886 0.566514 0
8100.639886 0.584406 0
8103.999886 0.577338 0
8107.359886 0.586202 0
8110.719886 0.550834 0
8114.079886 0.583833 0
8117.439886 0.561900 0
8120.799885 0.594414 0
8124.159885 0.621816 0
8127.519885 0.574602 0
8130.879885 0.611321 0
8134.239885 0.616680 0
8137.599885 0.611926 0
8140.959885 0.577936 0
8144.319885 0.587982 0
8147.679885 0.623159 0
8151.039885 0.576210 0
8154.399884 0.578511 0
8157.759884 0.589634 0
8161.119884 0.586904 0
8164.479884 0.571867 0
8167.839884 0.551374 0
8171.199884 0.544348 0
8174.559884 0.546125 0
8177.919884 0.558479 0
8181.279884 0.561814 0
8184.639883 0.569329 0
8187.999883 0.549628 0
8191.359883 0.565637 0
8194.719883 0.555846 0
8198.079883 0.578411 0
8201.439883 0.584764 0
8204.799883 0.564880 0
8208.159883 0.616354 0
8211.519883 0.609477 0
8214.879883 0.581614 0
8218.239882 0.572792 0
8221.599882 0.597054 0
8224.959882 0.611492 0
8228.319882 0.617548 0
8231.679882 0.569098 0
8235.039882 0.584875 0
8238.399882 0.610767 0
8241.759882 0.593001 0
8245.119882 0.621130 0
8248.479881 0.574896 0
8251.839881 0.584245 0
8255.199881 0.623398 0
8258.559881 0.608851 0
8261.919881 0.631759 0
8265.279881 0.615198 0
8268.639881 0.592441 0
8271.999881 0.595396 0
8275.359881 0.560958 0
8278.719881 0.655317 0
8282.079880 0.664360 0
8285.439880 0.561697 0
8288.799880 0.591155 0
8292.159880 0.547379 0
8295.519880 0.581919 0
8298.879880 0.589372 0
8302.239880 0.541412 0
8305.599880 0.602367 0
8308.959880 0.583734 0
8312.319879 0.602094 0
8315.679879 0.560738 0
8319.039879 0.548443 0
8322.399879 0.581686 0
8325.759879 0.598223 0
8329.119879 0.591858 0
8332.479879 0.615842 0
8335.839879 0.596135 0
8339.199879 0.590227 0
8342.559879 0.576286 0
8345.919878 0.532450 0
8349.279878 0.577434 0
8352.639878 0.565453 0
8355.999878 0.531138 0
8359.359878 0.544563 0
8362.719878 0.542637 0
8366.079878 0.559927 0
8369.439878 0.579685 0
8372.799878 0.622550 0
8376.159877 0.545855 0
8379.519877 0.556040 0
8382.879877 0.518270 0
8386.239877 0.534862 0
8389.599877 0.569136 0
8392.959877 0.500317 0
8396.319877 0.527696 0
8399.679877 0.462713 0
8403.039877 0.459247 0
8406.399877 0.537888 0
8409.759876 0.544624 0
8413.119876 0.548040 0
8416.479876 0.584678 0
8419.839876 0.542277 0
8423.199876 0.558421 0
8426.559876 0.555799 0
8429.919876 0.473550 0
8433.279876 0.529733 0
8436.639876 0.566284 0
8439.999875 0.525406 0
8443.359875 0.522509 0
8446.719875 0.561176 0
8450.079875 0.563811 0
8453.439875 0.558417 0
8456.799875 0.495978 0
8460.159875 0.601369 0
8463.519875 0.548620 0
8466.879875 0.538890 0
8470.239875 0.578300 0
8473.599874 0.528261 0
8476.959874 0.509285 0
8480.319874 0.503076 0
8483.679874 0.521839 0
8487.039874 0.530416 0
8490.399874 0.503181 0
8493.759874 0.591958 0
8497.119874 0.537348 0
8500.479874 0.522693 0
8503.839873 0.480522 0
8507.199873 0.519607 0
8510.559873 0.560134 0
8513.919873 0.531298 0
8517.279873 0.480612 0
8520.639873 0.508430 0
8523.999873 0.541484 0
8527.359873 0.494790 0
8530.719873 0.549621 0
8534.079873 0.557132 0
8537.439872 0.543543 0
8540.799872 0.520444 0
8544.159872 0.491976 0
8547.519872 0.539787 0
8550.879872 0.553713 0
8554.239872 0.543717 0
8557.599872 0.557842 0
8560.959872 0.563119 0
8564.319872 0.544848 0
8567.679871 0.565090 0
8571.039871 0.546626 0
8574.399871 0.509681 0
8577.759871 0.548546 0
8581.119871 0.525965 0
8584.479871 0.541673 0
8587.839871 0.543495 0
8591.199871 0.525811 0
8594.559871 0.540213 0
8597.919871 0.565079 0
8601.279870 0.521311 0
8604.639870 0.518446 0
8607.999870 0.549174 0
8611.359870 0.514399 0
8614.719870 0.550425 0
8618.079870 0.592008 0
8621.439870 0.562163 0
8624.799870 0.528345 0
8628.159870 0.552052 0
8631.519870 0.584068 0
8634.879869 0.595750 0
8638.239869 0.637908 0
8641.599869 0.588409 0
8644.959869 0.520616 0
8648.319869 0.530712 0
8651.679869 0.510527 0
8655.039869 0.519658 0
8658.399869 0.479873 0
8661.759869 0.526039 0
8665.119868 0.548702 0
8668.479868 0.568482 0
8671.839868 0.587926 0
8675.199868 0.585087 0
8678.559868 0.593472 0
8681.919868 0.611522 0
8685.279868 0.567856 0
8688.639868 0.586208 0
8691.999868 0.567788 0
8695.359868 0.558899 0
8698.719867 0.563014 0
8702.079867 0.564958 0
8705.439867 0.587085 0
8708.799867 0.579092 0
8712.159867 0.551176 0
8715.519867 0.537062 0
8718.879867 0.571192 0
8722.239867 0.563748 0
8725.599867 0.535329 0
8728.959866 0.550298 0
8732.319866 0.577017 0
8735.679866 0.535050 0
8739.039866 0.557348 0
8742.399866 0.575784 0
8745.759866 0.584525 0
8749.119866 0.569757 0
8752.479866 0.588144 0
8755.839866 0.555123 0
8759.199866 0.500179 0
8762.559865 0.482564 0
8765.919865 0.478949 0
8769.279865 0.549377 0
8772.639865 0.637855 0
8775.999865 0.615210 0
8779.359865 0.500064 0
8782.719865 0.539205 0
8786.079865 0.550719 0
8789.439865 0.571102 0
8792.799864 0.580480 0
8796.159864 0.535540 0
8799.519864 0.581095 0
8802.879864 0.622670 0
8806.239864 0.565824 0
8809.599864 0.599141 1
8812.959864 0.627961 1
8816.319864 0.621558 1
8819.679864 0.515336 1
8823.039864 0.527780 1
8826.399863 0.557258 1
8829.759863 0.696595 1
8833.119863 0.615829 1
8836.479863 0.529936 1
8839.839863 0.482992 1
8843.199863 0.558251 0
8846.559863 0.579168 0
8849.919863 0.552144 0
8853.279863 0.612951 0
8856.639862 0.575141 0
8859.999862 0.566134 0
8863.359862 0.524389 0
8866.719862 0.581874 0
8870.079862 0.625675 0
8873.439862 0.585280 0
8876.799862 0.535351 0
8880.159862 0.585855 0
8883.519862 0.617751 0
8886.879862 0.564450 0
8890.239861 0.590490 0
8893.599861 0.571133 0
8896.959861 0.559354 0
8900.319861 0.607797 0
8903.679861 0.551310 0
8907.039861 0.598290 0
8910.399861 0.599125 0
8913.759861 0.607745 0
8917.119861 0.589526 0
8920.479860 0.453356 0
8923.839860 0.572935 0
8927.199860 0.539159 0
8930.559860 0.586501 0
8933.919860 0.479920 0
8937.279860 0.454556 0
8940.639860 0.527326 0
8943.999860 0.475548 0
8947.359860 0.569201 0
8950.719860 0.631177 0
8954.079859 0.501340 0
8957.439859 0.558253 0
8960.799859 0.584264 0
8964.159859 0.504141 0
8967.519859 0.560276 0
8970.879859 0.584194 0
8974.239859 0.548953 0
8977.599859 0.577897 0
8980.959859 0.542574 0
8984.319858 0.517543 0
8987.679858 0.521514 0
8991.039858 0.571018 0
8994.399858 0.552907 0
8997.759858 0.530214 0
9001.119858 0.459496 0
9004.479858 0.469769 0
9007.839858 0.582838 0
9011.199858 0.580773 0
9014.559858 0.578133 0
9017.919857 0.549775 0
9021.279857 0.542226 0
9024.639857 0.609790 0
9027.999857 0.589701 0
9031.359857 0.509256 0
9034.719857 0.594677 0
9038.079857 0.621788 0
9041.439857 0.604582 0
9044.799857 0.613767 0
9048.159856 0.619144 0
9051.519856 0.619489 0
9054.879856 0.609608 0
9058.239856 0.588754 0
9061.599856 0.582249 0
9064.959856 0.595424 0
9068.319856 0.549025 0
9071.679856 0.535593 0
9075.039856 0.556678 0
9078.399856 0.528913 0
9081.759855 0.526590 0
9085.119855 0.543828 0
9088.479855 0.596733 0
9091.839855 0.658942 0
9095.199855 0.554001 0
9098.559855 0.583356 0
9101.919855 0.567529 0
9105.279855 0.567187 0
9108.639855 0.549961 0
9111.999855 0.534756 0
9115.359854 0.548125 0
9118.719854 0.551124 0
9122.079854 0.540021 0
9125.439854 0.570646 0
9128.799854 0.540506 0
9132.159854 0.591928 0
9135.519854 0.539447 0
9138.879854 0.596881 0
9142.239854 0.584502 0
9145.599853 0.577645 0
9148.959853 0.573697 0
9152.319853 0.541654 0
9155.679853 0.560139 0
9159.039853 0.492131 0
9162.399853 0.572084 0
9165.759853 0.566274 0
9169.119853 0.584230 0
9172.479853 0.556231 0
9175.839853 0.523348 0
9179.199852 0.533068 0
9182.559852 0.549397 0
9185.919852 0.602012 0
9189.279852 0.537828 0
9192.639852 0.582052 0
9195.999852 0.601197 0
9199.359852 0.582476 0
9202.719852 0.551227 0
9206.079852 0.588046 0
9209.439851 0.593371 0
9212.799851 0.542423 0
9216.159851 0.524487 0
9219.519851 0.543567 0
9222.879851 0.614223 0
9226.239851 0.584788 0
9229.599851 0.579064 0
9232.959851 0.572741 0
9236.319851 0.529588 0
9239.679851 0.536888 0
9243.039850 0.550912 0
9246.399850 0.544009 0
9249.759850 0.589748 0
