# obs: 255704
# slit: 15
# z: 0.53435
# lines: [OII],H,H{beta},[OIII]
# spec: 458
5120.830000 0.000000 1
5122.490000 0.000000 1
5124.150000 0.000000 1
5125.810000 0.000000 1
5127.470000 0.000000 1
5129.130000 0.000000 1
5130.790000 0.000000 1
5132.450000 0.000000 1
5134.110000 0.000000 1
5135.770000 0.000000 1
5137.430000 0.000000 1
5139.090000 0.000000 1
5140.750000 0.000000 1
5142.410000 0.000000 1
5144.070000 0.000000 1
5145.730000 0.000000 1
5147.390000 0.000000 1
5149.050000 0.000000 1
5150.710000 0.000000 1
5152.370000 0.000000 1
5154.030000 0.000000 1
5155.690000 0.000000 1
5157.350000 0.000000 1
5159.010000 0.000000 1
5160.670000 0.000000 1
5162.330000 0.000000 1
5163.990000 0.000000 1
5165.650000 0.000000 1
5167.310000 0.000000 1
5168.970000 0.000000 1
5170.630000 0.000000 1
5172.290000 0.000000 1
5173.950000 0.000000 1
5175.610000 0.000000 1
5177.270000 0.000000 1
5178.930000 0.000000 1
5180.590000 0.000000 1
5182.250000 0.000000 1
5183.910000 0.000000 1
5185.570000 0.000000 1
5187.230000 0.008553 0
5188.890000 0.026062 0
5190.550000 0.021673 0
5192.210000 0.025293 0
5193.870000 0.051373 0
5195.530000 0.036632 0
5197.190000 0.022777 0
5198.850000 0.025053 0
5200.510000 0.036953 0
5202.170000 0.037054 0
5203.830000 0.028651 0
5205.490000 0.020467 0
5207.150000 0.021934 0
5208.810000 0.016855 0
5210.470000 0.027933 0
5212.130000 0.030703 0
5213.790000 0.020710 0
5215.450000 0.032827 0
5217.110000 0.027872 0
5218.770000 0.039738 0
5220.430000 0.022152 0
5222.090000 0.034668 0
5223.750000 0.064685 0
5225.410000 0.001179 0
5227.070000 -0.001935 0
5228.730000 0.026135 0
5230.390000 0.039645 0
5232.050000 0.033271 0
5233.710000 0.018349 0
5235.370000 0.037825 0
5237.030000 0.038305 0
5238.690000 0.026110 0
5240.350000 0.009329 0
5242.010000 0.030478 0
5243.670000 0.031789 0
5245.330000 0.053840 0
5246.990000 0.030225 0
5248.650000 0.030108 0
5250.310000 0.029248 0
5251.970000 0.029814 0
5253.630000 0.028839 0
5255.290000 0.022498 0
5256.950000 0.039873 0
5258.610000 0.031590 0
5260.270000 0.029445 0
5261.930000 0.027462 0
5263.590000 0.019574 0
5265.250000 0.018101 0
5266.910000 0.032188 0
5268.570000 0.014928 0
5270.230000 0.032109 0
5271.890000 0.037340 0
5273.550000 0.013997 0
5275.210000 0.012111 0
5276.870000 0.011020 0
5278.530000 0.040019 0
5280.190000 0.033808 0
5281.850000 0.007788 0
5283.510000 0.033209 0
5285.170000 0.049188 0
5286.830000 0.026536 0
5288.490000 0.033949 0
5290.150000 0.034236 0
5291.810000 0.013813 0
5293.470000 0.021900 0
5295.130000 0.027951 0
5296.790000 0.018353 0
5298.450000 0.010017 0
5300.110000 0.020437 0
5301.770000 0.027026 0
5303.430000 0.023280 0
5305.090000 0.004753 0
5306.750000 0.030219 0
5308.410000 0.012027 0
5310.070000 0.014791 0
5311.730000 0.011359 0
5313.390000 0.018034 0
5315.050000 0.034698 0
5316.710000 0.031248 0
5318.370000 0.032615 0
5320.030000 0.017518 0
5321.690000 0.020576 0
5323.350000 0.042362 0
5325.010000 0.026171 0
5326.670000 0.038778 0
5328.330000 0.046515 0
5329.990000 0.027094 0
5331.650000 0.018487 0
5333.310000 0.009106 0
5334.970000 0.029812 0
5336.630000 0.033104 0
5338.290000 0.044349 0
5339.950000 0.012591 0
5341.610000 0.027157 0
5343.270000 0.016903 0
5344.930000 0.021564 0
5346.590000 0.039456 0
5348.250000 0.030445 0
5349.910000 0.025500 0
5351.570000 0.035656 0
5353.230000 0.016232 0
5354.890000 0.027213 0
5356.550000 0.041796 0
5358.210000 0.028241 0
5359.870000 0.013267 0
5361.530000 0.030605 0
5363.190000 0.020238 0
5364.850000 0.048382 0
5366.510000 0.021252 0
5368.170000 0.031059 0
5369.830000 0.007722 0
5371.490000 0.007300 0
5373.150000 0.041827 0
5374.810000 0.034694 0
5376.470000 0.011192 0
5378.130000 0.018753 0
5379.790000 0.027270 0
5381.450000 0.021141 0
5383.110000 0.015204 0
5384.770000 0.015695 0
5386.430000 0.004000 0
5388.090000 0.020110 0
5389.750000 0.039635 0
5391.410000 0.019869 0
5393.070000 0.028065 0
5394.730000 0.037542 0
5396.390000 0.018739 0
5398.050000 0.019204 0
5399.710000 0.041243 0
5401.370000 0.030684 0
5403.030000 0.019314 0
5404.690000 0.034520 0
5406.350000 0.029516 0
5408.010000 0.008894 0
5409.670000 0.021329 0
5411.330000 0.016866 0
5412.990000 0.011831 0
5414.650000 0.030755 0
5416.310000 0.039155 0
5417.970000 0.020963 0
5419.630000 0.017637 0
5421.290000 0.034941 0
5422.950000 0.017865 0
5424.610000 0.026513 0
5426.270000 0.014386 0
5427.930000 0.020046 0
5429.590000 0.022406 0
5431.250000 0.036895 0
5432.910000 0.050216 0
5434.570000 0.031787 0
5436.230000 0.040401 0
5437.890000 0.028678 0
5439.550000 0.048480 0
5441.210000 0.036853 0
5442.870000 0.018037 0
5444.530000 0.034862 0
5446.190000 0.036956 0
5447.850000 0.027115 0
5449.510000 0.020256 0
5451.170000 0.036058 0
5452.830000 0.059563 0
5454.490000 0.029554 0
5456.150000 0.033642 0
5457.810000 0.045409 0
5459.470000 0.017060 0
5461.130000 0.020541 0
5462.790000 0.037154 0
5464.450000 0.035941 0
5466.110000 0.016225 0
5467.770000 0.009950 0
5469.430000 0.047664 0
5471.090000 0.020719 0
5472.750000 0.025256 0
5474.410000 0.028757 0
5476.070000 0.028043 0
5477.730000 0.039504 0
5479.390000 0.035030 0
5481.050000 0.009338 0
5482.710000 0.030487 0
5484.370000 0.023861 0
5486.030000 0.012156 0
5487.690000 0.044562 0
5489.350000 0.037418 0
5491.010000 0.024335 0
5492.670000 0.033971 0
5494.330000 0.027585 0
5495.990000 0.023729 0
5497.650000 0.039991 0
5499.310000 0.038572 0
5500.970000 0.012774 0
5502.630000 0.013154 0
5504.290000 -0.004983 0
5505.950000 0.022255 0
5507.610000 0.053594 0
5509.270000 0.025727 0
5510.930000 0.033745 0
5512.590000 0.036552 0
5514.250000 0.011446 0
5515.910000 0.026095 0
5517.570000 0.015569 0
5519.230000 0.020671 0
5520.890000 0.033753 0
5522.550000 0.038064 0
5524.210000 0.018846 0
5525.870000 0.018270 0
5527.530000 0.021764 0
5529.190000 0.026865 0
5530.850000 0.008748 0
5532.510000 0.014607 0
5534.170000 0.036142 0
5535.830000 0.011255 0
5537.490000 0.026560 0
5539.150000 0.046344 0
5540.810000 0.028695 0
5542.470000 0.044069 0
5544.130000 0.047882 0
5545.790000 0.027277 0
5547.450000 0.033443 0
5549.110000 0.028783 0
5550.770000 0.009215 0
5552.430000 0.018318 0
5554.090000 0.028844 0
5555.750000 0.025550 0
5557.410000 0.026043 0
5559.070000 0.038825 0
5560.730000 0.033942 0
5562.390000 0.018494 0
5564.050000 0.029878 0
5565.710000 0.035819 0
5567.370000 0.022632 0
5569.030000 0.044516 0
5570.690000 0.026234 0
5572.350000 0.028640 1
5574.010000 -0.085049 1
5575.670000 -0.034566 1
5577.330000 0.060338 1
5578.990000 -0.054869 1
5580.650000 0.029704 1
5582.310000 -0.027431 1
5583.970000 0.031927 1
5585.630000 0.036764 0
5587.290000 0.009627 0
5588.950000 0.025523 0
5590.610000 0.045458 0
5592.270000 0.016485 0
5593.930000 0.032484 0
5595.590000 0.017105 0
5597.250000 0.024404 0
5598.910000 0.028540 0
5600.570000 0.021400 0
5602.230000 0.025096 0
5603.890000 0.041801 0
5605.550000 0.044116 0
5607.210000 0.030714 0
5608.870000 0.023734 0
5610.530000 0.022383 0
5612.190000 0.044636 0
5613.850000 0.044215 0
5615.510000 0.046736 0
5617.170000 0.052396 0
5618.830000 0.015050 0
5620.490000 0.017088 0
5622.150000 0.021854 0
5623.810000 0.038251 0
5625.470000 0.047140 0
5627.130000 0.025404 0
5628.790000 0.023158 0
5630.450000 0.017949 0
5632.110000 0.014818 0
5633.770000 0.036608 0
5635.430000 0.023594 0
5637.090000 0.042483 0
5638.750000 0.038500 0
5640.410000 0.048908 0
5642.070000 0.020657 0
5643.730000 0.020338 0
5645.390000 0.035220 0
5647.050000 0.030054 0
5648.710000 0.032431 0
5650.370000 0.018369 0
5652.030000 0.027176 0
5653.690000 0.020949 0
5655.350000 0.026609 0
5657.010000 0.040584 0
5658.670000 0.040155 0
5660.330000 0.034161 0
5661.990000 0.036011 0
5663.650000 0.022560 0
5665.310000 0.028844 0
5666.970000 0.039362 0
5668.630000 0.027141 0
5670.290000 0.021855 0
5671.950000 0.018125 0
5673.610000 0.019237 0
5675.270000 0.044105 0
5676.930000 0.030896 0
5678.590000 0.026469 0
5680.250000 0.049098 0
5681.910000 0.032803 0
5683.570000 0.021372 0
5685.230000 0.031985 0
5686.890000 0.014582 0
5688.550000 0.028614 0
5690.210000 0.032438 0
5691.870000 0.031869 0
5693.530000 0.029333 0
5695.190000 0.015091 0
5696.850000 0.047249 0
5698.510000 0.036516 0
5700.170000 0.020889 0
5701.830000 0.014128 0
5703.490000 0.005325 0
5705.150000 0.033733 0
5706.810000 0.051248 0
5708.470000 0.029674 0
5710.130000 0.012288 0
5711.790000 0.023916 0
5713.450000 0.063442 0
5715.110000 0.075492 0
5716.770000 0.108436 0
5718.430000 0.124033 0
5720.090000 0.114415 0
5721.750000 0.117291 0
5723.410000 0.110911 0
5725.070000 0.107112 0
5726.730000 0.053631 0
5728.390000 0.010524 0
5730.050000 0.025927 0
5731.710000 0.040649 0
5733.370000 0.015317 0
5735.030000 0.026139 0
5736.690000 0.020112 0
5738.350000 0.030233 0
5740.010000 0.046133 0
5741.670000 0.027541 0
5743.330000 0.035319 0
5744.990000 0.042404 0
5746.650000 0.032164 0
5748.310000 0.020338 0
5749.970000 0.034432 0
5751.630000 0.042371 0
5753.290000 0.018384 0
5754.950000 0.004684 0
5756.610000 0.037186 0
5758.270000 0.044555 0
5759.930000 0.019510 0
5761.590000 0.029206 0
5763.250000 0.037765 0
5764.910000 0.048549 0
5766.570000 0.046542 0
5768.230000 0.048521 0
5769.890000 0.019924 0
5771.550000 0.031275 0
5773.210000 0.039020 0
5774.870000 0.034691 0
5776.530000 0.031011 0
5778.190000 0.030466 0
5779.850000 0.037986 0
5781.510000 0.035349 0
5783.170000 0.029691 0
5784.830000 0.014876 0
5786.490000 0.036618 0
5788.150000 0.038635 0
5789.810000 0.033628 0
5791.470000 0.029314 0
5793.130000 0.014987 0
5794.790000 0.018636 0
5796.450000 0.019737 0
5798.110000 0.041601 0
5799.770000 0.047914 0
5801.430000 0.034156 0
5803.090000 0.021736 0
5804.750000 0.030479 0
5806.410000 0.034522 0
5808.070000 0.050766 0
5809.730000 0.043993 0
5811.390000 0.039100 0
5813.050000 0.047337 0
5814.710000 0.043148 0
5816.370000 0.039094 0
5818.030000 0.031283 0
5819.690000 0.045127 0
5821.350000 0.043329 0
5823.010000 0.045170 0
5824.670000 0.037987 0
5826.330000 0.033438 0
5827.990000 0.027066 0
5829.650000 0.020611 0
5831.310000 0.034667 0
5832.970000 0.018857 0
5834.630000 0.028124 0
5836.290000 0.048367 0
5837.950000 0.037711 0
5839.610000 0.033944 0
5841.270000 0.033941 0
5842.930000 0.053328 0
5844.590000 0.032801 0
5846.250000 0.046996 0
5847.910000 0.025476 0
5849.570000 0.025598 0
5851.230000 0.040495 0
5852.890000 0.041419 0
5854.550000 0.041547 0
5856.210000 0.043071 0
5857.870000 0.048436 0
5859.530000 0.046898 0
5861.190000 0.061766 0
5862.850000 0.039637 0
5864.510000 0.026840 0
5866.170000 0.031144 0
5867.830000 0.038407 0
5869.490000 0.063462 0
5871.150000 0.049868 0
5872.810000 0.038790 0
5874.470000 0.052503 0
5876.130000 0.051461 0
5877.790000 0.046267 0
5879.450000 0.039748 0
5881.110000 0.023158 0
5882.770000 0.027823 0
5884.430000 0.013456 0
5886.090000 0.030365 0
5887.750000 0.043011 0
5889.410000 0.011027 0
5891.070000 0.009315 0
5892.730000 0.024771 0
5894.390000 0.034333 0
5896.050000 0.055272 0
5897.710000 0.032879 0
5899.370000 0.047934 0
5901.030000 0.039075 0
5902.690000 0.033716 0
5904.350000 0.023106 0
5906.010000 0.025397 0
5907.670000 0.037139 0
5909.330000 0.043433 0
5910.990000 0.042629 0
5912.650000 0.038426 0
5914.310000 0.027407 0
5915.970000 0.051826 0
5917.630000 0.062471 0
5919.290000 0.036779 0
5920.950000 0.044263 0
5922.610000 0.042025 0
5924.270000 0.047137 0
5925.930000 0.037938 0
5927.590000 0.037967 0
5929.250000 0.030550 0
5930.910000 0.040701 0
5932.570000 0.052857 0
5934.230000 0.042561 0
5935.890000 0.056468 0
5937.550000 0.046277 0
5939.210000 0.030429 0
5940.870000 0.046797 0
5942.530000 0.048907 0
5944.190000 0.033107 0
5945.850000 0.044038 0
5947.510000 0.046488 0
5949.170000 0.052843 0
5950.830000 0.034543 0
5952.490000 0.057388 0
5954.150000 0.042242 0
5955.810000 0.019351 0
5957.470000 0.026644 0
5959.130000 0.015558 0
5960.790000 0.023199 0
5962.450000 0.029030 0
5964.110000 0.023204 0
5965.770000 0.038139 0
5967.430000 0.039842 0
5969.090000 0.037341 0
5970.750000 0.029779 0
5972.410000 0.023733 0
5974.070000 0.031502 0
5975.730000 0.042752 0
5977.390000 0.027373 0
5979.050000 0.037162 0
5980.710000 0.047545 0
5982.370000 0.038310 0
5984.030000 0.036757 0
5985.690000 0.050600 0
5987.350000 0.055397 0
5989.010000 0.046493 0
5990.670000 0.049530 0
5992.330000 0.038685 0
5993.990000 0.038803 0
5995.650000 0.052916 0
5997.310000 0.047260 0
5998.970000 0.053302 0
6000.630000 0.066754 0
6002.290000 0.051419 0
6003.950000 0.032095 0
6005.610000 0.052661 0
6007.270000 0.048216 0
6008.930000 0.045774 0
6010.590000 0.041977 0
6012.250000 0.046044 0
6013.910000 0.067262 0
6015.570000 0.060261 0
6017.230000 0.040524 0
6018.890000 0.062144 0
6020.550000 0.052355 0
6022.210000 0.044001 0
6023.870000 0.047454 0
6025.530000 0.043386 0
6027.190000 0.033137 0
6028.850000 0.041760 0
6030.510000 0.040823 0
6032.170000 0.047738 0
6033.830000 0.032414 0
6035.490000 0.028600 0
6037.150000 0.032049 0
6038.810000 0.026265 0
6040.470000 0.025077 0
6042.130000 0.038017 0
6043.790000 0.048236 0
6045.450000 0.040702 0
6047.110000 0.045783 0
6048.770000 0.045707 0
6050.430000 0.041834 0
6052.090000 0.048345 0
6053.750000 0.043154 0
6055.410000 0.026442 0
6057.070000 0.033673 0
6058.730000 0.041762 0
6060.390000 0.047469 0
6062.050000 0.045291 0
6063.710000 0.046139 0
6065.370000 0.041905 0
6067.030000 0.051078 0
6068.690000 0.044690 0
6070.350000 0.036421 0
6072.010000 0.045612 0
6073.670000 0.037236 0
6075.330000 0.060036 0
6076.990000 0.044246 0
6078.650000 0.034905 0
6080.310000 0.034573 0
6081.970000 0.036861 0
6083.630000 0.011741 0
6085.290000 0.025887 0
6086.950000 0.019309 0
6088.610000 0.025217 0
6090.270000 0.018416 0
6091.930000 0.018631 0
6093.590000 0.032235 0
6095.250000 0.025108 0
6096.910000 0.028130 0
6098.570000 0.025608 0
6100.230000 0.034153 0
6101.890000 0.019203 0
6103.550000 0.027482 0
6105.210000 0.034794 0
6106.870000 0.051082 0
6108.530000 0.059063 0
6110.190000 0.040819 0
6111.850000 0.038562 0
6113.510000 0.044364 0
6115.170000 0.040091 0
6116.830000 0.040631 0
6118.490000 0.054949 0
6120.150000 0.037997 0
6121.810000 0.041234 0
6123.470000 0.049648 0
6125.130000 0.048266 0
6126.790000 0.044466 0
6128.450000 0.058091 0
6130.110000 0.049769 0
6131.770000 0.048278 0
6133.430000 0.058219 0
6135.090000 0.029657 0
6136.750000 0.044941 0
6138.410000 0.065276 0
6140.070000 0.059523 0
6141.730000 0.036378 0
6143.390000 0.045624 0
6145.050000 0.041023 0
6146.710000 0.048829 0
6148.370000 0.051224 0
6150.030000 0.042781 0
6151.690000 0.048084 0
6153.350000 0.051564 0
6155.010000 0.047474 0
6156.670000 0.041849 0
6158.330000 0.041863 0
6159.990000 0.047818 0
6161.650000 0.040360 0
6163.310000 0.045533 0
6164.970000 0.058780 0
6166.630000 0.046570 0
6168.290000 0.052878 0
6169.950000 0.054131 0
6171.610000 0.054051 0
6173.270000 0.054630 0
6174.930000 0.048668 0
6176.590000 0.034960 0
6178.250000 0.047284 0
6179.910000 0.040696 0
6181.570000 0.037103 0
6183.230000 0.058939 0
6184.890000 0.047276 0
6186.550000 0.039246 0
6188.210000 0.040877 0
6189.870000 0.034234 0
6191.530000 0.052809 0
6193.190000 0.045414 0
6194.850000 0.059377 0
6196.510000 0.064779 0
6198.170000 0.035310 0
6199.830000 0.053228 0
6201.490000 0.048937 0
6203.150000 0.049959 0
6204.810000 0.060861 0
6206.470000 0.045125 0
6208.130000 0.057026 0
6209.790000 0.053165 0
6211.450000 0.046067 0
6213.110000 0.046777 0
6214.770000 0.045660 0
6216.430000 0.042208 0
6218.090000 0.034072 0
6219.750000 0.049995 0
6221.410000 0.058511 0
6223.070000 0.054701 0
6224.730000 0.060143 0
6226.390000 0.045905 0
6228.050000 0.045264 0
6229.710000 0.053303 0
6231.370000 0.044827 0
6233.030000 0.056815 0
6234.690000 0.052339 0
6236.350000 0.046242 0
6238.010000 0.049440 0
6239.670000 0.054003 0
6241.330000 0.042993 0
6242.990000 0.038742 0
6244.650000 0.054172 0
6246.310000 0.044188 0
6247.970000 0.039815 0
6249.630000 0.040564 0
6251.290000 0.049342 0
6252.950000 0.050903 0
6254.610000 0.043956 0
6256.270000 0.040053 0
6257.930000 0.037123 0
6259.590000 0.037666 0
6261.250000 0.051862 0
6262.910000 0.049456 0
6264.570000 0.055221 0
6266.230000 0.052426 0
6267.890000 0.032079 0
6269.550000 0.038527 0
6271.210000 0.044367 0
6272.870000 0.034088 0
6274.530000 0.055346 0
6276.190000 0.059235 0
6277.850000 0.037199 0
6279.510000 0.030652 0
6281.170000 0.034923 0
6282.830000 0.037179 0
6284.490000 0.029458 0
6286.150000 0.022816 0
6287.810000 0.029083 0
6289.470000 0.039308 0
6291.130000 0.047493 1
6292.790000 0.049621 1
6294.450000 0.051517 1
6296.110000 0.003472 1
6297.770000 -0.182232 1
6299.430000 0.154457 1
6301.090000 0.118283 1
6302.750000 -0.020361 1
6304.410000 0.179369 1
6306.070000 0.041573 1
6307.730000 0.036233 1
6309.390000 0.025161 1
6311.050000 0.046410 1
6312.710000 0.050976 0
6314.370000 0.041433 0
6316.030000 0.052013 0
6317.690000 0.034027 0
6319.350000 0.038684 0
6321.010000 0.031206 0
6322.670000 0.041268 0
6324.330000 0.043691 0
6325.990000 0.046341 0
6327.650000 0.040766 0
6329.310000 0.023059 0
6330.970000 0.049521 0
6332.630000 0.051795 0
6334.290000 0.041321 0
6335.950000 0.056910 0
6337.610000 0.048496 0
6339.270000 0.052153 0
6340.930000 0.057733 0
6342.590000 0.045468 0
6344.250000 0.036958 0
6345.910000 0.042053 0
6347.570000 0.041923 0
6349.230000 0.040254 0
6350.890000 0.046371 0
6352.550000 0.053039 0
6354.210000 0.042393 0
6355.870000 0.047480 0
6357.530000 0.040962 1
6359.190000 0.041175 1
6360.850000 -0.020485 1
6362.510000 0.033510 1
6364.170000 0.065727 1
6365.830000 0.042339 1
6367.490000 0.100227 1
6369.150000 0.034151 1
6370.810000 0.041606 0
6372.470000 0.053071 0
6374.130000 0.048129 0
6375.790000 0.059000 0
6377.450000 0.061371 0
6379.110000 0.045991 0
6380.770000 0.051576 0
6382.430000 0.056804 0
6384.090000 0.055268 0
6385.750000 0.048125 0
6387.410000 0.047813 0
6389.070000 0.051703 0
6390.730000 0.059099 0
6392.390000 0.042154 0
6394.050000 0.064991 0
6395.710000 0.051673 0
6397.370000 0.051526 0
6399.030000 0.049585 0
6400.690000 0.049643 0
6402.350000 0.039160 0
6404.010000 0.043080 0
6405.670000 0.034786 0
6407.330000 0.036856 0
6408.990000 0.052190 0
6410.650000 0.050205 0
6412.310000 0.062965 0
6413.970000 0.056826 0
6415.630000 0.056304 0
6417.290000 0.040450 0
6418.950000 0.047858 0
6420.610000 0.043767 0
6422.270000 0.060684 0
6423.930000 0.061433 0
6425.590000 0.040051 0
6427.250000 0.035708 0
6428.910000 0.029364 0
6430.570000 0.043414 0
6432.230000 0.058028 0
6433.890000 0.052674 0
6435.550000 0.039912 0
6437.210000 0.036749 0
6438.870000 0.040032 0
6440.530000 0.039134 0
6442.190000 0.036134 0
6443.850000 0.041023 0
6445.510000 0.030435 0
6447.170000 0.035815 0
6448.830000 0.043258 0
6450.490000 0.051023 0
6452.150000 0.053724 0
6453.810000 0.051071 0
6455.470000 0.053536 0
6457.130000 0.052856 0
6458.790000 0.035068 0
6460.450000 0.046932 0
6462.110000 0.048262 0
6463.770000 0.034233 0
6465.430000 0.057685 0
6467.090000 0.029944 0
6468.750000 0.056207 0
6470.410000 0.025286 0
6472.070000 0.030951 0
6473.730000 0.051342 0
6475.390000 0.059368 0
6477.050000 0.052430 0
6478.710000 0.058023 0
6480.370000 0.051457 0
6482.030000 0.050765 0
6483.690000 0.044547 0
6485.350000 0.034751 0
6487.010000 0.039868 0
6488.670000 0.059687 0
6490.330000 0.039599 0
6491.990000 0.040161 0
6493.650000 0.051348 0
6495.310000 0.045679 0
6496.970000 0.033061 0
6498.630000 0.050102 0
6500.290000 0.053283 0
6501.950000 0.045798 0
6503.610000 0.052271 0
6505.270000 0.048609 0
6506.930000 0.054250 0
6508.590000 0.051828 0
6510.250000 0.042354 0
6511.910000 0.048560 0
6513.570000 0.048025 0
6515.230000 0.035741 0
6516.890000 0.041534 0
6518.550000 0.041164 0
6520.210000 0.057556 0
6521.870000 0.054051 0
6523.530000 0.048758 0
6525.190000 0.057054 0
6526.850000 0.061754 0
6528.510000 0.057564 0
6530.170000 0.045990 0
6531.830000 0.048240 0
6533.490000 0.033925 0
6535.150000 0.037938 0
6536.810000 0.056973 0
6538.470000 0.032497 0
6540.130000 0.045773 0
6541.790000 0.040365 0
6543.450000 0.049051 0
6545.110000 0.043470 0
6546.770000 0.056411 0
6548.430000 0.042208 0
6550.090000 0.036407 0
6551.750000 0.042637 0
6553.410000 0.023338 0
6555.070000 0.037693 0
6556.730000 0.042115 0
6558.390000 0.043117 0
6560.050000 0.030692 0
6561.710000 0.037233 0
6563.370000 0.032899 0
6565.030000 0.043846 0
6566.690000 0.056529 0
6568.350000 0.042910 0
6570.010000 0.044620 0
6571.670000 0.051710 0
6573.330000 0.038168 0
6574.990000 0.048581 0
6576.650000 0.035184 0
6578.310000 0.049601 0
6579.970000 0.028849 0
6581.630000 0.045155 0
6583.290000 0.052263 0
6584.950000 0.041118 0
6586.610000 0.045174 0
6588.270000 0.042775 0
6589.930000 0.045461 0
6591.590000 0.041121 0
6593.250000 0.056005 0
6594.910000 0.057850 0
6596.570000 0.045406 0
6598.230000 0.041572 0
6599.890000 0.051917 0
6601.550000 0.036513 0
6603.210000 0.035659 0
6604.870000 0.049508 0
6606.530000 0.043610 0
6608.190000 0.043154 0
6609.850000 0.044454 0
6611.510000 0.049570 0
6613.170000 0.051903 0
6614.830000 0.052569 0
6616.490000 0.053227 0
6618.150000 0.041914 0
6619.810000 0.034802 0
6621.470000 0.040844 0
6623.130000 0.057614 0
6624.790000 0.055643 0
6626.450000 0.052858 0
6628.110000 0.053581 0
6629.770000 0.047395 0
6631.430000 0.050230 0
6633.090000 0.038355 0
6634.750000 0.032895 0
6636.410000 0.047833 0
6638.070000 0.040054 0
6639.730000 0.031610 0
6641.390000 0.052714 0
6643.050000 0.051608 0
6644.710000 0.036760 0
6646.370000 0.052102 0
6648.030000 0.035887 0
6649.690000 0.038788 0
6651.350000 0.034645 0
6653.010000 0.032080 0
6654.670000 0.047035 0
6656.330000 0.040401 0
6657.990000 0.065778 0
6659.650000 0.053595 0
6661.310000 0.029222 0
6662.970000 0.047355 0
6664.630000 0.054131 0
6666.290000 0.044697 0
6667.950000 0.036225 0
6669.610000 0.036842 0
6671.270000 0.030311 0
6672.930000 0.039813 0
6674.590000 0.038675 0
6676.250000 0.039397 0
6677.910000 0.053780 0
6679.570000 0.055238 0
6681.230000 0.046593 0
6682.890000 0.049768 0
6684.550000 0.037684 0
6686.210000 0.061688 0
6687.870000 0.045140 0
6689.530000 0.039200 0
6691.190000 0.038999 0
6692.850000 0.040001 0
6694.510000 0.052479 0
6696.170000 0.058596 0
6697.830000 0.057661 0
6699.490000 0.047052 0
6701.150000 0.049894 0
6702.810000 0.053709 0
6704.470000 0.054706 0
6706.130000 0.041065 0
6707.790000 0.047989 0
6709.450000 0.047291 0
6711.110000 0.046136 0
6712.770000 0.048202 0
6714.430000 0.045944 0
6716.090000 0.053331 0
6717.750000 0.041869 0
6719.410000 0.038486 0
6721.070000 0.050688 0
6722.730000 0.052812 0
6724.390000 0.046193 0
6726.050000 0.038965 0
6727.710000 0.037701 0
6729.370000 0.042594 0
6731.030000 0.032890 0
6732.690000 0.039095 0
6734.350000 0.047546 0
6736.010000 0.051641 0
6737.670000 0.048187 0
6739.330000 0.049221 0
6740.990000 0.046633 0
6742.650000 0.047060 0
6744.310000 0.048444 0
6745.970000 0.060660 0
6747.630000 0.050803 0
6749.290000 0.049550 0
6750.950000 0.057606 0
6752.610000 0.047169 0
6754.270000 0.046970 0
6755.930000 0.060766 0
6757.590000 0.048614 0
6759.250000 0.050282 0
6760.910000 0.058741 0
6762.570000 0.051562 0
6764.230000 0.051112 0
6765.890000 0.049719 0
6767.550000 0.045086 0
6769.210000 0.045967 0
6770.870000 0.043730 0
6772.530000 0.051301 0
6774.190000 0.059877 0
6775.850000 0.049935 0
6777.510000 0.049135 0
6779.170000 0.045369 0
6780.830000 0.054129 0
6782.490000 0.049598 0
6784.150000 0.039686 0
6785.810000 0.055932 0
6787.470000 0.053986 0
6789.130000 0.055231 0
6790.790000 0.042191 0
6792.450000 0.050464 0
6794.110000 0.053841 0
6795.770000 0.044013 0
6797.430000 0.055951 0
6799.090000 0.046547 0
6800.750000 0.051623 0
6802.410000 0.057914 0
6804.070000 0.042698 0
6805.730000 0.048107 0
6807.390000 0.055738 0
6809.050000 0.045473 0
6810.710000 0.065449 0
6812.370000 0.045925 0
6814.030000 0.043289 0
6815.690000 0.039680 0
6817.350000 0.053317 0
6819.010000 0.040837 0
6820.670000 0.039541 0
6822.330000 0.059137 0
6823.990000 0.043486 0
6825.650000 0.030206 0
6827.310000 0.058587 0
6828.970000 0.062521 0
6830.630000 0.052994 0
6832.290000 0.025932 0
6833.950000 0.041616 0
6835.610000 0.057775 0
6837.270000 0.065555 0
6838.930000 0.045875 0
6840.590000 0.034917 0
6842.250000 0.049640 0
6843.910000 0.043814 0
6845.570000 0.039458 0
6847.230000 0.048758 0
6848.890000 0.047143 0
6850.550000 0.042693 0
6852.210000 0.043825 0
6853.870000 0.042657 0
6855.530000 0.057990 0
6857.190000 0.054554 0
6858.850000 0.044113 0
6860.510000 0.050404 0
6862.170000 0.072018 0
6863.830000 0.056913 0
6865.490000 0.025852 0
6867.150000 0.025150 0
6868.810000 0.034634 0
6870.470000 0.039549 0
6872.130000 0.039133 0
6873.790000 0.047473 0
6875.450000 0.036276 0
6877.110000 0.040055 0
6878.770000 0.036123 0
6880.430000 0.029301 0
6882.090000 0.036062 0
6883.750000 0.054074 0
6885.410000 0.047213 0
6887.070000 0.037173 0
6888.730000 0.030227 0
6890.390000 0.033374 0
6892.050000 0.053235 0
6893.710000 0.049604 0
6895.370000 0.034060 0
6897.030000 0.041789 0
6898.690000 0.048050 0
6900.350000 0.045056 0
6902.010000 0.042862 0
6903.670000 0.036417 0
6905.330000 0.056731 0
6906.990000 0.050537 0
6908.650000 0.053943 0
6910.310000 0.060605 0
6911.970000 0.051180 0
6913.630000 0.040716 0
6915.290000 0.043203 0
6916.950000 0.045288 0
6918.610000 0.051755 0
6920.270000 0.056916 0
6921.930000 0.061016 0
6923.590000 0.042901 0
6925.250000 0.026832 0
6926.910000 0.052153 0
6928.570000 0.035508 0
6930.230000 0.047378 0
6931.890000 0.057451 0
6933.550000 0.043442 0
6935.210000 0.044272 0
6936.870000 0.051602 0
6938.530000 0.037761 0
6940.190000 0.047788 0
6941.850000 0.043382 0
6943.510000 0.037333 0
6945.170000 0.042382 0
6946.830000 0.059156 0
6948.490000 0.047562 0
6950.150000 0.053255 0
6951.810000 0.055823 0
6953.470000 0.050096 0
6955.130000 0.048914 0
6956.790000 0.050949 0
6958.450000 0.049569 0
6960.110000 0.044779 0
6961.770000 0.043364 0
6963.430000 0.043989 0
6965.090000 0.042137 0
6966.750000 0.058820 0
6968.410000 0.041075 0
6970.070000 0.052870 0
6971.730000 0.046214 0
6973.390000 0.043664 0
6975.050000 0.052774 0
6976.710000 0.042468 0
6978.370000 0.042849 0
6980.030000 0.048980 0
6981.690000 0.028899 0
6983.350000 0.046733 0
6985.010000 0.045318 0
6986.670000 0.051181 0
6988.330000 0.047703 0
6989.990000 0.033075 0
6991.650000 0.039239 0
6993.310000 0.046097 0
6994.970000 0.041301 0
6996.630000 0.038649 0
6998.290000 0.043037 0
6999.950000 0.053597 0
7001.610000 0.044010 0
7003.270000 0.054911 0
7004.930000 0.058252 0
7006.590000 0.057925 0
7008.250000 0.061279 0
7009.910000 0.042033 0
7011.570000 0.048841 0
7013.230000 0.060415 0
7014.890000 0.052064 0
7016.550000 0.059028 0
7018.210000 0.044427 0
7019.870000 0.053049 0
7021.530000 0.047542 0
7023.190000 0.046489 0
7024.850000 0.041458 0
7026.510000 0.045479 0
7028.170000 0.048143 0
7029.830000 0.055015 0
7031.490000 0.059363 0
7033.150000 0.055744 0
7034.810000 0.040522 0
7036.470000 0.037869 0
7038.130000 0.049227 0
7039.790000 0.049938 0
7041.450000 0.037374 0
7043.110000 0.050075 0
7044.770000 0.048598 0
7046.430000 0.040690 0
7048.090000 0.044969 0
7049.750000 0.045718 0
7051.410000 0.059192 0
7053.070000 0.045523 0
7054.730000 0.046837 0
7056.390000 0.048428 0
7058.050000 0.046987 0
7059.710000 0.044291 0
7061.370000 0.041915 0
7063.030000 0.047068 0
7064.690000 0.041698 0
7066.350000 0.039109 0
7068.010000 0.043246 0
7069.670000 0.041340 0
7071.330000 0.041256 0
7072.990000 0.051702 0
7074.650000 0.043607 0
7076.310000 0.043996 0
7077.970000 0.044139 0
7079.630000 0.052373 0
7081.290000 0.051258 0
7082.950000 0.065056 0
7084.610000 0.050673 0
7086.270000 0.033361 0
7087.930000 0.056091 0
7089.590000 0.060333 0
7091.250000 0.023649 0
7092.910000 0.045265 0
7094.570000 0.048085 0
7096.230000 0.047467 0
7097.890000 0.055362 0
7099.550000 0.054647 0
7101.210000 0.055107 0
7102.870000 0.052822 0
7104.530000 0.054840 0
7106.190000 0.051105 0
7107.850000 0.040095 0
7109.510000 0.043253 0
7111.170000 0.040243 0
7112.830000 0.042396 0
7114.490000 0.040767 0
7116.150000 0.044303 0
7117.810000 0.048691 0
7119.470000 0.050304 0
7121.130000 0.050398 0
7122.790000 0.050233 0
7124.450000 0.046820 0
7126.110000 0.061297 0
7127.770000 0.055265 0
7129.430000 0.040759 0
7131.090000 0.041465 0
7132.750000 0.042660 0
7134.410000 0.048304 0
7136.070000 0.045238 0
7137.730000 0.045562 0
7139.390000 0.048139 0
7141.050000 0.055804 0
7142.710000 0.055507 0
7144.370000 0.040412 0
7146.030000 0.042783 0
7147.690000 0.056892 0
7149.350000 0.059875 0
7151.010000 0.059929 0
7152.670000 0.051672 0
7154.330000 0.038436 0
7155.990000 0.057153 0
7157.650000 0.063439 0
7159.310000 0.052128 0
7160.970000 0.048536 0
7162.630000 0.053611 0
7164.290000 0.042282 0
7165.950000 0.037050 0
7167.610000 0.044946 0
7169.270000 0.038198 0
7170.930000 0.039015 0
7172.590000 0.038694 0
7174.250000 0.037751 0
7175.910000 0.035094 0
7177.570000 0.040493 0
7179.230000 0.038839 0
7180.890000 0.043519 0
7182.550000 0.040819 0
7184.210000 0.033600 0
7185.870000 0.038646 0
7187.530000 0.048767 0
7189.190000 0.039549 0
7190.850000 0.038486 0
7192.510000 0.052390 0
7194.170000 0.046235 0
7195.830000 0.040574 0
7197.490000 0.050788 0
7199.150000 0.053993 0
7200.810000 0.047726 0
7202.470000 0.045941 0
7204.130000 0.053062 0
7205.790000 0.038052 0
7207.450000 0.043785 0
7209.110000 0.046394 0
7210.770000 0.043955 0
7212.430000 0.052513 0
7214.090000 0.047560 0
7215.750000 0.049580 0
7217.410000 0.033791 0
7219.070000 0.045653 0
7220.730000 0.044510 0
7222.390000 0.056907 0
7224.050000 0.042751 0
7225.710000 0.043956 0
7227.370000 0.049082 0
7229.030000 0.044462 0
7230.690000 0.053235 0
7232.350000 0.043937 0
7234.010000 0.043438 0
7235.670000 0.057539 0
7237.330000 0.052576 0
7238.990000 0.050067 0
7240.650000 0.042648 0
7242.310000 0.006597 0
7243.970000 0.043049 0
7245.630000 0.054956 0
7247.290000 0.032592 0
7248.950000 0.039045 0
7250.610000 0.041931 0
7252.270000 0.036106 0
7253.930000 0.038003 0
7255.590000 0.045965 0
7257.250000 0.043673 0
7258.910000 0.034866 0
7260.570000 0.050561 0
7262.230000 0.049094 0
7263.890000 0.039965 0
7265.550000 0.039407 0
7267.210000 0.049429 0
7268.870000 0.031681 0
7270.530000 0.037468 0
7272.190000 0.061274 0
7273.850000 0.020122 0
7275.510000 0.028033 0
7277.170000 0.042589 0
7278.830000 0.038263 0
7280.490000 0.054145 0
7282.150000 0.039124 0
7283.810000 0.030448 0
7285.470000 0.049091 0
7287.130000 0.046901 0
7288.790000 0.035388 0
7290.450000 0.040375 0
7292.110000 0.038333 0
7293.770000 0.043891 0
7295.430000 0.045522 0
7297.090000 0.040386 0
7298.750000 0.033142 0
7300.410000 0.037900 0
7302.070000 0.048918 0
7303.730000 0.038530 0
7305.390000 0.045687 0
7307.050000 0.038075 0
7308.710000 0.054410 0
7310.370000 0.052123 0
7312.030000 0.059496 0
7313.690000 0.017797 0
7315.350000 0.032204 0
7317.010000 0.016888 0
7318.670000 0.032848 0
7320.330000 0.054835 0
7321.990000 0.054187 0
7323.650000 0.050635 0
7325.310000 0.041984 0
7326.970000 0.031587 0
7328.630000 0.037350 0
7330.290000 0.049569 0
7331.950000 0.043915 0
7333.610000 0.041797 0
7335.270000 0.046645 0
7336.930000 0.034165 0
7338.590000 0.039637 0
7340.250000 0.062736 0
7341.910000 0.054704 0
7343.570000 0.039906 0
7345.230000 0.039554 0
7346.890000 0.055894 0
7348.550000 0.053784 0
7350.210000 0.043265 0
7351.870000 0.044275 0
7353.530000 0.042961 0
7355.190000 0.040798 0
7356.850000 0.040069 0
7358.510000 0.045260 0
7360.170000 0.045754 0
7361.830000 0.037139 0
7363.490000 0.045412 0
7365.150000 0.046578 0
7366.810000 0.039327 0
7368.470000 0.046640 0
7370.130000 0.039394 0
7371.790000 0.044333 0
7373.450000 0.061159 0
7375.110000 0.039158 0
7376.770000 0.042172 0
7378.430000 0.040883 0
7380.090000 0.047542 0
7381.750000 0.045938 0
7383.410000 0.045091 0
7385.070000 0.043904 0
7386.730000 0.054403 0
7388.390000 0.048605 0
7390.050000 0.047718 0
7391.710000 0.042904 0
7393.370000 0.028761 0
7395.030000 0.041103 0
7396.690000 0.053693 0
7398.350000 0.054834 0
7400.010000 0.047851 0
7401.670000 0.046511 0
7403.330000 0.038656 0
7404.990000 0.037249 0
7406.650000 0.045532 0
7408.310000 0.049245 0
7409.970000 0.038284 0
7411.630000 0.051232 0
7413.290000 0.046628 0
7414.950000 0.042942 0
7416.610000 0.043027 0
7418.270000 0.045694 0
7419.930000 0.041689 0
7421.590000 0.040918 0
7423.250000 0.044983 0
7424.910000 0.051307 0
7426.570000 0.043145 0
7428.230000 0.034671 0
7429.890000 0.049472 0
7431.550000 0.057478 0
7433.210000 0.040655 0
7434.870000 0.047276 0
7436.530000 0.035373 0
7438.190000 0.059239 0
7439.850000 0.039953 0
7441.510000 0.037387 0
7443.170000 0.039498 0
7444.830000 0.037388 0
7446.490000 0.044063 0
7448.150000 0.050874 0
7449.810000 0.028277 0
7451.470000 0.043308 0
7453.130000 0.031319 0
7454.790000 0.052757 0
7456.450000 0.078016 0
7458.110000 0.082473 0
7459.770000 0.074274 0
7461.430000 0.078005 0
7463.090000 0.077388 0
7464.750000 0.072105 0
7466.410000 0.048261 0
7468.070000 0.019923 0
7469.730000 0.024480 0
7471.390000 0.039878 0
7473.050000 0.042007 0
7474.710000 0.020405 0
7476.370000 0.036275 0
7478.030000 0.032898 0
7479.690000 0.029904 0
7481.350000 0.048290 0
7483.010000 0.046697 0
7484.670000 0.054890 0
7486.330000 0.046600 0
7487.990000 0.053704 0
7489.650000 0.039079 0
7491.310000 0.042613 0
7492.970000 0.043306 0
7494.630000 0.033180 0
7496.290000 0.037779 0
7497.950000 0.054241 0
7499.610000 0.048213 0
7501.270000 0.039011 0
7502.930000 0.040911 0
7504.590000 0.045861 0
7506.250000 0.038420 0
7507.910000 0.050550 0
7509.570000 0.056333 0
7511.230000 0.036399 0
7512.890000 0.034487 0
7514.550000 0.038760 0
7516.210000 0.040696 0
7517.870000 0.029850 0
7519.530000 0.032628 0
7521.190000 0.035873 0
7522.850000 0.052584 0
7524.510000 0.033246 0
7526.170000 0.032746 0
7527.830000 0.050190 0
7529.490000 0.044329 0
7531.150000 0.045468 0
7532.810000 0.037074 0
7534.470000 0.049783 0
7536.130000 0.045005 0
7537.790000 0.039000 0
7539.450000 0.032775 0
7541.110000 0.040732 0
7542.770000 0.054816 0
7544.430000 0.047313 0
7546.090000 0.053297 0
7547.750000 0.036320 0
7549.410000 0.053080 0
7551.070000 0.039373 0
7552.730000 0.041786 0
7554.390000 0.042677 0
7556.050000 0.043714 0
7557.710000 0.044747 0
7559.370000 0.024162 0
7561.030000 0.037131 0
7562.690000 0.040394 0
7564.350000 0.040139 0
7566.010000 0.050856 0
7567.670000 0.036835 0
7569.330000 0.046893 0
7570.990000 0.020977 0
7572.650000 0.042271 0
7574.310000 0.074810 0
7575.970000 0.052678 0
7577.630000 0.041120 0
7579.290000 0.036105 0
7580.950000 0.043277 0
7582.610000 0.038565 0
7584.270000 0.055186 0
7585.930000 0.040488 0
7587.590000 0.046656 0
7589.250000 0.048434 0
7590.910000 0.048488 0
7592.570000 0.047576 0
7594.230000 0.068006 0
7595.890000 0.027391 0
7597.550000 0.035058 0
7599.210000 0.036087 0
7600.870000 0.065725 0
7602.530000 0.062853 0
7604.190000 0.037653 0
7605.850000 0.046205 0
7607.510000 0.046596 0
7609.170000 0.048847 0
7610.830000 0.036142 0
7612.490000 0.047282 0
7614.150000 0.040389 0
7615.810000 0.063843 0
7617.470000 0.054718 0
7619.130000 0.034722 0
7620.790000 0.059709 0
7622.450000 0.047623 0
7624.110000 0.025690 0
7625.770000 0.050985 0
7627.430000 0.033956 0
7629.090000 0.062750 0
7630.750000 0.063728 0
7632.410000 0.065107 0
7634.070000 0.022203 0
7635.730000 0.053128 0
7637.390000 0.027914 0
7639.050000 0.033948 0
7640.710000 0.055649 0
7642.370000 0.034682 0
7644.030000 0.048125 0
7645.690000 0.045273 0
7647.350000 0.036675 0
7649.010000 0.045661 0
7650.670000 0.035627 0
7652.330000 0.038453 0
7653.990000 0.040426 0
7655.650000 0.048327 0
7657.310000 0.035967 0
7658.970000 0.049058 0
7660.630000 0.041216 0
7662.290000 0.052965 0
7663.950000 0.044756 0
7665.610000 0.051112 0
7667.270000 0.055059 0
7668.930000 0.038220 0
7670.590000 0.042163 0
7672.250000 0.043721 0
7673.910000 0.037384 0
7675.570000 0.044342 0
7677.230000 0.055353 0
7678.890000 0.063480 0
7680.550000 0.068120 0
7682.210000 0.065037 0
7683.870000 0.058304 0
7685.530000 0.075550 0
7687.190000 0.070869 0
7688.850000 0.061948 0
7690.510000 0.057188 0
7692.170000 0.042755 0
7693.830000 0.047602 0
7695.490000 0.036751 0
7697.150000 0.035335 0
7698.810000 0.042255 0
7700.470000 0.035354 0
7702.130000 0.046532 0
7703.790000 0.046618 0
7705.450000 0.041579 0
7707.110000 0.037107 0
7708.770000 0.033383 0
7710.430000 0.035478 0
7712.090000 0.037386 0
7713.750000 0.028996 0
7715.410000 -0.031306 0
7717.070000 0.008750 0
7718.730000 0.068057 0
7720.390000 0.067146 0
7722.050000 0.047891 0
7723.710000 0.039214 0
7725.370000 0.066258 0
7727.030000 0.046092 0
7728.690000 0.038402 0
7730.350000 0.044551 0
7732.010000 0.045688 0
7733.670000 0.047341 0
7735.330000 0.047818 0
7736.990000 0.037264 0
7738.650000 0.050688 0
7740.310000 0.047180 0
7741.970000 0.047942 0
7743.630000 0.050160 0
7745.290000 0.036921 0
7746.950000 0.002813 0
7748.610000 0.032863 0
7750.270000 0.032665 0
7751.930000 0.080023 0
7753.590000 0.079189 0
7755.250000 0.034185 0
7756.910000 0.050301 0
7758.570000 0.042765 0
7760.230000 0.039034 0
7761.890000 0.030646 0
7763.550000 0.037667 0
7765.210000 0.052424 0
7766.870000 0.040015 0
7768.530000 0.038188 0
7770.190000 0.052815 0
7771.850000 0.044644 0
7773.510000 0.034359 0
7775.170000 0.067638 0
7776.830000 0.040220 0
7778.490000 0.037975 0
7780.150000 0.024082 0
7781.810000 0.044041 0
7783.470000 0.057707 0
7785.130000 0.043697 0
7786.790000 0.027438 0
7788.450000 0.036187 0
7790.110000 0.017390 0
7791.770000 0.072367 0
7793.430000 0.020722 0
7795.090000 0.003917 0
7796.750000 0.074910 0
7798.410000 0.048732 0
7800.070000 0.039542 0
7801.730000 0.054594 0
7803.390000 0.038795 0
7805.050000 0.030842 0
7806.710000 0.025927 0
7808.370000 0.053897 0
7810.030000 0.042377 0
7811.690000 0.044845 0
7813.350000 0.059071 0
7815.010000 0.039564 0
7816.670000 0.033023 0
7818.330000 0.028272 0
7819.990000 0.035396 0
7821.650000 0.022083 0
7823.310000 0.011566 0
7824.970000 0.054325 0
7826.630000 0.059636 0
7828.290000 0.061141 0
7829.950000 0.047098 0
7831.610000 0.049094 0
7833.270000 0.029569 0
7834.930000 0.037087 0
7836.590000 0.046516 0
7838.250000 0.028305 0
7839.910000 0.046932 0
7841.570000 0.028583 0
7843.230000 0.055066 0
7844.890000 0.039771 0
7846.550000 0.042483 0
7848.210000 0.028420 0
7849.870000 0.018722 0
7851.530000 0.038613 0
7853.190000 0.030953 0
7854.850000 0.009451 0
7856.510000 0.044354 0
7858.170000 0.041370 0
7859.830000 0.062867 0
7861.490000 0.050330 0
7863.150000 0.042430 0
7864.810000 0.050721 0
7866.470000 0.038048 0
7868.130000 -0.002203 0
7869.790000 0.068907 0
7871.450000 0.044603 0
7873.110000 0.032113 0
7874.770000 0.040665 0
7876.430000 0.050019 0
7878.090000 0.033786 0
7879.750000 0.046023 0
7881.410000 0.039048 0
7883.070000 0.082556 0
7884.730000 0.048086 0
7886.390000 0.033925 0
7888.050000 0.039192 0
7889.710000 0.051961 0
7891.370000 0.063610 0
7893.030000 0.041057 0
7894.690000 0.050454 0
7896.350000 0.043651 0
7898.010000 0.032407 0
7899.670000 0.060518 0
7901.330000 0.043412 0
7902.990000 0.033242 0
7904.650000 0.047194 0
7906.310000 0.044371 0
7907.970000 0.037877 0
7909.630000 -0.032875 0
7911.290000 0.029053 0
7912.950000 0.024862 0
7914.610000 0.026278 0
7916.270000 0.089580 0
7917.930000 0.026691 0
7919.590000 0.072909 0
7921.250000 0.027057 0
7922.910000 0.059055 0
7924.570000 0.052322 0
7926.230000 0.057589 0
7927.890000 0.034104 0
7929.550000 0.044434 0
7931.210000 0.018887 0
7932.870000 0.021699 0
7934.530000 0.045394 0
7936.190000 0.040738 0
7937.850000 0.036778 0
7939.510000 0.041957 0
7941.170000 0.034479 0
7942.830000 0.016751 0
7944.490000 0.038537 0
7946.150000 0.023759 0
7947.810000 0.029189 0
7949.470000 0.042281 0
7951.130000 0.033971 0
7952.790000 0.040699 0
7954.450000 0.037202 0
7956.110000 0.040584 0
7957.770000 0.034773 0
7959.430000 0.049177 0
7961.090000 0.008611 0
7962.750000 0.049631 0
7964.410000 0.056948 0
7966.070000 0.039792 0
7967.730000 0.060111 0
7969.390000 0.036779 0
7971.050000 0.046102 0
7972.710000 0.032622 0
7974.370000 0.034784 0
7976.030000 0.027576 0
7977.690000 0.046176 0
7979.350000 0.064093 0
7981.010000 0.049764 0
7982.670000 0.050771 0
7984.330000 0.051895 0
7985.990000 0.046958 0
7987.650000 0.031594 0
7989.310000 0.012212 0
7990.970000 0.019522 0
7992.630000 0.029494 0
7994.290000 0.023610 0
7995.950000 0.068016 0
7997.610000 0.053316 0
7999.270000 0.043262 0
8000.930000 0.040015 0
8002.590000 0.031833 0
8004.250000 0.041591 0
8005.910000 0.038595 0
8007.570000 0.045751 0
8009.230000 0.041871 0
8010.890000 0.044628 0
8012.550000 0.040315 0
8014.210000 0.031184 0
8015.870000 0.043740 0
8017.530000 0.046296 0
8019.190000 0.032304 0
8020.850000 0.033366 0
8022.510000 0.022155 0
8024.170000 0.021461 0
8025.830000 0.030865 0
8027.490000 0.035239 0
8029.150000 0.050330 0
8030.810000 0.052964 0
8032.470000 0.034294 0
8034.130000 0.037669 0
8035.790000 0.039264 0
8037.450000 0.051456 0
8039.110000 0.044986 0
8040.770000 0.035348 0
8042.430000 0.028859 0
8044.090000 0.053393 0
8045.750000 0.042855 0
8047.410000 0.032352 0
8049.070000 0.043961 0
8050.730000 0.037982 0
8052.390000 0.046278 0
8054.050000 0.033539 0
8055.710000 0.032231 0
8057.370000 0.035093 0
8059.030000 0.037920 0
8060.690000 0.047551 0
8062.350000 0.026735 0
8064.010000 0.024600 0
8065.670000 0.053264 0
8067.330000 0.040345 0
8068.990000 0.042292 0
8070.650000 0.039381 0
8072.310000 0.040388 0
8073.970000 0.029953 0
8075.630000 0.032222 0
8077.290000 0.046746 0
8078.950000 0.041060 0
8080.610000 0.038526 0
8082.270000 0.039101 0
8083.930000 0.044567 0
8085.590000 0.030105 0
8087.250000 0.044271 0
8088.910000 0.041084 0
8090.570000 0.051218 0
8092.230000 0.042785 0
8093.890000 0.031836 0
8095.550000 0.044355 0
8097.210000 0.042056 0
8098.870000 0.040673 0
8100.530000 0.051475 0
8102.190000 0.057299 0
8103.850000 0.049340 0
8105.510000 0.054411 0
8107.170000 0.049259 0
8108.830000 0.054079 0
8110.490000 0.052068 0
8112.150000 0.047095 0
8113.810000 0.041451 0
8115.470000 0.033246 0
8117.130000 0.055280 0
8118.790000 0.050351 0
8120.450000 0.042592 0
8122.110000 0.040226 0
8123.770000 0.047449 0
8125.430000 0.040907 0
8127.090000 0.029782 0
8128.750000 0.051556 0
8130.410000 0.044389 0
8132.070000 0.052908 0
8133.730000 0.044274 0
8135.390000 0.048959 0
8137.050000 0.045194 0
8138.710000 0.040319 0
8140.370000 0.027180 0
8142.030000 0.045981 0
8143.690000 0.055492 0
8145.350000 0.057829 0
8147.010000 0.046751 0
8148.670000 0.042786 0
8150.330000 0.051677 0
8151.990000 0.040247 0
8153.650000 0.046376 0
8155.310000 0.052076 0
8156.970000 0.031745 0
8158.630000 0.031805 0
8160.290000 0.041466 0
8161.950000 0.028142 0
8163.610000 0.034319 0
8165.270000 0.049673 0
8166.930000 0.045414 0
8168.590000 0.049849 0
8170.250000 0.036724 0
8171.910000 0.037833 0
8173.570000 0.046882 0
8175.230000 0.043022 0
8176.890000 0.039360 0
8178.550000 0.041683 0
8180.210000 0.034335 0
8181.870000 0.047079 0
8183.530000 0.044875 0
8185.190000 0.039192 0
8186.850000 0.041904 0
8188.510000 0.039322 0
8190.170000 0.047583 0
8191.830000 0.042516 0
8193.490000 0.032354 0
8195.150000 0.049824 0
8196.810000 0.043291 0
8198.470000 0.029917 0
8200.130000 0.047138 0
8201.790000 0.045146 0
8203.450000 0.034783 0
8205.110000 0.045402 0
8206.770000 0.044465 0
8208.430000 0.043881 0
8210.090000 0.029759 0
8211.750000 0.036080 0
8213.410000 0.031891 0
8215.070000 0.046699 0
8216.730000 0.049454 0
8218.390000 0.039578 0
8220.050000 0.044007 0
8221.710000 0.052249 0
8223.370000 0.046412 0
8225.030000 0.037140 0
8226.690000 0.033954 0
8228.350000 0.044206 0
8230.010000 0.027335 0
8231.670000 0.026139 0
8233.330000 0.038835 0
8234.990000 0.042565 0
8236.650000 0.038011 0
8238.310000 0.035985 0
8239.970000 0.038703 0
8241.630000 0.033299 0
8243.290000 0.038238 0
8244.950000 0.043799 0
8246.610000 0.037341 0
8248.270000 0.042646 0
8249.930000 0.040949 0
8251.590000 0.030566 0
8253.250000 0.045629 0
8254.910000 0.047729 0
8256.570000 0.038464 0
8258.230000 0.040837 0
8259.890000 0.039446 0
8261.550000 0.046784 0
8263.210000 0.033813 0
8264.870000 0.044969 0
8266.530000 0.045253 0
8268.190000 0.034507 0
8269.850000 0.038347 0
8271.510000 0.040247 0
8273.170000 0.041229 0
8274.830000 0.034523 0
8276.490000 0.027404 0
8278.150000 0.036005 0
8279.810000 0.044956 0
8281.470000 0.029646 0
8283.130000 0.023618 0
8284.790000 0.034484 0
8286.450000 0.032071 0
8288.110000 0.041161 0
8289.770000 0.063606 0
8291.430000 0.047570 0
8293.090000 0.051409 0
8294.750000 0.061503 0
8296.410000 0.031910 0
8298.070000 -0.003679 0
8299.730000 0.019282 0
8301.390000 0.025099 0
8303.050000 0.033979 0
8304.710000 0.030274 0
8306.370000 0.039788 0
8308.030000 0.026252 0
8309.690000 0.043950 0
8311.350000 0.053668 0
8313.010000 0.037495 0
8314.670000 0.051401 0
8316.330000 0.042728 0
8317.990000 0.030561 0
8319.650000 0.046085 0
8321.310000 0.041298 0
8322.970000 0.036717 0
8324.630000 0.036300 0
8326.290000 0.043402 0
8327.950000 0.041389 0
8329.610000 0.041123 0
8331.270000 0.034577 0
8332.930000 0.036892 0
8334.590000 0.023205 0
8336.250000 0.050282 0
8337.910000 0.051443 0
8339.570000 0.033130 0
8341.230000 0.090420 0
8342.890000 0.073889 0
8344.550000 0.035319 0
8346.210000 0.040502 0
8347.870000 0.020219 0
8349.530000 0.055561 0
8351.190000 0.058636 0
8352.850000 0.030903 0
8354.510000 0.000117 0
8356.170000 0.026360 0
8357.830000 0.025535 0
8359.490000 0.037759 0
8361.150000 0.050864 0
8362.810000 0.023960 0
8364.470000 0.044681 0
8366.130000 0.044685 0
8367.790000 0.032063 0
8369.450000 0.038680 0
8371.110000 0.041475 0
8372.770000 0.038630 0
8374.430000 0.047275 0
8376.090000 0.033776 0
8377.750000 0.036398 0
8379.410000 0.046898 0
8381.070000 0.062839 0
8382.730000 0.021165 0
8384.390000 0.037710 0
8386.050000 0.043075 0
8387.710000 0.030829 0
8389.370000 0.036986 0
8391.030000 0.032014 0
8392.690000 0.041196 0
8394.350000 0.050477 0
8396.010000 0.067702 0
8397.670000 0.037512 0
8399.330000 0.010186 0
8400.990000 -0.017770 0
8402.650000 -0.013804 0
8404.310000 0.037993 0
8405.970000 0.036842 0
8407.630000 0.030363 0
8409.290000 0.042810 0
8410.950000 0.057101 0
8412.610000 0.024663 0
8414.270000 0.060679 0
8415.930000 0.037746 0
8417.590000 0.037506 0
8419.250000 0.039477 0
8420.910000 0.045979 0
8422.570000 0.035303 0
8424.230000 0.033666 0
8425.890000 0.072008 0
8427.550000 0.000000 1
8429.210000 0.000000 1
8430.870000 0.000000 1
8432.530000 0.000000 1
8434.190000 0.000000 1
8435.850000 0.000000 1
8437.510000 0.000000 1
8439.170000 0.000000 1
8440.830000 0.000000 1
8442.490000 0.000000 1
8444.150000 0.000000 1
8445.810000 0.000000 1
8447.470000 0.000000 1
8449.130000 0.000000 1
8450.790000 0.000000 1
8452.450000 0.000000 1
8454.110000 0.000000 1
8455.770000 0.000000 1
8457.430000 0.000000 1
8459.090000 0.000000 1
8460.750000 0.000000 1
8462.410000 0.000000 1
8464.070000 0.000000 1
8465.730000 0.000000 1
8467.390000 0.000000 1
8469.050000 0.000000 1
8470.710000 0.000000 1
8472.370000 0.000000 1
8474.030000 0.000000 1
8475.690000 0.000000 1
8477.350000 0.000000 1
8479.010000 0.000000 1
8480.670000 0.000000 1
8482.330000 0.000000 1
8483.990000 0.000000 1
8485.650000 0.000000 1
8487.310000 0.000000 1
8488.970000 0.000000 1
8490.630000 0.000000 1
8492.290000 0.000000 1
8493.950000 0.000000 1
8495.610000 0.000000 1
8497.270000 0.000000 1
8498.930000 0.000000 1
