# obs: 255748
# slit: 9m
# z: -1.00000
# lines: not in catalog
# spec: 8
4451.680000 0.000000 1
4455.040000 0.000000 1
4458.400000 0.000000 1
4461.760000 0.000000 1
4465.120000 -0.005831 1
4468.480000 0.035939 1
4471.840000 -0.028558 1
4475.200000 -0.023412 1
4478.560000 0.010377 1
4481.920000 0.021785 1
4485.280000 0.011925 1
4488.640000 0.010975 1
4492.000000 0.015822 1
4495.360000 0.007113 1
4498.720000 0.008122 1
4502.080000 0.017798 1
4505.440000 0.015991 1
4508.800000 0.006208 0
4512.160000 0.018355 0
4515.520000 0.015731 0
4518.880000 0.010458 0
4522.240000 0.009667 0
4525.600000 0.007700 0
4528.960000 0.008692 0
4532.320000 0.008095 0
4535.680000 0.010727 0
4539.040000 0.005862 0
4542.400000 0.022588 0
4545.760000 0.010617 0
4549.120000 0.011570 0
4552.480000 0.018147 0
4555.840000 0.016859 0
4559.200000 0.007202 0
4562.560000 0.018080 0
4565.920000 0.016137 0
4569.280000 0.012558 0
4572.640000 0.021325 0
4576.000000 0.010585 0
4579.360000 0.009078 0
4582.720000 0.006738 0
4586.080000 0.010947 0
4589.440000 0.013721 0
4592.800000 0.010567 0
4596.160000 0.015785 0
4599.520000 0.008588 0
4602.880000 0.009464 0
4606.240000 0.005768 0
4609.600000 0.006531 0
4612.960000 0.011280 0
4616.320000 0.010267 0
4619.680000 0.011497 0
4623.040000 0.016659 0
4626.400000 0.018481 0
4629.760000 0.013032 0
4633.120000 0.004912 0
4636.480000 0.010271 0
4639.840000 0.006176 0
4643.200000 0.006957 0
4646.560000 0.008218 0
4649.920000 0.010905 0
4653.280000 0.011157 0
4656.640000 0.010961 0
4660.000000 0.005600 0
4663.360000 0.009269 0
4666.720000 0.011035 0
4670.080000 0.000658 0
4673.440000 0.002818 0
4676.800000 0.009178 0
4680.160000 0.004322 0
4683.520000 0.016267 0
4686.880000 0.016755 0
4690.240000 0.015185 0
4693.600000 0.016933 0
4696.960000 0.001397 0
4700.320000 0.005688 0
4703.680000 0.021512 0
4707.040000 0.009781 0
4710.400000 0.018840 0
4713.760000 0.012844 0
4717.120000 0.007564 0
4720.480000 0.011981 0
4723.840000 0.007983 0
4727.200000 0.009039 0
4730.560000 0.009265 0
4733.920000 0.011987 0
4737.280000 0.019583 0
4740.640000 0.015426 0
4744.000000 0.009383 0
4747.360000 0.012942 0
4750.720000 0.015569 0
4754.080000 0.014040 0
4757.440000 0.015453 0
4760.800000 0.014927 0
4764.160000 0.007797 0
4767.520000 0.009648 0
4770.880000 0.016955 0
4774.240000 0.009680 0
4777.600000 0.008357 0
4780.960000 0.007028 0
4784.320000 0.011867 0
4787.680000 0.008229 0
4791.040000 0.012723 0
4794.400000 0.008705 0
4797.760000 0.008890 0
4801.120000 0.014927 0
4804.480000 0.013807 0
4807.840000 0.002154 0
4811.200000 0.008046 0
4814.560000 0.014481 0
4817.920000 0.019560 0
4821.280000 0.020745 0
4824.640000 0.013562 0
4828.000000 0.020639 0
4831.360000 0.021516 0
4834.720000 0.015066 0
4838.080000 0.007255 0
4841.440000 0.020462 0
4844.800000 0.013388 0
4848.160000 0.008779 0
4851.520000 0.011372 0
4854.880000 0.012131 0
4858.240000 0.022041 0
4861.600000 0.014719 0
4864.960000 0.014555 0
4868.320000 0.012199 0
4871.680000 0.015410 0
4875.040000 0.001175 0
4878.400000 0.003086 0
4881.760000 0.005052 0
4885.120000 0.014267 0
4888.480000 0.007491 0
4891.840000 0.015624 0
4895.200000 0.012387 0
4898.560000 0.016036 0
4901.920000 0.016115 0
4905.280000 0.007026 0
4908.640000 0.009327 0
4912.000000 0.011550 0
4915.360000 0.013053 0
4918.720000 0.013126 0
4922.080000 0.018033 0
4925.440000 0.011085 0
4928.800000 0.006936 0
4932.160000 0.007157 0
4935.520000 0.009596 0
4938.880000 0.016158 0
4942.240000 0.009851 0
4945.600000 0.008057 0
4948.960000 0.012094 0
4952.320000 0.004538 0
4955.680000 0.009901 0
4959.040000 0.012907 0
4962.400000 0.012249 0
4965.760000 0.007053 0
4969.120000 0.010051 0
4972.480000 0.012656 0
4975.840000 0.019033 0
4979.200000 0.015165 0
4982.560000 0.010535 0
4985.920000 0.009110 0
4989.280000 0.005218 0
4992.640000 0.011184 0
4996.000000 0.009849 0
4999.360000 0.009196 0
5002.720000 0.018404 0
5006.080000 0.006696 0
5009.440000 0.018850 0
5012.800000 0.011878 0
5016.160000 0.007660 0
5019.520000 0.010803 0
5022.880000 0.007570 0
5026.240000 0.006862 0
5029.600000 0.006920 0
5032.960000 0.008912 0
5036.320000 0.004781 0
5039.680000 -0.000899 0
5043.040000 0.014283 0
5046.400000 0.010473 0
5049.760000 0.010269 0
5053.120000 0.000076 0
5056.480000 0.002315 0
5059.840000 0.002002 0
5063.200000 0.005628 0
5066.560000 0.000469 0
5069.920000 0.013415 0
5073.280000 0.013154 0
5076.640000 0.013570 0
5080.000000 0.007883 0
5083.360000 0.016207 0
5086.720000 0.004329 0
5090.080000 0.013071 0
5093.440000 0.016459 0
5096.800000 0.012328 0
5100.160000 0.013016 0
5103.520000 0.010415 0
5106.880000 0.004378 0
5110.240000 0.006287 0
5113.600000 0.004236 0
5116.960000 0.010241 0
5120.320000 0.011040 0
5123.680000 0.005152 0
5127.040000 0.006780 0
5130.400000 0.008287 0
5133.760000 0.004157 0
5137.120000 0.002329 0
5140.480000 0.021374 0
5143.840000 0.012151 0
5147.200000 0.009826 0
5150.560000 0.011493 0
5153.920000 -0.001262 0
5157.280000 0.002772 0
5160.640000 0.011431 0
5164.000000 0.010276 0
5167.360000 0.014286 0
5170.720000 0.011696 0
5174.080000 0.010447 0
5177.440000 0.014327 0
5180.800000 0.013218 0
5184.160000 0.013406 0
5187.520000 0.016386 0
5190.880000 0.009430 0
5194.240000 0.014608 0
5197.600000 0.006225 0
5200.960000 0.006488 0
5204.320000 0.013217 0
5207.680000 0.013610 0
5211.040000 0.011294 0
5214.400000 0.013358 0
5217.760000 0.000006 0
5221.120000 0.004940 0
5224.480000 0.010798 0
5227.840000 0.006006 0
5231.200000 0.013664 0
5234.560000 0.016936 0
5237.920000 0.013116 0
5241.280000 0.012288 0
5244.640000 0.005747 0
5248.000000 0.005956 0
5251.360000 0.015240 0
5254.720000 0.012298 0
5258.080000 0.016176 0
5261.440000 0.017426 0
5264.800000 0.011507 0
5268.160000 0.003967 0
5271.520000 0.016273 0
5274.880000 0.013508 0
5278.240000 0.007608 0
5281.600000 0.012838 0
5284.960000 0.015544 0
5288.320000 0.014559 0
5291.680000 0.009712 0
5295.040000 0.008980 0
5298.400000 0.002515 0
5301.760000 0.007790 0
5305.120000 0.006314 0
5308.480000 0.011832 0
5311.840000 0.010183 0
5315.200000 0.011932 0
5318.560000 0.006288 0
5321.920000 0.001856 0
5325.280000 0.003786 0
5328.640000 0.011537 0
5332.000000 0.018305 0
5335.360000 0.009338 0
5338.720000 0.008050 0
5342.080000 0.009895 0
5345.440000 0.011783 0
5348.800000 0.009769 0
5352.160000 0.000855 0
5355.520000 0.015184 0
5358.880000 0.010991 0
5362.240000 0.011388 0
5365.600000 0.014490 0
5368.960000 0.009071 0
5372.320000 0.009544 0
5375.680000 0.010408 0
5379.040000 0.011619 0
5382.400000 0.017332 0
5385.760000 0.013375 0
5389.120000 0.016652 0
5392.480000 0.010076 0
5395.840000 0.003739 0
5399.200000 0.011845 0
5402.560000 0.012976 0
5405.920000 0.006145 0
5409.280000 0.002506 0
5412.640000 0.002096 0
5416.000000 0.007093 0
5419.360000 0.008921 0
5422.720000 0.013530 0
5426.080000 0.011521 0
5429.440000 0.011970 0
5432.800000 0.007824 0
5436.160000 0.004876 0
5439.520000 0.008748 0
5442.880000 0.015760 0
5446.240000 0.014857 0
5449.600000 0.013062 0
5452.960000 0.006831 0
5456.320000 0.013303 0
5459.680000 0.017172 0
5463.040000 0.017918 0
5466.400000 0.009867 0
5469.760000 0.011087 0
5473.120000 0.014755 0
5476.480000 0.008232 0
5479.840000 0.005836 0
5483.200000 0.008670 0
5486.560000 0.014447 0
5489.920000 0.000825 0
5493.280000 0.009264 0
5496.640000 0.017134 0
5500.000000 0.010699 0
5503.360000 0.004245 0
5506.720000 0.009716 0
5510.080000 0.006220 0
5513.440000 0.008742 0
5516.800000 0.005107 0
5520.160000 0.005171 0
5523.520000 -0.001160 0
5526.880000 0.009643 0
5530.240000 0.009515 0
5533.600000 0.009856 0
5536.960000 0.013798 0
5540.320000 0.000514 0
5543.680000 0.011835 0
5547.040000 0.008112 0
5550.400000 0.007617 0
5553.760000 0.013428 0
5557.120000 0.010553 0
5560.480000 0.012845 0
5563.840000 0.012385 1
5567.200000 0.013687 1
5570.560000 0.038986 1
5573.920000 0.080157 1
5577.280000 0.001702 1
5580.640000 -0.031522 1
5584.000000 -0.048633 1
5587.360000 0.007637 1
5590.720000 0.015049 1
5594.080000 0.015768 1
5597.440000 0.005585 0
5600.800000 0.015835 0
5604.160000 0.014772 0
5607.520000 0.002664 0
5610.880000 0.003909 0
5614.240000 0.009991 0
5617.600000 0.017056 0
5620.960000 0.019307 0
5624.320000 0.016282 0
5627.680000 0.011669 0
5631.040000 0.008039 0
5634.400000 0.004521 0
5637.760000 0.008080 0
5641.120000 0.013282 0
5644.480000 0.003596 0
5647.840000 0.005328 0
5651.200000 0.015103 0
5654.560000 0.016006 0
5657.920000 0.016081 0
5661.280000 0.014404 0
5664.640000 0.013655 0
5668.000000 0.008752 0
5671.360000 0.009223 0
5674.720000 0.007765 0
5678.080000 0.009480 0
5681.440000 0.009875 0
5684.800000 0.015610 0
5688.160000 0.013312 0
5691.520000 0.020538 0
5694.880000 0.008073 0
5698.240000 0.004832 0
5701.600000 0.007966 0
5704.960000 0.013312 0
5708.320000 0.011855 0
5711.680000 0.013602 0
5715.040000 0.017138 0
5718.400000 0.010749 0
5721.760000 0.010523 0
5725.120000 0.005552 0
5728.480000 0.015014 0
5731.840000 0.008087 0
5735.200000 0.004888 0
5738.560000 0.005576 0
5741.920000 0.004482 0
5745.280000 0.003096 0
5748.640000 0.008529 0
5752.000000 0.010333 0
5755.360000 0.010496 0
5758.720000 0.004096 0
5762.080000 0.011688 0
5765.440000 0.012184 0
5768.800000 0.012115 0
5772.160000 0.005456 0
5775.520000 0.002990 0
5778.880000 0.010056 0
5782.240000 0.007870 0
5785.600000 0.009374 0
5788.960000 0.006408 0
5792.320000 0.005872 0
5795.680000 0.013065 0
5799.040000 0.009471 0
5802.400000 0.004311 0
5805.760000 0.012369 0
5809.120000 0.016260 0
5812.480000 0.012068 0
5815.840000 0.010469 0
5819.200000 0.010525 0
5822.560000 0.010408 0
5825.920000 0.013547 0
5829.280000 0.012393 0
5832.640000 0.015144 0
5836.000000 0.007751 0
5839.360000 0.004032 0
5842.720000 0.012797 0
5846.080000 0.006126 0
5849.440000 0.005871 0
5852.800000 0.014910 0
5856.160000 0.010147 0
5859.520000 0.011282 0
5862.880000 0.007552 0
5866.240000 0.009134 0
5869.600000 0.010515 0
5872.960000 0.011011 0
5876.320000 0.008274 0
5879.680000 0.013567 0
5883.040000 0.023357 0
5886.400000 0.023415 0
5889.760000 0.031651 0
5893.120000 0.012827 0
5896.480000 -0.006679 0
5899.840000 0.001986 0
5903.200000 -0.004301 0
5906.560000 0.010571 0
5909.920000 0.006117 0
5913.280000 0.008250 0
5916.640000 0.009267 0
5920.000000 0.005768 0
5923.360000 0.001679 0
5926.720000 0.016511 0
5930.080000 0.013381 0
5933.440000 0.018534 0
5936.800000 0.010893 0
5940.160000 0.007905 0
5943.520000 0.005162 0
5946.880000 0.009570 0
5950.240000 0.016333 0
5953.600000 0.011775 0
5956.960000 0.010788 0
5960.320000 0.006841 0
5963.680000 0.014343 0
5967.040000 0.015784 0
5970.400000 0.015916 0
5973.760000 0.013997 0
5977.120000 0.009053 0
5980.480000 0.002670 0
5983.840000 0.010977 0
5987.200000 0.003965 0
5990.560000 0.010098 0
5993.920000 0.014851 0
5997.280000 0.005038 0
6000.640000 0.002929 0
6004.000000 0.006704 0
6007.360000 0.014661 0
6010.720000 0.009101 0
6014.080000 0.015710 0
6017.440000 0.005396 0
6020.800000 0.011537 0
6024.160000 0.006692 0
6027.520000 0.005529 0
6030.880000 0.006871 0
6034.240000 0.008677 0
6037.600000 0.016155 0
6040.960000 0.014492 0
6044.320000 0.005711 0
6047.680000 0.006393 0
6051.040000 0.013535 0
6054.400000 0.007920 0
6057.760000 0.018942 0
6061.120000 0.019925 0
6064.480000 0.009470 0
6067.840000 0.012539 0
6071.200000 0.010418 0
6074.560000 0.008648 0
6077.920000 0.011628 0
6081.280000 0.010865 0
6084.640000 0.009832 0
6088.000000 0.005982 0
6091.360000 0.011858 0
6094.720000 0.002115 0
6098.080000 0.008671 0
6101.440000 0.001777 0
6104.800000 0.009809 0
6108.160000 0.014768 0
6111.520000 0.008415 0
6114.880000 0.014359 0
6118.240000 0.016561 0
6121.600000 0.006507 0
6124.960000 -0.001663 0
6128.320000 0.007790 0
6131.680000 0.013370 0
6135.040000 0.011973 0
6138.400000 0.012289 0
6141.760000 0.011863 0
6145.120000 0.003545 0
6148.480000 0.018895 0
6151.840000 0.006678 0
6155.200000 0.003139 0
6158.560000 0.015105 0
6161.920000 0.017850 0
6165.280000 0.021944 0
6168.640000 0.010604 0
6172.000000 0.009711 0
6175.360000 0.018417 0
6178.720000 0.003534 0
6182.080000 0.003982 0
6185.440000 0.010530 0
6188.800000 0.010391 0
6192.160000 0.007457 0
6195.520000 0.011041 0
6198.880000 0.011546 0
6202.240000 0.007858 0
6205.600000 0.014891 0
6208.960000 0.016026 0
6212.320000 0.008158 0
6215.680000 0.018376 0
6219.040000 0.010650 0
6222.400000 0.010124 0
6225.760000 0.015609 0
6229.120000 0.021182 0
6232.480000 0.004499 0
6235.840000 0.014806 0
6239.200000 0.006508 0
6242.560000 0.006455 0
6245.920000 0.014535 0
6249.280000 0.010292 0
6252.640000 0.008931 0
6256.000000 0.009512 0
6259.360000 0.012256 0
6262.720000 0.004598 0
6266.080000 0.008222 0
6269.440000 0.016116 0
6272.800000 0.006873 0
6276.160000 -0.006030 0
6279.520000 0.011742 0
6282.880000 0.004833 0
6286.240000 0.006621 0
6289.600000 -0.008099 0
6292.960000 0.013146 0
6296.320000 0.022144 0
6299.680000 0.009485 0
6303.040000 -0.002736 0
6306.400000 0.015870 0
6309.760000 0.009000 0
6313.120000 0.002657 0
6316.480000 0.007195 0
6319.840000 0.016209 0
6323.200000 0.009138 0
6326.560000 0.010660 0
6329.920000 0.000159 0
6333.280000 0.008959 0
6336.640000 0.008747 0
6340.000000 0.008382 0
6343.360000 0.002617 0
6346.720000 0.011502 0
6350.080000 0.018267 0
6353.440000 0.017824 0
6356.800000 0.006920 0
6360.160000 0.005041 0
6363.520000 0.011005 0
6366.880000 0.001835 0
6370.240000 0.014900 0
6373.600000 0.012870 0
6376.960000 0.012852 0
6380.320000 0.009510 0
6383.680000 0.016065 0
6387.040000 0.004204 0
6390.400000 0.009432 0
6393.760000 0.016624 0
6397.120000 0.006439 0
6400.480000 0.003029 0
6403.840000 0.009564 0
6407.200000 0.004610 0
6410.560000 0.011833 0
6413.920000 0.008977 0
6417.280000 0.004096 0
6420.640000 0.014491 0
6424.000000 0.015406 0
6427.360000 0.004101 0
6430.720000 0.000900 0
6434.080000 0.003736 0
6437.440000 0.012037 0
6440.800000 0.005573 0
6444.160000 0.005118 0
6447.520000 0.003884 0
6450.880000 0.010268 0
6454.240000 0.007822 0
6457.600000 -0.001838 0
6460.960000 0.006676 0
6464.320000 0.012811 0
6467.680000 0.005703 0
6471.040000 -0.002227 0
6474.400000 0.006335 0
6477.760000 0.009087 0
6481.120000 0.003134 0
6484.480000 0.006815 0
6487.840000 0.009588 0
6491.200000 0.010172 0
6494.560000 0.007882 0
6497.920000 0.009778 0
6501.280000 0.008563 0
6504.640000 0.006862 0
6508.000000 0.010136 0
6511.360000 0.013078 0
6514.720000 0.007997 0
6518.080000 0.002026 0
6521.440000 0.008361 0
6524.800000 0.012907 0
6528.160000 0.015779 0
6531.520000 0.005202 0
6534.880000 0.015750 0
6538.240000 0.011990 0
6541.600000 0.008649 0
6544.960000 0.010047 0
6548.320000 0.006943 0
6551.680000 0.003968 0
6555.040000 0.004357 0
6558.400000 0.013667 0
6561.760000 0.005429 0
6565.120000 0.009254 0
6568.480000 0.017996 0
6571.840000 0.013858 0
6575.200000 0.007298 0
6578.560000 0.000505 0
6581.920000 0.007787 0
6585.280000 0.009965 0
6588.640000 0.008952 0
6592.000000 0.010434 0
6595.360000 0.012539 0
6598.720000 0.006032 0
6602.080000 0.014247 0
6605.440000 0.005835 0
6608.800000 0.003215 0
6612.160000 0.005329 0
6615.520000 0.006577 0
6618.880000 0.002533 0
6622.240000 0.004025 0
6625.600000 0.007298 0
6628.960000 0.005036 0
6632.320000 0.000503 0
6635.680000 0.006964 0
6639.040000 0.006351 0
6642.400000 0.005823 0
6645.760000 0.011944 0
6649.120000 0.005857 0
6652.480000 0.008499 0
6655.840000 0.007909 0
6659.200000 0.011366 0
6662.560000 0.010426 0
6665.920000 0.014073 0
6669.280000 0.015298 0
6672.640000 0.003637 0
6676.000000 0.012097 0
6679.360000 0.009188 0
6682.720000 0.007206 0
6686.080000 0.010671 0
6689.440000 0.011904 0
6692.800000 0.006434 0
6696.160000 0.007954 0
6699.520000 0.013211 0
6702.880000 0.008478 0
6706.240000 0.008080 0
6709.600000 0.006521 0
6712.960000 0.009346 0
6716.320000 -0.000656 0
6719.680000 -0.000256 0
6723.040000 0.004254 0
6726.400000 0.009132 0
6729.760000 0.007325 0
6733.120000 0.005904 0
6736.480000 0.009224 0
6739.840000 0.005029 0
6743.200000 0.001753 0
6746.560000 0.009319 0
6749.920000 0.013860 0
6753.280000 0.008561 0
6756.640000 0.007204 0
6760.000000 0.007850 0
6763.360000 0.008908 0
6766.720000 0.006610 0
6770.080000 0.004642 0
6773.440000 0.012625 0
6776.800000 0.004236 0
6780.160000 0.005721 0
6783.520000 0.006953 0
6786.880000 0.009729 0
6790.240000 0.007204 0
6793.600000 0.015245 0
6796.960000 0.001829 0
6800.320000 0.007278 0
6803.680000 0.012573 0
6807.040000 0.005471 0
6810.400000 0.002640 0
6813.760000 0.011586 0
6817.120000 0.012214 0
6820.480000 0.006817 0
6823.840000 0.004362 0
6827.200000 0.005433 0
6830.560000 0.003163 0
6833.920000 0.012620 0
6837.280000 0.016803 0
6840.640000 0.007441 0
6844.000000 0.008741 0
6847.360000 -0.000423 0
6850.720000 0.005787 0
6854.080000 0.015525 0
6857.440000 0.022038 0
6860.800000 0.017994 0
6864.160000 -0.002682 0
6867.520000 0.014193 0
6870.880000 0.012884 0
6874.240000 -0.005032 0
6877.600000 0.002886 0
6880.960000 0.010044 0
6884.320000 0.005034 0
6887.680000 0.009307 0
6891.040000 0.013203 0
6894.400000 0.009014 0
6897.760000 0.005182 0
6901.120000 0.007111 0
6904.480000 0.003715 0
6907.840000 0.007256 0
6911.200000 0.001609 0
6914.560000 0.010741 0
6917.920000 -0.000031 0
6921.280000 0.013988 0
6924.640000 0.011981 0
6928.000000 0.001209 0
6931.360000 0.006754 0
6934.720000 0.010004 0
6938.080000 -0.000175 0
6941.440000 0.007315 0
6944.800000 -0.000035 0
6948.160000 0.003502 0
6951.520000 -0.005701 0
6954.880000 0.000880 0
6958.240000 0.004745 0
6961.600000 0.004028 0
6964.960000 0.003644 0
6968.320000 0.001647 0
6971.680000 -0.014649 0
6975.040000 -0.005024 0
6978.400000 0.003059 0
6981.760000 -0.004825 0
6985.120000 -0.000971 0
6988.480000 -0.002670 0
6991.840000 0.006789 0
6995.200000 -0.002015 0
6998.560000 0.002262 0
7001.920000 -0.002753 0
7005.280000 0.004256 0
7008.640000 0.002274 0
7012.000000 -0.005437 0
7015.360000 -0.005340 0
7018.720000 0.001545 0
7022.080000 -0.001137 0
7025.440000 -0.004916 0
7028.800000 -0.002069 0
7032.160000 0.000237 0
7035.520000 0.006641 0
7038.880000 0.003458 0
7042.240000 -0.005541 0
7045.600000 -0.009263 0
7048.960000 -0.001250 0
7052.320000 0.000847 0
7055.680000 -0.002189 0
7059.040000 0.008150 0
7062.400000 0.000941 0
7065.760000 0.001610 0
7069.120000 0.005406 0
7072.480000 0.004026 0
7075.840000 0.003980 0
7079.200000 0.000157 0
7082.560000 0.003948 0
7085.920000 -0.002225 0
7089.280000 0.005996 0
7092.640000 0.005856 0
7096.000000 0.001779 0
7099.360000 0.004500 0
7102.720000 0.004485 0
7106.080000 0.004003 0
7109.440000 0.008161 0
7112.800000 0.006607 0
7116.160000 -0.002184 0
7119.520000 0.002746 0
7122.880000 0.006692 0
7126.240000 0.000806 0
7129.600000 0.002374 0
7132.960000 0.006007 0
7136.320000 0.007045 0
7139.680000 0.007914 0
7143.040000 -0.000028 0
7146.400000 0.003148 0
7149.760000 0.007447 0
7153.120000 0.004657 0
7156.480000 0.008381 0
7159.840000 0.005320 0
7163.200000 0.004360 0
7166.560000 0.002847 0
7169.920000 0.006212 0
7173.280000 0.001144 0
7176.640000 0.007061 0
7180.000000 -0.001344 0
7183.360000 0.001332 0
7186.720000 0.000532 0
7190.080000 0.003154 0
7193.440000 0.003957 0
7196.800000 0.000707 0
7200.160000 -0.006870 0
7203.520000 0.004037 0
7206.880000 0.008649 0
7210.240000 0.002781 0
7213.600000 0.007638 0
7216.960000 0.006751 0
7220.320000 0.004952 0
7223.680000 -0.002603 0
7227.040000 0.006910 0
7230.400000 0.000169 0
7233.760000 -0.009114 0
7237.120000 -0.012826 0
7240.480000 0.005672 0
7243.840000 0.007980 0
7247.200000 0.000973 0
7250.560000 -0.005347 0
7253.920000 0.006177 0
7257.280000 0.004545 0
7260.640000 -0.000485 0
7264.000000 -0.006993 0
7267.360000 -0.002588 0
7270.720000 -0.020920 0
7274.080000 0.000880 0
7277.440000 0.031575 0
7280.800000 0.005014 0
7284.160000 0.001989 0
7287.520000 -0.002851 0
7290.880000 -0.007712 0
7294.240000 0.005446 0
7297.600000 -0.002853 0
7300.960000 -0.002504 0
7304.320000 -0.006877 0
7307.680000 -0.001911 0
7311.040000 -0.000094 0
7314.400000 0.001696 0
7317.760000 0.000048 0
7321.120000 0.005694 0
7324.480000 0.006556 0
7327.840000 -0.000574 0
7331.200000 0.002931 0
7334.560000 -0.018023 0
7337.920000 0.010906 0
7341.280000 0.017022 0
7344.640000 0.001815 0
7348.000000 0.004874 0
7351.360000 0.009197 0
7354.720000 0.005269 0
7358.080000 -0.008728 0
7361.440000 0.003792 0
7364.800000 0.007876 0
7368.160000 0.005565 0
7371.520000 -0.011860 0
7374.880000 0.005531 0
7378.240000 0.018741 0
7381.600000 -0.002062 0
7384.960000 -0.008103 0
7388.320000 -0.006347 0
7391.680000 0.010232 0
7395.040000 -0.002021 0
7398.400000 -0.007639 0
7401.760000 -0.002861 0
7405.120000 -0.010224 0
7408.480000 0.016701 0
7411.840000 0.005015 0
7415.200000 -0.003198 0
7418.560000 -0.001964 0
7421.920000 0.003617 0
7425.280000 0.003080 0
7428.640000 0.007872 0
7432.000000 0.007463 0
7435.360000 0.016279 0
7438.720000 0.009848 0
7442.080000 -0.002824 0
7445.440000 0.008109 0
7448.800000 -0.002738 0
7452.160000 0.007123 0
7455.520000 0.004214 0
7458.880000 0.010677 0
7462.240000 0.012445 0
7465.600000 0.002848 0
7468.960000 -0.009073 0
7472.320000 0.007891 0
7475.680000 0.007411 0
7479.040000 0.018731 0
7482.400000 0.008372 0
7485.760000 0.022910 0
7489.120000 0.016432 0
7492.480000 0.006884 0
7495.840000 0.005063 0
7499.200000 0.001605 0
7502.560000 0.009952 0
7505.920000 0.005737 0
7509.280000 0.007447 0
7512.640000 0.009285 0
7516.000000 0.012915 0
7519.360000 0.004155 0
7522.720000 0.006798 0
7526.080000 0.012917 0
7529.440000 0.028634 0
7532.800000 0.024827 0
7536.160000 0.010386 0
7539.520000 0.010652 0
7542.880000 0.018847 0
7546.240000 0.012770 0
7549.600000 0.015485 0
7552.960000 0.007880 0
7556.320000 -0.000884 0
7559.680000 0.008754 0
7563.040000 0.009927 0
7566.400000 0.027136 0
7569.760000 0.008791 0
7573.120000 0.015906 0
7576.480000 0.022174 0
7579.840000 -0.005376 0
7583.200000 0.005414 0
7586.560000 0.006368 0
7589.920000 0.006207 0
7593.280000 0.016780 0
7596.640000 0.021008 0
7600.000000 0.026535 0
7603.360000 -0.004110 0
7606.720000 -0.000583 0
7610.080000 0.001500 0
7613.440000 -0.000924 0
7616.800000 0.001143 0
7620.160000 0.012834 0
7623.520000 0.007745 0
7626.880000 0.008633 0
7630.240000 0.006688 0
7633.600000 -0.004354 0
7636.960000 0.009513 0
7640.320000 0.013770 0
7643.680000 0.013371 0
7647.040000 0.014281 0
7650.400000 0.000000 1
7653.760000 0.000000 1
7657.120000 0.000000 1
7660.480000 0.000000 1
7663.840000 0.000000 1
7667.200000 0.000000 1
7670.560000 0.000000 1
7673.920000 0.000000 1
7677.280000 0.000000 1
7680.640000 0.000000 1
7684.000000 0.000000 1
7687.360000 0.000000 1
7690.720000 0.000000 1
7694.080000 0.000000 1
7697.440000 0.000000 1
7700.800000 0.000000 1
7704.160000 0.000000 1
7707.520000 0.000000 1
7710.880000 0.000000 1
7714.240000 0.000000 1
7717.600000 0.000000 1
7720.960000 0.000000 1
7724.320000 0.000000 1
7727.680000 0.000000 1
7731.040000 0.000000 1
7734.400000 0.000000 1
7737.760000 0.000000 1
7741.120000 0.000000 1
7744.480000 0.000000 1
7747.840000 0.000000 1
7751.200000 0.000000 1
7754.560000 0.000000 1
7757.920000 0.000000 1
7761.280000 0.000000 1
7764.640000 0.000000 1
7768.000000 0.000000 1
7771.360000 0.000000 1
7774.720000 0.000000 1
7778.080000 0.000000 1
7781.440000 0.000000 1
7784.800000 0.000000 1
7788.160000 0.000000 1
7791.520000 0.000000 1
7794.880000 0.000000 1
7798.240000 0.000000 1
7801.600000 0.000000 1
7804.960000 0.000000 1
7808.320000 0.000000 1
7811.680000 0.000000 1
7815.040000 0.000000 1
7818.400000 0.000000 1
7821.760000 0.000000 1
7825.120000 0.000000 1
7828.480000 0.000000 1
7831.840000 0.000000 1
7835.200000 0.000000 1
7838.560000 0.000000 1
7841.920000 0.000000 1
7845.280000 0.000000 1
7848.640000 0.000000 1
7852.000000 0.000000 1
7855.360000 0.000000 1
7858.720000 0.000000 1
7862.080000 0.000000 1
7865.440000 0.000000 1
7868.800000 0.000000 1
7872.160000 0.000000 1
7875.520000 0.000000 1
7878.880000 0.000000 1
7882.240000 0.000000 1
7885.600000 0.000000 1
7888.960000 0.000000 1
7892.320000 0.000000 1
7895.680000 0.000000 1
7899.040000 0.000000 1
7902.400000 0.000000 1
7905.760000 0.000000 1
7909.120000 0.000000 1
7912.480000 0.000000 1
7915.840000 0.000000 1
7919.200000 0.000000 1
7922.560000 0.000000 1
7925.920000 0.000000 1
7929.280000 0.000000 1
7932.640000 0.000000 1
7936.000000 0.000000 1
7939.360000 0.000000 1
7942.720000 0.000000 1
7946.080000 0.000000 1
7949.440000 0.000000 1
7952.800000 0.000000 1
7956.160000 0.000000 1
7959.520000 0.000000 1
7962.880000 0.000000 1
7966.240000 0.000000 1
7969.600000 0.000000 1
7972.960000 0.000000 1
7976.320000 0.000000 1
7979.680000 0.000000 1
7983.040000 0.000000 1
7986.400000 0.000000 1
7989.760000 0.000000 1
7993.120000 0.000000 1
7996.480000 0.000000 1
7999.840000 0.000000 1
8003.200000 0.000000 1
8006.560000 0.000000 1
8009.920000 0.000000 1
8013.280000 0.000000 1
8016.640000 0.000000 1
8020.000000 0.000000 1
8023.360000 0.000000 1
8026.720000 0.000000 1
8030.080000 0.000000 1
8033.440000 0.000000 1
8036.800000 0.000000 1
8040.160000 0.000000 1
8043.520000 0.000000 1
8046.880000 0.000000 1
8050.240000 0.000000 1
8053.600000 0.000000 1
8056.960000 0.000000 1
8060.320000 0.000000 1
8063.680000 0.000000 1
8067.040000 0.000000 1
8070.400000 0.000000 1
8073.760000 0.000000 1
8077.120000 0.000000 1
8080.480000 0.000000 1
8083.840000 0.000000 1
8087.200000 0.000000 1
8090.560000 0.000000 1
8093.920000 0.000000 1
8097.280000 0.000000 1
8100.640000 0.000000 1
8104.000000 0.000000 1
8107.360000 0.000000 1
8110.720000 0.000000 1
8114.080000 0.000000 1
8117.440000 0.000000 1
8120.800000 0.000000 1
8124.160000 0.000000 1
8127.520000 0.000000 1
8130.880000 0.000000 1
8134.240000 0.000000 1
8137.600000 0.000000 1
8140.960000 0.000000 1
8144.320000 0.000000 1
8147.680000 0.000000 1
8151.040000 0.000000 1
8154.400000 0.000000 1
8157.760000 0.000000 1
8161.120000 0.000000 1
8164.480000 0.000000 1
8167.840000 0.000000 1
8171.200000 0.000000 1
8174.560000 0.000000 1
8177.920000 0.000000 1
8181.280000 0.000000 1
8184.640000 0.000000 1
8188.000000 0.000000 1
8191.360000 0.000000 1
8194.720000 0.000000 1
8198.080000 0.000000 1
8201.440000 0.000000 1
8204.800000 0.000000 1
8208.160000 0.000000 1
8211.520000 0.000000 1
8214.880000 0.000000 1
8218.240000 0.000000 1
8221.600000 0.000000 1
8224.960000 0.000000 1
8228.320000 0.000000 1
8231.680000 0.000000 1
8235.040000 0.000000 1
8238.400000 0.000000 1
8241.760000 0.000000 1
8245.120000 0.000000 1
8248.480000 0.000000 1
8251.840000 0.000000 1
8255.200000 0.000000 1
8258.560000 0.000000 1
8261.920000 0.000000 1
8265.280000 0.000000 1
8268.640000 0.000000 1
8272.000000 0.000000 1
8275.360000 0.000000 1
8278.720000 0.000000 1
8282.080000 0.000000 1
8285.440000 0.000000 1
8288.800000 0.000000 1
8292.160000 0.000000 1
8295.520000 0.000000 1
8298.880000 0.000000 1
8302.240000 0.000000 1
8305.600000 0.000000 1
8308.960000 0.000000 1
8312.320000 0.000000 1
8315.680000 0.000000 1
8319.040000 0.000000 1
8322.400000 0.000000 1
8325.760000 0.000000 1
8329.120000 0.000000 1
8332.480000 0.000000 1
8335.840000 0.000000 1
8339.200000 0.000000 1
8342.560000 0.000000 1
8345.920000 0.000000 1
8349.280000 0.000000 1
8352.640000 0.000000 1
8356.000000 0.000000 1
8359.360000 0.000000 1
8362.720000 0.000000 1
8366.080000 0.000000 1
8369.440000 0.000000 1
8372.800000 0.000000 1
8376.160000 0.000000 1
8379.520000 0.000000 1
8382.880000 0.000000 1
8386.240000 0.000000 1
8389.600000 0.000000 1
8392.960000 0.000000 1
8396.320000 0.000000 1
8399.680000 0.000000 1
8403.040000 0.000000 1
8406.400000 0.000000 1
8409.760000 0.000000 1
8413.120000 0.000000 1
8416.480000 0.000000 1
8419.840000 0.000000 1
8423.200000 0.000000 1
8426.560000 0.000000 1
8429.920000 0.000000 1
8433.280000 0.000000 1
8436.640000 0.000000 1
8440.000000 0.000000 1
8443.360000 0.000000 1
8446.720000 0.000000 1
8450.080000 0.000000 1
8453.440000 0.000000 1
8456.800000 0.000000 1
8460.160000 0.000000 1
8463.520000 0.000000 1
8466.880000 0.000000 1
8470.240000 0.000000 1
8473.600000 0.000000 1
8476.960000 0.000000 1
8480.320000 0.000000 1
8483.680000 0.000000 1
8487.040000 0.000000 1
8490.400000 0.000000 1
8493.760000 0.000000 1
8497.120000 0.000000 1
8500.480000 0.000000 1
8503.840000 0.000000 1
8507.200000 0.000000 1
8510.560000 0.000000 1
8513.920000 0.000000 1
8517.280000 0.000000 1
8520.640000 0.000000 1
8524.000000 0.000000 1
8527.360000 0.000000 1
8530.720000 0.000000 1
8534.080000 0.000000 1
8537.440000 0.000000 1
8540.800000 0.000000 1
8544.160000 0.000000 1
8547.520000 0.000000 1
8550.880000 0.000000 1
8554.240000 0.000000 1
8557.600000 0.000000 1
8560.960000 0.000000 1
8564.320000 0.000000 1
8567.680000 0.000000 1
8571.040000 0.000000 1
8574.400000 0.000000 1
8577.760000 0.000000 1
8581.120000 0.000000 1
8584.480000 0.000000 1
8587.840000 0.000000 1
8591.200000 0.000000 1
8594.560000 0.000000 1
8597.920000 0.000000 1
8601.280000 0.000000 1
8604.640000 0.000000 1
8608.000000 0.000000 1
8611.360000 0.000000 1
8614.720000 0.000000 1
8618.080000 0.000000 1
8621.440000 0.000000 1
8624.800000 0.000000 1
8628.160000 0.000000 1
8631.520000 0.000000 1
8634.880000 0.000000 1
8638.240000 0.000000 1
8641.600000 0.000000 1
8644.960000 0.000000 1
8648.320000 0.000000 1
8651.680000 0.000000 1
8655.040000 0.000000 1
8658.400000 0.000000 1
8661.760000 0.000000 1
8665.120000 0.000000 1
8668.480000 0.000000 1
8671.840000 0.000000 1
8675.200000 0.000000 1
8678.560000 0.000000 1
8681.920000 0.000000 1
8685.280000 0.000000 1
8688.640000 0.000000 1
8692.000000 0.000000 1
8695.360000 0.000000 1
8698.720000 0.000000 1
8702.080000 0.000000 1
8705.440000 0.000000 1
8708.800000 0.000000 1
8712.160000 0.000000 1
8715.520000 0.000000 1
8718.880000 0.000000 1
8722.240000 0.000000 1
8725.600000 0.000000 1
8728.960000 0.000000 1
8732.320000 0.000000 1
8735.680000 0.000000 1
8739.040000 0.000000 1
8742.400000 0.000000 1
8745.760000 0.000000 1
8749.120000 0.000000 1
8752.480000 0.000000 1
8755.840000 0.000000 1
8759.200000 0.000000 1
8762.560000 0.000000 1
8765.920000 0.000000 1
8769.280000 0.000000 1
8772.640000 0.000000 1
8776.000000 0.000000 1
8779.360000 0.000000 1
8782.720000 0.000000 1
8786.080000 0.000000 1
8789.440000 0.000000 1
8792.800000 0.000000 1
8796.160000 0.000000 1
8799.520000 0.000000 1
8802.880000 0.000000 1
8806.240000 0.000000 1
8809.600000 0.000000 1
8812.960000 0.000000 1
8816.320000 0.000000 1
8819.680000 0.000000 1
8823.040000 0.000000 1
8826.400000 0.000000 1
8829.760000 0.000000 1
8833.120000 0.000000 1
8836.480000 0.000000 1
8839.840000 0.000000 1
8843.200000 0.000000 1
8846.560000 0.000000 1
8849.920000 0.000000 1
8853.280000 0.000000 1
8856.640000 0.000000 1
8860.000000 0.000000 1
8863.360000 0.000000 1
8866.720000 0.000000 1
8870.080000 0.000000 1
8873.440000 0.000000 1
8876.800000 0.000000 1
8880.160000 0.000000 1
8883.520000 0.000000 1
8886.880000 0.000000 1
8890.240000 0.000000 1
8893.600000 0.000000 1
8896.960000 0.000000 1
8900.320000 0.000000 1
8903.680000 0.000000 1
8907.040000 0.000000 1
8910.400000 0.000000 1
8913.760000 0.000000 1
8917.120000 0.000000 1
8920.480000 0.000000 1
8923.840000 0.000000 1
8927.200000 0.000000 1
8930.560000 0.000000 1
8933.920000 0.000000 1
8937.280000 0.000000 1
8940.640000 0.000000 1
8944.000000 0.000000 1
8947.360000 0.000000 1
8950.720000 0.000000 1
8954.080000 0.000000 1
8957.440000 0.000000 1
8960.800000 0.000000 1
8964.160000 0.000000 1
8967.520000 0.000000 1
8970.880000 0.000000 1
8974.240000 0.000000 1
8977.600000 0.000000 1
8980.960000 0.000000 1
8984.320000 0.000000 1
8987.680000 0.000000 1
8991.040000 0.000000 1
8994.400000 0.000000 1
8997.760000 0.000000 1
9001.120000 0.000000 1
9004.480000 0.000000 1
9007.840000 0.000000 1
9011.200000 0.000000 1
9014.560000 0.000000 1
9017.920000 0.000000 1
9021.280000 0.000000 1
9024.640000 0.000000 1
9028.000000 0.000000 1
9031.360000 0.000000 1
9034.720000 0.000000 1
9038.080000 0.000000 1
9041.440000 0.000000 1
9044.800000 0.000000 1
9048.160000 0.000000 1
9051.520000 0.000000 1
9054.880000 0.000000 1
9058.240000 0.000000 1
9061.600000 0.000000 1
9064.960000 0.000000 1
9068.320000 0.000000 1
9071.680000 0.000000 1
9075.040000 0.000000 1
9078.400000 0.000000 1
9081.760000 0.000000 1
9085.120000 0.000000 1
9088.480000 0.000000 1
9091.840000 0.000000 1
9095.200000 0.000000 1
9098.560000 0.000000 1
9101.920000 0.000000 1
9105.280000 0.000000 1
9108.640000 0.000000 1
9112.000000 0.000000 1
9115.360000 0.000000 1
9118.720000 0.000000 1
9122.080000 0.000000 1
9125.440000 0.000000 1
9128.800000 0.000000 1
9132.160000 0.000000 1
9135.520000 0.000000 1
9138.880000 0.000000 1
9142.240000 0.000000 1
9145.600000 0.000000 1
9148.960000 0.000000 1
9152.320000 0.000000 1
9155.680000 0.000000 1
9159.040000 0.000000 1
9162.400000 0.000000 1
9165.760000 0.000000 1
9169.120000 0.000000 1
9172.480000 0.000000 1
9175.840000 0.000000 1
9179.200000 0.000000 1
9182.560000 0.000000 1
9185.920000 0.000000 1
9189.280000 0.000000 1
9192.640000 0.000000 1
9196.000000 0.000000 1
9199.360000 0.000000 1
9202.720000 0.000000 1
9206.080000 0.000000 1
9209.440000 0.000000 1
9212.800000 0.000000 1
9216.160000 0.000000 1
9219.520000 0.000000 1
9222.880000 0.000000 1
9226.240000 0.000000 1
9229.600000 0.000000 1
9232.960000 0.000000 1
9236.320000 0.000000 1
9239.680000 0.000000 1
9243.040000 0.000000 1
9246.400000 0.000000 1
9249.760000 0.000000 1
