# obs: 255720-25fits
# slit: 18
# z: 0.98032
# lines: [OII],K,H,4000{AA}-break
# spec: 287
5120.830078 0.000000 1
5122.490078 0.000000 1
5124.150078 0.000000 1
5125.810078 0.000000 1
5127.470078 0.000000 1
5129.130078 0.000000 1
5130.790078 0.000000 1
5132.450078 0.000000 1
5134.110078 0.000000 1
5135.770078 0.000000 1
5137.430078 0.000000 1
5139.090078 0.000000 1
5140.750078 0.000000 1
5142.410078 0.000000 1
5144.070078 0.000000 1
5145.730078 0.000000 1
5147.390078 0.000000 1
5149.050078 0.000000 1
5150.710078 0.000000 1
5152.370078 0.000000 1
5154.030078 0.000000 1
5155.690078 0.000000 1
5157.350078 0.000000 1
5159.010078 0.000000 1
5160.670078 0.000000 1
5162.330078 0.000000 1
5163.990078 0.000000 1
5165.650078 0.000000 1
5167.310078 0.000000 1
5168.970078 0.000000 1
5170.630078 0.000000 1
5172.290078 0.000000 1
5173.950078 0.000000 1
5175.610078 0.000000 1
5177.270078 0.000000 1
5178.930078 0.000000 1
5180.590078 0.000000 1
5182.250078 0.000000 1
5183.910078 0.000000 1
5185.570078 0.000000 1
5187.230078 0.000000 1
5188.890078 0.000000 1
5190.550078 0.000000 1
5192.210078 0.000000 1
5193.870078 0.000000 1
5195.530078 0.000000 1
5197.190078 0.000000 1
5198.850078 0.000000 1
5200.510078 0.000000 1
5202.170078 0.000000 1
5203.830078 0.000000 1
5205.490078 0.000000 1
5207.150078 0.000000 1
5208.810078 0.000000 1
5210.470078 0.000000 1
5212.130078 0.000000 1
5213.790078 0.000000 1
5215.450078 0.000000 1
5217.110078 0.000000 1
5218.770078 0.000000 1
5220.430078 0.000000 1
5222.090078 0.000000 1
5223.750078 0.000000 1
5225.410078 0.000000 1
5227.070078 0.000000 1
5228.730078 0.000000 1
5230.390078 0.000000 1
5232.050078 0.000000 1
5233.710078 0.000000 1
5235.370078 0.000000 1
5237.030078 0.000000 1
5238.690078 0.000000 1
5240.350078 0.000000 1
5242.010078 0.000000 1
5243.670078 0.000000 1
5245.330078 0.000000 1
5246.990078 0.000000 1
5248.650078 0.000000 1
5250.310078 0.000000 1
5251.970078 0.000000 1
5253.630078 0.000000 1
5255.290078 0.000000 1
5256.950078 0.000000 1
5258.610078 0.000000 1
5260.270078 0.000000 1
5261.930078 0.000000 1
5263.590078 0.000000 1
5265.250078 0.000000 1
5266.910078 0.000000 1
5268.570078 0.000000 1
5270.230078 0.000000 1
5271.890078 0.000000 1
5273.550078 0.000000 1
5275.210078 0.000000 1
5276.870078 0.000000 1
5278.530078 0.000000 1
5280.190078 0.000000 1
5281.850078 0.000000 1
5283.510078 0.000000 1
5285.170078 0.000000 1
5286.830078 0.000000 1
5288.490078 0.000000 1
5290.150078 0.000000 1
5291.810078 0.000000 1
5293.470078 0.000000 1
5295.130078 0.000000 1
5296.790078 0.000000 1
5298.450078 0.000000 1
5300.110078 0.000000 1
5301.770078 0.000000 1
5303.430078 0.000000 1
5305.090078 0.000000 1
5306.750078 0.000000 1
5308.410078 0.000000 1
5310.070078 0.000000 1
5311.730078 0.000000 1
5313.390078 0.000000 1
5315.050078 0.000000 1
5316.710078 0.000000 1
5318.370078 0.000000 1
5320.030078 0.000000 1
5321.690078 0.000000 1
5323.350078 0.000000 1
5325.010078 0.000000 1
5326.670078 0.000000 1
5328.330078 0.003011 0
5329.990078 0.012069 0
5331.650078 0.012856 0
5333.310078 -0.000433 0
5334.970078 0.004118 0
5336.630078 -0.001404 0
5338.290078 -0.003592 0
5339.950078 -0.001011 0
5341.610078 0.004620 0
5343.270078 -0.001442 0
5344.930078 -0.000963 0
5346.590078 -0.000692 0
5348.250078 0.003549 0
5349.910078 0.001960 0
5351.570078 -0.000855 0
5353.230078 0.002868 0
5354.890078 -0.003358 0
5356.550078 0.000926 0
5358.210078 0.011880 0
5359.870078 0.002382 0
5361.530078 -0.001922 0
5363.190078 -0.000435 0
5364.850078 -0.002493 0
5366.510078 0.000923 0
5368.170078 0.001719 0
5369.830078 -0.001965 0
5371.490078 0.002224 0
5373.150078 0.003474 0
5374.810078 -0.000356 0
5376.470078 0.003645 0
5378.130078 0.001232 0
5379.790078 -0.002135 0
5381.450078 0.001691 0
5383.110078 0.004300 0
5384.770078 0.008501 0
5386.430078 0.007171 0
5388.090078 -0.002220 0
5389.750078 0.002935 0
5391.410078 -0.001215 0
5393.070078 0.005510 0
5394.730078 0.008302 0
5396.390078 0.002583 0
5398.050078 0.006067 0
5399.710078 0.010187 0
5401.370078 0.008133 0
5403.030078 0.003135 0
5404.690078 0.004155 0
5406.350078 0.004067 0
5408.010078 0.004462 0
5409.670078 0.001840 0
5411.330078 -0.003896 0
5412.990078 -0.000254 0
5414.650078 -0.002893 0
5416.310078 -0.003487 0
5417.970078 0.005703 0
5419.630078 0.010392 0
5421.290078 0.001391 0
5422.950078 -0.001864 0
5424.610078 0.001771 0
5426.270078 0.001572 0
5427.930078 0.007170 0
5429.590078 0.001702 0
5431.250078 0.005161 0
5432.910078 0.007779 0
5434.570078 0.001669 0
5436.230078 0.001223 0
5437.890078 0.004888 0
5439.550078 0.001639 0
5441.210078 -0.000244 0
5442.870078 0.004972 0
5444.530078 0.002694 0
5446.190078 0.004076 0
5447.850078 0.005230 0
5449.510078 0.002438 0
5451.170078 -0.002236 0
5452.830078 -0.000437 0
5454.490078 -0.000460 0
5456.150078 0.008771 0
5457.810078 0.005934 0
5459.470078 0.000115 0
5461.130078 0.003658 0
5462.790078 -0.003439 0
5464.450078 -0.007471 0
5466.110078 0.005087 0
5467.770078 0.003763 0
5469.430078 0.001121 0
5471.090078 -0.002644 0
5472.750078 0.010296 0
5474.410078 0.005753 0
5476.070078 0.000097 0
5477.730078 -0.002769 0
5479.390078 0.001522 0
5481.050078 -0.003045 0
5482.710078 0.000410 0
5484.370078 0.003344 0
5486.030078 0.001366 0
5487.690078 -0.002604 0
5489.350078 -0.001300 0
5491.010078 0.007614 0
5492.670078 0.001353 0
5494.330078 0.004119 0
5495.990078 0.003135 0
5497.650078 0.006061 0
5499.310078 0.002674 0
5500.970078 -0.001689 0
5502.630078 -0.002326 0
5504.290078 -0.001198 0
5505.950078 0.005843 0
5507.610078 -0.000398 0
5509.270078 -0.004809 0
5510.930078 -0.001604 0
5512.590078 -0.007048 0
5514.250078 0.000489 0
5515.910078 -0.000667 0
5517.570078 0.001573 0
5519.230078 0.001490 0
5520.890078 -0.003253 0
5522.550078 -0.001836 0
5524.210078 -0.000118 0
5525.870078 -0.003193 0
5527.530078 0.004680 0
5529.190078 -0.001258 0
5530.850078 -0.000711 0
5532.510078 -0.000212 0
5534.170078 0.005880 0
5535.830078 -0.002810 0
5537.490078 0.005210 0
5539.150078 0.001857 0
5540.810078 0.000734 0
5542.470078 -0.003530 0
5544.130078 0.004856 0
5545.790078 0.003124 0
5547.450078 0.004871 0
5549.110078 -0.003131 0
5550.770078 0.000777 0
5552.430078 0.001123 0
5554.090078 0.000229 0
5555.750078 0.005022 0
5557.410078 0.003006 0
5559.070078 -0.002647 0
5560.730078 -0.005809 0
5562.390078 0.002202 0
5564.050078 0.004890 0
5565.710078 0.011078 0
5567.370078 0.005639 0
5569.030078 -0.001325 0
5570.690078 -0.001591 1
5572.350078 -0.003210 1
5574.010078 0.081627 1
5575.670078 -0.007934 1
5577.330078 -0.016754 1
5578.990078 -0.013035 1
5580.650078 -0.062367 1
5582.310078 -0.002567 1
5583.970078 0.008055 1
5585.630078 0.005281 0
5587.290078 -0.000065 0
5588.950078 0.011807 0
5590.610078 0.010089 0
5592.270078 0.005877 0
5593.930078 0.001709 0
5595.590078 0.005685 0
5597.250078 0.001984 0
5598.910078 0.001972 0
5600.570078 -0.004826 0
5602.230078 -0.000935 0
5603.890078 0.008787 0
5605.550078 0.002339 0
5607.210078 0.004390 0
5608.870078 0.004698 0
5610.530078 0.007375 0
5612.190078 0.001604 0
5613.850078 -0.003749 0
5615.510078 0.008843 0
5617.170078 0.000966 0
5618.830078 0.005628 0
5620.490078 0.003719 0
5622.150078 0.000597 0
5623.810078 0.000353 0
5625.470078 0.002462 0
5627.130078 0.001900 0
5628.790078 0.004623 0
5630.450078 0.003810 0
5632.110078 0.006790 0
5633.770078 -0.001131 0
5635.430078 0.002606 0
5637.090078 0.003217 0
5638.750078 0.004764 0
5640.410078 0.005102 0
5642.070078 0.008063 0
5643.730078 0.000789 0
5645.390078 0.007238 0
5647.050078 -0.002916 0
5648.710078 0.000943 0
5650.370078 0.002011 0
5652.030078 0.006222 0
5653.690078 0.002154 0
5655.350078 0.005159 0
5657.010078 -0.001302 0
5658.670078 0.001744 0
5660.330078 -0.000924 0
5661.990078 0.011732 0
5663.650078 0.010054 0
5665.310078 -0.003391 0
5666.970078 -0.000439 0
5668.630078 0.007937 0
5670.290078 0.004151 0
5671.950078 0.008827 0
5673.610078 0.004600 0
5675.270078 0.003329 0
5676.930078 0.001108 0
5678.590078 -0.000137 0
5680.250078 0.012589 0
5681.910078 0.010819 0
5683.570078 0.008510 0
5685.230078 0.011131 0
5686.890078 0.002359 0
5688.550078 0.006540 0
5690.210078 0.003474 0
5691.870078 0.004696 0
5693.530078 0.005522 0
5695.190078 0.006610 0
5696.850078 0.003805 0
5698.510078 -0.000696 0
5700.170078 -0.001653 0
5701.830078 -0.000615 0
5703.490078 0.002319 0
5705.150078 0.001970 0
5706.810078 0.014432 0
5708.470078 -0.001142 0
5710.130078 -0.005626 0
5711.790078 0.001365 0
5713.450078 0.006417 0
5715.110078 0.004991 0
5716.770078 0.012473 0
5718.430078 0.002295 0
5720.090078 0.000893 0
5721.750078 0.002631 0
5723.410078 0.008639 0
5725.070078 0.000709 0
5726.730078 0.005717 0
5728.390078 0.005260 0
5730.050078 0.001295 0
5731.710078 0.004872 0
5733.370078 0.005121 0
5735.030078 0.002671 0
5736.690078 0.002150 0
5738.350078 0.004661 0
5740.010078 0.003228 0
5741.670078 0.003630 0
5743.330078 0.006483 0
5744.990078 0.009480 0
5746.650078 -0.000294 0
5748.310078 0.000500 0
5749.970078 0.002391 0
5751.630078 0.008766 0
5753.290078 -0.001164 0
5754.950078 0.001738 0
5756.610078 0.002729 0
5758.270078 0.001693 0
5759.930078 0.005045 0
5761.590078 0.007749 0
5763.250078 0.005694 0
5764.910078 0.009541 0
5766.570078 0.006977 0
5768.230078 -0.001729 0
5769.890078 0.009174 0
5771.550078 0.003634 0
5773.210078 0.007337 0
5774.870078 0.006027 0
5776.530078 0.001979 0
5778.190078 0.004341 0
5779.850078 0.003671 0
5781.510078 -0.001079 0
5783.170078 0.004529 0
5784.830078 0.005213 0
5786.490078 0.006502 0
5788.150078 0.009336 0
5789.810078 0.006649 0
5791.470078 0.003930 0
5793.130078 -0.000994 0
5794.790078 0.001571 0
5796.450078 0.008410 0
5798.110078 0.003844 0
5799.770078 0.007127 0
5801.430078 0.003669 0
5803.090078 0.007001 0
5804.750078 0.005371 0
5806.410078 0.003652 0
5808.070078 0.003555 0
5809.730078 0.005970 0
5811.390078 0.006592 0
5813.050078 0.005019 0
5814.710078 0.010635 0
5816.370078 -0.001418 0
5818.030078 0.008469 0
5819.690078 -0.000130 0
5821.350078 0.008692 0
5823.010078 0.001028 0
5824.670078 0.000087 0
5826.330078 0.010956 0
5827.990078 0.009844 0
5829.650078 0.005284 0
5831.310078 0.004512 0
5832.970078 0.003368 0
5834.630078 0.003902 0
5836.290078 0.000531 0
5837.950078 0.003496 0
5839.610078 0.008280 0
5841.270078 0.006511 0
5842.930078 0.002929 0
5844.590078 -0.003241 0
5846.250078 0.006563 0
5847.910078 0.003041 0
5849.570078 0.006701 0
5851.230078 0.006129 0
5852.890078 0.003834 0
5854.550078 0.007933 0
5856.210078 -0.000459 0
5857.870078 0.005549 0
5859.530078 0.003567 0
5861.190078 -0.001981 0
5862.850078 0.004972 0
5864.510078 0.006353 0
5866.170078 0.004398 0
5867.830078 0.000363 0
5869.490078 0.004879 0
5871.150078 0.004487 0
5872.810078 0.008662 0
5874.470078 0.007644 0
5876.130078 0.003236 0
5877.790078 0.008890 0
5879.450078 0.007702 0
5881.110078 0.003248 0
5882.770078 0.001776 0
5884.430078 0.001146 0
5886.090078 0.013205 0
5887.750078 0.015887 0
5889.410078 -0.003164 0
5891.070078 0.001982 0
5892.730078 0.002830 0
5894.390078 0.002187 0
5896.050078 0.001231 0
5897.710078 0.010722 0
5899.370078 0.005112 0
5901.030078 0.006182 0
5902.690078 0.009258 0
5904.350078 0.004574 0
5906.010078 0.002650 0
5907.670078 0.002741 0
5909.330078 0.009881 0
5910.990078 0.007664 0
5912.650078 0.008643 0
5914.310078 0.006472 0
5915.970078 0.007979 0
5917.630078 0.006576 0
5919.290078 0.003021 0
5920.950078 0.008873 0
5922.610078 0.005625 0
5924.270078 0.000088 0
5925.930078 0.004732 0
5927.590078 0.007210 0
5929.250078 0.004578 0
5930.910078 0.008287 0
5932.570078 0.003200 0
5934.230078 0.005495 0
5935.890078 0.003187 0
5937.550078 0.006573 0
5939.210078 0.004059 0
5940.870078 -0.000340 0
5942.530078 0.005195 0
5944.190078 0.004904 0
5945.850078 0.007829 0
5947.510078 0.010153 0
5949.170078 0.002929 0
5950.830078 0.010202 0
5952.490078 0.007585 0
5954.150078 0.011666 0
5955.810078 0.005209 0
5957.470078 -0.003182 0
5959.130078 0.003795 0
5960.790078 0.001503 0
5962.450078 0.004958 0
5964.110078 0.003027 0
5965.770078 0.007365 0
5967.430078 0.004783 0
5969.090078 0.003584 0
5970.750078 0.004545 0
5972.410078 0.008478 0
5974.070078 -0.000560 0
5975.730078 -0.001026 0
5977.390078 0.007481 0
5979.050078 -0.005148 0
5980.710078 0.008813 0
5982.370078 0.006424 0
5984.030078 0.001026 0
5985.690078 -0.000693 0
5987.350078 0.004385 0
5989.010078 0.004035 0
5990.670078 0.007680 0
5992.330078 0.004228 0
5993.990078 0.003337 0
5995.650078 0.000857 0
5997.310078 0.006584 0
5998.970078 0.007340 0
6000.630078 0.006641 0
6002.290078 0.004945 0
6003.950078 0.001404 0
6005.610078 0.007393 0
6007.270078 0.010520 0
6008.930078 0.012199 0
6010.590078 0.003883 0
6012.250078 0.003067 0
6013.910078 0.000870 0
6015.570078 0.005166 0
6017.230078 0.010708 0
6018.890078 0.007736 0
6020.550078 0.003825 0
6022.210078 0.002287 0
6023.870078 0.010268 0
6025.530078 0.010761 0
6027.190078 0.002412 0
6028.850078 0.004570 0
6030.510078 0.006210 0
6032.170078 0.005847 0
6033.830078 0.006744 0
6035.490078 0.005330 0
6037.150078 0.006107 0
6038.810078 -0.003409 0
6040.470078 -0.001121 0
6042.130078 0.004079 0
6043.790078 0.007255 0
6045.450078 0.009327 0
6047.110078 0.007861 0
6048.770078 0.008558 0
6050.430078 -0.001039 0
6052.090078 -0.005167 0
6053.750078 0.010686 0
6055.410078 0.004866 0
6057.070078 0.007100 0
6058.730078 0.000196 0
6060.390078 0.001601 0
6062.050078 0.008903 0
6063.710078 0.000202 0
6065.370078 0.002288 0
6067.030078 0.004350 0
6068.690078 0.000990 0
6070.350078 0.009928 0
6072.010078 0.009021 0
6073.670078 0.002825 0
6075.330078 0.000499 0
6076.990078 0.007462 0
6078.650078 0.009743 0
6080.310078 0.003169 0
6081.970078 0.004762 0
6083.630078 0.005251 0
6085.290078 0.002380 0
6086.950078 0.002679 0
6088.610078 0.010084 0
6090.270078 0.005751 0
6091.930078 0.002096 0
6093.590078 0.003601 0
6095.250078 0.002485 0
6096.910078 0.004546 0
6098.570078 0.000546 0
6100.230078 0.001973 0
6101.890078 0.001954 0
6103.550078 0.006065 0
6105.210078 0.008017 0
6106.870078 0.003696 0
6108.530078 0.007244 0
6110.190078 0.003819 0
6111.850078 0.011456 0
6113.510078 0.001294 0
6115.170078 0.000396 0
6116.830078 0.006855 0
6118.490078 0.008496 0
6120.150078 0.008361 0
6121.810078 0.006634 0
6123.470078 -0.001658 0
6125.130078 0.001945 0
6126.790078 0.004043 0
6128.450078 0.004094 0
6130.110078 0.005060 0
6131.770078 0.000969 0
6133.430078 0.004975 0
6135.090078 0.003183 0
6136.750078 0.004644 0
6138.410078 0.000469 0
6140.070078 0.000454 0
6141.730078 0.003804 0
6143.390078 0.004776 0
6145.050078 0.008031 0
6146.710078 0.006734 0
6148.370078 0.003712 0
6150.030078 0.008170 0
6151.690078 0.004360 0
6153.350078 0.008030 0
6155.010078 0.015164 0
6156.670078 0.005062 0
6158.330078 0.007068 0
6159.990078 0.005552 0
6161.650078 0.005678 0
6163.310078 0.006467 0
6164.970078 0.005985 0
6166.630078 0.008341 0
6168.290078 0.004025 0
6169.950078 0.001207 0
6171.610078 0.002541 0
6173.270078 0.001411 0
6174.930078 0.005256 0
6176.590078 0.002361 0
6178.250078 -0.001315 0
6179.910078 0.004116 0
6181.570078 0.007461 0
6183.230078 -0.001057 0
6184.890078 0.009335 0
6186.550078 0.009136 0
6188.210078 0.009992 0
6189.870078 0.013846 0
6191.530078 0.004158 0
6193.190078 0.003433 0
6194.850078 0.003977 0
6196.510078 0.002372 0
6198.170078 0.011422 0
6199.830078 0.008153 0
6201.490078 0.005936 0
6203.150078 0.002324 0
6204.810078 -0.001450 0
6206.470078 0.010683 0
6208.130078 0.005179 0
6209.790078 0.002482 0
6211.450078 0.006703 0
6213.110078 0.006013 0
6214.770078 0.010290 0
6216.430078 0.007943 0
6218.090078 0.003207 0
6219.750078 0.004368 0
6221.410078 0.009379 0
6223.070078 0.007511 0
6224.730078 0.007505 0
6226.390078 0.007203 0
6228.050078 0.007790 0
6229.710078 0.007702 0
6231.370078 0.005987 0
6233.030078 0.013523 0
6234.690078 -0.001004 0
6236.350078 0.004866 0
6238.010078 0.007910 0
6239.670078 0.012238 0
6241.330078 0.000189 0
6242.990078 0.003798 0
6244.650078 0.003848 0
6246.310078 0.008088 0
6247.970078 0.006571 0
6249.630078 0.001950 0
6251.290078 0.004423 0
6252.950078 0.006770 0
6254.610078 0.005521 0
6256.270078 0.002746 0
6257.930078 0.002414 0
6259.590078 0.000152 0
6261.250078 0.004929 0
6262.910078 0.005383 0
6264.570078 0.006273 0
6266.230078 0.009844 0
6267.890078 0.005627 0
6269.550078 0.001798 0
6271.210078 0.003185 0
6272.870078 0.006724 0
6274.530078 0.007544 0
6276.190078 0.004603 0
6277.850078 0.002814 0
6279.510078 0.005477 0
6281.170078 0.000099 0
6282.830078 0.003250 0
6284.490078 0.002655 0
6286.150078 0.006846 0
6287.810078 0.010908 0
6289.470078 0.012048 0
6291.130078 0.003529 0
6292.790078 0.007128 0
6294.450078 0.008677 1
6296.110078 0.000050 1
6297.770078 -0.000526 1
6299.430078 0.015357 1
6301.090078 0.000140 1
6302.750078 0.021635 1
6304.410078 0.016528 1
6306.070078 0.010456 1
6307.730078 0.003687 1
6309.390078 0.003784 0
6311.050078 0.005019 0
6312.710078 0.010903 0
6314.370078 0.008480 0
6316.030078 0.005448 0
6317.690078 0.003806 0
6319.350078 0.006874 0
6321.010078 0.008003 0
6322.670078 0.002478 0
6324.330078 0.008454 0
6325.990078 0.005646 0
6327.650078 0.004006 0
6329.310078 0.005847 0
6330.970078 0.006360 0
6332.630078 0.007864 0
6334.290078 0.006300 0
6335.950078 0.009679 0
6337.610078 0.012395 0
6339.270078 0.003177 0
6340.930078 0.008110 0
6342.590078 0.008092 0
6344.250078 0.010318 0
6345.910078 0.006770 0
6347.570078 0.008676 0
6349.230078 0.010723 0
6350.890078 0.011913 0
6352.550078 0.011341 0
6354.210078 0.008818 0
6355.870078 0.006718 0
6357.530078 0.005005 0
6359.190078 0.005370 0
6360.850078 0.003877 0
6362.510078 0.020621 0
6364.170078 -0.003750 0
6365.830078 0.009052 0
6367.490078 0.009111 0
6369.150078 0.008629 0
6370.810078 0.011477 0
6372.470078 0.006999 0
6374.130078 0.005277 0
6375.790078 0.006750 0
6377.450078 0.013943 0
6379.110078 0.007960 0
6380.770078 0.005077 0
6382.430078 0.006788 0
6384.090078 0.008537 0
6385.750078 0.010049 0
6387.410078 0.008858 0
6389.070078 0.007847 0
6390.730078 0.005945 0
6392.390078 0.007463 0
6394.050078 0.007264 0
6395.710078 0.009726 0
6397.370078 0.004065 0
6399.030078 0.003348 0
6400.690078 0.009291 0
6402.350078 0.008074 0
6404.010078 0.009033 0
6405.670078 0.003192 0
6407.330078 0.000703 0
6408.990078 0.005303 0
6410.650078 0.011009 0
6412.310078 0.008871 0
6413.970078 0.004524 0
6415.630078 0.008099 0
6417.290078 0.008557 0
6418.950078 0.008059 0
6420.610078 0.005121 0
6422.270078 0.005790 0
6423.930078 0.011836 0
6425.590078 0.003546 0
6427.250078 0.010296 0
6428.910078 0.004095 0
6430.570078 0.008154 0
6432.230078 0.014375 0
6433.890078 0.011933 0
6435.550078 0.011407 0
6437.210078 0.006751 0
6438.870078 0.001446 0
6440.530078 0.009142 0
6442.190078 0.008369 0
6443.850078 0.005920 0
6445.510078 0.006357 0
6447.170078 0.013633 0
6448.830078 0.013723 0
6450.490078 0.009320 0
6452.150078 0.008094 0
6453.810078 0.008484 0
6455.470078 0.010769 0
6457.130078 0.010147 0
6458.790078 0.009384 0
6460.450078 0.010833 0
6462.110078 0.006235 0
6463.770078 0.009616 0
6465.430078 0.014792 0
6467.090078 0.007497 0
6468.750078 0.012094 0
6470.410078 0.007764 0
6472.070078 0.011316 0
6473.730078 0.010653 0
6475.390078 0.014785 0
6477.050078 0.009729 0
6478.710078 0.009024 0
6480.370078 0.010802 0
6482.030078 0.012137 0
6483.690078 0.014336 0
6485.350078 0.005256 0
6487.010078 0.009368 0
6488.670078 0.009409 0
6490.330078 0.010189 0
6491.990078 0.011334 0
6493.650078 0.008756 0
6495.310078 0.013571 0
6496.970078 0.010155 0
6498.630078 0.009852 0
6500.290078 0.004008 0
6501.950078 0.005085 0
6503.610078 0.008756 0
6505.270078 0.006064 0
6506.930078 0.014023 0
6508.590078 0.010832 0
6510.250078 0.008389 0
6511.910078 0.011820 0
6513.570078 0.003892 0
6515.230078 0.010060 0
6516.890078 0.013634 0
6518.550078 0.015524 0
6520.210078 0.010393 0
6521.870078 0.010313 0
6523.530078 0.014924 0
6525.190078 0.017300 0
6526.850078 0.006771 0
6528.510078 0.010099 0
6530.170078 0.005958 0
6531.830078 0.012590 0
6533.490078 0.012505 0
6535.150078 0.007500 0
6536.810078 0.012963 0
6538.470078 0.009761 0
6540.130078 0.008976 0
6541.790078 0.010211 0
6543.450078 0.011756 0
6545.110078 0.009328 0
6546.770078 0.011352 0
6548.430078 0.012215 0
6550.090078 0.004648 0
6551.750078 0.005372 0
6553.410078 0.002374 0
6555.070078 0.015418 0
6556.730078 0.018615 0
6558.390078 0.011206 0
6560.050078 0.008902 0
6561.710078 0.007038 0
6563.370078 0.009963 0
6565.030078 0.011409 0
6566.690078 0.007333 0
6568.350078 0.004823 0
6570.010078 0.009037 0
6571.670078 0.010539 0
6573.330078 0.012198 0
6574.990078 0.009808 0
6576.650078 0.008118 0
6578.310078 0.013436 0
6579.970078 0.009300 0
6581.630078 0.015172 0
6583.290078 0.011143 0
6584.950078 0.008767 0
6586.610078 0.010458 0
6588.270078 0.009087 0
6589.930078 0.008673 0
6591.590078 0.006990 0
6593.250078 0.009330 0
6594.910078 0.013533 0
6596.570078 0.013429 0
6598.230078 0.007158 0
6599.890078 0.004761 0
6601.550078 0.012666 0
6603.210078 0.012935 0
6604.870078 0.011006 0
6606.530078 0.010373 0
6608.190078 0.007557 0
6609.850078 0.011644 0
6611.510078 0.005492 0
6613.170078 0.009237 0
6614.830078 0.012174 0
6616.490078 0.010193 0
6618.150078 0.013620 0
6619.810078 0.012636 0
6621.470078 0.009722 0
6623.130078 0.004539 0
6624.790078 0.010234 0
6626.450078 0.008647 0
6628.110078 0.009730 0
6629.770078 0.013343 0
6631.430078 0.011315 0
6633.090078 0.007035 0
6634.750078 0.004501 0
6636.410078 0.007146 0
6638.070078 0.008651 0
6639.730078 0.009641 0
6641.390078 0.010990 0
6643.050078 0.009880 0
6644.710078 0.016901 0
6646.370078 0.013624 0
6648.030078 0.014351 0
6649.690078 0.009583 0
6651.350078 0.012531 0
6653.010078 0.013120 0
6654.670078 0.009032 0
6656.330078 0.008177 0
6657.990078 0.013091 0
6659.650078 0.002786 0
6661.310078 0.007773 0
6662.970078 0.011267 0
6664.630078 0.009302 0
6666.290078 0.010020 0
6667.950078 0.010250 0
6669.610078 0.009231 0
6671.270078 0.012054 0
6672.930078 0.009998 0
6674.590078 0.011060 0
6676.250078 0.010134 0
6677.910078 0.009000 0
6679.570078 0.010132 0
6681.230078 0.013856 0
6682.890078 0.007369 0
6684.550078 0.011596 0
6686.210078 0.009673 0
6687.870078 0.013874 0
6689.530078 0.014904 0
6691.190078 0.010033 0
6692.850078 0.005214 0
6694.510078 0.012624 0
6696.170078 0.014461 0
6697.830078 0.014622 0
6699.490078 0.012836 0
6701.150078 0.012310 0
6702.810078 0.009277 0
6704.470078 0.016885 0
6706.130078 0.009946 0
6707.790078 0.012912 0
6709.450078 0.016604 0
6711.110078 0.008342 0
6712.770078 0.010190 0
6714.430078 0.013014 0
6716.090078 0.011313 0
6717.750078 0.012031 0
6719.410078 0.003782 0
6721.070078 0.009825 0
6722.730078 0.014512 0
6724.390078 0.007616 0
6726.050078 0.007997 0
6727.710078 0.009105 0
6729.370078 0.010762 0
6731.030078 0.013185 0
6732.690078 0.012669 0
6734.350078 0.007287 0
6736.010078 0.009996 0
6737.670078 0.011590 0
6739.330078 0.011801 0
6740.990078 0.019233 0
6742.650078 0.013853 0
6744.310078 0.012977 0
6745.970078 0.009502 0
6747.630078 0.005246 0
6749.290078 0.008894 0
6750.950078 0.008723 0
6752.610078 0.010781 0
6754.270078 0.007620 0
6755.930078 0.013048 0
6757.590078 0.011023 0
6759.250078 0.017193 0
6760.910078 0.011783 0
6762.570078 0.007380 0
6764.230078 0.013019 0
6765.890078 0.012362 0
6767.550078 0.011417 0
6769.210078 0.013004 0
6770.870078 0.012543 0
6772.530078 0.006242 0
6774.190078 0.011819 0
6775.850078 0.010560 0
6777.510078 0.009063 0
6779.170078 0.010523 0
6780.830078 0.009404 0
6782.490078 0.008203 0
6784.150078 0.011095 0
6785.810078 0.010629 0
6787.470078 0.008984 0
6789.130078 0.007631 0
6790.790078 0.008195 0
6792.450078 0.010399 0
6794.110078 0.014858 0
6795.770078 0.018928 0
6797.430078 0.011229 0
6799.090078 0.009795 0
6800.750078 0.010193 0
6802.410078 0.009889 0
6804.070078 0.014043 0
6805.730078 0.011722 0
6807.390078 0.011880 0
6809.050078 0.013021 0
6810.710078 0.008183 0
6812.370078 0.009808 0
6814.030078 0.009918 0
6815.690078 0.006854 0
6817.350078 0.003637 0
6819.010078 0.006645 0
6820.670078 0.011335 0
6822.330078 0.010189 0
6823.990078 0.010294 0
6825.650078 0.006979 0
6827.310078 0.012050 0
6828.970078 0.011019 0
6830.630078 0.010235 0
6832.290078 0.012456 0
6833.950078 0.019263 0
6835.610078 0.023061 0
6837.270078 0.014722 0
6838.930078 0.007234 0
6840.590078 0.012231 0
6842.250078 0.010465 0
6843.910078 0.012320 0
6845.570078 0.013888 0
6847.230078 0.008620 0
6848.890078 0.010152 0
6850.550078 0.011466 0
6852.210078 0.012854 0
6853.870078 0.007892 0
6855.530078 0.007034 0
6857.190078 0.010073 0
6858.850078 0.011470 0
6860.510078 -0.000711 0
6862.170078 0.001279 0
6863.830078 0.010473 0
6865.490078 0.017536 0
6867.150078 0.012097 0
6868.810078 0.004256 0
6870.470078 0.007267 0
6872.130078 0.010812 0
6873.790078 0.007854 0
6875.450078 0.008888 0
6877.110078 0.012173 0
6878.770078 0.007157 0
6880.430078 0.010785 0
6882.090078 0.010384 0
6883.750078 0.012807 0
6885.410078 0.011452 0
6887.070078 0.008443 0
6888.730078 0.008058 0
6890.390078 0.013606 0
6892.050078 0.015116 0
6893.710078 0.008274 0
6895.370078 0.011429 0
6897.030078 0.009376 0
6898.690078 0.009111 0
6900.350078 0.006791 0
6902.010078 0.007579 0
6903.670078 0.004241 0
6905.330078 0.009017 0
6906.990078 0.009914 0
6908.650078 0.008218 0
6910.310078 0.014991 0
6911.970078 0.006890 0
6913.630078 0.007299 0
6915.290078 0.012324 0
6916.950078 0.010421 0
6918.610078 0.007520 0
6920.270078 0.013394 0
6921.930078 0.010461 0
6923.590078 0.009563 0
6925.250078 0.004306 0
6926.910078 0.006196 0
6928.570078 0.010946 0
6930.230078 0.014708 0
6931.890078 0.010299 0
6933.550078 0.007624 0
6935.210078 0.012702 0
6936.870078 0.017121 0
6938.530078 0.015017 0
6940.190078 0.013000 0
6941.850078 0.019931 0
6943.510078 0.010819 0
6945.170078 0.010671 0
6946.830078 0.015107 0
6948.490078 0.010947 0
6950.150078 0.008774 0
6951.810078 0.018653 0
6953.470078 0.009100 0
6955.130078 0.012652 0
6956.790078 0.008966 0
6958.450078 0.014608 0
6960.110078 0.011835 0
6961.770078 0.009313 0
6963.430078 0.007024 0
6965.090078 0.009765 0
6966.750078 0.016993 0
6968.410078 0.015104 0
6970.070078 0.010439 0
6971.730078 0.007858 0
6973.390078 0.011360 0
6975.050078 0.016410 0
6976.710078 0.012713 0
6978.370078 0.015687 0
6980.030078 0.013184 0
6981.690078 0.007409 0
6983.350078 0.012759 0
6985.010078 0.014581 0
6986.670078 0.013274 0
6988.330078 0.010750 0
6989.990078 0.008223 0
6991.650078 0.011641 0
6993.310078 0.011474 0
6994.970078 0.013860 0
6996.630078 0.014330 0
6998.290078 0.012553 0
6999.950078 0.013494 0
7001.610078 0.013799 0
7003.270078 0.013916 0
7004.930078 0.011516 0
7006.590078 0.015980 0
7008.250078 0.010888 0
7009.910078 0.008741 0
7011.570078 0.013798 0
7013.230078 0.014885 0
7014.890078 0.011705 0
7016.550078 0.006591 0
7018.210078 0.008808 0
7019.870078 0.010478 0
7021.530078 0.010516 0
7023.190078 0.011393 0
7024.850078 0.013729 0
7026.510078 0.009666 0
7028.170078 0.015331 0
7029.830078 0.014996 0
7031.490078 0.014159 0
7033.150078 0.013991 0
7034.810078 0.014934 0
7036.470078 0.014825 0
7038.130078 0.014817 0
7039.790078 0.013303 0
7041.450078 0.014727 0
7043.110078 0.013725 0
7044.770078 0.010639 0
7046.430078 0.013189 0
7048.090078 0.014810 0
7049.750078 0.014980 0
7051.410078 0.014569 0
7053.070078 0.010111 0
7054.730078 0.009362 0
7056.390078 0.015759 0
7058.050078 0.012379 0
7059.710078 0.010293 0
7061.370078 0.013883 0
7063.030078 0.011271 0
7064.690078 0.009281 0
7066.350078 0.011144 0
7068.010078 0.013886 0
7069.670078 0.010548 0
7071.330078 0.006831 0
7072.990078 0.009415 0
7074.650078 0.011444 0
7076.310078 0.009976 0
7077.970078 0.010734 0
7079.630078 0.009491 0
7081.290078 0.011107 0
7082.950078 0.011563 0
7084.610078 0.014656 0
7086.270078 0.007380 0
7087.930078 0.011278 0
7089.590078 0.011058 0
7091.250078 0.007315 0
7092.910078 0.007609 0
7094.570078 0.010423 0
7096.230078 0.009594 0
7097.890078 0.007478 0
7099.550078 0.009592 0
7101.210078 0.007322 0
7102.870078 0.011528 0
7104.530078 0.008059 0
7106.190078 0.008910 0
7107.850078 0.010646 0
7109.510078 0.008903 0
7111.170078 0.010404 0
7112.830078 0.010391 0
7114.490078 0.008202 0
7116.150078 0.006174 0
7117.810078 0.011772 0
7119.470078 0.011445 0
7121.130078 0.012144 0
7122.790078 0.016308 0
7124.450078 0.012936 0
7126.110078 0.013741 0
7127.770078 0.014406 0
7129.430078 0.016151 0
7131.090078 0.015444 0
7132.750078 0.015509 0
7134.410078 0.017062 0
7136.070078 0.013805 0
7137.730078 0.016559 0
7139.390078 0.013487 0
7141.050078 0.007680 0
7142.710078 0.007233 0
7144.370078 0.014837 0
7146.030078 0.014282 0
7147.690078 0.013245 0
7149.350078 0.009180 0
7151.010078 0.016805 0
7152.670078 0.010739 0
7154.330078 0.010172 0
7155.990078 0.012525 0
7157.650078 0.006808 0
7159.310078 0.010672 0
7160.970078 0.010333 0
7162.630078 0.010468 0
7164.290078 0.009594 0
7165.950078 0.010922 0
7167.610078 0.009037 0
7169.270078 0.014408 0
7170.930078 0.014198 0
7172.590078 0.008430 0
7174.250078 0.009598 0
7175.910078 0.012196 0
7177.570078 0.008649 0
7179.230078 0.009194 0
7180.890078 0.011499 0
7182.550078 0.015222 0
7184.210078 0.012986 0
7185.870078 0.015270 0
7187.530078 0.012902 0
7189.190078 0.014654 0
7190.850078 0.013816 0
7192.510078 0.013556 0
7194.170078 0.011435 0
7195.830078 0.012850 0
7197.490078 0.013350 0
7199.150078 0.014868 0
7200.810078 0.013013 0
7202.470078 0.009417 0
7204.130078 0.011910 0
7205.790078 0.010177 0
7207.450078 0.014896 0
7209.110078 0.012527 0
7210.770078 0.009949 0
7212.430078 0.014156 0
7214.090078 0.010553 0
7215.750078 0.010082 0
7217.410078 0.009551 0
7219.070078 0.013303 0
7220.730078 0.012266 0
7222.390078 0.012234 0
7224.050078 0.011914 0
7225.710078 0.009763 0
7227.370078 0.010513 0
7229.030078 0.014035 0
7230.690078 0.013403 0
7232.350078 0.010261 0
7234.010078 0.011081 0
7235.670078 0.015209 0
7237.330078 0.014926 0
7238.990078 0.007648 0
7240.650078 0.014761 0
7242.310078 0.016962 0
7243.970078 0.006564 0
7245.630078 0.015443 0
7247.290078 0.021570 0
7248.950078 0.013437 0
7250.610078 0.009893 0
7252.270078 0.010228 0
7253.930078 0.022008 0
7255.590078 0.020272 0
7257.250078 0.013134 0
7258.910078 0.011769 0
7260.570078 0.007914 0
7262.230078 0.010763 0
7263.890078 0.016997 0
7265.550078 0.015311 0
7267.210078 0.018854 0
7268.870078 0.016850 0
7270.530078 0.019211 0
7272.190078 0.009254 0
7273.850078 0.020346 0
7275.510078 0.021417 0
7277.170078 0.022074 0
7278.830078 0.013897 0
7280.490078 0.019410 0
7282.150078 0.017899 0
7283.810078 0.016546 0
7285.470078 0.013304 0
7287.130078 0.004756 0
7288.790078 0.016398 0
7290.450078 0.011740 0
7292.110078 0.009903 0
7293.770078 0.014287 0
7295.430078 0.015056 0
7297.090078 0.011943 0
7298.750078 0.014008 0
7300.410078 0.013631 0
7302.070078 0.008932 0
7303.730078 0.016052 0
7305.390078 0.013055 0
7307.050078 0.013165 0
7308.710078 0.015605 0
7310.370078 0.012959 0
7312.030078 0.015343 0
7313.690078 0.022692 0
7315.350078 0.027609 0
7317.010078 0.021030 0
7318.670078 0.011139 0
7320.330078 0.018233 0
7321.990078 0.018864 0
7323.650078 0.016602 0
7325.310078 0.017610 0
7326.970078 0.019491 0
7328.630078 0.016373 0
7330.290078 0.007681 0
7331.950078 0.012456 0
7333.610078 0.014543 0
7335.270078 0.016726 1
7336.930078 0.021591 1
7338.590078 0.028446 1
7340.250078 0.011013 1
7341.910078 0.011792 1
7343.570078 0.013622 1
7345.230078 0.015262 1
7346.890078 0.012470 1
7348.550078 0.011358 0
7350.210078 0.009982 0
7351.870078 0.015261 0
7353.530078 0.018671 0
7355.190078 0.014317 0
7356.850078 0.013804 0
7358.510078 0.020240 0
7360.170078 0.014100 0
7361.830078 0.008084 0
7363.490078 0.015639 0
7365.150078 0.013682 0
7366.810078 0.021605 0
7368.470078 0.007228 0
7370.130078 0.014357 0
7371.790078 0.020495 0
7373.450078 0.012803 0
7375.110078 0.021231 0
7376.770078 0.021393 0
7378.430078 0.016093 0
7380.090078 0.018540 0
7381.750078 0.028275 0
7383.410078 0.029598 0
7385.070078 0.026882 0
7386.730078 0.024623 0
7388.390078 0.025821 0
7390.050078 0.025046 0
7391.710078 0.025133 0
7393.370078 0.018270 0
7395.030078 0.013923 0
7396.690078 0.015474 0
7398.350078 0.016188 0
7400.010078 0.007657 0
7401.670078 0.015139 0
7403.330078 0.012906 0
7404.990078 0.012123 0
7406.650078 0.014134 0
7408.310078 0.013715 0
7409.970078 0.015500 0
7411.630078 0.010573 0
7413.290078 0.011184 0
7414.950078 0.011759 0
7416.610078 0.016821 0
7418.270078 0.018192 0
7419.930078 0.008559 0
7421.590078 0.011203 0
7423.250078 0.015478 0
7424.910078 0.011015 0
7426.570078 0.007770 0
7428.230078 0.012060 0
7429.890078 0.016264 0
7431.550078 0.012511 0
7433.210078 0.013048 0
7434.870078 0.017813 0
7436.530078 0.016329 0
7438.190078 0.011789 0
7439.850078 0.018584 0
7441.510078 0.015281 0
7443.170078 0.018283 0
7444.830078 0.017659 0
7446.490078 0.011529 0
7448.150078 0.012187 0
7449.810078 0.011076 0
7451.470078 0.007635 0
7453.130078 0.013743 0
7454.790078 0.010716 0
7456.450078 0.011913 0
7458.110078 0.015750 0
7459.770078 0.013848 0
7461.430078 0.019676 0
7463.090078 0.015419 0
7464.750078 0.007884 0
7466.410078 0.013968 0
7468.070078 0.015591 0
7469.730078 0.014144 0
7471.390078 0.017380 0
7473.050078 0.018460 0
7474.710078 0.014239 0
7476.370078 0.018697 0
7478.030078 0.017906 0
7479.690078 0.015465 0
7481.350078 0.022243 0
7483.010078 0.018656 0
7484.670078 0.018595 0
7486.330078 0.009295 0
7487.990078 0.021520 0
7489.650078 0.016625 0
7491.310078 0.018740 0
7492.970078 0.018532 0
7494.630078 0.023067 0
7496.290078 0.018848 0
7497.950078 0.013136 0
7499.610078 0.018248 0
7501.270078 0.015352 0
7502.930078 0.016972 0
7504.590078 0.019135 0
7506.250078 0.016057 0
7507.910078 0.017368 0
7509.570078 0.018319 0
7511.230078 0.010495 0
7512.890078 0.015974 0
7514.550078 0.012809 0
7516.210078 0.014519 0
7517.870078 0.015944 0
7519.530078 0.021641 0
7521.190078 0.027872 0
7522.850078 0.017931 0
7524.510078 0.014396 0
7526.170078 0.011133 0
7527.830078 0.009019 0
7529.490078 0.015287 0
7531.150078 0.011990 0
7532.810078 0.012801 0
7534.470078 0.018996 0
7536.130078 0.016953 0
7537.790078 0.017376 0
7539.450078 0.014270 0
7541.110078 0.013871 0
7542.770078 0.017466 0
7544.430078 0.017576 0
7546.090078 0.014623 0
7547.750078 0.013709 0
7549.410078 0.017603 0
7551.070078 0.018047 0
7552.730078 0.018454 0
7554.390078 0.014642 0
7556.050078 0.012200 0
7557.710078 0.012847 0
7559.370078 0.017682 0
7561.030078 0.015654 0
7562.690078 0.014036 0
7564.350078 0.015558 0
7566.010078 0.014177 0
7567.670078 0.011760 0
7569.330078 0.012790 0
7570.990078 0.016549 0
7572.650078 0.010290 0
7574.310078 0.015096 0
7575.970078 0.007450 0
7577.630078 0.012568 0
7579.290078 0.013815 0
7580.950078 0.014142 0
7582.610078 0.005956 0
7584.270078 0.011232 0
7585.930078 0.011397 0
7587.590078 0.015152 0
7589.250078 0.009902 0
7590.910078 0.008986 0
7592.570078 0.004140 0
7594.230078 0.010267 0
7595.890078 0.023401 0
7597.550078 0.005761 0
7599.210078 0.005717 0
7600.870078 -0.004052 0
7602.530078 -0.006650 0
7604.190078 -0.000355 0
7605.850078 0.017534 0
7607.510078 0.016549 0
7609.170078 0.007638 0
7610.830078 0.008268 0
7612.490078 0.010149 0
7614.150078 0.018592 0
7615.810078 0.011174 0
7617.470078 0.004698 0
7619.130078 0.007866 0
7620.790078 0.019725 0
7622.450078 0.020932 0
7624.110078 0.020604 0
7625.770078 0.019401 0
7627.430078 0.021223 0
7629.090078 0.018324 0
7630.750078 0.026007 0
7632.410078 0.016118 0
7634.070078 0.014573 0
7635.730078 0.012529 0
7637.390078 0.008644 0
7639.050078 0.018646 0
7640.710078 0.010097 0
7642.370078 0.018104 0
7644.030078 0.019718 0
7645.690078 0.016920 0
7647.350078 0.009508 0
7649.010078 0.015653 0
7650.670078 0.020715 0
7652.330078 0.017847 0
7653.990078 0.014208 0
7655.650078 0.014517 0
7657.310078 0.019413 0
7658.970078 0.015599 0
7660.630078 0.020955 0
7662.290078 0.022755 0
7663.950078 0.023687 0
7665.610078 0.018975 0
7667.270078 0.019364 0
7668.930078 0.014892 0
7670.590078 0.016854 0
7672.250078 0.017784 0
7673.910078 0.015201 0
7675.570078 0.013750 0
7677.230078 0.018426 0
7678.890078 0.016010 0
7680.550078 0.017098 0
7682.210078 0.019434 0
7683.870078 0.018112 0
7685.530078 0.015284 0
7687.190078 0.017336 0
7688.850078 0.013993 0
7690.510078 0.014851 0
7692.170078 0.010519 0
7693.830078 0.014298 0
7695.490078 0.014268 0
7697.150078 0.016431 0
7698.810078 0.019122 0
7700.470078 0.017593 0
7702.130078 0.013439 0
7703.790078 0.016401 0
7705.450078 0.014510 0
7707.110078 0.013868 0
7708.770078 0.022076 0
7710.430078 0.023314 0
7712.090078 0.016785 0
7713.750078 0.021580 0
7715.410078 0.029395 0
7717.070078 0.016607 0
7718.730078 0.006659 0
7720.390078 0.023183 0
7722.050078 0.020687 0
7723.710078 0.019469 0
7725.370078 0.015798 0
7727.030078 0.013170 0
7728.690078 0.022845 0
7730.350078 0.011842 0
7732.010078 0.016335 0
7733.670078 0.016394 0
7735.330078 0.013103 0
7736.990078 0.015585 0
7738.650078 0.020115 0
7740.310078 0.020468 0
7741.970078 0.021793 0
7743.630078 0.022523 0
7745.290078 0.021284 0
7746.950078 0.028506 0
7748.610078 0.031169 0
7750.270078 0.021305 0
7751.930078 0.008667 0
7753.590078 0.004740 0
7755.250078 0.018179 0
7756.910078 0.017419 0
7758.570078 0.016763 0
7760.230078 0.025518 0
7761.890078 0.016135 0
7763.550078 0.016254 0
7765.210078 0.022431 0
7766.870078 0.023765 0
7768.530078 0.017409 0
7770.190078 0.018361 0
7771.850078 0.017595 0
7773.510078 0.021441 0
7775.170078 0.012075 0
7776.830078 0.020001 0
7778.490078 0.020546 0
7780.150078 0.018771 0
7781.810078 0.012126 0
7783.470078 0.008103 0
7785.130078 0.004658 0
7786.790078 0.006923 0
7788.450078 0.012297 0
7790.110078 0.017324 0
7791.770078 0.007761 0
7793.430078 0.012783 0
7795.090078 0.021540 0
7796.750078 -0.001520 0
7798.410078 0.003005 0
7800.070078 0.006806 0
7801.730078 0.009164 0
7803.390078 0.012666 0
7805.050078 0.020176 0
7806.710078 0.019223 0
7808.370078 0.007819 0
7810.030078 0.008590 0
7811.690078 0.011793 0
7813.350078 0.011114 0
7815.010078 0.014588 0
7816.670078 0.017353 0
7818.330078 0.023861 0
7819.990078 0.024806 0
7821.650078 0.032472 0
7823.310078 0.011940 0
7824.970078 0.009952 0
7826.630078 0.021030 0
7828.290078 0.021838 0
7829.950078 0.018089 0
7831.610078 0.018281 0
7833.270078 0.018558 0
7834.930078 0.020857 0
7836.590078 0.020323 0
7838.250078 0.021275 0
7839.910078 0.014490 0
7841.570078 0.007982 0
7843.230078 0.011788 0
7844.890078 0.013374 0
7846.550078 0.009924 0
7848.210078 0.014352 0
7849.870078 0.024103 0
7851.530078 -0.000025 0
7853.190078 -0.002663 0
7854.850078 -0.007943 0
7856.510078 0.003977 0
7858.170078 0.012389 0
7859.830078 0.011290 0
7861.490078 0.005375 0
7863.150078 0.000067 0
7864.810078 0.006020 0
7866.470078 0.003163 0
7868.130078 0.000365 0
7869.790078 0.012304 0
7871.450078 0.023090 0
7873.110078 0.016926 0
7874.770078 0.012540 0
7876.430078 0.014865 0
7878.090078 0.019414 0
7879.750078 0.014208 0
7881.410078 0.024143 0
7883.070078 0.018030 0
7884.730078 0.029341 0
7886.390078 0.029119 0
7888.050078 0.028871 0
7889.710078 0.027035 0
7891.370078 0.021258 0
7893.030078 0.024285 0
7894.690078 0.023304 0
7896.350078 0.024691 0
7898.010078 0.022117 0
7899.670078 0.019684 0
7901.330078 0.019002 0
7902.990078 0.028707 0
7904.650078 0.025267 0
7906.310078 0.025188 0
7907.970078 0.020350 0
7909.630078 0.034032 0
7911.290078 0.020489 0
7912.950078 0.015145 0
7914.610078 0.018748 0
7916.270078 0.009210 0
7917.930078 0.033775 0
7919.590078 0.025939 0
7921.250078 0.019489 0
7922.910078 0.020755 0
7924.570078 0.013032 0
7926.230078 0.026096 0
7927.890078 0.028821 0
7929.550078 0.029731 0
7931.210078 0.030078 0
7932.870078 0.028048 0
7934.530078 0.029025 0
7936.190078 0.031558 0
7937.850078 0.021767 0
7939.510078 0.023698 0
7941.170078 0.021324 0
7942.830078 0.026257 0
7944.490078 0.028440 0
7946.150078 0.027797 0
7947.810078 0.023915 0
7949.470078 0.031452 0
7951.130078 0.025540 0
7952.790078 0.028511 0
7954.450078 0.022382 0
7956.110078 0.028028 0
7957.770078 0.030076 0
7959.430078 0.027293 0
7961.090078 0.040633 0
7962.750078 0.016913 0
7964.410078 0.030113 0
7966.070078 0.030576 0
7967.730078 0.033854 0
7969.390078 0.025549 0
7971.050078 0.031385 0
7972.710078 0.027669 0
7974.370078 0.027538 0
7976.030078 0.035266 0
7977.690078 0.021425 0
7979.350078 0.016036 0
7981.010078 0.023115 0
7982.670078 0.019491 0
7984.330078 0.030710 0
7985.990078 0.027459 0
7987.650078 0.019842 0
7989.310078 0.028608 0
7990.970078 0.030372 0
7992.630078 0.021236 0
7994.290078 0.025785 0
7995.950078 0.020965 0
7997.610078 0.036765 0
7999.270078 0.033633 0
8000.930078 0.023784 0
8002.590078 0.026002 0
8004.250078 0.025220 0
8005.910078 0.024778 0
8007.570078 0.027661 0
8009.230078 0.029590 0
8010.890078 0.031215 0
8012.550078 0.015264 0
8014.210078 0.024620 0
8015.870078 0.027885 0
8017.530078 0.023797 0
8019.190078 0.024381 0
8020.850078 0.025040 0
8022.510078 0.027760 0
8024.170078 0.016831 0
8025.830078 0.014983 0
8027.490078 0.018179 0
8029.150078 0.014720 0
8030.810078 0.020273 0
8032.470078 0.026927 0
8034.130078 0.023951 0
8035.790078 0.024574 0
8037.450078 0.027673 0
8039.110078 0.022484 0
8040.770078 0.025708 0
8042.430078 0.028047 0
8044.090078 0.025656 0
8045.750078 0.027666 0
8047.410078 0.025533 0
8049.070078 0.031201 0
8050.730078 0.024594 0
8052.390078 0.032320 0
8054.050078 0.022406 0
8055.710078 0.022332 0
8057.370078 0.024504 0
8059.030078 0.026075 0
8060.690078 0.021938 0
8062.350078 0.021528 0
8064.010078 0.028349 0
8065.670078 0.028224 0
8067.330078 0.031277 0
8068.990078 0.027694 0
8070.650078 0.024563 0
8072.310078 0.026060 0
8073.970078 0.022256 0
8075.630078 0.021212 0
8077.290078 0.020105 0
8078.950078 0.021788 0
8080.610078 0.029445 0
8082.270078 0.026166 0
8083.930078 0.023936 0
8085.590078 0.024108 0
8087.250078 0.020825 0
8088.910078 0.025149 0
8090.570078 0.029985 0
8092.230078 0.025325 0
8093.890078 0.027213 0
8095.550078 0.022730 0
8097.210078 0.028331 0
8098.870078 0.028235 0
8100.530078 0.022075 0
8102.190078 0.027556 0
8103.850078 0.022151 0
8105.510078 0.017471 0
8107.170078 0.025771 0
8108.830078 0.028725 0
8110.490078 0.024072 0
8112.150078 0.025216 0
8113.810078 0.026542 0
8115.470078 0.028157 0
8117.130078 0.020606 0
8118.790078 0.020247 0
8120.450078 0.020227 0
8122.110078 0.019650 0
8123.770078 0.020969 0
8125.430078 0.025004 0
8127.090078 0.024541 0
8128.750078 0.025980 0
8130.410078 0.021355 0
8132.070078 0.021260 0
8133.730078 0.024120 0
8135.390078 0.025267 0
8137.050078 0.022267 0
8138.710078 0.023418 0
8140.370078 0.023337 0
8142.030078 0.021776 0
8143.690078 0.023792 0
8145.350078 0.024618 0
8147.010078 0.016877 0
8148.670078 0.018863 0
8150.330078 0.024017 0
8151.990078 0.027211 0
8153.650078 0.023929 0
8155.310078 0.030438 0
8156.970078 0.023178 0
8158.630078 0.026596 0
8160.290078 0.024220 0
8161.950078 0.027229 0
8163.610078 0.021963 0
8165.270078 0.018989 0
8166.930078 0.021766 0
8168.590078 0.024190 0
8170.250078 0.025120 0
8171.910078 0.029806 0
8173.570078 0.022906 0
8175.230078 0.024912 0
8176.890078 0.022127 0
8178.550078 0.028758 0
8180.210078 0.016335 0
8181.870078 0.026614 0
8183.530078 0.021832 0
8185.190078 0.023803 0
8186.850078 0.023645 0
8188.510078 0.023201 0
8190.170078 0.022208 0
8191.830078 0.020597 0
8193.490078 0.022667 0
8195.150078 0.026940 0
8196.810078 0.025145 0
8198.470078 0.024486 0
8200.130078 0.030728 0
8201.790078 0.025827 0
8203.450078 0.028558 0
8205.110078 0.024216 0
8206.770078 0.024346 0
8208.430078 0.027536 0
8210.090078 0.023417 0
8211.750078 0.025380 0
8213.410078 0.023728 0
8215.070078 0.023166 0
8216.730078 0.023189 0
8218.390078 0.024584 0
8220.050078 0.027978 0
8221.710078 0.023383 0
8223.370078 0.021120 0
8225.030078 0.021033 0
8226.690078 0.023180 0
8228.350078 0.019993 0
8230.010078 0.016327 0
8231.670078 0.019808 0
8233.330078 0.015958 0
8234.990078 0.019768 0
8236.650078 0.027903 0
8238.310078 0.027248 0
8239.970078 0.020886 0
8241.630078 0.027906 0
8243.290078 0.024655 0
8244.950078 0.023863 0
8246.610078 0.024284 0
8248.270078 0.027767 0
8249.930078 0.025437 0
8251.590078 0.025181 0
8253.250078 0.022535 0
8254.910078 0.024362 0
8256.570078 0.023776 0
8258.230078 0.026889 0
8259.890078 0.027527 0
8261.550078 0.022962 0
8263.210078 0.024609 0
8264.870078 0.026091 0
8266.530078 0.024437 0
8268.190078 0.027417 0
8269.850078 0.025531 0
8271.510078 0.021630 0
8273.170078 0.019098 0
8274.830078 0.024274 0
8276.490078 0.020502 0
8278.150078 0.014497 0
8279.810078 0.031356 0
8281.470078 0.026781 0
8283.130078 0.026475 0
8284.790078 0.029585 0
8286.450078 0.048804 0
8288.110078 0.022239 0
8289.770078 0.020351 0
8291.430078 0.024461 0
8293.090078 0.015205 0
8294.750078 0.006177 0
8296.410078 0.007100 0
8298.070078 0.014025 0
8299.730078 0.018851 0
8301.390078 0.026609 0
8303.050078 0.019184 0
8304.710078 0.014869 0
8306.370078 0.015687 0
8308.030078 0.021629 0
8309.690078 0.027339 0
8311.350078 0.023200 0
8313.010078 0.019769 0
8314.670078 0.020000 0
8316.330078 0.024208 0
8317.990078 0.016054 0
8319.650078 0.022307 0
8321.310078 0.018023 0
8322.970078 0.020331 0
8324.630078 0.017972 0
8326.290078 0.024448 0
8327.950078 0.021789 0
8329.610078 0.024295 0
8331.270078 0.029667 0
8332.930078 0.019952 0
8334.590078 0.023189 0
8336.250078 0.021392 0
8337.910078 0.020125 0
8339.570078 0.024973 0
8341.230078 0.023115 0
8342.890078 0.010580 0
8344.550078 0.044393 0
8346.210078 0.039258 0
8347.870078 0.046536 0
8349.530078 0.023910 0
8351.190078 0.021635 0
8352.850078 0.015489 0
8354.510078 0.037185 0
8356.170078 0.022118 0
8357.830078 0.025104 0
8359.490078 0.026828 0
8361.150078 0.021533 0
8362.810078 0.026480 0
8364.470078 0.028136 0
8366.130078 0.018085 0
8367.790078 0.025888 0
8369.450078 0.025877 0
8371.110078 0.023359 0
8372.770078 0.022054 0
8374.430078 0.018238 0
8376.090078 0.019377 0
8377.750078 0.016990 0
8379.410078 0.028974 0
8381.070078 0.025299 0
8382.730078 0.035854 0
8384.390078 0.027033 0
8386.050078 0.029718 0
8387.710078 0.024651 0
8389.370078 0.022722 0
8391.030078 0.025838 0
8392.690078 0.020790 0
8394.350078 0.021693 0
8396.010078 0.033422 0
8397.670078 0.032589 0
8399.330078 0.013474 0
8400.990078 0.021075 0
8402.650078 0.018655 0
8404.310078 0.019920 0
8405.970078 0.026546 0
8407.630078 0.026537 0
8409.290078 0.027713 0
8410.950078 0.028785 0
8412.610078 0.020658 0
8414.270078 0.027019 0
8415.930078 0.026189 0
8417.590078 0.015737 0
8419.250078 0.018892 0
8420.910078 0.022338 0
8422.570078 0.021235 0
8424.230078 0.021224 0
8425.890078 0.024352 0
8427.550078 0.032825 0
8429.210078 0.037245 0
8430.870078 0.003147 0
8432.530078 0.015625 0
8434.190078 0.019796 0
8435.850078 0.025858 0
8437.510078 0.022086 0
8439.170078 0.018184 0
8440.830078 0.022895 0
8442.490078 0.027291 0
8444.150078 0.022375 0
8445.810078 0.026935 0
8447.470078 0.032780 0
8449.130078 0.022791 0
8450.790078 0.031854 0
8452.450078 0.025285 0
8454.110078 0.029279 0
8455.770078 0.037615 0
8457.430078 0.022383 0
8459.090078 0.022289 0
8460.750078 0.019256 0
8462.410078 0.011390 0
8464.070078 0.009841 0
8465.730078 0.017863 0
8467.390078 0.019902 0
8469.050078 0.024589 0
8470.710078 0.020406 0
8472.370078 0.021399 0
8474.030078 0.026556 0
8475.690078 0.048218 0
8477.350078 0.074830 0
8479.010078 0.000000 1
8480.670078 0.000000 1
8482.330078 0.000000 1
8483.990078 0.000000 1
8485.650078 0.000000 1
8487.310078 0.000000 1
8488.970078 0.000000 1
8490.630078 0.000000 1
8492.290078 0.000000 1
8493.950078 0.000000 1
8495.610078 0.000000 1
8497.270078 0.000000 1
8498.930078 0.000000 1
