# obs: 255716
# slit: 20
# z: -1.00000
# lines: not in catalog
# spec: 666
4451.680000 0.000000 1
4455.040000 0.000000 1
4458.400000 0.000000 1
4461.760000 0.000000 1
4465.120000 0.000000 1
4468.479999 0.000000 1
4471.839999 0.138146 0
4475.199999 0.150505 0
4478.559999 0.156046 0
4481.919999 0.170416 0
4485.279999 0.157442 0
4488.639999 0.153694 0
4491.999999 0.151904 0
4495.359999 0.160747 0
4498.719999 0.137154 0
4502.079998 0.146478 0
4505.439998 0.161003 0
4508.799998 0.172797 0
4512.159998 0.140882 0
4515.519998 0.144085 0
4518.879998 0.132082 0
4522.239998 0.140232 0
4525.599998 0.146877 0
4528.959998 0.159727 0
4532.319997 0.148744 0
4535.679997 0.158711 0
4539.039997 0.142281 0
4542.399997 0.148915 0
4545.759997 0.153442 0
4549.119997 0.147133 0
4552.479997 0.151842 0
4555.839997 0.128708 0
4559.199997 0.125657 0
4562.559997 0.146385 0
4565.919996 0.128711 0
4569.279996 0.134395 0
4572.639996 0.143939 0
4575.999996 0.136813 0
4579.359996 0.137380 0
4582.719996 0.144496 0
4586.079996 0.160127 0
4589.439996 0.137334 0
4592.799996 0.130635 0
4596.159995 0.142127 0
4599.519995 0.143301 0
4602.879995 0.136127 0
4606.239995 0.154382 0
4609.599995 0.143408 0
4612.959995 0.134403 0
4616.319995 0.153491 0
4619.679995 0.145068 0
4623.039995 0.106913 0
4626.399995 0.166464 0
4629.759994 0.141967 0
4633.119994 0.146312 0
4636.479994 0.134266 0
4639.839994 0.136964 0
4643.199994 0.136097 0
4646.559994 0.148127 0
4649.919994 0.148053 0
4653.279994 0.133940 0
4656.639994 0.155243 0
4659.999993 0.159360 0
4663.359993 0.127077 0
4666.719993 0.126394 0
4670.079993 0.170400 0
4673.439993 0.135019 0
4676.799993 0.131435 0
4680.159993 0.108560 0
4683.519993 0.162784 0
4686.879993 0.135390 0
4690.239993 0.141029 0
4693.599992 0.151548 0
4696.959992 0.148454 0
4700.319992 0.139761 0
4703.679992 0.145658 0
4707.039992 0.159218 0
4710.399992 0.146317 0
4713.759992 0.140337 0
4717.119992 0.143750 0
4720.479992 0.138022 0
4723.839992 0.133727 0
4727.199991 0.141030 0
4730.559991 0.143131 0
4733.919991 0.133962 0
4737.279991 0.132150 0
4740.639991 0.130484 0
4743.999991 0.156793 0
4747.359991 0.163768 0
4750.719991 0.144379 0
4754.079991 0.138243 0
4757.439990 0.138548 0
4760.799990 0.150066 0
4764.159990 0.115741 0
4767.519990 0.138875 0
4770.879990 0.166528 0
4774.239990 0.139424 0
4777.599990 0.136615 0
4780.959990 0.147195 0
4784.319990 0.144399 0
4787.679990 0.161388 0
4791.039989 0.150944 0
4794.399989 0.154172 0
4797.759989 0.156908 0
4801.119989 0.137887 0
4804.479989 0.128801 0
4807.839989 0.170720 0
4811.199989 0.139852 0
4814.559989 0.129492 0
4817.919989 0.151587 0
4821.279988 0.136043 0
4824.639988 0.167148 0
4827.999988 0.139867 0
4831.359988 0.149030 0
4834.719988 0.145614 0
4838.079988 0.137365 0
4841.439988 0.154284 0
4844.799988 0.124824 0
4848.159988 0.149813 0
4851.519988 0.114293 0
4854.879987 0.145144 0
4858.239987 0.121123 0
4861.599987 0.106354 0
4864.959987 0.122428 0
4868.319987 0.156537 0
4871.679987 0.121848 0
4875.039987 0.141171 0
4878.399987 0.161223 0
4881.759987 0.128938 0
4885.119986 0.135089 0
4888.479986 0.132188 0
4891.839986 0.121399 0
4895.199986 0.160130 0
4898.559986 0.139061 0
4901.919986 0.138293 0
4905.279986 0.153851 0
4908.639986 0.140348 0
4911.999986 0.145258 0
4915.359986 0.171395 0
4918.719985 0.137467 0
4922.079985 0.137655 0
4925.439985 0.150878 0
4928.799985 0.151090 0
4932.159985 0.141667 0
4935.519985 0.147814 0
4938.879985 0.170366 0
4942.239985 0.144054 0
4945.599985 0.130267 0
4948.959984 0.158310 0
4952.319984 0.176678 0
4955.679984 0.158558 0
4959.039984 0.112829 0
4962.399984 0.126947 0
4965.759984 0.134869 0
4969.119984 0.141529 0
4972.479984 0.154125 0
4975.839984 0.134352 0
4979.199984 0.117005 0
4982.559983 0.134316 0
4985.919983 0.138334 0
4989.279983 0.168132 0
4992.639983 0.153612 0
4995.999983 0.133261 0
4999.359983 0.134295 0
5002.719983 0.140600 0
5006.079983 0.114585 0
5009.439983 0.126601 0
5012.799982 0.138937 0
5016.159982 0.131241 0
5019.519982 0.123757 0
5022.879982 0.153855 0
5026.239982 0.147043 0
5029.599982 0.141097 0
5032.959982 0.141118 0
5036.319982 0.142882 0
5039.679982 0.134185 0
5043.039982 0.141605 0
5046.399981 0.151404 0
5049.759981 0.135127 0
5053.119981 0.135885 0
5056.479981 0.140865 0
5059.839981 0.160560 0
5063.199981 0.156752 0
5066.559981 0.141578 0
5069.919981 0.152378 0
5073.279981 0.152094 0
5076.639980 0.135973 0
5079.999980 0.145965 0
5083.359980 0.133164 0
5086.719980 0.137057 0
5090.079980 0.146890 0
5093.439980 0.128595 0
5096.799980 0.148620 0
5100.159980 0.145556 0
5103.519980 0.139953 0
5106.879980 0.131936 0
5110.239979 0.130975 0
5113.599979 0.143899 0
5116.959979 0.151777 0
5120.319979 0.139368 0
5123.679979 0.145218 0
5127.039979 0.147262 0
5130.399979 0.158730 0
5133.759979 0.143767 0
5137.119979 0.137834 0
5140.479978 0.141084 0
5143.839978 0.122363 0
5147.199978 0.126567 0
5150.559978 0.118936 0
5153.919978 0.127595 0
5157.279978 0.151893 0
5160.639978 0.121681 0
5163.999978 0.136845 0
5167.359978 0.136500 0
5170.719978 0.126358 0
5174.079977 0.124473 0
5177.439977 0.120414 0
5180.799977 0.112594 0
5184.159977 0.111495 0
5187.519977 0.131368 0
5190.879977 0.141794 0
5194.239977 0.160361 0
5197.599977 0.130001 0
5200.959977 0.144381 0
5204.319977 0.164128 0
5207.679976 0.145959 0
5211.039976 0.139562 0
5214.399976 0.157292 0
5217.759976 0.139532 0
5221.119976 0.152129 0
5224.479976 0.151725 0
5227.839976 0.148588 0
5231.199976 0.127446 0
5234.559976 0.136658 0
5237.919975 0.125819 0
5241.279975 0.149116 0
5244.639975 0.135230 0
5247.999975 0.132094 0
5251.359975 0.137978 0
5254.719975 0.125382 0
5258.079975 0.120654 0
5261.439975 0.151123 0
5264.799975 0.145689 0
5268.159975 0.133707 0
5271.519974 0.149085 0
5274.879974 0.140309 0
5278.239974 0.138290 0
5281.599974 0.150570 0
5284.959974 0.123834 0
5288.319974 0.121128 0
5291.679974 0.146084 0
5295.039974 0.133068 0
5298.399974 0.135200 0
5301.759973 0.144819 0
5305.119973 0.153305 0
5308.479973 0.148277 0
5311.839973 0.147968 0
5315.199973 0.119309 0
5318.559973 0.131553 0
5321.919973 0.138933 0
5325.279973 0.125006 0
5328.639973 0.128881 0
5331.999973 0.145908 0
5335.359972 0.131585 0
5338.719972 0.150937 0
5342.079972 0.149128 0
5345.439972 0.125516 0
5348.799972 0.131633 0
5352.159972 0.118150 0
5355.519972 0.127459 0
5358.879972 0.153962 0
5362.239972 0.139428 0
5365.599971 0.150508 0
5368.959971 0.146276 0
5372.319971 0.148620 0
5375.679971 0.152732 0
5379.039971 0.162128 0
5382.399971 0.120559 0
5385.759971 0.121903 0
5389.119971 0.146689 0
5392.479971 0.132099 0
5395.839971 0.132876 0
5399.199970 0.141327 0
5402.559970 0.129655 0
5405.919970 0.133959 0
5409.279970 0.139461 0
5412.639970 0.155785 0
5415.999970 0.143625 0
5419.359970 0.121296 0
5422.719970 0.131123 0
5426.079970 0.152066 0
5429.439969 0.139440 0
5432.799969 0.094932 0
5436.159969 0.143263 0
5439.519969 0.161290 0
5442.879969 0.153764 0
5446.239969 0.151716 0
5449.599969 0.132287 0
5452.959969 0.124419 0
5456.319969 0.130448 0
5459.679969 0.131836 0
5463.039968 0.150019 0
5466.399968 0.142041 0
5469.759968 0.157247 0
5473.119968 0.142452 0
5476.479968 0.153950 0
5479.839968 0.128836 0
5483.199968 0.141549 0
5486.559968 0.125733 0
5489.919968 0.141292 0
5493.279967 0.158832 0
5496.639967 0.128978 0
5499.999967 0.130577 0
5503.359967 0.133190 0
5506.719967 0.144411 0
5510.079967 0.142639 0
5513.439967 0.138827 0
5516.799967 0.154168 0
5520.159967 0.146952 0
5523.519967 0.137136 0
5526.879966 0.147751 0
5530.239966 0.140768 0
5533.599966 0.125757 0
5536.959966 0.130400 0
5540.319966 0.150717 0
5543.679966 0.155791 0
5547.039966 0.152686 0
5550.399966 0.123322 0
5553.759966 0.123278 0
5557.119965 0.138759 0
5560.479965 0.137569 0
5563.839965 0.140955 0
5567.199965 0.149442 1
5570.559965 0.247222 1
5573.919965 0.205796 1
5577.279965 0.217350 1
5580.639965 0.269639 1
5583.999965 0.020802 1
5587.359965 0.099053 0
5590.719964 0.132755 0
5594.079964 0.118322 0
5597.439964 0.124018 0
5600.799964 0.149723 0
5604.159964 0.142504 0
5607.519964 0.144492 0
5610.879964 0.146181 0
5614.239964 0.157054 0
5617.599964 0.162290 0
5620.959963 0.153147 0
5624.319963 0.144444 0
5627.679963 0.111949 0
5631.039963 0.112756 0
5634.399963 0.134177 0
5637.759963 0.136589 0
5641.119963 0.119749 0
5644.479963 0.118441 0
5647.839963 0.131559 0
5651.199963 0.131257 0
5654.559962 0.129926 0
5657.919962 0.139130 0
5661.279962 0.151335 0
5664.639962 0.143452 0
5667.999962 0.133131 0
5671.359962 0.148096 0
5674.719962 0.126232 0
5678.079962 0.144893 0
5681.439962 0.128839 0
5684.799962 0.133580 0
5688.159961 0.141268 0
5691.519961 0.161950 0
5694.879961 0.123274 0
5698.239961 0.126058 0
5701.599961 0.139545 0
5704.959961 0.126772 0
5708.319961 0.126651 0
5711.679961 0.141121 0
5715.039961 0.122117 0
5718.399960 0.146487 0
5721.759960 0.125664 0
5725.119960 0.121077 0
5728.479960 0.119267 0
5731.839960 0.117500 0
5735.199960 0.134691 0
5738.559960 0.129988 0
5741.919960 0.116709 0
5745.279960 0.112918 0
5748.639960 0.115003 0
5751.999959 0.112230 0
5755.359959 0.100225 0
5758.719959 0.136432 0
5762.079959 0.124188 0
5765.439959 0.119406 0
5768.799959 0.144629 0
5772.159959 0.119925 0
5775.519959 0.123482 0
5778.879959 0.128856 0
5782.239958 0.144888 0
5785.599958 0.132994 0
5788.959958 0.124027 0
5792.319958 0.113123 0
5795.679958 0.134780 0
5799.039958 0.147241 0
5802.399958 0.134652 0
5805.759958 0.123456 0
5809.119958 0.119557 0
5812.479958 0.135590 0
5815.839957 0.125489 0
5819.199957 0.121629 0
5822.559957 0.143308 0
5825.919957 0.138409 0
5829.279957 0.135191 0
5832.639957 0.122182 0
5835.999957 0.103745 0
5839.359957 0.129452 0
5842.719957 0.126671 0
5846.079956 0.118408 0
5849.439956 0.111784 0
5852.799956 0.134693 0
5856.159956 0.120627 0
5859.519956 0.104148 0
5862.879956 0.130737 0
5866.239956 0.126130 0
5869.599956 0.125822 0
5872.959956 0.135131 0
5876.319956 0.111180 0
5879.679955 0.114150 0
5883.039955 0.107406 0
5886.399955 0.102303 0
5889.759955 0.148802 0
5893.119955 0.107918 0
5896.479955 0.093518 0
5899.839955 0.116693 0
5903.199955 0.128664 0
5906.559955 0.131524 0
5909.919954 0.120025 0
5913.279954 0.132084 0
5916.639954 0.120076 0
5919.999954 0.123978 0
5923.359954 0.135138 0
5926.719954 0.127244 0
5930.079954 0.144297 0
5933.439954 0.127396 0
5936.799954 0.111122 0
5940.159954 0.120792 0
5943.519953 0.119145 0
5946.879953 0.140611 0
5950.239953 0.131920 0
5953.599953 0.147246 0
5956.959953 0.136739 0
5960.319953 0.108712 0
5963.679953 0.149604 0
5967.039953 0.123933 0
5970.399953 0.120714 0
5973.759952 0.134422 0
5977.119952 0.133144 0
5980.479952 0.112296 0
5983.839952 0.112641 0
5987.199952 0.120429 0
5990.559952 0.109049 0
5993.919952 0.116580 0
5997.279952 0.110445 0
6000.639952 0.108132 0
6003.999952 0.121298 0
6007.359951 0.124857 0
6010.719951 0.116267 0
6014.079951 0.119222 0
6017.439951 0.124401 0
6020.799951 0.115302 0
6024.159951 0.111601 0
6027.519951 0.133764 0
6030.879951 0.120244 0
6034.239951 0.117373 0
6037.599950 0.142421 0
6040.959950 0.124337 0
6044.319950 0.115547 0
6047.679950 0.127630 0
6051.039950 0.106514 0
6054.399950 0.107884 0
6057.759950 0.121167 0
6061.119950 0.128148 0
6064.479950 0.116467 0
6067.839950 0.100503 0
6071.199949 0.122976 0
6074.559949 0.126853 0
6077.919949 0.118736 0
6081.279949 0.129503 0
6084.639949 0.115574 0
6087.999949 0.106700 0
6091.359949 0.124088 0
6094.719949 0.124772 0
6098.079949 0.113967 0
6101.439948 0.124151 0
6104.799948 0.117204 0
6108.159948 0.132291 0
6111.519948 0.121272 0
6114.879948 0.124383 0
6118.239948 0.118624 0
6121.599948 0.123574 0
6124.959948 0.115548 0
6128.319948 0.118511 0
6131.679948 0.099081 0
6135.039947 0.103936 0
6138.399947 0.121539 0
6141.759947 0.117558 0
6145.119947 0.121440 0
6148.479947 0.119364 0
6151.839947 0.116210 0
6155.199947 0.111576 0
6158.559947 0.109122 0
6161.919947 0.089468 0
6165.279947 0.096344 0
6168.639946 0.106827 0
6171.999946 0.136466 0
6175.359946 0.138825 0
6178.719946 0.117313 0
6182.079946 0.119021 0
6185.439946 0.128174 0
6188.799946 0.118277 0
6192.159946 0.111094 0
6195.519946 0.108642 0
6198.879945 0.108654 0
6202.239945 0.099209 0
6205.599945 0.099026 0
6208.959945 0.105567 0
6212.319945 0.121254 0
6215.679945 0.105971 0
6219.039945 0.107688 0
6222.399945 0.108800 0
6225.759945 0.113964 0
6229.119945 0.103724 0
6232.479944 0.107797 0
6235.839944 0.103544 0
6239.199944 0.097043 0
6242.559944 0.119925 0
6245.919944 0.115660 0
6249.279944 0.116742 0
6252.639944 0.102366 0
6255.999944 0.121342 0
6259.359944 0.112266 0
6262.719943 0.114795 0
6266.079943 0.114104 0
6269.439943 0.125753 0
6272.799943 0.117609 0
6276.159943 0.090610 0
6279.519943 0.108540 0
6282.879943 0.121876 0
6286.239943 0.107111 0
6289.599943 0.096152 0
6292.959943 0.038736 1
6296.319942 0.096324 1
6299.679942 0.035540 1
6303.039942 0.073606 1
6306.399942 0.109882 1
6309.759942 0.118546 1
6313.119942 0.117693 1
6316.479942 0.109007 1
6319.839942 0.097898 0
6323.199942 0.116824 0
6326.559941 0.105322 0
6329.919941 0.114127 0
6333.279941 0.104756 0
6336.639941 0.114285 0
6339.999941 0.098558 0
6343.359941 0.113765 0
6346.719941 0.120939 0
6350.079941 0.098501 0
6353.439941 0.114210 0
6356.799941 0.088171 0
6360.159940 0.125445 0
6363.519940 0.135291 0
6366.879940 0.118494 0
6370.239940 0.122545 0
6373.599940 0.120817 0
6376.959940 0.130679 0
6380.319940 0.124124 0
6383.679940 0.126800 0
6387.039940 0.104158 0
6390.399939 0.100878 0
6393.759939 0.105342 0
6397.119939 0.094403 0
6400.479939 0.106451 0
6403.839939 0.109485 0
6407.199939 0.095752 0
6410.559939 0.086502 0
6413.919939 0.101220 0
6417.279939 0.110513 0
6420.639939 0.100477 0
6423.999938 0.105915 0
6427.359938 0.109828 0
6430.719938 0.108730 0
6434.079938 0.099447 0
6437.439938 0.108535 0
6440.799938 0.119495 0
6444.159938 0.091091 0
6447.519938 0.098778 0
6450.879938 0.098085 0
6454.239937 0.105597 0
6457.599937 0.130900 0
6460.959937 0.105390 0
6464.319937 0.111060 0
6467.679937 0.100732 0
6471.039937 0.096721 0
6474.399937 0.097730 0
6477.759937 0.093812 0
6481.119937 0.116442 0
6484.479937 0.107206 0
6487.839936 0.110786 0
6491.199936 0.092801 0
6494.559936 0.106714 0
6497.919936 0.130997 0
6501.279936 0.132963 0
6504.639936 0.109400 0
6507.999936 0.107894 0
6511.359936 0.076848 0
6514.719936 0.114749 0
6518.079935 0.108862 0
6521.439935 0.095102 0
6524.799935 0.103323 0
6528.159935 0.109541 0
6531.519935 0.095023 0
6534.879935 0.090452 0
6538.239935 0.097965 0
6541.599935 0.104217 0
6544.959935 0.105565 0
6548.319935 0.105099 0
6551.679934 0.109524 0
6555.039934 0.105975 0
6558.399934 0.078683 0
6561.759934 0.072138 0
6565.119934 0.079392 0
6568.479934 0.087724 0
6571.839934 0.113522 0
6575.199934 0.116857 0
6578.559934 0.095900 0
6581.919933 0.097532 0
6585.279933 0.103797 0
6588.639933 0.099420 0
6591.999933 0.094367 0
6595.359933 0.105733 0
6598.719933 0.092968 0
6602.079933 0.096228 0
6605.439933 0.100634 0
6608.799933 0.104819 0
6612.159933 0.112262 0
6615.519932 0.109710 0
6618.879932 0.105671 0
6622.239932 0.091643 0
6625.599932 0.099543 0
6628.959932 0.106578 0
6632.319932 0.097750 0
6635.679932 0.091723 0
6639.039932 0.086939 0
6642.399932 0.090398 0
6645.759932 0.091563 0
6649.119931 0.094808 0
6652.479931 0.097278 0
6655.839931 0.101066 0
6659.199931 0.096272 0
6662.559931 0.102219 0
6665.919931 0.107578 0
6669.279931 0.108767 0
6672.639931 0.107819 0
6675.999931 0.101547 0
6679.359930 0.090921 0
6682.719930 0.109829 0
6686.079930 0.094310 0
6689.439930 0.088472 0
6692.799930 0.103146 0
6696.159930 0.106714 0
6699.519930 0.107768 0
6702.879930 0.101841 0
6706.239930 0.106186 0
6709.599930 0.089845 0
6712.959929 0.101381 0
6716.319929 0.100854 0
6719.679929 0.100021 0
6723.039929 0.113903 0
6726.399929 0.110566 0
6729.759929 0.100336 0
6733.119929 0.106429 0
6736.479929 0.086523 0
6739.839929 0.099633 0
6743.199928 0.095492 0
6746.559928 0.096779 0
6749.919928 0.113173 0
6753.279928 0.093125 0
6756.639928 0.105360 0
6759.999928 0.109498 0
6763.359928 0.098567 0
6766.719928 0.101536 0
6770.079928 0.085101 0
6773.439928 0.091085 0
6776.799927 0.084226 0
6780.159927 0.089396 0
6783.519927 0.095905 0
6786.879927 0.095081 0
6790.239927 0.094098 0
6793.599927 0.096655 0
6796.959927 0.110158 0
6800.319927 0.090598 0
6803.679927 0.099687 0
6807.039926 0.090535 0
6810.399926 0.086733 0
6813.759926 0.098201 0
6817.119926 0.111297 0
6820.479926 0.112455 0
6823.839926 0.081354 0
6827.199926 0.091520 0
6830.559926 0.084002 0
6833.919926 0.089955 0
6837.279926 0.105734 0
6840.639925 0.086527 0
6843.999925 0.104841 0
6847.359925 0.111242 0
6850.719925 0.106416 0
6854.079925 0.097618 0
6857.439925 0.098181 0
6860.799925 0.087497 0
6864.159925 0.070416 0
6867.519925 0.056521 0
6870.879924 0.066240 0
6874.239924 0.074212 0
6877.599924 0.079843 0
6880.959924 0.068547 0
6884.319924 0.097864 0
6887.679924 0.103116 0
6891.039924 0.076592 0
6894.399924 0.069431 0
6897.759924 0.081313 0
6901.119924 0.098094 0
6904.479923 0.086759 0
6907.839923 0.098782 0
6911.199923 0.093635 0
6914.559923 0.080654 0
6917.919923 0.100699 0
6921.279923 0.098450 0
6924.639923 0.084635 0
6927.999923 0.081607 0
6931.359923 0.084089 0
6934.719922 0.104221 0
6938.079922 0.094209 0
6941.439922 0.093662 0
6944.799922 0.108294 0
6948.159922 0.106607 0
6951.519922 0.095371 0
6954.879922 0.080896 0
6958.239922 0.088498 0
6961.599922 0.095218 0
6964.959922 0.087945 0
6968.319921 0.094822 0
6971.679921 0.089776 0
6975.039921 0.079961 0
6978.399921 0.104638 0
6981.759921 0.091340 0
6985.119921 0.082027 0
6988.479921 0.081650 0
6991.839921 0.080127 0
6995.199921 0.084995 0
6998.559920 0.093981 0
7001.919920 0.088239 0
7005.279920 0.079493 0
7008.639920 0.069038 0
7011.999920 0.085644 0
7015.359920 0.080818 0
7018.719920 0.095756 0
7022.079920 0.084179 0
7025.439920 0.098034 0
7028.799920 0.094009 0
7032.159919 0.075167 0
7035.519919 0.080878 0
7038.879919 0.079138 0
7042.239919 0.084201 0
7045.599919 0.075644 0
7048.959919 0.087750 0
7052.319919 0.079576 0
7055.679919 0.092893 0
7059.039919 0.077627 0
7062.399918 0.091923 0
7065.759918 0.078279 0
7069.119918 0.077014 0
7072.479918 0.079274 0
7075.839918 0.082886 0
7079.199918 0.084721 0
7082.559918 0.094999 0
7085.919918 0.103946 0
7089.279918 0.097215 0
7092.639918 0.079234 0
7095.999917 0.079018 0
7099.359917 0.087653 0
7102.719917 0.088194 0
7106.079917 0.079490 0
7109.439917 0.081284 0
7112.799917 0.075724 0
7116.159917 0.084389 0
7119.519917 0.080367 0
7122.879917 0.102413 0
7126.239916 0.088404 0
7129.599916 0.071902 0
7132.959916 0.077105 0
7136.319916 0.087515 0
7139.679916 0.087368 0
7143.039916 0.076782 0
7146.399916 0.077290 0
7149.759916 0.076066 0
7153.119916 0.081089 0
7156.479916 0.068259 0
7159.839915 0.082712 0
7163.199915 0.089758 0
7166.559915 0.059623 0
7169.919915 0.057374 0
7173.279915 0.086403 0
7176.639915 0.069404 0
7179.999915 0.075116 0
7183.359915 0.071908 0
7186.719915 0.062322 0
7190.079915 0.064270 0
7193.439914 0.074843 0
7196.799914 0.089539 0
7200.159914 0.061710 0
7203.519914 0.071262 0
7206.879914 0.068710 0
7210.239914 0.072650 0
7213.599914 0.081918 0
7216.959914 0.100537 0
7220.319914 0.071273 0
7223.679913 0.075698 0
7227.039913 0.069785 0
7230.399913 0.087769 0
7233.759913 0.072693 0
7237.119913 0.091260 0
7240.479913 0.076493 0
7243.839913 0.065481 0
7247.199913 0.065332 0
7250.559913 0.060886 0
7253.919913 0.071260 0
7257.279912 0.076681 0
7260.639912 0.068606 0
7263.999912 0.061040 0
7267.359912 0.058282 0
7270.719912 0.047802 0
7274.079912 0.067837 0
7277.439912 0.109402 0
7280.799912 0.085427 0
7284.159912 0.050813 0
7287.519911 0.051741 0
7290.879911 0.070470 0
7294.239911 0.069944 0
7297.599911 0.072071 0
7300.959911 0.070727 0
7304.319911 0.072252 0
7307.679911 0.074672 0
7311.039911 0.055793 0
7314.399911 0.074596 0
7317.759911 0.074475 0
7321.119910 0.073168 0
7324.479910 0.082851 0
7327.839910 0.085857 0
7331.199910 0.076722 0
7334.559910 0.045654 0
7337.919910 0.063199 0
7341.279910 0.081924 0
7344.639910 0.044678 0
7347.999910 0.071550 0
7351.359909 0.075239 0
7354.719909 0.079345 0
7358.079909 0.072139 0
7361.439909 0.072353 0
7364.799909 0.071924 0
7368.159909 0.075977 0
7371.519909 0.075958 0
7374.879909 0.059474 0
7378.239909 0.069052 0
7381.599909 0.063451 0
7384.959908 0.055677 0
7388.319908 0.050379 0
7391.679908 0.058258 0
7395.039908 0.076221 0
7398.399908 0.080756 0
7401.759908 0.080470 0
7405.119908 0.065776 0
7408.479908 0.044578 0
7411.839908 0.054826 0
7415.199907 0.062116 0
7418.559907 0.063130 0
7421.919907 0.059104 0
7425.279907 0.069702 0
7428.639907 0.067136 0
7431.999907 0.063016 0
7435.359907 0.066290 0
7438.719907 0.051743 0
7442.079907 0.050261 0
7445.439907 0.079680 0
7448.799906 0.058644 0
7452.159906 0.061919 0
7455.519906 0.051735 0
7458.879906 0.056786 0
7462.239906 0.066448 0
7465.599906 0.061637 0
7468.959906 0.080390 0
7472.319906 0.061309 0
7475.679906 0.066565 0
7479.039905 0.054786 0
7482.399905 0.059387 0
7485.759905 0.047062 0
7489.119905 0.071037 0
7492.479905 0.068092 0
7495.839905 0.066940 0
7499.199905 0.048097 0
7502.559905 0.048744 0
7505.919905 0.054768 0
7509.279905 0.048780 0
7512.639904 0.039338 0
7515.999904 0.046911 0
7519.359904 0.025752 0
7522.719904 0.078950 0
7526.079904 0.085184 0
7529.439904 0.053204 0
7532.799904 0.032502 0
7536.159904 0.053185 0
7539.519904 0.061003 0
7542.879903 0.049995 0
7546.239903 0.048788 0
7549.599903 0.073807 0
7552.959903 0.052428 0
7556.319903 0.051259 0
7559.679903 0.048169 0
7563.039903 0.063710 0
7566.399903 0.072173 0
7569.759903 0.054546 0
7573.119903 0.046140 0
7576.479902 0.053952 0
7579.839902 0.057983 0
7583.199902 0.054688 0
7586.559902 0.037952 0
7589.919902 0.058785 0
7593.279902 0.073276 0
7596.639902 0.057517 0
7599.999902 0.059214 0
7603.359902 0.079923 0
7606.719901 0.046058 0
7610.079901 0.041449 0
7613.439901 0.062649 0
7616.799901 0.052475 0
7620.159901 0.059081 0
7623.519901 0.068910 0
7626.879901 0.082028 0
7630.239901 0.048777 0
7633.599901 0.050330 0
7636.959901 0.042245 0
7640.319900 0.039957 0
7643.679900 0.063884 0
7647.039900 0.048264 0
7650.399900 0.032776 0
7653.759900 0.042362 0
7657.119900 0.066479 0
7660.479900 0.072334 0
7663.839900 0.045262 0
7667.199900 0.043985 0
7670.559900 0.049951 0
7673.919899 0.041834 0
7677.279899 0.046633 0
7680.639899 0.033200 0
7683.999899 0.033677 0
7687.359899 0.051037 0
7690.719899 0.041432 0
7694.079899 0.056999 0
7697.439899 0.059456 0
7700.799899 0.048290 0
7704.159898 0.041749 0
7707.519898 0.035262 0
7710.879898 -0.002439 0
7714.239898 0.027992 0
7717.599898 0.044125 0
7720.959898 0.059736 0
7724.319898 0.044731 0
7727.679898 0.052501 0
7731.039898 0.044832 0
7734.399898 0.045246 0
7737.759897 0.047630 0
7741.119897 0.061378 0
7744.479897 0.074869 0
7747.839897 0.071263 0
7751.199897 0.067429 0
7754.559897 0.068640 0
7757.919897 0.069287 0
7761.279897 0.046087 0
7764.639897 0.064939 0
7767.999896 0.053068 0
7771.359896 0.044829 0
7774.719896 0.033190 0
7778.079896 0.024905 0
7781.439896 0.034808 0
7784.799896 0.051555 0
7788.159896 0.046945 0
7791.519896 0.022127 0
7794.879896 0.015867 0
7798.239896 0.029668 0
7801.599895 0.034721 0
7804.959895 0.034202 0
7808.319895 0.063627 0
7811.679895 0.036869 0
7815.039895 0.013568 0
7818.399895 0.030160 0
7821.759895 0.026958 0
7825.119895 0.005349 0
7828.479895 0.022961 0
7831.839894 0.031590 0
7835.199894 0.059064 0
7838.559894 0.050591 0
7841.919894 0.050226 0
7845.279894 0.001542 0
7848.639894 0.033264 0
7851.999894 0.014821 0
7855.359894 0.011217 0
7858.719894 0.081767 0
7862.079894 0.061588 0
7865.439893 0.069217 0
7868.799893 0.042527 0
7872.159893 0.022314 0
7875.519893 0.063121 0
7878.879893 0.040651 0
7882.239893 0.014772 0
7885.599893 0.027415 0
7888.959893 0.019879 0
7892.319893 0.053650 0
7895.679892 0.029075 0
7899.039892 0.043711 0
7902.399892 0.025599 0
7905.759892 -0.006120 0
7909.119892 0.006457 0
7912.479892 -0.011935 0
7915.839892 0.077184 0
7919.199892 0.048595 0
7922.559892 0.048705 0
7925.919892 0.036503 0
7929.279891 0.051937 0
7932.639891 0.000000 1
7935.999891 0.000000 1
7939.359891 0.000000 1
7942.719891 0.000000 1
7946.079891 0.000000 1
7949.439891 0.000000 1
7952.799891 0.000000 1
7956.159891 0.000000 1
7959.519890 0.000000 1
7962.879890 0.000000 1
7966.239890 0.000000 1
7969.599890 0.000000 1
7972.959890 0.000000 1
7976.319890 0.000000 1
7979.679890 0.000000 1
7983.039890 0.000000 1
7986.399890 0.000000 1
7989.759890 0.000000 1
7993.119889 0.000000 1
7996.479889 0.000000 1
7999.839889 0.000000 1
8003.199889 0.000000 1
8006.559889 0.000000 1
8009.919889 0.000000 1
8013.279889 0.000000 1
8016.639889 0.000000 1
8019.999889 0.000000 1
8023.359888 0.000000 1
8026.719888 0.000000 1
8030.079888 0.000000 1
8033.439888 0.000000 1
8036.799888 0.000000 1
8040.159888 0.000000 1
8043.519888 0.000000 1
8046.879888 0.000000 1
8050.239888 0.000000 1
8053.599888 0.000000 1
8056.959887 0.000000 1
8060.319887 0.000000 1
8063.679887 0.000000 1
8067.039887 0.000000 1
8070.399887 0.000000 1
8073.759887 0.000000 1
8077.119887 0.000000 1
8080.479887 0.000000 1
8083.839887 0.000000 1
8087.199886 0.000000 1
8090.559886 0.000000 1
8093.919886 0.000000 1
8097.279886 0.000000 1
8100.639886 0.000000 1
8103.999886 0.000000 1
8107.359886 0.000000 1
8110.719886 0.000000 1
8114.079886 0.000000 1
8117.439886 0.000000 1
8120.799885 0.000000 1
8124.159885 0.000000 1
8127.519885 0.000000 1
8130.879885 0.000000 1
8134.239885 0.000000 1
8137.599885 0.000000 1
8140.959885 0.000000 1
8144.319885 0.000000 1
8147.679885 0.000000 1
8151.039885 0.000000 1
8154.399884 0.000000 1
8157.759884 0.000000 1
8161.119884 0.000000 1
8164.479884 0.000000 1
8167.839884 0.000000 1
8171.199884 0.000000 1
8174.559884 0.000000 1
8177.919884 0.000000 1
8181.279884 0.000000 1
8184.639883 0.000000 1
8187.999883 0.000000 1
8191.359883 0.000000 1
8194.719883 0.000000 1
8198.079883 0.000000 1
8201.439883 0.000000 1
8204.799883 0.000000 1
8208.159883 0.000000 1
8211.519883 0.000000 1
8214.879883 0.000000 1
8218.239882 0.000000 1
8221.599882 0.000000 1
8224.959882 0.000000 1
8228.319882 0.000000 1
8231.679882 0.000000 1
8235.039882 0.000000 1
8238.399882 0.000000 1
8241.759882 0.000000 1
8245.119882 0.000000 1
8248.479881 0.000000 1
8251.839881 0.000000 1
8255.199881 0.000000 1
8258.559881 0.000000 1
8261.919881 0.000000 1
8265.279881 0.000000 1
8268.639881 0.000000 1
8271.999881 0.000000 1
8275.359881 0.000000 1
8278.719881 0.000000 1
8282.079880 0.000000 1
8285.439880 0.000000 1
8288.799880 0.000000 1
8292.159880 0.000000 1
8295.519880 0.000000 1
8298.879880 0.000000 1
8302.239880 0.000000 1
8305.599880 0.000000 1
8308.959880 0.000000 1
8312.319879 0.000000 1
8315.679879 0.000000 1
8319.039879 0.000000 1
8322.399879 0.000000 1
8325.759879 0.000000 1
8329.119879 0.000000 1
8332.479879 0.000000 1
8335.839879 0.000000 1
8339.199879 0.000000 1
8342.559879 0.000000 1
8345.919878 0.000000 1
8349.279878 0.000000 1
8352.639878 0.000000 1
8355.999878 0.000000 1
8359.359878 0.000000 1
8362.719878 0.000000 1
8366.079878 0.000000 1
8369.439878 0.000000 1
8372.799878 0.000000 1
8376.159877 0.000000 1
8379.519877 0.000000 1
8382.879877 0.000000 1
8386.239877 0.000000 1
8389.599877 0.000000 1
8392.959877 0.000000 1
8396.319877 0.000000 1
8399.679877 0.000000 1
8403.039877 0.000000 1
8406.399877 0.000000 1
8409.759876 0.000000 1
8413.119876 0.000000 1
8416.479876 0.000000 1
8419.839876 0.000000 1
8423.199876 0.000000 1
8426.559876 0.000000 1
8429.919876 0.000000 1
8433.279876 0.000000 1
8436.639876 0.000000 1
8439.999875 0.000000 1
8443.359875 0.000000 1
8446.719875 0.000000 1
8450.079875 0.000000 1
8453.439875 0.000000 1
8456.799875 0.000000 1
8460.159875 0.000000 1
8463.519875 0.000000 1
8466.879875 0.000000 1
8470.239875 0.000000 1
8473.599874 0.000000 1
8476.959874 0.000000 1
8480.319874 0.000000 1
8483.679874 0.000000 1
8487.039874 0.000000 1
8490.399874 0.000000 1
8493.759874 0.000000 1
8497.119874 0.000000 1
8500.479874 0.000000 1
8503.839873 0.000000 1
8507.199873 0.000000 1
8510.559873 0.000000 1
8513.919873 0.000000 1
8517.279873 0.000000 1
8520.639873 0.000000 1
8523.999873 0.000000 1
8527.359873 0.000000 1
8530.719873 0.000000 1
8534.079873 0.000000 1
8537.439872 0.000000 1
8540.799872 0.000000 1
8544.159872 0.000000 1
8547.519872 0.000000 1
8550.879872 0.000000 1
8554.239872 0.000000 1
8557.599872 0.000000 1
8560.959872 0.000000 1
8564.319872 0.000000 1
8567.679871 0.000000 1
8571.039871 0.000000 1
8574.399871 0.000000 1
8577.759871 0.000000 1
8581.119871 0.000000 1
8584.479871 0.000000 1
8587.839871 0.000000 1
8591.199871 0.000000 1
8594.559871 0.000000 1
8597.919871 0.000000 1
8601.279870 0.000000 1
8604.639870 0.000000 1
8607.999870 0.000000 1
8611.359870 0.000000 1
8614.719870 0.000000 1
8618.079870 0.000000 1
8621.439870 0.000000 1
8624.799870 0.000000 1
8628.159870 0.000000 1
8631.519870 0.000000 1
8634.879869 0.000000 1
8638.239869 0.000000 1
8641.599869 0.000000 1
8644.959869 0.000000 1
8648.319869 0.000000 1
8651.679869 0.000000 1
8655.039869 0.000000 1
8658.399869 0.000000 1
8661.759869 0.000000 1
8665.119868 0.000000 1
8668.479868 0.000000 1
8671.839868 0.000000 1
8675.199868 0.000000 1
8678.559868 0.000000 1
8681.919868 0.000000 1
8685.279868 0.000000 1
8688.639868 0.000000 1
8691.999868 0.000000 1
8695.359868 0.000000 1
8698.719867 0.000000 1
8702.079867 0.000000 1
8705.439867 0.000000 1
8708.799867 0.000000 1
8712.159867 0.000000 1
8715.519867 0.000000 1
8718.879867 0.000000 1
8722.239867 0.000000 1
8725.599867 0.000000 1
8728.959866 0.000000 1
8732.319866 0.000000 1
8735.679866 0.000000 1
8739.039866 0.000000 1
8742.399866 0.000000 1
8745.759866 0.000000 1
8749.119866 0.000000 1
8752.479866 0.000000 1
8755.839866 0.000000 1
8759.199866 0.000000 1
8762.559865 0.000000 1
8765.919865 0.000000 1
8769.279865 0.000000 1
8772.639865 0.000000 1
8775.999865 0.000000 1
8779.359865 0.000000 1
8782.719865 0.000000 1
8786.079865 0.000000 1
8789.439865 0.000000 1
8792.799864 0.000000 1
8796.159864 0.000000 1
8799.519864 0.000000 1
8802.879864 0.000000 1
8806.239864 0.000000 1
8809.599864 0.000000 1
8812.959864 0.000000 1
8816.319864 0.000000 1
8819.679864 0.000000 1
8823.039864 0.000000 1
8826.399863 0.000000 1
8829.759863 0.000000 1
8833.119863 0.000000 1
8836.479863 0.000000 1
8839.839863 0.000000 1
8843.199863 0.000000 1
8846.559863 0.000000 1
8849.919863 0.000000 1
8853.279863 0.000000 1
8856.639862 0.000000 1
8859.999862 0.000000 1
8863.359862 0.000000 1
8866.719862 0.000000 1
8870.079862 0.000000 1
8873.439862 0.000000 1
8876.799862 0.000000 1
8880.159862 0.000000 1
8883.519862 0.000000 1
8886.879862 0.000000 1
8890.239861 0.000000 1
8893.599861 0.000000 1
8896.959861 0.000000 1
8900.319861 0.000000 1
8903.679861 0.000000 1
8907.039861 0.000000 1
8910.399861 0.000000 1
8913.759861 0.000000 1
8917.119861 0.000000 1
8920.479860 0.000000 1
8923.839860 0.000000 1
8927.199860 0.000000 1
8930.559860 0.000000 1
8933.919860 0.000000 1
8937.279860 0.000000 1
8940.639860 0.000000 1
8943.999860 0.000000 1
8947.359860 0.000000 1
8950.719860 0.000000 1
8954.079859 0.000000 1
8957.439859 0.000000 1
8960.799859 0.000000 1
8964.159859 0.000000 1
8967.519859 0.000000 1
8970.879859 0.000000 1
8974.239859 0.000000 1
8977.599859 0.000000 1
8980.959859 0.000000 1
8984.319858 0.000000 1
8987.679858 0.000000 1
8991.039858 0.000000 1
8994.399858 0.000000 1
8997.759858 0.000000 1
9001.119858 0.000000 1
9004.479858 0.000000 1
9007.839858 0.000000 1
9011.199858 0.000000 1
9014.559858 0.000000 1
9017.919857 0.000000 1
9021.279857 0.000000 1
9024.639857 0.000000 1
9027.999857 0.000000 1
9031.359857 0.000000 1
9034.719857 0.000000 1
9038.079857 0.000000 1
9041.439857 0.000000 1
9044.799857 0.000000 1
9048.159856 0.000000 1
9051.519856 0.000000 1
9054.879856 0.000000 1
9058.239856 0.000000 1
9061.599856 0.000000 1
9064.959856 0.000000 1
9068.319856 0.000000 1
9071.679856 0.000000 1
9075.039856 0.000000 1
9078.399856 0.000000 1
9081.759855 0.000000 1
9085.119855 0.000000 1
9088.479855 0.000000 1
9091.839855 0.000000 1
9095.199855 0.000000 1
9098.559855 0.000000 1
9101.919855 0.000000 1
9105.279855 0.000000 1
9108.639855 0.000000 1
9111.999855 0.000000 1
9115.359854 0.000000 1
9118.719854 0.000000 1
9122.079854 0.000000 1
9125.439854 0.000000 1
9128.799854 0.000000 1
9132.159854 0.000000 1
9135.519854 0.000000 1
9138.879854 0.000000 1
9142.239854 0.000000 1
9145.599853 0.000000 1
9148.959853 0.000000 1
9152.319853 0.000000 1
9155.679853 0.000000 1
9159.039853 0.000000 1
9162.399853 0.000000 1
9165.759853 0.000000 1
9169.119853 0.000000 1
9172.479853 0.000000 1
9175.839853 0.000000 1
9179.199852 0.000000 1
9182.559852 0.000000 1
9185.919852 0.000000 1
9189.279852 0.000000 1
9192.639852 0.000000 1
9195.999852 0.000000 1
9199.359852 0.000000 1
9202.719852 0.000000 1
9206.079852 0.000000 1
9209.439851 0.000000 1
9212.799851 0.000000 1
9216.159851 0.000000 1
9219.519851 0.000000 1
9222.879851 0.000000 1
9226.239851 0.000000 1
9229.599851 0.000000 1
9232.959851 0.000000 1
9236.319851 0.000000 1
9239.679851 0.000000 1
9243.039850 0.000000 1
9246.399850 0.000000 1
9249.759850 0.000000 1
