# obs: 255704
# slit: 23
# z: 0.35129
# lines: H{beta},[OIII]
# spec: 467
5120.830000 0.000000 1
5122.490000 0.000000 1
5124.150000 0.000000 1
5125.810000 0.000000 1
5127.470000 0.000000 1
5129.130000 0.000000 1
5130.790000 0.000000 1
5132.450000 0.000000 1
5134.110000 0.000000 1
5135.770000 0.000000 1
5137.430000 0.000000 1
5139.090000 0.000000 1
5140.750000 0.000000 1
5142.410000 0.000000 1
5144.070000 0.000000 1
5145.730000 0.000000 1
5147.390000 0.000000 1
5149.050000 0.000000 1
5150.710000 0.000000 1
5152.370000 0.000000 1
5154.030000 0.000000 1
5155.690000 0.000000 1
5157.350000 0.000000 1
5159.010000 0.000000 1
5160.670000 0.000000 1
5162.330000 0.000000 1
5163.990000 0.000000 1
5165.650000 0.000000 1
5167.310000 0.000000 1
5168.970000 0.000000 1
5170.630000 0.000000 1
5172.290000 0.000000 1
5173.950000 0.000000 1
5175.610000 0.000000 1
5177.270000 0.000000 1
5178.930000 0.000000 1
5180.590000 0.000000 1
5182.250000 0.000000 1
5183.910000 0.000000 1
5185.570000 0.000000 1
5187.230000 0.000000 1
5188.890000 0.000000 1
5190.550000 0.000000 1
5192.210000 0.000000 1
5193.870000 0.000000 1
5195.530000 0.000000 1
5197.190000 0.000000 1
5198.850000 0.000000 1
5200.510000 0.000000 1
5202.170000 0.000000 1
5203.830000 0.000000 1
5205.490000 0.000000 1
5207.150000 0.000000 1
5208.810000 0.000000 1
5210.470000 0.000000 1
5212.130000 0.000000 1
5213.790000 0.000000 1
5215.450000 0.000000 1
5217.110000 0.000000 1
5218.770000 0.000000 1
5220.430000 0.000000 1
5222.090000 0.000000 1
5223.750000 0.000000 1
5225.410000 0.000000 1
5227.070000 0.000000 1
5228.730000 0.000000 1
5230.390000 0.000000 1
5232.050000 0.000000 1
5233.710000 0.000000 1
5235.370000 0.000000 1
5237.030000 0.000000 1
5238.690000 0.000000 1
5240.350000 0.000000 1
5242.010000 0.000000 1
5243.670000 0.000000 1
5245.330000 0.000000 1
5246.990000 0.000000 1
5248.650000 0.000000 1
5250.310000 0.000000 1
5251.970000 0.000000 1
5253.630000 0.000000 1
5255.290000 0.000000 1
5256.950000 0.000000 1
5258.610000 0.000000 1
5260.270000 0.000000 1
5261.930000 0.000000 1
5263.590000 0.000000 1
5265.250000 0.000000 1
5266.910000 0.000000 1
5268.570000 0.000000 1
5270.230000 0.000000 1
5271.890000 0.000000 1
5273.550000 0.000000 1
5275.210000 0.000000 1
5276.870000 0.000000 1
5278.530000 0.000000 1
5280.190000 0.000000 1
5281.850000 0.000000 1
5283.510000 0.000000 1
5285.170000 0.000000 1
5286.830000 0.000000 1
5288.490000 0.000000 1
5290.150000 0.000000 1
5291.810000 0.000000 1
5293.470000 0.000000 1
5295.130000 0.000000 1
5296.790000 0.000000 1
5298.450000 0.000000 1
5300.110000 0.000000 1
5301.770000 0.000000 1
5303.430000 0.000000 1
5305.090000 0.000000 1
5306.750000 0.000000 1
5308.410000 0.000000 1
5310.070000 0.000000 1
5311.730000 0.000000 1
5313.390000 0.000000 1
5315.050000 0.000000 1
5316.710000 0.000000 1
5318.370000 0.000000 1
5320.030000 0.000000 1
5321.690000 0.000000 1
5323.350000 0.000000 1
5325.010000 0.000000 1
5326.670000 0.000000 1
5328.330000 0.000000 1
5329.990000 0.000000 1
5331.650000 0.000000 1
5333.310000 0.000000 1
5334.970000 0.000000 1
5336.630000 0.000000 1
5338.290000 0.000000 1
5339.950000 0.000000 1
5341.610000 0.000000 1
5343.270000 0.000000 1
5344.930000 0.000000 1
5346.590000 0.000000 1
5348.250000 0.000000 1
5349.910000 0.000000 1
5351.570000 0.000000 1
5353.230000 0.000000 1
5354.890000 0.000000 1
5356.550000 0.000000 1
5358.210000 0.000000 1
5359.870000 0.000000 1
5361.530000 0.000000 1
5363.190000 0.000000 1
5364.850000 0.000000 1
5366.510000 0.000000 1
5368.170000 0.000000 1
5369.830000 0.000000 1
5371.490000 0.000000 1
5373.150000 0.000000 1
5374.810000 0.000000 1
5376.470000 0.000000 1
5378.130000 0.000000 1
5379.790000 0.000000 1
5381.450000 0.000000 1
5383.110000 0.000000 1
5384.770000 0.000000 1
5386.430000 0.000000 1
5388.090000 0.000000 1
5389.750000 0.000000 1
5391.410000 0.000000 1
5393.070000 0.000000 1
5394.730000 0.000000 1
5396.390000 0.000000 1
5398.050000 0.000000 1
5399.710000 0.000000 1
5401.370000 0.000000 1
5403.030000 0.000000 1
5404.690000 0.000000 1
5406.350000 0.000000 1
5408.010000 0.000000 1
5409.670000 0.000000 1
5411.330000 0.000000 1
5412.990000 0.000000 1
5414.650000 0.000000 1
5416.310000 0.000000 1
5417.970000 0.000000 1
5419.630000 0.000000 1
5421.290000 0.000000 1
5422.950000 0.000000 1
5424.610000 0.000000 1
5426.270000 0.000000 1
5427.930000 0.000000 1
5429.590000 0.000000 1
5431.250000 0.000000 1
5432.910000 0.000000 1
5434.570000 0.000000 1
5436.230000 0.000000 1
5437.890000 0.000000 1
5439.550000 0.000000 1
5441.210000 0.000000 1
5442.870000 0.000000 1
5444.530000 0.000000 1
5446.190000 0.000000 1
5447.850000 0.000000 1
5449.510000 0.000000 1
5451.170000 0.000000 1
5452.830000 0.000000 1
5454.490000 0.000000 1
5456.150000 0.000000 1
5457.810000 0.000000 1
5459.470000 0.000000 1
5461.130000 0.000000 1
5462.790000 0.000000 1
5464.450000 0.000000 1
5466.110000 0.000000 1
5467.770000 0.000000 1
5469.430000 0.000000 1
5471.090000 0.000000 1
5472.750000 0.000000 1
5474.410000 0.000000 1
5476.070000 0.000000 1
5477.730000 0.000000 1
5479.390000 0.000000 1
5481.050000 0.000000 1
5482.710000 0.000000 1
5484.370000 0.000000 1
5486.030000 0.000000 1
5487.690000 0.000000 1
5489.350000 0.000000 1
5491.010000 0.000000 1
5492.670000 0.000000 1
5494.330000 0.000000 1
5495.990000 0.000000 1
5497.650000 0.000000 1
5499.310000 0.000000 1
5500.970000 0.000000 1
5502.630000 0.000000 1
5504.290000 0.000000 1
5505.950000 0.000000 1
5507.610000 0.000000 1
5509.270000 0.000000 1
5510.930000 0.000000 1
5512.590000 0.000000 1
5514.250000 0.000000 1
5515.910000 0.000000 1
5517.570000 0.000000 1
5519.230000 0.000000 1
5520.890000 0.000000 1
5522.550000 0.000000 1
5524.210000 0.000000 1
5525.870000 0.000000 1
5527.530000 0.000000 1
5529.190000 0.000000 1
5530.850000 0.000000 1
5532.510000 0.000000 1
5534.170000 0.000000 1
5535.830000 0.000000 1
5537.490000 0.000000 1
5539.150000 0.000000 1
5540.810000 0.000000 1
5542.470000 0.000000 1
5544.130000 0.000000 1
5545.790000 0.000000 1
5547.450000 0.000000 1
5549.110000 0.000000 1
5550.770000 0.000000 1
5552.430000 0.000000 1
5554.090000 0.000000 1
5555.750000 0.000000 1
5557.410000 0.000000 1
5559.070000 0.000000 1
5560.730000 0.000000 1
5562.390000 0.000000 1
5564.050000 0.000000 1
5565.710000 0.000000 1
5567.370000 0.000000 1
5569.030000 0.000000 1
5570.690000 0.000000 1
5572.350000 0.000000 1
5574.010000 0.000000 1
5575.670000 0.000000 1
5577.330000 0.000000 1
5578.990000 0.000000 1
5580.650000 0.000000 1
5582.310000 0.000000 1
5583.970000 0.000000 1
5585.630000 0.000000 1
5587.290000 0.000000 1
5588.950000 0.000000 1
5590.610000 0.000000 1
5592.270000 0.000000 1
5593.930000 0.000000 1
5595.590000 0.000000 1
5597.250000 0.000000 1
5598.910000 0.000000 1
5600.570000 0.000000 1
5602.230000 0.000000 1
5603.890000 0.000000 1
5605.550000 0.000000 1
5607.210000 0.000000 1
5608.870000 0.000000 1
5610.530000 0.000000 1
5612.190000 0.000000 1
5613.850000 0.000000 1
5615.510000 0.000000 1
5617.170000 0.000000 1
5618.830000 0.000000 1
5620.490000 0.000000 1
5622.150000 0.000000 1
5623.810000 0.000000 1
5625.470000 0.000000 1
5627.130000 0.000000 1
5628.790000 0.061297 0
5630.450000 0.039005 0
5632.110000 0.023526 0
5633.770000 0.034467 0
5635.430000 0.053190 0
5637.090000 0.042160 0
5638.750000 0.032584 0
5640.410000 0.043923 0
5642.070000 0.011624 0
5643.730000 0.020274 0
5645.390000 0.006409 0
5647.050000 0.030323 0
5648.710000 0.032117 0
5650.370000 0.038843 0
5652.030000 0.025189 0
5653.690000 0.027996 0
5655.350000 0.029238 0
5657.010000 0.033347 0
5658.670000 0.052231 0
5660.330000 0.020447 0
5661.990000 0.026772 0
5663.650000 0.033043 0
5665.310000 0.034833 0
5666.970000 0.021489 0
5668.630000 0.034251 0
5670.290000 0.016870 0
5671.950000 0.018483 0
5673.610000 0.040239 0
5675.270000 0.041759 0
5676.930000 0.022196 0
5678.590000 0.043782 0
5680.250000 0.042244 0
5681.910000 0.036673 0
5683.570000 0.051500 0
5685.230000 0.019358 0
5686.890000 0.017106 0
5688.550000 0.042327 0
5690.210000 0.030375 0
5691.870000 0.035810 0
5693.530000 0.025167 0
5695.190000 0.022675 0
5696.850000 0.042771 0
5698.510000 0.029363 0
5700.170000 0.038618 0
5701.830000 0.021577 0
5703.490000 0.040768 0
5705.150000 0.040791 0
5706.810000 0.036029 0
5708.470000 0.037018 0
5710.130000 0.027900 0
5711.790000 0.034029 0
5713.450000 0.043283 0
5715.110000 0.037002 0
5716.770000 0.039663 0
5718.430000 0.036227 0
5720.090000 0.048767 0
5721.750000 0.020043 0
5723.410000 0.031369 0
5725.070000 0.024474 0
5726.730000 0.021443 0
5728.390000 0.036980 0
5730.050000 0.040288 0
5731.710000 0.040003 0
5733.370000 0.037666 0
5735.030000 0.034085 0
5736.690000 0.052325 0
5738.350000 0.021533 0
5740.010000 0.044385 0
5741.670000 0.050994 0
5743.330000 0.028681 0
5744.990000 0.020022 0
5746.650000 0.022899 0
5748.310000 0.038871 0
5749.970000 0.042292 0
5751.630000 0.015902 0
5753.290000 0.035242 0
5754.950000 0.034845 0
5756.610000 0.046415 0
5758.270000 0.023388 0
5759.930000 0.022450 0
5761.590000 0.042242 0
5763.250000 0.025037 0
5764.910000 0.022148 0
5766.570000 0.013745 0
5768.230000 0.021795 0
5769.890000 0.038565 0
5771.550000 0.027212 0
5773.210000 0.035107 0
5774.870000 0.031383 0
5776.530000 0.011872 0
5778.190000 0.018740 0
5779.850000 0.047176 0
5781.510000 0.044044 0
5783.170000 0.038042 0
5784.830000 0.042412 0
5786.490000 0.035316 0
5788.150000 0.053426 0
5789.810000 0.040165 0
5791.470000 0.042455 0
5793.130000 0.039056 0
5794.790000 0.043399 0
5796.450000 0.023187 0
5798.110000 0.017503 0
5799.770000 0.025229 0
5801.430000 0.028455 0
5803.090000 0.031287 0
5804.750000 0.029554 0
5806.410000 0.024078 0
5808.070000 0.033025 0
5809.730000 0.022972 0
5811.390000 0.013619 0
5813.050000 0.032727 0
5814.710000 0.032664 0
5816.370000 0.021975 0
5818.030000 0.038688 0
5819.690000 0.055648 0
5821.350000 0.037728 0
5823.010000 0.009972 0
5824.670000 0.047675 0
5826.330000 0.035833 0
5827.990000 0.022767 0
5829.650000 0.041395 0
5831.310000 0.030250 0
5832.970000 0.035463 0
5834.630000 0.026044 0
5836.290000 0.041003 0
5837.950000 0.022743 0
5839.610000 0.025818 0
5841.270000 0.039257 0
5842.930000 0.024093 0
5844.590000 0.025216 0
5846.250000 0.034671 0
5847.910000 0.030098 0
5849.570000 0.038625 0
5851.230000 0.028351 0
5852.890000 0.015884 0
5854.550000 0.023705 0
5856.210000 0.031016 0
5857.870000 0.014799 0
5859.530000 0.014267 0
5861.190000 0.040243 0
5862.850000 0.025509 0
5864.510000 0.082789 0
5866.170000 0.088326 0
5867.830000 0.083158 0
5869.490000 0.030287 0
5871.150000 0.054728 0
5872.810000 0.038818 0
5874.470000 0.035208 0
5876.130000 0.041613 0
5877.790000 0.029065 0
5879.450000 0.029008 0
5881.110000 0.038787 0
5882.770000 0.016938 0
5884.430000 0.008639 0
5886.090000 0.012601 0
5887.750000 0.004532 0
5889.410000 0.016582 0
5891.070000 0.057171 0
5892.730000 0.053355 0
5894.390000 0.046796 0
5896.050000 0.026561 0
5897.710000 0.060102 0
5899.370000 0.029043 0
5901.030000 0.030542 0
5902.690000 0.040062 0
5904.350000 0.039140 0
5906.010000 0.040924 0
5907.670000 0.034903 0
5909.330000 0.033373 0
5910.990000 0.037910 0
5912.650000 0.027581 0
5914.310000 0.034689 0
5915.970000 0.027255 0
5917.630000 0.029843 0
5919.290000 0.049112 0
5920.950000 0.032507 0
5922.610000 0.043376 0
5924.270000 0.046163 0
5925.930000 -0.004993 0
5927.590000 0.035210 0
5929.250000 0.032749 0
5930.910000 0.012723 0
5932.570000 0.020370 0
5934.230000 0.045468 0
5935.890000 0.027917 0
5937.550000 0.026036 0
5939.210000 0.035686 0
5940.870000 0.031434 0
5942.530000 0.021578 0
5944.190000 0.017320 0
5945.850000 0.009123 0
5947.510000 0.033441 0
5949.170000 0.021693 0
5950.830000 0.023843 0
5952.490000 0.025222 0
5954.150000 0.050266 0
5955.810000 0.051871 0
5957.470000 0.028147 0
5959.130000 0.027905 0
5960.790000 0.019586 0
5962.450000 0.027803 0
5964.110000 0.025437 0
5965.770000 0.040440 0
5967.430000 0.017403 0
5969.090000 0.041420 0
5970.750000 0.024647 0
5972.410000 0.031263 0
5974.070000 0.027862 0
5975.730000 0.017215 0
5977.390000 0.042664 0
5979.050000 0.042327 0
5980.710000 0.029514 0
5982.370000 0.052449 0
5984.030000 0.044223 0
5985.690000 0.041285 0
5987.350000 0.050994 0
5989.010000 0.048443 0
5990.670000 0.048640 0
5992.330000 0.029378 0
5993.990000 0.034492 0
5995.650000 0.028358 0
5997.310000 0.019542 0
5998.970000 0.000764 0
6000.630000 0.027921 0
6002.290000 0.022687 0
6003.950000 0.013809 0
6005.610000 0.029394 0
6007.270000 0.020301 0
6008.930000 0.025261 0
6010.590000 0.033465 0
6012.250000 0.023928 0
6013.910000 0.033258 0
6015.570000 0.039169 0
6017.230000 0.038912 0
6018.890000 0.011926 0
6020.550000 0.025632 0
6022.210000 0.033710 0
6023.870000 0.036976 0
6025.530000 0.025055 0
6027.190000 0.021304 0
6028.850000 0.035452 0
6030.510000 0.032714 0
6032.170000 0.023911 0
6033.830000 0.033438 0
6035.490000 0.021525 0
6037.150000 0.016522 0
6038.810000 0.023354 0
6040.470000 0.022846 0
6042.130000 0.028066 0
6043.790000 0.025348 0
6045.450000 0.036405 0
6047.110000 0.032122 0
6048.770000 0.024891 0
6050.430000 0.051338 0
6052.090000 0.048939 0
6053.750000 0.034847 0
6055.410000 0.032073 0
6057.070000 0.035537 0
6058.730000 0.034944 0
6060.390000 0.014375 0
6062.050000 0.027310 0
6063.710000 0.037653 0
6065.370000 0.034849 0
6067.030000 0.042632 0
6068.690000 0.038568 0
6070.350000 0.037842 0
6072.010000 0.026625 0
6073.670000 0.024418 0
6075.330000 0.017337 0
6076.990000 0.029513 0
6078.650000 0.033137 0
6080.310000 0.031707 0
6081.970000 0.035979 0
6083.630000 0.041863 0
6085.290000 0.027276 0
6086.950000 0.041178 0
6088.610000 0.027316 0
6090.270000 0.029647 0
6091.930000 0.041753 0
6093.590000 0.035463 0
6095.250000 0.026538 0
6096.910000 0.031163 0
6098.570000 0.027058 0
6100.230000 0.040273 0
6101.890000 0.029296 0
6103.550000 0.036244 0
6105.210000 0.031497 0
6106.870000 0.015816 0
6108.530000 0.029135 0
6110.190000 0.035202 0
6111.850000 0.030426 0
6113.510000 0.041310 0
6115.170000 0.031432 0
6116.830000 0.037467 0
6118.490000 0.041204 0
6120.150000 0.016195 0
6121.810000 0.016357 0
6123.470000 0.026447 0
6125.130000 0.021555 0
6126.790000 0.028186 0
6128.450000 0.035184 0
6130.110000 0.029276 0
6131.770000 0.034793 0
6133.430000 0.031402 0
6135.090000 0.035194 0
6136.750000 0.036047 0
6138.410000 0.021278 0
6140.070000 0.037998 0
6141.730000 0.040398 0
6143.390000 0.031263 0
6145.050000 0.031833 0
6146.710000 0.036006 0
6148.370000 0.030462 0
6150.030000 0.015412 0
6151.690000 0.032063 0
6153.350000 0.030692 0
6155.010000 0.029935 0
6156.670000 0.032851 0
6158.330000 0.018969 0
6159.990000 0.017010 0
6161.650000 0.025840 0
6163.310000 0.034877 0
6164.970000 0.042425 0
6166.630000 0.038374 0
6168.290000 0.040609 0
6169.950000 0.036134 0
6171.610000 0.023594 0
6173.270000 0.032283 0
6174.930000 0.043076 0
6176.590000 0.030467 0
6178.250000 0.031011 0
6179.910000 0.037208 0
6181.570000 0.039364 0
6183.230000 0.017112 0
6184.890000 0.014861 0
6186.550000 0.035291 0
6188.210000 0.026868 0
6189.870000 0.037823 0
6191.530000 0.030934 0
6193.190000 0.044702 0
6194.850000 0.024316 0
6196.510000 0.022688 0
6198.170000 0.027831 0
6199.830000 0.030742 0
6201.490000 0.026052 0
6203.150000 0.025980 0
6204.810000 0.037598 0
6206.470000 0.041804 0
6208.130000 0.051695 0
6209.790000 0.044629 0
6211.450000 0.033295 0
6213.110000 0.031670 0
6214.770000 0.034406 0
6216.430000 0.035101 0
6218.090000 0.035043 0
6219.750000 0.034017 0
6221.410000 0.017448 0
6223.070000 0.014761 0
6224.730000 0.026155 0
6226.390000 0.046511 0
6228.050000 0.034557 0
6229.710000 0.035169 0
6231.370000 0.027650 0
6233.030000 0.043426 0
6234.690000 0.039797 0
6236.350000 0.039946 0
6238.010000 0.032676 0
6239.670000 0.009609 0
6241.330000 0.035488 0
6242.990000 0.014461 0
6244.650000 0.040912 0
6246.310000 0.048012 0
6247.970000 0.028706 0
6249.630000 0.034809 0
6251.290000 0.030948 0
6252.950000 0.032062 0
6254.610000 0.034976 0
6256.270000 0.039558 0
6257.930000 0.025171 0
6259.590000 0.041553 0
6261.250000 0.043548 0
6262.910000 0.035777 0
6264.570000 0.026526 0
6266.230000 0.031891 0
6267.890000 0.033542 0
6269.550000 0.025574 0
6271.210000 0.023605 0
6272.870000 0.032343 0
6274.530000 0.042938 0
6276.190000 0.028676 0
6277.850000 0.039671 0
6279.510000 0.024399 0
6281.170000 0.034308 0
6282.830000 0.039026 0
6284.490000 0.017191 0
6286.150000 0.041608 0
6287.810000 0.039302 0
6289.470000 0.030102 0
6291.130000 0.037225 1
6292.790000 0.031062 1
6294.450000 0.026233 1
6296.110000 -0.042237 1
6297.770000 -0.003670 1
6299.430000 0.028078 1
6301.090000 -0.003142 1
6302.750000 0.010285 1
6304.410000 0.023714 1
6306.070000 0.023083 1
6307.730000 0.024933 1
6309.390000 0.035384 1
6311.050000 0.021134 1
6312.710000 0.030440 0
6314.370000 0.029724 0
6316.030000 0.030648 0
6317.690000 0.035854 0
6319.350000 0.028678 0
6321.010000 0.028313 0
6322.670000 0.054979 0
6324.330000 0.035692 0
6325.990000 0.033746 0
6327.650000 0.041371 0
6329.310000 0.024808 0
6330.970000 0.031548 0
6332.630000 0.023909 0
6334.290000 0.036953 0
6335.950000 0.018095 0
6337.610000 0.025305 0
6339.270000 0.022275 0
6340.930000 0.027380 0
6342.590000 0.037376 0
6344.250000 0.036874 0
6345.910000 0.035645 0
6347.570000 0.032991 0
6349.230000 0.039395 0
6350.890000 0.024423 0
6352.550000 0.039769 0
6354.210000 0.032322 0
6355.870000 0.013363 0
6357.530000 0.021029 1
6359.190000 0.028891 1
6360.850000 0.024751 1
6362.510000 0.080688 1
6364.170000 0.060575 1
6365.830000 -0.128013 1
6367.490000 0.008573 1
6369.150000 0.036712 1
6370.810000 0.015763 0
6372.470000 0.019784 0
6374.130000 0.040330 0
6375.790000 0.018411 0
6377.450000 0.025557 0
6379.110000 0.032746 0
6380.770000 0.016841 0
6382.430000 0.039607 0
6384.090000 0.024776 0
6385.750000 0.021882 0
6387.410000 0.038425 0
6389.070000 0.018213 0
6390.730000 0.028289 0
6392.390000 0.023789 0
6394.050000 0.034919 0
6395.710000 0.039979 0
6397.370000 0.030998 0
6399.030000 0.039569 0
6400.690000 0.044170 0
6402.350000 0.034214 0
6404.010000 0.023982 0
6405.670000 0.021195 0
6407.330000 0.035385 0
6408.990000 0.030985 0
6410.650000 0.033119 0
6412.310000 0.029200 0
6413.970000 0.027215 0
6415.630000 0.045990 0
6417.290000 0.026922 0
6418.950000 0.027470 0
6420.610000 0.037548 0
6422.270000 0.031382 0
6423.930000 0.031741 0
6425.590000 0.032148 0
6427.250000 0.026037 0
6428.910000 0.049575 0
6430.570000 0.029813 0
6432.230000 0.033007 0
6433.890000 0.030112 0
6435.550000 0.026482 0
6437.210000 0.018689 0
6438.870000 0.029002 0
6440.530000 0.034242 0
6442.190000 0.041776 0
6443.850000 0.031805 0
6445.510000 0.028280 0
6447.170000 0.039394 0
6448.830000 0.024245 0
6450.490000 0.025571 0
6452.150000 0.044816 0
6453.810000 0.054739 0
6455.470000 0.033590 0
6457.130000 0.033365 0
6458.790000 0.034601 0
6460.450000 0.041625 0
6462.110000 0.036663 0
6463.770000 0.027821 0
6465.430000 0.006289 0
6467.090000 0.020326 0
6468.750000 0.036699 0
6470.410000 0.034748 0
6472.070000 0.026101 0
6473.730000 0.028649 0
6475.390000 0.015650 0
6477.050000 0.051633 0
6478.710000 0.030461 0
6480.370000 0.032530 0
6482.030000 0.025880 0
6483.690000 0.027405 0
6485.350000 0.018294 0
6487.010000 0.032481 0
6488.670000 0.034726 0
6490.330000 0.034699 0
6491.990000 0.038862 0
6493.650000 0.026580 0
6495.310000 0.024026 0
6496.970000 0.043854 0
6498.630000 0.028643 0
6500.290000 0.012720 0
6501.950000 0.026918 0
6503.610000 0.024349 0
6505.270000 0.035779 0
6506.930000 0.037481 0
6508.590000 0.028204 0
6510.250000 0.027160 0
6511.910000 0.029181 0
6513.570000 0.032203 0
6515.230000 0.032402 0
6516.890000 0.027779 0
6518.550000 0.035155 0
6520.210000 0.026546 0
6521.870000 0.034581 0
6523.530000 0.035923 0
6525.190000 0.051158 0
6526.850000 0.054832 0
6528.510000 0.029877 0
6530.170000 0.028641 0
6531.830000 0.022058 0
6533.490000 0.026732 0
6535.150000 0.028432 0
6536.810000 0.030024 0
6538.470000 0.024739 0
6540.130000 0.018888 0
6541.790000 0.028765 0
6543.450000 0.028571 0
6545.110000 0.035032 0
6546.770000 0.026984 0
6548.430000 0.028239 0
6550.090000 0.026799 0
6551.750000 0.030136 0
6553.410000 0.019724 0
6555.070000 0.032853 0
6556.730000 0.032860 0
6558.390000 0.032037 0
6560.050000 0.024352 0
6561.710000 0.029620 0
6563.370000 0.033690 0
6565.030000 0.033510 0
6566.690000 0.046137 0
6568.350000 0.153269 0
6570.010000 0.192127 0
6571.670000 0.162109 0
6573.330000 0.106414 0
6574.990000 0.042951 0
6576.650000 0.031603 0
6578.310000 0.024420 0
6579.970000 0.005566 0
6581.630000 0.023512 0
6583.290000 0.019874 0
6584.950000 0.017236 0
6586.610000 0.032387 0
6588.270000 0.033187 0
6589.930000 0.024348 0
6591.590000 0.031573 0
6593.250000 0.018341 0
6594.910000 0.015464 0
6596.570000 0.027214 0
6598.230000 0.022084 0
6599.890000 0.026807 0
6601.550000 0.021468 0
6603.210000 0.016017 0
6604.870000 0.037231 0
6606.530000 0.014903 0
6608.190000 0.037312 0
6609.850000 0.038432 0
6611.510000 0.024184 0
6613.170000 0.030863 0
6614.830000 0.028684 0
6616.490000 0.033453 0
6618.150000 0.032245 0
6619.810000 0.027463 0
6621.470000 0.030666 0
6623.130000 0.030016 0
6624.790000 0.033708 0
6626.450000 0.030874 0
6628.110000 0.034924 0
6629.770000 0.027754 0
6631.430000 0.033134 0
6633.090000 0.024322 0
6634.750000 0.034222 0
6636.410000 0.036355 0
6638.070000 0.027286 0
6639.730000 0.028758 0
6641.390000 0.039719 0
6643.050000 0.029121 0
6644.710000 0.029748 0
6646.370000 0.029750 0
6648.030000 0.022606 0
6649.690000 0.025438 0
6651.350000 0.033187 0
6653.010000 0.030186 0
6654.670000 0.033278 0
6656.330000 0.030661 0
6657.990000 0.020807 0
6659.650000 0.033101 0
6661.310000 0.037108 0
6662.970000 0.028770 0
6664.630000 0.039309 0
6666.290000 0.029863 0
6667.950000 0.029401 0
6669.610000 0.027806 0
6671.270000 0.035138 0
6672.930000 0.028963 0
6674.590000 0.029669 0
6676.250000 0.026268 0
6677.910000 0.021759 0
6679.570000 0.037774 0
6681.230000 0.029605 0
6682.890000 0.046205 0
6684.550000 0.036440 0
6686.210000 0.021697 0
6687.870000 0.032088 0
6689.530000 0.036442 0
6691.190000 0.028795 0
6692.850000 0.028554 0
6694.510000 0.024831 0
6696.170000 0.031728 0
6697.830000 0.040424 0
6699.490000 0.078790 0
6701.150000 0.187950 0
6702.810000 0.219834 0
6704.470000 0.163401 0
6706.130000 0.086898 0
6707.790000 0.031508 0
6709.450000 0.024220 0
6711.110000 0.031803 0
6712.770000 0.030988 0
6714.430000 0.033875 0
6716.090000 0.040407 0
6717.750000 0.028207 0
6719.410000 0.023546 0
6721.070000 0.028986 0
6722.730000 0.030612 0
6724.390000 0.033897 0
6726.050000 0.039294 0
6727.710000 0.037120 0
6729.370000 0.032386 0
6731.030000 0.033945 0
6732.690000 0.039555 0
6734.350000 0.042879 0
6736.010000 0.026962 0
6737.670000 0.018963 0
6739.330000 0.023799 0
6740.990000 0.028471 0
6742.650000 0.038802 0
6744.310000 0.031484 0
6745.970000 0.028366 0
6747.630000 0.020223 0
6749.290000 0.029066 0
6750.950000 0.036830 0
6752.610000 0.031317 0
6754.270000 0.033141 0
6755.930000 0.021291 0
6757.590000 0.039949 0
6759.250000 0.021764 0
6760.910000 0.036303 0
6762.570000 0.044986 0
6764.230000 0.202678 0
6765.890000 0.498547 0
6767.550000 0.554424 0
6769.210000 0.398998 0
6770.870000 0.189980 0
6772.530000 0.076237 0
6774.190000 0.047369 0
6775.850000 0.038504 0
6777.510000 0.038178 0
6779.170000 0.020814 0
6780.830000 0.030409 0
6782.490000 0.034942 0
6784.150000 0.038446 0
6785.810000 0.031745 0
6787.470000 0.021464 0
6789.130000 0.020043 0
6790.790000 0.036716 0
6792.450000 0.038129 0
6794.110000 0.025525 0
6795.770000 0.021453 0
6797.430000 0.031818 0
6799.090000 0.032134 0
6800.750000 0.022533 0
6802.410000 0.016024 0
6804.070000 0.029326 0
6805.730000 0.023219 0
6807.390000 0.035426 0
6809.050000 0.039680 0
6810.710000 0.024850 0
6812.370000 0.027679 0
6814.030000 0.033991 0
6815.690000 0.027260 0
6817.350000 0.024565 0
6819.010000 0.037809 0
6820.670000 0.023227 0
6822.330000 0.033457 0
6823.990000 0.023884 0
6825.650000 0.021323 0
6827.310000 0.026901 0
6828.970000 0.028884 0
6830.630000 0.046075 0
6832.290000 0.054279 0
6833.950000 0.020191 0
6835.610000 0.023823 0
6837.270000 0.044859 0
6838.930000 0.021388 0
6840.590000 0.025085 0
6842.250000 0.040119 0
6843.910000 0.033609 0
6845.570000 0.022760 0
6847.230000 0.021986 0
6848.890000 0.030486 0
6850.550000 0.025589 0
6852.210000 0.019954 0
6853.870000 0.029231 0
6855.530000 0.030419 0
6857.190000 0.036359 0
6858.850000 0.034133 0
6860.510000 0.023442 0
6862.170000 0.004947 0
6863.830000 0.037986 0
6865.490000 0.042885 0
6867.150000 0.022644 0
6868.810000 0.019092 0
6870.470000 0.025630 0
6872.130000 0.041465 0
6873.790000 0.030690 0
6875.450000 0.022914 0
6877.110000 0.033428 0
6878.770000 0.023161 0
6880.430000 0.031330 0
6882.090000 0.024809 0
6883.750000 0.032714 0
6885.410000 0.034063 0
6887.070000 0.033380 0
6888.730000 0.038609 0
6890.390000 0.031933 0
6892.050000 0.009669 0
6893.710000 0.026519 0
6895.370000 0.028976 0
6897.030000 0.025318 0
6898.690000 0.024534 0
6900.350000 0.035302 0
6902.010000 0.035357 0
6903.670000 0.018851 0
6905.330000 0.025865 0
6906.990000 0.023304 0
6908.650000 0.015712 0
6910.310000 0.008475 0
6911.970000 0.027657 0
6913.630000 0.030700 0
6915.290000 0.030563 0
6916.950000 0.027952 0
6918.610000 0.024264 0
6920.270000 0.032273 0
6921.930000 0.024341 0
6923.590000 0.028431 0
6925.250000 0.031049 0
6926.910000 0.026301 0
6928.570000 0.022351 0
6930.230000 0.020878 0
6931.890000 0.036037 0
6933.550000 0.036200 0
6935.210000 0.035827 0
6936.870000 0.038501 0
6938.530000 0.033559 0
6940.190000 0.033380 0
6941.850000 0.033980 0
6943.510000 0.019931 0
6945.170000 0.025782 0
6946.830000 0.030518 0
6948.490000 0.028994 0
6950.150000 0.023456 0
6951.810000 0.030154 0
6953.470000 0.032633 0
6955.130000 0.027115 0
6956.790000 0.033593 0
6958.450000 0.030657 0
6960.110000 0.031930 0
6961.770000 0.030237 0
6963.430000 0.025414 0
6965.090000 0.023263 0
6966.750000 0.020618 0
6968.410000 0.035567 0
6970.070000 0.029707 0
6971.730000 0.018829 0
6973.390000 0.026685 0
6975.050000 0.023574 0
6976.710000 0.035130 0
6978.370000 0.032638 0
6980.030000 0.021499 0
6981.690000 0.021860 0
6983.350000 0.037718 0
6985.010000 0.031956 0
6986.670000 0.027711 0
6988.330000 0.037976 0
6989.990000 0.033227 0
6991.650000 0.035205 0
6993.310000 0.022967 0
6994.970000 0.026268 0
6996.630000 0.035074 0
6998.290000 0.028457 0
6999.950000 0.038075 0
7001.610000 0.024666 0
7003.270000 0.031083 0
7004.930000 0.026323 0
7006.590000 0.038477 0
7008.250000 0.029294 0
7009.910000 0.036553 0
7011.570000 0.026624 0
7013.230000 0.025891 0
7014.890000 0.026635 0
7016.550000 0.020961 0
7018.210000 0.042178 0
7019.870000 0.031006 0
7021.530000 0.032405 0
7023.190000 0.032781 0
7024.850000 0.026127 0
7026.510000 0.039048 0
7028.170000 0.041437 0
7029.830000 0.021937 0
7031.490000 0.021298 0
7033.150000 0.030236 0
7034.810000 0.029844 0
7036.470000 0.032166 0
7038.130000 0.036738 0
7039.790000 0.027055 0
7041.450000 0.035115 0
7043.110000 0.033459 0
7044.770000 0.017974 0
7046.430000 0.032791 0
7048.090000 0.030046 0
7049.750000 0.024088 0
7051.410000 0.025275 0
7053.070000 0.026183 0
7054.730000 0.018899 0
7056.390000 0.037874 0
7058.050000 0.024929 0
7059.710000 0.025572 0
7061.370000 0.023329 0
7063.030000 0.031693 0
7064.690000 0.039543 0
7066.350000 0.024137 0
7068.010000 0.030192 0
7069.670000 0.031182 0
7071.330000 0.019141 0
7072.990000 0.028584 0
7074.650000 0.046013 0
7076.310000 0.036539 0
7077.970000 0.013990 0
7079.630000 0.016276 0
7081.290000 0.034619 0
7082.950000 0.025257 0
7084.610000 0.032265 0
7086.270000 0.037820 0
7087.930000 0.035280 0
7089.590000 0.034875 0
7091.250000 0.033108 0
7092.910000 0.029733 0
7094.570000 0.031565 0
7096.230000 0.023259 0
7097.890000 0.031110 0
7099.550000 0.029156 0
7101.210000 0.040128 0
7102.870000 0.037107 0
7104.530000 0.035137 0
7106.190000 0.040273 0
7107.850000 0.030550 0
7109.510000 0.038507 0
7111.170000 0.029622 0
7112.830000 0.023292 0
7114.490000 0.023655 0
7116.150000 0.033930 0
7117.810000 0.035155 0
7119.470000 0.036172 0
7121.130000 0.030835 0
7122.790000 0.031941 0
7124.450000 0.026808 0
7126.110000 0.025925 0
7127.770000 0.025710 0
7129.430000 0.025608 0
7131.090000 0.026042 0
7132.750000 0.036316 0
7134.410000 0.049303 0
7136.070000 0.033598 0
7137.730000 0.026743 0
7139.390000 0.018650 0
7141.050000 0.028700 0
7142.710000 0.030309 0
7144.370000 0.019274 0
7146.030000 0.031181 0
7147.690000 0.031757 0
7149.350000 0.030256 0
7151.010000 0.031875 0
7152.670000 0.028195 0
7154.330000 0.034079 0
7155.990000 0.029970 0
7157.650000 0.029507 0
7159.310000 0.034502 0
7160.970000 0.026652 0
7162.630000 0.029538 0
7164.290000 0.038741 0
7165.950000 0.031043 0
7167.610000 0.037423 0
7169.270000 0.028211 0
7170.930000 0.020365 0
7172.590000 0.035075 0
7174.250000 0.029209 0
7175.910000 0.026819 0
7177.570000 0.034527 0
7179.230000 0.035249 0
7180.890000 0.037113 0
7182.550000 0.033728 0
7184.210000 0.039467 0
7185.870000 0.023609 0
7187.530000 0.026718 0
7189.190000 0.024519 0
7190.850000 0.025759 0
7192.510000 0.035271 0
7194.170000 0.035364 0
7195.830000 0.027109 0
7197.490000 0.020464 0
7199.150000 0.032198 0
7200.810000 0.017178 0
7202.470000 0.025729 0
7204.130000 0.022024 0
7205.790000 0.029274 0
7207.450000 0.016710 0
7209.110000 0.023508 0
7210.770000 0.029145 0
7212.430000 0.029217 0
7214.090000 0.026717 0
7215.750000 0.021191 0
7217.410000 0.039801 0
7219.070000 0.025171 0
7220.730000 0.011108 0
7222.390000 0.023530 0
7224.050000 0.044951 0
7225.710000 0.036616 0
7227.370000 0.032008 0
7229.030000 0.036122 0
7230.690000 0.023696 0
7232.350000 0.027956 0
7234.010000 0.038095 0
7235.670000 0.019369 0
7237.330000 0.016556 0
7238.990000 0.028662 0
7240.650000 0.015973 0
7242.310000 0.028950 0
7243.970000 0.028645 0
7245.630000 0.029247 0
7247.290000 0.039753 0
7248.950000 0.054198 0
7250.610000 0.022275 0
7252.270000 0.020402 0
7253.930000 0.029011 0
7255.590000 0.036605 0
7257.250000 0.036642 0
7258.910000 0.030357 0
7260.570000 0.029213 0
7262.230000 0.040083 0
7263.890000 0.035955 0
7265.550000 0.025206 0
7267.210000 0.017936 0
7268.870000 0.038189 0
7270.530000 0.034521 0
7272.190000 0.010985 0
7273.850000 0.016971 0
7275.510000 0.033656 0
7277.170000 0.021287 0
7278.830000 0.024279 0
7280.490000 0.020857 0
7282.150000 0.040009 0
7283.810000 0.036671 0
7285.470000 0.034123 0
7287.130000 0.047535 0
7288.790000 0.030653 0
7290.450000 0.026699 0
7292.110000 0.031039 0
7293.770000 0.029531 0
7295.430000 0.019348 0
7297.090000 0.026083 0
7298.750000 0.036232 0
7300.410000 0.032866 0
7302.070000 0.048355 0
7303.730000 0.045483 0
7305.390000 0.022835 0
7307.050000 0.012793 0
7308.710000 0.025842 0
7310.370000 0.035542 0
7312.030000 0.021484 0
7313.690000 0.040695 0
7315.350000 0.034956 0
7317.010000 0.029623 0
7318.670000 0.029446 0
7320.330000 0.029656 0
7321.990000 0.036743 0
7323.650000 0.042301 0
7325.310000 0.036923 0
7326.970000 0.023631 0
7328.630000 0.031308 0
7330.290000 0.036529 0
7331.950000 0.042475 0
7333.610000 0.041715 0
7335.270000 0.034220 0
7336.930000 0.003961 0
7338.590000 -0.013169 0
7340.250000 0.040267 0
7341.910000 0.047093 0
7343.570000 0.040455 0
7345.230000 0.025535 0
7346.890000 0.030053 0
7348.550000 0.031444 0
7350.210000 0.030720 0
7351.870000 0.029674 0
7353.530000 0.033286 0
7355.190000 0.021392 0
7356.850000 0.029642 0
7358.510000 0.034838 0
7360.170000 0.036790 0
7361.830000 0.034960 0
7363.490000 0.028066 0
7365.150000 0.031519 0
7366.810000 0.018199 0
7368.470000 0.048121 0
7370.130000 0.024065 0
7371.790000 0.038915 0
7373.450000 0.022840 0
7375.110000 0.030432 0
7376.770000 0.031406 0
7378.430000 0.037016 0
7380.090000 0.025355 0
7381.750000 0.048542 0
7383.410000 0.042434 0
7385.070000 0.030142 0
7386.730000 0.029247 0
7388.390000 0.022860 0
7390.050000 0.027508 0
7391.710000 0.026094 0
7393.370000 0.029504 0
7395.030000 0.032187 0
7396.690000 0.018631 0
7398.350000 0.020571 0
7400.010000 0.040438 0
7401.670000 0.046714 0
7403.330000 0.032372 0
7404.990000 0.029566 0
7406.650000 0.033654 0
7408.310000 0.031072 0
7409.970000 0.030323 0
7411.630000 0.025019 0
7413.290000 0.026424 0
7414.950000 0.035600 0
7416.610000 0.024777 0
7418.270000 0.031674 0
7419.930000 0.027107 0
7421.590000 0.021408 0
7423.250000 0.031849 0
7424.910000 0.025649 0
7426.570000 0.012983 0
7428.230000 0.042701 0
7429.890000 0.041085 0
7431.550000 0.037229 0
7433.210000 0.029945 0
7434.870000 0.025021 0
7436.530000 0.021667 0
7438.190000 0.015449 0
7439.850000 0.024501 0
7441.510000 0.029779 0
7443.170000 0.030225 0
7444.830000 0.025224 0
7446.490000 0.032475 0
7448.150000 0.035290 0
7449.810000 0.023244 0
7451.470000 0.027669 0
7453.130000 0.032544 0
7454.790000 0.032680 0
7456.450000 0.031829 0
7458.110000 0.027359 0
7459.770000 0.028144 0
7461.430000 0.029109 0
7463.090000 0.027426 0
7464.750000 0.036728 0
7466.410000 0.038053 0
7468.070000 0.020625 0
7469.730000 0.026302 0
7471.390000 0.033907 0
7473.050000 0.033986 0
7474.710000 0.037466 0
7476.370000 0.039538 0
7478.030000 0.020922 0
7479.690000 0.034272 0
7481.350000 0.019800 0
7483.010000 0.029739 0
7484.670000 0.026370 0
7486.330000 0.033459 0
7487.990000 0.029600 0
7489.650000 0.025681 0
7491.310000 0.032704 0
7492.970000 0.022605 0
7494.630000 0.041784 0
7496.290000 0.048465 0
7497.950000 0.017342 0
7499.610000 0.023101 0
7501.270000 0.032414 0
7502.930000 0.031036 0
7504.590000 0.027142 0
7506.250000 0.029532 0
7507.910000 0.034365 0
7509.570000 0.030830 0
7511.230000 0.023348 0
7512.890000 0.025763 0
7514.550000 0.022168 0
7516.210000 0.026429 0
7517.870000 0.037748 0
7519.530000 0.033240 0
7521.190000 0.001342 0
7522.850000 0.026653 0
7524.510000 0.041207 0
7526.170000 0.049075 0
7527.830000 0.048940 0
7529.490000 0.050474 0
7531.150000 0.040944 0
7532.810000 0.029962 0
7534.470000 0.027083 0
7536.130000 0.029204 0
7537.790000 0.031347 0
7539.450000 0.034053 0
7541.110000 0.037688 0
7542.770000 0.039899 0
7544.430000 0.033818 0
7546.090000 0.026795 0
7547.750000 0.026284 0
7549.410000 0.031018 0
7551.070000 0.034216 0
7552.730000 0.021029 0
7554.390000 0.028409 0
7556.050000 0.034445 0
7557.710000 0.038642 0
7559.370000 0.043675 0
7561.030000 0.035860 0
7562.690000 0.034252 0
7564.350000 0.027887 0
7566.010000 0.036466 0
7567.670000 0.017294 0
7569.330000 -0.003462 0
7570.990000 0.034428 0
7572.650000 0.048264 0
7574.310000 0.043936 0
7575.970000 0.039079 0
7577.630000 0.022459 0
7579.290000 0.030083 0
7580.950000 0.034484 0
7582.610000 0.023976 0
7584.270000 0.029188 0
7585.930000 0.046387 0
7587.590000 0.045664 0
7589.250000 0.033176 0
7590.910000 0.033483 0
7592.570000 0.028122 0
7594.230000 0.018944 0
7595.890000 0.040119 0
7597.550000 0.037031 0
7599.210000 0.050975 0
7600.870000 0.081134 0
7602.530000 0.021220 0
7604.190000 0.038291 0
7605.850000 0.031561 0
7607.510000 0.026288 0
7609.170000 0.042059 0
7610.830000 0.015235 0
7612.490000 0.007992 0
7614.150000 0.023090 0
7615.810000 0.012328 0
7617.470000 0.036486 0
7619.130000 0.028601 0
7620.790000 0.022328 0
7622.450000 0.029020 0
7624.110000 0.029678 0
7625.770000 0.010904 0
7627.430000 0.014076 0
7629.090000 0.021434 0
7630.750000 0.040912 0
7632.410000 0.029003 0
7634.070000 0.016910 0
7635.730000 0.022973 0
7637.390000 0.040461 0
7639.050000 0.041579 0
7640.710000 0.021964 0
7642.370000 0.018107 0
7644.030000 0.018022 0
7645.690000 0.045212 0
7647.350000 0.034189 0
7649.010000 0.023975 0
7650.670000 0.034043 0
7652.330000 0.035681 0
7653.990000 0.016927 0
7655.650000 0.024293 0
7657.310000 0.038485 0
7658.970000 0.035893 0
7660.630000 0.031307 0
7662.290000 0.030495 0
7663.950000 0.043898 0
7665.610000 0.041386 0
7667.270000 0.020312 0
7668.930000 0.021918 0
7670.590000 0.025531 0
7672.250000 0.021381 0
7673.910000 0.026738 0
7675.570000 0.026573 0
7677.230000 0.022925 0
7678.890000 0.025168 0
7680.550000 0.026970 0
7682.210000 0.017256 0
7683.870000 0.013899 0
7685.530000 0.027856 0
7687.190000 0.028193 0
7688.850000 0.020818 0
7690.510000 0.033875 0
7692.170000 0.032099 0
7693.830000 0.033585 0
7695.490000 0.037703 0
7697.150000 0.040368 0
7698.810000 0.028709 0
7700.470000 0.023231 0
7702.130000 0.025298 0
7703.790000 0.023863 0
7705.450000 0.027120 0
7707.110000 0.020449 0
7708.770000 -0.035386 0
7710.430000 -0.016370 0
7712.090000 0.000571 0
7713.750000 -0.019498 0
7715.410000 0.025269 0
7717.070000 0.035774 0
7718.730000 0.038692 0
7720.390000 0.050360 0
7722.050000 0.025285 0
7723.710000 0.013717 0
7725.370000 0.031037 0
7727.030000 0.042231 0
7728.690000 0.037139 0
7730.350000 0.029877 0
7732.010000 0.025280 0
7733.670000 0.034547 0
7735.330000 0.023257 0
7736.990000 0.024845 0
7738.650000 0.032453 0
7740.310000 0.018523 0
7741.970000 0.027850 0
7743.630000 0.030088 0
7745.290000 0.030673 0
7746.950000 -0.044690 0
7748.610000 -0.034680 0
7750.270000 0.009814 0
7751.930000 0.002434 0
7753.590000 0.097197 0
7755.250000 0.023108 0
7756.910000 0.019534 0
7758.570000 0.041621 0
7760.230000 0.035568 0
7761.890000 0.046813 0
7763.550000 0.032774 0
7765.210000 0.037077 0
7766.870000 0.034905 0
7768.530000 0.021454 0
7770.190000 0.019496 0
7771.850000 0.026855 0
7773.510000 0.026128 0
7775.170000 0.035403 0
7776.830000 0.011598 0
7778.490000 0.033751 0
7780.150000 0.031450 0
7781.810000 0.029923 0
7783.470000 0.049012 0
7785.130000 0.027087 0
7786.790000 0.019131 0
7788.450000 0.021419 0
7790.110000 -0.002412 0
7791.770000 0.009291 0
7793.430000 -0.010539 0
7795.090000 -0.003359 0
7796.750000 0.101457 0
7798.410000 0.055433 0
7800.070000 0.038542 0
7801.730000 0.029429 0
7803.390000 0.029970 0
7805.050000 0.029191 0
7806.710000 0.037162 0
7808.370000 0.016787 0
7810.030000 0.008205 0
7811.690000 0.030942 0
7813.350000 0.030335 0
7815.010000 0.029549 0
7816.670000 0.020657 0
7818.330000 0.001132 0
7819.990000 -0.019199 0
7821.650000 -0.003325 0
7823.310000 0.050328 0
7824.970000 0.054078 0
7826.630000 0.048795 0
7828.290000 0.023732 0
7829.950000 0.030818 0
7831.610000 0.027295 0
7833.270000 0.029714 0
7834.930000 0.018242 0
7836.590000 0.019365 0
7838.250000 0.027222 0
7839.910000 0.020617 0
7841.570000 0.025259 0
7843.230000 0.031737 0
7844.890000 0.010551 0
7846.550000 0.019382 0
7848.210000 0.012968 0
7849.870000 -0.030079 0
7851.530000 0.026709 0
7853.190000 0.011160 0
7854.850000 0.052886 0
7856.510000 0.060507 0
7858.170000 0.029267 0
7859.830000 0.033496 0
7861.490000 0.040938 0
7863.150000 0.065363 0
7864.810000 0.022251 0
7866.470000 -0.003693 0
7868.130000 0.019880 0
7869.790000 0.026076 0
7871.450000 0.007946 0
7873.110000 0.061247 0
7874.770000 0.040429 0
7876.430000 0.006989 0
7878.090000 0.009576 0
7879.750000 0.052194 0
7881.410000 0.051780 0
7883.070000 0.031061 0
7884.730000 0.036739 0
7886.390000 0.028695 0
7888.050000 0.004909 0
7889.710000 0.032623 0
7891.370000 0.039727 0
7893.030000 0.031561 0
7894.690000 0.035406 0
7896.350000 0.037794 0
7898.010000 0.027302 0
7899.670000 0.032342 0
7901.330000 0.026031 0
7902.990000 0.016789 0
7904.650000 0.024529 0
7906.310000 0.037437 0
7907.970000 0.028041 0
7909.630000 -0.056478 0
7911.290000 -0.029622 0
7912.950000 0.032070 0
7914.610000 0.034007 0
7916.270000 0.094986 0
7917.930000 0.007156 0
7919.590000 -0.014406 0
7921.250000 0.019197 0
7922.910000 0.059638 0
7924.570000 0.037612 0
7926.230000 0.025280 0
7927.890000 0.018318 0
7929.550000 0.003936 0
7931.210000 -0.008613 0
7932.870000 -0.000537 0
7934.530000 0.042680 0
7936.190000 0.018655 0
7937.850000 0.044636 0
7939.510000 0.022139 0
7941.170000 0.058234 0
7942.830000 0.036662 0
7944.490000 0.028971 0
7946.150000 0.026392 0
7947.810000 0.041668 0
7949.470000 0.049753 0
7951.130000 0.018002 0
7952.790000 0.057164 0
7954.450000 0.026053 0
7956.110000 0.022839 0
7957.770000 0.032803 0
7959.430000 0.015300 0
7961.090000 -0.022404 0
7962.750000 -0.026084 0
7964.410000 0.033349 0
7966.070000 -0.012272 0
7967.730000 0.066794 0
7969.390000 0.066654 0
7971.050000 0.037780 0
7972.710000 0.027487 0
7974.370000 0.021575 0
7976.030000 0.004219 0
7977.690000 -0.004647 0
7979.350000 0.009332 0
7981.010000 0.023045 0
7982.670000 0.055439 0
7984.330000 0.027841 0
7985.990000 0.018749 0
7987.650000 0.019240 0
7989.310000 -0.011688 0
7990.970000 -0.030682 0
7992.630000 -0.005613 0
7994.290000 0.033075 0
7995.950000 0.089409 0
7997.610000 0.074601 0
7999.270000 0.035676 0
8000.930000 0.031235 0
8002.590000 0.033033 0
8004.250000 0.033386 0
8005.910000 0.027427 0
8007.570000 0.019190 0
8009.230000 0.024178 0
8010.890000 -0.000256 0
8012.550000 0.003978 0
8014.210000 0.049290 0
8015.870000 0.042929 0
8017.530000 0.052472 0
8019.190000 0.022992 0
8020.850000 0.026610 0
8022.510000 -0.010329 0
8024.170000 0.032524 0
8025.830000 0.026668 0
8027.490000 0.037737 0
8029.150000 0.065091 0
8030.810000 0.037942 0
8032.470000 0.028955 0
8034.130000 0.020220 0
8035.790000 0.029717 0
8037.450000 0.009961 0
8039.110000 0.008195 0
8040.770000 0.015799 0
8042.430000 0.022354 0
8044.090000 0.030585 0
8045.750000 0.034619 0
8047.410000 0.037847 0
8049.070000 0.015502 0
8050.730000 0.009027 0
8052.390000 0.026232 0
8054.050000 0.031648 0
8055.710000 0.020975 0
8057.370000 0.023613 0
8059.030000 0.000005 0
8060.690000 0.007178 0
8062.350000 0.011772 0
8064.010000 0.030004 0
8065.670000 0.037533 0
8067.330000 0.037296 0
8068.990000 0.032011 0
8070.650000 0.034809 0
8072.310000 0.022766 0
8073.970000 0.025304 0
8075.630000 0.025377 0
8077.290000 0.029390 0
8078.950000 0.019646 0
8080.610000 0.017672 0
8082.270000 0.021161 0
8083.930000 0.009518 0
8085.590000 0.016834 0
8087.250000 0.026615 0
8088.910000 0.035425 0
8090.570000 0.023571 0
8092.230000 0.029671 0
8093.890000 0.015248 0
8095.550000 0.028476 0
8097.210000 0.020064 0
8098.870000 0.010405 0
8100.530000 0.010871 0
8102.190000 0.015962 0
8103.850000 0.019167 0
8105.510000 0.030671 0
8107.170000 0.032642 0
8108.830000 0.031524 0
8110.490000 0.013925 0
8112.150000 0.018783 0
8113.810000 0.024550 0
8115.470000 0.026003 0
8117.130000 0.031279 0
8118.790000 0.021828 0
8120.450000 0.026108 0
8122.110000 0.022679 0
8123.770000 0.025013 0
8125.430000 0.028863 0
8127.090000 0.016255 0
8128.750000 0.003684 0
8130.410000 0.022112 0
8132.070000 0.030251 0
8133.730000 0.030071 0
8135.390000 0.032399 0
8137.050000 0.030651 0
8138.710000 0.028936 0
8140.370000 0.010441 0
8142.030000 0.013012 0
8143.690000 0.025566 0
8145.350000 0.029607 0
8147.010000 0.029201 0
8148.670000 0.024045 0
8150.330000 0.039903 0
8151.990000 0.035539 0
8153.650000 0.017980 0
8155.310000 0.020977 0
8156.970000 0.025790 0
8158.630000 0.020397 0
8160.290000 0.011137 0
8161.950000 0.002346 0
8163.610000 0.019558 0
8165.270000 0.016611 0
8166.930000 0.016100 0
8168.590000 0.026179 0
8170.250000 0.018592 0
8171.910000 0.026102 0
8173.570000 0.020517 0
8175.230000 0.012293 0
8176.890000 0.023436 0
8178.550000 0.019398 0
8180.210000 0.020668 0
8181.870000 0.014304 0
8183.530000 0.021373 0
8185.190000 0.010169 0
8186.850000 0.013581 0
8188.510000 0.023106 0
8190.170000 0.013542 0
8191.830000 0.006041 0
8193.490000 0.026250 0
8195.150000 0.018188 0
8196.810000 0.009994 0
8198.470000 0.029509 0
8200.130000 0.018365 0
8201.790000 0.008932 0
8203.450000 0.013194 0
8205.110000 0.030361 0
8206.770000 0.028712 0
8208.430000 0.014031 0
8210.090000 0.017204 0
8211.750000 0.009352 0
8213.410000 0.011359 0
8215.070000 0.014325 0
8216.730000 0.015773 0
8218.390000 0.037332 0
8220.050000 0.021558 0
8221.710000 0.022252 0
8223.370000 0.012574 0
8225.030000 0.008392 0
8226.690000 0.022430 0
8228.350000 0.016317 0
8230.010000 0.012560 0
8231.670000 0.023783 0
8233.330000 0.023383 0
8234.990000 0.004827 0
8236.650000 0.027610 0
8238.310000 0.019269 0
8239.970000 0.015454 0
8241.630000 0.022825 0
8243.290000 0.019124 0
8244.950000 0.014937 0
8246.610000 0.014004 0
8248.270000 0.001413 0
8249.930000 0.011589 0
8251.590000 0.025099 0
8253.250000 0.015662 0
8254.910000 0.018476 0
8256.570000 0.027881 0
8258.230000 0.012445 0
8259.890000 0.019524 0
8261.550000 0.024886 0
8263.210000 0.016465 0
8264.870000 0.013418 0
8266.530000 0.014802 0
8268.190000 0.023312 0
8269.850000 0.029856 0
8271.510000 0.021146 0
8273.170000 0.003279 0
8274.830000 0.023795 0
8276.490000 0.023128 0
8278.150000 0.018517 0
8279.810000 -0.001986 0
8281.470000 0.023975 0
8283.130000 0.013817 0
8284.790000 0.006064 0
8286.450000 0.026931 0
8288.110000 0.010973 0
8289.770000 0.018140 0
8291.430000 0.028502 0
8293.090000 0.027316 0
8294.750000 0.035926 0
8296.410000 0.049220 0
8298.070000 0.027355 0
8299.730000 0.086392 0
8301.390000 0.019262 0
8303.050000 0.020258 0
8304.710000 0.025150 0
8306.370000 0.003262 0
8308.030000 0.004573 0
8309.690000 0.031092 0
8311.350000 0.024770 0
8313.010000 0.018763 0
8314.670000 0.023260 0
8316.330000 0.010291 0
8317.990000 0.001995 0
8319.650000 0.022970 0
8321.310000 0.014954 0
8322.970000 0.030036 0
8324.630000 0.015239 0
8326.290000 0.028885 0
8327.950000 0.008964 0
8329.610000 -0.000224 0
8331.270000 0.016381 0
8332.930000 0.017515 0
8334.590000 0.010570 0
8336.250000 0.018487 0
8337.910000 0.012395 0
8339.570000 0.010852 0
8341.230000 0.018614 0
8342.890000 0.006922 0
8344.550000 0.072433 0
8346.210000 -0.030706 0
8347.870000 -0.035337 0
8349.530000 -0.008971 0
8351.190000 0.041531 0
8352.850000 0.021270 0
8354.510000 0.002037 0
8356.170000 0.020162 0
8357.830000 0.002148 0
8359.490000 0.019651 0
8361.150000 0.027625 0
8362.810000 0.028558 0
8364.470000 0.011760 0
8366.130000 0.029714 0
8367.790000 0.015698 0
8369.450000 0.023708 0
8371.110000 0.028376 0
8372.770000 0.021650 0
8374.430000 0.026085 0
8376.090000 0.015749 0
8377.750000 0.019073 0
8379.410000 0.030673 0
8381.070000 0.030891 0
8382.730000 0.019462 0
8384.390000 0.006553 0
8386.050000 -0.002703 0
8387.710000 0.010260 0
8389.370000 0.022957 0
8391.030000 0.023287 0
8392.690000 0.011276 0
8394.350000 0.014458 0
8396.010000 0.007551 0
8397.670000 0.027884 0
8399.330000 0.037160 0
8400.990000 0.022284 0
8402.650000 -0.008747 0
8404.310000 0.015879 0
8405.970000 0.011223 0
8407.630000 0.020110 0
8409.290000 0.021039 0
8410.950000 0.018006 0
8412.610000 0.049881 0
8414.270000 0.004267 0
8415.930000 -0.008265 0
8417.590000 0.011918 0
8419.250000 -0.003178 0
8420.910000 0.012574 0
8422.570000 0.010206 0
8424.230000 0.009840 0
8425.890000 0.041963 0
8427.550000 0.054737 0
8429.210000 0.061621 0
8430.870000 0.060942 0
8432.530000 -0.021773 0
8434.190000 -0.038410 0
8435.850000 0.024881 0
8437.510000 0.014302 0
8439.170000 0.015799 0
8440.830000 0.012489 0
8442.490000 0.022990 0
8444.150000 0.021888 0
8445.810000 0.026493 0
8447.470000 0.031343 0
8449.130000 0.030896 0
8450.790000 0.016900 0
8452.450000 0.022948 0
8454.110000 -0.009119 0
8455.770000 -0.005716 0
8457.430000 0.025488 0
8459.090000 0.023790 0
8460.750000 0.037580 0
8462.410000 0.034720 0
8464.070000 0.000256 0
8465.730000 0.022937 0
8467.390000 -0.015237 0
8469.050000 -0.033553 0
8470.710000 0.008465 0
8472.370000 0.014378 0
8474.030000 0.008283 0
8475.690000 0.041752 0
8477.350000 0.027918 0
8479.010000 0.000000 1
8480.670000 0.000000 1
8482.330000 0.000000 1
8483.990000 0.000000 1
8485.650000 0.000000 1
8487.310000 0.000000 1
8488.970000 0.000000 1
8490.630000 0.000000 1
8492.290000 0.000000 1
8493.950000 0.000000 1
8495.610000 0.000000 1
8497.270000 0.000000 1
8498.930000 0.000000 1
