# obs: 255720-25fits
# slit: 36
# z: 0.79700
# lines: [OII],H10,K
# spec: 110
5120.830078 0.000000 1
5122.490078 0.000000 1
5124.150078 0.000000 1
5125.810078 0.000000 1
5127.470078 0.000000 1
5129.130078 0.000000 1
5130.790078 0.000000 1
5132.450078 0.000000 1
5134.110078 0.000000 1
5135.770078 0.000000 1
5137.430078 0.000000 1
5139.090078 0.000000 1
5140.750078 0.000000 1
5142.410078 0.000000 1
5144.070078 0.000000 1
5145.730078 0.000000 1
5147.390078 0.000000 1
5149.050078 0.000000 1
5150.710078 0.000000 1
5152.370077 0.000000 1
5154.030077 0.000000 1
5155.690077 0.000000 1
5157.350077 0.000000 1
5159.010077 0.000000 1
5160.670077 0.000000 1
5162.330077 0.000000 1
5163.990077 0.000000 1
5165.650077 0.000000 1
5167.310077 0.000000 1
5168.970077 0.000000 1
5170.630077 -0.003684 1
5172.290077 -0.094285 1
5173.950077 -0.018985 1
5175.610077 0.011537 1
5177.270077 -0.001335 1
5178.930077 0.013753 0
5180.590077 0.014955 0
5182.250077 0.016322 0
5183.910077 0.017795 0
5185.570077 0.001008 0
5187.230077 0.003930 0
5188.890077 0.005047 0
5190.550077 0.014740 0
5192.210077 0.008210 0
5193.870077 0.000502 0
5195.530077 -0.001426 0
5197.190077 0.004879 0
5198.850077 0.020628 0
5200.510077 -0.001410 0
5202.170076 0.003682 0
5203.830076 0.022778 0
5205.490076 0.007790 0
5207.150076 0.009083 0
5208.810076 0.014076 0
5210.470076 0.015910 0
5212.130076 0.010262 0
5213.790076 0.009044 0
5215.450076 0.004473 0
5217.110076 0.002554 0
5218.770076 0.007889 0
5220.430076 0.010135 0
5222.090076 0.007099 0
5223.750076 0.011997 0
5225.410076 0.016730 0
5227.070076 0.000808 0
5228.730076 -0.002106 0
5230.390076 0.006357 0
5232.050076 0.006344 0
5233.710076 0.008435 0
5235.370076 0.001751 0
5237.030076 0.011928 0
5238.690076 -0.000631 0
5240.350076 0.004771 0
5242.010076 0.007308 0
5243.670076 0.002469 0
5245.330076 0.015286 0
5246.990076 0.010750 0
5248.650076 0.018329 0
5250.310076 0.005944 0
5251.970075 0.013294 0
5253.630075 -0.005017 0
5255.290075 0.005958 0
5256.950075 0.005316 0
5258.610075 0.021487 0
5260.270075 0.018713 0
5261.930075 0.014674 0
5263.590075 0.010874 0
5265.250075 0.008957 0
5266.910075 0.002990 0
5268.570075 0.006337 0
5270.230075 0.006963 0
5271.890075 0.008362 0
5273.550075 -0.004683 0
5275.210075 0.014633 0
5276.870075 0.007707 0
5278.530075 0.006297 0
5280.190075 0.013616 0
5281.850075 0.003987 0
5283.510075 0.006018 0
5285.170075 0.007990 0
5286.830075 0.008099 0
5288.490075 0.016737 0
5290.150075 0.011340 0
5291.810075 0.004686 0
5293.470075 0.009036 0
5295.130075 0.000429 0
5296.790075 0.006946 0
5298.450075 0.000922 0
5300.110075 0.017950 0
5301.770074 0.010671 0
5303.430074 0.011382 0
5305.090074 0.007903 0
5306.750074 0.015648 0
5308.410074 0.009568 0
5310.070074 0.008265 0
5311.730074 0.010956 0
5313.390074 0.005186 0
5315.050074 0.007807 0
5316.710074 0.009800 0
5318.370074 -0.003811 0
5320.030074 0.001928 0
5321.690074 0.001187 0
5323.350074 0.010364 0
5325.010074 0.009354 0
5326.670074 0.005634 0
5328.330074 0.001042 0
5329.990074 0.006538 0
5331.650074 0.007999 0
5333.310074 0.000572 0
5334.970074 0.015182 0
5336.630074 -0.005368 0
5338.290074 0.009564 0
5339.950074 0.012003 0
5341.610074 0.014979 0
5343.270074 0.016781 0
5344.930074 0.013794 0
5346.590074 -0.002631 0
5348.250074 0.011637 0
5349.910074 0.015110 0
5351.570073 0.009102 0
5353.230073 0.016635 0
5354.890073 0.003101 0
5356.550073 0.002956 0
5358.210073 0.011108 0
5359.870073 0.009909 0
5361.530073 0.015237 0
5363.190073 0.007605 0
5364.850073 -0.002851 0
5366.510073 0.012136 0
5368.170073 0.001794 0
5369.830073 0.012428 0
5371.490073 0.002389 0
5373.150073 0.001063 0
5374.810073 0.008602 0
5376.470073 0.000208 0
5378.130073 0.002286 0
5379.790073 0.000656 0
5381.450073 0.016575 0
5383.110073 0.002622 0
5384.770073 0.004482 0
5386.430073 0.006914 0
5388.090073 -0.001698 0
5389.750073 0.005666 0
5391.410073 0.016411 0
5393.070073 0.008350 0
5394.730073 0.005035 0
5396.390073 0.004808 0
5398.050073 0.005650 0
5399.710073 0.009016 0
5401.370072 0.001683 0
5403.030072 0.006244 0
5404.690072 0.010022 0
5406.350072 -0.003099 0
5408.010072 0.006914 0
5409.670072 0.005153 0
5411.330072 0.003040 0
5412.990072 0.005348 0
5414.650072 0.005515 0
5416.310072 0.002902 0
5417.970072 -0.001846 0
5419.630072 0.011580 0
5421.290072 0.012181 0
5422.950072 0.011641 0
5424.610072 0.010403 0
5426.270072 0.006023 0
5427.930072 0.009630 0
5429.590072 0.008148 0
5431.250072 0.005389 0
5432.910072 0.013447 0
5434.570072 0.004708 0
5436.230072 0.004952 0
5437.890072 0.015575 0
5439.550072 0.019198 0
5441.210072 0.007802 0
5442.870072 0.004922 0
5444.530072 0.010420 0
5446.190072 0.002378 0
5447.850072 -0.001076 0
5449.510072 0.003004 0
5451.170071 0.007883 0
5452.830071 0.016753 0
5454.490071 0.008579 0
5456.150071 0.008513 0
5457.810071 0.005311 0
5459.470071 0.008453 0
5461.130071 0.008198 0
5462.790071 0.013210 0
5464.450071 0.016242 0
5466.110071 0.005293 0
5467.770071 0.010698 0
5469.430071 0.012771 0
5471.090071 0.006784 0
5472.750071 0.015813 0
5474.410071 0.011411 0
5476.070071 0.000597 0
5477.730071 0.003656 0
5479.390071 0.010681 0
5481.050071 0.016483 0
5482.710071 0.010958 0
5484.370071 0.005196 0
5486.030071 0.004548 0
5487.690071 0.012093 0
5489.350071 -0.002858 0
5491.010071 0.000001 0
5492.670071 0.009676 0
5494.330071 0.009134 0
5495.990071 0.012914 0
5497.650071 0.014597 0
5499.310071 0.003542 0
5500.970070 0.011133 0
5502.630070 0.003668 0
5504.290070 0.004886 0
5505.950070 0.011533 0
5507.610070 0.006693 0
5509.270070 0.015967 0
5510.930070 0.001400 0
5512.590070 0.005947 0
5514.250070 0.008560 0
5515.910070 0.013307 0
5517.570070 0.009945 0
5519.230070 0.006657 0
5520.890070 0.010065 0
5522.550070 0.005908 0
5524.210070 0.000089 0
5525.870070 0.013408 0
5527.530070 0.009253 0
5529.190070 0.004158 0
5530.850070 0.008450 0
5532.510070 0.000499 0
5534.170070 0.007927 0
5535.830070 0.005268 0
5537.490070 0.015799 0
5539.150070 -0.002345 0
5540.810070 0.002760 0
5542.470070 0.004299 0
5544.130070 0.009235 0
5545.790070 0.005788 0
5547.450070 0.002703 0
5549.110070 0.004236 0
5550.770069 0.005212 0
5552.430069 0.010593 0
5554.090069 0.003719 0
5555.750069 0.003001 0
5557.410069 0.011539 0
5559.070069 0.003395 0
5560.730069 0.004827 0
5562.390069 0.002830 0
5564.050069 0.005216 0
5565.710069 0.003848 0
5567.370069 0.006457 0
5569.030069 0.009357 0
5570.690069 0.008091 1
5572.350069 0.012905 1
5574.010069 -0.061616 1
5575.670069 -0.033472 1
5577.330069 0.024769 1
5578.990069 0.009676 1
5580.650069 0.106410 1
5582.310069 0.012300 1
5583.970069 0.002983 1
5585.630069 0.005555 0
5587.290069 0.006573 0
5588.950069 0.005780 0
5590.610069 0.008469 0
5592.270069 0.012480 0
5593.930069 0.006092 0
5595.590069 0.007931 0
5597.250069 0.002047 0
5598.910069 0.009665 0
5600.570068 0.011949 0
5602.230068 0.008226 0
5603.890068 0.000149 0
5605.550068 0.006417 0
5607.210068 0.009924 0
5608.870068 0.007421 0
5610.530068 0.007151 0
5612.190068 0.002875 0
5613.850068 0.001294 0
5615.510068 -0.001662 0
5617.170068 0.003199 0
5618.830068 0.007278 0
5620.490068 0.004300 0
5622.150068 0.003509 0
5623.810068 0.009531 0
5625.470068 0.014945 0
5627.130068 0.008836 0
5628.790068 0.005127 0
5630.450068 0.003847 0
5632.110068 0.006556 0
5633.770068 0.002279 0
5635.430068 0.006535 0
5637.090068 0.008121 0
5638.750068 0.001507 0
5640.410068 0.005082 0
5642.070068 0.014226 0
5643.730068 0.012988 0
5645.390068 0.005825 0
5647.050068 -0.002093 0
5648.710068 -0.002655 0
5650.370067 0.005293 0
5652.030067 0.005596 0
5653.690067 0.011102 0
5655.350067 0.011177 0
5657.010067 0.005685 0
5658.670067 0.005232 0
5660.330067 0.006832 0
5661.990067 0.004254 0
5663.650067 0.007179 0
5665.310067 0.007789 0
5666.970067 0.006426 0
5668.630067 0.003179 0
5670.290067 0.008184 0
5671.950067 0.004421 0
5673.610067 0.012722 0
5675.270067 0.005154 0
5676.930067 0.004743 0
5678.590067 0.005926 0
5680.250067 0.014095 0
5681.910067 -0.003269 0
5683.570067 0.012750 0
5685.230067 0.002951 0
5686.890067 0.008140 0
5688.550067 0.008583 0
5690.210067 0.015452 0
5691.870067 0.014115 0
5693.530067 0.009484 0
5695.190067 0.012065 0
5696.850067 -0.000922 0
5698.510067 0.005197 0
5700.170066 0.007384 0
5701.830066 0.002738 0
5703.490066 0.003564 0
5705.150066 0.010436 0
5706.810066 0.009650 0
5708.470066 0.006868 0
5710.130066 0.005723 0
5711.790066 0.007664 0
5713.450066 0.011699 0
5715.110066 0.011404 0
5716.770066 0.009155 0
5718.430066 0.002191 0
5720.090066 0.002020 0
5721.750066 0.000545 0
5723.410066 0.001884 0
5725.070066 0.009877 0
5726.730066 0.009211 0
5728.390066 0.001151 0
5730.050066 -0.000655 0
5731.710066 -0.002451 0
5733.370066 0.010211 0
5735.030066 0.001557 0
5736.690066 0.004414 0
5738.350066 0.001741 0
5740.010066 0.009049 0
5741.670066 0.009701 0
5743.330066 0.006792 0
5744.990066 0.005474 0
5746.650066 0.005522 0
5748.310066 0.003437 0
5749.970065 0.004532 0
5751.630065 -0.001561 0
5753.290065 0.001863 0
5754.950065 0.011210 0
5756.610065 0.008112 0
5758.270065 0.016171 0
5759.930065 0.009678 0
5761.590065 0.008045 0
5763.250065 0.004086 0
5764.910065 0.003938 0
5766.570065 0.005470 0
5768.230065 0.007394 0
5769.890065 0.003169 0
5771.550065 0.000360 0
5773.210065 0.015944 0
5774.870065 0.001566 0
5776.530065 0.003293 0
5778.190065 0.004707 0
5779.850065 0.001584 0
5781.510065 0.003000 0
5783.170065 0.001228 0
5784.830065 0.000807 0
5786.490065 0.011085 0
5788.150065 0.004823 0
5789.810065 0.000519 0
5791.470065 0.004556 0
5793.130065 -0.005022 0
5794.790065 0.001823 0
5796.450065 0.003148 0
5798.110065 0.005699 0
5799.770064 0.014604 0
5801.430064 0.009378 0
5803.090064 0.008040 0
5804.750064 0.007552 0
5806.410064 0.002283 0
5808.070064 -0.000114 0
5809.730064 0.004342 0
5811.390064 0.003994 0
5813.050064 0.009365 0
5814.710064 0.004537 0
5816.370064 0.008508 0
5818.030064 0.008710 0
5819.690064 0.008513 0
5821.350064 0.002009 0
5823.010064 0.005634 0
5824.670064 0.004673 0
5826.330064 0.002705 0
5827.990064 0.003684 0
5829.650064 0.007964 0
5831.310064 -0.002378 0
5832.970064 0.002823 0
5834.630064 -0.002135 0
5836.290064 0.003705 0
5837.950064 0.006578 0
5839.610064 0.007670 0
5841.270064 0.002206 0
5842.930064 0.006180 0
5844.590064 0.004633 0
5846.250064 0.003966 0
5847.910063 0.004605 0
5849.570063 0.011634 0
5851.230063 0.013785 0
5852.890063 0.002218 0
5854.550063 0.000972 0
5856.210063 -0.000242 0
5857.870063 0.007967 0
5859.530063 0.002739 0
5861.190063 0.007566 0
5862.850063 0.002063 0
5864.510063 -0.000718 0
5866.170063 -0.000804 0
5867.830063 0.006572 0
5869.490063 0.007780 0
5871.150063 0.000712 0
5872.810063 -0.003938 0
5874.470063 0.001635 0
5876.130063 0.009422 0
5877.790063 0.004786 0
5879.450063 0.001577 0
5881.110063 0.003785 0
5882.770063 0.011621 0
5884.430063 0.008912 0
5886.090063 0.004475 0
5887.750063 0.023281 0
5889.410063 0.002938 0
5891.070063 0.008456 0
5892.730063 0.003911 0
5894.390063 0.011592 0
5896.050063 0.003980 0
5897.710062 -0.002288 0
5899.370062 0.012115 0
5901.030062 0.007783 0
5902.690062 0.006700 0
5904.350062 0.010218 0
5906.010062 0.006608 0
5907.670062 0.006861 0
5909.330062 0.007987 0
5910.990062 0.002759 0
5912.650062 0.007336 0
5914.310062 0.001652 0
5915.970062 0.008037 0
5917.630062 0.003608 0
5919.290062 0.003418 0
5920.950062 0.001067 0
5922.610062 0.005048 0
5924.270062 0.009484 0
5925.930062 0.007758 0
5927.590062 0.007135 0
5929.250062 0.004663 0
5930.910062 0.020215 0
5932.570062 0.009692 0
5934.230062 0.003607 0
5935.890062 0.010439 0
5937.550062 0.007755 0
5939.210062 0.010455 0
5940.870062 0.005340 0
5942.530062 0.001583 0
5944.190062 0.007836 0
5945.850062 0.004901 0
5947.510061 0.008894 0
5949.170061 0.008637 0
5950.830061 0.007757 0
5952.490061 0.010345 0
5954.150061 0.003758 0
5955.810061 0.009363 0
5957.470061 0.007590 0
5959.130061 0.002007 0
5960.790061 0.004674 0
5962.450061 0.000717 0
5964.110061 0.003980 0
5965.770061 0.011119 0
5967.430061 0.010363 0
5969.090061 0.001649 0
5970.750061 0.018729 0
5972.410061 0.011368 0
5974.070061 0.011782 0
5975.730061 -0.005192 0
5977.390061 0.003674 0
5979.050061 0.012620 0
5980.710061 0.014758 0
5982.370061 0.007205 0
5984.030061 0.010974 0
5985.690061 0.003504 0
5987.350061 0.006245 0
5989.010061 -0.001931 0
5990.670061 0.008277 0
5992.330061 0.015508 0
5993.990061 0.012368 0
5995.650061 0.006985 0
5997.310060 -0.006023 0
5998.970060 0.007026 0
6000.630060 0.015136 0
6002.290060 0.006928 0
6003.950060 0.007706 0
6005.610060 -0.001019 0
6007.270060 0.003312 0
6008.930060 0.008634 0
6010.590060 0.010973 0
6012.250060 0.015848 0
6013.910060 0.008540 0
6015.570060 0.005183 0
6017.230060 0.002048 0
6018.890060 0.005604 0
6020.550060 0.007666 0
6022.210060 0.007132 0
6023.870060 0.008380 0
6025.530060 0.007143 0
6027.190060 0.002411 0
6028.850060 0.010863 0
6030.510060 0.010665 0
6032.170060 0.002609 0
6033.830060 0.008120 0
6035.490060 0.006627 0
6037.150060 0.005152 0
6038.810060 0.007643 0
6040.470060 0.003133 0
6042.130060 0.003392 0
6043.790060 0.004199 0
6045.450060 0.005462 0
6047.110059 0.007433 0
6048.770059 0.009716 0
6050.430059 0.006616 0
6052.090059 0.010314 0
6053.750059 0.006230 0
6055.410059 0.004298 0
6057.070059 0.007206 0
6058.730059 0.002891 0
6060.390059 0.000861 0
6062.050059 0.008304 0
6063.710059 0.006837 0
6065.370059 0.009959 0
6067.030059 0.000138 0
6068.690059 0.002091 0
6070.350059 0.005526 0
6072.010059 0.001412 0
6073.670059 0.002026 0
6075.330059 0.009797 0
6076.990059 0.012133 0
6078.650059 0.008914 0
6080.310059 0.008734 0
6081.970059 0.003925 0
6083.630059 0.001389 0
6085.290059 0.004374 0
6086.950059 0.005294 0
6088.610059 0.013106 0
6090.270059 0.007001 0
6091.930059 0.006445 0
6093.590059 0.009253 0
6095.250059 0.003048 0
6096.910058 0.006846 0
6098.570058 0.009000 0
6100.230058 0.011540 0
6101.890058 0.007225 0
6103.550058 0.001582 0
6105.210058 0.002441 0
6106.870058 0.003969 0
6108.530058 0.009545 0
6110.190058 0.001920 0
6111.850058 0.007288 0
6113.510058 0.001209 0
6115.170058 0.006914 0
6116.830058 0.009050 0
6118.490058 0.006611 0
6120.150058 0.008384 0
6121.810058 0.003021 0
6123.470058 0.003631 0
6125.130058 0.006934 0
6126.790058 0.011604 0
6128.450058 0.007449 0
6130.110058 0.007214 0
6131.770058 0.006954 0
6133.430058 0.005220 0
6135.090058 0.003695 0
6136.750058 0.007967 0
6138.410058 0.007691 0
6140.070058 0.007475 0
6141.730058 0.007434 0
6143.390058 0.005344 0
6145.050058 0.007376 0
6146.710057 0.008157 0
6148.370057 0.005819 0
6150.030057 0.003752 0
6151.690057 0.010786 0
6153.350057 0.010763 0
6155.010057 0.009507 0
6156.670057 0.006077 0
6158.330057 0.002589 0
6159.990057 0.008424 0
6161.650057 0.007173 0
6163.310057 0.007396 0
6164.970057 0.011397 0
6166.630057 0.008055 0
6168.290057 0.001125 0
6169.950057 0.011539 0
6171.610057 0.008753 0
6173.270057 0.008479 0
6174.930057 0.004197 0
6176.590057 0.013452 0
6178.250057 0.010159 0
6179.910057 0.007394 0
6181.570057 0.005565 0
6183.230057 0.009539 0
6184.890057 0.003519 0
6186.550057 0.001326 0
6188.210057 0.012829 0
6189.870057 0.011395 0
6191.530057 0.009112 0
6193.190057 0.003464 0
6194.850057 0.007931 0
6196.510056 0.005686 0
6198.170056 0.016157 0
6199.830056 0.005803 0
6201.490056 0.007427 0
6203.150056 0.008031 0
6204.810056 0.011986 0
6206.470056 0.011726 0
6208.130056 0.006212 0
6209.790056 0.008231 0
6211.450056 0.011373 0
6213.110056 0.006167 0
6214.770056 0.005445 0
6216.430056 0.005088 0
6218.090056 0.006014 0
6219.750056 0.008725 0
6221.410056 0.010768 0
6223.070056 0.007493 0
6224.730056 0.005520 0
6226.390056 0.008064 0
6228.050056 0.005988 0
6229.710056 0.005713 0
6231.370056 0.006070 0
6233.030056 0.016587 0
6234.690056 0.012786 0
6236.350056 0.008622 0
6238.010056 0.012420 0
6239.670056 0.007835 0
6241.330056 0.009471 0
6242.990056 0.009007 0
6244.650056 0.007395 0
6246.310055 0.011247 0
6247.970055 0.010956 0
6249.630055 0.005141 0
6251.290055 0.007877 0
6252.950055 0.005577 0
6254.610055 0.016757 0
6256.270055 0.005297 0
6257.930055 0.006239 0
6259.590055 0.013733 0
6261.250055 0.008336 0
6262.910055 0.016101 0
6264.570055 0.018557 0
6266.230055 0.009087 0
6267.890055 0.017042 0
6269.550055 0.005844 0
6271.210055 0.008461 0
6272.870055 0.009134 0
6274.530055 0.003520 0
6276.190055 0.000781 0
6277.850055 0.007620 0
6279.510055 0.007668 0
6281.170055 0.006230 0
6282.830055 0.007141 0
6284.490055 0.005017 0
6286.150055 0.006619 0
6287.810055 0.007095 0
6289.470055 0.004078 0
6291.130055 0.003614 0
6292.790055 0.005217 0
6294.450055 0.010619 1
6296.110054 0.013478 1
6297.770054 -0.026181 1
6299.430054 0.005328 1
6301.090054 0.005915 1
6302.750054 0.009992 1
6304.410054 0.008792 1
6306.070054 0.008360 1
6307.730054 0.006543 1
6309.390054 0.010194 0
6311.050054 0.007949 0
6312.710054 0.001815 0
6314.370054 0.007292 0
6316.030054 0.011465 0
6317.690054 0.012873 0
6319.350054 0.004377 0
6321.010054 0.007364 0
6322.670054 0.010486 0
6324.330054 0.003553 0
6325.990054 0.003834 0
6327.650054 0.010566 0
6329.310054 0.009540 0
6330.970054 0.008009 0
6332.630054 0.008088 0
6334.290054 0.006935 0
6335.950054 0.002306 0
6337.610054 0.005559 0
6339.270054 0.008106 0
6340.930054 0.010131 0
6342.590054 0.007811 0
6344.250054 0.009159 0
6345.910053 0.016534 0
6347.570053 0.011322 0
6349.230053 0.007640 0
6350.890053 0.006448 0
6352.550053 0.000703 0
6354.210053 0.006780 0
6355.870053 0.013667 0
6357.530053 0.007004 0
6359.190053 0.013522 0
6360.850053 0.005939 0
6362.510053 0.001334 0
6364.170053 0.009018 0
6365.830053 0.010440 0
6367.490053 0.009661 0
6369.150053 0.007981 0
6370.810053 0.010641 0
6372.470053 0.006094 0
6374.130053 0.008161 0
6375.790053 0.004951 0
6377.450053 0.008732 0
6379.110053 0.008388 0
6380.770053 0.004957 0
6382.430053 0.007175 0
6384.090053 0.004911 0
6385.750053 0.000304 0
6387.410053 0.010856 0
6389.070053 0.010032 0
6390.730053 0.011128 0
6392.390053 0.005427 0
6394.050053 0.005527 0
6395.710052 0.011450 0
6397.370052 0.006961 0
6399.030052 0.002210 0
6400.690052 0.009329 0
6402.350052 0.009527 0
6404.010052 0.006941 0
6405.670052 0.007696 0
6407.330052 0.010656 0
6408.990052 0.007553 0
6410.650052 0.006844 0
6412.310052 0.004621 0
6413.970052 0.002663 0
6415.630052 0.007238 0
6417.290052 0.008488 0
6418.950052 0.008963 0
6420.610052 0.008469 0
6422.270052 0.008101 0
6423.930052 0.007588 0
6425.590052 0.008008 0
6427.250052 0.003143 0
6428.910052 0.003310 0
6430.570052 0.004801 0
6432.230052 0.011261 0
6433.890052 0.008848 0
6435.550052 0.008383 0
6437.210052 0.008870 0
6438.870052 0.009271 0
6440.530052 0.006679 0
6442.190052 0.005577 0
6443.850052 0.009359 0
6445.510051 0.005496 0
6447.170051 0.010983 0
6448.830051 0.012750 0
6450.490051 0.006326 0
6452.150051 0.015971 0
6453.810051 0.009270 0
6455.470051 0.016008 0
6457.130051 0.005067 0
6458.790051 0.011051 0
6460.450051 0.007043 0
6462.110051 0.004179 0
6463.770051 0.011364 0
6465.430051 0.011005 0
6467.090051 0.004741 0
6468.750051 0.015409 0
6470.410051 0.000687 0
6472.070051 0.004729 0
6473.730051 0.009628 0
6475.390051 0.008783 0
6477.050051 0.004140 0
6478.710051 0.007471 0
6480.370051 0.014053 0
6482.030051 0.012896 0
6483.690051 0.008360 0
6485.350051 0.006535 0
6487.010051 0.007038 0
6488.670051 0.008126 0
6490.330051 0.006434 0
6491.990051 0.008407 0
6493.650051 0.015026 0
6495.310050 0.002000 0
6496.970050 0.007418 0
6498.630050 0.009409 0
6500.290050 0.019156 0
6501.950050 0.015078 0
6503.610050 0.009776 0
6505.270050 0.005240 0
6506.930050 0.006205 0
6508.590050 0.011676 0
6510.250050 0.012193 0
6511.910050 0.010667 0
6513.570050 0.007467 0
6515.230050 0.009269 0
6516.890050 0.008290 0
6518.550050 0.008012 0
6520.210050 0.009236 0
6521.870050 0.009536 0
6523.530050 0.005032 0
6525.190050 0.004212 0
6526.850050 0.008711 0
6528.510050 0.011981 0
6530.170050 0.012937 0
6531.830050 0.012716 0
6533.490050 0.009857 0
6535.150050 0.005712 0
6536.810050 0.010802 0
6538.470050 0.010538 0
6540.130050 0.010859 0
6541.790050 0.009486 0
6543.450050 0.009422 0
6545.110049 0.009340 0
6546.770049 0.012945 0
6548.430049 0.009776 0
6550.090049 0.008383 0
6551.750049 0.013769 0
6553.410049 0.007956 0
6555.070049 0.004973 0
6556.730049 0.009253 0
6558.390049 0.010874 0
6560.050049 0.003499 0
6561.710049 0.006535 0
6563.370049 0.012902 0
6565.030049 0.006757 0
6566.690049 0.009511 0
6568.350049 0.010448 0
6570.010049 0.003633 0
6571.670049 0.011495 0
6573.330049 0.006147 0
6574.990049 0.004662 0
6576.650049 0.006406 0
6578.310049 0.001830 0
6579.970049 0.011589 0
6581.630049 0.010730 0
6583.290049 0.010136 0
6584.950049 0.008707 0
6586.610049 0.011407 0
6588.270049 0.006884 0
6589.930049 0.009153 0
6591.590049 0.006936 0
6593.250049 0.009467 0
6594.910048 0.004850 0
6596.570048 0.006197 0
6598.230048 0.005108 0
6599.890048 0.008392 0
6601.550048 0.002181 0
6603.210048 0.005713 0
6604.870048 0.012752 0
6606.530048 0.010335 0
6608.190048 0.006593 0
6609.850048 0.007057 0
6611.510048 0.006852 0
6613.170048 0.005647 0
6614.830048 0.007450 0
6616.490048 0.006758 0
6618.150048 0.009070 0
6619.810048 0.007531 0
6621.470048 0.008643 0
6623.130048 0.005954 0
6624.790048 0.003822 0
6626.450048 0.006473 0
6628.110048 0.006994 0
6629.770048 0.005309 0
6631.430048 0.003913 0
6633.090048 0.007671 0
6634.750048 0.005066 0
6636.410048 0.008114 0
6638.070048 0.008323 0
6639.730048 0.011870 0
6641.390048 0.008443 0
6643.050048 0.003544 0
6644.710047 0.007446 0
6646.370047 0.008948 0
6648.030047 0.007709 0
6649.690047 0.010918 0
6651.350047 0.006498 0
6653.010047 0.008374 0
6654.670047 0.008356 0
6656.330047 0.006063 0
6657.990047 0.011695 0
6659.650047 0.007398 0
6661.310047 0.008015 0
6662.970047 0.006684 0
6664.630047 0.001937 0
6666.290047 0.008847 0
6667.950047 0.009311 0
6669.610047 0.003487 0
6671.270047 0.007476 0
6672.930047 0.011984 0
6674.590047 0.005690 0
6676.250047 0.005196 0
6677.910047 0.007082 0
6679.570047 0.004705 0
6681.230047 0.008453 0
6682.890047 0.008978 0
6684.550047 0.010904 0
6686.210047 0.008507 0
6687.870047 0.011707 0
6689.530047 0.010271 0
6691.190047 0.011218 0
6692.850047 0.026707 0
6694.510046 0.064080 0
6696.170046 0.091289 0
6697.830046 0.102571 0
6699.490046 0.122628 0
6701.150046 0.130265 0
6702.810046 0.104501 0
6704.470046 0.060405 0
6706.130046 0.020610 0
6707.790046 0.007486 0
6709.450046 0.006066 0
6711.110046 0.008933 0
6712.770046 0.008726 0
6714.430046 0.008757 0
6716.090046 0.006918 0
6717.750046 0.004695 0
6719.410046 0.008697 0
6721.070046 0.004513 0
6722.730046 0.011972 0
6724.390046 0.008683 0
6726.050046 0.008337 0
6727.710046 0.007845 0
6729.370046 0.011056 0
6731.030046 0.012703 0
6732.690046 0.004555 0
6734.350046 0.005860 0
6736.010046 0.003661 0
6737.670046 0.005825 0
6739.330046 0.008371 0
6740.990046 0.004414 0
6742.650046 0.009908 0
6744.310045 0.006655 0
6745.970045 0.003772 0
6747.630045 0.007436 0
6749.290045 0.006421 0
6750.950045 0.006863 0
6752.610045 0.004701 0
6754.270045 0.008796 0
6755.930045 0.013032 0
6757.590045 0.009117 0
6759.250045 0.009889 0
6760.910045 0.007745 0
6762.570045 0.010538 0
6764.230045 0.011711 0
6765.890045 0.011592 0
6767.550045 0.009983 0
6769.210045 0.006304 0
6770.870045 0.006947 0
6772.530045 0.005280 0
6774.190045 0.006700 0
6775.850045 0.006888 0
6777.510045 0.008178 0
6779.170045 0.007421 0
6780.830045 0.008098 0
6782.490045 0.006879 0
6784.150045 0.009008 0
6785.810045 0.007055 0
6787.470045 0.006432 0
6789.130045 0.005001 0
6790.790045 0.009537 0
6792.450045 0.007979 0
6794.110044 0.011696 0
6795.770044 0.010546 0
6797.430044 0.012153 0
6799.090044 0.011049 0
6800.750044 0.011556 0
6802.410044 0.012527 0
6804.070044 0.008393 0
6805.730044 0.008667 0
6807.390044 0.010881 0
6809.050044 0.010115 0
6810.710044 0.010588 0
6812.370044 0.010210 0
6814.030044 0.008266 0
6815.690044 0.011717 0
6817.350044 0.010591 0
6819.010044 0.006983 0
6820.670044 0.005456 0
6822.330044 0.005616 0
6823.990044 0.005596 0
6825.650044 0.007749 0
6827.310044 0.004099 0
6828.970044 0.007788 0
6830.630044 0.011131 0
6832.290044 0.002889 0
6833.950044 0.014250 0
6835.610044 0.004597 0
6837.270044 0.010892 0
6838.930044 0.015127 0
6840.590044 0.008701 0
6842.250044 0.010339 0
6843.910043 0.010830 0
6845.570043 0.013807 0
6847.230043 0.010442 0
6848.890043 0.013846 0
6850.550043 0.012212 0
6852.210043 0.010507 0
6853.870043 0.011269 0
6855.530043 0.008277 0
6857.190043 0.012683 0
6858.850043 0.009178 0
6860.510043 0.005539 0
6862.170043 0.008428 0
6863.830043 0.015852 0
6865.490043 0.010619 0
6867.150043 0.001903 0
6868.810043 0.015578 0
6870.470043 0.005062 0
6872.130043 0.007622 0
6873.790043 0.003143 0
6875.450043 0.008931 0
6877.110043 0.009399 0
6878.770043 0.009897 0
6880.430043 0.011261 0
6882.090043 0.005161 0
6883.750043 0.011141 0
6885.410043 0.007638 0
6887.070043 -0.003681 0
6888.730043 0.003459 0
6890.390043 0.002797 0
6892.050043 0.008594 0
6893.710042 0.007934 0
6895.370042 0.012578 0
6897.030042 0.009305 0
6898.690042 0.006607 0
6900.350042 0.007827 0
6902.010042 0.006550 0
6903.670042 0.007658 0
6905.330042 0.009954 0
6906.990042 0.011769 0
6908.650042 0.011786 0
6910.310042 0.012844 0
6911.970042 0.012826 0
6913.630042 0.002818 0
6915.290042 0.008180 0
6916.950042 0.009954 0
6918.610042 0.010196 0
6920.270042 0.006121 0
6921.930042 0.010760 0
6923.590042 0.016353 0
6925.250042 0.007557 0
6926.910042 0.009976 0
6928.570042 0.010514 0
6930.230042 0.009811 0
6931.890042 0.008271 0
6933.550042 0.009945 0
6935.210042 0.012771 0
6936.870042 0.009709 0
6938.530042 0.009982 0
6940.190042 0.012568 0
6941.850042 0.006770 0
6943.510041 0.011138 0
6945.170041 0.009406 0
6946.830041 0.013156 0
6948.490041 0.013803 0
6950.150041 0.011353 0
6951.810041 0.012089 0
6953.470041 0.019046 0
6955.130041 0.018188 0
6956.790041 0.013749 0
6958.450041 0.011025 0
6960.110041 0.014377 0
6961.770041 0.011258 0
6963.430041 0.011560 0
6965.090041 0.012550 0
6966.750041 0.015758 0
6968.410041 0.008635 0
6970.070041 0.008611 0
6971.730041 0.006389 0
6973.390041 0.007830 0
6975.050041 0.012873 0
6976.710041 0.010502 0
6978.370041 0.012381 0
6980.030041 0.005297 0
6981.690041 0.008447 0
6983.350041 0.008692 0
6985.010041 0.007629 0
6986.670041 0.009671 0
6988.330041 0.016624 0
6989.990041 0.015480 0
6991.650041 0.011648 0
6993.310040 0.007747 0
6994.970040 0.008240 0
6996.630040 0.011172 0
6998.290040 0.007618 0
6999.950040 0.012139 0
7001.610040 0.010369 0
7003.270040 0.007414 0
7004.930040 0.011348 0
7006.590040 0.007140 0
7008.250040 0.009313 0
7009.910040 0.007948 0
7011.570040 0.014539 0
7013.230040 0.012674 0
7014.890040 0.010193 0
7016.550040 0.008419 0
7018.210040 0.007783 0
7019.870040 0.008704 0
7021.530040 0.007553 0
7023.190040 0.012023 0
7024.850040 0.013588 0
7026.510040 0.012922 0
7028.170040 0.012672 0
7029.830040 0.010057 0
7031.490040 0.012829 0
7033.150040 0.011086 0
7034.810040 0.014888 0
7036.470040 0.009793 0
7038.130040 0.013432 0
7039.790040 0.014325 0
7041.450039 0.009174 0
7043.110039 0.012085 0
7044.770039 0.012209 0
7046.430039 0.011789 0
7048.090039 0.009925 0
7049.750039 0.008198 0
7051.410039 0.007227 0
7053.070039 0.008163 0
7054.730039 0.009842 0
7056.390039 0.011162 0
7058.050039 0.010312 0
7059.710039 0.008562 0
7061.370039 0.011272 0
7063.030039 0.012613 0
7064.690039 0.007381 0
7066.350039 0.006655 0
7068.010039 0.009427 0
7069.670039 0.009382 0
7071.330039 0.007961 0
7072.990039 0.008607 0
7074.650039 0.010632 0
7076.310039 0.007930 0
7077.970039 0.005607 0
7079.630039 0.014507 0
7081.290039 0.008847 0
7082.950039 0.010388 0
7084.610039 0.011402 0
7086.270039 0.011154 0
7087.930039 0.010932 0
7089.590039 0.006889 0
7091.250038 0.008205 0
7092.910038 0.008569 0
7094.570038 0.008685 0
7096.230038 0.004778 0
7097.890038 0.009768 0
7099.550038 0.013433 0
7101.210038 0.008532 0
7102.870038 0.008176 0
7104.530038 0.008609 0
7106.190038 0.011148 0
7107.850038 0.012254 0
7109.510038 0.010299 0
7111.170038 0.007182 0
7112.830038 0.012223 0
7114.490038 0.013140 0
7116.150038 0.010697 0
7117.810038 0.009085 0
7119.470038 0.009776 0
7121.130038 0.009907 0
7122.790038 0.006832 0
7124.450038 0.009274 0
7126.110038 0.009492 0
7127.770038 0.012012 0
7129.430038 0.011793 0
7131.090038 0.011129 0
7132.750038 0.012947 0
7134.410038 0.015874 0
7136.070038 0.011738 0
7137.730038 0.006895 0
7139.390038 0.007917 0
7141.050037 0.004368 0
7142.710037 0.002875 0
7144.370037 0.008323 0
7146.030037 0.006525 0
7147.690037 0.010506 0
7149.350037 0.009445 0
7151.010037 0.008398 0
7152.670037 0.009523 0
7154.330037 0.007401 0
7155.990037 0.011153 0
7157.650037 0.009816 0
7159.310037 0.009891 0
7160.970037 0.008774 0
7162.630037 0.011177 0
7164.290037 0.011887 0
7165.950037 0.012448 0
7167.610037 0.011203 0
7169.270037 0.012981 0
7170.930037 0.011213 0
7172.590037 0.011052 0
7174.250037 0.007249 0
7175.910037 0.010696 0
7177.570037 0.012559 0
7179.230037 0.013400 0
7180.890037 0.013955 0
7182.550037 0.008707 0
7184.210037 0.008073 0
7185.870037 0.004105 0
7187.530037 0.011089 0
7189.190037 0.012924 0
7190.850036 0.012256 0
7192.510036 0.010811 0
7194.170036 0.010238 0
7195.830036 0.009957 0
7197.490036 0.014417 0
7199.150036 0.012124 0
7200.810036 0.014679 0
7202.470036 0.014680 0
7204.130036 0.011386 0
7205.790036 0.007050 0
7207.450036 0.010753 0
7209.110036 0.007907 0
7210.770036 0.007869 0
7212.430036 0.010069 0
7214.090036 0.014118 0
7215.750036 0.010564 0
7217.410036 0.013137 0
7219.070036 0.011599 0
7220.730036 0.011391 0
7222.390036 0.015377 0
7224.050036 0.012494 0
7225.710036 0.006886 0
7227.370036 0.007567 0
7229.030036 0.010924 0
7230.690036 0.008813 0
7232.350036 0.008115 0
7234.010036 0.009437 0
7235.670036 0.008882 0
7237.330036 0.016489 0
7238.990036 0.014308 0
7240.650035 0.010030 0
7242.310035 0.007823 0
7243.970035 0.004144 0
7245.630035 0.006251 0
7247.290035 0.011154 0
7248.950035 0.003531 0
7250.610035 0.012275 0
7252.270035 0.002388 0
7253.930035 0.012323 0
7255.590035 0.011157 0
7257.250035 0.008306 0
7258.910035 0.010572 0
7260.570035 0.012667 0
7262.230035 0.015898 0
7263.890035 0.007461 0
7265.550035 0.012841 0
7267.210035 0.007603 0
7268.870035 0.007866 0
7270.530035 0.005576 0
7272.190035 0.016232 0
7273.850035 0.016868 0
7275.510035 0.004104 0
7277.170035 0.005833 0
7278.830035 0.009767 0
7280.490035 0.002608 0
7282.150035 0.017373 0
7283.810035 0.014459 0
7285.470035 0.006099 0
7287.130035 0.012015 0
7288.790035 0.010647 0
7290.450034 0.015903 0
7292.110034 0.012314 0
7293.770034 0.010451 0
7295.430034 0.010012 0
7297.090034 0.005987 0
7298.750034 0.010485 0
7300.410034 0.010238 0
7302.070034 0.014515 0
7303.730034 0.004079 0
7305.390034 0.008087 0
7307.050034 0.012831 0
7308.710034 0.010703 0
7310.370034 0.012008 0
7312.030034 0.014748 0
7313.690034 0.024921 0
7315.350034 0.010853 0
7317.010034 0.008345 0
7318.670034 0.004915 0
7320.330034 0.005485 0
7321.990034 0.010391 0
7323.650034 0.012065 0
7325.310034 0.015773 0
7326.970034 0.014716 0
7328.630034 0.012937 0
7330.290034 0.011274 0
7331.950034 0.006890 0
7333.610034 0.004106 0
7335.270034 0.008493 1
7336.930034 0.021684 1
7338.590034 0.007273 1
7340.250033 -0.000619 1
7341.910033 0.002454 1
7343.570033 0.005747 1
7345.230033 0.005013 1
7346.890033 0.009241 1
7348.550033 0.009516 0
7350.210033 0.010438 0
7351.870033 0.011107 0
7353.530033 0.006525 0
7355.190033 0.005159 0
7356.850033 0.013608 0
7358.510033 0.009127 0
7360.170033 0.004076 0
7361.830033 0.004249 0
7363.490033 0.007046 0
7365.150033 0.011908 0
7366.810033 0.013646 0
7368.470033 0.010074 0
7370.130033 0.014018 0
7371.790033 0.019404 0
7373.450033 0.016776 0
7375.110033 0.011249 0
7376.770033 0.007945 0
7378.430033 0.005273 0
7380.090033 0.003659 0
7381.750033 0.008236 0
7383.410033 0.008289 0
7385.070033 0.006342 0
7386.730033 0.007333 0
7388.390033 0.008234 0
7390.050032 0.010945 0
7391.710032 0.010794 0
7393.370032 0.013229 0
7395.030032 0.010489 0
7396.690032 0.008582 0
7398.350032 0.008333 0
7400.010032 0.016289 0
7401.670032 0.007447 0
7403.330032 0.009440 0
7404.990032 0.003124 0
7406.650032 0.005400 0
7408.310032 0.010674 0
7409.970032 0.006958 0
7411.630032 0.010750 0
7413.290032 0.009752 0
7414.950032 0.008574 0
7416.610032 0.007559 0
7418.270032 0.010534 0
7419.930032 0.006459 0
7421.590032 0.011753 0
7423.250032 0.009423 0
7424.910032 0.010004 0
7426.570032 0.010650 0
7428.230032 0.012695 0
7429.890032 0.008920 0
7431.550032 0.004965 0
7433.210032 0.007879 0
7434.870032 0.007211 0
7436.530032 0.008869 0
7438.190032 0.009829 0
7439.850031 0.012157 0
7441.510031 0.009109 0
7443.170031 0.006831 0
7444.830031 0.010371 0
7446.490031 0.009398 0
7448.150031 0.007660 0
7449.810031 0.007461 0
7451.470031 0.010221 0
7453.130031 0.007100 0
7454.790031 0.011237 0
7456.450031 0.010038 0
7458.110031 0.007998 0
7459.770031 0.006308 0
7461.430031 0.006798 0
7463.090031 0.009919 0
7464.750031 0.010264 0
7466.410031 0.007522 0
7468.070031 0.007772 0
7469.730031 0.011923 0
7471.390031 0.011923 0
7473.050031 0.008982 0
7474.710031 0.007637 0
7476.370031 0.005171 0
7478.030031 0.013309 0
7479.690031 0.010530 0
7481.350031 0.006275 0
7483.010031 0.011820 0
7484.670031 0.013742 0
7486.330031 0.009413 0
7487.990031 0.009828 0
7489.650030 0.007698 0
7491.310030 0.004593 0
7492.970030 0.010018 0
7494.630030 0.007814 0
7496.290030 0.010568 0
7497.950030 0.012420 0
7499.610030 0.009332 0
7501.270030 0.011382 0
7502.930030 0.010345 0
7504.590030 0.010077 0
7506.250030 0.006426 0
7507.910030 0.007494 0
7509.570030 0.007348 0
7511.230030 0.009018 0
7512.890030 0.009194 0
7514.550030 0.012574 0
7516.210030 0.011245 0
7517.870030 0.005776 0
7519.530030 0.005071 0
7521.190030 0.002532 0
7522.850030 0.002330 0
7524.510030 0.005496 0
7526.170030 0.006809 0
7527.830030 0.006344 0
7529.490030 0.007254 0
7531.150030 0.008610 0
7532.810030 0.012993 0
7534.470030 0.012253 0
7536.130030 0.007981 0
7537.790030 0.007177 0
7539.450029 0.008118 0
7541.110029 0.006843 0
7542.770029 0.008222 0
7544.430029 0.010446 0
7546.090029 0.008707 0
7547.750029 0.007980 0
7549.410029 0.008302 0
7551.070029 0.011108 0
7552.730029 0.005781 0
7554.390029 0.008906 0
7556.050029 0.008318 0
7557.710029 0.007848 0
7559.370029 0.007912 0
7561.030029 0.009244 0
7562.690029 0.008914 0
7564.350029 0.011806 0
7566.010029 0.008536 0
7567.670029 0.005317 0
7569.330029 0.006116 0
7570.990029 0.008885 0
7572.650029 0.011162 0
7574.310029 0.017536 0
7575.970029 0.015711 0
7577.630029 0.011730 0
7579.290029 0.012909 0
7580.950029 0.006736 0
7582.610029 0.006431 0
7584.270029 0.008165 0
7585.930029 0.006226 0
7587.590029 0.007840 0
7589.250028 0.013274 0
7590.910028 0.011011 0
7592.570028 0.010164 0
7594.230028 0.014375 0
7595.890028 0.000753 0
7597.550028 0.013671 0
7599.210028 0.016183 0
7600.870028 0.017143 0
7602.530028 0.022386 0
7604.190028 0.013010 0
7605.850028 0.006182 0
7607.510028 0.016485 0
7609.170028 0.009938 0
7610.830028 0.003399 0
7612.490028 0.006144 0
7614.150028 -0.000506 0
7615.810028 0.000422 0
7617.470028 0.009288 0
7619.130028 0.011759 0
7620.790028 0.013568 0
7622.450028 0.007594 0
7624.110028 0.005777 0
7625.770028 0.041204 0
7627.430028 0.000000 1
7629.090028 0.000000 1
7630.750028 0.000000 1
7632.410028 0.000000 1
7634.070028 0.000000 1
7635.730028 0.000000 1
7637.390028 0.000000 1
7639.050027 0.000000 1
7640.710027 0.000000 1
7642.370027 0.000000 1
7644.030027 0.000000 1
7645.690027 0.000000 1
7647.350027 0.000000 1
7649.010027 0.000000 1
7650.670027 0.000000 1
7652.330027 0.000000 1
7653.990027 0.000000 1
7655.650027 0.000000 1
7657.310027 0.000000 1
7658.970027 0.000000 1
7660.630027 0.000000 1
7662.290027 0.000000 1
7663.950027 0.000000 1
7665.610027 0.000000 1
7667.270027 0.000000 1
7668.930027 0.000000 1
7670.590027 0.000000 1
7672.250027 0.000000 1
7673.910027 0.000000 1
7675.570027 0.000000 1
7677.230027 0.000000 1
7678.890027 0.000000 1
7680.550027 0.000000 1
7682.210027 0.000000 1
7683.870027 0.000000 1
7685.530027 0.000000 1
7687.190027 0.000000 1
7688.850026 0.000000 1
7690.510026 0.000000 1
7692.170026 0.000000 1
7693.830026 0.000000 1
7695.490026 0.000000 1
7697.150026 0.000000 1
7698.810026 0.000000 1
7700.470026 0.000000 1
7702.130026 0.000000 1
7703.790026 0.000000 1
7705.450026 0.000000 1
7707.110026 0.000000 1
7708.770026 0.000000 1
7710.430026 0.000000 1
7712.090026 0.000000 1
7713.750026 0.000000 1
7715.410026 0.000000 1
7717.070026 0.000000 1
7718.730026 0.000000 1
7720.390026 0.000000 1
7722.050026 0.000000 1
7723.710026 0.000000 1
7725.370026 0.000000 1
7727.030026 0.000000 1
7728.690026 0.000000 1
7730.350026 0.000000 1
7732.010026 0.000000 1
7733.670026 0.000000 1
7735.330026 0.000000 1
7736.990026 0.000000 1
7738.650025 0.000000 1
7740.310025 0.000000 1
7741.970025 0.000000 1
7743.630025 0.000000 1
7745.290025 0.000000 1
7746.950025 0.000000 1
7748.610025 0.000000 1
7750.270025 0.000000 1
7751.930025 0.000000 1
7753.590025 0.000000 1
7755.250025 0.000000 1
7756.910025 0.000000 1
7758.570025 0.000000 1
7760.230025 0.000000 1
7761.890025 0.000000 1
7763.550025 0.000000 1
7765.210025 0.000000 1
7766.870025 0.000000 1
7768.530025 0.000000 1
7770.190025 0.000000 1
7771.850025 0.000000 1
7773.510025 0.000000 1
7775.170025 0.000000 1
7776.830025 0.000000 1
7778.490025 0.000000 1
7780.150025 0.000000 1
7781.810025 0.000000 1
7783.470025 0.000000 1
7785.130025 0.000000 1
7786.790025 0.000000 1
7788.450024 0.000000 1
7790.110024 0.000000 1
7791.770024 0.000000 1
7793.430024 0.000000 1
7795.090024 0.000000 1
7796.750024 0.000000 1
7798.410024 0.000000 1
7800.070024 0.000000 1
7801.730024 0.000000 1
7803.390024 0.000000 1
7805.050024 0.000000 1
7806.710024 0.000000 1
7808.370024 0.000000 1
7810.030024 0.000000 1
7811.690024 0.000000 1
7813.350024 0.000000 1
7815.010024 0.000000 1
7816.670024 0.000000 1
7818.330024 0.000000 1
7819.990024 0.000000 1
7821.650024 0.000000 1
7823.310024 0.000000 1
7824.970024 0.000000 1
7826.630024 0.000000 1
7828.290024 0.000000 1
7829.950024 0.000000 1
7831.610024 0.000000 1
7833.270024 0.000000 1
7834.930024 0.000000 1
7836.590024 0.000000 1
7838.250023 0.000000 1
7839.910023 0.000000 1
7841.570023 0.000000 1
7843.230023 0.000000 1
7844.890023 0.000000 1
7846.550023 0.000000 1
7848.210023 0.000000 1
7849.870023 0.000000 1
7851.530023 0.000000 1
7853.190023 0.000000 1
7854.850023 0.000000 1
7856.510023 0.000000 1
7858.170023 0.000000 1
7859.830023 0.000000 1
7861.490023 0.000000 1
7863.150023 0.000000 1
7864.810023 0.000000 1
7866.470023 0.000000 1
7868.130023 0.000000 1
7869.790023 0.000000 1
7871.450023 0.000000 1
7873.110023 0.000000 1
7874.770023 0.000000 1
7876.430023 0.000000 1
7878.090023 0.000000 1
7879.750023 0.000000 1
7881.410023 0.000000 1
7883.070023 0.000000 1
7884.730023 0.000000 1
7886.390023 0.000000 1
7888.050022 0.000000 1
7889.710022 0.000000 1
7891.370022 0.000000 1
7893.030022 0.000000 1
7894.690022 0.000000 1
7896.350022 0.000000 1
7898.010022 0.000000 1
7899.670022 0.000000 1
7901.330022 0.000000 1
7902.990022 0.000000 1
7904.650022 0.000000 1
7906.310022 0.000000 1
7907.970022 0.000000 1
7909.630022 0.000000 1
7911.290022 0.000000 1
7912.950022 0.000000 1
7914.610022 0.000000 1
7916.270022 0.000000 1
7917.930022 0.000000 1
7919.590022 0.000000 1
7921.250022 0.000000 1
7922.910022 0.000000 1
7924.570022 0.000000 1
7926.230022 0.000000 1
7927.890022 0.000000 1
7929.550022 0.000000 1
7931.210022 0.000000 1
7932.870022 0.000000 1
7934.530022 0.000000 1
7936.190022 0.000000 1
7937.850021 0.000000 1
7939.510021 0.000000 1
7941.170021 0.000000 1
7942.830021 0.000000 1
7944.490021 0.000000 1
7946.150021 0.000000 1
7947.810021 0.000000 1
7949.470021 0.000000 1
7951.130021 0.000000 1
7952.790021 0.000000 1
7954.450021 0.000000 1
7956.110021 0.000000 1
7957.770021 0.000000 1
7959.430021 0.000000 1
7961.090021 0.000000 1
7962.750021 0.000000 1
7964.410021 0.000000 1
7966.070021 0.000000 1
7967.730021 0.000000 1
7969.390021 0.000000 1
7971.050021 0.000000 1
7972.710021 0.000000 1
7974.370021 0.000000 1
7976.030021 0.000000 1
7977.690021 0.000000 1
7979.350021 0.000000 1
7981.010021 0.000000 1
7982.670021 0.000000 1
7984.330021 0.000000 1
7985.990021 0.000000 1
7987.650020 0.000000 1
7989.310020 0.000000 1
7990.970020 0.000000 1
7992.630020 0.000000 1
7994.290020 0.000000 1
7995.950020 0.000000 1
7997.610020 0.000000 1
7999.270020 0.000000 1
8000.930020 0.000000 1
8002.590020 0.000000 1
8004.250020 0.000000 1
8005.910020 0.000000 1
8007.570020 0.000000 1
8009.230020 0.000000 1
8010.890020 0.000000 1
8012.550020 0.000000 1
8014.210020 0.000000 1
8015.870020 0.000000 1
8017.530020 0.000000 1
8019.190020 0.000000 1
8020.850020 0.000000 1
8022.510020 0.000000 1
8024.170020 0.000000 1
8025.830020 0.000000 1
8027.490020 0.000000 1
8029.150020 0.000000 1
8030.810020 0.000000 1
8032.470020 0.000000 1
8034.130020 0.000000 1
8035.790020 0.000000 1
8037.450019 0.000000 1
8039.110019 0.000000 1
8040.770019 0.000000 1
8042.430019 0.000000 1
8044.090019 0.000000 1
8045.750019 0.000000 1
8047.410019 0.000000 1
8049.070019 0.000000 1
8050.730019 0.000000 1
8052.390019 0.000000 1
8054.050019 0.000000 1
8055.710019 0.000000 1
8057.370019 0.000000 1
8059.030019 0.000000 1
8060.690019 0.000000 1
8062.350019 0.000000 1
8064.010019 0.000000 1
8065.670019 0.000000 1
8067.330019 0.000000 1
8068.990019 0.000000 1
8070.650019 0.000000 1
8072.310019 0.000000 1
8073.970019 0.000000 1
8075.630019 0.000000 1
8077.290019 0.000000 1
8078.950019 0.000000 1
8080.610019 0.000000 1
8082.270019 0.000000 1
8083.930019 0.000000 1
8085.590019 0.000000 1
8087.250018 0.000000 1
8088.910018 0.000000 1
8090.570018 0.000000 1
8092.230018 0.000000 1
8093.890018 0.000000 1
8095.550018 0.000000 1
8097.210018 0.000000 1
8098.870018 0.000000 1
8100.530018 0.000000 1
8102.190018 0.000000 1
8103.850018 0.000000 1
8105.510018 0.000000 1
8107.170018 0.000000 1
8108.830018 0.000000 1
8110.490018 0.000000 1
8112.150018 0.000000 1
8113.810018 0.000000 1
8115.470018 0.000000 1
8117.130018 0.000000 1
8118.790018 0.000000 1
8120.450018 0.000000 1
8122.110018 0.000000 1
8123.770018 0.000000 1
8125.430018 0.000000 1
8127.090018 0.000000 1
8128.750018 0.000000 1
8130.410018 0.000000 1
8132.070018 0.000000 1
8133.730018 0.000000 1
8135.390018 0.000000 1
8137.050017 0.000000 1
8138.710017 0.000000 1
8140.370017 0.000000 1
8142.030017 0.000000 1
8143.690017 0.000000 1
8145.350017 0.000000 1
8147.010017 0.000000 1
8148.670017 0.000000 1
8150.330017 0.000000 1
8151.990017 0.000000 1
8153.650017 0.000000 1
8155.310017 0.000000 1
8156.970017 0.000000 1
8158.630017 0.000000 1
8160.290017 0.000000 1
8161.950017 0.000000 1
8163.610017 0.000000 1
8165.270017 0.000000 1
8166.930017 0.000000 1
8168.590017 0.000000 1
8170.250017 0.000000 1
8171.910017 0.000000 1
8173.570017 0.000000 1
8175.230017 0.000000 1
8176.890017 0.000000 1
8178.550017 0.000000 1
8180.210017 0.000000 1
8181.870017 0.000000 1
8183.530017 0.000000 1
8185.190017 0.000000 1
8186.850016 0.000000 1
8188.510016 0.000000 1
8190.170016 0.000000 1
8191.830016 0.000000 1
8193.490016 0.000000 1
8195.150016 0.000000 1
8196.810016 0.000000 1
8198.470016 0.000000 1
8200.130016 0.000000 1
8201.790016 0.000000 1
8203.450016 0.000000 1
8205.110016 0.000000 1
8206.770016 0.000000 1
8208.430016 0.000000 1
8210.090016 0.000000 1
8211.750016 0.000000 1
8213.410016 0.000000 1
8215.070016 0.000000 1
8216.730016 0.000000 1
8218.390016 0.000000 1
8220.050016 0.000000 1
8221.710016 0.000000 1
8223.370016 0.000000 1
8225.030016 0.000000 1
8226.690016 0.000000 1
8228.350016 0.000000 1
8230.010016 0.000000 1
8231.670016 0.000000 1
8233.330016 0.000000 1
8234.990015 0.000000 1
8236.650015 0.000000 1
8238.310015 0.000000 1
8239.970015 0.000000 1
8241.630015 0.000000 1
8243.290015 0.000000 1
8244.950015 0.000000 1
8246.610015 0.000000 1
8248.270015 0.000000 1
8249.930015 0.000000 1
8251.590015 0.000000 1
8253.250015 0.000000 1
8254.910015 0.000000 1
8256.570015 0.000000 1
8258.230015 0.000000 1
8259.890015 0.000000 1
8261.550015 0.000000 1
8263.210015 0.000000 1
8264.870015 0.000000 1
8266.530015 0.000000 1
8268.190015 0.000000 1
8269.850015 0.000000 1
8271.510015 0.000000 1
8273.170015 0.000000 1
8274.830015 0.000000 1
8276.490015 0.000000 1
8278.150015 0.000000 1
8279.810015 0.000000 1
8281.470015 0.000000 1
8283.130015 0.000000 1
8284.790014 0.000000 1
8286.450014 0.000000 1
8288.110014 0.000000 1
8289.770014 0.000000 1
8291.430014 0.000000 1
8293.090014 0.000000 1
8294.750014 0.000000 1
8296.410014 0.000000 1
8298.070014 0.000000 1
8299.730014 0.000000 1
8301.390014 0.000000 1
8303.050014 0.000000 1
8304.710014 0.000000 1
8306.370014 0.000000 1
8308.030014 0.000000 1
8309.690014 0.000000 1
8311.350014 0.000000 1
8313.010014 0.000000 1
8314.670014 0.000000 1
8316.330014 0.000000 1
8317.990014 0.000000 1
8319.650014 0.000000 1
8321.310014 0.000000 1
8322.970014 0.000000 1
8324.630014 0.000000 1
8326.290014 0.000000 1
8327.950014 0.000000 1
8329.610014 0.000000 1
8331.270014 0.000000 1
8332.930014 0.000000 1
8334.590013 0.000000 1
8336.250013 0.000000 1
8337.910013 0.000000 1
8339.570013 0.000000 1
8341.230013 0.000000 1
8342.890013 0.000000 1
8344.550013 0.000000 1
8346.210013 0.000000 1
8347.870013 0.000000 1
8349.530013 0.000000 1
8351.190013 0.000000 1
8352.850013 0.000000 1
8354.510013 0.000000 1
8356.170013 0.000000 1
8357.830013 0.000000 1
8359.490013 0.000000 1
8361.150013 0.000000 1
8362.810013 0.000000 1
8364.470013 0.000000 1
8366.130013 0.000000 1
8367.790013 0.000000 1
8369.450013 0.000000 1
8371.110013 0.000000 1
8372.770013 0.000000 1
8374.430013 0.000000 1
8376.090013 0.000000 1
8377.750013 0.000000 1
8379.410013 0.000000 1
8381.070013 0.000000 1
8382.730013 0.000000 1
8384.390012 0.000000 1
8386.050012 0.000000 1
8387.710012 0.000000 1
8389.370012 0.000000 1
8391.030012 0.000000 1
8392.690012 0.000000 1
8394.350012 0.000000 1
8396.010012 0.000000 1
8397.670012 0.000000 1
8399.330012 0.000000 1
8400.990012 0.000000 1
8402.650012 0.000000 1
8404.310012 0.000000 1
8405.970012 0.000000 1
8407.630012 0.000000 1
8409.290012 0.000000 1
8410.950012 0.000000 1
8412.610012 0.000000 1
8414.270012 0.000000 1
8415.930012 0.000000 1
8417.590012 0.000000 1
8419.250012 0.000000 1
8420.910012 0.000000 1
8422.570012 0.000000 1
8424.230012 0.000000 1
8425.890012 0.000000 1
8427.550012 0.000000 1
8429.210012 0.000000 1
8430.870012 0.000000 1
8432.530012 0.000000 1
8434.190011 0.000000 1
8435.850011 0.000000 1
8437.510011 0.000000 1
8439.170011 0.000000 1
8440.830011 0.000000 1
8442.490011 0.000000 1
8444.150011 0.000000 1
8445.810011 0.000000 1
8447.470011 0.000000 1
8449.130011 0.000000 1
8450.790011 0.000000 1
8452.450011 0.000000 1
8454.110011 0.000000 1
8455.770011 0.000000 1
8457.430011 0.000000 1
8459.090011 0.000000 1
8460.750011 0.000000 1
8462.410011 0.000000 1
8464.070011 0.000000 1
8465.730011 0.000000 1
8467.390011 0.000000 1
8469.050011 0.000000 1
8470.710011 0.000000 1
8472.370011 0.000000 1
8474.030011 0.000000 1
8475.690011 0.000000 1
8477.350011 0.000000 1
8479.010011 0.000000 1
8480.670011 0.000000 1
8482.330011 0.000000 1
8483.990010 0.000000 1
8485.650010 0.000000 1
8487.310010 0.000000 1
8488.970010 0.000000 1
8490.630010 0.000000 1
8492.290010 0.000000 1
8493.950010 0.000000 1
8495.610010 0.000000 1
8497.270010 0.000000 1
8498.930010 0.000000 1
