# obs: 255710
# slit: 34
# z: 0.29439
# lines: [OII],H9,K,H,H{beta},[OIII],H{alpha}
# spec: 373
4451.680000 0.000000 1
4455.040000 0.000000 1
4458.400000 0.000000 1
4461.760000 0.000000 1
4465.120000 0.000000 1
4468.480000 0.000000 1
4471.840000 0.000000 1
4475.200000 0.000000 1
4478.560000 0.000000 1
4481.920000 0.000000 1
4485.280000 0.000000 1
4488.640000 0.000000 1
4492.000000 0.000000 1
4495.360000 0.000000 1
4498.720000 0.000000 1
4502.080000 0.000000 1
4505.440000 0.000000 1
4508.800000 0.019676 0
4512.160000 0.174000 0
4515.520000 0.178862 0
4518.880000 0.174881 0
4522.240000 0.176799 0
4525.600000 0.167714 0
4528.960000 0.187888 0
4532.320000 0.155323 0
4535.680000 0.185929 0
4539.040000 0.175607 0
4542.400000 0.171133 0
4545.760000 0.186379 0
4549.120000 0.173463 0
4552.480000 0.166602 0
4555.840000 0.142728 0
4559.200000 0.171994 0
4562.560000 0.183848 0
4565.920000 0.185121 0
4569.280000 0.169248 0
4572.640000 0.176077 0
4576.000000 0.190950 0
4579.360000 0.151214 0
4582.720000 0.166795 0
4586.080000 0.176853 0
4589.440000 0.169836 0
4592.800000 0.191276 0
4596.160000 0.157071 0
4599.520000 0.174430 0
4602.880000 0.167292 0
4606.240000 0.167305 0
4609.600000 0.133361 0
4612.960000 0.173419 0
4616.320000 0.150973 0
4619.680000 0.178196 0
4623.040000 0.177599 0
4626.400000 0.143174 0
4629.760000 0.159463 0
4633.120000 0.166322 0
4636.480000 0.161074 0
4639.840000 0.150923 0
4643.200000 0.149397 0
4646.560000 0.147509 0
4649.920000 0.186672 0
4653.280000 0.160754 0
4656.640000 0.176211 0
4660.000000 0.175642 0
4663.360000 0.159713 0
4666.720000 0.151231 0
4670.080000 0.167667 0
4673.440000 0.182503 0
4676.800000 0.164741 0
4680.160000 0.164987 0
4683.520000 0.173992 0
4686.880000 0.162617 0
4690.240000 0.188373 0
4693.600000 0.134742 0
4696.960000 0.167883 0
4700.320000 0.178185 0
4703.680000 0.173513 0
4707.040000 0.162513 0
4710.400000 0.179062 0
4713.760000 0.181848 0
4717.120000 0.180155 0
4720.480000 0.151611 0
4723.840000 0.155829 0
4727.200000 0.139250 0
4730.560000 0.152678 0
4733.920000 0.178164 0
4737.280000 0.179878 0
4740.640000 0.173811 0
4744.000000 0.167659 0
4747.360000 0.165678 0
4750.720000 0.179149 0
4754.080000 0.146649 0
4757.440000 0.154633 0
4760.800000 0.127139 0
4764.160000 0.158257 0
4767.520000 0.174405 0
4770.880000 0.156830 0
4774.240000 0.168083 0
4777.600000 0.167212 0
4780.960000 0.164842 0
4784.320000 0.161628 0
4787.680000 0.153364 0
4791.040000 0.140151 0
4794.400000 0.145773 0
4797.760000 0.146581 0
4801.120000 0.167223 0
4804.480000 0.164257 0
4807.840000 0.166686 0
4811.200000 0.173258 0
4814.560000 0.160316 0
4817.920000 0.250230 0
4821.280000 0.551317 0
4824.640000 1.019705 0
4828.000000 1.170545 0
4831.360000 0.860460 0
4834.720000 0.291586 0
4838.080000 0.175917 0
4841.440000 0.167797 0
4844.800000 0.178550 0
4848.160000 0.191736 0
4851.520000 0.144986 0
4854.880000 0.130627 0
4858.240000 0.149359 0
4861.600000 0.186068 0
4864.960000 0.202504 0
4868.320000 0.190946 0
4871.680000 0.193471 0
4875.040000 0.195339 0
4878.400000 0.159582 0
4881.760000 0.155800 0
4885.120000 0.183863 0
4888.480000 0.170729 0
4891.840000 0.172730 0
4895.200000 0.204805 0
4898.560000 0.217050 0
4901.920000 0.217289 0
4905.280000 0.233487 0
4908.640000 0.182357 0
4912.000000 0.202700 0
4915.360000 0.169530 0
4918.720000 0.179793 0
4922.080000 0.185024 0
4925.440000 0.205637 0
4928.800000 0.214602 0
4932.160000 0.227210 0
4935.520000 0.235310 0
4938.880000 0.234963 0
4942.240000 0.212498 0
4945.600000 0.206095 0
4948.960000 0.205363 0
4952.320000 0.208517 0
4955.680000 0.192691 0
4959.040000 0.169272 0
4962.400000 0.177292 0
4965.760000 0.162646 0
4969.120000 0.196970 0
4972.480000 0.206888 0
4975.840000 0.198595 0
4979.200000 0.222390 0
4982.560000 0.213165 0
4985.920000 0.213259 0
4989.280000 0.246327 0
4992.640000 0.236902 0
4996.000000 0.233604 0
4999.360000 0.223210 0
5002.720000 0.246952 0
5006.080000 0.275076 0
5009.440000 0.283487 0
5012.800000 0.262316 0
5016.160000 0.210837 0
5019.520000 0.199284 0
5022.880000 0.211607 0
5026.240000 0.197088 0
5029.600000 0.162934 0
5032.960000 0.202436 0
5036.320000 0.213216 0
5039.680000 0.221360 0
5043.040000 0.179814 0
5046.400000 0.220604 0
5049.760000 0.222362 0
5053.120000 0.245173 0
5056.480000 0.227588 0
5059.840000 0.218367 0
5063.200000 0.234622 0
5066.560000 0.240364 0
5069.920000 0.248717 0
5073.280000 0.230855 0
5076.640000 0.229115 0
5080.000000 0.216005 0
5083.360000 0.222557 0
5086.720000 0.214782 0
5090.080000 0.179163 0
5093.440000 0.191270 0
5096.800000 0.196630 0
5100.160000 0.214382 0
5103.520000 0.213815 0
5106.880000 0.216598 0
5110.240000 0.211313 0
5113.600000 0.210685 0
5116.960000 0.215928 0
5120.320000 0.212137 0
5123.680000 0.208867 0
5127.040000 0.186899 0
5130.400000 0.170753 0
5133.760000 0.166788 0
5137.120000 0.179972 0
5140.480000 0.191835 0
5143.840000 0.198544 0
5147.200000 0.192901 0
5150.560000 0.200429 0
5153.920000 0.203396 0
5157.280000 0.209414 0
5160.640000 0.219113 0
5164.000000 0.231823 0
5167.360000 0.242243 0
5170.720000 0.239082 0
5174.080000 0.217329 0
5177.440000 0.221967 0
5180.800000 0.249749 0
5184.160000 0.235638 0
5187.520000 0.219872 0
5190.880000 0.255539 0
5194.240000 0.237885 0
5197.600000 0.239260 0
5200.960000 0.236002 0
5204.320000 0.254253 0
5207.680000 0.244406 0
5211.040000 0.216169 0
5214.400000 0.230951 0
5217.760000 0.227362 0
5221.120000 0.227890 0
5224.480000 0.248054 0
5227.840000 0.221246 0
5231.200000 0.221004 0
5234.560000 0.235397 0
5237.920000 0.236997 0
5241.280000 0.242038 0
5244.640000 0.232862 0
5248.000000 0.241589 0
5251.360000 0.226924 0
5254.720000 0.225476 0
5258.080000 0.241276 0
5261.440000 0.264450 0
5264.800000 0.256102 0
5268.160000 0.236425 0
5271.520000 0.226715 0
5274.880000 0.244584 0
5278.240000 0.225109 0
5281.600000 0.206723 0
5284.960000 0.214438 0
5288.320000 0.218210 0
5291.680000 0.204920 0
5295.040000 0.218089 0
5298.400000 0.220420 0
5301.760000 0.181997 0
5305.120000 0.202843 0
5308.480000 0.219911 0
5311.840000 0.240995 0
5315.200000 0.231408 0
5318.560000 0.195191 0
5321.920000 0.188145 0
5325.280000 0.191273 0
5328.640000 0.217000 0
5332.000000 0.205277 0
5335.360000 0.216342 0
5338.720000 0.233719 0
5342.080000 0.213146 0
5345.440000 0.201493 0
5348.800000 0.212170 0
5352.160000 0.223742 0
5355.520000 0.215673 0
5358.880000 0.220671 0
5362.240000 0.228258 0
5365.600000 0.211433 0
5368.960000 0.208261 0
5372.320000 0.225578 0
5375.680000 0.223845 0
5379.040000 0.214261 0
5382.400000 0.240785 0
5385.760000 0.221020 0
5389.120000 0.217611 0
5392.480000 0.226445 0
5395.840000 0.232613 0
5399.200000 0.214896 0
5402.560000 0.215607 0
5405.920000 0.234269 0
5409.280000 0.215670 0
5412.640000 0.216728 0
5416.000000 0.229451 0
5419.360000 0.214018 0
5422.720000 0.211272 0
5426.080000 0.236113 0
5429.440000 0.254829 0
5432.800000 0.237877 0
5436.160000 0.219086 0
5439.520000 0.206035 0
5442.880000 0.196474 0
5446.240000 0.220049 0
5449.600000 0.233095 0
5452.960000 0.224652 0
5456.320000 0.211641 0
5459.680000 0.213141 0
5463.040000 0.210863 0
5466.400000 0.216750 0
5469.760000 0.229525 0
5473.120000 0.224308 0
5476.480000 0.215416 0
5479.840000 0.227440 0
5483.200000 0.233500 0
5486.560000 0.211109 0
5489.920000 0.229360 0
5493.280000 0.223958 0
5496.640000 0.205896 0
5500.000000 0.215222 0
5503.360000 0.236742 0
5506.720000 0.240459 0
5510.080000 0.218942 0
5513.440000 0.215122 0
5516.800000 0.210500 0
5520.160000 0.217665 0
5523.520000 0.215565 0
5526.880000 0.215560 0
5530.240000 0.218804 0
5533.600000 0.205233 0
5536.960000 0.205061 0
5540.320000 0.200147 0
5543.680000 0.220976 0
5547.040000 0.228131 0
5550.400000 0.204886 0
5553.760000 0.213681 0
5557.120000 0.219117 0
5560.480000 0.194811 0
5563.840000 0.202951 1
5567.200000 0.213467 1
5570.560000 0.304942 1
5573.920000 0.185934 1
5577.280000 0.156547 1
5580.640000 0.181185 1
5584.000000 0.125398 1
5587.360000 0.188602 1
5590.720000 0.197994 1
5594.080000 0.194645 1
5597.440000 0.226814 1
5600.800000 0.218795 1
5604.160000 0.185857 0
5607.520000 0.180413 0
5610.880000 0.171792 0
5614.240000 0.220585 0
5617.600000 0.285450 0
5620.960000 0.323241 0
5624.320000 0.258363 0
5627.680000 0.167165 0
5631.040000 0.154192 0
5634.400000 0.192371 0
5637.760000 0.187088 0
5641.120000 0.212653 0
5644.480000 0.219200 0
5647.840000 0.230920 0
5651.200000 0.240573 0
5654.560000 0.237468 0
5657.920000 0.213402 0
5661.280000 0.190460 0
5664.640000 0.217837 0
5668.000000 0.223511 0
5671.360000 0.209238 0
5674.720000 0.203366 0
5678.080000 0.189601 0
5681.440000 0.187677 0
5684.800000 0.180006 0
5688.160000 0.202946 0
5691.520000 0.226942 0
5694.880000 0.173980 0
5698.240000 0.196646 0
5701.600000 0.196346 0
5704.960000 0.218790 0
5708.320000 0.209873 0
5711.680000 0.193898 0
5715.040000 0.189238 0
5718.400000 0.215817 0
5721.760000 0.198706 0
5725.120000 0.183653 0
5728.480000 0.207283 0
5731.840000 0.215365 0
5735.200000 0.216847 0
5738.560000 0.209334 0
5741.920000 0.181351 0
5745.280000 0.185159 0
5748.640000 0.212277 0
5752.000000 0.210392 0
5755.360000 0.217198 0
5758.720000 0.202885 0
5762.080000 0.218271 0
5765.440000 0.216716 0
5768.800000 0.200617 0
5772.160000 0.214685 0
5775.520000 0.201272 0
5778.880000 0.182479 0
5782.240000 0.180901 0
5785.600000 0.209340 0
5788.960000 0.225670 0
5792.320000 0.220336 0
5795.680000 0.213551 0
5799.040000 0.234302 0
5802.400000 0.222460 0
5805.760000 0.229495 0
5809.120000 0.223082 0
5812.480000 0.209896 0
5815.840000 0.199418 0
5819.200000 0.199658 0
5822.560000 0.210104 0
5825.920000 0.212991 0
5829.280000 0.209492 0
5832.640000 0.228846 0
5836.000000 0.215088 0
5839.360000 0.215813 0
5842.720000 0.227010 0
5846.080000 0.204704 0
5849.440000 0.192786 0
5852.800000 0.201149 0
5856.160000 0.193180 0
5859.520000 0.223370 0
5862.880000 0.196342 0
5866.240000 0.177653 0
5869.600000 0.198289 0
5872.960000 0.208358 0
5876.320000 0.213208 0
5879.680000 0.218209 0
5883.040000 0.243558 0
5886.400000 0.204660 0
5889.760000 0.174703 0
5893.120000 0.144696 0
5896.480000 0.155781 0
5899.840000 0.209109 0
5903.200000 0.212101 0
5906.560000 0.192688 0
5909.920000 0.214987 0
5913.280000 0.204315 0
5916.640000 0.224232 0
5920.000000 0.217626 0
5923.360000 0.223682 0
5926.720000 0.222131 0
5930.080000 0.187066 0
5933.440000 0.214307 0
5936.800000 0.198379 0
5940.160000 0.191745 0
5943.520000 0.187186 0
5946.880000 0.201216 0
5950.240000 0.216592 0
5953.600000 0.198689 0
5956.960000 0.228433 0
5960.320000 0.222240 0
5963.680000 0.208119 0
5967.040000 0.206238 0
5970.400000 0.203046 0
5973.760000 0.201292 0
5977.120000 0.192861 0
5980.480000 0.211521 0
5983.840000 0.210330 0
5987.200000 0.218810 0
5990.560000 0.210635 0
5993.920000 0.222567 0
5997.280000 0.209829 0
6000.640000 0.212801 0
6004.000000 0.205849 0
6007.360000 0.195527 0
6010.720000 0.205893 0
6014.080000 0.201585 0
6017.440000 0.223383 0
6020.800000 0.206848 0
6024.160000 0.206238 0
6027.520000 0.230968 0
6030.880000 0.221901 0
6034.240000 0.215582 0
6037.600000 0.204727 0
6040.960000 0.204871 0
6044.320000 0.200625 0
6047.680000 0.194522 0
6051.040000 0.211850 0
6054.400000 0.183674 0
6057.760000 0.188843 0
6061.120000 0.206944 0
6064.480000 0.220126 0
6067.840000 0.185513 0
6071.200000 0.193546 0
6074.560000 0.196511 0
6077.920000 0.195504 0
6081.280000 0.191300 0
6084.640000 0.194247 0
6088.000000 0.212376 0
6091.360000 0.194262 0
6094.720000 0.202035 0
6098.080000 0.207431 0
6101.440000 0.225820 0
6104.800000 0.210614 0
6108.160000 0.214376 0
6111.520000 0.193276 0
6114.880000 0.199704 0
6118.240000 0.200272 0
6121.600000 0.187442 0
6124.960000 0.191554 0
6128.320000 0.183958 0
6131.680000 0.192777 0
6135.040000 0.199573 0
6138.400000 0.214840 0
6141.760000 0.204869 0
6145.120000 0.198683 0
6148.480000 0.175699 0
6151.840000 0.187168 0
6155.200000 0.182606 0
6158.560000 0.206956 0
6161.920000 0.208463 0
6165.280000 0.188771 0
6168.640000 0.182159 0
6172.000000 0.173589 0
6175.360000 0.194738 0
6178.720000 0.208616 0
6182.080000 0.190690 0
6185.440000 0.187106 0
6188.800000 0.199522 0
6192.160000 0.196781 0
6195.520000 0.200079 0
6198.880000 0.187916 0
6202.240000 0.190616 0
6205.600000 0.202493 0
6208.960000 0.186186 0
6212.320000 0.184900 0
6215.680000 0.196455 0
6219.040000 0.182287 0
6222.400000 0.172351 0
6225.760000 0.186145 0
6229.120000 0.233671 0
6232.480000 0.204258 0
6235.840000 0.203362 0
6239.200000 0.212413 0
6242.560000 0.213192 0
6245.920000 0.194336 0
6249.280000 0.200777 0
6252.640000 0.195566 0
6256.000000 0.206405 0
6259.360000 0.210590 0
6262.720000 0.179757 0
6266.080000 0.182789 0
6269.440000 0.187147 0
6272.800000 0.180793 0
6276.160000 0.183824 0
6279.520000 0.170002 0
6282.880000 0.183969 0
6286.240000 0.225422 0
6289.600000 0.366611 0
6292.960000 0.522650 0
6296.320000 0.475146 0
6299.680000 0.252269 0
6303.040000 0.095260 0
6306.400000 0.126312 0
6309.760000 0.141052 0
6313.120000 0.154558 0
6316.480000 0.182559 0
6319.840000 0.173001 0
6323.200000 0.190898 0
6326.560000 0.180446 0
6329.920000 0.155679 0
6333.280000 0.160841 0
6336.640000 0.169217 0
6340.000000 0.181052 0
6343.360000 0.183060 0
6346.720000 0.198602 0
6350.080000 0.191164 0
6353.440000 0.181349 0
6356.800000 0.197863 0
6360.160000 0.198079 0
6363.520000 0.194194 0
6366.880000 0.164618 0
6370.240000 0.188093 0
6373.600000 0.178898 0
6376.960000 0.185332 0
6380.320000 0.180264 0
6383.680000 0.203173 0
6387.040000 0.193711 0
6390.400000 0.161742 0
6393.760000 0.177774 0
6397.120000 0.190549 0
6400.480000 0.179419 0
6403.840000 0.174802 0
6407.200000 0.190087 0
6410.560000 0.201106 0
6413.920000 0.246549 0
6417.280000 0.318485 0
6420.640000 0.399136 0
6424.000000 0.336897 0
6427.360000 0.212891 0
6430.720000 0.187667 0
6434.080000 0.196350 0
6437.440000 0.192721 0
6440.800000 0.187329 0
6444.160000 0.188852 0
6447.520000 0.172660 0
6450.880000 0.168196 0
6454.240000 0.190784 0
6457.600000 0.184129 0
6460.960000 0.184963 0
6464.320000 0.185980 0
6467.680000 0.163209 0
6471.040000 0.184159 0
6474.400000 0.259956 0
6477.760000 0.483651 0
6481.120000 0.776282 0
6484.480000 0.805967 0
6487.840000 0.427317 0
6491.200000 0.224627 0
6494.560000 0.180849 0
6497.920000 0.180149 0
6501.280000 0.152934 0
6504.640000 0.154405 0
6508.000000 0.175187 0
6511.360000 0.188123 0
6514.720000 0.166084 0
6518.080000 0.170688 0
6521.440000 0.188668 0
6524.800000 0.191749 0
6528.160000 0.183559 0
6531.520000 0.189254 0
6534.880000 0.173938 0
6538.240000 0.151153 0
6541.600000 0.178816 0
6544.960000 0.171895 0
6548.320000 0.173938 0
6551.680000 0.203747 0
6555.040000 0.189316 0
6558.400000 0.201460 0
6561.760000 0.175159 0
6565.120000 0.177854 0
6568.480000 0.172852 0
6571.840000 0.175957 0
6575.200000 0.169405 0
6578.560000 0.160712 0
6581.920000 0.171522 0
6585.280000 0.174249 0
6588.640000 0.191029 0
6592.000000 0.179123 0
6595.360000 0.192398 0
6598.720000 0.171544 0
6602.080000 0.158571 0
6605.440000 0.181485 0
6608.800000 0.178481 0
6612.160000 0.192391 0
6615.520000 0.163737 0
6618.880000 0.168639 0
6622.240000 0.194274 0
6625.600000 0.195044 0
6628.960000 0.179584 0
6632.320000 0.179289 0
6635.680000 0.180466 0
6639.040000 0.174749 0
6642.400000 0.179965 0
6645.760000 0.179179 0
6649.120000 0.162952 0
6652.480000 0.179127 0
6655.840000 0.168090 0
6659.200000 0.166911 0
6662.560000 0.177131 0
6665.920000 0.170545 0
6669.280000 0.164137 0
6672.640000 0.161315 0
6676.000000 0.185468 0
6679.360000 0.176391 0
6682.720000 0.189990 0
6686.080000 0.183168 0
6689.440000 0.181225 0
6692.800000 0.160944 0
6696.160000 0.152064 0
6699.520000 0.183365 0
6702.880000 0.176217 0
6706.240000 0.162554 0
6709.600000 0.150534 0
6712.960000 0.167022 0
6716.320000 0.162756 0
6719.680000 0.173878 0
6723.040000 0.189744 0
6726.400000 0.177478 0
6729.760000 0.184004 0
6733.120000 0.175935 0
6736.480000 0.182764 0
6739.840000 0.181806 0
6743.200000 0.167771 0
6746.560000 0.179434 0
6749.920000 0.187227 0
6753.280000 0.177946 0
6756.640000 0.154859 0
6760.000000 0.177894 0
6763.360000 0.166811 0
6766.720000 0.164347 0
6770.080000 0.179867 0
6773.440000 0.188232 0
6776.800000 0.177113 0
6780.160000 0.171757 0
6783.520000 0.166756 0
6786.880000 0.167431 0
6790.240000 0.174763 0
6793.600000 0.159386 0
6796.960000 0.170548 0
6800.320000 0.181805 0
6803.680000 0.169047 0
6807.040000 0.168811 0
6810.400000 0.175280 0
6813.760000 0.154230 0
6817.120000 0.160118 0
6820.480000 0.186813 0
6823.840000 0.166530 0
6827.200000 0.160244 0
6830.560000 0.179935 0
6833.920000 0.167057 0
6837.280000 0.152786 0
6840.640000 0.163552 0
6844.000000 0.192619 0
6847.360000 0.191824 0
6850.720000 0.177087 0
6854.080000 0.178593 0
6857.440000 0.171290 0
6860.800000 0.183293 0
6864.160000 0.159718 0
6867.520000 0.127008 0
6870.880000 0.117829 0
6874.240000 0.145756 0
6877.600000 0.135260 0
6880.960000 0.134642 0
6884.320000 0.160447 0
6887.680000 0.163781 0
6891.040000 0.155815 0
6894.400000 0.167263 0
6897.760000 0.163176 0
6901.120000 0.154356 0
6904.480000 0.153942 0
6907.840000 0.167401 0
6911.200000 0.150911 0
6914.560000 0.138380 0
6917.920000 0.179880 0
6921.280000 0.192224 0
6924.640000 0.156497 0
6928.000000 0.167501 0
6931.360000 0.178953 0
6934.720000 0.175975 0
6938.080000 0.169676 0
6941.440000 0.175506 0
6944.800000 0.169504 0
6948.160000 0.171761 0
6951.520000 0.184478 0
6954.880000 0.158280 0
6958.240000 0.165275 0
6961.600000 0.172516 0
6964.960000 0.181541 0
6968.320000 0.174530 0
6971.680000 0.179484 0
6975.040000 0.166325 0
6978.400000 0.171138 0
6981.760000 0.163912 0
6985.120000 0.165480 0
6988.480000 0.154223 0
6991.840000 0.144325 0
6995.200000 0.170253 0
6998.560000 0.167526 0
7001.920000 0.171000 0
7005.280000 0.186019 0
7008.640000 0.169412 0
7012.000000 0.179694 0
7015.360000 0.178382 0
7018.720000 0.169594 0
7022.080000 0.171997 0
7025.440000 0.167767 0
7028.800000 0.173138 0
7032.160000 0.164651 0
7035.520000 0.148804 0
7038.880000 0.176398 0
7042.240000 0.190784 0
7045.600000 0.177201 0
7048.960000 0.170522 0
7052.320000 0.175579 0
7055.680000 0.154698 0
7059.040000 0.147960 0
7062.400000 0.174117 0
7065.760000 0.168581 0
7069.120000 0.167852 0
7072.480000 0.175861 0
7075.840000 0.174111 0
7079.200000 0.165964 0
7082.560000 0.164952 0
7085.920000 0.177176 0
7089.280000 0.168770 0
7092.640000 0.162919 0
7096.000000 0.173548 0
7099.360000 0.169590 0
7102.720000 0.159268 0
7106.080000 0.146881 0
7109.440000 0.156739 0
7112.800000 0.168376 0
7116.160000 0.167257 0
7119.520000 0.172611 0
7122.880000 0.170669 0
7126.240000 0.169888 0
7129.600000 0.167939 0
7132.960000 0.171653 0
7136.320000 0.152186 0
7139.680000 0.172711 0
7143.040000 0.185824 0
7146.400000 0.187640 0
7149.760000 0.192994 0
7153.120000 0.161030 0
7156.480000 0.169951 0
7159.840000 0.164462 0
7163.200000 0.173265 0
7166.560000 0.166322 0
7169.920000 0.155192 0
7173.280000 0.154589 0
7176.640000 0.163393 0
7180.000000 0.153959 0
7183.360000 0.165169 0
7186.720000 0.157481 0
7190.080000 0.150550 0
7193.440000 0.163867 0
7196.800000 0.153527 0
7200.160000 0.152956 0
7203.520000 0.174588 0
7206.880000 0.177403 0
7210.240000 0.148464 0
7213.600000 0.155050 0
7216.960000 0.175081 0
7220.320000 0.148855 0
7223.680000 0.160472 0
7227.040000 0.137718 0
7230.400000 0.179959 0
7233.760000 0.156296 0
7237.120000 0.166522 0
7240.480000 0.140954 0
7243.840000 0.159568 0
7247.200000 0.116637 0
7250.560000 0.145580 0
7253.920000 0.166220 0
7257.280000 0.192197 0
7260.640000 0.191834 0
7264.000000 0.167699 0
7267.360000 0.177623 0
7270.720000 0.166046 0
7274.080000 0.129646 0
7277.440000 0.153561 0
7280.800000 0.150861 0
7284.160000 0.164590 0
7287.520000 0.169821 0
7290.880000 0.162019 0
7294.240000 0.163423 0
7297.600000 0.147561 0
7300.960000 0.149377 0
7304.320000 0.136469 0
7307.680000 0.201395 0
7311.040000 0.158008 0
7314.400000 0.191791 0
7317.760000 0.191707 0
7321.120000 0.167218 0
7324.480000 0.162962 0
7327.840000 0.162211 0
7331.200000 0.159663 0
7334.560000 0.151555 0
7337.920000 0.168098 0
7341.280000 0.157289 0
7344.640000 0.138649 0
7348.000000 0.158363 0
7351.360000 0.174451 0
7354.720000 0.153193 0
7358.080000 0.158974 0
7361.440000 0.176521 0
7364.800000 0.151455 0
7368.160000 0.131319 0
7371.520000 0.122448 0
7374.880000 0.145802 0
7378.240000 0.171598 0
7381.600000 0.156461 0
7384.960000 0.157378 0
7388.320000 0.158110 0
7391.680000 0.158757 0
7395.040000 0.168287 0
7398.400000 0.152858 0
7401.760000 0.176191 0
7405.120000 0.160837 0
7408.480000 0.149842 0
7411.840000 0.163683 0
7415.200000 0.159297 0
7418.560000 0.154302 0
7421.920000 0.171817 0
7425.280000 0.174063 0
7428.640000 0.164473 0
7432.000000 0.144251 0
7435.360000 0.142700 0
7438.720000 0.161555 0
7442.080000 0.177201 0
7445.440000 0.174217 0
7448.800000 0.170496 0
7452.160000 0.154458 0
7455.520000 0.173033 0
7458.880000 0.175028 0
7462.240000 0.153523 0
7465.600000 0.139402 0
7468.960000 0.125797 0
7472.320000 0.137353 0
7475.680000 0.177113 0
7479.040000 0.166829 0
7482.400000 0.165653 0
7485.760000 0.165243 0
7489.120000 0.150670 0
7492.480000 0.144734 0
7495.840000 0.154624 0
7499.200000 0.181588 0
7502.560000 0.154862 0
7505.920000 0.155821 0
7509.280000 0.152301 0
7512.640000 0.153415 0
7516.000000 0.170634 0
7519.360000 0.183596 0
7522.720000 0.152573 0
7526.080000 0.189063 0
7529.440000 0.128449 0
7532.800000 0.138248 0
7536.160000 0.156854 0
7539.520000 0.158734 0
7542.880000 0.152177 0
7546.240000 0.168783 0
7549.600000 0.152555 0
7552.960000 0.157269 0
7556.320000 0.170332 0
7559.680000 0.166082 0
7563.040000 0.160486 0
7566.400000 0.137485 0
7569.760000 0.116034 0
7573.120000 0.153115 0
7576.480000 0.144469 0
7579.840000 0.144394 0
7583.200000 0.128725 0
7586.560000 0.159397 0
7589.920000 0.140593 0
7593.280000 0.180878 0
7596.640000 0.197239 0
7600.000000 0.105853 0
7603.360000 0.155773 0
7606.720000 0.208104 0
7610.080000 0.192343 0
7613.440000 0.162813 0
7616.800000 0.188512 0
7620.160000 0.197383 0
7623.520000 0.152943 0
7626.880000 0.157937 0
7630.240000 0.160354 0
7633.600000 0.169162 0
7636.960000 0.142715 0
7640.320000 0.168747 0
7643.680000 0.148502 0
7647.040000 0.143953 0
7650.400000 0.148163 0
7653.760000 0.159119 0
7657.120000 0.175419 0
7660.480000 0.166109 0
7663.840000 0.155100 0
7667.200000 0.140034 0
7670.560000 0.146933 0
7673.920000 0.150754 0
7677.280000 0.146634 0
7680.640000 0.162763 0
7684.000000 0.154753 0
7687.360000 0.132262 0
7690.720000 0.128495 0
7694.080000 0.146733 0
7697.440000 0.146778 0
7700.800000 0.142866 0
7704.160000 0.148439 0
7707.520000 0.170599 0
7710.880000 0.149369 0
7714.240000 0.146208 0
7717.600000 0.145681 0
7720.960000 0.128235 0
7724.320000 0.142746 0
7727.680000 0.157662 0
7731.040000 0.138338 0
7734.400000 0.145434 0
7737.760000 0.127643 0
7741.120000 0.140244 0
7744.480000 0.180736 0
7747.840000 0.168918 0
7751.200000 0.134917 0
7754.560000 0.138194 0
7757.920000 0.165897 0
7761.280000 0.148162 0
7764.640000 0.147065 0
7768.000000 0.136243 0
7771.360000 0.141821 0
7774.720000 0.157296 0
7778.080000 0.128310 0
7781.440000 0.139055 0
7784.800000 0.151461 0
7788.160000 0.185924 0
7791.520000 0.162660 0
7794.880000 0.158228 0
7798.240000 0.136902 0
7801.600000 0.140677 0
7804.960000 0.154261 0
7808.320000 0.143107 0
7811.680000 0.149393 0
7815.040000 0.142117 0
7818.400000 0.147901 0
7821.760000 0.136941 0
7825.120000 0.166148 0
7828.480000 0.149135 0
7831.840000 0.143429 0
7835.200000 0.129354 0
7838.560000 0.180959 0
7841.920000 0.152408 0
7845.280000 0.161028 0
7848.640000 0.149487 0
7852.000000 0.192933 0
7855.360000 0.135823 0
7858.720000 0.115574 0
7862.080000 0.168169 0
7865.440000 0.180365 0
7868.800000 0.104101 0
7872.160000 0.125752 0
7875.520000 0.132460 0
7878.880000 0.160300 0
7882.240000 0.167633 0
7885.600000 0.164985 0
7888.960000 0.161390 0
7892.320000 0.155022 0
7895.680000 0.141842 0
7899.040000 0.125861 0
7902.400000 0.144360 0
7905.760000 0.185022 0
7909.120000 0.187931 0
7912.480000 0.187082 0
7915.840000 0.081470 0
7919.200000 0.145351 0
7922.560000 0.225228 0
7925.920000 0.169636 0
7929.280000 0.135231 0
7932.640000 0.154290 0
7936.000000 0.158475 0
7939.360000 0.160635 0
7942.720000 0.153173 0
7946.080000 0.139625 0
7949.440000 0.121321 0
7952.800000 0.134845 0
7956.160000 0.178838 0
7959.520000 0.152950 0
7962.880000 0.123751 0
7966.240000 0.141320 0
7969.600000 0.159457 0
7972.960000 0.160023 0
7976.320000 0.150303 0
7979.680000 0.153278 0
7983.040000 0.135699 0
7986.400000 0.154631 0
7989.760000 0.130899 0
7993.120000 0.114966 0
7996.480000 0.134258 0
7999.840000 0.138896 0
8003.200000 0.148399 0
8006.560000 0.158249 0
8009.920000 0.146811 0
8013.280000 0.139694 0
8016.640000 0.132156 0
8020.000000 0.108542 0
8023.360000 0.133910 0
8026.720000 0.125357 0
8030.080000 0.118699 0
8033.440000 0.151513 0
8036.800000 0.132049 0
8040.160000 0.136721 0
8043.520000 0.148316 0
8046.880000 0.135198 0
8050.240000 0.134421 0
8053.600000 0.142772 0
8056.960000 0.121002 0
8060.320000 0.132001 0
8063.680000 0.138822 0
8067.040000 0.152831 0
8070.400000 0.127533 0
8073.760000 0.149720 0
8077.120000 0.154925 0
8080.480000 0.135859 0
8083.840000 0.137257 0
8087.200000 0.120897 0
8090.560000 0.153096 0
8093.920000 0.151711 0
8097.280000 0.116443 0
8100.640000 0.124528 0
8104.000000 0.142208 0
8107.360000 0.155265 0
8110.720000 0.141055 0
8114.080000 0.160663 0
8117.440000 0.123407 0
8120.800000 0.131378 0
8124.160000 0.144929 0
8127.520000 0.115277 0
8130.880000 0.153646 0
8134.240000 0.140169 0
8137.600000 0.138503 0
8140.960000 0.160950 0
8144.320000 0.129954 0
8147.680000 0.147868 0
8151.040000 0.173775 0
8154.400000 0.176326 0
8157.760000 0.181000 0
8161.120000 0.163468 0
8164.480000 0.144115 0
8167.840000 0.142629 0
8171.200000 0.170568 0
8174.560000 0.162165 0
8177.920000 0.118430 0
8181.280000 0.137939 0
8184.640000 0.157843 0
8188.000000 0.146006 0
8191.360000 0.126786 0
8194.720000 0.112868 0
8198.080000 0.126340 0
8201.440000 0.140269 0
8204.800000 0.134722 0
8208.160000 0.140979 0
8211.520000 0.137984 0
8214.880000 0.143897 0
8218.240000 0.141440 0
8221.600000 0.138294 0
8224.960000 0.153178 0
8228.320000 0.155684 0
8231.680000 0.144062 0
8235.040000 0.148841 0
8238.400000 0.159211 0
8241.760000 0.137967 0
8245.120000 0.138556 0
8248.480000 0.141206 0
8251.840000 0.154184 0
8255.200000 0.171831 0
8258.560000 0.159852 0
8261.920000 0.153809 0
8265.280000 0.140118 0
8268.640000 0.171971 0
8272.000000 0.136005 0
8275.360000 0.152546 0
8278.720000 0.108883 0
8282.080000 0.099837 0
8285.440000 0.107649 0
8288.800000 0.125825 0
8292.160000 0.124859 0
8295.520000 0.123272 0
8298.880000 0.131941 0
8302.240000 0.092365 0
8305.600000 0.180072 0
8308.960000 0.154116 0
8312.320000 0.147666 0
8315.680000 0.119397 0
8319.040000 0.117230 0
8322.400000 0.132559 0
8325.760000 0.149361 0
8329.120000 0.136420 0
8332.480000 0.134960 0
8335.840000 0.159898 0
8339.200000 0.155693 0
8342.560000 0.096649 0
8345.920000 0.109894 0
8349.280000 0.134787 0
8352.640000 0.120809 0
8356.000000 0.149050 0
8359.360000 0.144156 0
8362.720000 0.126733 0
8366.080000 0.145511 0
8369.440000 0.162413 0
8372.800000 0.173595 0
8376.160000 0.181945 0
8379.520000 0.132955 0
8382.880000 0.128060 0
8386.240000 0.153192 0
8389.600000 0.167008 0
8392.960000 0.163157 0
8396.320000 0.139004 0
8399.680000 0.188654 0
8403.040000 0.170168 0
8406.400000 0.143052 0
8409.760000 0.131178 0
8413.120000 0.147242 0
8416.480000 0.114808 0
8419.840000 0.124657 0
8423.200000 0.106635 0
8426.560000 0.155460 0
8429.920000 0.191619 0
8433.280000 0.165021 0
8436.640000 0.147043 0
8440.000000 0.119497 0
8443.360000 0.134054 0
8446.720000 0.157083 0
8450.080000 0.142443 0
8453.440000 0.163507 0
8456.800000 0.130941 0
8460.160000 0.139197 0
8463.520000 0.175086 0
8466.880000 0.210239 0
8470.240000 0.186608 0
8473.600000 0.190901 0
8476.960000 0.228065 0
8480.320000 0.212980 0
8483.680000 0.183474 0
8487.040000 0.323479 0
8490.400000 0.716936 0
8493.760000 1.237045 0
8497.120000 1.709549 0
8500.480000 1.135008 0
8503.840000 0.391889 0
8507.200000 0.150696 0
8510.560000 0.134886 0
8513.920000 0.193919 0
8517.280000 0.252459 0
8520.640000 0.374188 0
8524.000000 0.430734 0
8527.360000 0.322491 0
8530.720000 0.213349 0
8534.080000 0.143514 0
8537.440000 0.123476 0
8540.800000 0.133949 0
8544.160000 0.165927 0
8547.520000 0.157440 0
8550.880000 0.128100 0
8554.240000 0.114532 0
8557.600000 0.137156 0
8560.960000 0.134778 0
8564.320000 0.130018 0
8567.680000 0.129372 0
8571.040000 0.131062 0
8574.400000 0.145599 0
8577.760000 0.143111 0
8581.120000 0.137499 0
8584.480000 0.129499 0
8587.840000 0.131413 0
8591.200000 0.133319 0
8594.560000 0.159898 0
8597.920000 0.158333 0
8601.280000 0.135502 0
8604.640000 0.133606 0
8608.000000 0.129445 0
8611.360000 0.127044 0
8614.720000 0.134526 0
8618.080000 0.142515 0
8621.440000 0.135273 0
8624.800000 0.128142 0
8628.160000 0.124875 0
8631.520000 0.108605 0
8634.880000 0.126751 0
8638.240000 0.193849 0
8641.600000 0.122343 0
8644.960000 0.172887 0
8648.320000 0.188051 0
8651.680000 0.169560 0
8655.040000 0.161107 0
8658.400000 0.145979 0
8661.760000 0.112958 0
8665.120000 0.131288 0
8668.480000 0.133926 0
8671.840000 0.144284 0
8675.200000 0.125829 0
8678.560000 0.111125 0
8681.920000 0.151813 0
8685.280000 0.162755 0
8688.640000 0.223813 0
8692.000000 0.264959 0
8695.360000 0.339057 0
8698.720000 0.288119 0
8702.080000 0.179872 0
8705.440000 0.174886 0
8708.800000 0.205038 0
8712.160000 0.290712 0
8715.520000 0.315075 0
8718.880000 0.214768 0
8722.240000 0.144460 0
8725.600000 0.152867 0
8728.960000 0.143794 0
8732.320000 0.131354 0
8735.680000 0.140087 0
8739.040000 0.135005 0
8742.400000 0.125099 0
8745.760000 0.132069 0
8749.120000 0.141235 0
8752.480000 0.089007 0
8755.840000 0.145536 0
8759.200000 0.155644 0
8762.560000 0.116792 0
8765.920000 0.100085 0
8769.280000 0.122582 0
8772.640000 0.119379 0
8776.000000 0.130189 0
8779.360000 0.149997 0
8782.720000 0.114986 0
8786.080000 0.129799 0
8789.440000 0.172574 0
8792.800000 0.154819 0
8796.160000 0.155606 0
8799.520000 0.123905 0
8802.880000 0.140637 0
8806.240000 0.137902 0
8809.600000 0.134618 0
8812.960000 0.131538 0
8816.320000 0.119285 0
8819.680000 0.075975 0
8823.040000 0.154193 0
8826.400000 0.121972 0
8829.760000 0.134099 0
8833.120000 0.104486 0
8836.480000 0.178084 0
8839.840000 0.180843 0
8843.200000 0.131611 0
8846.560000 0.125397 0
8849.920000 0.118816 0
8853.280000 0.127544 0
8856.640000 0.126197 0
8860.000000 0.125497 0
8863.360000 0.152465 0
8866.720000 0.119002 0
8870.080000 0.115978 0
8873.440000 0.118969 0
8876.800000 0.175572 0
8880.160000 0.094109 0
8883.520000 0.112361 0
8886.880000 0.133476 0
8890.240000 0.168079 0
8893.600000 0.124892 0
8896.960000 0.122058 0
8900.320000 0.092093 0
8903.680000 0.139624 0
8907.040000 0.180372 0
8910.400000 0.145078 0
8913.760000 0.111964 0
8917.120000 0.188976 0
8920.480000 0.075133 0
8923.840000 0.153358 0
8927.200000 0.183180 0
8930.560000 0.153249 0
8933.920000 0.135161 0
8937.280000 0.126753 0
8940.640000 0.174849 0
8944.000000 0.174126 0
8947.360000 0.178858 0
8950.720000 0.198594 0
8954.080000 0.160538 0
8957.440000 0.147152 0
8960.800000 0.186174 0
8964.160000 0.134371 0
8967.520000 0.136148 0
8970.880000 0.146027 0
8974.240000 0.147668 0
8977.600000 0.116228 0
8980.960000 0.132980 0
8984.320000 0.147338 0
8987.680000 0.099338 0
8991.040000 0.098945 0
8994.400000 0.163234 0
8997.760000 0.155818 0
9001.120000 0.041010 0
9004.480000 0.017064 0
9007.840000 0.151643 0
9011.200000 0.125927 0
9014.560000 0.118861 0
9017.920000 0.119588 0
9021.280000 0.123175 0
9024.640000 0.140293 0
9028.000000 0.141025 0
9031.360000 0.123843 0
9034.720000 0.104420 0
9038.080000 0.144599 0
9041.440000 0.166701 0
9044.800000 0.133338 0
9048.160000 0.179648 0
9051.520000 0.144917 0
9054.880000 0.125792 0
9058.240000 0.147357 0
9061.600000 0.122451 0
9064.960000 0.121807 0
9068.320000 0.124398 0
9071.680000 0.155447 0
9075.040000 0.124204 0
9078.400000 0.113298 0
9081.760000 0.117974 0
9085.120000 0.135230 0
9088.480000 0.128926 0
9091.840000 0.159178 0
9095.200000 0.158489 0
9098.560000 0.135184 0
9101.920000 0.114347 0
9105.280000 0.117512 0
9108.640000 0.119881 0
9112.000000 0.128801 0
9115.360000 0.129209 0
9118.720000 0.122981 0
9122.080000 0.141475 0
9125.440000 0.148413 0
9128.800000 0.105364 0
9132.160000 0.114087 0
9135.520000 0.135411 0
9138.880000 0.125635 0
9142.240000 0.125754 0
9145.600000 0.138889 0
9148.960000 0.146509 0
9152.320000 0.123045 0
9155.680000 0.134738 0
9159.040000 0.121745 0
9162.400000 0.146883 0
9165.760000 0.120954 0
9169.120000 0.116198 0
9172.480000 0.120031 0
9175.840000 0.121954 0
9179.200000 0.112376 0
9182.560000 0.138350 0
9185.920000 0.113011 0
9189.280000 0.135116 0
9192.640000 0.115679 0
9196.000000 0.144284 0
9199.360000 0.130986 0
9202.720000 0.137591 0
9206.080000 0.113428 0
9209.440000 0.154838 0
9212.800000 0.129036 0
9216.160000 0.121815 0
9219.520000 0.141045 0
9222.880000 0.135246 0
9226.240000 0.178661 0
9229.600000 0.163967 0
9232.960000 0.131257 0
9236.320000 0.120509 0
9239.680000 0.145967 0
9243.040000 0.136949 0
9246.400000 0.119830 0
9249.760000 0.144469 0
