# obs: 255706
# slit: 24
# z: 0.59650
# lines: [OII],H9,H8,K,H,H{delta},G
# spec: 575
4451.680000 0.000000 1
4455.040000 0.000000 1
4458.400000 0.000000 1
4461.760000 0.000000 1
4465.120000 0.000000 1
4468.479999 0.000000 1
4471.839999 0.000000 1
4475.199999 0.000000 1
4478.559999 0.000000 1
4481.919999 0.000000 1
4485.279999 0.000000 1
4488.639999 0.000000 1
4491.999999 0.000000 1
4495.359999 0.000000 1
4498.719999 0.000000 1
4502.079998 0.000000 1
4505.439998 0.000000 1
4508.799998 0.000000 1
4512.159998 0.000000 1
4515.519998 0.000000 1
4518.879998 0.000000 1
4522.239998 0.000000 1
4525.599998 0.000000 1
4528.959998 0.075216 0
4532.319997 0.066894 0
4535.679997 0.052973 0
4539.039997 0.059051 0
4542.399997 0.049990 0
4545.759997 0.062101 0
4549.119997 0.053803 0
4552.479997 0.057253 0
4555.839997 0.035224 0
4559.199997 0.065297 0
4562.559997 0.068812 0
4565.919996 0.034968 0
4569.279996 0.088563 0
4572.639996 0.078216 0
4575.999996 0.053635 0
4579.359996 0.074207 0
4582.719996 0.083834 0
4586.079996 0.051720 0
4589.439996 0.077658 0
4592.799996 0.081032 0
4596.159995 0.084395 0
4599.519995 0.044909 0
4602.879995 0.070391 0
4606.239995 0.065277 0
4609.599995 0.043718 0
4612.959995 0.061082 0
4616.319995 0.070973 0
4619.679995 0.063482 0
4623.039995 0.061974 0
4626.399995 0.064718 0
4629.759994 0.065842 0
4633.119994 0.085714 0
4636.479994 0.081185 0
4639.839994 0.085836 0
4643.199994 0.076748 0
4646.559994 0.076438 0
4649.919994 0.082325 0
4653.279994 0.073245 0
4656.639994 0.090803 0
4659.999993 0.083157 0
4663.359993 0.089102 0
4666.719993 0.084701 0
4670.079993 0.077770 0
4673.439993 0.076999 0
4676.799993 0.067323 0
4680.159993 0.101452 0
4683.519993 0.085232 0
4686.879993 0.057207 0
4690.239993 0.068105 0
4693.599992 0.081745 0
4696.959992 0.060510 0
4700.319992 0.063943 0
4703.679992 0.044278 0
4707.039992 0.056825 0
4710.399992 0.075711 0
4713.759992 0.078876 0
4717.119992 0.057072 0
4720.479992 0.078110 0
4723.839992 0.075597 0
4727.199991 0.088474 0
4730.559991 0.087463 0
4733.919991 0.066174 0
4737.279991 0.089683 0
4740.639991 0.056525 0
4743.999991 0.061601 0
4747.359991 0.058562 0
4750.719991 0.067061 0
4754.079991 0.083344 0
4757.439990 0.072720 0
4760.799990 0.071856 0
4764.159990 0.069620 0
4767.519990 0.081305 0
4770.879990 0.082847 0
4774.239990 0.093741 0
4777.599990 0.072831 0
4780.959990 0.065911 0
4784.319990 0.085949 0
4787.679990 0.081896 0
4791.039989 0.079366 0
4794.399989 0.083660 0
4797.759989 0.059661 0
4801.119989 0.057611 0
4804.479989 0.071898 0
4807.839989 0.085703 0
4811.199989 0.071725 0
4814.559989 0.088986 0
4817.919989 0.093174 0
4821.279988 0.095984 0
4824.639988 0.071707 0
4827.999988 0.073980 0
4831.359988 0.092209 0
4834.719988 0.079696 0
4838.079988 0.071335 0
4841.439988 0.098090 0
4844.799988 0.088279 0
4848.159988 0.103709 0
4851.519988 0.063562 0
4854.879987 0.062672 0
4858.239987 0.082325 0
4861.599987 0.086345 0
4864.959987 0.072296 0
4868.319987 0.084694 0
4871.679987 0.091427 0
4875.039987 0.068176 0
4878.399987 0.066774 0
4881.759987 0.078372 0
4885.119986 0.078628 0
4888.479986 0.066832 0
4891.839986 0.077524 0
4895.199986 0.080095 0
4898.559986 0.086670 0
4901.919986 0.081672 0
4905.279986 0.069171 0
4908.639986 0.074512 0
4911.999986 0.084320 0
4915.359986 0.083976 0
4918.719985 0.079948 0
4922.079985 0.094804 0
4925.439985 0.085463 0
4928.799985 0.066762 0
4932.159985 0.092947 0
4935.519985 0.057964 0
4938.879985 0.061847 0
4942.239985 0.071993 0
4945.599985 0.076762 0
4948.959984 0.078806 0
4952.319984 0.084072 0
4955.679984 0.076561 0
4959.039984 0.075137 0
4962.399984 0.096034 0
4965.759984 0.077482 0
4969.119984 0.097910 0
4972.479984 0.074122 0
4975.839984 0.074209 0
4979.199984 0.087612 0
4982.559983 0.083686 0
4985.919983 0.065554 0
4989.279983 0.090856 0
4992.639983 0.073408 0
4995.999983 0.074522 0
4999.359983 0.088992 0
5002.719983 0.096950 0
5006.079983 0.094539 0
5009.439983 0.101488 0
5012.799982 0.107683 0
5016.159982 0.105500 0
5019.519982 0.093146 0
5022.879982 0.093729 0
5026.239982 0.076491 0
5029.599982 0.087037 0
5032.959982 0.089984 0
5036.319982 0.092622 0
5039.679982 0.094922 0
5043.039982 0.064308 0
5046.399981 0.073207 0
5049.759981 0.077906 0
5053.119981 0.097177 0
5056.479981 0.094846 0
5059.839981 0.094438 0
5063.199981 0.084409 0
5066.559981 0.103791 0
5069.919981 0.100793 0
5073.279981 0.080804 0
5076.639980 0.083677 0
5079.999980 0.064968 0
5083.359980 0.083067 0
5086.719980 0.078334 0
5090.079980 0.087401 0
5093.439980 0.093020 0
5096.799980 0.097005 0
5100.159980 0.098362 0
5103.519980 0.076704 0
5106.879980 0.077186 0
5110.239979 0.092742 0
5113.599979 0.109679 0
5116.959979 0.110944 0
5120.319979 0.102140 0
5123.679979 0.097639 0
5127.039979 0.098562 0
5130.399979 0.078076 0
5133.759979 0.073742 0
5137.119979 0.082861 0
5140.479978 0.077899 0
5143.839978 0.105457 0
5147.199978 0.098664 0
5150.559978 0.102907 0
5153.919978 0.075795 0
5157.279978 0.068630 0
5160.639978 0.082786 0
5163.999978 0.077430 0
5167.359978 0.076052 0
5170.719978 0.080991 0
5174.079977 0.088808 0
5177.439977 0.089873 0
5180.799977 0.085604 0
5184.159977 0.090306 0
5187.519977 0.071365 0
5190.879977 0.090139 0
5194.239977 0.092396 0
5197.599977 0.102072 0
5200.959977 0.108676 0
5204.319977 0.115905 0
5207.679976 0.084780 0
5211.039976 0.096445 0
5214.399976 0.100246 0
5217.759976 0.088067 0
5221.119976 0.107344 0
5224.479976 0.098450 0
5227.839976 0.092398 0
5231.199976 0.103022 0
5234.559976 0.101896 0
5237.919975 0.080445 0
5241.279975 0.084739 0
5244.639975 0.094982 0
5247.999975 0.081055 0
5251.359975 0.103690 0
5254.719975 0.105687 0
5258.079975 0.115821 0
5261.439975 0.127127 0
5264.799975 0.124345 0
5268.159975 0.111151 0
5271.519974 0.103139 0
5274.879974 0.095255 0
5278.239974 0.108077 0
5281.599974 0.117459 0
5284.959974 0.116144 0
5288.319974 0.110905 0
5291.679974 0.082991 0
5295.039974 0.077523 0
5298.399974 0.094762 0
5301.759973 0.100694 0
5305.119973 0.096451 0
5308.479973 0.084819 0
5311.839973 0.107450 0
5315.199973 0.094130 0
5318.559973 0.098066 0
5321.919973 0.102317 0
5325.279973 0.095580 0
5328.639973 0.103488 0
5331.999973 0.075079 0
5335.359972 0.102726 0
5338.719972 0.098292 0
5342.079972 0.119234 0
5345.439972 0.093753 0
5348.799972 0.088447 0
5352.159972 0.092007 0
5355.519972 0.107042 0
5358.879972 0.113801 0
5362.239972 0.095476 0
5365.599971 0.081630 0
5368.959971 0.098860 0
5372.319971 0.099884 0
5375.679971 0.089879 0
5379.039971 0.095381 0
5382.399971 0.090424 0
5385.759971 0.099537 0
5389.119971 0.109936 0
5392.479971 0.101771 0
5395.839971 0.113146 0
5399.199970 0.091927 0
5402.559970 0.083538 0
5405.919970 0.107365 0
5409.279970 0.107068 0
5412.639970 0.089382 0
5415.999970 0.082412 0
5419.359970 0.109000 0
5422.719970 0.091221 0
5426.079970 0.102439 0
5429.439969 0.094132 0
5432.799969 0.112003 0
5436.159969 0.117050 0
5439.519969 0.105431 0
5442.879969 0.102891 0
5446.239969 0.087285 0
5449.599969 0.109928 0
5452.959969 0.114853 0
5456.319969 0.108968 0
5459.679969 0.105105 0
5463.039968 0.100322 0
5466.399968 0.115293 0
5469.759968 0.109732 0
5473.119968 0.099948 0
5476.479968 0.114637 0
5479.839968 0.102652 0
5483.199968 0.099081 0
5486.559968 0.107117 0
5489.919968 0.102097 0
5493.279967 0.114566 0
5496.639967 0.073968 0
5499.999967 0.105157 0
5503.359967 0.102980 0
5506.719967 0.106717 0
5510.079967 0.106035 0
5513.439967 0.122549 0
5516.799967 0.092251 0
5520.159967 0.110774 0
5523.519967 0.099237 0
5526.879966 0.095007 0
5530.239966 0.100916 0
5533.599966 0.094355 0
5536.959966 0.097666 0
5540.319966 0.104632 0
5543.679966 0.106046 0
5547.039966 0.090002 0
5550.399966 0.081902 0
5553.759966 0.070720 0
5557.119965 0.121897 0
5560.479965 0.111916 0
5563.839965 0.090969 0
5567.199965 0.092758 0
5570.559965 0.095098 1
5573.919965 0.171023 1
5577.279965 0.120014 1
5580.639965 0.138473 1
5583.999965 0.133109 1
5587.359965 0.099174 0
5590.719964 0.089091 0
5594.079964 0.115561 0
5597.439964 0.124526 0
5600.799964 0.134302 0
5604.159964 0.108950 0
5607.519964 0.099012 0
5610.879964 0.117314 0
5614.239964 0.091975 0
5617.599964 0.112481 0
5620.959963 0.108315 0
5624.319963 0.094291 0
5627.679963 0.088107 0
5631.039963 0.088869 0
5634.399963 0.124679 0
5637.759963 0.106959 0
5641.119963 0.105571 0
5644.479963 0.134577 0
5647.839963 0.106487 0
5651.199963 0.108974 0
5654.559962 0.117210 0
5657.919962 0.110631 0
5661.279962 0.114028 0
5664.639962 0.116831 0
5667.999962 0.128890 0
5671.359962 0.120105 0
5674.719962 0.120144 0
5678.079962 0.098197 0
5681.439962 0.120343 0
5684.799962 0.109876 0
5688.159961 0.121171 0
5691.519961 0.102002 0
5694.879961 0.105837 0
5698.239961 0.118498 0
5701.599961 0.093854 0
5704.959961 0.073157 0
5708.319961 0.109850 0
5711.679961 0.084991 0
5715.039961 0.106501 0
5718.399960 0.099784 0
5721.759960 0.101724 0
5725.119960 0.099293 0
5728.479960 0.105390 0
5731.839960 0.091453 0
5735.199960 0.088070 0
5738.559960 0.118104 0
5741.919960 0.111195 0
5745.279960 0.115637 0
5748.639960 0.105651 0
5751.999959 0.096346 0
5755.359959 0.116105 0
5758.719959 0.096032 0
5762.079959 0.098432 0
5765.439959 0.140325 0
5768.799959 0.134848 0
5772.159959 0.136478 0
5775.519959 0.105298 0
5778.879959 0.092749 0
5782.239958 0.091167 0
5785.599958 0.108220 0
5788.959958 0.129955 0
5792.319958 0.114693 0
5795.679958 0.121786 0
5799.039958 0.115548 0
5802.399958 0.109623 0
5805.759958 0.120980 0
5809.119958 0.104913 0
5812.479958 0.112365 0
5815.839957 0.116779 0
5819.199957 0.111452 0
5822.559957 0.122828 0
5825.919957 0.107198 0
5829.279957 0.115047 0
5832.639957 0.121703 0
5835.999957 0.120973 0
5839.359957 0.134676 0
5842.719957 0.113378 0
5846.079956 0.119843 0
5849.439956 0.117582 0
5852.799956 0.101059 0
5856.159956 0.092694 0
5859.519956 0.092093 0
5862.879956 0.106851 0
5866.239956 0.132617 0
5869.599956 0.136554 0
5872.959956 0.105369 0
5876.319956 0.124637 0
5879.679955 0.118324 0
5883.039955 0.118035 0
5886.399955 0.113677 0
5889.759955 0.111312 0
5893.119955 0.126916 0
5896.479955 0.110281 0
5899.839955 0.127493 0
5903.199955 0.118778 0
5906.559955 0.123139 0
5909.919954 0.136231 0
5913.279954 0.109297 0
5916.639954 0.113103 0
5919.999954 0.146321 0
5923.359954 0.110421 0
5926.719954 0.124852 0
5930.079954 0.123786 0
5933.439954 0.128424 0
5936.799954 0.115976 0
5940.159954 0.131745 0
5943.519953 0.136190 0
5946.879953 0.207720 0
5950.239953 0.282311 0
5953.599953 0.316897 0
5956.959953 0.233694 0
5960.319953 0.159802 0
5963.679953 0.116043 0
5967.039953 0.103141 0
5970.399953 0.120879 0
5973.759952 0.111656 0
5977.119952 0.115620 0
5980.479952 0.131052 0
5983.839952 0.106176 0
5987.199952 0.097387 0
5990.559952 0.124728 0
5993.919952 0.122413 0
5997.279952 0.127654 0
6000.639952 0.141362 0
6003.999952 0.141591 0
6007.359951 0.134156 0
6010.719951 0.128971 0
6014.079951 0.136087 0
6017.439951 0.136951 0
6020.799951 0.145355 0
6024.159951 0.136270 0
6027.519951 0.127233 0
6030.879951 0.147559 0
6034.239951 0.174454 0
6037.599950 0.177659 0
6040.959950 0.159944 0
6044.319950 0.159635 0
6047.679950 0.131598 0
6051.039950 0.154929 0
6054.399950 0.144820 0
6057.759950 0.118183 0
6061.119950 0.124484 0
6064.479950 0.116652 0
6067.839950 0.096177 0
6071.199949 0.131370 0
6074.559949 0.142848 0
6077.919949 0.142889 0
6081.279949 0.162147 0
6084.639949 0.163102 0
6087.999949 0.146868 0
6091.359949 0.165727 0
6094.719949 0.158897 0
6098.079949 0.130216 0
6101.439948 0.129443 0
6104.799948 0.127860 0
6108.159948 0.122372 0
6111.519948 0.140270 0
6114.879948 0.138313 0
6118.239948 0.102235 0
6121.599948 0.112578 0
6124.959948 0.087365 0
6128.319948 0.079450 0
6131.679948 0.136975 0
6135.039947 0.134963 0
6138.399947 0.134155 0
6141.759947 0.169504 0
6145.119947 0.162514 0
6148.479947 0.166190 0
6151.839947 0.162856 0
6155.199947 0.158611 0
6158.559947 0.166655 0
6161.919947 0.161292 0
6165.279947 0.155177 0
6168.639946 0.149339 0
6171.999946 0.163184 0
6175.359946 0.171652 0
6178.719946 0.176148 0
6182.079946 0.162698 0
6185.439946 0.151523 0
6188.799946 0.161038 0
6192.159946 0.158103 0
6195.519946 0.138472 0
6198.879945 0.131943 0
6202.239945 0.122615 0
6205.599945 0.134053 0
6208.959945 0.139120 0
6212.319945 0.123344 0
6215.679945 0.112607 0
6219.039945 0.129642 0
6222.399945 0.153900 0
6225.759945 0.160276 0
6229.119945 0.158602 0
6232.479944 0.121819 0
6235.839944 0.164269 0
6239.199944 0.177752 0
6242.559944 0.170484 0
6245.919944 0.168722 0
6249.279944 0.179510 0
6252.639944 0.157162 0
6255.999944 0.203480 0
6259.359944 0.178232 0
6262.719943 0.177374 0
6266.079943 0.173711 0
6269.439943 0.157355 0
6272.799943 0.124109 0
6276.159943 0.117946 0
6279.519943 0.077600 0
6282.879943 0.102158 0
6286.239943 0.113028 0
6289.599943 0.121201 0
6292.959943 0.120054 0
6296.319942 0.141348 0
6299.679942 0.155565 0
6303.039942 0.143532 0
6306.399942 0.161303 0
6309.759942 0.170828 0
6313.119942 0.181842 0
6316.479942 0.165093 0
6319.839942 0.158892 0
6323.199942 0.154562 0
6326.559941 0.127080 0
6329.919941 0.111890 0
6333.279941 0.106507 0
6336.639941 0.073891 0
6339.999941 0.082097 0
6343.359941 0.100412 0
6346.719941 0.110518 0
6350.079941 0.147956 0
6353.439941 0.164790 0
6356.799941 0.175470 0
6360.159940 0.181524 0
6363.519940 0.192996 0
6366.879940 0.189807 0
6370.239940 0.177711 0
6373.599940 0.162270 0
6376.959940 0.178535 0
6380.319940 0.191748 0
6383.679940 0.192247 0
6387.039940 0.181741 0
6390.399939 0.185431 0
6393.759939 0.203252 0
6397.119939 0.204877 0
6400.479939 0.177022 0
6403.839939 0.202713 0
6407.199939 0.195954 0
6410.559939 0.188837 0
6413.919939 0.207914 0
6417.279939 0.198670 0
6420.639939 0.186605 0
6423.999938 0.205613 0
6427.359938 0.195607 0
6430.719938 0.182362 0
6434.079938 0.177839 0
6437.439938 0.170191 0
6440.799938 0.163362 0
6444.159938 0.191240 0
6447.519938 0.196487 0
6450.879938 0.198512 0
6454.239937 0.190565 0
6457.599937 0.194928 0
6460.959937 0.177508 0
6464.319937 0.177094 0
6467.679937 0.182253 0
6471.039937 0.193202 0
6474.399937 0.221285 0
6477.759937 0.193563 0
6481.119937 0.187572 0
6484.479937 0.184663 0
6487.839936 0.189636 0
6491.199936 0.200109 0
6494.559936 0.206772 0
6497.919936 0.185948 0
6501.279936 0.188035 0
6504.639936 0.204027 0
6507.999936 0.185067 0
6511.359936 0.164735 0
6514.719936 0.187097 0
6518.079935 0.153797 0
6521.439935 0.180343 0
6524.799935 0.174949 0
6528.159935 0.183478 0
6531.519935 0.182298 0
6534.879935 0.169378 0
6538.239935 0.166473 0
6541.599935 0.146614 0
6544.959935 0.165279 0
6548.319935 0.188053 0
6551.679934 0.135808 0
6555.039934 0.163157 0
6558.399934 0.150581 0
6561.759934 0.168897 0
6565.119934 0.172975 0
6568.479934 0.160974 0
6571.839934 0.171949 0
6575.199934 0.157108 0
6578.559934 0.192008 0
6581.919933 0.176464 0
6585.279933 0.178271 0
6588.639933 0.189328 0
6591.999933 0.185443 0
6595.359933 0.176197 0
6598.719933 0.169247 0
6602.079933 0.174849 0
6605.439933 0.196966 0
6608.799933 0.180593 0
6612.159933 0.170862 0
6615.519932 0.180034 0
6618.879932 0.188021 0
6622.239932 0.186101 0
6625.599932 0.179555 0
6628.959932 0.188256 0
6632.319932 0.187896 0
6635.679932 0.167892 0
6639.039932 0.181390 0
6642.399932 0.175718 0
6645.759932 0.199405 0
6649.119931 0.200095 0
6652.479931 0.187200 0
6655.839931 0.171400 0
6659.199931 0.198408 0
6662.559931 0.158688 0
6665.919931 0.163990 0
6669.279931 0.172347 0
6672.639931 0.159306 0
6675.999931 0.155920 0
6679.359930 0.169313 0
6682.719930 0.153133 0
6686.079930 0.165662 0
6689.439930 0.173170 0
6692.799930 0.189948 0
6696.159930 0.204433 0
6699.519930 0.185372 0
6702.879930 0.170565 0
6706.239930 0.191308 0
6709.599930 0.178839 0
6712.959929 0.173543 0
6716.319929 0.183163 0
6719.679929 0.189363 0
6723.039929 0.183553 0
6726.399929 0.193172 0
6729.759929 0.193468 0
6733.119929 0.179978 0
6736.479929 0.179581 0
6739.839929 0.177689 0
6743.199928 0.182405 0
6746.559928 0.190752 0
6749.919928 0.159865 0
6753.279928 0.155374 0
6756.639928 0.165453 0
6759.999928 0.168314 0
6763.359928 0.169933 0
6766.719928 0.164692 0
6770.079928 0.186057 0
6773.439928 0.200189 0
6776.799927 0.196866 0
6780.159927 0.180600 0
6783.519927 0.182332 0
6786.879927 0.174957 0
6790.239927 0.185605 0
6793.599927 0.194989 0
6796.959927 0.187111 0
6800.319927 0.154980 0
6803.679927 0.157500 0
6807.039926 0.180710 0
6810.399926 0.182921 0
6813.759926 0.178519 0
6817.119926 0.170323 0
6820.479926 0.181569 0
6823.839926 0.173793 0
6827.199926 0.194554 0
6830.559926 0.180205 0
6833.919926 0.191399 0
6837.279926 0.181202 0
6840.639925 0.167946 0
6843.999925 0.169338 0
6847.359925 0.170720 0
6850.719925 0.168906 0
6854.079925 0.163094 0
6857.439925 0.180568 0
6860.799925 0.158247 0
6864.159925 0.132673 0
6867.519925 0.093701 0
6870.879924 0.102579 0
6874.239924 0.118194 0
6877.599924 0.139530 0
6880.959924 0.158601 0
6884.319924 0.153064 0
6887.679924 0.147705 0
6891.039924 0.154629 0
6894.399924 0.163690 0
6897.759924 0.174083 0
6901.119924 0.166283 0
6904.479923 0.144130 0
6907.839923 0.144760 0
6911.199923 0.142654 0
6914.559923 0.176582 0
6917.919923 0.177663 0
6921.279923 0.162936 0
6924.639923 0.177211 0
6927.999923 0.193919 0
6931.359923 0.184705 0
6934.719922 0.154207 0
6938.079922 0.170910 0
6941.439922 0.150413 0
6944.799922 0.189872 0
6948.159922 0.181582 0
6951.519922 0.152566 0
6954.879922 0.163910 0
6958.239922 0.164860 0
6961.599922 0.177108 0
6964.959922 0.196586 0
6968.319921 0.171084 0
6971.679921 0.170046 0
6975.039921 0.183027 0
6978.399921 0.183273 0
6981.759921 0.180385 0
6985.119921 0.156181 0
6988.479921 0.170165 0
6991.839921 0.159145 0
6995.199921 0.174817 0
6998.559920 0.165616 0
7001.919920 0.138141 0
7005.279920 0.160559 0
7008.639920 0.161029 0
7011.999920 0.176074 0
7015.359920 0.160759 0
7018.719920 0.152957 0
7022.079920 0.167387 0
7025.439920 0.160641 0
7028.799920 0.164334 0
7032.159919 0.171054 0
7035.519919 0.154043 0
7038.879919 0.167884 0
7042.239919 0.157443 0
7045.599919 0.182564 0
7048.959919 0.180058 0
7052.319919 0.171742 0
7055.679919 0.169662 0
7059.039919 0.171546 0
7062.399918 0.174127 0
7065.759918 0.177616 0
7069.119918 0.200605 0
7072.479918 0.182197 0
7075.839918 0.165439 0
7079.199918 0.170848 0
7082.559918 0.168895 0
7085.919918 0.179945 0
7089.279918 0.189971 0
7092.639918 0.194913 0
7095.999917 0.175229 0
7099.359917 0.166074 0
7102.719917 0.177596 0
7106.079917 0.175348 0
7109.439917 0.186561 0
7112.799917 0.179936 0
7116.159917 0.144681 0
7119.519917 0.151322 0
7122.879917 0.176492 0
7126.239916 0.173450 0
7129.599916 0.182679 0
7132.959916 0.182434 0
7136.319916 0.168102 0
7139.679916 0.180207 0
7143.039916 0.186972 0
7146.399916 0.196631 0
7149.759916 0.193857 0
7153.119916 0.189886 0
7156.479916 0.170317 0
7159.839915 0.175205 0
7163.199915 0.197707 0
7166.559915 0.173145 0
7169.919915 0.161848 0
7173.279915 0.168765 0
7176.639915 0.173949 0
7179.999915 0.147378 0
7183.359915 0.168152 0
7186.719915 0.186322 0
7190.079915 0.159613 0
7193.439914 0.177497 0
7196.799914 0.178208 0
7200.159914 0.169198 0
7203.519914 0.187223 0
7206.879914 0.167462 0
7210.239914 0.171190 0
7213.599914 0.185749 0
7216.959914 0.163108 0
7220.319914 0.172911 0
7223.679913 0.195382 0
7227.039913 0.183055 0
7230.399913 0.141982 0
7233.759913 0.148332 0
7237.119913 0.148667 0
7240.479913 0.140327 0
7243.839913 0.140994 0
7247.199913 0.225572 0
7250.559913 0.219321 0
7253.919913 0.173176 0
7257.279912 0.170249 0
7260.639912 0.178169 0
7263.999912 0.148181 0
7267.359912 0.162118 0
7270.719912 0.189098 0
7274.079912 0.130737 0
7277.439912 0.126623 0
7280.799912 0.165864 0
7284.159912 0.195484 0
7287.519911 0.221278 0
7290.879911 0.150191 0
7294.239911 0.180480 0
7297.599911 0.180882 0
7300.959911 0.168284 0
7304.319911 0.160730 0
7307.679911 0.150113 0
7311.039911 0.189731 0
7314.399911 0.188045 0
7317.759911 0.152255 0
7321.119910 0.211667 0
7324.479910 0.189880 0
7327.839910 0.181309 0
7331.199910 0.200539 0
7334.559910 0.148577 0
7337.919910 0.150686 0
7341.279910 0.173327 0
7344.639910 0.203457 0
7347.999910 0.167754 0
7351.359909 0.170632 0
7354.719909 0.185562 0
7358.079909 0.197804 0
7361.439909 0.183508 0
7364.799909 0.191869 0
7368.159909 0.185924 0
7371.519909 0.175615 0
7374.879909 0.171330 0
7378.239909 0.217689 0
7381.599909 0.199331 0
7384.959908 0.187705 0
7388.319908 0.189188 0
7391.679908 0.183471 0
7395.039908 0.161873 0
7398.399908 0.186727 0
7401.759908 0.179648 0
7405.119908 0.199525 0
7408.479908 0.162769 0
7411.839908 0.162020 0
7415.199907 0.192117 0
7418.559907 0.164460 0
7421.919907 0.176400 0
7425.279907 0.187515 0
7428.639907 0.161347 0
7431.999907 0.214031 0
7435.359907 0.160152 0
7438.719907 0.205845 0
7442.079907 0.193311 0
7445.439907 0.193717 0
7448.799906 0.166400 0
7452.159906 0.152642 0
7455.519906 0.161889 0
7458.879906 0.160742 0
7462.239906 0.139813 0
7465.599906 0.170392 0
7468.959906 0.197384 0
7472.319906 0.183502 0
7475.679906 0.153873 0
7479.039905 0.169576 0
7482.399905 0.192640 0
7485.759905 0.178719 0
7489.119905 0.166061 0
7492.479905 0.160256 0
7495.839905 0.180025 0
7499.199905 0.180619 0
7502.559905 0.149803 0
7505.919905 0.158773 0
7509.279905 0.154663 0
7512.639904 0.145165 0
7515.999904 0.153746 0
7519.359904 0.162393 0
7522.719904 0.162143 0
7526.079904 0.162152 0
7529.439904 0.148516 0
7532.799904 0.178838 0
7536.159904 0.157134 0
7539.519904 0.190047 0
7542.879903 0.176498 0
7546.239903 0.152667 0
7549.599903 0.154538 0
7552.959903 0.159103 0
7556.319903 0.147559 0
7559.679903 0.157955 0
7563.039903 0.156269 0
7566.399903 0.135043 0
7569.759903 0.170920 0
7573.119903 0.156373 0
7576.479902 0.160570 0
7579.839902 0.183457 0
7583.199902 0.185742 0
7586.559902 0.182701 0
7589.919902 0.165895 0
7593.279902 0.157567 0
7596.639902 0.160444 0
7599.999902 0.144342 0
7603.359902 0.133590 0
7606.719901 0.137611 0
7610.079901 0.170422 0
7613.439901 0.178348 0
7616.799901 0.183062 0
7620.159901 0.153947 0
7623.519901 0.190788 0
7626.879901 0.172821 0
7630.239901 0.107360 0
7633.599901 0.158676 0
7636.959901 0.206684 0
7640.319900 0.167640 0
7643.679900 0.182640 0
7647.039900 0.191875 0
7650.399900 0.170938 0
7653.759900 0.180417 0
7657.119900 0.187581 0
7660.479900 0.158270 0
7663.839900 0.175145 0
7667.199900 0.171042 0
7670.559900 0.155253 0
7673.919899 0.150329 0
7677.279899 0.129950 0
7680.639899 0.137157 0
7683.999899 0.167547 0
7687.359899 0.154410 0
7690.719899 0.141020 0
7694.079899 0.145974 0
7697.439899 0.156002 0
7700.799899 0.134816 0
7704.159898 0.120308 0
7707.519898 0.155863 0
7710.879898 0.185251 0
7714.239898 0.110644 0
7717.599898 0.115944 0
7720.959898 0.159165 0
7724.319898 0.147648 0
7727.679898 0.172801 0
7731.039898 0.172910 0
7734.399898 0.142233 0
7737.759897 0.124330 0
7741.119897 0.130163 0
7744.479897 0.118302 0
7747.839897 0.080053 0
7751.199897 0.007017 0
7754.559897 0.041117 0
7757.919897 0.243281 0
7761.279897 0.239168 0
7764.639897 0.154282 0
7767.999896 0.163348 0
7771.359896 0.133376 0
7774.719896 0.151991 0
7778.079896 0.115262 0
7781.439896 0.140303 0
7784.799896 0.125537 0
7788.159896 0.125844 0
7791.519896 0.172956 0
7794.879896 0.152866 0
7798.239896 0.187760 0
7801.599895 0.119565 0
7804.959895 0.113752 0
7808.319895 0.139791 0
7811.679895 0.113801 0
7815.039895 0.146886 0
7818.399895 0.128132 0
7821.759895 0.171302 0
7825.119895 0.157228 0
7828.479895 0.182941 0
7831.839894 0.145856 0
7835.199894 0.143013 0
7838.559894 0.159590 0
7841.919894 0.152313 0
7845.279894 0.155312 0
7848.639894 0.138864 0
7851.999894 0.116019 0
7855.359894 0.104317 0
7858.719894 0.156578 0
7862.079894 0.164945 0
7865.439893 0.135346 0
7868.799893 0.156324 0
7872.159893 0.159928 0
7875.519893 0.154722 0
7878.879893 0.132407 0
7882.239893 0.150381 0
7885.599893 0.129999 0
7888.959893 0.115310 0
7892.319893 0.143000 0
7895.679892 0.141134 0
7899.039892 0.178251 0
7902.399892 0.148297 0
7905.759892 0.135161 0
7909.119892 0.185931 0
7912.479892 0.163390 0
7915.839892 0.195802 0
7919.199892 0.113211 0
7922.559892 0.140220 0
7925.919892 0.176876 0
7929.279891 0.165170 0
7932.639891 0.099833 0
7935.999891 0.137807 0
7939.359891 0.146001 0
7942.719891 0.126315 0
7946.079891 0.125758 0
7949.439891 0.132316 0
7952.799891 0.139517 0
7956.159891 0.137689 0
7959.519890 0.162454 0
7962.879890 0.134848 0
7966.239890 0.161168 0
7969.599890 0.185619 0
7972.959890 0.175367 0
7976.319890 0.137536 0
7979.679890 0.149914 0
7983.039890 0.126649 0
7986.399890 0.135388 0
7989.759890 0.244872 0
7993.119889 0.236550 0
7996.479889 0.244551 0
7999.839889 0.202984 0
8003.199889 0.151990 0
8006.559889 0.143073 0
8009.919889 0.144632 0
8013.279889 0.160189 0
8016.639889 0.143232 0
8019.999889 0.160304 0
8023.359888 0.144501 0
8026.719888 0.133819 0
8030.079888 0.130372 0
8033.439888 0.123586 0
8036.799888 0.142720 0
8040.159888 0.135790 0
8043.519888 0.136319 0
8046.879888 0.106540 0
8050.239888 0.113857 0
8053.599888 0.121307 0
8056.959887 0.146911 0
8060.319887 0.116095 0
8063.679887 0.105539 0
8067.039887 0.149436 0
8070.399887 0.173563 0
8073.759887 0.133298 0
8077.119887 0.153886 0
8080.479887 0.150462 0
8083.839887 0.131095 0
8087.199886 0.153234 0
8090.559886 0.155993 0
8093.919886 0.173347 0
8097.279886 0.135999 0
8100.639886 0.151551 0
8103.999886 0.163801 0
8107.359886 0.133521 0
8110.719886 0.129335 0
8114.079886 0.130679 0
8117.439886 0.146164 0
8120.799885 0.139172 0
8124.159885 0.152372 0
8127.519885 0.117657 0
8130.879885 0.151279 0
8134.239885 0.131738 0
8137.599885 0.116438 0
8140.959885 0.148571 0
8144.319885 0.131135 0
8147.679885 0.112722 0
8151.039885 0.122410 0
8154.399884 0.138034 0
8157.759884 0.129575 0
8161.119884 0.109477 0
8164.479884 0.121435 0
8167.839884 0.134245 0
8171.199884 0.157032 0
8174.559884 0.143187 0
8177.919884 0.145167 0
8181.279884 0.132772 0
8184.639883 0.106983 0
8187.999883 0.125549 0
8191.359883 0.129997 0
8194.719883 0.147705 0
8198.079883 0.137614 0
8201.439883 0.130130 0
8204.799883 0.114643 0
8208.159883 0.125561 0
8211.519883 0.121112 0
8214.879883 0.142773 0
8218.239882 0.145714 0
8221.599882 0.106657 0
8224.959882 0.094333 0
8228.319882 0.122861 0
8231.679882 0.149085 0
8235.039882 0.129362 0
8238.399882 0.129761 0
8241.759882 0.117877 0
8245.119882 0.110943 0
8248.479881 0.099526 0
8251.839881 0.111637 0
8255.199881 0.125754 0
8258.559881 0.099163 0
8261.919881 0.094812 0
8265.279881 0.103921 0
8268.639881 0.110239 0
8271.999881 0.119196 0
8275.359881 0.114810 0
8278.719881 0.115599 0
8282.079880 0.146133 0
8285.439880 0.126857 0
8288.799880 0.057581 0
8292.159880 0.080051 0
8295.519880 0.111570 0
8298.879880 0.202987 0
8302.239880 0.140806 0
8305.599880 0.090304 0
8308.959880 0.116557 0
8312.319879 0.128006 0
8315.679879 0.127457 0
8319.039879 0.104371 0
8322.399879 0.130349 0
8325.759879 0.132691 0
8329.119879 0.127430 0
8332.479879 0.149549 0
8335.839879 0.188862 0
8339.199879 0.121151 0
8342.559879 0.118282 0
8345.919878 0.163292 0
8349.279878 0.021441 0
8352.639878 0.044711 0
8355.999878 0.151858 0
8359.359878 0.136950 0
8362.719878 0.124793 0
8366.079878 0.133519 0
8369.439878 0.116435 0
8372.799878 0.143867 0
8376.159877 0.158971 0
8379.519877 0.135382 0
8382.879877 0.119556 0
8386.239877 0.150963 0
8389.599877 0.146427 0
8392.959877 0.174537 0
8396.319877 0.071699 0
8399.679877 0.250670 0
8403.039877 0.132378 0
8406.399877 0.063948 0
8409.759876 0.114738 0
8413.119876 0.080256 0
8416.479876 0.084035 0
8419.839876 0.096257 0
8423.199876 0.138259 0
8426.559876 0.173557 0
8429.919876 0.110034 0
8433.279876 0.088350 0
8436.639876 0.015703 0
8439.999875 0.148962 0
8443.359875 0.151320 0
8446.719875 0.137612 0
8450.079875 0.202877 0
8453.439875 0.153310 0
8456.799875 0.128962 0
8460.159875 0.100133 0
8463.519875 0.107988 0
8466.879875 0.102119 0
8470.239875 0.043462 0
8473.599874 0.083992 0
8476.959874 0.098270 0
8480.319874 0.117610 0
8483.679874 0.143702 0
8487.039874 0.135358 0
8490.399874 0.135933 0
8493.759874 0.108321 0
8497.119874 0.114221 0
8500.479874 0.128469 0
8503.839873 0.147087 0
8507.199873 0.087667 0
8510.559873 0.105470 0
8513.919873 0.136945 0
8517.279873 0.155746 0
8520.639873 0.116645 0
8523.999873 0.112799 0
8527.359873 0.117399 0
8530.719873 0.135382 0
8534.079873 0.129563 0
8537.439872 0.107141 0
8540.799872 0.098787 0
8544.159872 0.134693 0
8547.519872 0.148177 0
8550.879872 0.127661 0
8554.239872 0.162701 0
8557.599872 0.132987 0
8560.959872 0.121739 0
8564.319872 0.128839 0
8567.679871 0.127951 0
8571.039871 0.134541 0
8574.399871 0.138505 0
8577.759871 0.129833 0
8581.119871 0.132294 0
8584.479871 0.111066 0
8587.839871 0.155235 0
8591.199871 0.159788 0
8594.559871 0.156039 0
8597.919871 0.114698 0
8601.279870 0.130061 0
8604.639870 0.136872 0
8607.999870 0.110847 0
8611.359870 0.110587 0
8614.719870 0.122667 0
8618.079870 0.124753 0
8621.439870 0.124497 0
8624.799870 0.137235 0
8628.159870 0.144103 0
8631.519870 0.133183 0
8634.879869 0.102776 0
8638.239869 0.080767 0
8641.599869 0.115071 0
8644.959869 0.144027 0
8648.319869 0.141975 0
8651.679869 0.135427 0
8655.039869 0.139979 0
8658.399869 0.149268 0
8661.759869 0.102741 0
8665.119868 0.078920 0
8668.479868 0.097019 0
8671.839868 0.112549 0
8675.199868 0.088446 0
8678.559868 0.113783 0
8681.919868 0.121715 0
8685.279868 0.134531 0
8688.639868 0.134027 0
8691.999868 0.131056 0
8695.359868 0.146942 0
8698.719867 0.118022 0
8702.079867 0.103871 0
8705.439867 0.117984 0
8708.799867 0.119821 0
8712.159867 0.146491 0
8715.519867 0.125011 0
8718.879867 0.153374 0
8722.239867 0.146959 0
8725.599867 0.144156 0
8728.959866 0.142189 0
8732.319866 0.109071 0
8735.679866 0.130294 0
8739.039866 0.139432 0
8742.399866 0.125170 0
8745.759866 0.088970 0
8749.119866 0.129706 0
8752.479866 0.208846 0
8755.839866 0.220824 0
8759.199866 0.179881 0
8762.559865 0.110450 0
8765.919865 0.065274 0
8769.279865 0.162558 0
8772.639865 0.187079 0
8775.999865 0.110051 0
8779.359865 0.081113 0
8782.719865 0.155276 0
8786.079865 0.083887 0
8789.439865 0.150043 0
8792.799864 0.101657 0
8796.159864 0.111100 0
8799.519864 0.114966 0
8802.879864 0.109146 0
8806.239864 0.106952 0
8809.599864 0.111683 0
8812.959864 0.115160 0
8816.319864 0.113338 0
8819.679864 0.220316 0
8823.039864 0.112181 0
8826.399863 0.082034 0
8829.759863 0.182752 0
8833.119863 0.103427 0
8836.479863 0.123061 0
8839.839863 0.129843 0
8843.199863 0.113621 0
8846.559863 0.109834 0
8849.919863 0.118866 0
8853.279863 0.128254 0
8856.639862 0.100885 0
8859.999862 0.096662 0
8863.359862 0.129067 0
8866.719862 0.104153 0
8870.079862 0.081511 0
8873.439862 0.092535 0
8876.799862 0.220827 0
8880.159862 0.293234 0
8883.519862 0.172990 0
8886.879862 0.054866 0
8890.239861 0.007707 0
8893.599861 0.081333 0
8896.959861 0.152441 0
8900.319861 0.129403 0
8903.679861 0.125256 0
8907.039861 0.111009 0
8910.399861 0.175726 0
8913.759861 0.191940 0
8917.119861 0.192279 0
8920.479860 0.153400 0
8923.839860 0.052870 0
8927.199860 0.029247 0
8930.559860 0.152794 0
8933.919860 0.133190 0
8937.279860 0.172203 0
8940.639860 0.132309 0
8943.999860 0.064583 0
8947.359860 0.157226 0
8950.719860 0.228848 0
8954.079859 0.139817 0
8957.439859 0.086250 0
8960.799859 0.126447 0
8964.159859 0.117832 0
8967.519859 0.095709 0
8970.879859 0.120691 0
8974.239859 0.137474 0
8977.599859 0.110003 0
8980.959859 0.159501 0
8984.319858 0.091806 0
8987.679858 0.014678 0
8991.039858 0.067808 0
8994.399858 0.191768 0
8997.759858 0.185965 0
9001.119858 0.119286 0
9004.479858 0.090106 0
9007.839858 0.031536 0
9011.199858 0.107823 0
9014.559858 0.146051 0
9017.919857 0.129560 0
9021.279857 0.100728 0
9024.639857 0.115569 0
9027.999857 0.125318 0
9031.359857 0.148434 0
9034.719857 0.126179 0
9038.079857 0.131045 0
9041.439857 0.122788 0
9044.799857 0.096543 0
9048.159856 0.161453 0
9051.519856 0.152899 0
9054.879856 0.104515 0
9058.239856 0.112647 0
9061.599856 0.153422 0
9064.959856 0.137296 0
9068.319856 0.140487 0
9071.679856 0.138855 0
9075.039856 0.089069 0
9078.399856 0.084992 0
9081.759855 0.097274 0
9085.119855 0.111744 0
9088.479855 0.131219 0
9091.839855 0.136370 0
9095.199855 0.125054 0
9098.559855 0.136278 0
9101.919855 0.150414 0
9105.279855 0.119565 0
9108.639855 0.108467 0
9111.999855 0.108443 0
9115.359854 0.130063 0
9118.719854 0.097700 0
9122.079854 0.122556 0
9125.439854 0.115995 0
9128.799854 0.119630 0
9132.159854 0.092376 0
9135.519854 0.081941 0
9138.879854 0.126887 0
9142.239854 0.120846 0
9145.599853 0.119682 0
9148.959853 0.082622 0
9152.319853 0.106763 0
9155.679853 0.118349 0
9159.039853 0.122419 0
9162.399853 0.113266 0
9165.759853 0.101723 0
9169.119853 0.151645 0
9172.479853 0.123446 0
9175.839853 0.114128 0
9179.199852 0.107117 0
9182.559852 0.112964 0
9185.919852 0.141522 0
9189.279852 0.139989 0
9192.639852 0.100564 0
9195.999852 0.109383 0
9199.359852 0.137959 0
9202.719852 0.128313 0
9206.079852 0.141239 0
9209.439851 0.120380 0
9212.799851 0.142833 0
9216.159851 0.107367 0
9219.519851 0.097952 0
9222.879851 0.120403 0
9226.239851 0.113983 0
9229.599851 0.120678 0
9232.959851 0.105435 0
9236.319851 0.103032 0
9239.679851 0.096492 0
9243.039850 0.106928 0
9246.399850 0.112249 0
9249.759850 0.112570 0
