# obs: 255708
# slit: 18b
# z: 0.81354
# lines: [OII]
# spec: 442
4451.680000 0.000000 1
4455.040000 0.000000 1
4458.400000 0.000000 1
4461.760000 0.000000 1
4465.120000 0.000000 1
4468.480000 0.000000 1
4471.840000 0.000000 1
4475.200000 0.000000 1
4478.560000 0.000000 1
4481.920000 0.000000 1
4485.280000 0.000000 1
4488.640000 0.000000 1
4492.000000 0.000000 1
4495.360000 0.064793 0
4498.720000 0.007689 0
4502.080000 0.031353 0
4505.440000 0.028607 0
4508.800000 0.017033 0
4512.160000 0.042153 0
4515.520000 0.029788 0
4518.880000 0.025710 0
4522.240000 0.019198 0
4525.600000 0.008423 0
4528.960000 0.029344 0
4532.320000 0.029010 0
4535.680000 0.015475 0
4539.040000 0.015612 0
4542.400000 0.024744 0
4545.760000 0.012818 0
4549.120000 0.029214 0
4552.480000 0.023700 0
4555.840000 0.009237 0
4559.200000 0.051871 0
4562.560000 0.028238 0
4565.920000 0.022790 0
4569.280000 0.026001 0
4572.640000 0.013746 0
4576.000000 0.018430 0
4579.360000 0.022304 0
4582.720000 0.005101 0
4586.080000 0.033087 0
4589.440000 0.029554 0
4592.800000 0.038205 0
4596.160000 0.004281 0
4599.520000 0.006563 0
4602.880000 0.013391 0
4606.240000 0.006027 0
4609.600000 0.038316 0
4612.960000 0.036303 0
4616.320000 0.005570 0
4619.680000 0.021903 0
4623.040000 0.031829 0
4626.400000 0.023372 0
4629.760000 0.028224 0
4633.120000 0.035164 0
4636.480000 0.030037 0
4639.840000 0.024927 0
4643.200000 0.022136 0
4646.560000 0.022291 0
4649.920000 0.008007 0
4653.280000 0.029257 0
4656.640000 0.015861 0
4660.000000 0.022871 0
4663.360000 0.021333 0
4666.720000 0.025255 0
4670.080000 0.032923 0
4673.440000 0.026324 0
4676.800000 0.049179 0
4680.160000 0.025800 0
4683.520000 0.022629 0
4686.880000 0.041900 0
4690.240000 0.015969 0
4693.600000 0.006214 0
4696.960000 0.035552 0
4700.320000 0.035416 0
4703.680000 0.029887 0
4707.040000 0.016103 0
4710.400000 0.008335 0
4713.760000 0.020954 0
4717.120000 0.022482 0
4720.480000 0.024846 0
4723.840000 0.037274 0
4727.200000 0.043455 0
4730.560000 0.019867 0
4733.920000 0.038900 0
4737.280000 0.020822 0
4740.640000 0.012651 0
4744.000000 0.023898 0
4747.360000 0.006573 0
4750.720000 0.020629 0
4754.080000 0.044159 0
4757.440000 0.043698 0
4760.800000 0.017527 0
4764.160000 0.009773 0
4767.520000 0.033960 0
4770.880000 0.040849 0
4774.240000 0.041853 0
4777.600000 0.031083 0
4780.960000 0.021965 0
4784.320000 0.024429 0
4787.680000 0.046812 0
4791.040000 0.027898 0
4794.400000 0.028242 0
4797.760000 0.027454 0
4801.120000 0.022286 0
4804.480000 0.025443 0
4807.840000 0.001449 0
4811.200000 0.015533 0
4814.560000 0.012460 0
4817.920000 0.008180 0
4821.280000 0.019721 0
4824.640000 0.015115 0
4828.000000 0.031248 0
4831.360000 0.021952 0
4834.720000 0.001011 0
4838.080000 0.037259 0
4841.440000 0.033310 0
4844.800000 0.018353 0
4848.160000 0.004257 0
4851.520000 0.007386 0
4854.880000 0.026742 0
4858.240000 0.039249 0
4861.600000 0.030192 0
4864.960000 0.037802 0
4868.320000 0.032727 0
4871.680000 0.032826 0
4875.040000 0.004838 0
4878.400000 0.026017 0
4881.760000 0.030666 0
4885.120000 0.042453 0
4888.480000 0.031215 0
4891.840000 0.023665 0
4895.200000 0.015434 0
4898.560000 0.010170 0
4901.920000 0.007343 0
4905.280000 0.011057 0
4908.640000 0.014744 0
4912.000000 0.028155 0
4915.360000 0.026620 0
4918.720000 0.032717 0
4922.080000 0.015301 0
4925.440000 0.026033 0
4928.800000 0.014156 0
4932.160000 0.024594 0
4935.520000 0.037365 0
4938.880000 0.030227 0
4942.240000 0.037122 0
4945.600000 0.025914 0
4948.960000 0.043642 0
4952.320000 0.018524 0
4955.680000 0.035891 0
4959.040000 0.028032 0
4962.400000 0.015867 0
4965.760000 0.012253 0
4969.120000 0.039857 0
4972.480000 0.012840 0
4975.840000 0.027622 0
4979.200000 0.037843 0
4982.560000 0.023923 0
4985.920000 0.011037 0
4989.280000 0.017893 0
4992.640000 0.015118 0
4996.000000 0.022752 0
4999.360000 0.013847 0
5002.720000 0.020183 0
5006.080000 0.023642 0
5009.440000 0.036518 0
5012.800000 0.032862 0
5016.160000 0.020991 0
5019.520000 0.007908 0
5022.880000 0.008391 0
5026.240000 0.009205 0
5029.600000 0.026292 0
5032.960000 0.031120 0
5036.320000 0.015885 0
5039.680000 0.027089 0
5043.040000 0.025345 0
5046.400000 0.023770 0
5049.760000 0.026782 0
5053.120000 0.024616 0
5056.480000 0.015765 0
5059.840000 0.020003 0
5063.200000 0.011354 0
5066.560000 0.009593 0
5069.920000 0.012022 0
5073.280000 0.020214 0
5076.640000 0.000180 0
5080.000000 0.001809 0
5083.360000 0.011561 0
5086.720000 0.030790 0
5090.080000 0.015026 0
5093.440000 0.024773 0
5096.800000 0.037581 0
5100.160000 0.021823 0
5103.520000 0.022940 0
5106.880000 0.030899 0
5110.240000 0.030235 0
5113.600000 0.022036 0
5116.960000 0.019975 0
5120.320000 0.015536 0
5123.680000 0.015277 0
5127.040000 0.014780 0
5130.400000 0.036122 0
5133.760000 0.017851 0
5137.120000 0.031254 0
5140.480000 0.029596 0
5143.840000 0.019464 0
5147.200000 0.028739 0
5150.560000 0.037718 0
5153.920000 0.029049 0
5157.280000 0.019152 0
5160.640000 0.014847 0
5164.000000 0.012657 0
5167.360000 0.017060 0
5170.720000 0.027915 0
5174.080000 0.022185 0
5177.440000 0.034207 0
5180.800000 0.031756 0
5184.160000 0.018692 0
5187.520000 0.021350 0
5190.880000 0.035727 0
5194.240000 0.025272 0
5197.600000 0.018747 0
5200.960000 0.007521 0
5204.320000 0.009001 0
5207.680000 0.034957 0
5211.040000 0.018862 0
5214.400000 0.018423 0
5217.760000 0.034820 0
5221.120000 0.025078 0
5224.480000 0.026256 0
5227.840000 0.009146 0
5231.200000 0.031698 0
5234.560000 0.011525 0
5237.920000 0.033617 0
5241.280000 0.017655 0
5244.640000 0.006308 0
5248.000000 0.012777 0
5251.360000 0.024783 0
5254.720000 0.025009 0
5258.080000 0.028832 0
5261.440000 0.013646 0
5264.800000 0.011167 0
5268.160000 0.025636 0
5271.520000 0.028474 0
5274.880000 0.024546 0
5278.240000 0.023920 0
5281.600000 0.031310 0
5284.960000 0.022243 0
5288.320000 0.022751 0
5291.680000 0.016155 0
5295.040000 0.013532 0
5298.400000 0.007093 0
5301.760000 0.031814 0
5305.120000 0.040856 0
5308.480000 0.024236 0
5311.840000 0.032534 0
5315.200000 0.028036 0
5318.560000 0.001383 0
5321.920000 0.027793 0
5325.280000 0.014673 0
5328.640000 0.017162 0
5332.000000 0.023183 0
5335.360000 0.020446 0
5338.720000 0.019759 0
5342.080000 0.029658 0
5345.440000 0.012965 0
5348.800000 0.036227 0
5352.160000 0.021143 0
5355.520000 0.025600 0
5358.880000 0.037909 0
5362.240000 0.026997 0
5365.600000 0.034128 0
5368.960000 0.020244 0
5372.320000 0.016331 0
5375.680000 0.020533 0
5379.040000 0.021853 0
5382.400000 0.009768 0
5385.760000 0.026373 0
5389.120000 0.016665 0
5392.480000 0.035296 0
5395.840000 0.031947 0
5399.200000 0.021055 0
5402.560000 0.034639 0
5405.920000 0.023928 0
5409.280000 0.029149 0
5412.640000 0.036906 0
5416.000000 0.031111 0
5419.360000 0.027239 0
5422.720000 0.033025 0
5426.080000 0.030753 0
5429.440000 0.026541 0
5432.800000 0.023318 0
5436.160000 0.010464 0
5439.520000 0.027042 0
5442.880000 0.025404 0
5446.240000 0.024712 0
5449.600000 0.019098 0
5452.960000 0.019351 0
5456.320000 0.028781 0
5459.680000 0.028065 0
5463.040000 0.022686 0
5466.400000 0.014158 0
5469.760000 0.031038 0
5473.120000 0.017470 0
5476.480000 0.019440 0
5479.840000 0.019517 0
5483.200000 0.021844 0
5486.560000 0.019450 0
5489.920000 0.025432 0
5493.280000 0.037584 0
5496.640000 0.008676 0
5500.000000 0.026868 0
5503.360000 0.023137 0
5506.720000 0.021365 0
5510.080000 0.024675 0
5513.440000 0.028131 0
5516.800000 0.016898 0
5520.160000 0.025410 0
5523.520000 0.037889 0
5526.880000 0.020164 0
5530.240000 0.016808 0
5533.600000 0.008266 0
5536.960000 0.014824 0
5540.320000 0.021858 0
5543.680000 0.021644 0
5547.040000 0.010079 0
5550.400000 0.015511 0
5553.760000 -0.004248 0
5557.120000 0.010390 1
5560.480000 0.026827 1
5563.840000 0.005648 1
5567.200000 0.012991 1
5570.560000 0.143282 1
5573.920000 0.022779 1
5577.280000 0.079771 1
5580.640000 0.140663 1
5584.000000 0.006646 1
5587.360000 0.017229 1
5590.720000 0.028655 1
5594.080000 0.021320 0
5597.440000 0.018664 0
5600.800000 0.028469 0
5604.160000 0.029958 0
5607.520000 0.034408 0
5610.880000 0.017473 0
5614.240000 0.015244 0
5617.600000 0.027751 0
5620.960000 0.019955 0
5624.320000 0.015939 0
5627.680000 0.018077 0
5631.040000 0.021748 0
5634.400000 0.008354 0
5637.760000 0.026255 0
5641.120000 0.024206 0
5644.480000 0.019812 0
5647.840000 0.032694 0
5651.200000 0.023794 0
5654.560000 0.010999 0
5657.920000 0.037343 0
5661.280000 0.016028 0
5664.640000 0.014251 0
5668.000000 0.021216 0
5671.360000 0.017256 0
5674.720000 0.020914 0
5678.080000 0.017077 0
5681.440000 0.024614 0
5684.800000 0.027757 0
5688.160000 0.032193 0
5691.520000 0.025464 0
5694.880000 0.022438 0
5698.240000 0.023527 0
5701.600000 0.007311 0
5704.960000 0.025480 0
5708.320000 0.034855 0
5711.680000 0.025724 0
5715.040000 0.027513 0
5718.400000 0.014001 0
5721.760000 0.032064 0
5725.120000 0.025572 0
5728.480000 0.030793 0
5731.840000 0.034859 0
5735.200000 -0.001504 0
5738.560000 0.029594 0
5741.920000 0.016559 0
5745.280000 0.024612 0
5748.640000 0.028085 0
5752.000000 0.032218 0
5755.360000 0.010834 0
5758.720000 0.016280 0
5762.080000 0.004327 0
5765.440000 0.017894 0
5768.800000 0.033434 0
5772.160000 0.029159 0
5775.520000 0.035460 0
5778.880000 0.026947 0
5782.240000 0.017463 0
5785.600000 0.016969 0
5788.960000 0.015526 0
5792.320000 0.019632 0
5795.680000 0.007629 0
5799.040000 0.030047 0
5802.400000 0.039835 0
5805.760000 0.011355 0
5809.120000 0.026702 0
5812.480000 0.029950 0
5815.840000 0.039551 0
5819.200000 0.034907 0
5822.560000 0.024481 0
5825.920000 0.030186 0
5829.280000 0.016648 0
5832.640000 0.015368 0
5836.000000 0.034887 0
5839.360000 0.016582 0
5842.720000 0.025786 0
5846.080000 0.027690 0
5849.440000 0.023179 0
5852.800000 0.015937 0
5856.160000 0.018113 0
5859.520000 0.023689 0
5862.880000 -0.006788 0
5866.240000 0.004874 0
5869.600000 0.019531 0
5872.960000 0.031943 0
5876.320000 0.026170 0
5879.680000 0.004931 0
5883.040000 0.011336 0
5886.400000 0.011828 0
5889.760000 0.055029 0
5893.120000 0.042383 0
5896.480000 -0.005149 0
5899.840000 0.015614 0
5903.200000 0.022517 0
5906.560000 0.030814 0
5909.920000 0.024593 0
5913.280000 0.020755 0
5916.640000 0.033798 0
5920.000000 0.036404 0
5923.360000 0.051610 0
5926.720000 0.033742 0
5930.080000 0.001624 0
5933.440000 0.032969 0
5936.800000 0.020274 0
5940.160000 0.028561 0
5943.520000 0.026541 0
5946.880000 0.033878 0
5950.240000 0.027994 0
5953.600000 0.019938 0
5956.960000 0.010179 0
5960.320000 0.020036 0
5963.680000 0.007325 0
5967.040000 0.007568 0
5970.400000 0.016243 0
5973.760000 0.023734 0
5977.120000 0.006985 0
5980.480000 0.001799 0
5983.840000 0.007654 0
5987.200000 0.023835 0
5990.560000 0.018242 0
5993.920000 0.029821 0
5997.280000 0.011672 0
6000.640000 0.024440 0
6004.000000 0.016012 0
6007.360000 0.011603 0
6010.720000 0.007586 0
6014.080000 0.013380 0
6017.440000 0.014665 0
6020.800000 0.020449 0
6024.160000 0.013550 0
6027.520000 0.026126 0
6030.880000 0.022967 0
6034.240000 0.015502 0
6037.600000 0.024224 0
6040.960000 0.015134 0
6044.320000 0.028026 0
6047.680000 0.019790 0
6051.040000 0.003966 0
6054.400000 0.025886 0
6057.760000 0.023082 0
6061.120000 0.027371 0
6064.480000 0.016205 0
6067.840000 0.007929 0
6071.200000 0.001573 0
6074.560000 0.016610 0
6077.920000 0.000182 0
6081.280000 0.020091 0
6084.640000 0.020162 0
6088.000000 0.014120 0
6091.360000 0.021748 0
6094.720000 0.031141 0
6098.080000 0.029444 0
6101.440000 0.018128 0
6104.800000 0.021796 0
6108.160000 0.004881 0
6111.520000 0.015242 0
6114.880000 0.003441 0
6118.240000 0.015319 0
6121.600000 0.015123 0
6124.960000 0.021286 0
6128.320000 0.032376 0
6131.680000 0.019442 0
6135.040000 0.012208 0
6138.400000 0.015196 0
6141.760000 0.012770 0
6145.120000 0.036306 0
6148.480000 0.027544 0
6151.840000 0.018715 0
6155.200000 0.023690 0
6158.560000 0.010810 0
6161.920000 0.012329 0
6165.280000 0.015746 0
6168.640000 0.027959 0
6172.000000 0.043411 0
6175.360000 0.033751 0
6178.720000 0.016719 0
6182.080000 0.014926 0
6185.440000 0.018936 0
6188.800000 0.019321 0
6192.160000 0.020437 0
6195.520000 0.019128 0
6198.880000 -0.005541 0
6202.240000 0.030990 0
6205.600000 0.022163 0
6208.960000 0.014913 0
6212.320000 0.022129 0
6215.680000 0.007339 0
6219.040000 0.027359 0
6222.400000 0.012568 0
6225.760000 0.012568 0
6229.120000 0.014217 0
6232.480000 0.032996 0
6235.840000 0.029064 0
6239.200000 0.026005 0
6242.560000 0.021903 0
6245.920000 0.019984 0
6249.280000 0.021098 0
6252.640000 0.006605 0
6256.000000 0.017074 0
6259.360000 0.032437 0
6262.720000 0.023774 0
6266.080000 0.026172 0
6269.440000 0.032409 0
6272.800000 0.026582 0
6276.160000 0.026438 0
6279.520000 0.025086 0
6282.880000 0.024323 0
6286.240000 0.018954 0
6289.600000 0.010474 0
6292.960000 0.002667 0
6296.320000 0.052578 0
6299.680000 0.048264 0
6303.040000 0.026830 0
6306.400000 0.038142 0
6309.760000 0.010726 0
6313.120000 0.029274 0
6316.480000 0.031241 0
6319.840000 0.018661 0
6323.200000 0.009176 0
6326.560000 0.018914 0
6329.920000 0.010035 0
6333.280000 0.014686 0
6336.640000 0.028926 0
6340.000000 0.017606 0
6343.360000 0.026504 0
6346.720000 0.023838 0
6350.080000 0.025643 0
6353.440000 0.025787 0
6356.800000 0.017916 0
6360.160000 0.017549 0
6363.520000 0.014589 0
6366.880000 0.012536 0
6370.240000 0.017529 0
6373.600000 0.013862 0
6376.960000 0.011745 0
6380.320000 0.024041 0
6383.680000 0.036088 0
6387.040000 0.018609 0
6390.400000 0.022225 0
6393.760000 0.009623 0
6397.120000 0.023974 0
6400.480000 0.026194 0
6403.840000 0.005371 0
6407.200000 0.012419 0
6410.560000 0.033569 0
6413.920000 0.028269 0
6417.280000 0.025378 0
6420.640000 0.013666 0
6424.000000 0.019588 0
6427.360000 0.003748 0
6430.720000 0.014509 0
6434.080000 0.021972 0
6437.440000 0.024192 0
6440.800000 0.020433 0
6444.160000 0.014309 0
6447.520000 0.015676 0
6450.880000 0.021233 0
6454.240000 0.026052 0
6457.600000 0.013185 0
6460.960000 0.010094 0
6464.320000 0.017606 0
6467.680000 0.011935 0
6471.040000 0.006670 0
6474.400000 0.026156 0
6477.760000 0.025772 0
6481.120000 0.024540 0
6484.480000 0.023743 0
6487.840000 0.010939 0
6491.200000 0.010604 0
6494.560000 0.024974 0
6497.920000 0.034007 0
6501.280000 0.020663 0
6504.640000 0.037592 0
6508.000000 0.036634 0
6511.360000 0.028183 0
6514.720000 0.025281 0
6518.080000 0.025295 0
6521.440000 0.023480 0
6524.800000 0.038986 0
6528.160000 0.024729 0
6531.520000 0.033341 0
6534.880000 0.033217 0
6538.240000 0.008516 0
6541.600000 0.014730 0
6544.960000 0.023736 0
6548.320000 0.026059 0
6551.680000 0.017013 0
6555.040000 0.004772 0
6558.400000 0.028256 0
6561.760000 0.010368 0
6565.120000 0.004866 0
6568.480000 0.015734 0
6571.840000 0.028230 0
6575.200000 0.035430 0
6578.560000 0.015543 0
6581.920000 0.007087 0
6585.280000 0.023546 0
6588.640000 0.025240 0
6592.000000 0.029413 0
6595.360000 0.019325 0
6598.720000 0.033965 0
6602.080000 0.030149 0
6605.440000 0.019879 0
6608.800000 0.030792 0
6612.160000 0.018982 0
6615.520000 0.027460 0
6618.880000 0.020212 0
6622.240000 0.013004 0
6625.600000 0.013903 0
6628.960000 0.020327 0
6632.320000 0.038220 0
6635.680000 0.011417 0
6639.040000 0.015385 0
6642.400000 0.022319 0
6645.760000 0.028830 0
6649.120000 0.012700 0
6652.480000 0.006805 0
6655.840000 0.023543 0
6659.200000 0.008722 0
6662.560000 0.027587 0
6665.920000 0.014538 0
6669.280000 0.021425 0
6672.640000 0.023938 0
6676.000000 0.022547 0
6679.360000 0.029410 0
6682.720000 0.029981 0
6686.080000 0.017963 0
6689.440000 0.024089 0
6692.800000 0.030138 0
6696.160000 0.032325 0
6699.520000 0.015424 0
6702.880000 0.023802 0
6706.240000 0.020378 0
6709.600000 0.025845 0
6712.960000 0.026884 0
6716.320000 0.026386 0
6719.680000 0.021857 0
6723.040000 0.023934 0
6726.400000 0.029398 0
6729.760000 0.014465 0
6733.120000 0.015113 0
6736.480000 0.028601 0
6739.840000 0.010933 0
6743.200000 0.023158 0
6746.560000 0.053542 0
6749.920000 0.079562 0
6753.280000 0.099435 0
6756.640000 0.094168 0
6760.000000 0.057292 0
6763.360000 0.039938 0
6766.720000 0.031721 0
6770.080000 0.031986 0
6773.440000 0.016599 0
6776.800000 0.027403 0
6780.160000 0.024420 0
6783.520000 0.006986 0
6786.880000 0.019575 0
6790.240000 0.003188 0
6793.600000 0.010717 0
6796.960000 0.015869 0
6800.320000 0.013804 0
6803.680000 0.027820 0
6807.040000 0.023561 0
6810.400000 0.031920 0
6813.760000 0.015693 0
6817.120000 0.023288 0
6820.480000 0.026578 0
6823.840000 0.041605 0
6827.200000 0.017849 0
6830.560000 0.032003 0
6833.920000 0.023484 0
6837.280000 0.005924 0
6840.640000 0.032149 0
6844.000000 0.033044 0
6847.360000 0.030172 0
6850.720000 0.031940 0
6854.080000 0.027496 0
6857.440000 0.017760 0
6860.800000 0.005840 0
6864.160000 0.009672 0
6867.520000 0.035861 0
6870.880000 0.029490 0
6874.240000 0.024143 0
6877.600000 0.032971 0
6880.960000 0.007176 0
6884.320000 0.014858 0
6887.680000 0.021074 0
6891.040000 0.018194 0
6894.400000 0.024733 0
6897.760000 0.028265 0
6901.120000 0.030618 0
6904.480000 0.027518 0
6907.840000 0.017006 0
6911.200000 0.024966 0
6914.560000 0.039846 0
6917.920000 0.034081 0
6921.280000 0.020363 0
6924.640000 0.032178 0
6928.000000 0.007847 0
6931.360000 0.009860 0
6934.720000 0.020810 0
6938.080000 0.018982 0
6941.440000 0.016351 0
6944.800000 0.020966 0
6948.160000 0.020334 0
6951.520000 0.011578 0
6954.880000 0.025644 0
6958.240000 0.024576 0
6961.600000 0.026921 0
6964.960000 0.025576 0
6968.320000 0.025804 0
6971.680000 0.016106 0
6975.040000 0.008505 0
6978.400000 0.036659 0
6981.760000 0.023040 0
6985.120000 0.022649 0
6988.480000 0.028042 0
6991.840000 0.020007 0
6995.200000 0.026538 0
6998.560000 0.019463 0
7001.920000 0.039454 0
7005.280000 0.028113 0
7008.640000 0.029725 0
7012.000000 0.034426 0
7015.360000 0.030235 0
7018.720000 0.040978 0
7022.080000 0.017280 0
7025.440000 0.023458 0
7028.800000 0.034240 0
7032.160000 0.033312 0
7035.520000 0.017695 0
7038.880000 0.016443 0
7042.240000 0.023884 0
7045.600000 0.019267 0
7048.960000 0.045856 0
7052.320000 0.036036 0
7055.680000 0.011880 0
7059.040000 0.025530 0
7062.400000 0.021943 0
7065.760000 0.014138 0
7069.120000 0.015613 0
7072.480000 0.019494 0
7075.840000 0.024474 0
7079.200000 0.024460 0
7082.560000 0.026416 0
7085.920000 0.019074 0
7089.280000 0.008596 0
7092.640000 0.016956 0
7096.000000 0.041029 0
7099.360000 0.032404 0
7102.720000 0.022109 0
7106.080000 0.021014 0
7109.440000 0.030794 0
7112.800000 0.024828 0
7116.160000 0.027198 0
7119.520000 0.032955 0
7122.880000 0.024027 0
7126.240000 0.018492 0
7129.600000 0.013872 0
7132.960000 0.026164 0
7136.320000 0.031877 0
7139.680000 0.029561 0
7143.040000 0.023112 0
7146.400000 0.007349 0
7149.760000 0.028399 0
7153.120000 0.036887 0
7156.480000 0.019834 0
7159.840000 0.036143 0
7163.200000 0.026277 0
7166.560000 0.037380 0
7169.920000 0.019990 0
7173.280000 0.036782 0
7176.640000 0.020689 0
7180.000000 0.021166 0
7183.360000 0.019175 0
7186.720000 0.025496 0
7190.080000 0.013463 0
7193.440000 0.030998 0
7196.800000 0.018679 0
7200.160000 0.029898 0
7203.520000 0.021969 0
7206.880000 0.019635 0
7210.240000 0.019618 0
7213.600000 0.024849 0
7216.960000 0.025562 0
7220.320000 0.028818 0
7223.680000 0.028497 0
7227.040000 0.025494 0
7230.400000 0.013121 0
7233.760000 0.051610 0
7237.120000 0.026769 0
7240.480000 0.028493 0
7243.840000 0.023555 0
7247.200000 0.025351 0
7250.560000 -0.005443 0
7253.920000 0.029305 0
7257.280000 0.017232 0
7260.640000 0.023632 0
7264.000000 0.007379 0
7267.360000 0.034235 0
7270.720000 0.032713 0
7274.080000 0.024344 0
7277.440000 0.035609 0
7280.800000 0.044905 0
7284.160000 0.005310 0
7287.520000 0.027151 0
7290.880000 0.022671 0
7294.240000 0.031853 0
7297.600000 0.024739 0
7300.960000 0.041005 0
7304.320000 0.028682 0
7307.680000 0.021144 0
7311.040000 0.038847 0
7314.400000 0.029177 0
7317.760000 0.043605 0
7321.120000 0.040020 0
7324.480000 0.017064 0
7327.840000 0.048866 0
7331.200000 0.029038 0
7334.560000 0.036231 0
7337.920000 0.046050 0
7341.280000 0.022042 0
7344.640000 0.038259 0
7348.000000 0.019979 0
7351.360000 0.043624 0
7354.720000 0.026163 0
7358.080000 0.046671 0
7361.440000 0.013513 0
7364.800000 0.022635 0
7368.160000 0.046840 0
7371.520000 0.034277 0
7374.880000 0.021079 0
7378.240000 0.020073 0
7381.600000 0.032505 0
7384.960000 0.010395 0
7388.320000 0.022627 0
7391.680000 0.031396 0
7395.040000 0.028521 0
7398.400000 0.020878 0
7401.760000 0.024131 0
7405.120000 0.034028 0
7408.480000 0.037900 0
7411.840000 0.024812 0
7415.200000 0.026367 0
7418.560000 0.026069 0
7421.920000 0.017511 0
7425.280000 0.021151 0
7428.640000 0.035319 0
7432.000000 0.033883 0
7435.360000 0.023718 0
7438.720000 0.024692 0
7442.080000 0.021998 0
7445.440000 0.021255 0
7448.800000 0.027959 0
7452.160000 0.033566 0
7455.520000 0.029200 0
7458.880000 0.013920 0
7462.240000 0.011184 0
7465.600000 0.014690 0
7468.960000 0.045434 0
7472.320000 0.022476 0
7475.680000 0.020521 0
7479.040000 0.023502 0
7482.400000 0.014869 0
7485.760000 0.031760 0
7489.120000 0.029193 0
7492.480000 0.031059 0
7495.840000 0.030407 0
7499.200000 0.028377 0
7502.560000 0.030935 0
7505.920000 0.025617 0
7509.280000 0.021062 0
7512.640000 0.030913 0
7516.000000 0.030664 0
7519.360000 0.024696 0
7522.720000 0.026434 0
7526.080000 0.028593 0
7529.440000 0.017549 0
7532.800000 0.003630 0
7536.160000 0.021806 0
7539.520000 0.012967 0
7542.880000 0.029898 0
7546.240000 0.034448 0
7549.600000 0.039455 0
7552.960000 0.027627 0
7556.320000 0.023304 0
7559.680000 0.022484 0
7563.040000 0.026659 0
7566.400000 0.003921 0
7569.760000 0.021625 0
7573.120000 0.031494 0
7576.480000 0.016409 0
7579.840000 0.020158 0
7583.200000 0.032337 0
7586.560000 0.039193 0
7589.920000 0.023524 0
7593.280000 0.019227 0
7596.640000 0.019834 0
7600.000000 0.009759 0
7603.360000 0.032169 0
7606.720000 0.051784 0
7610.080000 0.025939 0
7613.440000 0.025450 0
7616.800000 0.053207 0
7620.160000 0.030803 0
7623.520000 0.046780 0
7626.880000 0.000053 0
7630.240000 0.022192 0
7633.600000 0.021183 0
7636.960000 0.025551 0
7640.320000 0.022884 0
7643.680000 0.024654 0
7647.040000 0.030283 0
7650.400000 0.032701 0
7653.760000 0.030475 0
7657.120000 0.020825 0
7660.480000 0.013541 0
7663.840000 0.006966 0
7667.200000 0.012148 0
7670.560000 0.023262 0
7673.920000 0.030400 0
7677.280000 0.023716 0
7680.640000 0.037791 0
7684.000000 0.025383 0
7687.360000 0.015714 0
7690.720000 0.022777 0
7694.080000 0.033442 0
7697.440000 0.042265 0
7700.800000 0.016649 0
7704.160000 0.014383 0
7707.520000 0.021106 0
7710.880000 0.021512 0
7714.240000 0.059869 0
7717.600000 0.031055 0
7720.960000 0.028567 0
7724.320000 0.036740 0
7727.680000 0.026899 0
7731.040000 0.037263 0
7734.400000 0.039551 0
7737.760000 0.022150 0
7741.120000 0.005724 0
7744.480000 0.010220 0
7747.840000 0.015051 0
7751.200000 0.009277 0
7754.560000 0.061660 0
7757.920000 0.023437 0
7761.280000 0.015285 0
7764.640000 0.027425 0
7768.000000 0.017755 0
7771.360000 0.016760 0
7774.720000 0.020749 0
7778.080000 0.030502 0
7781.440000 0.024881 0
7784.800000 0.012943 0
7788.160000 0.018431 0
7791.520000 0.035155 0
7794.880000 0.035253 0
7798.240000 0.067551 0
7801.600000 0.033452 0
7804.960000 0.021626 0
7808.320000 0.034221 0
7811.680000 0.021522 0
7815.040000 0.032379 0
7818.400000 0.032964 0
7821.760000 0.026650 0
7825.120000 0.031119 0
7828.480000 0.040075 0
7831.840000 0.003161 0
7835.200000 0.017124 0
7838.560000 0.014536 0
7841.920000 0.023182 0
7845.280000 -0.010593 0
7848.640000 0.007514 0
7852.000000 0.015581 0
7855.360000 0.021920 0
7858.720000 0.008618 0
7862.080000 0.044235 0
7865.440000 0.054960 0
7868.800000 0.049236 0
7872.160000 0.021065 0
7875.520000 0.022184 0
7878.880000 0.019121 0
7882.240000 0.013511 0
7885.600000 0.045836 0
7888.960000 0.004169 0
7892.320000 0.035231 0
7895.680000 0.025237 0
7899.040000 0.035793 0
7902.400000 0.015194 0
7905.760000 0.014598 0
7909.120000 -0.006728 0
7912.480000 0.020700 0
7915.840000 0.051194 0
7919.200000 0.043627 0
7922.560000 0.006232 0
7925.920000 0.027406 0
7929.280000 0.018705 0
7932.640000 0.006988 0
7936.000000 0.033649 0
7939.360000 0.036292 0
7942.720000 0.026881 0
7946.080000 0.025523 0
7949.440000 0.019450 0
7952.800000 0.022556 0
7956.160000 0.022653 0
7959.520000 0.009371 0
7962.880000 0.047001 0
7966.240000 0.041058 0
7969.600000 0.034081 0
7972.960000 0.054231 0
7976.320000 0.029505 0
7979.680000 0.005205 0
7983.040000 0.041452 0
7986.400000 0.007314 0
7989.760000 -0.003159 0
7993.120000 0.011149 0
7996.480000 0.030251 0
7999.840000 0.038203 0
8003.200000 0.019334 0
8006.560000 0.015989 0
8009.920000 0.038900 0
8013.280000 0.017633 0
8016.640000 0.014065 0
8020.000000 0.036612 0
8023.360000 0.049859 0
8026.720000 0.036953 0
8030.080000 0.031096 0
8033.440000 0.019351 0
8036.800000 0.022981 0
8040.160000 0.018138 0
8043.520000 0.025798 0
8046.880000 0.030699 0
8050.240000 0.053084 0
8053.600000 0.032788 0
8056.960000 0.008786 0
8060.320000 0.019785 0
8063.680000 0.036394 0
8067.040000 0.034497 0
8070.400000 0.011505 0
8073.760000 0.021918 0
8077.120000 0.023213 0
8080.480000 0.013101 0
8083.840000 0.026820 0
8087.200000 0.035396 0
8090.560000 0.023467 0
8093.920000 0.027547 0
8097.280000 0.035332 0
8100.640000 0.027716 0
8104.000000 0.027777 0
8107.360000 0.036535 0
8110.720000 0.013523 0
8114.080000 0.018620 0
8117.440000 0.011375 0
8120.800000 0.028895 0
8124.160000 0.010886 0
8127.520000 0.011407 0
8130.880000 0.030683 0
8134.240000 0.023028 0
8137.600000 0.011441 0
8140.960000 0.018879 0
8144.320000 0.007833 0
8147.680000 0.029241 0
8151.040000 0.010902 0
8154.400000 0.029389 0
8157.760000 0.049809 0
8161.120000 0.023091 0
8164.480000 0.005841 0
8167.840000 0.027031 0
8171.200000 0.026199 0
8174.560000 0.006601 0
8177.920000 0.019470 0
8181.280000 0.018027 0
8184.640000 0.022909 0
8188.000000 0.025663 0
8191.360000 0.022683 0
8194.720000 0.028615 0
8198.080000 0.020196 0
8201.440000 0.024632 0
8204.800000 0.018148 0
8208.160000 0.006417 0
8211.520000 0.027590 0
8214.880000 0.019404 0
8218.240000 0.006035 0
8221.600000 0.032293 0
8224.960000 0.015778 0
8228.320000 0.023211 0
8231.680000 0.013008 0
8235.040000 0.020492 0
8238.400000 0.016066 0
8241.760000 0.021543 0
8245.120000 0.016449 0
8248.480000 0.027305 0
8251.840000 0.028967 0
8255.200000 0.013403 0
8258.560000 0.010874 0
8261.920000 0.037710 0
8265.280000 0.011886 0
8268.640000 0.031759 0
8272.000000 0.022440 0
8275.360000 0.021698 0
8278.720000 0.006750 0
8282.080000 0.012741 0
8285.440000 0.027683 0
8288.800000 0.017251 0
8292.160000 0.031761 0
8295.520000 0.048655 0
8298.880000 0.021329 0
8302.240000 -0.028189 0
8305.600000 -0.027565 0
8308.960000 0.031822 0
8312.320000 0.029615 0
8315.680000 0.033720 0
8319.040000 0.039548 0
8322.400000 0.008334 0
8325.760000 0.011725 0
8329.120000 0.027851 0
8332.480000 0.028657 0
8335.840000 0.009309 0
8339.200000 0.036871 0
8342.560000 0.034113 0
8345.920000 -0.014166 0
8349.280000 -0.040453 0
8352.640000 0.002211 0
8356.000000 0.031883 0
8359.360000 0.012831 0
8362.720000 0.016338 0
8366.080000 0.008367 0
8369.440000 0.004461 0
8372.800000 0.015396 0
8376.160000 0.021437 0
8379.520000 0.048788 0
8382.880000 0.035514 0
8386.240000 0.038116 0
8389.600000 0.034314 0
8392.960000 0.025458 0
8396.320000 0.013620 0
8399.680000 0.053196 0
8403.040000 0.038157 0
8406.400000 0.001996 0
8409.760000 0.022653 0
8413.120000 0.025167 0
8416.480000 0.033551 0
8419.840000 0.055821 0
8423.200000 0.033377 0
8426.560000 0.038451 0
8429.920000 0.078464 0
8433.280000 0.054439 0
8436.640000 -0.025485 0
8440.000000 0.027572 0
8443.360000 0.025535 0
8446.720000 0.019829 0
8450.080000 0.043840 0
8453.440000 0.052209 0
8456.800000 0.000485 0
8460.160000 0.023231 0
8463.520000 0.028305 0
8466.880000 0.020433 0
8470.240000 0.015030 0
8473.600000 0.025277 0
8476.960000 0.010926 0
8480.320000 0.013520 0
8483.680000 0.008919 0
8487.040000 0.024453 0
8490.400000 -0.013000 0
8493.760000 0.029318 0
8497.120000 0.033960 0
8500.480000 0.049191 0
8503.840000 0.056246 0
8507.200000 0.044414 0
8510.560000 0.007249 0
8513.920000 -0.013176 0
8517.280000 0.005155 0
8520.640000 0.015446 0
8524.000000 0.019335 0
8527.360000 0.016810 0
8530.720000 0.016348 0
8534.080000 0.033321 0
8537.440000 0.022769 0
8540.800000 0.039978 0
8544.160000 0.064055 0
8547.520000 0.052669 0
8550.880000 0.051693 0
8554.240000 0.038049 0
8557.600000 0.022461 0
8560.960000 0.037886 0
8564.320000 0.026902 0
8567.680000 0.014238 0
8571.040000 0.015629 0
8574.400000 0.055081 0
8577.760000 0.034756 0
8581.120000 0.047286 0
8584.480000 0.045520 0
8587.840000 0.048338 0
8591.200000 0.070948 0
8594.560000 0.050933 0
8597.920000 0.057659 0
8601.280000 0.063309 0
8604.640000 0.056261 0
8608.000000 0.063414 0
8611.360000 0.063642 0
8614.720000 0.098039 0
8618.080000 0.137990 0
8621.440000 0.167504 0
8624.800000 0.151108 0
8628.160000 0.211196 0
8631.520000 0.230376 0
8634.880000 0.238369 0
8638.240000 0.220070 0
8641.600000 0.172952 0
8644.960000 0.132722 0
8648.320000 0.139302 0
8651.680000 0.175402 0
8655.040000 0.176894 0
8658.400000 0.186711 0
8661.760000 0.208399 0
8665.120000 0.200826 0
8668.480000 0.166116 0
8671.840000 0.153237 0
8675.200000 0.137755 0
8678.560000 0.143764 0
8681.920000 0.079570 0
8685.280000 0.062540 0
8688.640000 0.050855 0
8692.000000 0.043616 0
8695.360000 0.033633 0
8698.720000 0.028506 0
8702.080000 0.037073 0
8705.440000 0.043867 0
8708.800000 0.045443 0
8712.160000 0.031269 0
8715.520000 0.025070 0
8718.880000 0.042660 0
8722.240000 0.029142 0
8725.600000 0.042682 0
8728.960000 0.047507 0
8732.320000 0.031311 0
8735.680000 0.040901 0
8739.040000 0.065035 0
8742.400000 0.054265 0
8745.760000 0.048538 0
8749.120000 0.035837 0
8752.480000 0.055218 0
8755.840000 0.115324 0
8759.200000 0.174957 0
8762.560000 0.192074 0
8765.920000 0.190862 0
8769.280000 0.179403 0
8772.640000 0.208700 0
8776.000000 0.162134 0
8779.360000 0.151920 0
8782.720000 0.125808 0
8786.080000 0.074444 0
8789.440000 0.065597 0
8792.800000 0.068750 0
8796.160000 0.058736 0
8799.520000 0.042691 0
8802.880000 0.047566 0
8806.240000 0.038645 0
8809.600000 0.037094 0
8812.960000 0.025034 0
8816.320000 0.069069 0
8819.680000 0.160783 0
8823.040000 0.216661 0
8826.400000 0.265262 0
8829.760000 0.225232 0
8833.120000 0.144248 0
8836.480000 0.083504 0
8839.840000 0.074698 0
8843.200000 0.050714 0
8846.560000 0.048626 0
8849.920000 0.046140 0
8853.280000 0.049997 0
8856.640000 0.047604 0
8860.000000 0.070273 0
8863.360000 0.054990 0
8866.720000 0.039269 0
8870.080000 0.031373 0
8873.440000 0.019430 0
8876.800000 0.067235 0
8880.160000 0.075262 0
8883.520000 0.019754 0
8886.880000 0.000000 1
8890.240000 0.000000 1
8893.600000 0.000000 1
8896.960000 0.000000 1
8900.320000 0.000000 1
8903.680000 0.000000 1
8907.040000 0.000000 1
8910.400000 0.000000 1
8913.760000 0.000000 1
8917.120000 0.000000 1
8920.480000 0.000000 1
8923.840000 0.000000 1
8927.200000 0.000000 1
8930.560000 0.000000 1
8933.920000 0.000000 1
8937.280000 0.000000 1
8940.640000 0.000000 1
8944.000000 0.000000 1
8947.360000 0.000000 1
8950.720000 0.000000 1
8954.080000 0.000000 1
8957.440000 0.000000 1
8960.800000 0.000000 1
8964.160000 0.000000 1
8967.520000 0.000000 1
8970.880000 0.000000 1
8974.240000 0.000000 1
8977.600000 0.000000 1
8980.960000 0.000000 1
8984.320000 0.000000 1
8987.680000 0.000000 1
8991.040000 0.000000 1
8994.400000 0.000000 1
8997.760000 0.000000 1
9001.120000 0.000000 1
9004.480000 0.000000 1
9007.840000 0.000000 1
9011.200000 0.000000 1
9014.560000 0.000000 1
9017.920000 0.000000 1
9021.280000 0.000000 1
9024.640000 0.000000 1
9028.000000 0.000000 1
9031.360000 0.000000 1
9034.720000 0.000000 1
9038.080000 0.000000 1
9041.440000 0.000000 1
9044.800000 0.000000 1
9048.160000 0.000000 1
9051.520000 0.000000 1
9054.880000 0.000000 1
9058.240000 0.000000 1
9061.600000 0.000000 1
9064.960000 0.000000 1
9068.320000 0.000000 1
9071.680000 0.000000 1
9075.040000 0.000000 1
9078.400000 0.000000 1
9081.760000 0.000000 1
9085.120000 0.000000 1
9088.480000 0.000000 1
9091.840000 0.000000 1
9095.200000 0.000000 1
9098.560000 0.000000 1
9101.920000 0.000000 1
9105.280000 0.000000 1
9108.640000 0.000000 1
9112.000000 0.000000 1
9115.360000 0.000000 1
9118.720000 0.000000 1
9122.080000 0.000000 1
9125.440000 0.000000 1
9128.800000 0.000000 1
9132.160000 0.000000 1
9135.520000 0.000000 1
9138.880000 0.000000 1
9142.240000 0.000000 1
9145.600000 0.000000 1
9148.960000 0.000000 1
9152.320000 0.000000 1
9155.680000 0.000000 1
9159.040000 0.000000 1
9162.400000 0.000000 1
9165.760000 0.000000 1
9169.120000 0.000000 1
9172.480000 0.000000 1
9175.840000 0.000000 1
9179.200000 0.000000 1
9182.560000 0.000000 1
9185.920000 0.000000 1
9189.280000 0.000000 1
9192.640000 0.000000 1
9196.000000 0.000000 1
9199.360000 0.000000 1
9202.720000 0.000000 1
9206.080000 0.000000 1
9209.440000 0.000000 1
9212.800000 0.000000 1
9216.160000 0.000000 1
9219.520000 0.000000 1
9222.880000 0.000000 1
9226.240000 0.000000 1
9229.600000 0.000000 1
9232.960000 0.000000 1
9236.320000 0.000000 1
9239.680000 0.000000 1
9243.040000 0.000000 1
9246.400000 0.000000 1
9249.760000 0.000000 1
