# obs: 255710
# slit: 2
# z: 0.44658
# lines: K,H,H{delta},H{beta}
# spec: 198
4451.680000 0.000000 1
4455.040000 0.000000 1
4458.400000 0.000000 1
4461.760000 0.000000 1
4465.120000 0.000000 1
4468.480000 0.000000 1
4471.840000 0.000000 1
4475.200000 0.000000 1
4478.560000 0.000000 1
4481.920000 0.000000 1
4485.280000 0.000000 1
4488.640000 0.000000 1
4492.000000 0.000000 1
4495.360000 0.000000 1
4498.720000 0.000000 1
4502.080000 0.000000 1
4505.440000 0.000000 1
4508.800000 0.000000 1
4512.160000 0.000000 1
4515.520000 0.012380 0
4518.880000 0.016717 0
4522.240000 -0.002926 0
4525.600000 0.001479 0
4528.960000 0.005551 0
4532.320000 -0.001274 0
4535.680000 0.008163 0
4539.040000 0.001229 0
4542.400000 -0.000207 0
4545.760000 0.012591 0
4549.120000 0.006771 0
4552.480000 0.011868 0
4555.840000 0.008940 0
4559.200000 0.024236 0
4562.560000 0.009438 0
4565.920000 0.009956 0
4569.280000 0.008259 0
4572.640000 0.005809 0
4576.000000 0.003613 0
4579.360000 0.006835 0
4582.720000 0.009925 0
4586.080000 0.011242 0
4589.440000 0.011205 0
4592.800000 0.001152 0
4596.160000 0.009713 0
4599.520000 0.007446 0
4602.880000 0.011372 0
4606.240000 0.003248 0
4609.600000 0.013381 0
4612.960000 0.009616 0
4616.320000 0.009945 0
4619.680000 0.011376 0
4623.040000 0.009923 0
4626.400000 0.007960 0
4629.760000 0.006647 0
4633.120000 0.008390 0
4636.480000 0.004540 0
4639.840000 0.004287 0
4643.200000 0.006911 0
4646.560000 0.010859 0
4649.920000 0.000929 0
4653.280000 0.006762 0
4656.640000 0.004574 0
4660.000000 0.006160 0
4663.360000 0.003051 0
4666.720000 0.008070 0
4670.080000 0.010768 0
4673.440000 0.003046 0
4676.800000 0.005666 0
4680.160000 -0.001752 0
4683.520000 0.010666 0
4686.880000 0.009296 0
4690.240000 0.011196 0
4693.600000 0.002397 0
4696.960000 -0.002533 0
4700.320000 0.005020 0
4703.680000 0.008082 0
4707.040000 0.009240 0
4710.400000 0.014019 0
4713.760000 0.010446 0
4717.120000 0.005704 0
4720.480000 0.008723 0
4723.840000 0.005557 0
4727.200000 0.012263 0
4730.560000 0.012816 0
4733.920000 0.005801 0
4737.280000 0.008846 0
4740.640000 0.011426 0
4744.000000 0.016039 0
4747.360000 0.011778 0
4750.720000 0.011252 0
4754.080000 0.011518 0
4757.440000 0.006992 0
4760.800000 0.012382 0
4764.160000 0.013254 0
4767.520000 0.008887 0
4770.880000 0.006368 0
4774.240000 0.008723 0
4777.600000 0.016310 0
4780.960000 0.014568 0
4784.320000 0.007600 0
4787.680000 0.010279 0
4791.040000 0.013003 0
4794.400000 0.009162 0
4797.760000 0.009732 0
4801.120000 0.012931 0
4804.480000 0.004568 0
4807.840000 0.006735 0
4811.200000 0.007245 0
4814.560000 -0.000147 0
4817.920000 0.014002 0
4821.280000 0.004466 0
4824.640000 0.005956 0
4828.000000 0.008610 0
4831.360000 0.014662 0
4834.720000 0.005227 0
4838.080000 0.014692 0
4841.440000 0.008939 0
4844.800000 0.008361 0
4848.160000 0.008426 0
4851.520000 0.009225 0
4854.880000 0.017089 0
4858.240000 0.014518 0
4861.600000 0.008339 0
4864.960000 0.009280 0
4868.320000 0.008086 0
4871.680000 0.005911 0
4875.040000 0.008926 0
4878.400000 0.004015 0
4881.760000 0.008040 0
4885.120000 0.009410 0
4888.480000 0.010791 0
4891.840000 0.011091 0
4895.200000 0.011698 0
4898.560000 0.011086 0
4901.920000 0.009299 0
4905.280000 0.006856 0
4908.640000 0.011564 0
4912.000000 0.005127 0
4915.360000 0.010339 0
4918.720000 0.004677 0
4922.080000 0.014798 0
4925.440000 0.006099 0
4928.800000 0.010877 0
4932.160000 0.006304 0
4935.520000 0.009993 0
4938.880000 0.005715 0
4942.240000 0.008572 0
4945.600000 0.008519 0
4948.960000 0.012869 0
4952.320000 0.012797 0
4955.680000 0.011981 0
4959.040000 0.013168 0
4962.400000 0.010720 0
4965.760000 0.014705 0
4969.120000 0.007292 0
4972.480000 0.014830 0
4975.840000 0.006593 0
4979.200000 0.003204 0
4982.560000 0.004508 0
4985.920000 0.005862 0
4989.280000 0.012271 0
4992.640000 0.009755 0
4996.000000 0.009102 0
4999.360000 0.006628 0
5002.720000 0.006522 0
5006.080000 0.009128 0
5009.440000 0.012293 0
5012.800000 0.008121 0
5016.160000 0.007051 0
5019.520000 0.011925 0
5022.880000 0.014842 0
5026.240000 0.010068 0
5029.600000 0.005409 0
5032.960000 0.009875 0
5036.320000 0.010769 0
5039.680000 0.011857 0
5043.040000 0.013824 0
5046.400000 0.009705 0
5049.760000 0.003305 0
5053.120000 0.009743 0
5056.480000 0.014216 0
5059.840000 0.008735 0
5063.200000 0.017243 0
5066.560000 0.014474 0
5069.920000 0.008671 0
5073.280000 0.007537 0
5076.640000 0.013856 0
5080.000000 0.013722 0
5083.360000 0.011052 0
5086.720000 0.016114 0
5090.080000 0.012314 0
5093.440000 0.005715 0
5096.800000 0.008632 0
5100.160000 0.013017 0
5103.520000 0.010014 0
5106.880000 0.010834 0
5110.240000 0.009735 0
5113.600000 0.006889 0
5116.960000 0.011411 0
5120.320000 0.008358 0
5123.680000 0.016226 0
5127.040000 0.014813 0
5130.400000 0.013532 0
5133.760000 0.013540 0
5137.120000 0.007888 0
5140.480000 0.010569 0
5143.840000 0.008228 0
5147.200000 0.020489 0
5150.560000 0.007559 0
5153.920000 0.015666 0
5157.280000 0.016128 0
5160.640000 0.004917 0
5164.000000 0.012331 0
5167.360000 0.013819 0
5170.720000 0.011360 0
5174.080000 0.009551 0
5177.440000 0.013345 0
5180.800000 0.015084 0
5184.160000 0.012009 0
5187.520000 0.006412 0
5190.880000 0.012362 0
5194.240000 0.011763 0
5197.600000 0.009338 0
5200.960000 0.009312 0
5204.320000 0.010321 0
5207.680000 0.012097 0
5211.040000 0.011827 0
5214.400000 0.009308 0
5217.760000 0.009508 0
5221.120000 0.015507 0
5224.480000 0.007187 0
5227.840000 0.013669 0
5231.200000 0.011387 0
5234.560000 0.005427 0
5237.920000 0.015024 0
5241.280000 0.013636 0
5244.640000 0.012201 0
5248.000000 0.011400 0
5251.360000 0.010523 0
5254.720000 0.014116 0
5258.080000 0.010278 0
5261.440000 0.010090 0
5264.800000 0.014183 0
5268.160000 0.012521 0
5271.520000 0.011147 0
5274.880000 0.011409 0
5278.240000 0.012120 0
5281.600000 0.012095 0
5284.960000 0.013757 0
5288.320000 0.013200 0
5291.680000 0.018882 0
5295.040000 0.014200 0
5298.400000 0.013143 0
5301.760000 0.019272 0
5305.120000 0.019005 0
5308.480000 0.010340 0
5311.840000 0.009904 0
5315.200000 0.011626 0
5318.560000 0.015895 0
5321.920000 0.012879 0
5325.280000 0.011780 0
5328.640000 0.010763 0
5332.000000 0.011663 0
5335.360000 0.014457 0
5338.720000 0.014638 0
5342.080000 0.016862 0
5345.440000 0.020159 0
5348.800000 0.015985 0
5352.160000 0.014241 0
5355.520000 0.009564 0
5358.880000 0.010992 0
5362.240000 0.013563 0
5365.600000 0.013866 0
5368.960000 0.011204 0
5372.320000 0.016872 0
5375.680000 0.017282 0
5379.040000 0.012986 0
5382.400000 0.015909 0
5385.760000 0.010526 0
5389.120000 0.015140 0
5392.480000 0.023728 0
5395.840000 0.017034 0
5399.200000 0.013904 0
5402.560000 0.010600 0
5405.920000 0.012570 0
5409.280000 0.014760 0
5412.640000 0.016826 0
5416.000000 0.016162 0
5419.360000 0.009783 0
5422.720000 0.004765 0
5426.080000 0.010197 0
5429.440000 0.012940 0
5432.800000 0.013516 0
5436.160000 0.007849 0
5439.520000 0.008852 0
5442.880000 0.010870 0
5446.240000 0.011687 0
5449.600000 0.011411 0
5452.960000 0.010343 0
5456.320000 0.009446 0
5459.680000 0.015423 0
5463.040000 0.014387 0
5466.400000 0.015373 0
5469.760000 0.018625 0
5473.120000 0.022126 0
5476.480000 0.021143 0
5479.840000 0.016296 0
5483.200000 0.017363 0
5486.560000 0.016070 0
5489.920000 0.008237 0
5493.280000 0.010499 0
5496.640000 0.010869 0
5500.000000 0.016238 0
5503.360000 0.013480 0
5506.720000 0.013759 0
5510.080000 0.019468 0
5513.440000 0.017700 0
5516.800000 0.016750 0
5520.160000 0.016713 0
5523.520000 0.013103 0
5526.880000 0.015264 0
5530.240000 0.009969 0
5533.600000 0.010960 0
5536.960000 0.012685 0
5540.320000 0.011139 0
5543.680000 0.014882 0
5547.040000 0.013450 0
5550.400000 0.008676 0
5553.760000 0.013994 0
5557.120000 0.015980 0
5560.480000 0.014876 1
5563.840000 0.025174 1
5567.200000 0.036772 1
5570.560000 0.146285 1
5573.920000 -0.007502 1
5577.280000 -0.001228 1
5580.640000 0.026619 1
5584.000000 -0.061899 1
5587.360000 0.037226 1
5590.720000 0.009578 1
5594.080000 0.023843 1
5597.440000 0.028310 1
5600.800000 0.024691 1
5604.160000 0.011495 0
5607.520000 0.010237 0
5610.880000 0.010912 0
5614.240000 0.012084 0
5617.600000 0.014127 0
5620.960000 0.016895 0
5624.320000 0.009263 0
5627.680000 0.012230 0
5631.040000 0.018467 0
5634.400000 0.014356 0
5637.760000 0.017005 0
5641.120000 0.015596 0
5644.480000 0.014790 0
5647.840000 0.012690 0
5651.200000 0.018275 0
5654.560000 0.017963 0
5657.920000 0.020041 0
5661.280000 0.023554 0
5664.640000 0.020120 0
5668.000000 0.017833 0
5671.360000 0.013317 0
5674.720000 0.012300 0
5678.080000 0.015933 0
5681.440000 0.014043 0
5684.800000 0.010376 0
5688.160000 0.009535 0
5691.520000 0.007623 0
5694.880000 0.007089 0
5698.240000 0.012774 0
5701.600000 0.009625 0
5704.960000 0.017973 0
5708.320000 0.009410 0
5711.680000 0.013949 0
5715.040000 0.014278 0
5718.400000 0.019016 0
5721.760000 0.019861 0
5725.120000 0.017707 0
5728.480000 0.022406 0
5731.840000 0.013683 0
5735.200000 0.008275 0
5738.560000 0.007506 0
5741.920000 0.003404 0
5745.280000 0.010916 0
5748.640000 0.011072 0
5752.000000 0.012795 0
5755.360000 0.014279 0
5758.720000 0.018181 0
5762.080000 0.021712 0
5765.440000 0.015317 0
5768.800000 0.012974 0
5772.160000 0.025354 0
5775.520000 0.024042 0
5778.880000 0.022515 0
5782.240000 0.021531 0
5785.600000 0.022753 0
5788.960000 0.028916 0
5792.320000 0.028201 0
5795.680000 0.022234 0
5799.040000 0.024220 0
5802.400000 0.022042 0
5805.760000 0.020300 0
5809.120000 0.030711 0
5812.480000 0.026308 0
5815.840000 0.020823 0
5819.200000 0.023865 0
5822.560000 0.029522 0
5825.920000 0.031502 0
5829.280000 0.024936 0
5832.640000 0.021894 0
5836.000000 0.026593 0
5839.360000 0.015981 0
5842.720000 0.023225 0
5846.080000 0.016233 0
5849.440000 0.021111 0
5852.800000 0.015202 0
5856.160000 0.017740 0
5859.520000 0.023183 0
5862.880000 0.020465 0
5866.240000 0.023344 0
5869.600000 0.021726 0
5872.960000 0.016858 0
5876.320000 0.017607 0
5879.680000 0.021308 0
5883.040000 0.020155 0
5886.400000 0.020676 0
5889.760000 0.017021 0
5893.120000 0.009132 0
5896.480000 0.016553 0
5899.840000 0.022821 0
5903.200000 0.026227 0
5906.560000 0.022645 0
5909.920000 0.019913 0
5913.280000 0.029494 0
5916.640000 0.030629 0
5920.000000 0.028760 0
5923.360000 0.021117 0
5926.720000 0.026082 0
5930.080000 0.025406 0
5933.440000 0.021906 0
5936.800000 0.027277 0
5940.160000 0.022028 0
5943.520000 0.024354 0
5946.880000 0.028122 0
5950.240000 0.018544 0
5953.600000 0.024414 0
5956.960000 0.024434 0
5960.320000 0.022117 0
5963.680000 0.025767 0
5967.040000 0.025454 0
5970.400000 0.027959 0
5973.760000 0.020598 0
5977.120000 0.018361 0
5980.480000 0.025672 0
5983.840000 0.024686 0
5987.200000 0.023537 0
5990.560000 0.023929 0
5993.920000 0.019525 0
5997.280000 0.017050 0
6000.640000 0.022893 0
6004.000000 0.029260 0
6007.360000 0.025329 0
6010.720000 0.027445 0
6014.080000 0.023860 0
6017.440000 0.029560 0
6020.800000 0.020145 0
6024.160000 0.023988 0
6027.520000 0.025717 0
6030.880000 0.030270 0
6034.240000 0.026231 0
6037.600000 0.016416 0
6040.960000 0.021969 0
6044.320000 0.024652 0
6047.680000 0.025486 0
6051.040000 0.031410 0
6054.400000 0.024071 0
6057.760000 0.022719 0
6061.120000 0.025609 0
6064.480000 0.027031 0
6067.840000 0.030136 0
6071.200000 0.029166 0
6074.560000 0.020161 0
6077.920000 0.028001 0
6081.280000 0.022828 0
6084.640000 0.022853 0
6088.000000 0.024947 0
6091.360000 0.020334 0
6094.720000 0.023582 0
6098.080000 0.023569 0
6101.440000 0.022710 0
6104.800000 0.027338 0
6108.160000 0.025255 0
6111.520000 0.024823 0
6114.880000 0.022100 0
6118.240000 0.026664 0
6121.600000 0.027451 0
6124.960000 0.025608 0
6128.320000 0.022811 0
6131.680000 0.026358 0
6135.040000 0.023935 0
6138.400000 0.025462 0
6141.760000 0.029990 0
6145.120000 0.026881 0
6148.480000 0.022202 0
6151.840000 0.027395 0
6155.200000 0.029381 0
6158.560000 0.024965 0
6161.920000 0.022850 0
6165.280000 0.031917 0
6168.640000 0.026749 0
6172.000000 0.026749 0
6175.360000 0.025700 0
6178.720000 0.026672 0
6182.080000 0.016793 0
6185.440000 0.018805 0
6188.800000 0.025084 0
6192.160000 0.028851 0
6195.520000 0.026870 0
6198.880000 0.024141 0
6202.240000 0.027544 0
6205.600000 0.023100 0
6208.960000 0.022763 0
6212.320000 0.023033 0
6215.680000 0.026448 0
6219.040000 0.021941 0
6222.400000 0.018009 0
6225.760000 0.019578 0
6229.120000 0.026060 0
6232.480000 0.024736 0
6235.840000 0.023721 0
6239.200000 0.026712 0
6242.560000 0.026633 0
6245.920000 0.034306 0
6249.280000 0.026079 0
6252.640000 0.025929 0
6256.000000 0.023647 0
6259.360000 0.025219 0
6262.720000 0.029318 0
6266.080000 0.033132 0
6269.440000 0.028799 0
6272.800000 0.022000 0
6276.160000 0.021071 0
6279.520000 0.021320 0
6282.880000 0.022286 0
6286.240000 0.017713 0
6289.600000 0.024479 0
6292.960000 0.011204 0
6296.320000 0.022160 0
6299.680000 0.020125 0
6303.040000 0.027275 0
6306.400000 0.039132 0
6309.760000 0.031750 0
6313.120000 0.030723 0
6316.480000 0.030434 0
6319.840000 0.028663 0
6323.200000 0.035910 0
6326.560000 0.034148 0
6329.920000 0.018762 0
6333.280000 0.020339 0
6336.640000 0.026274 0
6340.000000 0.024650 0
6343.360000 0.020515 0
6346.720000 0.023408 0
6350.080000 0.025884 0
6353.440000 0.025017 0
6356.800000 0.029201 0
6360.160000 0.034142 0
6363.520000 0.031761 0
6366.880000 0.036456 0
6370.240000 0.033010 0
6373.600000 0.025811 0
6376.960000 0.032329 0
6380.320000 0.031904 0
6383.680000 0.029817 0
6387.040000 0.030122 0
6390.400000 0.034388 0
6393.760000 0.036216 0
6397.120000 0.032535 0
6400.480000 0.028236 0
6403.840000 0.030246 0
6407.200000 0.031061 0
6410.560000 0.031004 0
6413.920000 0.027068 0
6417.280000 0.033805 0
6420.640000 0.032428 0
6424.000000 0.031437 0
6427.360000 0.033094 0
6430.720000 0.029863 0
6434.080000 0.032316 0
6437.440000 0.037153 0
6440.800000 0.033748 0
6444.160000 0.036261 0
6447.520000 0.033128 0
6450.880000 0.030004 0
6454.240000 0.034097 0
6457.600000 0.029899 0
6460.960000 0.027285 0
6464.320000 0.027951 0
6467.680000 0.027967 0
6471.040000 0.031081 0
6474.400000 0.033920 0
6477.760000 0.039300 0
6481.120000 0.038625 0
6484.480000 0.032372 0
6487.840000 0.031700 0
6491.200000 0.035536 0
6494.560000 0.039205 0
6497.920000 0.035504 0
6501.280000 0.036404 0
6504.640000 0.039105 0
6508.000000 0.033364 0
6511.360000 0.035079 0
6514.720000 0.032142 0
6518.080000 0.037386 0
6521.440000 0.035226 0
6524.800000 0.032653 0
6528.160000 0.034943 0
6531.520000 0.043930 0
6534.880000 0.035754 0
6538.240000 0.032871 0
6541.600000 0.031079 0
6544.960000 0.036025 0
6548.320000 0.030979 0
6551.680000 0.032891 0
6555.040000 0.032430 0
6558.400000 0.031129 0
6561.760000 0.034215 0
6565.120000 0.025983 0
6568.480000 0.040841 0
6571.840000 0.038231 0
6575.200000 0.036252 0
6578.560000 0.033331 0
6581.920000 0.029130 0
6585.280000 0.035820 0
6588.640000 0.032033 0
6592.000000 0.029926 0
6595.360000 0.035498 0
6598.720000 0.036238 0
6602.080000 0.035470 0
6605.440000 0.033529 0
6608.800000 0.033159 0
6612.160000 0.032488 0
6615.520000 0.033405 0
6618.880000 0.037201 0
6622.240000 0.032261 0
6625.600000 0.030857 0
6628.960000 0.031642 0
6632.320000 0.034313 0
6635.680000 0.038789 0
6639.040000 0.029533 0
6642.400000 0.038419 0
6645.760000 0.036617 0
6649.120000 0.034013 0
6652.480000 0.033615 0
6655.840000 0.032901 0
6659.200000 0.035352 0
6662.560000 0.034650 0
6665.920000 0.034379 0
6669.280000 0.034894 0
6672.640000 0.034472 0
6676.000000 0.040090 0
6679.360000 0.040357 0
6682.720000 0.030385 0
6686.080000 0.035430 0
6689.440000 0.035026 0
6692.800000 0.033429 0
6696.160000 0.037848 0
6699.520000 0.033724 0
6702.880000 0.034672 0
6706.240000 0.037782 0
6709.600000 0.037454 0
6712.960000 0.037683 0
6716.320000 0.035869 0
6719.680000 0.028578 0
6723.040000 0.030978 0
6726.400000 0.036589 0
6729.760000 0.038387 0
6733.120000 0.036845 0
6736.480000 0.033918 0
6739.840000 0.038805 0
6743.200000 0.043348 0
6746.560000 0.039261 0
6749.920000 0.035843 0
6753.280000 0.028797 0
6756.640000 0.032422 0
6760.000000 0.038016 0
6763.360000 0.034608 0
6766.720000 0.031350 0
6770.080000 0.031996 0
6773.440000 0.034620 0
6776.800000 0.037748 0
6780.160000 0.039587 0
6783.520000 0.032786 0
6786.880000 0.030364 0
6790.240000 0.032742 0
6793.600000 0.041542 0
6796.960000 0.037697 0
6800.320000 0.040259 0
6803.680000 0.037397 0
6807.040000 0.032923 0
6810.400000 0.038006 0
6813.760000 0.037291 0
6817.120000 0.038680 1
6820.480000 0.043485 1
6823.840000 0.049261 1
6827.200000 0.056205 1
6830.560000 0.080341 1
6833.920000 0.078554 1
6837.280000 0.048114 1
6840.640000 0.037763 0
6844.000000 0.038729 0
6847.360000 0.040474 0
6850.720000 0.035879 0
6854.080000 0.034371 0
6857.440000 0.030870 0
6860.800000 0.033087 0
6864.160000 0.039771 0
6867.520000 0.031493 0
6870.880000 0.040699 0
6874.240000 0.027820 0
6877.600000 0.025531 0
6880.960000 0.030058 0
6884.320000 0.028661 0
6887.680000 0.035253 0
6891.040000 0.032197 0
6894.400000 0.024453 0
6897.760000 0.033878 0
6901.120000 0.033425 0
6904.480000 0.033366 0
6907.840000 0.031551 0
6911.200000 0.031891 0
6914.560000 0.030305 0
6917.920000 0.043241 0
6921.280000 0.040911 0
6924.640000 0.025623 0
6928.000000 0.041416 0
6931.360000 0.039911 0
6934.720000 0.031771 0
6938.080000 0.042721 0
6941.440000 0.029686 0
6944.800000 0.034613 0
6948.160000 0.041322 0
6951.520000 0.030838 0
6954.880000 0.038138 0
6958.240000 0.041785 0
6961.600000 0.036786 0
6964.960000 0.036377 0
6968.320000 0.038371 0
6971.680000 0.036629 0
6975.040000 0.033583 0
6978.400000 0.031673 0
6981.760000 0.037814 0
6985.120000 0.045431 0
6988.480000 0.034687 0
6991.840000 0.034950 0
6995.200000 0.038534 0
6998.560000 0.037815 0
7001.920000 0.034521 0
7005.280000 0.034935 0
7008.640000 0.039399 0
7012.000000 0.039632 0
7015.360000 0.038183 0
7018.720000 0.043371 0
7022.080000 0.038421 0
7025.440000 0.036880 0
7028.800000 0.028086 0
7032.160000 0.030026 0
7035.520000 0.029806 0
7038.880000 0.030213 0
7042.240000 0.030355 0
7045.600000 0.038996 0
7048.960000 0.036201 0
7052.320000 0.033512 0
7055.680000 0.034714 0
7059.040000 0.038838 0
7062.400000 0.041023 0
7065.760000 0.035603 0
7069.120000 0.031041 0
7072.480000 0.034690 0
7075.840000 0.042749 0
7079.200000 0.042823 0
7082.560000 0.036176 0
7085.920000 0.030278 0
7089.280000 0.036503 0
7092.640000 0.038928 0
7096.000000 0.038026 0
7099.360000 0.033353 0
7102.720000 0.035801 0
7106.080000 0.043389 0
7109.440000 0.045494 0
7112.800000 0.037253 0
7116.160000 0.040916 0
7119.520000 0.037717 0
7122.880000 0.033515 0
7126.240000 0.033367 0
7129.600000 0.030403 0
7132.960000 0.038290 0
7136.320000 0.045648 0
7139.680000 0.035265 0
7143.040000 0.036288 0
7146.400000 0.040244 0
7149.760000 0.041143 0
7153.120000 0.041249 0
7156.480000 0.039039 0
7159.840000 0.042409 0
7163.200000 0.039936 0
7166.560000 0.035654 0
7169.920000 0.036809 0
7173.280000 0.037526 0
7176.640000 0.036169 0
7180.000000 0.035435 0
7183.360000 0.033916 0
7186.720000 0.031911 0
7190.080000 0.033427 0
7193.440000 0.034274 0
7196.800000 0.032552 0
7200.160000 0.031205 0
7203.520000 0.035107 0
7206.880000 0.028617 0
7210.240000 0.026096 0
7213.600000 0.034850 0
7216.960000 0.033695 0
7220.320000 0.044321 0
7223.680000 0.039693 0
7227.040000 0.038082 0
7230.400000 0.031006 0
7233.760000 0.038638 0
7237.120000 0.016878 0
7240.480000 0.027084 0
7243.840000 0.035704 0
7247.200000 0.050852 0
7250.560000 0.047106 0
7253.920000 0.038159 0
7257.280000 0.044534 0
7260.640000 0.034305 0
7264.000000 0.033546 0
7267.360000 0.028355 0
7270.720000 0.026342 0
7274.080000 0.033350 0
7277.440000 0.040414 0
7280.800000 0.052624 0
7284.160000 0.056244 0
7287.520000 0.041205 0
7290.880000 0.036554 0
7294.240000 0.031332 0
7297.600000 0.036041 0
7300.960000 0.034221 0
7304.320000 0.040187 0
7307.680000 0.036611 0
7311.040000 0.026972 0
7314.400000 0.041838 0
7317.760000 0.032139 0
7321.120000 0.036310 0
7324.480000 0.046206 0
7327.840000 0.035005 0
7331.200000 0.041881 0
7334.560000 0.031262 0
7337.920000 0.037730 0
7341.280000 0.040081 0
7344.640000 0.055010 0
7348.000000 0.046543 0
7351.360000 0.034591 0
7354.720000 0.033845 0
7358.080000 0.041905 0
7361.440000 0.034987 0
7364.800000 0.046382 0
7368.160000 0.037459 0
7371.520000 0.032478 0
7374.880000 0.051192 0
7378.240000 0.047688 0
7381.600000 0.032491 0
7384.960000 0.031830 0
7388.320000 0.044358 0
7391.680000 0.033874 0
7395.040000 0.036643 0
7398.400000 0.029195 0
7401.760000 0.037556 0
7405.120000 0.058492 0
7408.480000 0.051966 0
7411.840000 0.036701 0
7415.200000 0.031903 0
7418.560000 0.036273 0
7421.920000 0.041088 0
7425.280000 0.039493 0
7428.640000 0.038046 0
7432.000000 0.040596 0
7435.360000 0.038331 0
7438.720000 0.037622 0
7442.080000 0.036646 0
7445.440000 0.034176 0
7448.800000 0.031328 0
7452.160000 0.034626 0
7455.520000 0.035040 0
7458.880000 0.033066 0
7462.240000 0.035711 0
7465.600000 0.039525 0
7468.960000 0.042658 0
7472.320000 0.040191 0
7475.680000 0.028389 0
7479.040000 0.029837 0
7482.400000 0.028673 0
7485.760000 0.030719 0
7489.120000 0.041262 0
7492.480000 0.032587 0
7495.840000 0.026658 0
7499.200000 0.030790 0
7502.560000 0.039311 0
7505.920000 0.033883 0
7509.280000 0.036699 0
7512.640000 0.037248 0
7516.000000 0.025658 0
7519.360000 0.026883 0
7522.720000 0.035151 0
7526.080000 0.053433 0
7529.440000 0.034597 0
7532.800000 0.042078 0
7536.160000 0.036069 0
7539.520000 0.044518 0
7542.880000 0.040090 0
7546.240000 0.034189 0
7549.600000 0.038813 0
7552.960000 0.041441 0
7556.320000 0.043925 0
7559.680000 0.039447 0
7563.040000 0.034550 0
7566.400000 0.029440 0
7569.760000 0.038041 0
7573.120000 0.042556 0
7576.480000 0.062535 0
7579.840000 0.046259 0
7583.200000 0.050915 0
7586.560000 0.042249 0
7589.920000 0.036432 0
7593.280000 0.034220 0
7596.640000 0.035225 0
7600.000000 0.047387 0
7603.360000 0.036281 0
7606.720000 0.039125 0
7610.080000 0.027415 0
7613.440000 0.029048 0
7616.800000 0.036578 0
7620.160000 0.028507 0
7623.520000 0.034585 0
7626.880000 0.032558 0
7630.240000 0.031218 0
7633.600000 0.051831 0
7636.960000 0.045496 0
7640.320000 0.045981 0
7643.680000 0.042029 0
7647.040000 0.038463 0
7650.400000 0.051519 0
7653.760000 0.048996 0
7657.120000 0.036618 0
7660.480000 0.040680 0
7663.840000 0.035057 0
7667.200000 0.040680 0
7670.560000 0.037104 0
7673.920000 0.036072 0
7677.280000 0.039490 0
7680.640000 0.042811 0
7684.000000 0.041879 0
7687.360000 0.039484 0
7690.720000 0.043499 0
7694.080000 0.039797 0
7697.440000 0.035814 0
7700.800000 0.038419 0
7704.160000 0.029271 0
7707.520000 0.030183 0
7710.880000 0.032515 0
7714.240000 0.050645 0
7717.600000 0.050401 0
7720.960000 0.067898 0
7724.320000 0.056224 0
7727.680000 0.046359 0
7731.040000 0.049022 0
7734.400000 0.048327 0
7737.760000 0.032510 0
7741.120000 0.022624 0
7744.480000 0.026790 0
7747.840000 0.049694 0
7751.200000 0.045065 0
7754.560000 0.049319 0
7757.920000 0.052030 0
7761.280000 0.043620 0
7764.640000 0.043832 0
7768.000000 0.045537 0
7771.360000 0.039106 0
7774.720000 0.030445 0
7778.080000 0.042159 0
7781.440000 0.049697 0
7784.800000 0.035986 0
7788.160000 0.035453 0
7791.520000 0.052495 0
7794.880000 0.045362 0
7798.240000 0.042458 0
7801.600000 0.044396 0
7804.960000 0.047520 0
7808.320000 0.040035 0
7811.680000 0.039534 0
7815.040000 0.029677 0
7818.400000 0.034145 0
7821.760000 0.031947 0
7825.120000 0.039251 0
7828.480000 0.053343 0
7831.840000 0.044873 0
7835.200000 0.042310 0
7838.560000 0.043934 0
7841.920000 0.050465 0
7845.280000 0.043511 0
7848.640000 0.050290 0
7852.000000 0.033558 0
7855.360000 0.030844 0
7858.720000 0.051076 0
7862.080000 0.049360 0
7865.440000 0.043008 0
7868.800000 0.048030 0
7872.160000 0.034360 0
7875.520000 0.050526 0
7878.880000 0.044095 0
7882.240000 0.037214 0
7885.600000 0.045461 0
7888.960000 0.044126 0
7892.320000 0.045818 0
7895.680000 0.054653 0
7899.040000 0.042815 0
7902.400000 0.039708 0
7905.760000 0.039377 0
7909.120000 0.029951 0
7912.480000 0.047897 0
7915.840000 0.020145 0
7919.200000 0.043549 0
7922.560000 0.045303 0
7925.920000 0.047575 0
7929.280000 0.041378 0
7932.640000 0.043812 0
7936.000000 0.044526 0
7939.360000 0.060739 0
7942.720000 0.368080 0
7946.080000 0.132787 0
7949.440000 0.035573 0
7952.800000 0.045789 0
7956.160000 0.035494 0
7959.520000 0.007407 0
7962.880000 0.032354 0
7966.240000 0.048681 0
7969.600000 0.043901 0
7972.960000 0.032041 0
7976.320000 0.044337 0
7979.680000 0.050287 0
7983.040000 0.050305 0
7986.400000 0.039506 0
7989.760000 0.039824 0
7993.120000 0.055470 0
7996.480000 0.055178 0
7999.840000 0.044382 0
8003.200000 0.050455 0
8006.560000 0.041975 0
8009.920000 0.036849 0
8013.280000 0.033138 0
8016.640000 0.041109 0
8020.000000 0.045227 0
8023.360000 0.055611 0
8026.720000 0.065448 0
8030.080000 0.061322 0
8033.440000 0.050255 0
8036.800000 0.049214 0
8040.160000 0.048787 0
8043.520000 0.042218 0
8046.880000 0.037967 0
8050.240000 0.047834 0
8053.600000 0.043240 0
8056.960000 0.042662 0
8060.320000 0.050252 0
8063.680000 0.051182 0
8067.040000 0.046223 0
8070.400000 0.044557 0
8073.760000 0.046264 0
8077.120000 0.044585 0
8080.480000 0.039634 0
8083.840000 0.034776 0
8087.200000 0.037941 0
8090.560000 0.040473 0
8093.920000 0.045619 0
8097.280000 0.035690 0
8100.640000 0.045454 0
8104.000000 0.033821 0
8107.360000 0.043250 0
8110.720000 0.045650 0
8114.080000 0.045406 0
8117.440000 0.045225 0
8120.800000 0.043988 0
8124.160000 0.038372 0
8127.520000 0.040713 0
8130.880000 0.039570 0
8134.240000 0.039895 0
8137.600000 0.039268 0
8140.960000 0.039371 0
8144.320000 0.038763 0
8147.680000 0.040644 0
8151.040000 0.039310 0
8154.400000 0.040620 0
8157.760000 0.038751 0
8161.120000 0.037928 0
8164.480000 0.041072 0
8167.840000 0.040863 0
8171.200000 0.037688 0
8174.560000 0.040698 0
8177.920000 0.041028 0
8181.280000 0.038045 0
8184.640000 0.041937 0
8188.000000 0.043941 0
8191.360000 0.037694 0
8194.720000 0.033588 0
8198.080000 0.041085 0
8201.440000 0.041429 0
8204.800000 0.042997 0
8208.160000 0.040769 0
8211.520000 0.039923 0
8214.880000 0.044904 0
8218.240000 0.044933 0
8221.600000 0.047076 0
8224.960000 0.035374 0
8228.320000 0.036642 0
8231.680000 0.038925 0
8235.040000 0.039195 0
8238.400000 0.042168 0
8241.760000 0.039310 0
8245.120000 0.046833 0
8248.480000 0.037776 0
8251.840000 0.038984 0
8255.200000 0.040778 0
8258.560000 0.040780 0
8261.920000 0.041750 0
8265.280000 0.041360 0
8268.640000 0.042469 0
8272.000000 0.042673 0
8275.360000 0.038707 0
8278.720000 0.033276 0
8282.080000 0.015199 0
8285.440000 0.030922 0
8288.800000 0.043944 0
8292.160000 0.045750 0
8295.520000 0.063936 0
8298.880000 0.062253 0
8302.240000 0.028825 0
8305.600000 0.038570 0
8308.960000 0.040593 0
8312.320000 0.048852 0
8315.680000 0.054211 0
8319.040000 0.050208 0
8322.400000 0.047114 0
8325.760000 0.049751 0
8329.120000 0.045310 0
8332.480000 0.041653 0
8335.840000 0.037882 0
8339.200000 0.043342 0
8342.560000 0.053463 0
8345.920000 0.065794 0
8349.280000 0.062074 0
8352.640000 0.053626 0
8356.000000 0.040665 0
8359.360000 0.049186 0
8362.720000 0.039745 0
8366.080000 0.046353 0
8369.440000 0.038825 0
8372.800000 0.041634 0
8376.160000 0.044851 0
8379.520000 0.040500 0
8382.880000 0.041393 0
8386.240000 0.050149 0
8389.600000 0.048147 0
8392.960000 0.046589 0
8396.320000 0.049479 0
8399.680000 0.072538 0
8403.040000 0.057548 0
8406.400000 0.049751 0
8409.760000 0.042710 0
8413.120000 0.052198 0
8416.480000 0.049727 0
8419.840000 0.049835 0
8423.200000 0.044632 0
8426.560000 0.022008 0
8429.920000 0.030912 0
8433.280000 0.038544 0
8436.640000 0.061659 0
8440.000000 0.047124 0
8443.360000 0.034096 0
8446.720000 0.040692 0
8450.080000 0.053154 0
8453.440000 0.045564 0
8456.800000 0.047370 0
8460.160000 0.039044 0
8463.520000 0.066533 0
8466.880000 0.057748 0
8470.240000 0.021692 0
8473.600000 0.046288 0
8476.960000 0.041908 0
8480.320000 0.038002 0
8483.680000 0.042908 0
8487.040000 0.040488 0
8490.400000 0.049854 0
8493.760000 0.053382 0
8497.120000 0.050007 0
8500.480000 0.055935 0
8503.840000 0.043423 0
8507.200000 0.059943 0
8510.560000 0.044459 0
8513.920000 0.042366 0
8517.280000 0.038191 0
8520.640000 0.036915 0
8524.000000 0.037326 0
8527.360000 0.035328 0
8530.720000 0.032919 0
8534.080000 0.035317 0
8537.440000 0.037866 0
8540.800000 0.035920 0
8544.160000 0.040339 0
8547.520000 0.039306 0
8550.880000 0.039699 0
8554.240000 0.043506 0
8557.600000 0.042555 0
8560.960000 0.036829 0
8564.320000 0.039610 0
8567.680000 0.043814 0
8571.040000 0.039245 0
8574.400000 0.036418 0
8577.760000 0.036913 0
8581.120000 0.035931 0
8584.480000 0.037931 0
8587.840000 0.040100 0
8591.200000 0.041944 0
8594.560000 0.038508 0
8597.920000 0.039979 0
8601.280000 0.039292 0
8604.640000 0.046854 0
8608.000000 0.050308 0
8611.360000 0.040536 0
8614.720000 0.040424 0
8618.080000 0.057938 0
8621.440000 0.042103 0
8624.800000 0.059086 0
8628.160000 0.044669 0
8631.520000 0.050979 0
8634.880000 0.043037 0
8638.240000 0.051875 0
8641.600000 0.053375 0
8644.960000 0.047945 0
8648.320000 0.033701 0
8651.680000 0.062204 0
8655.040000 0.066153 0
8658.400000 0.048126 0
8661.760000 0.049081 0
8665.120000 0.051251 0
8668.480000 0.045155 0
8671.840000 0.041054 0
8675.200000 0.046484 0
8678.560000 0.052787 0
8681.920000 0.065614 0
8685.280000 0.045550 0
8688.640000 0.029287 0
8692.000000 0.036668 0
8695.360000 0.036033 0
8698.720000 0.043050 0
8702.080000 0.042571 0
8705.440000 0.039047 0
8708.800000 0.033639 0
8712.160000 0.037678 0
8715.520000 0.036955 0
8718.880000 0.049024 0
8722.240000 0.044737 0
8725.600000 0.041577 0
8728.960000 0.040924 0
8732.320000 0.043355 0
8735.680000 0.040455 0
8739.040000 0.046984 0
8742.400000 0.041586 0
8745.760000 0.034587 0
8749.120000 0.033796 0
8752.480000 0.039860 0
8755.840000 0.025176 0
8759.200000 0.010870 0
8762.560000 0.043091 0
8765.920000 0.030170 0
8769.280000 0.044003 0
8772.640000 0.065985 0
8776.000000 0.037507 0
8779.360000 0.032839 0
8782.720000 0.036429 0
8786.080000 0.038476 0
8789.440000 0.033450 0
8792.800000 0.043455 0
8796.160000 0.063942 0
8799.520000 0.041224 0
8802.880000 0.036084 0
8806.240000 0.031393 0
8809.600000 0.035881 0
8812.960000 0.041490 0
8816.320000 0.042252 0
8819.680000 0.043979 0
8823.040000 0.017548 0
8826.400000 0.052030 0
8829.760000 0.068092 0
8833.120000 0.062524 0
8836.480000 0.048983 0
8839.840000 0.058585 0
8843.200000 0.053175 0
8846.560000 0.048362 0
8849.920000 0.035745 0
8853.280000 0.045960 0
8856.640000 0.033879 0
8860.000000 0.040889 0
8863.360000 0.051844 0
8866.720000 0.048039 0
8870.080000 0.040903 0
8873.440000 0.042714 0
8876.800000 0.050102 0
8880.160000 0.048206 0
8883.520000 0.058261 0
8886.880000 0.040207 0
8890.240000 0.034958 0
8893.600000 0.018846 0
8896.960000 0.039780 0
8900.320000 0.033671 0
8903.680000 0.031814 0
8907.040000 0.040083 0
8910.400000 0.067391 0
8913.760000 0.103915 0
8917.120000 0.055049 0
8920.480000 0.053454 0
8923.840000 0.039866 0
8927.200000 0.054425 0
8930.560000 0.034492 0
8933.920000 0.030338 0
8937.280000 0.037783 0
8940.640000 0.024105 0
8944.000000 0.039948 0
8947.360000 0.036131 0
8950.720000 0.025989 0
8954.080000 0.043445 0
8957.440000 0.055027 0
8960.800000 0.080014 0
8964.160000 0.015984 0
8967.520000 0.030961 0
8970.880000 0.032470 0
8974.240000 0.024081 0
8977.600000 0.024666 0
8980.960000 0.021919 0
8984.320000 0.042929 0
8987.680000 0.044508 0
8991.040000 0.025763 0
8994.400000 0.029181 0
8997.760000 0.035822 0
9001.120000 0.022717 0
9004.480000 0.046776 0
9007.840000 0.039933 0
9011.200000 0.031995 0
9014.560000 0.022643 0
9017.920000 0.033962 0
9021.280000 0.034207 0
9024.640000 0.036840 0
9028.000000 0.028237 0
9031.360000 0.038450 0
9034.720000 0.039819 0
9038.080000 0.048341 0
9041.440000 0.048401 0
9044.800000 0.035778 0
9048.160000 0.039973 0
9051.520000 0.045463 0
9054.880000 0.032098 0
9058.240000 0.025047 0
9061.600000 0.029686 0
9064.960000 0.026223 0
9068.320000 0.022284 0
9071.680000 0.033889 0
9075.040000 0.033888 0
9078.400000 0.036423 0
9081.760000 0.030597 0
9085.120000 0.035417 0
9088.480000 0.030596 0
9091.840000 0.032539 0
9095.200000 0.025189 0
9098.560000 0.034365 0
9101.920000 0.031407 0
9105.280000 0.031723 0
9108.640000 0.023779 0
9112.000000 0.027017 0
9115.360000 0.038194 0
9118.720000 0.030337 0
9122.080000 0.029177 0
9125.440000 0.025651 0
9128.800000 0.029205 0
9132.160000 0.030327 0
9135.520000 0.028527 0
9138.880000 0.032882 0
9142.240000 0.032961 0
9145.600000 0.030931 0
9148.960000 0.023260 0
9152.320000 0.033204 0
9155.680000 0.032047 0
9159.040000 0.032902 0
9162.400000 0.038220 0
9165.760000 0.026514 0
9169.120000 0.029731 0
9172.480000 0.033105 0
9175.840000 0.036093 0
9179.200000 0.034776 0
9182.560000 0.033438 0
9185.920000 0.034054 0
9189.280000 0.036728 0
9192.640000 0.043458 0
9196.000000 0.039126 0
9199.360000 0.031779 0
9202.720000 0.026412 0
9206.080000 0.029642 0
9209.440000 0.025528 0
9212.800000 0.027062 0
9216.160000 0.036450 0
9219.520000 0.040405 0
9222.880000 0.032861 0
9226.240000 0.034896 0
9229.600000 0.030943 0
9232.960000 0.021168 0
9236.320000 0.035325 0
9239.680000 0.036321 0
9243.040000 0.031767 0
9246.400000 0.032443 0
9249.760000 0.036590 0
