# obs: 255763
# slit: 26
# z: 0.43800
# lines: [OII]
# spec: 218
4451.680000 0.000000 1
4455.040000 0.000000 1
4458.400000 0.000000 1
4461.760000 0.000000 1
4465.120000 0.000000 1
4468.480000 0.000000 1
4471.840000 0.000000 1
4475.200000 0.000000 1
4478.560000 0.000000 1
4481.920000 0.000000 1
4485.280000 0.000000 1
4488.640000 0.000000 1
4492.000000 0.000000 1
4495.360000 -0.139459 1
4498.720000 -0.217744 1
4502.080000 -0.224358 1
4505.440000 -0.122189 1
4508.800000 0.008481 1
4512.160000 0.001545 0
4515.520000 0.014889 0
4518.880000 -0.018378 0
4522.240000 0.003327 0
4525.600000 0.001226 0
4528.960000 -0.007045 0
4532.320000 -0.008882 0
4535.680000 0.030807 0
4539.040000 -0.000711 0
4542.400000 0.000652 0
4545.760000 0.005211 0
4549.120000 -0.017161 0
4552.480000 -0.002632 0
4555.840000 0.008359 0
4559.200000 -0.001004 0
4562.560000 0.020248 0
4565.920000 0.021507 0
4569.280000 0.004201 0
4572.640000 0.010669 0
4576.000000 0.007578 0
4579.360000 0.003783 0
4582.720000 -0.004924 0
4586.080000 0.000378 0
4589.440000 -0.002078 0
4592.800000 -0.000719 0
4596.160000 0.019850 0
4599.520000 0.020974 0
4602.880000 0.016946 0
4606.240000 0.007340 0
4609.600000 -0.015109 0
4612.960000 0.006137 0
4616.320000 -0.005045 0
4619.680000 -0.003025 0
4623.040000 0.031804 0
4626.400000 0.026623 0
4629.760000 0.013816 0
4633.120000 -0.016337 0
4636.480000 0.017873 0
4639.840000 -0.003614 0
4643.200000 0.019958 0
4646.560000 0.006118 0
4649.920000 0.008127 0
4653.280000 0.011645 0
4656.640000 0.017622 0
4660.000000 0.023833 0
4663.360000 -0.004948 0
4666.720000 -0.023510 0
4670.080000 0.009235 0
4673.440000 -0.004533 0
4676.800000 0.006477 0
4680.160000 0.001290 0
4683.520000 0.030101 0
4686.880000 -0.008854 0
4690.240000 0.015133 0
4693.600000 0.008062 0
4696.960000 0.012693 0
4700.320000 0.020386 0
4703.680000 -0.007196 0
4707.040000 -0.011567 0
4710.400000 0.004586 0
4713.760000 0.017008 0
4717.120000 0.013341 0
4720.480000 0.004379 0
4723.840000 0.013939 0
4727.200000 -0.004579 0
4730.560000 0.006191 0
4733.920000 -0.002695 0
4737.280000 0.020807 0
4740.640000 0.000685 0
4744.000000 0.010915 0
4747.360000 0.000223 0
4750.720000 -0.020383 0
4754.080000 0.010421 0
4757.440000 0.006721 0
4760.800000 0.010711 0
4764.160000 0.019706 0
4767.520000 0.032905 0
4770.880000 0.006657 0
4774.240000 -0.005664 0
4777.600000 -0.002210 0
4780.960000 -0.006698 0
4784.320000 0.019127 0
4787.680000 0.008689 0
4791.040000 0.006580 0
4794.400000 0.010704 0
4797.760000 0.015409 0
4801.120000 0.043047 0
4804.480000 0.010832 0
4807.840000 -0.005603 0
4811.200000 0.014018 0
4814.560000 -0.006182 0
4817.920000 0.000084 0
4821.280000 0.016734 0
4824.640000 0.002749 0
4828.000000 -0.000076 0
4831.360000 0.033568 0
4834.720000 -0.004749 0
4838.080000 0.025841 0
4841.440000 0.017951 0
4844.800000 -0.029140 0
4848.160000 0.003024 0
4851.520000 0.020613 0
4854.880000 0.041983 0
4858.240000 0.027982 0
4861.600000 0.019057 0
4864.960000 0.013103 0
4868.320000 -0.005814 0
4871.680000 0.015640 0
4875.040000 0.017516 0
4878.400000 -0.005920 0
4881.760000 0.008241 0
4885.120000 0.006108 0
4888.480000 -0.010118 0
4891.840000 -0.010224 0
4895.200000 0.024603 0
4898.560000 -0.005662 0
4901.920000 -0.004227 0
4905.280000 0.007421 0
4908.640000 0.011393 0
4912.000000 0.009589 0
4915.360000 0.015236 0
4918.720000 -0.009482 0
4922.080000 0.002977 0
4925.440000 0.016098 0
4928.800000 0.000296 0
4932.160000 0.022999 0
4935.520000 0.006818 0
4938.880000 -0.003736 0
4942.240000 -0.011835 0
4945.600000 0.013970 0
4948.960000 0.001792 0
4952.320000 0.009490 0
4955.680000 0.006600 0
4959.040000 -0.000846 0
4962.400000 0.015808 0
4965.760000 -0.014924 0
4969.120000 -0.025039 0
4972.480000 -0.007188 0
4975.840000 0.006143 0
4979.200000 -0.007499 0
4982.560000 0.000966 0
4985.920000 0.021461 0
4989.280000 0.011367 0
4992.640000 0.000254 0
4996.000000 0.011177 0
4999.360000 -0.016489 0
5002.720000 -0.006955 0
5006.080000 -0.001452 0
5009.440000 -0.006719 0
5012.800000 0.007744 0
5016.160000 -0.008395 0
5019.520000 -0.006581 0
5022.880000 0.017844 0
5026.240000 -0.009052 0
5029.600000 0.011694 0
5032.960000 -0.001591 0
5036.320000 0.000012 0
5039.680000 0.029325 0
5043.040000 0.022663 0
5046.400000 0.000610 0
5049.760000 0.004968 0
5053.120000 -0.021618 0
5056.480000 0.001632 0
5059.840000 -0.000946 0
5063.200000 0.002500 0
5066.560000 0.007315 0
5069.920000 0.011386 0
5073.280000 0.004369 0
5076.640000 0.003852 0
5080.000000 0.000440 0
5083.360000 0.002797 0
5086.720000 0.026813 0
5090.080000 -0.015364 0
5093.440000 -0.005517 0
5096.800000 -0.000269 0
5100.160000 -0.000064 0
5103.520000 -0.027408 0
5106.880000 0.012572 0
5110.240000 0.020534 0
5113.600000 0.009746 0
5116.960000 0.014008 0
5120.320000 -0.008089 0
5123.680000 -0.029377 0
5127.040000 0.010465 0
5130.400000 0.001243 0
5133.760000 -0.011538 0
5137.120000 -0.015529 0
5140.480000 -0.000683 0
5143.840000 -0.013044 0
5147.200000 -0.010021 0
5150.560000 0.002101 0
5153.920000 -0.002700 0
5157.280000 -0.008180 0
5160.640000 0.028804 0
5164.000000 0.024921 0
5167.360000 0.001856 0
5170.720000 -0.006484 0
5174.080000 0.012694 0
5177.440000 0.013877 0
5180.800000 -0.002395 0
5184.160000 -0.021235 0
5187.520000 0.001812 0
5190.880000 -0.008776 0
5194.240000 0.003444 0
5197.600000 -0.001111 0
5200.960000 -0.006919 0
5204.320000 -0.009966 0
5207.680000 -0.022993 0
5211.040000 0.007010 0
5214.400000 0.020812 0
5217.760000 0.015494 0
5221.120000 -0.002861 0
5224.480000 -0.003032 0
5227.840000 -0.003425 0
5231.200000 0.029558 0
5234.560000 0.009790 0
5237.920000 -0.007742 0
5241.280000 0.004295 0
5244.640000 -0.005773 0
5248.000000 -0.005208 0
5251.360000 0.018448 0
5254.720000 0.016919 0
5258.080000 -0.001092 0
5261.440000 -0.004639 0
5264.800000 0.011074 0
5268.160000 0.027538 0
5271.520000 0.008740 0
5274.880000 -0.017428 0
5278.240000 -0.014294 0
5281.600000 -0.008884 0
5284.960000 -0.018676 0
5288.320000 -0.000035 0
5291.680000 -0.005056 0
5295.040000 -0.002824 0
5298.400000 -0.012782 0
5301.760000 -0.008107 0
5305.120000 -0.000927 0
5308.480000 -0.002690 0
5311.840000 0.002570 0
5315.200000 -0.007440 0
5318.560000 -0.010983 0
5321.920000 0.005478 0
5325.280000 0.000790 0
5328.640000 0.001843 0
5332.000000 0.003279 0
5335.360000 -0.002542 0
5338.720000 -0.005557 0
5342.080000 0.006571 0
5345.440000 -0.010927 0
5348.800000 0.001906 0
5352.160000 -0.019487 0
5355.520000 -0.011966 0
5358.880000 -0.008995 0
5362.240000 0.003146 0
5365.600000 0.018040 0
5368.960000 0.032198 0
5372.320000 0.019002 0
5375.680000 0.000659 0
5379.040000 -0.006693 0
5382.400000 -0.018730 0
5385.760000 -0.016637 0
5389.120000 -0.001171 0
5392.480000 0.008403 0
5395.840000 0.008619 0
5399.200000 -0.010941 0
5402.560000 0.009699 0
5405.920000 0.014460 0
5409.280000 0.007157 0
5412.640000 0.000844 0
5416.000000 -0.017208 0
5419.360000 0.007175 0
5422.720000 0.004581 0
5426.080000 -0.005985 0
5429.440000 0.008993 0
5432.800000 -0.004314 0
5436.160000 0.006543 0
5439.520000 -0.006352 0
5442.880000 -0.010199 0
5446.240000 -0.001019 0
5449.600000 0.012510 0
5452.960000 0.016289 0
5456.320000 -0.005825 0
5459.680000 -0.008674 0
5463.040000 -0.011759 0
5466.400000 -0.001260 0
5469.760000 -0.009933 0
5473.120000 -0.009831 0
5476.480000 0.001609 0
5479.840000 0.022967 0
5483.200000 0.018042 0
5486.560000 0.004186 0
5489.920000 -0.000719 0
5493.280000 -0.013642 0
5496.640000 0.003698 0
5500.000000 -0.002560 0
5503.360000 -0.011410 0
5506.720000 -0.017264 0
5510.080000 0.003043 0
5513.440000 0.002954 0
5516.800000 -0.008915 0
5520.160000 -0.003511 0
5523.520000 -0.008538 0
5526.880000 0.003099 0
5530.240000 -0.008822 0
5533.600000 0.008905 0
5536.960000 0.014458 0
5540.320000 0.024726 0
5543.680000 -0.011476 0
5547.040000 -0.017223 0
5550.400000 -0.027291 0
5553.760000 0.001825 0
5557.120000 0.033356 0
5560.480000 0.019718 0
5563.840000 -0.005314 0
5567.200000 -0.022522 1
5570.560000 -0.002782 1
5573.920000 -0.027928 1
5577.280000 -1.029821 1
5580.640000 -1.934185 1
5584.000000 -0.627321 1
5587.360000 0.226325 1
5590.720000 1.513757 1
5594.080000 1.648158 1
5597.440000 0.401248 1
5600.800000 0.016108 0
5604.160000 0.018163 0
5607.520000 0.013500 0
5610.880000 0.013104 0
5614.240000 -0.006000 0
5617.600000 0.008279 0
5620.960000 0.022272 0
5624.320000 -0.000995 0
5627.680000 -0.023399 0
5631.040000 0.007979 0
5634.400000 -0.004093 0
5637.760000 0.040358 0
5641.120000 0.005406 0
5644.480000 0.016426 0
5647.840000 -0.004241 0
5651.200000 0.003698 0
5654.560000 0.000713 0
5657.920000 0.020585 0
5661.280000 0.006181 0
5664.640000 0.002445 0
5668.000000 0.007436 0
5671.360000 0.002462 0
5674.720000 -0.002203 0
5678.080000 0.010927 0
5681.440000 0.016335 0
5684.800000 0.021827 0
5688.160000 0.010125 0
5691.520000 0.000559 0
5694.880000 -0.003123 0
5698.240000 -0.005325 0
5701.600000 0.008939 0
5704.960000 -0.000756 0
5708.320000 -0.004307 0
5711.680000 0.016227 0
5715.040000 0.010101 0
5718.400000 -0.004519 0
5721.760000 -0.010550 0
5725.120000 0.005001 0
5728.480000 0.011860 0
5731.840000 0.004262 0
5735.200000 -0.007996 0
5738.560000 -0.002410 0
5741.920000 0.000176 0
5745.280000 0.001705 0
5748.640000 0.003697 0
5752.000000 0.005670 0
5755.360000 0.024389 0
5758.720000 -0.019488 0
5762.080000 0.003244 0
5765.440000 0.012025 0
5768.800000 0.003986 0
5772.160000 0.010755 0
5775.520000 0.002272 0
5778.880000 -0.001572 0
5782.240000 -0.004640 0
5785.600000 0.000358 0
5788.960000 0.012201 0
5792.320000 -0.000646 0
5795.680000 -0.001892 0
5799.040000 -0.000276 0
5802.400000 -0.007687 0
5805.760000 -0.009651 0
5809.120000 -0.005519 0
5812.480000 -0.008906 0
5815.840000 0.020560 0
5819.200000 0.017810 0
5822.560000 0.012225 0
5825.920000 0.009705 0
5829.280000 0.008776 0
5832.640000 0.003387 0
5836.000000 0.010429 0
5839.360000 -0.017274 0
5842.720000 0.000940 0
5846.080000 -0.012141 0
5849.440000 -0.017875 0
5852.800000 0.007850 0
5856.160000 0.006703 0
5859.520000 0.003307 0
5862.880000 -0.006746 0
5866.240000 -0.023765 0
5869.600000 -0.035979 0
5872.960000 -0.050965 0
5876.320000 -0.028313 0
5879.680000 0.029926 0
5883.040000 0.055553 0
5886.400000 0.014435 0
5889.760000 -0.081182 0
5893.120000 -0.187859 0
5896.480000 -0.151231 0
5899.840000 -0.052419 0
5903.200000 0.120500 0
5906.560000 0.168959 0
5909.920000 0.160133 0
5913.280000 0.071715 0
5916.640000 -0.030257 0
5920.000000 -0.010797 0
5923.360000 0.024530 0
5926.720000 -0.002943 0
5930.080000 0.024072 0
5933.440000 -0.006166 0
5936.800000 -0.041413 0
5940.160000 0.010650 0
5943.520000 0.036256 0
5946.880000 0.042034 0
5950.240000 0.041263 0
5953.600000 -0.023666 0
5956.960000 -0.035230 0
5960.320000 0.002800 0
5963.680000 -0.014012 0
5967.040000 0.043303 0
5970.400000 0.058457 0
5973.760000 -0.001593 0
5977.120000 -0.017910 0
5980.480000 -0.008147 0
5983.840000 0.000399 0
5987.200000 0.035081 0
5990.560000 0.025279 0
5993.920000 0.029910 0
5997.280000 0.006600 0
6000.640000 -0.007051 0
6004.000000 -0.013361 0
6007.360000 -0.020064 0
6010.720000 0.011479 0
6014.080000 0.007801 0
6017.440000 0.038521 0
6020.800000 0.011946 0
6024.160000 0.017425 0
6027.520000 0.000069 0
6030.880000 -0.008015 0
6034.240000 0.005817 0
6037.600000 -0.007090 0
6040.960000 -0.014870 0
6044.320000 0.004892 0
6047.680000 -0.001495 0
6051.040000 -0.005367 0
6054.400000 0.002492 0
6057.760000 0.001240 0
6061.120000 0.008692 0
6064.480000 0.021940 0
6067.840000 0.002381 0
6071.200000 0.012945 0
6074.560000 0.017287 0
6077.920000 0.005224 0
6081.280000 0.008730 0
6084.640000 -0.003881 0
6088.000000 0.010462 0
6091.360000 0.000323 0
6094.720000 0.012347 0
6098.080000 0.009332 0
6101.440000 -0.002573 0
6104.800000 -0.000968 0
6108.160000 -0.001728 0
6111.520000 -0.003780 0
6114.880000 0.007177 0
6118.240000 0.007683 0
6121.600000 0.008692 0
6124.960000 0.005426 0
6128.320000 0.006086 0
6131.680000 -0.008977 0
6135.040000 0.002182 0
6138.400000 0.003404 0
6141.760000 -0.005446 0
6145.120000 -0.025899 0
6148.480000 -0.013080 0
6151.840000 -0.015413 0
6155.200000 -0.001383 0
6158.560000 0.033309 0
6161.920000 0.011902 0
6165.280000 0.010495 0
6168.640000 0.004155 0
6172.000000 -0.018623 0
6175.360000 -0.016739 0
6178.720000 -0.013494 0
6182.080000 -0.001848 0
6185.440000 0.006039 0
6188.800000 0.034008 0
6192.160000 0.006864 0
6195.520000 0.009734 0
6198.880000 0.005491 0
6202.240000 -0.015226 0
6205.600000 -0.027583 0
6208.960000 -0.011130 0
6212.320000 0.010794 0
6215.680000 -0.002232 0
6219.040000 0.013621 0
6222.400000 -0.004812 0
6225.760000 -0.004641 0
6229.120000 0.002275 0
6232.480000 -0.010390 0
6235.840000 -0.025524 0
6239.200000 -0.094707 0
6242.560000 -0.045747 0
6245.920000 -0.001837 0
6249.280000 0.088357 0
6252.640000 0.120307 0
6256.000000 0.061509 0
6259.360000 -0.042506 0
6262.720000 -0.074058 0
6266.080000 -0.038650 0
6269.440000 -0.029885 0
6272.800000 0.094630 0
6276.160000 0.039360 0
6279.520000 0.054711 0
6282.880000 0.042229 0
6286.240000 -0.037479 0
6289.600000 -0.044605 0
6292.960000 -0.036852 0
6296.320000 -0.019772 0
6299.680000 -0.041297 0
6303.040000 -0.066298 0
6306.400000 -0.065652 0
6309.760000 -0.085714 0
6313.120000 0.014851 0
6316.480000 0.192372 0
6319.840000 0.121753 0
6323.200000 0.072174 0
6326.560000 -0.017014 0
6329.920000 -0.032943 0
6333.280000 -0.079526 0
6336.640000 -0.010554 0
6340.000000 0.006541 0
6343.360000 0.060325 0
6346.720000 0.082907 0
6350.080000 0.003764 0
6353.440000 -0.003956 0
6356.800000 0.002752 0
6360.160000 -0.048186 0
6363.520000 -0.010232 0
6366.880000 -0.036839 0
6370.240000 0.006378 0
6373.600000 0.045223 0
6376.960000 0.060282 0
6380.320000 0.023881 0
6383.680000 0.004134 0
6387.040000 -0.000842 0
6390.400000 -0.037256 0
6393.760000 -0.010460 0
6397.120000 0.011462 0
6400.480000 0.039456 0
6403.840000 0.016828 0
6407.200000 0.024543 0
6410.560000 0.006971 0
6413.920000 0.010889 0
6417.280000 -0.000283 0
6420.640000 -0.019959 0
6424.000000 -0.029997 0
6427.360000 0.012615 0
6430.720000 0.025121 0
6434.080000 0.018688 0
6437.440000 -0.004124 0
6440.800000 0.015028 0
6444.160000 0.007720 0
6447.520000 0.009422 0
6450.880000 0.001946 0
6454.240000 -0.011200 0
6457.600000 0.004486 0
6460.960000 0.010052 0
6464.320000 -0.022229 0
6467.680000 -0.049634 0
6471.040000 -0.054076 0
6474.400000 -0.042298 0
6477.760000 0.007542 0
6481.120000 0.066787 0
6484.480000 0.065710 0
6487.840000 0.039633 0
6491.200000 0.011619 0
6494.560000 0.027130 0
6497.920000 -0.046318 0
6501.280000 -0.129940 0
6504.640000 -0.088086 0
6508.000000 -0.032102 0
6511.360000 0.019330 0
6514.720000 0.074066 0
6518.080000 0.065951 0
6521.440000 0.021616 0
6524.800000 -0.011837 0
6528.160000 -0.004837 0
6531.520000 -0.033494 0
6534.880000 -0.031466 0
6538.240000 -0.003386 0
6541.600000 0.040821 0
6544.960000 -0.003411 0
6548.320000 0.032301 0
6551.680000 0.011613 0
6555.040000 -0.065486 0
6558.400000 -0.045987 0
6561.760000 0.005378 0
6565.120000 -0.023827 0
6568.480000 0.004730 0
6571.840000 0.035586 0
6575.200000 0.030649 0
6578.560000 0.046716 0
6581.920000 0.017024 0
6585.280000 -0.014034 0
6588.640000 0.001831 0
6592.000000 0.047327 0
6595.360000 0.045759 0
6598.720000 -0.001940 0
6602.080000 -0.018201 0
6605.440000 -0.025509 0
6608.800000 -0.020325 0
6612.160000 -0.014703 0
6615.520000 0.011737 0
6618.880000 0.030855 0
6622.240000 0.018815 0
6625.600000 0.013308 0
6628.960000 -0.011156 0
6632.320000 -0.007506 0
6635.680000 -0.010102 0
6639.040000 -0.000578 0
6642.400000 0.000851 0
6645.760000 0.002572 0
6649.120000 0.011345 0
6652.480000 0.001436 0
6655.840000 0.005788 0
6659.200000 -0.003394 0
6662.560000 -0.025758 0
6665.920000 -0.004995 0
6669.280000 -0.002490 0
6672.640000 -0.007257 0
6676.000000 0.013119 0
6679.360000 -0.004117 0
6682.720000 0.002921 0
6686.080000 0.009017 0
6689.440000 0.004870 0
6692.800000 -0.001672 0
6696.160000 -0.002066 0
6699.520000 -0.001516 0
6702.880000 -0.008810 0
6706.240000 -0.005408 0
6709.600000 0.006051 0
6712.960000 -0.007913 0
6716.320000 0.004920 0
6719.680000 0.003642 0
6723.040000 0.009747 0
6726.400000 0.003803 0
6729.760000 -0.001182 0
6733.120000 -0.000701 0
6736.480000 -0.007122 0
6739.840000 0.000252 0
6743.200000 0.006051 0
6746.560000 -0.007967 0
6749.920000 -0.004974 0
6753.280000 0.003078 0
6756.640000 0.003974 0
6760.000000 0.016751 0
6763.360000 0.000460 0
6766.720000 -0.007846 0
6770.080000 -0.015412 0
6773.440000 -0.015854 0
6776.800000 -0.006893 0
6780.160000 0.013471 0
6783.520000 -0.000205 0
6786.880000 0.001348 0
6790.240000 0.004040 0
6793.600000 -0.006287 0
6796.960000 0.022295 0
6800.320000 0.026880 0
6803.680000 -0.011137 0
6807.040000 -0.012305 0
6810.400000 -0.023363 0
6813.760000 0.005420 0
6817.120000 -0.002156 0
6820.480000 -0.009532 0
6823.840000 -0.018131 0
6827.200000 -0.031586 0
6830.560000 -0.128235 0
6833.920000 -0.220478 0
6837.280000 -0.159710 0
6840.640000 0.000565 0
6844.000000 0.100411 0
6847.360000 0.173776 0
6850.720000 0.170462 0
6854.080000 0.071272 0
6857.440000 0.043434 0
6860.800000 0.011693 0
6864.160000 -0.127968 0
6867.520000 -0.254111 0
6870.880000 -0.070430 0
6874.240000 0.034317 0
6877.600000 0.177290 0
6880.960000 0.196631 0
6884.320000 0.075445 0
6887.680000 0.007260 0
6891.040000 -0.040706 0
6894.400000 -0.020966 0
6897.760000 0.018634 0
6901.120000 0.025171 0
6904.480000 0.017477 0
6907.840000 0.014583 0
6911.200000 0.004331 0
6914.560000 -0.025351 0
6917.920000 -0.015571 0
6921.280000 -0.042522 0
6924.640000 -0.060933 0
6928.000000 -0.018940 0
6931.360000 0.010794 0
6934.720000 0.034546 0
6938.080000 0.081507 0
6941.440000 0.050220 0
6944.800000 0.012731 0
6948.160000 -0.036102 0
6951.520000 -0.103976 0
6954.880000 -0.042822 0
6958.240000 0.048578 0
6961.600000 0.056436 0
6964.960000 0.137465 0
6968.320000 0.047255 0
6971.680000 -0.002687 0
6975.040000 -0.037575 0
6978.400000 -0.051662 0
6981.760000 -0.072834 0
6985.120000 0.013484 0
6988.480000 0.026145 0
6991.840000 0.080242 0
6995.200000 0.103348 0
6998.560000 0.048535 0
7001.920000 0.017536 0
7005.280000 -0.018120 0
7008.640000 -0.015893 0
7012.000000 -0.025014 0
7015.360000 -0.029241 0
7018.720000 0.016855 0
7022.080000 0.021871 0
7025.440000 0.053668 0
7028.800000 0.022654 0
7032.160000 0.025830 0
7035.520000 0.000919 0
7038.880000 0.012273 0
7042.240000 0.007008 0
7045.600000 -0.004397 0
7048.960000 -0.051863 0
7052.320000 -0.059851 0
7055.680000 -0.034552 0
7059.040000 0.014027 0
7062.400000 0.034033 0
7065.760000 0.015841 0
7069.120000 -0.011296 0
7072.480000 -0.001558 0
7075.840000 -0.005787 0
7079.200000 -0.023616 0
7082.560000 0.020227 0
7085.920000 0.012990 0
7089.280000 -0.007949 0
7092.640000 -0.022685 0
7096.000000 0.002870 0
7099.360000 0.007687 0
7102.720000 0.014319 0
7106.080000 0.014048 0
7109.440000 0.015720 0
7112.800000 0.008340 0
7116.160000 0.024680 0
7119.520000 0.002857 0
7122.880000 0.013232 0
7126.240000 0.000500 0
7129.600000 -0.006196 0
7132.960000 -0.010859 0
7136.320000 -0.005559 0
7139.680000 0.015206 0
7143.040000 0.006545 0
7146.400000 -0.020975 0
7149.760000 -0.022656 0
7153.120000 -0.002380 0
7156.480000 0.011035 0
7159.840000 0.019817 0
7163.200000 0.013604 0
7166.560000 0.009175 0
7169.920000 -0.015527 0
7173.280000 0.007598 0
7176.640000 -0.003435 0
7180.000000 -0.006666 0
7183.360000 -0.008461 0
7186.720000 0.012431 0
7190.080000 0.010303 0
7193.440000 -0.004475 0
7196.800000 0.013336 0
7200.160000 -0.011679 0
7203.520000 0.005549 0
7206.880000 0.003362 0
7210.240000 -0.010873 0
7213.600000 0.026380 0
7216.960000 -0.000717 0
7220.320000 -0.021747 0
7223.680000 -0.003419 0
7227.040000 0.002837 0
7230.400000 -0.004720 0
7233.760000 0.014302 0
7237.120000 -0.005187 0
7240.480000 -0.172237 0
7243.840000 -0.363018 0
7247.200000 -0.352132 0
7250.560000 -0.099930 0
7253.920000 0.146101 0
7257.280000 0.310248 0
7260.640000 0.387307 0
7264.000000 0.197022 0
7267.360000 0.089770 0
7270.720000 0.025755 0
7274.080000 -0.043884 0
7277.440000 -0.318393 0
7280.800000 -0.333760 0
7284.160000 -0.212614 0
7287.520000 -0.064054 0
7290.880000 0.281603 0
7294.240000 0.248974 0
7297.600000 0.208898 0
7300.960000 0.192155 0
7304.320000 0.016632 0
7307.680000 -0.027441 0
7311.040000 0.043282 0
7314.400000 -0.080339 0
7317.760000 -0.229807 0
7321.120000 -0.179165 0
7324.480000 -0.061286 0
7327.840000 0.047386 0
7331.200000 0.212570 0
7334.560000 0.138858 0
7337.920000 -0.018960 0
7341.280000 -0.209194 0
7344.640000 -0.230003 0
7348.000000 -0.079432 0
7351.360000 0.005686 0
7354.720000 0.294432 0
7358.080000 0.262023 0
7361.440000 -0.015581 0
7364.800000 -0.004265 0
7368.160000 -0.117835 0
7371.520000 -0.195903 0
7374.880000 -0.052763 0
7378.240000 0.026801 0
7381.600000 0.164612 0
7384.960000 0.279043 0
7388.320000 0.136479 0
7391.680000 0.014639 0
7395.040000 -0.065279 0
7398.400000 -0.056037 0
7401.760000 -0.129399 0
7405.120000 -0.114230 0
7408.480000 -0.008637 0
7411.840000 0.037699 0
7415.200000 0.145414 0
7418.560000 0.171684 0
7421.920000 0.071856 0
7425.280000 0.011050 0
7428.640000 -0.003720 0
7432.000000 -0.029933 0
7435.360000 -0.041074 0
7438.720000 -0.067602 0
7442.080000 -0.038764 0
7445.440000 0.008162 0
7448.800000 0.036676 0
7452.160000 0.090085 0
7455.520000 0.087541 0
7458.880000 0.027957 0
7462.240000 0.003188 0
7465.600000 -0.023410 0
7468.960000 -0.050364 0
7472.320000 -0.081016 0
7475.680000 -0.053186 0
7479.040000 -0.071869 0
7482.400000 -0.103126 0
7485.760000 -0.004646 0
7489.120000 0.056724 0
7492.480000 0.083508 0
7495.840000 0.083063 0
7499.200000 0.081289 0
7502.560000 0.053021 0
7505.920000 0.023210 0
7509.280000 0.021138 0
7512.640000 0.014722 0
7516.000000 0.006794 0
7519.360000 -0.023282 0
7522.720000 -0.083216 0
7526.080000 -0.210740 0
7529.440000 -0.154758 0
7532.800000 -0.099805 0
7536.160000 0.090119 0
7539.520000 0.224671 0
7542.880000 0.159021 0
7546.240000 0.086569 0
7549.600000 0.062976 0
7552.960000 0.020870 0
7556.320000 0.006773 0
7559.680000 -0.043737 0
7563.040000 -0.022662 0
7566.400000 0.014454 0
7569.760000 0.007936 0
7573.120000 -0.111874 0
7576.480000 -0.124104 0
7579.840000 -0.015257 0
7583.200000 0.056878 0
7586.560000 0.094239 0
7589.920000 0.106416 0
7593.280000 0.041272 0
7596.640000 0.013313 0
7600.000000 0.051055 0
7603.360000 0.047667 0
7606.720000 0.075131 0
7610.080000 0.117604 0
7613.440000 0.144480 0
7616.800000 0.028910 0
7620.160000 -0.064816 0
7623.520000 -0.063117 0
7626.880000 -0.082566 0
7630.240000 -0.055647 0
7633.600000 0.069391 0
7636.960000 0.042855 0
7640.320000 0.027708 0
7643.680000 0.110326 0
7647.040000 0.049910 0
7650.400000 0.007575 0
7653.760000 -0.017917 0
7657.120000 -0.019665 0
7660.480000 -0.028697 0
7663.840000 -0.039337 0
7667.200000 -0.014392 0
7670.560000 0.006419 0
7673.920000 0.013092 0
7677.280000 0.066095 0
7680.640000 0.038003 0
7684.000000 0.007490 0
7687.360000 0.002537 0
7690.720000 -0.017329 0
7694.080000 -0.011570 0
7697.440000 0.003676 0
7700.800000 -0.004135 0
7704.160000 -0.002270 0
7707.520000 0.019895 0
7710.880000 -0.057695 0
7714.240000 -0.380539 0
7717.600000 -0.597233 0
7720.960000 -0.433770 0
7724.320000 -0.070594 0
7727.680000 0.384573 0
7731.040000 0.526271 0
7734.400000 0.374177 0
7737.760000 0.181307 0
7741.120000 0.146489 0
7744.480000 0.082661 0
7747.840000 -0.026239 0
7751.200000 -0.420359 0
7754.560000 -0.484724 0
7757.920000 -0.244343 0
7761.280000 -0.075862 0
7764.640000 0.371673 0
7768.000000 0.395132 0
7771.360000 0.209067 0
7774.720000 0.156749 0
7778.080000 0.028783 0
7781.440000 -0.094614 0
7784.800000 -0.039639 0
7788.160000 0.086679 0
7791.520000 -0.010627 0
7794.880000 -0.208657 0
7798.240000 -0.247121 0
7801.600000 -0.076326 0
7804.960000 0.119818 0
7808.320000 0.278600 0
7811.680000 0.123961 0
7815.040000 0.049641 0
7818.400000 -0.028984 0
7821.760000 -0.241181 0
7825.120000 -0.297290 0
7828.480000 -0.098799 0
7831.840000 0.127281 0
7835.200000 0.450631 0
7838.560000 0.362376 0
7841.920000 0.026747 0
7845.280000 -0.050809 0
7848.640000 -0.056928 0
7852.000000 -0.213996 0
7855.360000 -0.406118 0
7858.720000 -0.378223 0
7862.080000 -0.169751 0
7865.440000 0.187984 0
7868.800000 0.365930 0
7872.160000 0.158162 0
7875.520000 0.135566 0
7878.880000 0.028084 0
7882.240000 0.020761 0
7885.600000 0.166667 0
7888.960000 0.024808 0
7892.320000 -0.101611 0
7895.680000 0.030642 0
7899.040000 0.123763 0
7902.400000 0.262392 0
7905.760000 0.289472 0
7909.120000 0.101193 0
7912.480000 -0.205274 0
7915.840000 -0.607065 0
7919.200000 -0.510735 0
7922.560000 -0.321133 0
7925.920000 0.173338 0
7929.280000 0.542152 0
7932.640000 0.291506 0
7936.000000 0.249823 0
7939.360000 0.170653 0
7942.720000 0.163593 0
7946.080000 0.219870 0
7949.440000 0.029768 0
7952.800000 -0.081502 0
7956.160000 0.003999 0
7959.520000 0.041740 0
7962.880000 -0.027162 0
7966.240000 -0.331595 0
7969.600000 -0.326108 0
7972.960000 -0.097877 0
7976.320000 0.135877 0
7979.680000 0.275949 0
7983.040000 0.134310 0
7986.400000 0.053541 0
7989.760000 0.041717 0
7993.120000 -0.109009 0
7996.480000 -0.295959 0
7999.840000 -0.192258 0
8003.200000 0.022841 0
8006.560000 0.375279 0
8009.920000 0.490407 0
8013.280000 0.122896 0
8016.640000 -0.022049 0
8020.000000 -0.039156 0
8023.360000 -0.101355 0
8026.720000 -0.225311 0
8030.080000 -0.190708 0
8033.440000 -0.016188 0
8036.800000 0.156804 0
8040.160000 0.359920 0
8043.520000 0.284348 0
8046.880000 0.121868 0
8050.240000 0.041476 0
8053.600000 -0.028922 0
8056.960000 -0.029771 0
8060.320000 -0.060527 0
8063.680000 -0.097270 0
8067.040000 -0.018273 0
8070.400000 0.026975 0
8073.760000 0.121207 0
8077.120000 0.220752 0
8080.480000 0.100126 0
8083.840000 0.018847 0
8087.200000 -0.009435 0
8090.560000 0.001181 0
8093.920000 -0.017516 0
8097.280000 -0.010429 0
8100.640000 -0.027787 0
8104.000000 -0.060299 0
8107.360000 -0.025803 0
8110.720000 0.015991 0
8114.080000 0.032929 0
8117.440000 0.082102 0
8120.800000 0.066776 0
8124.160000 0.039269 0
8127.520000 0.009132 0
8130.880000 -0.009091 0
8134.240000 -0.007482 0
8137.600000 -0.003484 0
8140.960000 -0.019008 0
8144.320000 -0.016276 0
8147.680000 -0.017161 0
8151.040000 0.005923 0
8154.400000 0.030194 0
8157.760000 0.023541 0
8161.120000 0.018981 0
8164.480000 0.038642 0
8167.840000 0.021358 0
8171.200000 0.009528 0
8174.560000 0.000782 0
8177.920000 0.001483 0
8181.280000 -0.001173 0
8184.640000 0.008572 0
8188.000000 0.005270 0
8191.360000 -0.007529 0
8194.720000 -0.019310 0
8198.080000 -0.024638 0
8201.440000 -0.000629 0
8204.800000 0.019345 0
8208.160000 0.016070 0
8211.520000 0.000671 0
8214.880000 0.001296 0
8218.240000 0.007488 0
8221.600000 0.015395 0
8224.960000 0.007221 0
8228.320000 0.021473 0
8231.680000 0.036220 0
8235.040000 0.027860 0
8238.400000 0.013916 0
8241.760000 0.007617 0
8245.120000 -0.003525 0
8248.480000 -0.021045 0
8251.840000 -0.024112 0
8255.200000 0.004759 0
8258.560000 0.010917 0
8261.920000 0.017178 0
8265.280000 0.019175 0
8268.640000 0.017689 0
8272.000000 0.022479 0
8275.360000 0.000944 0
8278.720000 -0.141208 0
8282.080000 -0.331524 0
8285.440000 -0.397606 0
8288.800000 -0.432998 0
8292.160000 -0.255037 0
8295.520000 -0.064637 0
8298.880000 -0.262999 0
8302.240000 -0.230813 0
8305.600000 0.206219 0
8308.960000 0.188977 0
8312.320000 0.458236 0
8315.680000 0.458399 0
8319.040000 0.174793 0
8322.400000 0.143852 0
8325.760000 0.178795 0
8329.120000 0.160181 0
8332.480000 0.086621 0
8335.840000 0.052389 0
8339.200000 0.039910 0
8342.560000 -0.310028 0
8345.920000 -1.155327 0
8349.280000 -1.117480 0
8352.640000 -0.576139 0
8356.000000 0.051277 0
8359.360000 0.974631 0
8362.720000 0.835656 0
8366.080000 0.443865 0
8369.440000 0.374657 0
8372.800000 0.194238 0
8376.160000 0.182699 0
8379.520000 0.120849 0
8382.880000 -0.067667 0
8386.240000 -0.203534 0
8389.600000 -0.071346 0
8392.960000 0.134578 0
8396.320000 0.153606 0
8399.680000 -0.434144 0
8403.040000 -0.802081 0
8406.400000 -0.261031 0
8409.760000 0.207237 0
8413.120000 0.694071 0
8416.480000 0.446910 0
8419.840000 0.030201 0
8423.200000 0.062104 0
8426.560000 0.047882 0
8429.920000 -0.308766 0
8433.280000 -0.831335 0
8436.640000 -0.386332 0
8440.000000 0.166391 0
8443.360000 0.819728 0
8446.720000 1.070584 0
8450.080000 0.360645 0
8453.440000 -0.116531 0
8456.800000 -0.218929 0
8460.160000 -0.075895 0
8463.520000 -0.107859 0
8466.880000 -0.398595 0
8470.240000 -0.375251 0
8473.600000 -0.079557 0
8476.960000 0.337106 0
8480.320000 0.724995 0
8483.680000 0.498555 0
8487.040000 0.178102 0
8490.400000 0.060070 0
8493.760000 -0.107121 0
8497.120000 -0.196443 0
8500.480000 -0.118965 0
8503.840000 -0.229524 0
8507.200000 -0.192471 0
8510.560000 -0.047050 0
8513.920000 0.062859 0
8517.280000 0.305142 0
8520.640000 0.434487 0
8524.000000 0.221925 0
8527.360000 0.081234 0
8530.720000 0.039520 0
8534.080000 0.053154 0
8537.440000 -0.002649 0
8540.800000 -0.096515 0
8544.160000 -0.081763 0
8547.520000 -0.130858 0
8550.880000 -0.118093 0
8554.240000 -0.046813 0
8557.600000 -0.002384 0
8560.960000 0.149751 0
8564.320000 0.205336 0
8567.680000 0.125200 0
8571.040000 0.049264 0
8574.400000 0.008684 0
8577.760000 -0.004721 0
8581.120000 -0.009940 0
8584.480000 -0.021309 0
8587.840000 0.006159 0
8591.200000 0.010192 0
8594.560000 -0.018818 0
8597.920000 -0.060703 0
8601.280000 -0.034416 0
8604.640000 0.023388 0
8608.000000 0.038492 0
8611.360000 0.044664 0
8614.720000 -0.008738 0
8618.080000 -0.109724 0
8621.440000 -0.230781 0
8624.800000 -0.318687 0
8628.160000 -0.327136 0
8631.520000 -0.339090 0
8634.880000 -0.213945 0
8638.240000 -0.000018 0
8641.600000 0.202305 0
8644.960000 0.332026 0
8648.320000 0.315313 0
8651.680000 0.094240 0
8655.040000 -0.101817 0
8658.400000 -0.334939 0
8661.760000 -0.304278 0
8665.120000 -0.091942 0
8668.480000 0.056694 0
8671.840000 0.172071 0
8675.200000 0.180138 0
8678.560000 0.235294 0
8681.920000 0.269338 0
8685.280000 0.257008 0
8688.640000 0.193688 0
8692.000000 0.233101 0
8695.360000 0.153555 0
8698.720000 0.092290 0
8702.080000 0.098768 0
8705.440000 0.060304 0
8708.800000 0.058516 0
8712.160000 0.036635 0
8715.520000 0.015594 0
8718.880000 0.064479 0
8722.240000 0.080728 0
8725.600000 0.037868 0
8728.960000 0.014712 0
8732.320000 0.036193 0
8735.680000 -0.000267 0
8739.040000 0.005141 0
8742.400000 0.034337 0
8745.760000 -0.009058 0
8749.120000 -0.031110 0
8752.480000 0.020521 0
8755.840000 0.011055 0
8759.200000 -0.238679 0
8762.560000 -0.760813 0
8765.920000 -1.077734 0
8769.280000 -1.171536 0
8772.640000 -0.361028 0
8776.000000 0.174156 0
8779.360000 -0.019048 0
8782.720000 0.221759 0
8786.080000 0.525459 0
8789.440000 0.675328 0
8792.800000 0.897225 0
8796.160000 0.611956 0
8799.520000 0.184954 0
8802.880000 0.228872 0
8806.240000 0.409569 0
8809.600000 0.245345 0
8812.960000 0.027200 0
8816.320000 -0.001334 0
8819.680000 0.003009 0
8823.040000 -0.026418 0
8826.400000 -1.080746 0
8829.760000 -2.302963 0
8833.120000 -1.813432 0
8836.480000 -0.773363 0
8839.840000 0.688967 0
8843.200000 1.810000 0
8846.560000 1.282515 0
8849.920000 1.022633 0
8853.280000 0.735173 0
8856.640000 0.340137 0
8860.000000 0.169945 0
8863.360000 0.219629 0
8866.720000 -0.008517 0
8870.080000 -0.382250 0
8873.440000 -0.292650 0
8876.800000 0.019418 0
8880.160000 0.352946 0
8883.520000 0.233265 0
8886.880000 -0.993766 0
8890.240000 -1.347391 0
8893.600000 -0.567660 0
8896.960000 0.378985 0
8900.320000 1.347294 0
8903.680000 0.858129 0
8907.040000 0.068838 0
8910.400000 -0.120227 0
8913.760000 0.156385 0
8917.120000 0.207122 0
8920.480000 -0.764337 0
8923.840000 -1.183334 0
8927.200000 -0.632051 0
8930.560000 0.324541 0
8933.920000 1.502846 0
8937.280000 1.572294 0
8940.640000 0.604868 0
8944.000000 -0.119451 0
8947.360000 -0.312730 0
8950.720000 -0.186225 0
8954.080000 0.035447 0
8957.440000 -0.212678 0
8960.800000 -0.679902 0
8964.160000 -0.539877 0
8967.520000 -0.063031 0
8970.880000 0.794269 0
8974.240000 1.309125 0
8977.600000 0.779517 0
8980.960000 0.259884 0
8984.320000 0.087749 0
8987.680000 -0.133471 0
8991.040000 -0.288304 0
8994.400000 -0.159132 0
8997.760000 -0.058044 0
9001.120000 -0.171616 0
9004.480000 -0.319197 0
9007.840000 -0.148197 0
9011.200000 0.138273 0
9014.560000 0.575350 0
9017.920000 0.735395 0
9021.280000 0.414247 0
9024.640000 0.130406 0
9028.000000 0.011962 0
9031.360000 0.013759 0
9034.720000 -0.028948 0
9038.080000 -0.128132 0
9041.440000 -0.176507 0
9044.800000 -0.155059 0
9048.160000 -0.119951 0
9051.520000 -0.191360 0
9054.880000 -0.105255 0
9058.240000 -0.029346 0
9061.600000 0.224334 0
9064.960000 0.359725 0
9068.320000 0.225933 0
9071.680000 0.095905 0
9075.040000 0.053520 0
9078.400000 0.067830 0
9081.760000 0.066548 0
9085.120000 0.083288 0
9088.480000 0.055701 0
9091.840000 -0.005537 0
9095.200000 -0.081901 0
9098.560000 -0.057801 0
9101.920000 -0.075315 0
9105.280000 -0.133884 0
9108.640000 -0.019909 0
9112.000000 0.050238 0
9115.360000 0.115332 0
9118.720000 0.166631 0
9122.080000 0.146215 0
9125.440000 0.089020 0
9128.800000 0.047345 0
9132.160000 0.022370 0
9135.520000 0.021553 0
9138.880000 0.021397 0
9142.240000 0.015969 0
9145.600000 -0.019279 0
9148.960000 -0.006161 0
9152.320000 -0.030452 0
9155.680000 -0.070881 0
9159.040000 -0.079122 0
9162.400000 -0.061769 0
9165.760000 -0.046038 0
9169.120000 0.005694 0
9172.480000 0.101897 0
9175.840000 0.145779 0
9179.200000 0.136260 0
9182.560000 0.069019 0
9185.920000 0.032041 0
9189.280000 0.004270 0
9192.640000 0.019138 0
9196.000000 0.025921 0
9199.360000 -0.007452 0
9202.720000 -0.010408 0
9206.080000 0.014117 0
9209.440000 -0.013583 0
9212.800000 -0.015316 0
9216.160000 -0.039774 0
9219.520000 -0.084674 0
9222.880000 -0.074795 0
9226.240000 -0.077137 0
9229.600000 -0.023657 0
9232.960000 0.021318 0
9236.320000 0.088924 0
9239.680000 0.132870 0
9243.040000 0.084090 0
9246.400000 0.024586 0
9249.760000 0.008212 0
