# obs: 255752-59-60
# slit: 41
# z: 0.55905
# lines: [OII],[OIII]
# spec: 313
4451.680000 0.000000 1
4455.040000 0.000000 1
4458.400000 0.000000 1
4461.760000 0.000000 1
4465.120000 0.000000 1
4468.480000 0.000000 1
4471.840000 0.000000 1
4475.200000 0.000000 1
4478.560000 0.000000 1
4481.920000 0.000000 1
4485.280000 0.000000 1
4488.640000 -0.020829 1
4492.000000 -0.049708 1
4495.360000 0.002274 1
4498.720000 0.030853 1
4502.080000 0.027793 1
4505.440000 0.028685 1
4508.800000 0.015055 0
4512.160000 0.026505 0
4515.520000 0.005560 0
4518.880000 0.008566 0
4522.240000 0.036643 0
4525.600000 0.026136 0
4528.960000 0.019731 0
4532.320000 0.016733 0
4535.680000 0.014036 0
4539.040000 0.007725 0
4542.400000 0.018021 0
4545.760000 0.037452 0
4549.120000 0.019371 0
4552.480000 0.022529 0
4555.840000 0.029407 0
4559.200000 0.009247 0
4562.560000 0.012229 0
4565.920000 0.017595 0
4569.280000 0.013818 0
4572.640000 0.020235 0
4576.000000 0.019681 0
4579.360000 0.023674 0
4582.720000 0.029659 0
4586.080000 0.013469 0
4589.440000 0.024947 0
4592.800000 0.017000 0
4596.160000 0.001922 0
4599.520000 0.009494 0
4602.880000 0.021658 0
4606.240000 0.012845 0
4609.600000 0.027046 0
4612.960000 0.015072 0
4616.320000 0.015780 0
4619.680000 0.014815 0
4623.040000 0.028920 0
4626.400000 0.029422 0
4629.760000 0.017589 0
4633.120000 0.016931 0
4636.480000 0.020471 0
4639.840000 0.016938 0
4643.200000 0.003626 0
4646.560000 0.023258 0
4649.920000 0.023706 0
4653.280000 0.008898 0
4656.640000 0.022866 0
4660.000000 0.022294 0
4663.360000 0.017722 0
4666.720000 0.015628 0
4670.080000 0.016484 0
4673.440000 0.013313 0
4676.800000 0.019149 0
4680.160000 0.022667 0
4683.520000 0.021929 0
4686.880000 0.024800 0
4690.240000 0.021324 0
4693.600000 0.024770 0
4696.960000 0.021830 0
4700.320000 0.019767 0
4703.680000 0.021878 0
4707.040000 0.020430 0
4710.400000 0.012680 0
4713.760000 0.031457 0
4717.120000 0.016316 0
4720.480000 0.011407 0
4723.840000 0.019271 0
4727.200000 0.026585 0
4730.560000 0.011104 0
4733.920000 0.017185 0
4737.280000 0.017470 0
4740.640000 0.006200 0
4744.000000 0.019564 0
4747.360000 0.011602 0
4750.720000 0.012345 0
4754.080000 0.022831 0
4757.440000 0.007997 0
4760.800000 0.014022 0
4764.160000 0.020852 0
4767.520000 0.022822 0
4770.880000 0.017040 0
4774.240000 0.015039 0
4777.600000 0.017193 0
4780.960000 0.019445 0
4784.320000 0.023305 0
4787.680000 0.017532 0
4791.040000 0.018626 0
4794.400000 0.006240 0
4797.760000 0.022044 0
4801.120000 0.020729 0
4804.480000 0.010796 0
4807.840000 0.013834 0
4811.200000 0.020314 0
4814.560000 0.028223 0
4817.920000 0.005822 0
4821.280000 0.020593 0
4824.640000 0.033778 0
4828.000000 0.026070 0
4831.360000 0.022680 0
4834.720000 0.023707 0
4838.080000 0.010858 0
4841.440000 -0.005467 0
4844.800000 0.010797 0
4848.160000 0.016019 0
4851.520000 0.024931 0
4854.880000 0.022123 0
4858.240000 0.029194 0
4861.600000 0.025458 0
4864.960000 0.021880 0
4868.320000 0.012855 0
4871.680000 0.025150 0
4875.040000 0.027593 0
4878.400000 0.020089 0
4881.760000 0.030082 0
4885.120000 0.021968 0
4888.480000 0.008728 0
4891.840000 0.005324 0
4895.200000 0.012611 0
4898.560000 0.020957 0
4901.920000 0.019917 0
4905.280000 0.021463 0
4908.640000 0.026416 0
4912.000000 0.024328 0
4915.360000 0.006843 0
4918.720000 0.012220 0
4922.080000 0.021449 0
4925.440000 0.017007 0
4928.800000 0.014407 0
4932.160000 0.019895 0
4935.520000 0.012564 0
4938.880000 0.016941 0
4942.240000 0.021437 0
4945.600000 0.009701 0
4948.960000 0.010055 0
4952.320000 0.019106 0
4955.680000 0.021611 0
4959.040000 0.023484 0
4962.400000 0.012977 0
4965.760000 0.011101 0
4969.120000 0.025951 0
4972.480000 0.016990 0
4975.840000 0.012941 0
4979.200000 0.026448 0
4982.560000 0.005323 0
4985.920000 0.001233 0
4989.280000 0.019972 0
4992.640000 0.015950 0
4996.000000 0.021410 0
4999.360000 0.010633 0
5002.720000 0.021255 0
5006.080000 0.011371 0
5009.440000 0.018202 0
5012.800000 0.012975 0
5016.160000 0.004314 0
5019.520000 0.014942 0
5022.880000 0.013641 0
5026.240000 0.018924 0
5029.600000 0.022002 0
5032.960000 0.033613 0
5036.320000 0.019121 0
5039.680000 0.020009 0
5043.040000 0.024495 0
5046.400000 0.026180 0
5049.760000 0.015679 0
5053.120000 0.010892 0
5056.480000 0.019300 0
5059.840000 0.018311 0
5063.200000 0.017801 0
5066.560000 0.014784 0
5069.920000 0.021144 0
5073.280000 0.022556 0
5076.640000 0.016097 0
5080.000000 0.021281 0
5083.360000 0.010891 0
5086.720000 0.011044 0
5090.080000 0.018342 0
5093.440000 0.016846 0
5096.800000 0.023686 0
5100.160000 0.017954 0
5103.520000 0.017790 0
5106.880000 0.022958 0
5110.240000 0.010380 0
5113.600000 0.013159 0
5116.960000 0.022559 0
5120.320000 0.011704 0
5123.680000 0.009513 0
5127.040000 0.021560 0
5130.400000 0.018584 0
5133.760000 0.015039 0
5137.120000 0.014979 0
5140.480000 0.002370 0
5143.840000 0.018242 0
5147.200000 0.020810 0
5150.560000 0.012954 0
5153.920000 0.015929 0
5157.280000 0.022873 0
5160.640000 0.014694 0
5164.000000 0.018104 0
5167.360000 0.014158 0
5170.720000 0.024825 0
5174.080000 0.019054 0
5177.440000 0.012934 0
5180.800000 0.020279 0
5184.160000 0.017139 0
5187.520000 0.008962 0
5190.880000 0.019199 0
5194.240000 0.021797 0
5197.600000 0.020938 0
5200.960000 0.019653 0
5204.320000 0.008785 0
5207.680000 0.023546 0
5211.040000 0.026121 0
5214.400000 0.024950 0
5217.760000 0.020624 0
5221.120000 0.015080 0
5224.480000 0.000292 0
5227.840000 0.022139 0
5231.200000 0.017098 0
5234.560000 0.028800 0
5237.920000 0.025646 0
5241.280000 0.017949 0
5244.640000 0.020923 0
5248.000000 0.024566 0
5251.360000 0.010059 0
5254.720000 0.010523 0
5258.080000 0.013326 0
5261.440000 0.011608 0
5264.800000 0.008013 0
5268.160000 0.015233 0
5271.520000 0.015659 0
5274.880000 0.021314 0
5278.240000 0.021343 0
5281.600000 0.015981 0
5284.960000 0.017600 0
5288.320000 0.021697 0
5291.680000 0.011305 0
5295.040000 0.009181 0
5298.400000 0.014402 0
5301.760000 0.028082 0
5305.120000 0.023240 0
5308.480000 0.020484 0
5311.840000 0.021702 0
5315.200000 0.015902 0
5318.560000 0.006125 0
5321.920000 0.019907 0
5325.280000 0.019467 0
5328.640000 0.023113 0
5332.000000 0.017423 0
5335.360000 0.019437 0
5338.720000 0.022568 0
5342.080000 0.014499 0
5345.440000 0.015106 0
5348.800000 0.027199 0
5352.160000 0.016388 0
5355.520000 0.005477 0
5358.880000 0.011560 0
5362.240000 0.001809 0
5365.600000 0.019918 0
5368.960000 0.013486 0
5372.320000 0.017951 0
5375.680000 0.020217 0
5379.040000 0.019706 0
5382.400000 0.018662 0
5385.760000 0.021968 0
5389.120000 0.017102 0
5392.480000 0.022117 0
5395.840000 0.013769 0
5399.200000 0.005901 0
5402.560000 0.015191 0
5405.920000 0.021717 0
5409.280000 0.015771 0
5412.640000 0.022681 0
5416.000000 0.008291 0
5419.360000 0.017139 0
5422.720000 0.019733 0
5426.080000 0.017165 0
5429.440000 0.020107 0
5432.800000 0.029002 0
5436.160000 0.023798 0
5439.520000 0.018671 0
5442.880000 0.003942 0
5446.240000 0.017552 0
5449.600000 0.021427 0
5452.960000 0.022410 0
5456.320000 0.023258 0
5459.680000 0.020165 0
5463.040000 0.021348 0
5466.400000 0.018950 0
5469.760000 0.011852 0
5473.120000 0.024444 0
5476.480000 0.012550 0
5479.840000 0.011492 0
5483.200000 0.010480 0
5486.560000 0.016277 0
5489.920000 0.023181 0
5493.280000 0.016818 0
5496.640000 0.018023 0
5500.000000 0.017103 0
5503.360000 0.022285 0
5506.720000 0.019936 0
5510.080000 0.012186 0
5513.440000 0.013635 0
5516.800000 0.016756 0
5520.160000 0.012807 0
5523.520000 0.012978 0
5526.880000 0.018419 0
5530.240000 0.022957 0
5533.600000 0.015342 0
5536.960000 0.016656 0
5540.320000 0.016383 0
5543.680000 0.027751 0
5547.040000 0.019135 0
5550.400000 0.025883 0
5553.760000 0.012798 0
5557.120000 0.010926 0
5560.480000 0.014722 0
5563.840000 0.011114 0
5567.200000 0.012230 1
5570.560000 0.242887 1
5573.920000 0.051149 1
5577.280000 0.063280 1
5580.640000 -0.000228 1
5584.000000 -0.229874 1
5587.360000 0.018189 1
5590.720000 0.020777 1
5594.080000 0.017672 1
5597.440000 0.010563 0
5600.800000 0.012293 0
5604.160000 0.028329 0
5607.520000 0.013003 0
5610.880000 0.024603 0
5614.240000 0.019114 0
5617.600000 0.025531 0
5620.960000 0.016935 0
5624.320000 0.019966 0
5627.680000 0.018175 0
5631.040000 0.022009 0
5634.400000 0.013848 0
5637.760000 0.008063 0
5641.120000 0.017853 0
5644.480000 0.015004 0
5647.840000 0.019611 0
5651.200000 0.016836 0
5654.560000 0.014528 0
5657.920000 0.019734 0
5661.280000 0.010704 0
5664.640000 0.019870 0
5668.000000 0.022084 0
5671.360000 0.013713 0
5674.720000 0.018862 0
5678.080000 0.014964 0
5681.440000 0.017311 0
5684.800000 0.019096 0
5688.160000 0.020069 0
5691.520000 0.016702 0
5694.880000 0.015425 0
5698.240000 0.026359 0
5701.600000 0.028618 0
5704.960000 0.029269 0
5708.320000 0.025112 0
5711.680000 0.016069 0
5715.040000 0.014842 0
5718.400000 0.013556 0
5721.760000 0.022182 0
5725.120000 0.005427 0
5728.480000 0.005589 0
5731.840000 0.012539 0
5735.200000 0.015227 0
5738.560000 0.015905 0
5741.920000 0.018451 0
5745.280000 0.017857 0
5748.640000 0.012211 0
5752.000000 0.016648 0
5755.360000 0.020314 0
5758.720000 0.018680 0
5762.080000 0.017492 0
5765.440000 0.021069 0
5768.800000 0.022285 0
5772.160000 0.024508 0
5775.520000 0.017071 0
5778.880000 0.002445 0
5782.240000 0.010563 0
5785.600000 0.025118 0
5788.960000 0.025852 0
5792.320000 0.022294 0
5795.680000 0.015363 0
5799.040000 0.021013 0
5802.400000 0.024241 0
5805.760000 0.051921 0
5809.120000 0.086195 0
5812.480000 0.102816 0
5815.840000 0.098870 0
5819.200000 0.045580 0
5822.560000 0.016357 0
5825.920000 0.021563 0
5829.280000 0.024632 0
5832.640000 0.009761 0
5836.000000 0.017276 0
5839.360000 0.013223 0
5842.720000 0.002448 0
5846.080000 0.008365 0
5849.440000 0.019218 0
5852.800000 0.023066 0
5856.160000 0.027471 0
5859.520000 0.016226 0
5862.880000 0.020271 0
5866.240000 0.017920 0
5869.600000 0.029859 0
5872.960000 0.023230 0
5876.320000 0.027503 1
5879.680000 0.014364 1
5883.040000 0.015532 1
5886.400000 0.018696 1
5889.760000 0.033814 1
5893.120000 -0.002324 1
5896.480000 0.017281 1
5899.840000 0.019841 1
5903.200000 0.015428 1
5906.560000 0.014652 1
5909.920000 0.018104 1
5913.280000 0.008727 1
5916.640000 0.008938 0
5920.000000 0.011525 0
5923.360000 0.009051 0
5926.720000 0.026552 0
5930.080000 0.014552 0
5933.440000 0.015436 0
5936.800000 0.023043 0
5940.160000 0.021845 0
5943.520000 0.023108 0
5946.880000 0.026002 0
5950.240000 0.029135 0
5953.600000 0.021196 0
5956.960000 0.022618 0
5960.320000 0.029775 0
5963.680000 0.027106 0
5967.040000 0.016301 0
5970.400000 0.031113 0
5973.760000 0.023346 0
5977.120000 0.019489 0
5980.480000 0.013153 0
5983.840000 0.005092 0
5987.200000 0.015356 0
5990.560000 0.023616 0
5993.920000 0.014206 0
5997.280000 0.023892 0
6000.640000 0.022487 0
6004.000000 0.031059 0
6007.360000 0.019511 0
6010.720000 0.029932 0
6014.080000 0.027067 0
6017.440000 0.022258 0
6020.800000 0.027842 0
6024.160000 0.022569 0
6027.520000 0.031233 0
6030.880000 0.030630 0
6034.240000 0.025189 0
6037.600000 0.018888 0
6040.960000 0.021837 0
6044.320000 0.023505 0
6047.680000 0.017696 0
6051.040000 0.012656 0
6054.400000 0.010852 0
6057.760000 0.009975 0
6061.120000 0.021137 0
6064.480000 0.017918 0
6067.840000 0.018862 0
6071.200000 0.019300 0
6074.560000 0.013094 0
6077.920000 0.018987 0
6081.280000 0.024670 0
6084.640000 0.023819 0
6088.000000 0.025954 0
6091.360000 0.033306 0
6094.720000 0.023547 0
6098.080000 0.023062 0
6101.440000 0.026010 0
6104.800000 0.023910 0
6108.160000 0.022695 0
6111.520000 0.022005 0
6114.880000 0.026525 0
6118.240000 0.020891 0
6121.600000 0.012947 0
6124.960000 0.033074 0
6128.320000 0.026180 0
6131.680000 0.016786 0
6135.040000 0.021575 0
6138.400000 0.017346 0
6141.760000 0.017848 0
6145.120000 0.020237 0
6148.480000 0.023289 0
6151.840000 0.021338 0
6155.200000 0.031937 0
6158.560000 0.024256 0
6161.920000 0.025141 0
6165.280000 0.028826 0
6168.640000 0.014563 0
6172.000000 0.025923 0
6175.360000 0.026860 0
6178.720000 0.004222 0
6182.080000 0.004515 0
6185.440000 0.006223 0
6188.800000 0.017251 0
6192.160000 0.020864 0
6195.520000 0.022230 0
6198.880000 0.010216 0
6202.240000 0.007533 0
6205.600000 0.007856 0
6208.960000 0.021727 0
6212.320000 0.024633 0
6215.680000 0.022508 0
6219.040000 0.014735 0
6222.400000 0.013048 0
6225.760000 0.018246 0
6229.120000 0.027004 0
6232.480000 0.028414 0
6235.840000 0.023622 0
6239.200000 0.013229 0
6242.560000 0.021842 0
6245.920000 0.032196 0
6249.280000 0.035210 0
6252.640000 0.028995 0
6256.000000 0.016031 0
6259.360000 0.032879 0
6262.720000 0.031247 0
6266.080000 0.036679 0
6269.440000 0.035459 0
6272.800000 0.026605 0
6276.160000 0.030141 0
6279.520000 0.027680 0
6282.880000 0.027085 0
6286.240000 0.036177 0
6289.600000 0.031996 0
6292.960000 0.007566 0
6296.320000 0.013544 0
6299.680000 0.028057 0
6303.040000 0.034289 0
6306.400000 0.038347 0
6309.760000 0.028718 0
6313.120000 0.018557 0
6316.480000 0.027693 0
6319.840000 0.035486 0
6323.200000 0.038418 0
6326.560000 0.039733 0
6329.920000 0.036670 0
6333.280000 0.034921 0
6336.640000 0.034635 0
6340.000000 0.027107 0
6343.360000 0.019933 0
6346.720000 0.030261 0
6350.080000 0.020595 0
6353.440000 0.045186 0
6356.800000 0.047554 0
6360.160000 0.009196 0
6363.520000 0.022389 0
6366.880000 0.029087 0
6370.240000 0.023266 0
6373.600000 0.023676 0
6376.960000 0.024543 0
6380.320000 0.032515 0
6383.680000 0.011141 0
6387.040000 0.007488 0
6390.400000 0.022986 0
6393.760000 0.026404 0
6397.120000 0.025106 0
6400.480000 0.024788 0
6403.840000 0.020359 0
6407.200000 0.021125 0
6410.560000 0.020132 0
6413.920000 0.024279 0
6417.280000 0.028714 0
6420.640000 0.030778 0
6424.000000 0.026981 0
6427.360000 0.023729 0
6430.720000 0.017783 0
6434.080000 0.020677 0
6437.440000 0.025284 0
6440.800000 0.018412 0
6444.160000 0.018727 0
6447.520000 0.028092 0
6450.880000 0.027612 0
6454.240000 0.025006 0
6457.600000 0.029556 0
6460.960000 0.029555 0
6464.320000 0.036525 0
6467.680000 0.038462 0
6471.040000 0.022383 0
6474.400000 0.024967 0
6477.760000 0.024135 0
6481.120000 0.025113 0
6484.480000 0.022088 0
6487.840000 0.020788 0
6491.200000 0.035621 0
6494.560000 0.034523 0
6497.920000 0.024388 0
6501.280000 0.020706 0
6504.640000 0.017295 0
6508.000000 0.022748 0
6511.360000 0.019549 0
6514.720000 0.015572 0
6518.080000 0.018996 0
6521.440000 0.025396 0
6524.800000 0.038425 0
6528.160000 0.025590 0
6531.520000 0.023362 0
6534.880000 0.031195 0
6538.240000 0.030194 0
6541.600000 0.037212 0
6544.960000 0.032050 0
6548.320000 0.018430 0
6551.680000 0.023562 0
6555.040000 0.024907 0
6558.400000 0.026943 0
6561.760000 0.023714 0
6565.120000 0.011666 0
6568.480000 0.023975 0
6571.840000 0.051502 0
6575.200000 0.030552 0
6578.560000 0.025546 0
6581.920000 0.041476 0
6585.280000 0.032627 0
6588.640000 0.031846 0
6592.000000 0.033766 0
6595.360000 0.025797 0
6598.720000 0.030914 0
6602.080000 0.030439 0
6605.440000 0.031076 0
6608.800000 0.023736 0
6612.160000 0.028143 0
6615.520000 0.039425 0
6618.880000 0.029888 0
6622.240000 0.028350 0
6625.600000 0.026565 0
6628.960000 0.034645 0
6632.320000 0.023120 0
6635.680000 0.025197 0
6639.040000 0.030980 0
6642.400000 0.027741 0
6645.760000 0.021708 0
6649.120000 0.024831 0
6652.480000 0.024324 0
6655.840000 0.044502 0
6659.200000 0.030049 0
6662.560000 0.019530 0
6665.920000 0.021161 0
6669.280000 0.025444 0
6672.640000 0.022654 0
6676.000000 0.033644 0
6679.360000 0.040404 0
6682.720000 0.026754 0
6686.080000 0.032736 0
6689.440000 0.024831 0
6692.800000 0.043801 0
6696.160000 0.025232 0
6699.520000 0.025178 0
6702.880000 0.009303 0
6706.240000 0.024565 0
6709.600000 0.025716 0
6712.960000 0.021559 0
6716.320000 0.027385 0
6719.680000 0.032498 0
6723.040000 0.023901 0
6726.400000 0.026069 0
6729.760000 0.016996 0
6733.120000 0.038985 0
6736.480000 0.020450 0
6739.840000 0.029942 0
6743.200000 0.029327 0
6746.560000 0.016447 0
6749.920000 0.020340 0
6753.280000 0.008865 0
6756.640000 0.027247 0
6760.000000 0.029253 0
6763.360000 0.025245 0
6766.720000 0.035797 0
6770.080000 0.035794 0
6773.440000 0.028058 0
6776.800000 0.023993 0
6780.160000 0.017392 0
6783.520000 0.025551 0
6786.880000 0.023290 0
6790.240000 0.026459 0
6793.600000 0.025154 0
6796.960000 0.014486 0
6800.320000 0.032225 0
6803.680000 0.028832 0
6807.040000 0.027540 0
6810.400000 0.027289 0
6813.760000 0.026634 0
6817.120000 0.025547 0
6820.480000 0.036966 0
6823.840000 0.046793 0
6827.200000 0.030244 0
6830.560000 0.033928 0
6833.920000 0.012060 0
6837.280000 0.023040 0
6840.640000 0.014411 0
6844.000000 0.024264 0
6847.360000 0.020671 0
6850.720000 0.021930 0
6854.080000 0.026912 0
6857.440000 0.036334 0
6860.800000 0.043110 0
6864.160000 0.032385 0
6867.520000 0.033862 0
6870.880000 0.015658 0
6874.240000 0.024019 0
6877.600000 0.020050 0
6880.960000 0.028852 0
6884.320000 0.021152 0
6887.680000 0.021610 0
6891.040000 0.021353 0
6894.400000 0.017413 0
6897.760000 0.025230 0
6901.120000 0.022805 0
6904.480000 0.027985 0
6907.840000 0.022355 0
6911.200000 0.019024 0
6914.560000 0.033252 0
6917.920000 0.019625 0
6921.280000 0.028115 0
6924.640000 0.029607 0
6928.000000 0.035019 0
6931.360000 0.030951 0
6934.720000 0.029686 0
6938.080000 0.036646 0
6941.440000 0.047382 0
6944.800000 0.044333 0
6948.160000 0.030173 0
6951.520000 0.025870 0
6954.880000 0.033398 0
6958.240000 0.028420 0
6961.600000 0.027198 0
6964.960000 0.035621 0
6968.320000 0.030779 0
6971.680000 0.033742 0
6975.040000 0.048212 0
6978.400000 0.028988 0
6981.760000 0.030075 0
6985.120000 0.025302 0
6988.480000 0.026764 0
6991.840000 0.017566 0
6995.200000 0.018623 0
6998.560000 0.030919 0
7001.920000 0.023759 0
7005.280000 0.027729 0
7008.640000 0.020025 0
7012.000000 0.016996 0
7015.360000 0.022576 0
7018.720000 0.018078 0
7022.080000 0.025079 0
7025.440000 0.033610 0
7028.800000 0.035084 0
7032.160000 0.034126 0
7035.520000 0.024069 0
7038.880000 0.024886 0
7042.240000 0.022832 0
7045.600000 0.020508 0
7048.960000 0.021668 0
7052.320000 0.027507 0
7055.680000 0.023842 0
7059.040000 0.026656 0
7062.400000 0.022560 0
7065.760000 0.024748 0
7069.120000 0.021552 0
7072.480000 0.027332 0
7075.840000 0.028176 0
7079.200000 0.027668 0
7082.560000 0.029223 0
7085.920000 0.021525 0
7089.280000 0.023629 0
7092.640000 0.030379 0
7096.000000 0.022715 0
7099.360000 0.028093 0
7102.720000 0.035453 0
7106.080000 0.024766 0
7109.440000 0.026627 0
7112.800000 0.029459 0
7116.160000 0.033692 0
7119.520000 0.024151 0
7122.880000 0.025363 0
7126.240000 0.021565 0
7129.600000 0.019223 0
7132.960000 0.029937 0
7136.320000 0.027223 0
7139.680000 0.029197 0
7143.040000 0.031543 0
7146.400000 0.026617 0
7149.760000 0.030568 0
7153.120000 0.016680 0
7156.480000 0.043262 0
7159.840000 0.021618 0
7163.200000 0.025529 0
7166.560000 0.030897 0
7169.920000 0.025689 0
7173.280000 0.033375 0
7176.640000 0.029218 0
7180.000000 0.021788 0
7183.360000 0.028164 0
7186.720000 0.025332 0
7190.080000 0.023718 0
7193.440000 0.021565 0
7196.800000 0.017420 0
7200.160000 0.031551 0
7203.520000 0.035437 0
7206.880000 0.036580 0
7210.240000 0.018278 0
7213.600000 0.029193 0
7216.960000 0.030678 0
7220.320000 0.028467 0
7223.680000 0.034126 0
7227.040000 0.022876 0
7230.400000 0.019476 0
7233.760000 0.050839 0
7237.120000 0.045143 0
7240.480000 0.035387 0
7243.840000 0.043823 0
7247.200000 0.038884 0
7250.560000 0.017019 0
7253.920000 0.002406 0
7257.280000 0.025730 0
7260.640000 0.027849 0
7264.000000 0.019202 0
7267.360000 0.035852 0
7270.720000 0.020301 0
7274.080000 0.027373 0
7277.440000 0.037342 0
7280.800000 0.017009 0
7284.160000 0.017922 0
7287.520000 0.033382 0
7290.880000 0.031730 0
7294.240000 0.015450 0
7297.600000 0.022666 0
7300.960000 0.033739 0
7304.320000 0.017055 0
7307.680000 0.030532 0
7311.040000 0.038688 0
7314.400000 0.017290 0
7317.760000 0.028680 0
7321.120000 0.033672 0
7324.480000 0.032268 0
7327.840000 0.028618 0
7331.200000 0.029720 0
7334.560000 0.038459 0
7337.920000 0.010259 0
7341.280000 0.014910 0
7344.640000 0.021164 0
7348.000000 0.009084 0
7351.360000 0.030680 0
7354.720000 0.027819 0
7358.080000 0.028252 0
7361.440000 0.026561 0
7364.800000 0.034189 0
7368.160000 0.036104 0
7371.520000 0.036364 0
7374.880000 0.009532 0
7378.240000 0.020485 0
7381.600000 0.030657 0
7384.960000 0.037461 0
7388.320000 0.049808 0
7391.680000 0.023207 0
7395.040000 0.037201 0
7398.400000 0.050213 0
7401.760000 0.055805 0
7405.120000 0.039805 0
7408.480000 0.003202 0
7411.840000 0.020432 0
7415.200000 0.024816 0
7418.560000 0.022138 0
7421.920000 0.025294 0
7425.280000 0.027834 0
7428.640000 0.037451 0
7432.000000 0.024233 0
7435.360000 0.012603 0
7438.720000 0.030652 0
7442.080000 0.032928 0
7445.440000 0.026281 0
7448.800000 0.026100 0
7452.160000 0.035772 0
7455.520000 0.032212 0
7458.880000 0.035021 0
7462.240000 0.031538 0
7465.600000 0.033384 0
7468.960000 0.018977 0
7472.320000 0.040115 0
7475.680000 0.041574 0
7479.040000 0.039038 0
7482.400000 0.033621 0
7485.760000 0.034550 0
7489.120000 0.012277 0
7492.480000 0.021410 0
7495.840000 0.029639 0
7499.200000 0.019985 0
7502.560000 0.014736 0
7505.920000 0.023077 0
7509.280000 0.034624 0
7512.640000 0.029035 0
7516.000000 0.013751 0
7519.360000 0.010550 0
7522.720000 0.049257 0
7526.080000 0.009562 0
7529.440000 0.010743 0
7532.800000 0.033085 0
7536.160000 0.029182 0
7539.520000 0.025119 0
7542.880000 0.027917 0
7546.240000 0.015795 0
7549.600000 0.022384 0
7552.960000 0.031062 0
7556.320000 0.031451 0
7559.680000 0.026146 0
7563.040000 0.023537 0
7566.400000 0.031395 0
7569.760000 0.043667 0
7573.120000 0.048514 0
7576.480000 0.043790 0
7579.840000 0.042600 0
7583.200000 0.064925 0
7586.560000 0.052130 0
7589.920000 0.033118 0
7593.280000 0.026507 0
7596.640000 0.017169 0
7600.000000 0.013363 0
7603.360000 0.032327 0
7606.720000 0.008606 0
7610.080000 0.057636 0
7613.440000 0.056005 0
7616.800000 0.032877 0
7620.160000 0.042804 0
7623.520000 0.029632 0
7626.880000 0.032058 0
7630.240000 0.020432 0
7633.600000 0.006031 0
7636.960000 0.024296 0
7640.320000 0.020292 0
7643.680000 0.019072 0
7647.040000 0.027741 0
7650.400000 0.019617 0
7653.760000 0.031056 0
7657.120000 0.030195 0
7660.480000 0.030324 0
7663.840000 0.023300 0
7667.200000 0.035357 0
7670.560000 0.028064 0
7673.920000 0.023895 0
7677.280000 0.023937 0
7680.640000 0.033320 0
7684.000000 0.022312 0
7687.360000 0.043777 0
7690.720000 0.012414 0
7694.080000 0.034292 0
7697.440000 0.041177 0
7700.800000 0.035506 0
7704.160000 0.047710 0
7707.520000 0.043844 0
7710.880000 0.030853 0
7714.240000 0.077428 0
7717.600000 0.062056 0
7720.960000 0.015196 0
7724.320000 0.013735 0
7727.680000 0.049004 0
7731.040000 0.041300 0
7734.400000 0.043635 0
7737.760000 0.023737 0
7741.120000 0.023097 0
7744.480000 0.039441 0
7747.840000 0.032410 0
7751.200000 0.042879 0
7754.560000 0.001567 0
7757.920000 0.020807 0
7761.280000 0.047646 0
7764.640000 0.035947 0
7768.000000 0.025211 0
7771.360000 0.020249 0
7774.720000 0.039397 0
7778.080000 0.025411 0
7781.440000 0.028392 0
7784.800000 0.034959 0
7788.160000 0.032772 0
7791.520000 0.039571 0
7794.880000 0.023896 0
7798.240000 0.012781 0
7801.600000 0.054977 0
7804.960000 0.061159 0
7808.320000 0.077479 0
7811.680000 0.101208 0
7815.040000 0.051122 0
7818.400000 0.012349 0
7821.760000 0.028126 0
7825.120000 0.024166 0
7828.480000 0.019713 0
7831.840000 0.020911 0
7835.200000 0.029554 0
7838.560000 0.029066 0
7841.920000 0.023402 0
7845.280000 0.027246 0
7848.640000 0.048699 0
7852.000000 0.046818 0
7855.360000 0.050488 0
7858.720000 0.053718 0
7862.080000 0.041172 0
7865.440000 0.050175 0
7868.800000 0.050294 0
7872.160000 0.037417 0
7875.520000 0.045289 0
7878.880000 0.049176 0
7882.240000 0.026150 0
7885.600000 0.020357 0
7888.960000 0.038354 0
7892.320000 0.001422 0
7895.680000 0.005182 0
7899.040000 0.022562 0
7902.400000 0.027178 0
7905.760000 0.042794 0
7909.120000 0.064374 0
7912.480000 0.035210 0
7915.840000 0.022876 0
7919.200000 0.057293 0
7922.560000 0.035343 0
7925.920000 0.014446 0
7929.280000 0.026143 0
7932.640000 0.030196 0
7936.000000 0.036495 0
7939.360000 0.041088 0
7942.720000 0.038146 0
7946.080000 0.033684 0
7949.440000 0.033861 0
7952.800000 0.037631 0
7956.160000 0.029798 0
7959.520000 0.066835 0
7962.880000 0.047235 0
7966.240000 0.051830 0
7969.600000 0.017390 0
7972.960000 0.051236 0
7976.320000 0.035900 0
7979.680000 0.010915 0
7983.040000 0.028721 0
7986.400000 0.005594 0
7989.760000 0.000935 0
7993.120000 0.078439 0
7996.480000 0.031713 0
7999.840000 0.004805 0
8003.200000 0.025143 0
8006.560000 0.027840 0
8009.920000 0.030323 0
8013.280000 0.039397 0
8016.640000 0.025847 0
8020.000000 0.045003 0
8023.360000 0.040639 0
8026.720000 0.021805 0
8030.080000 0.044489 0
8033.440000 0.042739 0
8036.800000 0.021808 0
8040.160000 0.038156 0
8043.520000 0.041281 0
8046.880000 0.026036 0
8050.240000 0.030715 0
8053.600000 0.051618 0
8056.960000 0.040933 0
8060.320000 0.045279 0
8063.680000 0.070356 0
8067.040000 0.052380 0
8070.400000 0.029010 0
8073.760000 0.041753 0
8077.120000 0.031443 0
8080.480000 0.033796 0
8083.840000 0.039890 0
8087.200000 0.038064 0
8090.560000 0.050505 0
8093.920000 0.049561 0
8097.280000 0.049383 0
8100.640000 0.037299 0
8104.000000 0.039358 0
8107.360000 0.044340 0
8110.720000 0.047220 0
8114.080000 0.044103 0
8117.440000 0.027077 0
8120.800000 0.032253 0
8124.160000 0.032640 0
8127.520000 0.027035 0
8130.880000 0.034698 0
8134.240000 0.047601 0
8137.600000 0.044235 0
8140.960000 0.031207 0
8144.320000 0.026939 0
8147.680000 0.037429 0
8151.040000 0.032097 0
8154.400000 0.034696 0
8157.760000 0.029024 0
8161.120000 0.035424 0
8164.480000 0.035883 0
8167.840000 0.041432 0
8171.200000 0.025726 0
8174.560000 0.029017 0
8177.920000 0.053663 0
8181.280000 0.034290 0
8184.640000 0.042807 0
8188.000000 0.033878 0
8191.360000 0.026666 0
8194.720000 0.043128 0
8198.080000 0.030851 0
8201.440000 0.028857 0
8204.800000 0.031011 0
8208.160000 0.028225 0
8211.520000 0.030959 0
8214.880000 0.029024 0
8218.240000 0.035712 0
8221.600000 0.024431 0
8224.960000 0.042873 0
8228.320000 0.042677 0
8231.680000 0.017806 0
8235.040000 0.028321 0
8238.400000 0.018252 0
8241.760000 0.036114 0
8245.120000 0.025750 0
8248.480000 0.031666 0
8251.840000 0.023368 0
8255.200000 0.034113 0
8258.560000 0.025545 0
8261.920000 0.029460 0
8265.280000 0.018305 0
8268.640000 0.028154 0
8272.000000 0.029541 0
8275.360000 0.027177 0
8278.720000 0.036151 0
8282.080000 -0.022332 0
8285.440000 0.042444 0
8288.800000 0.026016 0
8292.160000 0.019129 0
8295.520000 0.056661 0
8298.880000 0.037996 0
8302.240000 0.047549 0
8305.600000 0.043294 0
8308.960000 0.022321 0
8312.320000 -0.000932 0
8315.680000 0.054101 0
8319.040000 0.041134 0
8322.400000 0.038679 0
8325.760000 0.032464 0
8329.120000 0.041586 0
8332.480000 0.041310 0
8335.840000 0.043762 0
8339.200000 0.009832 0
8342.560000 0.060348 0
8345.920000 0.031008 0
8349.280000 -0.010028 0
8352.640000 0.026352 0
8356.000000 0.049412 0
8359.360000 0.046519 0
8362.720000 0.020816 0
8366.080000 0.020830 0
8369.440000 0.029152 0
8372.800000 0.026321 0
8376.160000 0.013007 0
8379.520000 0.007679 0
8382.880000 0.030030 0
8386.240000 0.061844 0
8389.600000 0.056322 0
8392.960000 0.054279 0
8396.320000 0.008633 0
8399.680000 0.031250 0
8403.040000 0.027454 0
8406.400000 0.014589 0
8409.760000 0.030640 0
8413.120000 0.029162 0
8416.480000 0.045880 0
8419.840000 0.027973 0
8423.200000 0.062200 0
8426.560000 0.056411 0
8429.920000 0.046564 0
8433.280000 0.046256 0
8436.640000 0.018988 0
8440.000000 0.035891 0
8443.360000 0.037074 0
8446.720000 0.035401 0
8450.080000 0.021408 0
8453.440000 0.022061 0
8456.800000 0.039352 0
8460.160000 0.033566 0
8463.520000 0.022618 0
8466.880000 0.040891 0
8470.240000 0.027045 0
8473.600000 0.017886 0
8476.960000 0.014623 0
8480.320000 0.023964 0
8483.680000 0.019439 0
8487.040000 0.025755 0
8490.400000 0.029599 0
8493.760000 0.038237 0
8497.120000 0.026382 0
8500.480000 0.018845 0
8503.840000 0.017881 0
8507.200000 0.036798 0
8510.560000 0.011526 0
8513.920000 0.022915 0
8517.280000 0.034153 0
8520.640000 0.029602 0
8524.000000 0.017274 0
8527.360000 0.024610 0
8530.720000 0.042753 0
8534.080000 0.018578 0
8537.440000 0.011101 0
8540.800000 0.036405 0
8544.160000 0.028037 0
8547.520000 0.034403 0
8550.880000 0.019780 0
8554.240000 0.033123 0
8557.600000 0.033052 0
8560.960000 0.023211 0
8564.320000 0.024266 0
8567.680000 0.006336 0
8571.040000 0.020145 0
8574.400000 0.024928 0
8577.760000 0.030764 0
8581.120000 0.028577 0
8584.480000 0.016836 0
8587.840000 0.036431 0
8591.200000 0.043406 0
8594.560000 0.004745 0
8597.920000 0.039986 0
8601.280000 0.039314 0
8604.640000 0.025982 0
8608.000000 0.032497 0
8611.360000 0.044705 0
8614.720000 0.024874 0
8618.080000 0.050458 0
8621.440000 0.071376 0
8624.800000 0.014068 0
8628.160000 0.018010 0
8631.520000 0.009856 0
8634.880000 0.019793 0
8638.240000 -0.000186 0
8641.600000 0.015707 0
8644.960000 0.043607 0
8648.320000 0.033894 0
8651.680000 0.040583 0
8655.040000 -0.005853 0
8658.400000 0.014918 0
8661.760000 0.031446 0
8665.120000 0.027398 0
8668.480000 -0.007107 0
8671.840000 -0.004176 0
8675.200000 0.025214 0
8678.560000 0.041570 0
8681.920000 0.040056 0
8685.280000 0.041729 0
8688.640000 0.018101 0
8692.000000 0.025547 0
8695.360000 0.047101 0
8698.720000 0.030827 0
8702.080000 0.016394 0
8705.440000 0.031567 0
8708.800000 0.009836 0
8712.160000 0.007497 0
8715.520000 0.024888 0
8718.880000 0.028073 0
8722.240000 0.012003 0
8725.600000 0.036132 0
8728.960000 0.032873 0
8732.320000 0.019438 0
8735.680000 0.022565 0
8739.040000 0.029462 0
8742.400000 0.010716 0
8745.760000 0.018030 0
8749.120000 0.048453 0
8752.480000 0.105647 0
8755.840000 0.100469 0
8759.200000 0.193226 0
8762.560000 0.146819 0
8765.920000 -0.020846 0
8769.280000 0.076371 0
8772.640000 -0.008223 0
8776.000000 -0.224634 0
8779.360000 0.000000 1
8782.720000 0.000000 1
8786.080000 0.000000 1
8789.440000 0.000000 1
8792.800000 0.000000 1
8796.160000 0.000000 1
8799.520000 0.000000 1
8802.880000 0.000000 1
8806.240000 0.000000 1
8809.600000 0.000000 1
8812.960000 0.000000 1
8816.320000 0.000000 1
8819.680000 0.000000 1
8823.040000 0.000000 1
8826.400000 0.000000 1
8829.760000 0.000000 1
8833.120000 0.000000 1
8836.480000 0.000000 1
8839.840000 0.000000 1
8843.200000 0.000000 1
8846.560000 0.000000 1
8849.920000 0.000000 1
8853.280000 0.000000 1
8856.640000 0.000000 1
8860.000000 0.000000 1
8863.360000 0.000000 1
8866.720000 0.000000 1
8870.080000 0.000000 1
8873.440000 0.000000 1
8876.800000 0.000000 1
8880.160000 0.000000 1
8883.520000 0.000000 1
8886.880000 0.000000 1
8890.240000 0.000000 1
8893.600000 0.000000 1
8896.960000 0.000000 1
8900.320000 0.000000 1
8903.680000 0.000000 1
8907.040000 0.000000 1
8910.400000 0.000000 1
8913.760000 0.000000 1
8917.120000 0.000000 1
8920.480000 0.000000 1
8923.840000 0.000000 1
8927.200000 0.000000 1
8930.560000 0.000000 1
8933.920000 0.000000 1
8937.280000 0.000000 1
8940.640000 0.000000 1
8944.000000 0.000000 1
8947.360000 0.000000 1
8950.720000 0.000000 1
8954.080000 0.000000 1
8957.440000 0.000000 1
8960.800000 0.000000 1
8964.160000 0.000000 1
8967.520000 0.000000 1
8970.880000 0.000000 1
8974.240000 0.000000 1
8977.600000 0.000000 1
8980.960000 0.000000 1
8984.320000 0.000000 1
8987.680000 0.000000 1
8991.040000 0.000000 1
8994.400000 0.000000 1
8997.760000 0.000000 1
9001.120000 0.000000 1
9004.480000 0.000000 1
9007.840000 0.000000 1
9011.200000 0.000000 1
9014.560000 0.000000 1
9017.920000 0.000000 1
9021.280000 0.000000 1
9024.640000 0.000000 1
9028.000000 0.000000 1
9031.360000 0.000000 1
9034.720000 0.000000 1
9038.080000 0.000000 1
9041.440000 0.000000 1
9044.800000 0.000000 1
9048.160000 0.000000 1
9051.520000 0.000000 1
9054.880000 0.000000 1
9058.240000 0.000000 1
9061.600000 0.000000 1
9064.960000 0.000000 1
9068.320000 0.000000 1
9071.680000 0.000000 1
9075.040000 0.000000 1
9078.400000 0.000000 1
9081.760000 0.000000 1
9085.120000 0.000000 1
9088.480000 0.000000 1
9091.840000 0.000000 1
9095.200000 0.000000 1
9098.560000 0.000000 1
9101.920000 0.000000 1
9105.280000 0.000000 1
9108.640000 0.000000 1
9112.000000 0.000000 1
9115.360000 0.000000 1
9118.720000 0.000000 1
9122.080000 0.000000 1
9125.440000 0.000000 1
9128.800000 0.000000 1
9132.160000 0.000000 1
9135.520000 0.000000 1
9138.880000 0.000000 1
9142.240000 0.000000 1
9145.600000 0.000000 1
9148.960000 0.000000 1
9152.320000 0.000000 1
9155.680000 0.000000 1
9159.040000 0.000000 1
9162.400000 0.000000 1
9165.760000 0.000000 1
9169.120000 0.000000 1
9172.480000 0.000000 1
9175.840000 0.000000 1
9179.200000 0.000000 1
9182.560000 0.000000 1
9185.920000 0.000000 1
9189.280000 0.000000 1
9192.640000 0.000000 1
9196.000000 0.000000 1
9199.360000 0.000000 1
9202.720000 0.000000 1
9206.080000 0.000000 1
9209.440000 0.000000 1
9212.800000 0.000000 1
9216.160000 0.000000 1
9219.520000 0.000000 1
9222.880000 0.000000 1
9226.240000 0.000000 1
9229.600000 0.000000 1
9232.960000 0.000000 1
9236.320000 0.000000 1
9239.680000 0.000000 1
9243.040000 0.000000 1
9246.400000 0.000000 1
9249.760000 0.000000 1
