# obs: 255710
# slit: 33
# z: 0.52288
# lines: [OII],H8,K,H
# spec: 372
4451.680000 0.000000 1
4455.040000 0.000000 1
4458.400000 0.000000 1
4461.760000 0.000000 1
4465.120000 0.000000 1
4468.480000 0.000000 1
4471.840000 0.000000 1
4475.200000 0.000000 1
4478.560000 0.000000 1
4481.920000 0.000000 1
4485.280000 0.000000 1
4488.640000 0.000000 1
4492.000000 0.000000 1
4495.360000 0.000000 1
4498.720000 0.000000 1
4502.080000 0.000000 1
4505.440000 0.000000 1
4508.800000 0.000000 1
4512.160000 0.000000 1
4515.520000 0.000000 1
4518.880000 0.001259 0
4522.240000 0.019725 0
4525.600000 0.036828 0
4528.960000 0.035383 0
4532.320000 0.051508 0
4535.680000 0.032204 0
4539.040000 0.053165 0
4542.400000 0.052889 0
4545.760000 0.014518 0
4549.120000 0.031876 0
4552.480000 0.043318 0
4555.840000 0.042714 0
4559.200000 0.052031 0
4562.560000 0.048451 0
4565.920000 0.030091 0
4569.280000 0.002831 0
4572.640000 0.021377 0
4576.000000 0.040701 0
4579.360000 0.007578 0
4582.720000 0.034777 0
4586.080000 0.046356 0
4589.440000 0.007368 0
4592.800000 0.024321 0
4596.160000 0.012190 0
4599.520000 0.040522 0
4602.880000 0.029912 0
4606.240000 0.021647 0
4609.600000 0.032258 0
4612.960000 0.026679 0
4616.320000 0.008598 0
4619.680000 0.052492 0
4623.040000 0.037820 0
4626.400000 0.042382 0
4629.760000 0.031895 0
4633.120000 0.031607 0
4636.480000 0.043681 0
4639.840000 0.034633 0
4643.200000 0.042154 0
4646.560000 0.049498 0
4649.920000 0.043466 0
4653.280000 0.067179 0
4656.640000 0.045835 0
4660.000000 0.044645 0
4663.360000 0.042900 0
4666.720000 0.039027 0
4670.080000 0.025595 0
4673.440000 0.046466 0
4676.800000 0.042415 0
4680.160000 0.034543 0
4683.520000 0.035650 0
4686.880000 0.040707 0
4690.240000 0.027572 0
4693.600000 0.030897 0
4696.960000 0.021036 0
4700.320000 0.046581 0
4703.680000 0.024422 0
4707.040000 0.018746 0
4710.400000 0.028479 0
4713.760000 0.044764 0
4717.120000 0.028643 0
4720.480000 0.029145 0
4723.840000 0.032367 0
4727.200000 0.039116 0
4730.560000 0.031908 0
4733.920000 0.045558 0
4737.280000 0.040594 0
4740.640000 0.032144 0
4744.000000 0.029809 0
4747.360000 0.038216 0
4750.720000 0.020420 0
4754.080000 0.044024 0
4757.440000 0.035452 0
4760.800000 0.023315 0
4764.160000 0.031906 0
4767.520000 0.050273 0
4770.880000 0.053955 0
4774.240000 0.030864 0
4777.600000 0.040887 0
4780.960000 0.039335 0
4784.320000 0.042929 0
4787.680000 0.053347 0
4791.040000 0.039459 0
4794.400000 0.027730 0
4797.760000 0.037144 0
4801.120000 0.043311 0
4804.480000 0.050304 0
4807.840000 0.034777 0
4811.200000 0.030888 0
4814.560000 0.030894 0
4817.920000 0.023576 0
4821.280000 0.059499 0
4824.640000 0.037785 0
4828.000000 0.033399 0
4831.360000 0.042991 0
4834.720000 0.042750 0
4838.080000 0.036298 0
4841.440000 0.059559 0
4844.800000 0.054495 0
4848.160000 0.045546 0
4851.520000 0.027965 0
4854.880000 0.015681 0
4858.240000 0.025501 0
4861.600000 0.025874 0
4864.960000 0.030846 0
4868.320000 0.035824 0
4871.680000 0.015916 0
4875.040000 0.045614 0
4878.400000 0.046798 0
4881.760000 0.051005 0
4885.120000 0.045114 0
4888.480000 0.042844 0
4891.840000 0.034443 0
4895.200000 0.025940 0
4898.560000 0.035173 0
4901.920000 0.026102 0
4905.280000 0.034780 0
4908.640000 0.044197 0
4912.000000 0.039403 0
4915.360000 0.025285 0
4918.720000 0.033881 0
4922.080000 0.040924 0
4925.440000 0.019483 0
4928.800000 0.019639 0
4932.160000 0.028585 0
4935.520000 0.037566 0
4938.880000 0.032278 0
4942.240000 0.034253 0
4945.600000 0.045415 0
4948.960000 0.025704 0
4952.320000 0.035849 0
4955.680000 0.029894 0
4959.040000 0.029521 0
4962.400000 0.056173 0
4965.760000 0.057100 0
4969.120000 0.051367 0
4972.480000 0.050257 0
4975.840000 0.037278 0
4979.200000 0.014133 0
4982.560000 0.039610 0
4985.920000 0.054872 0
4989.280000 0.035425 0
4992.640000 0.044959 0
4996.000000 0.037594 0
4999.360000 0.052003 0
5002.720000 0.040405 0
5006.080000 0.036318 0
5009.440000 0.031140 0
5012.800000 0.051029 0
5016.160000 0.030496 0
5019.520000 0.029403 0
5022.880000 0.049493 0
5026.240000 0.049211 0
5029.600000 0.044560 0
5032.960000 0.023475 0
5036.320000 0.024650 0
5039.680000 0.046820 0
5043.040000 0.029999 0
5046.400000 0.027089 0
5049.760000 0.029396 0
5053.120000 0.040900 0
5056.480000 0.038204 0
5059.840000 0.043546 0
5063.200000 0.020078 0
5066.560000 0.032963 0
5069.920000 0.039815 0
5073.280000 0.044553 0
5076.640000 0.054564 0
5080.000000 0.045119 0
5083.360000 0.039982 0
5086.720000 0.018185 0
5090.080000 0.029681 0
5093.440000 0.062162 0
5096.800000 0.042490 0
5100.160000 0.045281 0
5103.520000 0.039733 0
5106.880000 0.037073 0
5110.240000 0.060912 0
5113.600000 0.038180 0
5116.960000 0.026731 0
5120.320000 0.049216 0
5123.680000 0.030399 0
5127.040000 0.034105 0
5130.400000 0.028240 0
5133.760000 0.039650 0
5137.120000 0.025586 0
5140.480000 0.009070 0
5143.840000 0.044464 0
5147.200000 0.045368 0
5150.560000 0.039467 0
5153.920000 0.036288 0
5157.280000 0.034703 0
5160.640000 0.058491 0
5164.000000 0.041547 0
5167.360000 0.036898 0
5170.720000 0.054779 0
5174.080000 0.047679 0
5177.440000 0.051734 0
5180.800000 0.057788 0
5184.160000 0.055448 0
5187.520000 0.061230 0
5190.880000 0.044451 0
5194.240000 0.039287 0
5197.600000 0.057313 0
5200.960000 0.038853 0
5204.320000 0.042072 0
5207.680000 0.052120 0
5211.040000 0.044705 0
5214.400000 0.026140 0
5217.760000 0.044517 0
5221.120000 0.027914 0
5224.480000 0.043754 0
5227.840000 0.047499 0
5231.200000 0.036197 0
5234.560000 0.037529 0
5237.920000 0.046961 0
5241.280000 0.027911 0
5244.640000 0.025348 0
5248.000000 0.038506 0
5251.360000 0.034587 0
5254.720000 0.050155 0
5258.080000 0.051631 0
5261.440000 0.042366 0
5264.800000 0.046051 0
5268.160000 0.052767 0
5271.520000 0.032041 0
5274.880000 0.030702 0
5278.240000 0.041419 0
5281.600000 0.049639 0
5284.960000 0.034019 0
5288.320000 0.032175 0
5291.680000 0.040718 0
5295.040000 0.041928 0
5298.400000 0.037299 0
5301.760000 0.054340 0
5305.120000 0.058017 0
5308.480000 0.030737 0
5311.840000 0.063674 0
5315.200000 0.045983 0
5318.560000 0.031639 0
5321.920000 0.054546 0
5325.280000 0.042373 0
5328.640000 0.029970 0
5332.000000 0.058870 0
5335.360000 0.039986 0
5338.720000 0.052769 0
5342.080000 0.039889 0
5345.440000 0.044731 0
5348.800000 0.061026 0
5352.160000 0.054287 0
5355.520000 0.044408 0
5358.880000 0.038995 0
5362.240000 0.042919 0
5365.600000 0.044306 0
5368.960000 0.049341 0
5372.320000 0.045994 0
5375.680000 0.050631 0
5379.040000 0.048309 0
5382.400000 0.042293 0
5385.760000 0.035955 0
5389.120000 0.052852 0
5392.480000 0.060537 0
5395.840000 0.058305 0
5399.200000 0.032895 0
5402.560000 0.039468 0
5405.920000 0.060735 0
5409.280000 0.069371 0
5412.640000 0.056853 0
5416.000000 0.040858 0
5419.360000 0.034700 0
5422.720000 0.040841 0
5426.080000 0.051112 0
5429.440000 0.046273 0
5432.800000 0.051622 0
5436.160000 0.025749 0
5439.520000 0.042833 0
5442.880000 0.045767 0
5446.240000 0.050339 0
5449.600000 0.036946 0
5452.960000 0.039694 0
5456.320000 0.056032 0
5459.680000 0.030448 0
5463.040000 0.036195 0
5466.400000 0.055243 0
5469.760000 0.051348 0
5473.120000 0.028579 0
5476.480000 0.044803 0
5479.840000 0.087474 0
5483.200000 0.061941 0
5486.560000 0.059083 0
5489.920000 0.038695 0
5493.280000 0.037859 0
5496.640000 0.034091 0
5500.000000 0.051946 0
5503.360000 0.026695 0
5506.720000 0.046476 0
5510.080000 0.039503 0
5513.440000 0.042201 0
5516.800000 0.064746 0
5520.160000 0.059273 0
5523.520000 0.048501 0
5526.880000 0.022525 0
5530.240000 0.037715 0
5533.600000 0.032637 0
5536.960000 0.023917 0
5540.320000 0.037690 0
5543.680000 0.063601 0
5547.040000 0.058845 0
5550.400000 0.029572 0
5553.760000 0.030907 0
5557.120000 0.056559 0
5560.480000 0.039857 0
5563.840000 0.061399 1
5567.200000 0.060518 1
5570.560000 0.097352 1
5573.920000 0.190434 1
5577.280000 0.127966 1
5580.640000 0.057941 1
5584.000000 0.026211 1
5587.360000 0.054824 1
5590.720000 0.053235 1
5594.080000 0.050020 1
5597.440000 0.051214 1
5600.800000 0.058028 1
5604.160000 0.044348 0
5607.520000 0.019914 0
5610.880000 0.061561 0
5614.240000 0.061625 0
5617.600000 0.067467 0
5620.960000 0.051037 0
5624.320000 0.054545 0
5627.680000 0.054561 0
5631.040000 0.060079 0
5634.400000 0.038076 0
5637.760000 0.032310 0
5641.120000 0.066305 0
5644.480000 0.056148 0
5647.840000 0.032972 0
5651.200000 0.056347 0
5654.560000 0.062858 0
5657.920000 0.079364 0
5661.280000 0.049707 0
5664.640000 0.054226 0
5668.000000 0.059081 0
5671.360000 0.040147 0
5674.720000 0.093408 0
5678.080000 0.125486 0
5681.440000 0.073447 0
5684.800000 0.060516 0
5688.160000 0.023672 0
5691.520000 0.044354 0
5694.880000 0.041148 0
5698.240000 0.045983 0
5701.600000 0.051049 0
5704.960000 0.068609 0
5708.320000 0.049623 0
5711.680000 0.038669 0
5715.040000 0.044304 0
5718.400000 0.069069 0
5721.760000 0.079349 0
5725.120000 0.072880 0
5728.480000 0.061941 0
5731.840000 0.062651 0
5735.200000 0.049466 0
5738.560000 0.037094 0
5741.920000 0.060037 0
5745.280000 0.049663 0
5748.640000 0.050614 0
5752.000000 0.062884 0
5755.360000 0.044690 0
5758.720000 0.047561 0
5762.080000 0.058815 0
5765.440000 0.074061 0
5768.800000 0.042292 0
5772.160000 0.051683 0
5775.520000 0.061460 0
5778.880000 0.038859 0
5782.240000 0.054123 0
5785.600000 0.063113 0
5788.960000 0.043402 0
5792.320000 0.061022 0
5795.680000 0.054077 0
5799.040000 0.087517 0
5802.400000 0.073684 0
5805.760000 0.077055 0
5809.120000 0.051472 0
5812.480000 0.052343 0
5815.840000 0.086039 0
5819.200000 0.064827 0
5822.560000 0.056230 0
5825.920000 0.052209 0
5829.280000 0.041950 0
5832.640000 0.033232 0
5836.000000 0.045962 0
5839.360000 0.042307 0
5842.720000 0.050184 0
5846.080000 0.051040 0
5849.440000 0.057356 0
5852.800000 0.051937 0
5856.160000 0.049070 0
5859.520000 0.052202 0
5862.880000 0.056882 0
5866.240000 0.076420 0
5869.600000 0.076586 0
5872.960000 0.071377 0
5876.320000 0.055611 0
5879.680000 0.059054 0
5883.040000 0.063457 0
5886.400000 0.085565 0
5889.760000 0.070729 0
5893.120000 0.080214 0
5896.480000 0.058240 0
5899.840000 0.058997 0
5903.200000 0.066658 0
5906.560000 0.030320 0
5909.920000 0.070601 0
5913.280000 0.067041 0
5916.640000 0.041492 0
5920.000000 0.050648 0
5923.360000 0.044212 0
5926.720000 0.090926 0
5930.080000 0.061830 0
5933.440000 0.057549 0
5936.800000 0.079449 0
5940.160000 0.061082 0
5943.520000 0.071036 0
5946.880000 0.063371 0
5950.240000 0.064844 0
5953.600000 0.080415 0
5956.960000 0.067832 0
5960.320000 0.087172 0
5963.680000 0.072800 0
5967.040000 0.066991 0
5970.400000 0.060938 0
5973.760000 0.070681 0
5977.120000 0.082527 0
5980.480000 0.075661 0
5983.840000 0.036560 0
5987.200000 0.037116 0
5990.560000 0.038663 0
5993.920000 0.036936 0
5997.280000 0.052425 0
6000.640000 0.050115 0
6004.000000 0.062517 0
6007.360000 0.061119 0
6010.720000 0.073804 0
6014.080000 0.056426 0
6017.440000 0.083828 0
6020.800000 0.077586 0
6024.160000 0.087582 0
6027.520000 0.074690 0
6030.880000 0.057692 0
6034.240000 0.040557 0
6037.600000 0.046911 0
6040.960000 0.049337 0
6044.320000 0.032263 0
6047.680000 0.022868 0
6051.040000 0.036777 0
6054.400000 0.040363 0
6057.760000 0.072453 0
6061.120000 0.076492 0
6064.480000 0.053465 0
6067.840000 0.071974 0
6071.200000 0.097698 0
6074.560000 0.075311 0
6077.920000 0.084777 0
6081.280000 0.105069 0
6084.640000 0.071478 0
6088.000000 0.107902 0
6091.360000 0.087325 0
6094.720000 0.088360 0
6098.080000 0.086989 0
6101.440000 0.087112 0
6104.800000 0.083730 0
6108.160000 0.067394 0
6111.520000 0.095792 0
6114.880000 0.097854 0
6118.240000 0.099493 0
6121.600000 0.084476 0
6124.960000 0.095044 0
6128.320000 0.092093 0
6131.680000 0.092892 0
6135.040000 0.076466 0
6138.400000 0.070371 0
6141.760000 0.088609 0
6145.120000 0.107773 0
6148.480000 0.101407 0
6151.840000 0.092674 0
6155.200000 0.099297 0
6158.560000 0.096954 0
6161.920000 0.074249 0
6165.280000 0.067593 0
6168.640000 0.085301 0
6172.000000 0.088781 0
6175.360000 0.077389 0
6178.720000 0.085336 0
6182.080000 0.112539 0
6185.440000 0.098357 0
6188.800000 0.080629 0
6192.160000 0.086767 0
6195.520000 0.086763 0
6198.880000 0.083726 0
6202.240000 0.073856 0
6205.600000 0.081907 0
6208.960000 0.093977 0
6212.320000 0.093245 0
6215.680000 0.072325 0
6219.040000 0.079247 0
6222.400000 0.086726 0
6225.760000 0.097420 0
6229.120000 0.099567 0
6232.480000 0.072598 0
6235.840000 0.076739 0
6239.200000 0.085618 0
6242.560000 0.080262 0
6245.920000 0.072198 0
6249.280000 0.068777 0
6252.640000 0.068967 0
6256.000000 0.057533 0
6259.360000 0.073546 0
6262.720000 0.084013 0
6266.080000 0.103879 0
6269.440000 0.114130 0
6272.800000 0.101508 0
6276.160000 0.087899 0
6279.520000 0.048015 0
6282.880000 0.085711 0
6286.240000 0.079728 0
6289.600000 0.068969 0
6292.960000 0.059834 0
6296.320000 0.067574 0
6299.680000 0.040451 0
6303.040000 0.094668 0
6306.400000 0.114794 0
6309.760000 0.101043 0
6313.120000 0.084068 0
6316.480000 0.101420 0
6319.840000 0.083631 0
6323.200000 0.075377 0
6326.560000 0.081361 0
6329.920000 0.083237 0
6333.280000 0.081259 0
6336.640000 0.091707 0
6340.000000 0.082561 0
6343.360000 0.083649 0
6346.720000 0.082021 0
6350.080000 0.091687 0
6353.440000 0.092654 0
6356.800000 0.069106 0
6360.160000 0.094925 0
6363.520000 0.096715 0
6366.880000 0.077675 0
6370.240000 0.078020 0
6373.600000 0.073693 0
6376.960000 0.072786 0
6380.320000 0.096843 0
6383.680000 0.084800 0
6387.040000 0.086917 0
6390.400000 0.078520 0
6393.760000 0.073064 0
6397.120000 0.092741 0
6400.480000 0.095098 0
6403.840000 0.084655 0
6407.200000 0.087752 0
6410.560000 0.078914 0
6413.920000 0.080115 0
6417.280000 0.082903 0
6420.640000 0.096236 0
6424.000000 0.076072 0
6427.360000 0.082667 0
6430.720000 0.074499 0
6434.080000 0.081308 0
6437.440000 0.082432 0
6440.800000 0.071392 0
6444.160000 0.085949 0
6447.520000 0.096781 0
6450.880000 0.080192 0
6454.240000 0.084049 0
6457.600000 0.098363 0
6460.960000 0.094340 0
6464.320000 0.097005 0
6467.680000 0.081542 0
6471.040000 0.079113 0
6474.400000 0.104209 0
6477.760000 0.095635 0
6481.120000 0.095907 0
6484.480000 0.082297 0
6487.840000 0.093235 0
6491.200000 0.105832 0
6494.560000 0.092153 0
6497.920000 0.081438 0
6501.280000 0.092929 0
6504.640000 0.078792 0
6508.000000 0.086014 0
6511.360000 0.079139 0
6514.720000 0.083400 0
6518.080000 0.092311 0
6521.440000 0.111663 0
6524.800000 0.085370 0
6528.160000 0.082706 0
6531.520000 0.095838 0
6534.880000 0.078181 0
6538.240000 0.091687 0
6541.600000 0.092654 0
6544.960000 0.066278 0
6548.320000 0.056488 0
6551.680000 0.066648 0
6555.040000 0.073545 0
6558.400000 0.071585 0
6561.760000 0.068058 0
6565.120000 0.086674 0
6568.480000 0.062915 0
6571.840000 0.089263 0
6575.200000 0.093655 0
6578.560000 0.087678 0
6581.920000 0.096680 0
6585.280000 0.081477 0
6588.640000 0.078434 0
6592.000000 0.097732 0
6595.360000 0.063112 0
6598.720000 0.076845 0
6602.080000 0.094150 0
6605.440000 0.072682 0
6608.800000 0.074664 0
6612.160000 0.066283 0
6615.520000 0.069198 0
6618.880000 0.098174 0
6622.240000 0.087914 0
6625.600000 0.089648 0
6628.960000 0.082068 0
6632.320000 0.099010 0
6635.680000 0.081782 0
6639.040000 0.093704 0
6642.400000 0.098153 0
6645.760000 0.110692 0
6649.120000 0.108068 0
6652.480000 0.101245 0
6655.840000 0.116690 0
6659.200000 0.093685 0
6662.560000 0.077560 0
6665.920000 0.095397 0
6669.280000 0.072526 0
6672.640000 0.077546 0
6676.000000 0.067474 0
6679.360000 0.079486 0
6682.720000 0.066566 0
6686.080000 0.096926 0
6689.440000 0.095464 0
6692.800000 0.087643 0
6696.160000 0.098940 0
6699.520000 0.103873 0
6702.880000 0.092749 0
6706.240000 0.093604 0
6709.600000 0.091259 0
6712.960000 0.090248 0
6716.320000 0.103933 0
6719.680000 0.106965 0
6723.040000 0.076409 0
6726.400000 0.082472 0
6729.760000 0.104470 0
6733.120000 0.099246 0
6736.480000 0.096644 0
6739.840000 0.105353 0
6743.200000 0.084521 0
6746.560000 0.094587 0
6749.920000 0.097683 0
6753.280000 0.117431 0
6756.640000 0.097464 0
6760.000000 0.098809 0
6763.360000 0.098071 0
6766.720000 0.098925 0
6770.080000 0.111510 0
6773.440000 0.120462 0
6776.800000 0.095379 0
6780.160000 0.111916 0
6783.520000 0.102425 0
6786.880000 0.099372 0
6790.240000 0.095420 0
6793.600000 0.082286 0
6796.960000 0.098337 0
6800.320000 0.118730 0
6803.680000 0.101031 0
6807.040000 0.113195 0
6810.400000 0.100852 0
6813.760000 0.108729 0
6817.120000 0.100761 0
6820.480000 0.094091 0
6823.840000 0.099354 0
6827.200000 0.098957 0
6830.560000 0.097043 0
6833.920000 0.125937 0
6837.280000 0.131918 0
6840.640000 0.109552 0
6844.000000 0.119604 0
6847.360000 0.124301 0
6850.720000 0.109933 0
6854.080000 0.102317 0
6857.440000 0.088428 0
6860.800000 0.096344 0
6864.160000 0.099809 0
6867.520000 0.112656 0
6870.880000 0.094479 0
6874.240000 0.088242 0
6877.600000 0.080784 0
6880.960000 0.120655 0
6884.320000 0.101609 0
6887.680000 0.080589 0
6891.040000 0.087424 0
6894.400000 0.088972 0
6897.760000 0.081632 0
6901.120000 0.077753 0
6904.480000 0.094398 0
6907.840000 0.118232 0
6911.200000 0.098749 0
6914.560000 0.071580 0
6917.920000 0.074023 0
6921.280000 0.110611 0
6924.640000 0.121372 0
6928.000000 0.112822 0
6931.360000 0.110363 0
6934.720000 0.084004 0
6938.080000 0.092248 0
6941.440000 0.086730 0
6944.800000 0.087585 0
6948.160000 0.098954 0
6951.520000 0.096959 0
6954.880000 0.107710 0
6958.240000 0.112366 0
6961.600000 0.105369 0
6964.960000 0.110723 0
6968.320000 0.106581 0
6971.680000 0.113008 0
6975.040000 0.097596 0
6978.400000 0.121731 0
6981.760000 0.097849 0
6985.120000 0.090291 0
6988.480000 0.108911 0
6991.840000 0.118504 0
6995.200000 0.108906 0
6998.560000 0.107565 0
7001.920000 0.093485 0
7005.280000 0.105981 0
7008.640000 0.105702 0
7012.000000 0.092104 0
7015.360000 0.093214 0
7018.720000 0.124189 0
7022.080000 0.107025 0
7025.440000 0.106980 0
7028.800000 0.108515 0
7032.160000 0.109714 0
7035.520000 0.134114 0
7038.880000 0.116091 0
7042.240000 0.096667 0
7045.600000 0.079341 0
7048.960000 0.102147 0
7052.320000 0.117143 0
7055.680000 0.098609 0
7059.040000 0.097252 0
7062.400000 0.117241 0
7065.760000 0.086169 0
7069.120000 0.107435 0
7072.480000 0.103996 0
7075.840000 0.089791 0
7079.200000 0.099214 0
7082.560000 0.100338 0
7085.920000 0.095805 0
7089.280000 0.108015 0
7092.640000 0.103789 0
7096.000000 0.105829 0
7099.360000 0.088916 0
7102.720000 0.101002 0
7106.080000 0.103933 0
7109.440000 0.099691 0
7112.800000 0.110339 0
7116.160000 0.106602 0
7119.520000 0.104973 0
7122.880000 0.109305 0
7126.240000 0.117772 0
7129.600000 0.093681 0
7132.960000 0.104832 0
7136.320000 0.119318 0
7139.680000 0.120416 0
7143.040000 0.106518 0
7146.400000 0.113228 0
7149.760000 0.106319 0
7153.120000 0.109217 0
7156.480000 0.104877 0
7159.840000 0.112590 0
7163.200000 0.092629 0
7166.560000 0.097900 0
7169.920000 0.096942 0
7173.280000 0.096681 0
7176.640000 0.110941 0
7180.000000 0.086403 0
7183.360000 0.095104 0
7186.720000 0.100972 0
7190.080000 0.104267 0
7193.440000 0.113293 0
7196.800000 0.091547 0
7200.160000 0.099269 0
7203.520000 0.104304 0
7206.880000 0.086037 0
7210.240000 0.104324 0
7213.600000 0.120447 0
7216.960000 0.109618 0
7220.320000 0.102235 0
7223.680000 0.113536 0
7227.040000 0.093866 0
7230.400000 0.114598 0
7233.760000 0.106026 0
7237.120000 0.082520 0
7240.480000 0.050091 0
7243.840000 0.125200 0
7247.200000 0.131507 0
7250.560000 0.122066 0
7253.920000 0.093804 0
7257.280000 0.103449 0
7260.640000 0.089650 0
7264.000000 0.108600 0
7267.360000 0.110296 0
7270.720000 0.080823 0
7274.080000 0.074058 0
7277.440000 0.091737 0
7280.800000 0.087038 0
7284.160000 0.064699 0
7287.520000 0.094256 0
7290.880000 0.086944 0
7294.240000 0.093065 0
7297.600000 0.100672 0
7300.960000 0.091934 0
7304.320000 0.139769 0
7307.680000 0.126339 0
7311.040000 0.111074 0
7314.400000 0.098970 0
7317.760000 0.124536 0
7321.120000 0.116959 0
7324.480000 0.133288 0
7327.840000 0.110463 0
7331.200000 0.102656 0
7334.560000 0.090388 0
7337.920000 0.154853 0
7341.280000 0.125158 0
7344.640000 0.133894 0
7348.000000 0.117255 0
7351.360000 0.109513 0
7354.720000 0.082443 0
7358.080000 0.084279 0
7361.440000 0.112501 0
7364.800000 0.102807 0
7368.160000 0.142686 0
7371.520000 0.077249 0
7374.880000 0.069459 0
7378.240000 0.114844 0
7381.600000 0.104763 0
7384.960000 0.117186 0
7388.320000 0.117692 0
7391.680000 0.097043 0
7395.040000 0.096231 0
7398.400000 0.082220 0
7401.760000 0.128951 0
7405.120000 0.106367 0
7408.480000 0.094804 0
7411.840000 0.116761 0
7415.200000 0.107037 0
7418.560000 0.123074 0
7421.920000 0.097679 0
7425.280000 0.105742 0
7428.640000 0.105656 0
7432.000000 0.086346 0
7435.360000 0.110626 0
7438.720000 0.113375 0
7442.080000 0.092905 0
7445.440000 0.074825 0
7448.800000 0.112056 0
7452.160000 0.121378 0
7455.520000 0.126400 0
7458.880000 0.111718 0
7462.240000 0.127515 0
7465.600000 0.117685 0
7468.960000 0.096830 0
7472.320000 0.115299 0
7475.680000 0.126248 0
7479.040000 0.104055 0
7482.400000 0.084204 0
7485.760000 0.112500 0
7489.120000 0.068007 0
7492.480000 0.092622 0
7495.840000 0.102898 0
7499.200000 0.078132 0
7502.560000 0.104035 0
7505.920000 0.104166 0
7509.280000 0.103973 0
7512.640000 0.107910 0
7516.000000 0.100847 0
7519.360000 0.117330 0
7522.720000 0.078243 0
7526.080000 0.094965 0
7529.440000 0.106454 0
7532.800000 0.102514 0
7536.160000 0.093854 0
7539.520000 0.103474 0
7542.880000 0.109767 0
7546.240000 0.107856 0
7549.600000 0.093937 0
7552.960000 0.107671 0
7556.320000 0.116561 0
7559.680000 0.100557 0
7563.040000 0.130982 0
7566.400000 0.117863 0
7569.760000 0.092844 0
7573.120000 0.100549 0
7576.480000 0.084633 0
7579.840000 0.099336 0
7583.200000 0.112603 0
7586.560000 0.105451 0
7589.920000 0.114673 0
7593.280000 0.101973 0
7596.640000 0.087900 0
7600.000000 0.074973 0
7603.360000 0.055055 0
7606.720000 0.093821 0
7610.080000 0.097645 0
7613.440000 0.128341 0
7616.800000 0.126690 0
7620.160000 0.132329 0
7623.520000 0.104913 0
7626.880000 0.107587 0
7630.240000 0.112553 0
7633.600000 0.106149 0
7636.960000 0.123140 0
7640.320000 0.077150 0
7643.680000 0.114105 0
7647.040000 0.101954 0
7650.400000 0.085722 0
7653.760000 0.083400 0
7657.120000 0.115725 0
7660.480000 0.113414 0
7663.840000 0.095930 0
7667.200000 0.099238 0
7670.560000 0.092889 0
7673.920000 0.090776 0
7677.280000 0.094039 0
7680.640000 0.090930 0
7684.000000 0.114674 0
7687.360000 0.108772 0
7690.720000 0.122497 0
7694.080000 0.095295 0
7697.440000 0.085266 0
7700.800000 0.083178 0
7704.160000 0.107624 0
7707.520000 0.092403 0
7710.880000 0.132133 0
7714.240000 0.121145 0
7717.600000 0.063403 0
7720.960000 0.098073 0
7724.320000 0.062688 0
7727.680000 0.092440 0
7731.040000 0.098640 0
7734.400000 0.090053 0
7737.760000 0.093437 0
7741.120000 0.094631 0
7744.480000 0.126860 0
7747.840000 0.064802 0
7751.200000 0.107442 0
7754.560000 0.115173 0
7757.920000 0.050634 0
7761.280000 0.094686 0
7764.640000 0.100813 0
7768.000000 0.090671 0
7771.360000 0.099445 0
7774.720000 0.089763 0
7778.080000 0.096642 0
7781.440000 0.092423 0
7784.800000 0.113930 0
7788.160000 0.116176 0
7791.520000 0.091151 0
7794.880000 0.103106 0
7798.240000 0.095091 0
7801.600000 0.078690 0
7804.960000 0.069209 0
7808.320000 0.088830 0
7811.680000 0.096459 0
7815.040000 0.101320 0
7818.400000 0.123507 0
7821.760000 0.125308 0
7825.120000 0.103538 0
7828.480000 0.052131 0
7831.840000 0.114942 0
7835.200000 0.108357 0
7838.560000 0.100084 0
7841.920000 0.093272 0
7845.280000 0.129727 0
7848.640000 0.102094 0
7852.000000 0.106471 0
7855.360000 0.150157 0
7858.720000 0.088029 0
7862.080000 0.122221 0
7865.440000 0.071799 0
7868.800000 0.079297 0
7872.160000 0.099583 0
7875.520000 0.072991 0
7878.880000 0.070064 0
7882.240000 0.081529 0
7885.600000 0.100950 0
7888.960000 0.090208 0
7892.320000 0.120077 0
7895.680000 0.116742 0
7899.040000 0.107196 0
7902.400000 0.112283 0
7905.760000 0.115361 0
7909.120000 0.113856 0
7912.480000 0.079091 0
7915.840000 0.088001 0
7919.200000 0.065984 0
7922.560000 0.049008 0
7925.920000 0.096452 0
7929.280000 0.097421 0
7932.640000 0.069327 0
7936.000000 0.112170 0
7939.360000 0.101178 0
7942.720000 0.115517 0
7946.080000 0.126983 0
7949.440000 0.102879 0
7952.800000 0.100794 0
7956.160000 0.087085 0
7959.520000 0.126869 0
7962.880000 0.118467 0
7966.240000 0.099060 0
7969.600000 0.068242 0
7972.960000 0.087049 0
7976.320000 0.115731 0
7979.680000 0.093120 0
7983.040000 0.122109 0
7986.400000 0.144589 0
7989.760000 0.118918 0
7993.120000 0.072422 0
7996.480000 0.075979 0
7999.840000 0.090146 0
8003.200000 0.121702 0
8006.560000 0.092332 0
8009.920000 0.101868 0
8013.280000 0.112604 0
8016.640000 0.102589 0
8020.000000 0.104598 0
8023.360000 0.089934 0
8026.720000 0.118652 0
8030.080000 0.085919 0
8033.440000 0.079250 0
8036.800000 0.104748 0
8040.160000 0.110238 0
8043.520000 0.092479 0
8046.880000 0.138503 0
8050.240000 0.098349 0
8053.600000 0.137157 0
8056.960000 0.128349 0
8060.320000 0.158066 0
8063.680000 0.129378 0
8067.040000 0.102867 0
8070.400000 0.110546 0
8073.760000 0.096634 0
8077.120000 0.112801 0
8080.480000 0.107368 0
8083.840000 0.108880 0
8087.200000 0.120751 0
8090.560000 0.103018 0
8093.920000 0.104226 0
8097.280000 0.094528 0
8100.640000 0.084829 0
8104.000000 0.115044 0
8107.360000 0.119020 0
8110.720000 0.108493 0
8114.080000 0.113269 0
8117.440000 0.109343 0
8120.800000 0.100608 0
8124.160000 0.105034 0
8127.520000 0.100727 0
8130.880000 0.118662 0
8134.240000 0.111590 0
8137.600000 0.112060 0
8140.960000 0.110903 0
8144.320000 0.122776 0
8147.680000 0.117860 0
8151.040000 0.107546 0
8154.400000 0.105439 0
8157.760000 0.101119 0
8161.120000 0.110833 0
8164.480000 0.120938 0
8167.840000 0.122475 0
8171.200000 0.104489 0
8174.560000 0.094638 0
8177.920000 0.094655 0
8181.280000 0.096416 0
8184.640000 0.113002 0
8188.000000 0.123978 0
8191.360000 0.104455 0
8194.720000 0.111985 0
8198.080000 0.084977 0
8201.440000 0.086354 0
8204.800000 0.114545 0
8208.160000 0.092146 0
8211.520000 0.108996 0
8214.880000 0.122259 0
8218.240000 0.104634 0
8221.600000 0.116335 0
8224.960000 0.105692 0
8228.320000 0.086196 0
8231.680000 0.092819 0
8235.040000 0.112328 0
8238.400000 0.108696 0
8241.760000 0.088608 0
8245.120000 0.102906 0
8248.480000 0.103815 0
8251.840000 0.093261 0
8255.200000 0.105842 0
8258.560000 0.117927 0
8261.920000 0.117570 0
8265.280000 0.102710 0
8268.640000 0.101943 0
8272.000000 0.073580 0
8275.360000 0.087561 0
8278.720000 0.118452 0
8282.080000 0.084719 0
8285.440000 0.118413 0
8288.800000 0.119138 0
8292.160000 0.068741 0
8295.520000 0.117223 0
8298.880000 0.181812 0
8302.240000 0.109373 0
8305.600000 0.121098 0
8308.960000 0.088051 0
8312.320000 0.127729 0
8315.680000 0.087019 0
8319.040000 0.100580 0
8322.400000 0.123914 0
8325.760000 0.117312 0
8329.120000 0.100166 0
8332.480000 0.115581 0
8335.840000 0.057202 0
8339.200000 0.039212 0
8342.560000 0.084426 0
8345.920000 0.101654 0
8349.280000 0.082756 0
8352.640000 0.143193 0
8356.000000 0.077037 0
8359.360000 0.085271 0
8362.720000 0.123677 0
8366.080000 0.111403 0
8369.440000 0.131142 0
8372.800000 0.107440 0
8376.160000 0.090157 0
8379.520000 0.101739 0
8382.880000 0.095678 0
8386.240000 0.147515 0
8389.600000 0.104731 0
8392.960000 0.087164 0
8396.320000 0.144120 0
8399.680000 0.119719 0
8403.040000 0.123826 0
8406.400000 0.079769 0
8409.760000 0.132312 0
8413.120000 0.124674 0
8416.480000 0.125060 0
8419.840000 0.094418 0
8423.200000 0.069140 0
8426.560000 0.092540 0
8429.920000 0.167624 0
8433.280000 0.145027 0
8436.640000 0.109973 0
8440.000000 0.117064 0
8443.360000 0.125193 0
8446.720000 0.123841 0
8450.080000 0.111968 0
8453.440000 0.083443 0
8456.800000 0.063373 0
8460.160000 0.050163 0
8463.520000 0.058910 0
8466.880000 0.129000 0
8470.240000 0.142060 0
8473.600000 0.114851 0
8476.960000 0.124958 0
8480.320000 0.132709 0
8483.680000 0.099016 0
8487.040000 0.084058 0
8490.400000 0.088323 0
8493.760000 0.120723 0
8497.120000 0.132901 0
8500.480000 0.087974 0
8503.840000 0.084805 0
8507.200000 0.113798 0
8510.560000 0.125960 0
8513.920000 0.108485 0
8517.280000 0.114860 0
8520.640000 0.127559 0
8524.000000 0.113328 0
8527.360000 0.089515 0
8530.720000 0.085011 0
8534.080000 0.102933 0
8537.440000 0.118189 0
8540.800000 0.109007 0
8544.160000 0.120322 0
8547.520000 0.128305 0
8550.880000 0.101797 0
8554.240000 0.112404 0
8557.600000 0.086035 0
8560.960000 0.117420 0
8564.320000 0.110335 0
8567.680000 0.103574 0
8571.040000 0.114893 0
8574.400000 0.109842 0
8577.760000 0.102212 0
8581.120000 0.112286 0
8584.480000 0.125617 0
8587.840000 0.097392 0
8591.200000 0.087197 0
8594.560000 0.120666 0
8597.920000 0.122468 0
8601.280000 0.112900 0
8604.640000 0.104203 0
8608.000000 0.092639 0
8611.360000 0.071311 0
8614.720000 0.069100 0
8618.080000 0.087560 0
8621.440000 0.118536 0
8624.800000 0.103054 0
8628.160000 0.082808 0
8631.520000 0.108899 0
8634.880000 0.107779 0
8638.240000 0.114213 0
8641.600000 0.105551 0
8644.960000 0.107332 0
8648.320000 0.127338 0
8651.680000 0.115180 0
8655.040000 0.132872 0
8658.400000 0.117354 0
8661.760000 0.119702 0
8665.120000 0.112054 0
8668.480000 0.136710 0
8671.840000 0.087418 0
8675.200000 0.083507 0
8678.560000 0.105447 0
8681.920000 0.073094 0
8685.280000 0.129654 0
8688.640000 0.111858 0
8692.000000 0.103141 0
8695.360000 0.088567 0
8698.720000 0.090925 0
8702.080000 0.123198 0
8705.440000 0.106881 0
8708.800000 0.103737 0
8712.160000 0.123081 0
8715.520000 0.086283 0
8718.880000 0.072920 0
8722.240000 0.127286 0
8725.600000 0.126945 0
8728.960000 0.098726 0
8732.320000 0.085664 0
8735.680000 0.128925 0
8739.040000 0.114889 0
8742.400000 0.116443 0
8745.760000 0.140887 0
8749.120000 0.097508 0
8752.480000 0.018979 0
8755.840000 0.074740 0
8759.200000 0.065424 0
8762.560000 0.010296 0
8765.920000 0.035151 0
8769.280000 0.158029 0
8772.640000 0.137024 0
8776.000000 0.090441 0
8779.360000 0.157310 0
8782.720000 0.220461 0
8786.080000 0.155469 0
8789.440000 0.116020 0
8792.800000 0.066008 0
8796.160000 0.135940 0
8799.520000 0.128716 0
8802.880000 0.098283 0
8806.240000 0.085191 0
8809.600000 0.101220 0
8812.960000 0.117220 0
8816.320000 0.096327 0
8819.680000 -0.134367 0
8823.040000 -0.024598 0
8826.400000 0.077270 0
8829.760000 0.053343 0
8833.120000 0.213301 0
8836.480000 0.163152 0
8839.840000 0.142183 0
8843.200000 0.144548 0
8846.560000 0.137544 0
8849.920000 0.122326 0
8853.280000 0.099669 0
8856.640000 0.058244 0
8860.000000 0.086243 0
8863.360000 0.072698 0
8866.720000 0.096625 0
8870.080000 0.148452 0
8873.440000 0.111858 0
8876.800000 0.064513 0
8880.160000 0.096768 0
8883.520000 0.142855 0
8886.880000 0.105402 0
8890.240000 0.165159 0
8893.600000 0.094942 0
8896.960000 0.098755 0
8900.320000 0.026199 0
8903.680000 0.087995 0
8907.040000 0.228916 0
8910.400000 0.035769 0
8913.760000 -0.039073 0
8917.120000 0.037047 0
8920.480000 0.194538 0
8923.840000 0.173072 0
8927.200000 0.190939 0
8930.560000 0.087623 0
8933.920000 0.109937 0
8937.280000 0.082621 0
8940.640000 0.113954 0
8944.000000 0.086750 0
8947.360000 0.122958 0
8950.720000 0.070672 0
8954.080000 0.092191 0
8957.440000 0.108931 0
8960.800000 0.178511 0
8964.160000 0.168084 0
8967.520000 0.095221 0
8970.880000 0.081981 0
8974.240000 0.068690 0
8977.600000 0.077929 0
8980.960000 0.095770 0
8984.320000 0.077162 0
8987.680000 0.065156 0
8991.040000 0.078903 0
8994.400000 0.089421 0
8997.760000 0.119715 0
9001.120000 0.068926 0
9004.480000 0.141475 0
9007.840000 0.142995 0
9011.200000 0.110180 0
9014.560000 0.115678 0
9017.920000 0.096683 0
9021.280000 0.106060 0
9024.640000 0.109275 0
9028.000000 0.092070 0
9031.360000 0.112096 0
9034.720000 0.126839 0
9038.080000 0.076634 0
9041.440000 0.057080 0
9044.800000 0.057561 0
9048.160000 0.104752 0
9051.520000 0.134478 0
9054.880000 0.124695 0
9058.240000 0.086063 0
9061.600000 0.100780 0
9064.960000 0.095210 0
9068.320000 0.105242 0
9071.680000 0.093940 0
9075.040000 0.104524 0
9078.400000 0.104205 0
9081.760000 0.129859 0
9085.120000 0.108951 0
9088.480000 0.132769 0
9091.840000 0.132813 0
9095.200000 0.111929 0
9098.560000 0.108208 0
9101.920000 0.161811 0
9105.280000 0.099208 0
9108.640000 0.116447 0
9112.000000 0.116417 0
9115.360000 0.108810 0
9118.720000 0.105407 0
9122.080000 0.108339 0
9125.440000 0.096616 0
9128.800000 0.084584 0
9132.160000 0.100759 0
9135.520000 0.112873 0
9138.880000 0.122280 0
9142.240000 0.118272 0
9145.600000 0.091932 0
9148.960000 0.112752 0
9152.320000 0.094697 0
9155.680000 0.105882 0
9159.040000 0.110227 0
9162.400000 0.079394 0
9165.760000 0.101683 0
9169.120000 0.086408 0
9172.480000 0.067766 0
9175.840000 0.101531 0
9179.200000 0.093039 0
9182.560000 0.099999 0
9185.920000 0.134912 0
9189.280000 0.117537 0
9192.640000 0.092473 0
9196.000000 0.099927 0
9199.360000 0.092458 0
9202.720000 0.084663 0
9206.080000 0.112401 0
9209.440000 0.102965 0
9212.800000 0.085910 0
9216.160000 0.090562 0
9219.520000 0.105182 0
9222.880000 0.129889 0
9226.240000 0.088580 0
9229.600000 0.090955 0
9232.960000 0.098570 0
9236.320000 0.118792 0
9239.680000 0.097522 0
9243.040000 0.146009 0
9246.400000 0.120516 0
9249.760000 0.108976 0
