# obs: 255754-58fits
# slit: 15
# z: -1.00000
# lines: not in catalog
# spec: 251
4451.680176 0.000000 1
4455.040176 0.000000 1
4458.400176 0.000000 1
4461.760176 0.000000 1
4465.120176 0.000000 1
4468.480176 0.000000 1
4471.840176 0.000000 1
4475.200176 0.000000 1
4478.560176 0.000000 1
4481.920176 0.000000 1
4485.280176 0.000000 1
4488.640176 0.000000 1
4492.000176 0.000000 1
4495.360176 0.000000 1
4498.720176 0.017611 0
4502.080176 0.033564 0
4505.440176 0.036119 0
4508.800176 0.028341 0
4512.160176 0.032666 0
4515.520176 0.035044 0
4518.880176 0.037880 0
4522.240176 0.033622 0
4525.600176 0.024759 0
4528.960176 0.026567 0
4532.320176 0.037453 0
4535.680176 0.032238 0
4539.040176 0.031556 0
4542.400176 0.030480 0
4545.760176 0.021617 0
4549.120176 0.043722 0
4552.480176 0.030454 0
4555.840176 0.031806 0
4559.200176 0.037003 0
4562.560176 0.032792 0
4565.920176 0.044824 0
4569.280176 0.031166 0
4572.640176 0.027028 0
4576.000176 0.035248 0
4579.360176 0.035463 0
4582.720176 0.035318 0
4586.080176 0.034036 0
4589.440176 0.030162 0
4592.800176 0.034815 0
4596.160176 0.024343 0
4599.520176 0.022861 0
4602.880176 0.034930 0
4606.240176 0.034495 0
4609.600176 0.025784 0
4612.960176 0.035648 0
4616.320176 0.034755 0
4619.680176 0.037494 0
4623.040176 0.028979 0
4626.400176 0.027394 0
4629.760176 0.030924 0
4633.120176 0.028362 0
4636.480176 0.030667 0
4639.840176 0.027678 0
4643.200176 0.032259 0
4646.560176 0.029518 0
4649.920176 0.031785 0
4653.280176 0.030993 0
4656.640176 0.027990 0
4660.000176 0.032540 0
4663.360176 0.023221 0
4666.720176 0.026455 0
4670.080176 0.036721 0
4673.440176 0.038641 0
4676.800176 0.036723 0
4680.160176 0.020760 0
4683.520176 0.029666 0
4686.880176 0.040997 0
4690.240176 0.033003 0
4693.600176 0.035014 0
4696.960176 0.033654 0
4700.320176 0.037978 0
4703.680176 0.020956 0
4707.040176 0.037174 0
4710.400176 0.045137 0
4713.760176 0.033557 0
4717.120176 0.031010 0
4720.480176 0.028407 0
4723.840176 0.035417 0
4727.200176 0.039964 0
4730.560176 0.035758 0
4733.920176 0.036005 0
4737.280176 0.036472 0
4740.640176 0.027796 0
4744.000176 0.030267 0
4747.360176 0.030354 0
4750.720176 0.043055 0
4754.080176 0.034240 0
4757.440176 0.032718 0
4760.800176 0.037708 0
4764.160176 0.040136 0
4767.520176 0.037187 0
4770.880176 0.037257 0
4774.240176 0.033826 0
4777.600176 0.035669 0
4780.960176 0.041067 0
4784.320176 0.039997 0
4787.680176 0.037456 0
4791.040176 0.027079 0
4794.400176 0.026725 0
4797.760176 0.038264 0
4801.120176 0.042709 0
4804.480176 0.037132 0
4807.840176 0.043159 0
4811.200176 0.037457 0
4814.560176 0.034445 0
4817.920176 0.039946 0
4821.280176 0.040285 0
4824.640176 0.038975 0
4828.000176 0.034442 0
4831.360176 0.035608 0
4834.720176 0.038936 0
4838.080176 0.043889 0
4841.440176 0.022607 0
4844.800176 0.035004 0
4848.160176 0.040459 0
4851.520176 0.037999 0
4854.880176 0.046926 0
4858.240176 0.039868 0
4861.600176 0.034013 0
4864.960176 0.030234 0
4868.320176 0.031552 0
4871.680176 0.034677 0
4875.040176 0.035098 0
4878.400176 0.036943 0
4881.760176 0.042716 0
4885.120176 0.039239 0
4888.480176 0.033438 0
4891.840176 0.036250 0
4895.200176 0.036642 0
4898.560176 0.030092 0
4901.920176 0.028337 0
4905.280176 0.037680 0
4908.640176 0.030547 0
4912.000176 0.026716 0
4915.360176 0.033909 0
4918.720176 0.040597 0
4922.080176 0.031096 0
4925.440176 0.032491 0
4928.800176 0.027882 0
4932.160176 0.040432 0
4935.520176 0.037729 0
4938.880176 0.036174 0
4942.240176 0.035525 0
4945.600176 0.042872 0
4948.960176 0.046094 0
4952.320176 0.039935 0
4955.680176 0.039645 0
4959.040176 0.032701 0
4962.400176 0.031416 0
4965.760176 0.034304 0
4969.120176 0.038678 0
4972.480176 0.039382 0
4975.840176 0.040207 0
4979.200176 0.034645 0
4982.560176 0.038138 0
4985.920176 0.029911 0
4989.280176 0.038688 0
4992.640176 0.033949 0
4996.000176 0.035104 0
4999.360176 0.040312 0
5002.720176 0.037236 0
5006.080176 0.031667 0
5009.440176 0.038479 0
5012.800176 0.039282 0
5016.160176 0.035729 0
5019.520176 0.033148 0
5022.880176 0.036091 0
5026.240176 0.033187 0
5029.600176 0.030520 0
5032.960176 0.033844 0
5036.320176 0.039500 0
5039.680176 0.030421 0
5043.040176 0.038040 0
5046.400176 0.040332 0
5049.760176 0.035827 0
5053.120176 0.038327 0
5056.480176 0.033086 0
5059.840176 0.039267 0
5063.200176 0.041775 0
5066.560176 0.035432 0
5069.920176 0.034621 0
5073.280176 0.036797 0
5076.640176 0.033427 0
5080.000176 0.039064 0
5083.360176 0.038121 0
5086.720176 0.036146 0
5090.080176 0.034217 0
5093.440176 0.028379 0
5096.800176 0.035765 0
5100.160176 0.032623 0
5103.520176 0.035300 0
5106.880176 0.029678 0
5110.240176 0.032216 0
5113.600176 0.019526 0
5116.960176 0.038176 0
5120.320176 0.036950 0
5123.680176 0.032799 0
5127.040176 0.029028 0
5130.400176 0.038939 0
5133.760176 0.039856 0
5137.120176 0.031583 0
5140.480176 0.029240 0
5143.840176 0.038763 0
5147.200176 0.040562 0
5150.560176 0.038496 0
5153.920176 0.031997 0
5157.280176 0.034095 0
5160.640176 0.034642 0
5164.000176 0.040304 0
5167.360176 0.037958 0
5170.720176 0.020767 0
5174.080176 0.025887 0
5177.440176 0.030040 0
5180.800176 0.033286 0
5184.160176 0.037282 0
5187.520176 0.026926 0
5190.880176 0.028163 0
5194.240176 0.033011 0
5197.600176 0.035794 0
5200.960176 0.028618 0
5204.320176 0.040901 0
5207.680176 0.036739 0
5211.040176 0.032002 0
5214.400176 0.032937 0
5217.760176 0.041030 0
5221.120176 0.037066 0
5224.480176 0.036612 0
5227.840176 0.037538 0
5231.200176 0.037452 0
5234.560176 0.037615 0
5237.920176 0.030297 0
5241.280176 0.040364 0
5244.640176 0.038025 0
5248.000176 0.040309 0
5251.360176 0.034838 0
5254.720176 0.034546 0
5258.080176 0.035748 0
5261.440176 0.040032 0
5264.800176 0.038833 0
5268.160176 0.037660 0
5271.520176 0.035509 0
5274.880176 0.035904 0
5278.240176 0.039442 0
5281.600176 0.030122 0
5284.960176 0.036805 0
5288.320176 0.037396 0
5291.680176 0.043270 0
5295.040176 0.042633 0
5298.400176 0.035528 0
5301.760176 0.036100 0
5305.120176 0.044338 0
5308.480176 0.036315 0
5311.840176 0.031631 0
5315.200176 0.041589 0
5318.560176 0.033243 0
5321.920176 0.044666 0
5325.280176 0.042066 0
5328.640176 0.043058 0
5332.000176 0.033894 0
5335.360176 0.037854 0
5338.720176 0.037117 0
5342.080176 0.039269 0
5345.440176 0.040049 0
5348.800176 0.029133 0
5352.160176 0.039431 0
5355.520176 0.043637 0
5358.880176 0.038628 0
5362.240176 0.038568 0
5365.600176 0.044257 0
5368.960176 0.036749 0
5372.320176 0.033874 0
5375.680176 0.032184 0
5379.040176 0.035794 0
5382.400176 0.040598 0
5385.760176 0.043963 0
5389.120176 0.044868 0
5392.480176 0.040865 0
5395.840176 0.029530 0
5399.200176 0.038182 0
5402.560176 0.033116 0
5405.920176 0.035843 0
5409.280176 0.046751 0
5412.640176 0.039350 0
5416.000176 0.041565 0
5419.360176 0.032288 0
5422.720176 0.036038 0
5426.080176 0.040157 0
5429.440176 0.042805 0
5432.800176 0.034128 0
5436.160176 0.036652 0
5439.520176 0.043939 0
5442.880176 0.044853 0
5446.240176 0.039606 0
5449.600176 0.037470 0
5452.960176 0.041593 0
5456.320176 0.042486 0
5459.680176 0.034630 0
5463.040176 0.039710 0
5466.400176 0.043794 0
5469.760176 0.043860 0
5473.120176 0.038995 0
5476.480176 0.037145 0
5479.840176 0.033124 0
5483.200176 0.039716 0
5486.560176 0.045004 0
5489.920176 0.038489 0
5493.280176 0.038698 0
5496.640176 0.045202 0
5500.000176 0.036246 0
5503.360176 0.033276 0
5506.720176 0.045414 0
5510.080176 0.037135 0
5513.440176 0.037423 0
5516.800176 0.044201 0
5520.160176 0.038651 0
5523.520176 0.028843 0
5526.880176 0.035617 0
5530.240176 0.040980 0
5533.600176 0.038409 0
5536.960176 0.036934 0
5540.320176 0.033336 0
5543.680176 0.045684 0
5547.040176 0.046574 0
5550.400176 0.032098 0
5553.760176 0.037917 0
5557.120176 0.044910 0
5560.480176 0.034225 1
5563.840176 0.034323 1
5567.200176 0.037647 1
5570.560176 0.001824 1
5573.920176 -0.127356 1
5577.280176 0.033567 1
5580.640176 0.036133 1
5584.000176 0.306461 1
5587.360176 0.038856 1
5590.720176 0.044603 1
5594.080176 0.047403 1
5597.440176 0.040656 0
5600.800176 0.044026 0
5604.160176 0.048367 0
5607.520176 0.038785 0
5610.880176 0.041349 0
5614.240176 0.040319 0
5617.600176 0.039681 0
5620.960176 0.039170 0
5624.320176 0.045555 0
5627.680176 0.036275 0
5631.040176 0.040421 0
5634.400176 0.046252 0
5637.760176 0.039005 0
5641.120176 0.045215 0
5644.480176 0.044517 0
5647.840176 0.044876 0
5651.200176 0.046664 0
5654.560176 0.039067 0
5657.920176 0.033931 0
5661.280176 0.041348 0
5664.640176 0.050227 0
5668.000176 0.029154 0
5671.360176 0.038494 0
5674.720176 0.047359 0
5678.080176 0.041581 0
5681.440176 0.044152 0
5684.800176 0.043540 0
5688.160176 0.047818 0
5691.520176 0.042763 0
5694.880176 0.040056 0
5698.240176 0.042586 0
5701.600176 0.049144 0
5704.960176 0.040604 0
5708.320176 0.040036 0
5711.680176 0.041785 0
5715.040176 0.039483 0
5718.400176 0.043475 0
5721.760176 0.048348 0
5725.120176 0.038944 0
5728.480176 0.042610 0
5731.840176 0.043549 0
5735.200176 0.040573 0
5738.560176 0.035719 0
5741.920176 0.031465 0
5745.280176 0.035203 0
5748.640176 0.043612 0
5752.000176 0.046069 0
5755.360176 0.042968 0
5758.720176 0.044156 0
5762.080176 0.046760 0
5765.440176 0.038700 0
5768.800176 0.042587 0
5772.160176 0.039563 0
5775.520176 0.037131 0
5778.880176 0.036584 0
5782.240176 0.039200 0
5785.600176 0.039656 0
5788.960176 0.042386 0
5792.320176 0.043824 0
5795.680176 0.033272 0
5799.040176 0.039902 0
5802.400176 0.047721 0
5805.760176 0.050794 0
5809.120176 0.039751 0
5812.480176 0.042009 0
5815.840176 0.038139 0
5819.200176 0.035070 0
5822.560176 0.037803 0
5825.920176 0.039018 0
5829.280176 0.039197 0
5832.640176 0.045523 0
5836.000176 0.044158 0
5839.360176 0.047415 0
5842.720176 0.032568 0
5846.080176 0.045551 0
5849.440176 0.051237 0
5852.800176 0.041509 0
5856.160176 0.045759 0
5859.520176 0.049303 0
5862.880176 0.042300 0
5866.240176 0.047548 0
5869.600176 0.047503 0
5872.960176 0.042689 0
5876.320176 0.051406 0
5879.680176 0.046989 0
5883.040176 0.050651 0
5886.400176 0.049441 0
5889.760176 0.041964 0
5893.120176 0.024261 0
5896.480176 0.036344 0
5899.840176 0.045359 0
5903.200176 0.035962 0
5906.560176 0.047892 0
5909.920176 0.047596 0
5913.280176 0.045255 0
5916.640176 0.036736 0
5920.000176 0.054848 0
5923.360176 0.041177 0
5926.720176 0.055104 0
5930.080176 0.048199 0
5933.440176 0.046154 0
5936.800176 0.043502 0
5940.160176 0.053183 0
5943.520176 0.050301 0
5946.880176 0.046411 0
5950.240176 0.052602 0
5953.600176 0.044904 0
5956.960176 0.042084 0
5960.320176 0.038492 0
5963.680176 0.055241 0
5967.040176 0.045539 0
5970.400176 0.047795 0
5973.760176 0.047744 0
5977.120176 0.046524 0
5980.480176 0.049509 0
5983.840176 0.048779 0
5987.200176 0.052047 0
5990.560176 0.041947 0
5993.920176 0.039166 0
5997.280176 0.036629 0
6000.640176 0.048278 0
6004.000176 0.052513 0
6007.360176 0.043964 0
6010.720176 0.037469 0
6014.080176 0.045668 0
6017.440176 0.041400 0
6020.800176 0.045903 0
6024.160176 0.044770 0
6027.520176 0.043154 0
6030.880176 0.052913 0
6034.240176 0.038020 0
6037.600176 0.039565 0
6040.960176 0.038955 0
6044.320176 0.042933 0
6047.680176 0.048116 0
6051.040176 0.040372 0
6054.400176 0.038719 0
6057.760176 0.047798 0
6061.120176 0.054289 0
6064.480176 0.046958 0
6067.840176 0.047703 0
6071.200176 0.038284 0
6074.560176 0.038847 0
6077.920176 0.041490 0
6081.280176 0.034741 0
6084.640176 0.033460 0
6088.000176 0.038192 0
6091.360176 0.041867 0
6094.720176 0.039265 0
6098.080176 0.032043 0
6101.440176 0.036240 0
6104.800176 0.042477 0
6108.160176 0.037533 0
6111.520176 0.045132 0
6114.880176 0.048046 0
6118.240176 0.042512 0
6121.600176 0.041064 0
6124.960176 0.035933 0
6128.320176 0.037212 0
6131.680176 0.031896 0
6135.040176 0.035654 0
6138.400176 0.052443 0
6141.760176 0.043295 0
6145.120176 0.033980 0
6148.480176 0.043510 0
6151.840176 0.051512 0
6155.200176 0.041227 0
6158.560176 0.035769 0
6161.920176 0.032257 0
6165.280176 0.040283 0
6168.640176 0.040416 0
6172.000176 0.039814 0
6175.360176 0.037934 0
6178.720176 0.036410 0
6182.080176 0.043787 0
6185.440176 0.031916 0
6188.800176 0.031427 0
6192.160176 0.044334 0
6195.520176 0.048040 0
6198.880176 0.037671 0
6202.240176 0.042916 0
6205.600176 0.046882 0
6208.960176 0.040375 0
6212.320176 0.042454 0
6215.680176 0.039141 0
6219.040176 0.049169 0
6222.400176 0.039416 0
6225.760176 0.042486 0
6229.120176 0.049350 0
6232.480176 0.044955 0
6235.840176 0.044305 0
6239.200176 0.037132 0
6242.560176 0.046181 0
6245.920176 0.032882 0
6249.280176 0.035297 0
6252.640176 0.042296 0
6256.000176 0.044824 0
6259.360176 0.034440 0
6262.720176 0.038056 0
6266.080176 0.045509 0
6269.440176 0.043752 0
6272.800176 0.043856 0
6276.160176 0.045130 0
6279.520176 0.035854 0
6282.880176 0.044049 0
6286.240176 0.036777 0
6289.600176 0.046797 0
6292.960176 0.027236 0
6296.320176 0.049974 0
6299.680176 0.024340 0
6303.040176 0.046215 0
6306.400176 0.037753 0
6309.760176 0.031748 0
6313.120176 0.039071 0
6316.480176 0.045404 0
6319.840176 0.043208 0
6323.200176 0.046805 0
6326.560176 0.053873 0
6329.920176 0.040641 0
6333.280176 0.046710 0
6336.640176 0.031155 0
6340.000176 0.031355 0
6343.360176 0.040760 0
6346.720176 0.043357 0
6350.080176 0.053963 0
6353.440176 0.032800 0
6356.800176 0.038958 0
6360.160176 0.039472 0
6363.520176 0.042662 0
6366.880176 0.048930 0
6370.240176 0.049940 0
6373.600176 0.036889 0
6376.960176 0.039217 0
6380.320176 0.049027 0
6383.680176 0.043170 0
6387.040176 0.040046 0
6390.400176 0.037989 0
6393.760176 0.044844 0
6397.120176 0.035332 0
6400.480176 0.039942 0
6403.840176 0.031277 0
6407.200176 0.039851 0
6410.560176 0.044074 0
6413.920176 0.043179 0
6417.280176 0.035218 0
6420.640176 0.038836 0
6424.000176 0.038177 0
6427.360176 0.036465 0
6430.720176 0.035155 0
6434.080176 0.038096 0
6437.440176 0.033181 0
6440.800176 0.037253 0
6444.160176 0.041409 0
6447.520176 0.033341 0
6450.880176 0.038708 0
6454.240176 0.033399 0
6457.600176 0.043311 0
6460.960176 0.041990 0
6464.320176 0.039595 0
6467.680176 0.034587 0
6471.040176 0.042611 0
6474.400176 0.039961 0
6477.760176 0.045217 0
6481.120176 0.032734 0
6484.480176 0.037910 0
6487.840176 0.038332 0
6491.200176 0.034219 0
6494.560176 0.043798 0
6497.920176 0.045864 0
6501.280176 0.033838 0
6504.640176 0.038128 0
6508.000176 0.033098 0
6511.360176 0.042555 0
6514.720176 0.037706 0
6518.080176 0.036733 0
6521.440176 0.041103 0
6524.800176 0.038448 0
6528.160176 0.042895 0
6531.520176 0.042447 0
6534.880176 0.040021 0
6538.240176 0.044568 0
6541.600176 0.047876 0
6544.960176 0.049219 0
6548.320176 0.047557 0
6551.680176 0.046202 0
6555.040176 0.039291 0
6558.400176 0.043619 0
6561.760176 0.039732 0
6565.120176 0.048606 0
6568.480176 0.048067 0
6571.840176 0.048657 0
6575.200176 0.046371 0
6578.560176 0.045882 0
6581.920176 0.035340 0
6585.280176 0.042164 0
6588.640176 0.038272 0
6592.000176 0.044509 0
6595.360176 0.042829 0
6598.720176 0.044284 0
6602.080176 0.043573 0
6605.440176 0.042711 0
6608.800176 0.034725 0
6612.160176 0.040712 0
6615.520176 0.035465 0
6618.880176 0.030706 0
6622.240176 0.035045 0
6625.600176 0.040590 0
6628.960176 0.037178 0
6632.320176 0.041146 0
6635.680176 0.040183 0
6639.040176 0.039796 0
6642.400176 0.043050 0
6645.760176 0.042720 0
6649.120176 0.037153 0
6652.480176 0.031771 0
6655.840176 0.034745 0
6659.200176 0.031744 0
6662.560176 0.042992 0
6665.920176 0.037292 0
6669.280176 0.036656 0
6672.640176 0.032000 0
6676.000176 0.031621 0
6679.360176 0.035526 0
6682.720176 0.028108 0
6686.080176 0.042917 0
6689.440176 0.034070 0
6692.800176 0.040320 0
6696.160176 0.046557 0
6699.520176 0.036354 0
6702.880176 0.041304 0
6706.240176 0.037024 0
6709.600176 0.038388 0
6712.960176 0.034379 0
6716.320176 0.035995 0
6719.680176 0.040318 0
6723.040176 0.036813 0
6726.400176 0.041233 0
6729.760176 0.041357 0
6733.120176 0.036937 0
6736.480176 0.047806 0
6739.840176 0.039290 0
6743.200176 0.040503 0
6746.560176 0.040320 0
6749.920176 0.032784 0
6753.280176 0.029575 0
6756.640176 0.039219 0
6760.000176 0.039410 0
6763.360176 0.036169 0
6766.720176 0.029973 0
6770.080176 0.032111 0
6773.440176 0.034720 0
6776.800176 0.036155 0
6780.160176 0.035011 0
6783.520176 0.036585 0
6786.880176 0.041071 0
6790.240176 0.043246 0
6793.600176 0.036740 0
6796.960176 0.032375 0
6800.320176 0.037171 0
6803.680176 0.045443 0
6807.040176 0.043863 0
6810.400176 0.040746 0
6813.760176 0.037451 0
6817.120176 0.041512 1
6820.480176 0.041207 1
6823.840176 0.036785 1
6827.200176 0.044768 1
6830.560176 0.051518 1
6833.920176 0.043863 1
6837.280176 0.044066 1
6840.640176 0.053552 0
6844.000176 0.046748 0
6847.360176 0.026950 0
6850.720176 0.036846 0
6854.080176 0.040774 0
6857.440176 0.045858 0
6860.800176 0.044036 0
6864.160176 0.027066 0
6867.520176 0.018623 0
6870.880176 0.032556 0
6874.240176 0.036315 0
6877.600176 0.037635 0
6880.960176 0.030727 0
6884.320176 0.045735 0
6887.680176 0.036957 0
6891.040176 0.032642 0
6894.400176 0.036951 0
6897.760176 0.030778 0
6901.120176 0.037581 0
6904.480176 0.047176 0
6907.840176 0.031450 0
6911.200176 0.039794 0
6914.560176 0.050896 0
6917.920176 0.029861 0
6921.280176 0.035759 0
6924.640176 0.040291 0
6928.000176 0.036604 0
6931.360176 0.037549 0
6934.720176 0.038979 0
6938.080176 0.040408 0
6941.440176 0.055732 0
6944.800176 0.045576 0
6948.160176 0.055809 0
6951.520176 0.052670 0
6954.880176 0.043367 0
6958.240176 0.040384 0
6961.600176 0.041458 0
6964.960176 0.036826 0
6968.320176 0.038349 0
6971.680176 0.049472 0
6975.040176 0.044371 0
6978.400176 0.037143 0
6981.760176 0.040256 0
6985.120176 0.037495 0
6988.480176 0.039212 0
6991.840176 0.038413 0
6995.200176 0.035706 0
6998.560176 0.028049 0
7001.920176 0.037982 0
7005.280176 0.035067 0
7008.640176 0.037530 0
7012.000176 0.038943 0
7015.360176 0.038729 0
7018.720176 0.032000 0
7022.080176 0.036477 0
7025.440176 0.037201 0
7028.800176 0.033694 0
7032.160176 0.041319 0
7035.520176 0.041173 0
7038.880176 0.033755 0
7042.240176 0.040713 0
7045.600176 0.034699 0
7048.960176 0.041025 0
7052.320176 0.043916 0
7055.680176 0.038379 0
7059.040176 0.028560 0
7062.400176 0.035639 0
7065.760176 0.048833 0
7069.120176 0.040656 0
7072.480176 0.036301 0
7075.840176 0.041937 0
7079.200176 0.043243 0
7082.560176 0.044274 0
7085.920176 0.045883 0
7089.280176 0.041163 0
7092.640176 0.047689 0
7096.000176 0.036749 0
7099.360176 0.040679 0
7102.720176 0.035051 0
7106.080176 0.037100 0
7109.440176 0.031063 0
7112.800176 0.031702 0
7116.160176 0.037623 0
7119.520176 0.034375 0
7122.880176 0.040653 0
7126.240176 0.031332 0
7129.600176 0.043834 0
7132.960176 0.032979 0
7136.320176 0.032297 0
7139.680176 0.030407 0
7143.040176 0.040623 0
7146.400176 0.046215 0
7149.760176 0.041547 0
7153.120176 0.039647 0
7156.480176 0.026731 0
7159.840176 0.030852 0
7163.200176 0.042069 0
7166.560176 0.046708 0
7169.920176 0.044417 0
7173.280176 0.033006 0
7176.640176 0.032863 0
7180.000176 0.028229 0
7183.360176 0.037254 0
7186.720176 0.036452 0
7190.080176 0.039569 0
7193.440176 0.034722 0
7196.800176 0.033901 0
7200.160176 0.045480 0
7203.520176 0.042154 0
7206.880176 0.030944 0
7210.240176 0.033100 0
7213.600176 0.033696 0
7216.960176 0.038240 0
7220.320176 0.038171 0
7223.680176 0.037345 0
7227.040176 0.029362 0
7230.400176 0.037285 0
7233.760176 0.021628 0
7237.120176 -0.008041 0
7240.480176 0.055314 0
7243.840176 0.089554 0
7247.200176 0.060609 0
7250.560176 0.054666 0
7253.920176 0.044649 0
7257.280176 0.046003 0
7260.640176 0.043215 0
7264.000176 0.039874 0
7267.360176 0.031560 0
7270.720176 0.012263 0
7274.080176 0.012069 0
7277.440176 0.003376 0
7280.800176 0.027940 0
7284.160176 0.063342 0
7287.520176 0.040643 0
7290.880176 0.042155 0
7294.240176 0.040084 0
7297.600176 0.036096 0
7300.960176 0.037149 0
7304.320176 0.028827 0
7307.680176 0.021885 0
7311.040176 0.030901 0
7314.400176 0.036810 0
7317.760176 0.034051 0
7321.120176 0.050584 0
7324.480176 0.034075 0
7327.840176 0.043932 0
7331.200176 0.047550 0
7334.560176 0.026399 0
7337.920176 0.062934 0
7341.280176 0.037086 0
7344.640176 0.046693 0
7348.000176 0.050636 0
7351.360176 0.031730 0
7354.720176 0.050322 0
7358.080176 0.058082 0
7361.440176 0.019436 0
7364.800176 0.022320 0
7368.160176 0.019586 0
7371.520176 0.023585 0
7374.880176 0.037016 0
7378.240176 0.032183 0
7381.600176 0.030047 0
7384.960176 0.034278 0
7388.320176 0.044804 0
7391.680176 0.036794 0
7395.040176 0.050381 0
7398.400176 0.042620 0
7401.760176 0.031138 0
7405.120176 0.038610 0
7408.480176 0.040241 0
7411.840176 0.040874 0
7415.200176 0.042391 0
7418.560176 0.046518 0
7421.920176 0.039704 0
7425.280176 0.028703 0
7428.640176 0.029635 0
7432.000176 0.046634 0
7435.360176 0.033012 0
7438.720176 0.030400 0
7442.080176 0.047888 0
7445.440176 0.039520 0
7448.800176 0.028179 0
7452.160176 0.027297 0
7455.520176 0.034809 0
7458.880176 0.032993 0
7462.240176 0.041442 0
7465.600176 0.045047 0
7468.960176 0.042288 0
7472.320176 0.028236 0
7475.680176 0.036382 0
7479.040176 0.043260 0
7482.400176 0.031194 0
7485.760176 0.051909 0
7489.120176 0.046230 0
7492.480176 0.041113 0
7495.840176 0.039660 0
7499.200176 0.024779 0
7502.560176 0.031216 0
7505.920176 0.031585 0
7509.280176 0.032446 0
7512.640176 0.033669 0
7516.000176 0.031409 0
7519.360176 0.022448 0
7522.720176 0.012720 0
7526.080176 0.042684 0
7529.440176 0.013548 0
7532.800176 0.035827 0
7536.160176 0.037083 0
7539.520176 0.036659 0
7542.880176 0.029408 0
7546.240176 0.036083 0
7549.600176 0.039297 0
7552.960176 0.041224 0
7556.320176 0.041361 0
7559.680176 0.031904 0
7563.040176 0.039512 0
7566.400176 0.013250 0
7569.760176 0.044096 0
7573.120176 0.043897 0
7576.480176 0.033817 0
7579.840176 0.036202 0
7583.200176 0.035636 0
7586.560176 0.027882 0
7589.920176 0.037602 0
7593.280176 0.046065 0
7596.640176 0.033476 0
7600.000176 0.021560 0
7603.360176 0.026900 0
7606.720176 0.023006 0
7610.080176 0.016123 0
7613.440176 0.043160 0
7616.800176 0.047792 0
7620.160176 0.045802 0
7623.520176 0.034559 0
7626.880176 0.028372 0
7630.240176 0.038504 0
7633.600176 0.037579 0
7636.960176 0.029233 0
7640.320176 0.039063 0
7643.680176 0.044700 0
7647.040176 0.025989 0
7650.400176 0.025457 0
7653.760176 0.041134 0
7657.120176 0.031849 0
7660.480176 0.046407 0
7663.840176 0.043280 0
7667.200176 0.046706 0
7670.560176 0.026156 0
7673.920176 0.029657 0
7677.280176 0.033184 0
7680.640176 0.039658 0
7684.000176 0.035677 0
7687.360176 0.032975 0
7690.720176 0.034138 0
7694.080176 0.037188 0
7697.440176 0.033541 0
7700.800176 0.033806 0
7704.160176 0.026999 0
7707.520176 0.011810 0
7710.880176 0.003243 0
7714.240176 0.018451 0
7717.600176 0.066348 0
7720.960176 0.053932 0
7724.320176 0.049872 0
7727.680176 0.032627 0
7731.040176 0.047638 0
7734.400176 0.034613 0
7737.760176 0.037479 0
7741.120176 0.020732 0
7744.480176 0.006812 0
7747.840176 0.054118 0
7751.200176 0.028228 0
7754.560176 0.031266 0
7757.920176 0.073701 0
7761.280176 0.047111 0
7764.640176 0.038630 0
7768.000176 0.026082 0
7771.360176 0.012813 0
7774.720176 0.032982 0
7778.080176 0.043528 0
7781.440176 0.051412 0
7784.800176 0.032961 0
7788.160176 0.006886 0
7791.520176 0.027068 0
7794.880176 0.022857 0
7798.240176 0.047728 0
7801.600176 0.046030 0
7804.960176 0.029712 0
7808.320176 0.034756 0
7811.680176 0.044056 0
7815.040176 0.024978 0
7818.400176 0.029036 0
7821.760176 0.018841 0
7825.120176 0.033483 0
7828.480176 0.043867 0
7831.840176 0.031881 0
7835.200176 0.031983 0
7838.560176 0.032724 0
7841.920176 0.022585 0
7845.280176 0.010837 0
7848.640176 0.008509 0
7852.000176 0.005971 0
7855.360176 0.065592 0
7858.720176 0.061708 0
7862.080176 0.045627 0
7865.440176 0.033067 0
7868.800176 0.040894 0
7872.160176 0.054251 0
7875.520176 0.052148 0
7878.880176 0.025791 0
7882.240176 0.028580 0
7885.600176 0.033133 0
7888.960176 0.028216 0
7892.320176 0.043642 0
7895.680176 0.056775 0
7899.040176 0.044272 0
7902.400176 0.028904 0
7905.760176 0.008699 0
7909.120176 -0.009111 0
7912.480176 0.000194 0
7915.840176 0.010499 0
7919.200176 0.064315 0
7922.560176 0.044887 0
7925.920176 0.024310 0
7929.280176 0.055436 0
7932.640176 0.039917 0
7936.000176 0.022991 0
7939.360176 0.035244 0
7942.720176 0.030789 0
7946.080176 0.036876 0
7949.440176 0.040254 0
7952.800176 0.050596 0
7956.160176 0.033613 0
7959.520176 0.013013 0
7962.880176 0.011169 0
7966.240176 0.037857 0
7969.600176 0.055566 0
7972.960176 0.055614 0
7976.320176 0.038443 0
7979.680176 0.041552 0
7983.040176 0.034357 0
7986.400176 0.019217 0
7989.760176 0.011959 0
7993.120176 0.029665 0
7996.480176 0.012593 0
7999.840176 0.050718 0
8003.200176 0.035542 0
8006.560176 0.026836 0
8009.920176 0.027034 0
8013.280176 0.035719 0
8016.640176 0.028094 0
8020.000176 0.023027 0
8023.360176 0.042009 0
8026.720176 0.032729 0
8030.080176 0.041316 0
8033.440176 0.040995 0
8036.800176 0.047409 0
8040.160176 0.039608 0
8043.520176 0.037470 0
8046.880176 0.031980 0
8050.240176 0.029052 0
8053.600176 0.022063 0
8056.960176 0.031822 0
8060.320176 0.026545 0
8063.680176 0.039197 0
8067.040176 0.041033 0
8070.400176 0.035018 0
8073.760176 0.040324 0
8077.120176 0.041362 0
8080.480176 0.032325 0
8083.840176 0.035954 0
8087.200176 0.043457 0
8090.560176 0.037961 0
8093.920176 0.032747 0
8097.280176 0.039057 0
8100.640176 0.033018 0
8104.000176 0.027372 0
8107.360176 0.036109 0
8110.720176 0.038106 0
8114.080176 0.032946 0
8117.440176 0.032131 0
8120.800176 0.028095 0
8124.160176 0.039652 0
8127.520176 0.037171 0
8130.880176 0.028599 0
8134.240176 0.034894 0
8137.600176 0.021258 0
8140.960176 0.038313 0
8144.320176 0.037351 0
8147.680176 0.033495 0
8151.040176 0.036233 0
8154.400176 0.040060 0
8157.760176 0.026817 0
8161.120176 0.029551 0
8164.480176 0.035284 0
8167.840176 0.019462 0
8171.200176 0.021960 0
8174.560176 0.024294 0
8177.920176 0.026686 0
8181.280176 0.022132 0
8184.640176 0.032333 0
8188.000176 0.030685 0
8191.360176 0.022234 0
8194.720176 0.030507 0
8198.080176 0.030029 0
8201.440176 0.031572 0
8204.800176 0.038678 0
8208.160176 0.023738 0
8211.520176 0.031536 0
8214.880176 0.035445 0
8218.240176 0.035302 0
8221.600176 0.029758 0
8224.960176 0.024931 0
8228.320176 0.015649 0
8231.680176 0.027241 0
8235.040176 0.028469 0
8238.400176 0.027715 0
8241.760176 0.036349 0
8245.120176 0.023637 0
8248.480176 0.032062 0
8251.840176 0.033503 0
8255.200176 0.036647 0
8258.560176 0.028839 0
8261.920176 0.032870 0
8265.280176 0.022930 0
8268.640176 0.028931 0
8272.000176 0.024870 0
8275.360176 0.028547 0
8278.720176 0.004434 0
8282.080176 0.030984 0
8285.440176 0.051201 0
8288.800176 0.047069 0
8292.160176 0.032419 0
8295.520176 0.025915 0
8298.880176 0.036463 0
8302.240176 0.027882 0
8305.600176 0.054770 0
8308.960176 0.026268 0
8312.320176 0.020257 0
8315.680176 0.029106 0
8319.040176 0.033285 0
8322.400176 0.025718 0
8325.760176 0.030993 0
8329.120176 0.028853 0
8332.480176 0.022207 0
8335.840176 0.045124 0
8339.200176 0.041039 0
8342.560176 0.009311 0
8345.920176 0.031478 0
8349.280176 0.058029 0
8352.640176 0.053160 0
8356.000176 0.019088 0
8359.360176 0.050378 0
8362.720176 0.039356 0
8366.080176 0.040753 0
8369.440176 0.047847 0
8372.800176 0.041077 0
8376.160176 0.013998 0
8379.520176 0.025419 0
8382.880176 0.031091 0
8386.240176 0.028577 0
8389.600176 0.052033 0
8392.960176 0.005619 0
8396.320176 0.004248 0
8399.680176 0.030651 0
8403.040176 0.044900 0
8406.400176 0.040686 0
8409.760176 0.029414 0
8413.120176 0.037915 0
8416.480176 0.038801 0
8419.840176 0.041997 0
8423.200176 0.025081 0
8426.560176 0.012344 0
8429.920176 0.003549 0
8433.280176 0.033959 0
8436.640176 0.038738 0
8440.000176 0.022857 0
8443.360176 0.009524 0
8446.720176 0.036346 0
8450.080176 0.037891 0
8453.440176 0.028062 0
8456.800176 0.038636 0
8460.160176 -0.016255 0
8463.520176 0.016444 0
8466.880176 0.037189 0
8470.240176 0.011068 0
8473.600176 0.010605 0
8476.960176 0.031421 0
8480.320176 0.025397 0
8483.680176 0.020827 0
8487.040176 0.023964 0
8490.400176 0.036760 0
8493.760176 0.031953 0
8497.120176 0.028290 0
8500.480176 0.003677 0
8503.840176 -0.007571 0
8507.200176 0.005723 0
8510.560176 0.025174 0
8513.920176 0.034681 0
8517.280176 0.029660 0
8520.640176 0.020630 0
8524.000176 0.034067 0
8527.360176 0.021274 0
8530.720176 0.021275 0
8534.080176 0.036626 0
8537.440176 0.038728 0
8540.800176 0.045610 0
8544.160176 0.023921 0
8547.520176 0.010455 0
8550.880176 0.007427 0
8554.240176 0.029160 0
8557.600176 0.030924 0
8560.960176 0.025543 0
8564.320176 0.023452 0
8567.680176 0.028562 0
8571.040176 0.027650 0
8574.400176 0.041378 0
8577.760176 0.032885 0
8581.120176 0.027539 0
8584.480176 0.023998 0
8587.840176 0.029515 0
8591.200176 0.035452 0
8594.560176 0.027205 0
8597.920176 0.019436 0
8601.280176 0.024155 0
8604.640176 0.028615 0
8608.000176 0.025855 0
8611.360176 0.034671 0
8614.720176 0.026841 0
8618.080176 0.047439 0
8621.440176 0.049228 0
8624.800176 0.028185 0
8628.160176 -0.012193 0
8631.520176 -0.013977 0
8634.880176 0.034949 0
8638.240176 0.048382 0
8641.600176 0.040334 0
8644.960176 0.036877 0
8648.320176 0.011203 0
8651.680176 -0.002146 0
8655.040176 0.025896 0
8658.400176 0.026464 0
8661.760176 0.052759 0
8665.120176 0.020182 0
8668.480176 0.026392 0
8671.840176 0.040393 0
8675.200176 0.007560 0
8678.560176 0.045954 0
8681.920176 -0.001005 0
8685.280176 0.038752 0
8688.640176 0.021010 0
8692.000176 0.030801 0
8695.360176 0.012337 0
8698.720176 0.015459 0
8702.080176 0.027777 0
8705.440176 0.032906 0
8708.800176 0.033007 0
8712.160176 0.026310 0
8715.520176 0.029730 0
8718.880176 0.027493 0
8722.240176 0.018530 0
8725.600176 0.019755 0
8728.960176 0.021230 0
8732.320176 0.028995 0
8735.680176 0.031917 0
8739.040176 0.040709 0
8742.400176 0.025222 0
8745.760176 0.019279 0
8749.120176 0.039120 0
8752.480176 0.046657 0
8755.840176 0.030999 0
8759.200176 -0.042924 0
8762.560176 0.000247 0
8765.920176 0.069063 0
8769.280176 0.048105 0
8772.640176 0.017883 0
8776.000176 0.076526 0
8779.360176 0.044809 0
8782.720176 0.025897 0
8786.080176 0.014681 0
8789.440176 0.017813 0
8792.800176 0.024806 0
8796.160176 0.039206 0
8799.520176 0.033227 0
8802.880176 0.036080 0
8806.240176 0.034898 0
8809.600176 0.028871 0
8812.960176 0.026869 0
8816.320176 0.027047 0
8819.680176 0.035134 0
8823.040176 -0.007680 0
8826.400176 -0.014833 0
8829.760176 0.056974 0
8833.120176 -0.043570 0
8836.480176 0.004261 0
8839.840176 0.032750 0
8843.200176 0.010508 0
8846.560176 0.049085 0
8849.920176 0.036892 0
8853.280176 0.039690 0
8856.640176 0.033637 0
8860.000176 0.041154 0
8863.360176 0.011397 0
8866.720176 0.006528 0
8870.080176 0.021684 0
8873.440176 0.005980 0
8876.800176 0.038074 0
8880.160176 0.040351 0
8883.520176 -0.064773 0
8886.880176 -0.046149 0
8890.240176 0.026296 0
8893.600176 -0.022474 0
8896.960176 0.008876 0
8900.320176 0.025163 0
8903.680176 0.034708 0
8907.040176 0.020456 0
8910.400176 0.029827 0
8913.760176 0.069630 0
8917.120176 0.025364 0
8920.480176 -0.022146 0
8923.840176 0.039017 0
8927.200176 -0.010847 0
8930.560176 0.019065 0
8933.920176 0.018179 0
8937.280176 0.016552 0
8940.640176 0.023224 0
8944.000176 0.014304 0
8947.360176 -0.002318 0
8950.720176 0.013515 0
8954.080176 -0.013203 0
8957.440176 0.062585 0
8960.800176 0.068983 0
8964.160176 -0.011284 0
8967.520176 0.017818 0
8970.880176 0.027570 0
8974.240176 0.029041 0
8977.600176 0.033636 0
8980.960176 0.023081 0
8984.320176 0.015648 0
8987.680176 0.033463 0
8991.040176 0.052349 0
8994.400176 0.032433 0
8997.760176 0.011101 0
9001.120176 0.018004 0
9004.480176 0.037694 0
9007.840176 0.021949 0
9011.200176 0.021297 0
9014.560176 0.013337 0
9017.920176 0.016712 0
9021.280176 0.023802 0
9024.640176 0.033504 0
9028.000176 0.030283 0
9031.360176 0.034659 0
9034.720176 0.040192 0
9038.080176 0.038365 0
9041.440176 0.015749 0
9044.800176 0.021831 0
9048.160176 0.015489 0
9051.520176 -0.008491 0
9054.880176 0.050002 0
9058.240176 0.032765 0
9061.600176 0.031200 0
9064.960176 0.032740 0
9068.320176 0.035873 0
9071.680176 0.028140 0
9075.040176 0.021504 0
9078.400176 0.026731 0
9081.760176 0.032967 0
9085.120176 0.027782 0
9088.480176 0.031486 0
9091.840176 0.033278 0
9095.200176 0.040066 0
9098.560176 0.022500 0
9101.920176 0.026137 0
9105.280176 0.040293 0
9108.640176 0.016285 0
9112.000176 0.025872 0
9115.360176 0.030011 0
9118.720176 0.017667 0
9122.080176 0.016566 0
9125.440176 0.022814 0
9128.800176 0.027411 0
9132.160176 0.023485 0
9135.520176 0.017547 0
9138.880176 0.028311 0
9142.240176 0.013286 0
9145.600176 0.019552 0
9148.960176 0.033462 0
9152.320176 0.027983 0
9155.680176 0.003010 0
9159.040176 0.012872 0
9162.400176 0.015530 0
9165.760176 0.048234 0
9169.120176 0.023503 0
9172.480176 0.021252 0
9175.840176 0.029203 0
9179.200176 0.024613 0
9182.560176 0.016449 0
9185.920176 0.017648 0
9189.280176 0.013692 0
9192.640176 0.018242 0
9196.000176 0.019625 0
9199.360176 0.027004 0
9202.720176 0.024971 0
9206.080176 0.020109 0
9209.440176 0.018384 0
9212.800176 0.033859 0
9216.160176 0.029088 0
9219.520176 0.022419 0
9222.880176 0.029858 0
9226.240176 0.034421 0
9229.600176 0.025713 0
9232.960176 0.031296 0
9236.320176 0.020922 0
9239.680176 0.022221 0
9243.040176 0.029477 0
9246.400176 0.039869 0
9249.760176 0.037487 0
