# obs: 255716
# slit: 29
# z: 0.11623
# lines: [OIII],H{alpha},NII
# spec: 675
4451.680000 0.000000 1
4455.040000 0.000000 1
4458.400000 0.000000 1
4461.760000 0.000000 1
4465.120000 0.000000 1
4468.479999 0.000000 1
4471.839999 0.000000 1
4475.199999 0.000000 1
4478.559999 0.000000 1
4481.919999 0.000000 1
4485.279999 0.000000 1
4488.639999 0.000000 1
4491.999999 -0.014905 1
4495.359999 -0.060262 1
4498.719999 0.216907 1
4502.079998 0.237720 0
4505.439998 0.231604 0
4508.799998 0.237393 0
4512.159998 0.205245 0
4515.519998 0.204137 0
4518.879998 0.244415 0
4522.239998 0.214428 0
4525.599998 0.250977 0
4528.959998 0.216016 0
4532.319997 0.210878 0
4535.679997 0.193782 0
4539.039997 0.239720 0
4542.399997 0.239424 0
4545.759997 0.218607 0
4549.119997 0.210849 0
4552.479997 0.227295 0
4555.839997 0.211083 0
4559.199997 0.211179 0
4562.559997 0.210707 0
4565.919996 0.244558 0
4569.279996 0.212522 0
4572.639996 0.231820 0
4575.999996 0.221098 0
4579.359996 0.154918 0
4582.719996 0.227593 0
4586.079996 0.171780 0
4589.439996 0.183504 0
4592.799996 0.143436 0
4596.159995 0.180063 0
4599.519995 0.195754 0
4602.879995 0.222312 0
4606.239995 0.218139 0
4609.599995 0.205012 0
4612.959995 0.201877 0
4616.319995 0.207074 0
4619.679995 0.226339 0
4623.039995 0.225680 0
4626.399995 0.229122 0
4629.759994 0.246401 0
4633.119994 0.226687 0
4636.479994 0.217034 0
4639.839994 0.196263 0
4643.199994 0.188826 0
4646.559994 0.209343 0
4649.919994 0.231873 0
4653.279994 0.216531 0
4656.639994 0.222647 0
4659.999993 0.248441 0
4663.359993 0.214004 0
4666.719993 0.246331 0
4670.079993 0.194657 0
4673.439993 0.209496 0
4676.799993 0.186232 0
4680.159993 0.214166 0
4683.519993 0.222777 0
4686.879993 0.242490 0
4690.239993 0.244205 0
4693.599992 0.225429 0
4696.959992 0.225822 0
4700.319992 0.235848 0
4703.679992 0.210913 0
4707.039992 0.227569 0
4710.399992 0.229138 0
4713.759992 0.243554 0
4717.119992 0.228152 0
4720.479992 0.208146 0
4723.839992 0.206597 0
4727.199991 0.215363 0
4730.559991 0.220820 0
4733.919991 0.211937 0
4737.279991 0.208716 0
4740.639991 0.199949 0
4743.999991 0.208924 0
4747.359991 0.211457 0
4750.719991 0.211668 0
4754.079991 0.214651 0
4757.439990 0.196005 0
4760.799990 0.221482 0
4764.159990 0.220954 0
4767.519990 0.238584 0
4770.879990 0.239406 0
4774.239990 0.205745 0
4777.599990 0.224075 0
4780.959990 0.207255 0
4784.319990 0.211385 0
4787.679990 0.231080 0
4791.039989 0.213530 0
4794.399989 0.216457 0
4797.759989 0.209342 0
4801.119989 0.223593 0
4804.479989 0.190463 0
4807.839989 0.181803 0
4811.199989 0.178880 0
4814.559989 0.175506 0
4817.919989 0.214629 0
4821.279988 0.206209 0
4824.639988 0.206795 0
4827.999988 0.255370 0
4831.359988 0.193813 0
4834.719988 0.175310 0
4838.079988 0.212478 0
4841.439988 0.200223 0
4844.799988 0.168768 0
4848.159988 0.190886 0
4851.519988 0.207955 0
4854.879987 0.168712 0
4858.239987 0.186704 0
4861.599987 0.195631 0
4864.959987 0.183551 0
4868.319987 0.221368 0
4871.679987 0.228689 0
4875.039987 0.231376 0
4878.399987 0.229133 0
4881.759987 0.233723 0
4885.119986 0.239113 0
4888.479986 0.225885 0
4891.839986 0.210993 0
4895.199986 0.217984 0
4898.559986 0.208602 0
4901.919986 0.200416 0
4905.279986 0.209502 0
4908.639986 0.237546 0
4911.999986 0.224576 0
4915.359986 0.211775 0
4918.719985 0.220702 0
4922.079985 0.221176 0
4925.439985 0.230935 0
4928.799985 0.221490 0
4932.159985 0.233330 0
4935.519985 0.231987 0
4938.879985 0.239369 0
4942.239985 0.224267 0
4945.599985 0.235618 0
4948.959984 0.213348 0
4952.319984 0.222234 0
4955.679984 0.231396 0
4959.039984 0.209976 0
4962.399984 0.221476 0
4965.759984 0.235376 0
4969.119984 0.251222 0
4972.479984 0.253052 0
4975.839984 0.235268 0
4979.199984 0.234660 0
4982.559983 0.223224 0
4985.919983 0.242360 0
4989.279983 0.227926 0
4992.639983 0.205586 0
4995.999983 0.241722 0
4999.359983 0.234717 0
5002.719983 0.223769 0
5006.079983 0.220607 0
5009.439983 0.220205 0
5012.799982 0.252177 0
5016.159982 0.234308 0
5019.519982 0.219749 0
5022.879982 0.225438 0
5026.239982 0.236932 0
5029.599982 0.260559 0
5032.959982 0.229315 0
5036.319982 0.233060 0
5039.679982 0.225163 0
5043.039982 0.234829 0
5046.399981 0.235173 0
5049.759981 0.230458 0
5053.119981 0.237927 0
5056.479981 0.224726 0
5059.839981 0.230010 0
5063.199981 0.236899 0
5066.559981 0.224277 0
5069.919981 0.230061 0
5073.279981 0.222203 0
5076.639980 0.219399 0
5079.999980 0.238016 0
5083.359980 0.229855 0
5086.719980 0.187249 0
5090.079980 0.200612 0
5093.439980 0.229881 0
5096.799980 0.226088 0
5100.159980 0.226682 0
5103.519980 0.250447 0
5106.879980 0.245119 0
5110.239979 0.236738 0
5113.599979 0.238726 0
5116.959979 0.232037 0
5120.319979 0.248322 0
5123.679979 0.243371 0
5127.039979 0.236104 0
5130.399979 0.214565 0
5133.759979 0.246600 0
5137.119979 0.241081 0
5140.479978 0.197275 0
5143.839978 0.232851 0
5147.199978 0.245003 0
5150.559978 0.233422 0
5153.919978 0.245681 0
5157.279978 0.258493 0
5160.639978 0.237517 0
5163.999978 0.242558 0
5167.359978 0.270038 0
5170.719978 0.220502 0
5174.079977 0.226709 0
5177.439977 0.213605 0
5180.799977 0.236892 0
5184.159977 0.231431 0
5187.519977 0.234808 0
5190.879977 0.196095 0
5194.239977 0.251000 0
5197.599977 0.246937 0
5200.959977 0.227405 0
5204.319977 0.230500 0
5207.679976 0.209562 0
5211.039976 0.238569 0
5214.399976 0.241551 0
5217.759976 0.231565 0
5221.119976 0.221085 0
5224.479976 0.224066 0
5227.839976 0.227826 0
5231.199976 0.246440 0
5234.559976 0.233914 0
5237.919975 0.223362 0
5241.279975 0.237594 0
5244.639975 0.240238 0
5247.999975 0.227226 0
5251.359975 0.205307 0
5254.719975 0.197369 0
5258.079975 0.225164 0
5261.439975 0.223014 0
5264.799975 0.203125 0
5268.159975 0.238043 0
5271.519974 0.229749 0
5274.879974 0.224787 0
5278.239974 0.238521 0
5281.599974 0.223674 0
5284.959974 0.231083 0
5288.319974 0.214466 0
5291.679974 0.229870 0
5295.039974 0.215924 0
5298.399974 0.241469 0
5301.759973 0.242655 0
5305.119973 0.230600 0
5308.479973 0.224523 0
5311.839973 0.249282 0
5315.199973 0.234246 0
5318.559973 0.214507 0
5321.919973 0.215156 0
5325.279973 0.218090 0
5328.639973 0.212663 0
5331.999973 0.222491 0
5335.359972 0.240010 0
5338.719972 0.236832 0
5342.079972 0.237096 0
5345.439972 0.205475 0
5348.799972 0.222878 0
5352.159972 0.250488 0
5355.519972 0.243791 0
5358.879972 0.252551 0
5362.239972 0.219075 0
5365.599971 0.209581 0
5368.959971 0.214974 0
5372.319971 0.239494 0
5375.679971 0.236659 0
5379.039971 0.224296 0
5382.399971 0.211298 0
5385.759971 0.228552 0
5389.119971 0.231210 0
5392.479971 0.224352 0
5395.839971 0.228193 0
5399.199970 0.217170 0
5402.559970 0.214696 0
5405.919970 0.213929 0
5409.279970 0.227451 0
5412.639970 0.227444 0
5415.999970 0.224273 0
5419.359970 0.197032 0
5422.719970 0.209651 0
5426.079970 0.280586 0
5429.439969 0.269507 0
5432.799969 0.210245 0
5436.159969 0.197564 0
5439.519969 0.206268 0
5442.879969 0.198334 0
5446.239969 0.173836 0
5449.599969 0.206300 0
5452.959969 0.218893 0
5456.319969 0.211959 0
5459.679969 0.201649 0
5463.039968 0.230762 0
5466.399968 0.224171 0
5469.759968 0.202304 0
5473.119968 0.203001 0
5476.479968 0.207876 0
5479.839968 0.242291 0
5483.199968 0.222005 0
5486.559968 0.199256 0
5489.919968 0.208517 0
5493.279967 0.206828 0
5496.639967 0.202057 0
5499.999967 0.219561 0
5503.359967 0.230189 0
5506.719967 0.226151 0
5510.079967 0.227365 0
5513.439967 0.231462 0
5516.799967 0.215921 0
5520.159967 0.234014 0
5523.519967 0.234032 0
5526.879966 0.231953 0
5530.239966 0.220213 0
5533.599966 0.246185 0
5536.959966 0.241700 0
5540.319966 0.241843 0
5543.679966 0.226999 0
5547.039966 0.221151 0
5550.399966 0.203440 0
5553.759966 0.211782 0
5557.119965 0.236641 0
5560.479965 0.211680 0
5563.839965 0.212120 0
5567.199965 0.221616 1
5570.559965 0.218121 1
5573.919965 0.343975 1
5577.279965 0.161517 1
5580.639965 0.143804 1
5583.999965 0.287346 1
5587.359965 0.305788 0
5590.719964 0.313037 0
5594.079964 0.239758 0
5597.439964 0.219210 0
5600.799964 0.221072 0
5604.159964 0.189595 0
5607.519964 0.225107 0
5610.879964 0.214488 0
5614.239964 0.234673 0
5617.599964 0.223782 0
5620.959963 0.213158 0
5624.319963 0.213449 0
5627.679963 0.202567 0
5631.039963 0.216957 0
5634.399963 0.199069 0
5637.759963 0.216654 0
5641.119963 0.227767 0
5644.479963 0.203345 0
5647.839963 0.230878 0
5651.199963 0.237623 0
5654.559962 0.232297 0
5657.919962 0.207459 0
5661.279962 0.232587 0
5664.639962 0.233650 0
5667.999962 0.223216 0
5671.359962 0.212336 0
5674.719962 0.203222 0
5678.079962 0.209335 0
5681.439962 0.211802 0
5684.799962 0.218796 0
5688.159961 0.218475 0
5691.519961 0.230781 0
5694.879961 0.247395 0
5698.239961 0.219017 0
5701.599961 0.199872 0
5704.959961 0.206234 0
5708.319961 0.223797 0
5711.679961 0.220985 0
5715.039961 0.210169 0
5718.399960 0.223874 0
5721.759960 0.210866 0
5725.119960 0.202059 0
5728.479960 0.200793 0
5731.839960 0.219743 0
5735.199960 0.204976 0
5738.559960 0.201255 0
5741.919960 0.193779 0
5745.279960 0.204902 0
5748.639960 0.196014 0
5751.999959 0.228867 0
5755.359959 0.216148 0
5758.719959 0.238541 0
5762.079959 0.216099 0
5765.439959 0.193731 0
5768.799959 0.194239 0
5772.159959 0.193515 0
5775.519959 0.194266 0
5778.879959 0.199384 0
5782.239958 0.190330 0
5785.599958 0.193962 0
5788.959958 0.199672 0
5792.319958 0.197714 0
5795.679958 0.199475 0
5799.039958 0.218267 0
5802.399958 0.204830 0
5805.759958 0.211683 0
5809.119958 0.216085 0
5812.479958 0.236743 0
5815.839957 0.219050 0
5819.199957 0.213654 0
5822.559957 0.220324 0
5825.919957 0.210664 0
5829.279957 0.217231 0
5832.639957 0.213778 0
5835.999957 0.207146 0
5839.359957 0.192327 0
5842.719957 0.195477 0
5846.079956 0.211308 0
5849.439956 0.226530 0
5852.799956 0.233789 0
5856.159956 0.206058 0
5859.519956 0.228152 0
5862.879956 0.226723 0
5866.239956 0.205234 0
5869.599956 0.230855 0
5872.959956 0.214309 0
5876.319956 0.199644 0
5879.679955 0.218528 0
5883.039955 0.178914 0
5886.399955 0.200311 0
5889.759955 0.197706 0
5893.119955 0.232558 0
5896.479955 0.244537 0
5899.839955 0.268038 0
5903.199955 0.212200 0
5906.559955 0.198995 0
5909.919954 0.209334 0
5913.279954 0.237531 0
5916.639954 0.223632 0
5919.999954 0.223538 0
5923.359954 0.216289 0
5926.719954 0.202208 0
5930.079954 0.214700 0
5933.439954 0.219371 0
5936.799954 0.235227 0
5940.159954 0.241584 0
5943.519953 0.197925 0
5946.879953 0.198706 0
5950.239953 0.213555 0
5953.599953 0.226220 0
5956.959953 0.211601 0
5960.319953 0.220582 0
5963.679953 0.227725 0
5967.039953 0.222313 0
5970.399953 0.197593 0
5973.759952 0.215265 0
5977.119952 0.200901 0
5980.479952 0.225962 0
5983.839952 0.240304 0
5987.199952 0.218839 0
5990.559952 0.206884 0
5993.919952 0.208013 0
5997.279952 0.220001 0
6000.639952 0.206964 0
6003.999952 0.217967 0
6007.359951 0.220778 0
6010.719951 0.211562 0
6014.079951 0.231406 0
6017.439951 0.224346 0
6020.799951 0.232738 0
6024.159951 0.187144 0
6027.519951 0.210131 0
6030.879951 0.222903 0
6034.239951 0.210824 0
6037.599950 0.207546 0
6040.959950 0.204181 0
6044.319950 0.207351 0
6047.679950 0.208572 0
6051.039950 0.224887 0
6054.399950 0.202897 0
6057.759950 0.222397 0
6061.119950 0.211742 0
6064.479950 0.198088 0
6067.839950 0.221145 0
6071.199949 0.240080 0
6074.559949 0.237629 0
6077.919949 0.218280 0
6081.279949 0.213303 0
6084.639949 0.208879 0
6087.999949 0.215340 0
6091.359949 0.216427 0
6094.719949 0.221824 0
6098.079949 0.222957 0
6101.439948 0.220332 0
6104.799948 0.232545 0
6108.159948 0.227463 0
6111.519948 0.222327 0
6114.879948 0.215377 0
6118.239948 0.217840 0
6121.599948 0.214428 0
6124.959948 0.220355 0
6128.319948 0.213512 0
6131.679948 0.207826 0
6135.039947 0.235276 0
6138.399947 0.206824 0
6141.759947 0.204821 0
6145.119947 0.210106 0
6148.479947 0.215310 0
6151.839947 0.210370 0
6155.199947 0.224510 0
6158.559947 0.227606 0
6161.919947 0.210516 0
6165.279947 0.203075 0
6168.639946 0.234704 0
6171.999946 0.227303 0
6175.359946 0.217906 0
6178.719946 0.224008 0
6182.079946 0.233256 0
6185.439946 0.220393 0
6188.799946 0.236882 0
6192.159946 0.236116 0
6195.519946 0.230520 0
6198.879945 0.228440 0
6202.239945 0.216850 0
6205.599945 0.212319 0
6208.959945 0.200592 0
6212.319945 0.200077 0
6215.679945 0.208759 0
6219.039945 0.221122 0
6222.399945 0.228601 0
6225.759945 0.211683 0
6229.119945 0.199455 0
6232.479944 0.207779 0
6235.839944 0.205797 0
6239.199944 0.197883 0
6242.559944 0.206209 0
6245.919944 0.221564 0
6249.279944 0.219687 0
6252.639944 0.189180 0
6255.999944 0.234842 0
6259.359944 0.218801 0
6262.719943 0.227086 0
6266.079943 0.229577 0
6269.439943 0.201941 0
6272.799943 0.206807 0
6276.159943 0.211160 0
6279.519943 0.220878 0
6282.879943 0.191453 0
6286.239943 0.208698 0
6289.599943 0.229142 0
6292.959943 0.091584 1
6296.319942 0.122453 1
6299.679942 0.290905 1
6303.039942 0.246207 1
6306.399942 0.383182 1
6309.759942 0.222486 1
6313.119942 0.199227 1
6316.479942 0.199751 1
6319.839942 0.177776 0
6323.199942 0.193576 0
6326.559941 0.232535 0
6329.919941 0.205334 0
6333.279941 0.218657 0
6336.639941 0.228237 0
6339.999941 0.201214 0
6343.359941 0.198097 0
6346.719941 0.228076 0
6350.079941 0.222181 0
6353.439941 0.222848 0
6356.799941 0.182779 0
6360.159940 0.147027 0
6363.519940 0.207278 0
6366.879940 0.221663 0
6370.239940 0.295253 0
6373.599940 0.209250 0
6376.959940 0.208829 0
6380.319940 0.218853 0
6383.679940 0.198765 0
6387.039940 0.207934 0
6390.399939 0.234329 0
6393.759939 0.232702 0
6397.119939 0.202087 0
6400.479939 0.213792 0
6403.839939 0.209053 0
6407.199939 0.190089 0
6410.559939 0.223385 0
6413.919939 0.223611 0
6417.279939 0.200279 0
6420.639939 0.211576 0
6423.999938 0.218609 0
6427.359938 0.203551 0
6430.719938 0.227938 0
6434.079938 0.232128 0
6437.439938 0.193656 0
6440.799938 0.214151 0
6444.159938 0.224092 0
6447.519938 0.210273 0
6450.879938 0.180474 0
6454.239937 0.215206 0
6457.599937 0.221145 0
6460.959937 0.220994 0
6464.319937 0.207795 0
6467.679937 0.210905 0
6471.039937 0.203288 0
6474.399937 0.218928 0
6477.759937 0.208795 0
6481.119937 0.200676 0
6484.479937 0.226075 0
6487.839936 0.201307 0
6491.199936 0.194536 0
6494.559936 0.216972 0
6497.919936 0.216559 0
6501.279936 0.223341 0
6504.639936 0.235184 0
6507.999936 0.218586 0
6511.359936 0.234912 0
6514.719936 0.218825 0
6518.079935 0.214940 0
6521.439935 0.227414 0
6524.799935 0.196323 0
6528.159935 0.206254 0
6531.519935 0.220825 0
6534.879935 0.203901 0
6538.239935 0.196139 0
6541.599935 0.204476 0
6544.959935 0.202865 0
6548.319935 0.229554 0
6551.679934 0.241298 0
6555.039934 0.197662 0
6558.399934 0.226515 0
6561.759934 0.236896 0
6565.119934 0.188729 0
6568.479934 0.193664 0
6571.839934 0.211801 0
6575.199934 0.188079 0
6578.559934 0.172549 0
6581.919933 0.202244 0
6585.279933 0.174589 0
6588.639933 0.188663 0
6591.999933 0.198409 0
6595.359933 0.215099 0
6598.719933 0.198587 0
6602.079933 0.198766 0
6605.439933 0.207197 0
6608.799933 0.200323 0
6612.159933 0.213217 0
6615.519932 0.220288 0
6618.879932 0.205847 0
6622.239932 0.193736 0
6625.599932 0.203271 0
6628.959932 0.194409 0
6632.319932 0.203399 0
6635.679932 0.192093 0
6639.039932 0.224935 0
6642.399932 0.193315 0
6645.759932 0.212214 0
6649.119931 0.204220 0
6652.479931 0.204162 0
6655.839931 0.203135 0
6659.199931 0.196559 0
6662.559931 0.210555 0
6665.919931 0.208114 0
6669.279931 0.198954 0
6672.639931 0.184059 0
6675.999931 0.205585 0
6679.359930 0.205210 0
6682.719930 0.212529 0
6686.079930 0.231522 0
6689.439930 0.190360 0
6692.799930 0.189779 0
6696.159930 0.206319 0
6699.519930 0.202145 0
6702.879930 0.201697 0
6706.239930 0.209332 0
6709.599930 0.204833 0
6712.959929 0.191415 0
6716.319929 0.212597 0
6719.679929 0.212490 0
6723.039929 0.208413 0
6726.399929 0.195398 0
6729.759929 0.195638 0
6733.119929 0.196133 0
6736.479929 0.205888 0
6739.839929 0.204020 0
6743.199928 0.207334 0
6746.559928 0.204506 0
6749.919928 0.194743 0
6753.279928 0.211018 0
6756.639928 0.198170 0
6759.999928 0.224846 0
6763.359928 0.204889 0
6766.719928 0.185318 0
6770.079928 0.211704 0
6773.439928 0.203240 0
6776.799927 0.201411 0
6780.159927 0.206889 0
6783.519927 0.219045 0
6786.879927 0.204186 0
6790.239927 0.203631 0
6793.599927 0.210783 0
6796.959927 0.199520 0
6800.319927 0.205590 0
6803.679927 0.190780 0
6807.039926 0.194145 0
6810.399926 0.197239 0
6813.759926 0.206780 0
6817.119926 0.215093 0
6820.479926 0.190274 0
6823.839926 0.181862 0
6827.199926 0.210811 0
6830.559926 0.190924 0
6833.919926 0.206139 0
6837.279926 0.232246 0
6840.639925 0.215830 0
6843.999925 0.212804 0
6847.359925 0.200811 0
6850.719925 0.197105 0
6854.079925 0.180626 0
6857.439925 0.190650 0
6860.799925 0.182179 0
6864.159925 0.187326 0
6867.519925 0.171898 0
6870.879924 0.186083 0
6874.239924 0.142856 0
6877.599924 0.180538 0
6880.959924 0.176872 0
6884.319924 0.175440 0
6887.679924 0.177348 0
6891.039924 0.172986 0
6894.399924 0.173198 0
6897.759924 0.178215 0
6901.119924 0.183510 0
6904.479923 0.173460 0
6907.839923 0.175619 0
6911.199923 0.189250 0
6914.559923 0.187367 0
6917.919923 0.191351 0
6921.279923 0.197374 0
6924.639923 0.211433 0
6927.999923 0.207303 0
6931.359923 0.207716 0
6934.719922 0.194740 0
6938.079922 0.198244 0
6941.439922 0.193686 0
6944.799922 0.192826 0
6948.159922 0.196903 0
6951.519922 0.183448 0
6954.879922 0.209850 0
6958.239922 0.197269 0
6961.599922 0.184785 0
6964.959922 0.179511 0
6968.319921 0.214486 0
6971.679921 0.166034 0
6975.039921 0.182961 0
6978.399921 0.196562 0
6981.759921 0.200928 0
6985.119921 0.177716 0
6988.479921 0.178972 0
6991.839921 0.194102 0
6995.199921 0.170624 0
6998.559920 0.191134 0
7001.919920 0.204087 0
7005.279920 0.217107 0
7008.639920 0.201158 0
7011.999920 0.198272 0
7015.359920 0.212531 0
7018.719920 0.208533 0
7022.079920 0.188609 0
7025.439920 0.197710 0
7028.799920 0.212208 0
7032.159919 0.191911 0
7035.519919 0.194664 0
7038.879919 0.189809 0
7042.239919 0.178279 0
7045.599919 0.192066 0
7048.959919 0.212173 0
7052.319919 0.192836 0
7055.679919 0.182435 0
7059.039919 0.190039 0
7062.399918 0.192654 0
7065.759918 0.208002 0
7069.119918 0.205853 0
7072.479918 0.184415 0
7075.839918 0.198448 0
7079.199918 0.187986 0
7082.559918 0.198095 0
7085.919918 0.179616 0
7089.279918 0.188671 0
7092.639918 0.204854 0
7095.999917 0.211636 0
7099.359917 0.201430 0
7102.719917 0.169290 0
7106.079917 0.175232 0
7109.439917 0.207527 0
7112.799917 0.187611 0
7116.159917 0.168722 0
7119.519917 0.213419 0
7122.879917 0.234786 0
7126.239916 0.196970 0
7129.599916 0.194691 0
7132.959916 0.200687 0
7136.319916 0.227165 0
7139.679916 0.190433 0
7143.039916 0.183045 0
7146.399916 0.206508 0
7149.759916 0.248659 0
7153.119916 0.194576 0
7156.479916 0.194473 0
7159.839915 0.211530 0
7163.199915 0.213424 0
7166.559915 0.183160 0
7169.919915 0.196148 0
7173.279915 0.181402 0
7176.639915 0.172068 0
7179.999915 0.193174 0
7183.359915 0.180249 0
7186.719915 0.174070 0
7190.079915 0.182246 0
7193.439914 0.195257 0
7196.799914 0.200283 0
7200.159914 0.204242 0
7203.519914 0.196342 0
7206.879914 0.186316 0
7210.239914 0.184360 0
7213.599914 0.190273 0
7216.959914 0.202988 0
7220.319914 0.186588 0
7223.679913 0.199704 0
7227.039913 0.173820 0
7230.399913 0.189233 0
7233.759913 0.142873 0
7237.119913 0.155519 0
7240.479913 0.138539 0
7243.839913 0.168030 0
7247.199913 0.179018 0
7250.559913 0.196112 0
7253.919913 0.191974 0
7257.279912 0.182422 0
7260.639912 0.193442 0
7263.999912 0.200978 0
7267.359912 0.174365 0
7270.719912 0.165366 0
7274.079912 0.174459 0
7277.439912 0.164396 0
7280.799912 0.181662 0
7284.159912 0.187841 0
7287.519911 0.181226 0
7290.879911 0.178717 0
7294.239911 0.189188 0
7297.599911 0.189312 0
7300.959911 0.201293 0
7304.319911 0.192775 0
7307.679911 0.190899 0
7311.039911 0.225290 0
7314.399911 0.222388 0
7317.759911 0.169192 0
7321.119910 0.177402 0
7324.479910 0.366505 0
7327.839910 0.621062 0
7331.199910 0.387112 0
7334.559910 0.183998 0
7337.919910 0.173973 0
7341.279910 0.179683 0
7344.639910 0.206120 0
7347.999910 0.251308 0
7351.359909 0.296447 0
7354.719909 0.260017 0
7358.079909 0.187282 0
7361.439909 0.164892 0
7364.799909 0.211406 0
7368.159909 0.170700 0
7371.519909 0.187099 0
7374.879909 0.199299 0
7378.239909 0.199762 0
7381.599909 0.196476 0
7384.959908 0.175504 0
7388.319908 0.217916 0
7391.679908 0.193626 0
7395.039908 0.179306 0
7398.399908 0.178179 0
7401.759908 0.188423 0
7405.119908 0.199552 0
7408.479908 0.181951 0
7411.839908 0.203237 0
7415.199907 0.193600 0
7418.559907 0.180922 0
7421.919907 0.205713 0
7425.279907 0.180209 0
7428.639907 0.163573 0
7431.999907 0.180209 0
7435.359907 0.187936 0
7438.719907 0.163292 0
7442.079907 0.191540 0
7445.439907 0.207358 0
7448.799906 0.187305 0
7452.159906 0.176281 0
7455.519906 0.189889 0
7458.879906 0.163210 0
7462.239906 0.188956 0
7465.599906 0.179227 0
7468.959906 0.174047 0
7472.319906 0.188399 0
7475.679906 0.192953 0
7479.039905 0.159824 0
7482.399905 0.183991 0
7485.759905 0.202664 0
7489.119905 0.190743 0
7492.479905 0.196850 0
7495.839905 0.228334 0
7499.199905 0.281137 0
7502.559905 0.278543 0
7505.919905 0.210506 0
7509.279905 0.177146 0
7512.639904 0.213057 0
7515.999904 0.260290 0
7519.359904 0.232299 0
7522.719904 0.190466 0
7526.079904 0.184657 0
7529.439904 0.198563 0
7532.799904 0.166580 0
7536.159904 0.163007 0
7539.519904 0.176573 0
7542.879903 0.168889 0
7546.239903 0.171832 0
7549.599903 0.190788 0
7552.959903 0.163573 0
7556.319903 0.187293 0
7559.679903 0.199887 0
7563.039903 0.184131 0
7566.399903 0.183329 0
7569.759903 0.177807 0
7573.119903 0.184357 0
7576.479902 0.198675 0
7579.839902 0.181844 0
7583.199902 0.184322 0
7586.559902 0.198303 0
7589.919902 0.165756 0
7593.279902 0.124180 0
7596.639902 0.132987 0
7599.999902 0.080728 0
7603.359902 0.112281 0
7606.719901 0.227175 0
7610.079901 0.195344 0
7613.439901 0.242562 0
7616.799901 0.196558 0
7620.159901 0.182605 0
7623.519901 0.151029 0
7626.879901 0.181340 0
7630.239901 0.156757 0
7633.599901 0.150843 0
7636.959901 0.216770 0
7640.319900 0.190340 0
7643.679900 0.170636 0
7647.039900 0.214691 0
7650.399900 0.179986 0
7653.759900 0.197926 0
7657.119900 0.158071 0
7660.479900 0.198713 0
7663.839900 0.189445 0
7667.199900 0.194578 0
7670.559900 0.168445 0
7673.919899 0.172614 0
7677.279899 0.156889 0
7680.639899 0.170965 0
7683.999899 0.182592 0
7687.359899 0.184674 0
7690.719899 0.183481 0
7694.079899 0.201763 0
7697.439899 0.184111 0
7700.799899 0.168419 0
7704.159898 0.171703 0
7707.519898 0.186728 0
7710.879898 0.188760 0
7714.239898 0.171879 0
7717.599898 0.160411 0
7720.959898 0.126284 0
7724.319898 0.166859 0
7727.679898 0.187482 0
7731.039898 0.182321 0
7734.399898 0.173097 0
7737.759897 0.170174 0
7741.119897 0.170204 0
7744.479897 0.182477 0
7747.839897 0.140977 0
7751.199897 0.208205 0
7754.559897 0.153156 0
7757.919897 0.135698 0
7761.279897 0.172168 0
7764.639897 0.175807 0
7767.999896 0.171507 0
7771.359896 0.159232 0
7774.719896 0.153193 0
7778.079896 0.169109 0
7781.439896 0.168520 0
7784.799896 0.199130 0
7788.159896 0.167188 0
7791.519896 0.186780 0
7794.879896 0.189101 0
7798.239896 0.156834 0
7801.599895 0.190416 0
7804.959895 0.176900 0
7808.319895 0.165803 0
7811.679895 0.163515 0
7815.039895 0.151566 0
7818.399895 0.201900 0
7821.759895 0.205808 0
7825.119895 0.151858 0
7828.479895 0.184270 0
7831.839894 0.163572 0
7835.199894 0.166344 0
7838.559894 0.199876 0
7841.919894 0.177973 0
7845.279894 0.174476 0
7848.639894 0.173071 0
7851.999894 0.182278 0
7855.359894 0.228057 0
7858.719894 0.155115 0
7862.079894 0.160046 0
7865.439893 0.151963 0
7868.799893 0.153304 0
7872.159893 0.216214 0
7875.519893 0.170045 0
7878.879893 0.173410 0
7882.239893 0.155948 0
7885.599893 0.168224 0
7888.959893 0.180140 0
7892.319893 0.190194 0
7895.679892 0.159397 0
7899.039892 0.143270 0
7902.399892 0.165680 0
7905.759892 0.182415 0
7909.119892 0.173018 0
7912.479892 0.114879 0
7915.839892 0.165724 0
7919.199892 0.138783 0
7922.559892 0.124731 0
7925.919892 0.156947 0
7929.279891 0.162133 0
7932.639891 0.193306 0
7935.999891 0.190006 0
7939.359891 0.170965 0
7942.719891 0.167927 0
7946.079891 0.159956 0
7949.439891 0.152306 0
7952.799891 0.171606 0
7956.159891 0.184796 0
7959.519890 0.201791 0
7962.879890 0.151654 0
7966.239890 0.117664 0
7969.599890 0.127205 0
7972.959890 0.180761 0
7976.319890 0.156273 0
7979.679890 0.160229 0
7983.039890 0.158401 0
7986.399890 0.192039 0
7989.759890 0.195182 0
7993.119889 0.165984 0
7996.479889 0.158105 0
7999.839889 0.117491 0
8003.199889 0.197306 0
8006.559889 0.204181 0
8009.919889 0.184633 0
8013.279889 0.149651 0
8016.639889 0.160932 0
8019.999889 0.182252 0
8023.359888 0.182660 0
8026.719888 0.171378 0
8030.079888 0.126409 0
8033.439888 0.167775 0
8036.799888 0.178532 0
8040.159888 0.183737 0
8043.519888 0.170539 0
8046.879888 0.166973 0
8050.239888 0.190904 0
8053.599888 0.197495 0
8056.959887 0.173503 0
8060.319887 0.190081 0
8063.679887 0.185334 0
8067.039887 0.165214 0
8070.399887 0.188988 0
8073.759887 0.185452 0
8077.119887 0.161885 0
8080.479887 0.153040 0
8083.839887 0.175548 0
8087.199886 0.151146 0
8090.559886 0.172831 0
8093.919886 0.173573 0
8097.279886 0.175392 0
8100.639886 0.170103 0
8103.999886 0.162139 0
8107.359886 0.173874 0
8110.719886 0.177662 0
8114.079886 0.172320 0
8117.439886 0.158953 0
8120.799885 0.169095 0
8124.159885 0.179012 0
8127.519885 0.160883 0
8130.879885 0.182549 0
8134.239885 0.195151 0
8137.599885 0.176864 0
8140.959885 0.175156 0
8144.319885 0.180520 0
8147.679885 0.154614 0
8151.039885 0.180085 0
8154.399884 0.202660 0
8157.759884 0.183543 0
8161.119884 0.150255 0
8164.479884 0.148792 0
8167.839884 0.171028 0
8171.199884 0.162758 0
8174.559884 0.161775 0
8177.919884 0.162356 0
8181.279884 0.171957 0
8184.639883 0.174104 0
8187.999883 0.162757 0
8191.359883 0.143014 0
8194.719883 0.179963 0
8198.079883 0.184541 0
8201.439883 0.181180 0
8204.799883 0.167079 0
8208.159883 0.183094 0
8211.519883 0.194538 0
8214.879883 0.172784 0
8218.239882 0.197038 0
8221.599882 0.169387 0
8224.959882 0.154825 0
8228.319882 0.173319 0
8231.679882 0.183502 0
8235.039882 0.167188 0
8238.399882 0.158298 0
8241.759882 0.190157 0
8245.119882 0.166189 0
8248.479881 0.146050 0
8251.839881 0.177266 0
8255.199881 0.167276 0
8258.559881 0.150587 0
8261.919881 0.195741 0
8265.279881 0.184746 0
8268.639881 0.179837 0
8271.999881 0.132952 0
8275.359881 0.136780 0
8278.719881 0.180289 0
8282.079880 0.161982 0
8285.439880 0.136684 0
8288.799880 0.139299 0
8292.159880 0.166138 0
8295.519880 0.152028 0
8298.879880 0.111107 0
8302.239880 0.128145 0
8305.599880 0.153279 0
8308.959880 0.201235 0
8312.319879 0.167808 0
8315.679879 0.168941 0
8319.039879 0.176038 0
8322.399879 0.200497 0
8325.759879 0.200037 0
8329.119879 0.196755 0
8332.479879 0.173297 0
8335.839879 0.203440 0
8339.199879 0.186069 0
8342.559879 0.094667 0
8345.919878 0.140616 0
8349.279878 0.158719 0
8352.639878 0.097049 0
8355.999878 0.163295 0
8359.359878 0.172471 0
8362.719878 0.177376 0
8366.079878 0.180586 0
8369.439878 0.158763 0
8372.799878 0.160163 0
8376.159877 0.186882 0
8379.519877 0.192493 0
8382.879877 0.174797 0
8386.239877 0.149985 0
8389.599877 0.128867 0
8392.959877 0.211876 0
8396.319877 0.127602 0
8399.679877 0.160619 0
8403.039877 0.195632 0
8406.399877 0.167433 0
8409.759876 0.176801 0
8413.119876 0.160964 0
8416.479876 0.150718 0
8419.839876 0.151439 0
8423.199876 0.218641 0
8426.559876 0.173445 0
8429.919876 0.142484 0
8433.279876 0.167793 0
8436.639876 0.157951 0
8439.999875 0.150175 0
8443.359875 0.160171 0
8446.719875 0.235075 0
8450.079875 0.151188 0
8453.439875 0.157347 0
8456.799875 0.161499 0
8460.159875 0.146846 0
8463.519875 0.222064 0
8466.879875 0.167156 0
8470.239875 0.147811 0
8473.599874 0.194032 0
8476.959874 0.166992 0
8480.319874 0.165861 0
8483.679874 0.159159 0
8487.039874 0.217179 0
8490.399874 0.164438 0
8493.759874 0.170807 0
8497.119874 0.189847 0
8500.479874 0.181721 0
8503.839873 0.179912 0
8507.199873 0.154519 0
8510.559873 0.136528 0
8513.919873 0.155452 0
8517.279873 0.152555 0
8520.639873 0.150625 0
8523.999873 0.148356 0
8527.359873 0.156695 0
8530.719873 0.173171 0
8534.079873 0.184740 0
8537.439872 0.176425 0
8540.799872 0.202275 0
8544.159872 0.137750 0
8547.519872 0.151941 0
8550.879872 0.164852 0
8554.239872 0.130891 0
8557.599872 0.151090 0
8560.959872 0.154714 0
8564.319872 0.148397 0
8567.679871 0.133960 0
8571.039871 0.156328 0
8574.399871 0.172917 0
8577.759871 0.169560 0
8581.119871 0.174711 0
8584.479871 0.163888 0
8587.839871 0.146435 0
8591.199871 0.134697 0
8594.559871 0.136628 0
8597.919871 0.169453 0
8601.279870 0.156780 0
8604.639870 0.138371 0
8607.999870 0.166143 0
8611.359870 0.163185 0
8614.719870 0.196041 0
8618.079870 0.181313 0
8621.439870 0.158743 0
8624.799870 0.149209 0
8628.159870 0.156399 0
8631.519870 0.141325 0
8634.879869 0.200212 0
8638.239869 0.156718 0
8641.599869 0.151844 0
8644.959869 0.179705 0
8648.319869 0.154846 0
8651.679869 0.206078 0
8655.039869 0.163749 0
8658.399869 0.114564 0
8661.759869 0.132298 0
8665.119868 0.127501 0
8668.479868 0.159071 0
8671.839868 0.141606 0
8675.199868 0.173976 0
8678.559868 0.192251 0
8681.919868 0.177880 0
8685.279868 0.146633 0
8688.639868 0.115824 0
8691.999868 0.163236 0
8695.359868 0.146056 0
8698.719867 0.171170 0
8702.079867 0.157151 0
8705.439867 0.135286 0
8708.799867 0.163918 0
8712.159867 0.140105 0
8715.519867 0.174128 0
8718.879867 0.177888 0
8722.239867 0.161138 0
8725.599867 0.171189 0
8728.959866 0.181239 0
8732.319866 0.190558 0
8735.679866 0.161812 0
8739.039866 0.166575 0
8742.399866 0.185147 0
8745.759866 0.156640 0
8749.119866 0.176313 0
8752.479866 0.190264 0
8755.839866 0.152511 0
8759.199866 0.167422 0
8762.559865 0.061078 0
8765.919865 0.176531 0
8769.279865 0.147324 0
8772.639865 0.134664 0
8775.999865 0.242630 0
8779.359865 0.150090 0
8782.719865 0.133107 0
8786.079865 0.170436 0
8789.439865 0.156767 0
8792.799864 0.152400 0
8796.159864 0.163121 0
8799.519864 0.171069 0
8802.879864 0.157742 0
8806.239864 0.150132 0
8809.599864 0.166790 0
8812.959864 0.145183 0
8816.319864 0.143168 0
8819.679864 0.179178 0
8823.039864 0.211197 0
8826.399863 0.102688 0
8829.759863 0.138699 0
8833.119863 0.092471 0
8836.479863 0.121242 0
8839.839863 0.170557 0
8843.199863 0.191933 0
8846.559863 0.162428 0
8849.919863 0.197943 0
8853.279863 0.138431 0
8856.639862 0.133188 0
8859.999862 0.131092 0
8863.359862 0.155385 0
8866.719862 0.162768 0
8870.079862 0.151808 0
8873.439862 0.215454 0
8876.799862 0.195044 0
8880.159862 0.160681 0
8883.519862 0.191442 0
8886.879862 0.225697 0
8890.239861 0.193788 0
8893.599861 0.159848 0
8896.959861 0.167335 0
8900.319861 0.186743 0
8903.679861 0.222117 0
8907.039861 0.195431 0
8910.399861 0.218581 0
8913.759861 0.163873 0
8917.119861 0.192389 0
8920.479860 0.176475 0
8923.839860 0.105125 0
8927.199860 0.203328 0
8930.559860 0.166281 0
8933.919860 0.150594 0
8937.279860 0.110246 0
8940.639860 0.150496 0
8943.999860 0.160513 0
8947.359860 0.198029 0
8950.719860 0.214084 0
8954.079859 0.180488 0
8957.439859 0.239168 0
8960.799859 0.088537 0
8964.159859 0.118953 0
8967.519859 0.157983 0
8970.879859 0.162765 0
8974.239859 0.118461 0
8977.599859 0.134098 0
8980.959859 0.142135 0
8984.319858 0.153150 0
8987.679858 0.121483 0
8991.039858 0.124514 0
8994.399858 0.163068 0
8997.759858 0.193959 0
9001.119858 0.138403 0
9004.479858 0.143876 0
9007.839858 0.147308 0
9011.199858 0.156762 0
9014.559858 0.171441 0
9017.919857 0.156991 0
9021.279857 0.154099 0
9024.639857 0.176247 0
9027.999857 0.188896 0
9031.359857 0.174252 0
9034.719857 0.173496 0
9038.079857 0.156405 0
9041.439857 0.185507 0
9044.799857 0.174982 0
9048.159856 0.174525 0
9051.519856 0.162878 0
9054.879856 0.179893 0
9058.239856 0.163286 0
9061.599856 0.149173 0
9064.959856 0.150882 0
9068.319856 0.168232 0
9071.679856 0.139538 0
9075.039856 0.145027 0
9078.399856 0.186192 0
9081.759855 0.172149 0
9085.119855 0.146509 0
9088.479855 0.154568 0
9091.839855 0.090673 0
9095.199855 0.000000 1
9098.559855 0.000000 1
9101.919855 0.000000 1
9105.279855 0.000000 1
9108.639855 0.000000 1
9111.999855 0.000000 1
9115.359854 0.000000 1
9118.719854 0.000000 1
9122.079854 0.000000 1
9125.439854 0.000000 1
9128.799854 0.000000 1
9132.159854 0.000000 1
9135.519854 0.000000 1
9138.879854 0.000000 1
9142.239854 0.000000 1
9145.599853 0.000000 1
9148.959853 0.000000 1
9152.319853 0.000000 1
9155.679853 0.000000 1
9159.039853 0.000000 1
9162.399853 0.000000 1
9165.759853 0.000000 1
9169.119853 0.000000 1
9172.479853 0.000000 1
9175.839853 0.000000 1
9179.199852 0.000000 1
9182.559852 0.000000 1
9185.919852 0.000000 1
9189.279852 0.000000 1
9192.639852 0.000000 1
9195.999852 0.000000 1
9199.359852 0.000000 1
9202.719852 0.000000 1
9206.079852 0.000000 1
9209.439851 0.000000 1
9212.799851 0.000000 1
9216.159851 0.000000 1
9219.519851 0.000000 1
9222.879851 0.000000 1
9226.239851 0.000000 1
9229.599851 0.000000 1
9232.959851 0.000000 1
9236.319851 0.000000 1
9239.679851 0.000000 1
9243.039850 0.000000 1
9246.399850 0.000000 1
9249.759850 0.000000 1
