# obs: 255728
# slit: 29
# z: 0.29159
# lines: Mgb,E
# spec: 503
5152.370000 0.000000 1
5154.030000 0.000000 1
5155.690000 0.000000 1
5157.350000 0.000000 1
5159.010000 0.000000 1
5160.670000 0.000000 1
5162.330000 0.000000 1
5163.990000 0.000000 1
5165.650000 0.000000 1
5167.310000 0.000000 1
5168.970000 0.000000 1
5170.630000 0.000000 1
5172.290000 0.000000 1
5173.950000 0.000000 1
5175.610000 0.000000 1
5177.270000 0.000000 1
5178.930000 0.000000 1
5180.590000 0.000000 1
5182.250000 0.000000 1
5183.910000 0.000000 1
5185.570000 0.000000 1
5187.230000 0.000000 1
5188.890000 0.000000 1
5190.550000 0.000000 1
5192.210000 0.000000 1
5193.870000 0.000000 1
5195.530000 0.000000 1
5197.190000 0.000000 1
5198.850000 0.000000 1
5200.510000 0.000000 1
5202.170000 0.000000 1
5203.830000 0.000000 1
5205.490000 0.000000 1
5207.150000 0.000000 1
5208.810000 0.000000 1
5210.470000 0.000000 1
5212.130000 0.000000 1
5213.790000 0.000000 1
5215.450000 0.000000 1
5217.110000 0.000000 1
5218.770000 0.000000 1
5220.430000 0.000000 1
5222.090000 0.000000 1
5223.750000 0.000000 1
5225.410000 0.000000 1
5227.070000 0.000000 1
5228.730000 0.000000 1
5230.390000 0.000000 1
5232.050000 0.000000 1
5233.710000 0.000000 1
5235.370000 0.000000 1
5237.030000 0.000000 1
5238.690000 0.000000 1
5240.350000 0.000000 1
5242.010000 0.000000 1
5243.670000 0.000000 1
5245.330000 0.000000 1
5246.990000 0.000000 1
5248.650000 0.000000 1
5250.310000 0.000000 1
5251.970000 0.000000 1
5253.630000 0.000000 1
5255.290000 0.000000 1
5256.950000 0.000000 1
5258.610000 0.000000 1
5260.270000 0.000000 1
5261.930000 0.000000 1
5263.590000 0.000000 1
5265.250000 0.000000 1
5266.910000 0.000000 1
5268.570000 0.000000 1
5270.230000 0.000000 1
5271.890000 0.000000 1
5273.550000 0.000000 1
5275.210000 0.000000 1
5276.870000 0.000000 1
5278.530000 0.000000 1
5280.190000 0.000000 1
5281.850000 0.000000 1
5283.510000 0.000000 1
5285.170000 0.000000 1
5286.830000 0.000000 1
5288.490000 0.000000 1
5290.150000 0.000000 1
5291.810000 0.000000 1
5293.470000 0.000000 1
5295.130000 0.000000 1
5296.790000 0.000000 1
5298.450000 0.000000 1
5300.110000 0.000000 1
5301.770000 0.000000 1
5303.430000 0.000000 1
5305.090000 0.000000 1
5306.750000 0.000000 1
5308.410000 0.000000 1
5310.070000 0.000000 1
5311.730000 0.000000 1
5313.390000 0.000000 1
5315.050000 0.000000 1
5316.710000 0.000000 1
5318.370000 0.000000 1
5320.030000 0.000000 1
5321.690000 0.000000 1
5323.350000 0.000000 1
5325.010000 0.000000 1
5326.670000 0.000000 1
5328.330000 0.000000 1
5329.990000 0.000000 1
5331.650000 0.000000 1
5333.310000 0.000000 1
5334.970000 0.000000 1
5336.630000 0.000000 1
5338.290000 0.000000 1
5339.950000 0.000000 1
5341.610000 0.000000 1
5343.270000 0.000000 1
5344.930000 0.000000 1
5346.590000 0.000000 1
5348.250000 0.000000 1
5349.910000 0.000000 1
5351.570000 0.000000 1
5353.230000 0.000000 1
5354.890000 0.000000 1
5356.550000 0.000000 1
5358.210000 0.000000 1
5359.870000 0.000000 1
5361.530000 0.000000 1
5363.190000 0.000000 1
5364.850000 0.000000 1
5366.510000 0.000000 1
5368.170000 0.000000 1
5369.830000 0.000000 1
5371.490000 0.000000 1
5373.150000 0.000000 1
5374.810000 0.000000 1
5376.470000 0.000000 1
5378.130000 0.000000 1
5379.790000 0.000000 1
5381.450000 0.000000 1
5383.110000 0.000000 1
5384.770000 0.000000 1
5386.430000 0.000000 1
5388.090000 0.000000 1
5389.750000 0.000000 1
5391.410000 0.000000 1
5393.070000 0.000000 1
5394.730000 0.000000 1
5396.390000 0.000000 1
5398.050000 0.000000 1
5399.710000 0.000000 1
5401.370000 0.000000 1
5403.030000 0.000000 1
5404.690000 0.000000 1
5406.350000 0.000000 1
5408.010000 0.000000 1
5409.670000 0.000000 1
5411.330000 0.000000 1
5412.990000 0.000000 1
5414.650000 0.000000 1
5416.310000 0.000000 1
5417.970000 0.000000 1
5419.630000 0.000000 1
5421.290000 0.000000 1
5422.950000 0.000000 1
5424.610000 0.000000 1
5426.270000 0.000000 1
5427.930000 0.000000 1
5429.590000 0.000000 1
5431.250000 0.000000 1
5432.910000 0.000000 1
5434.570000 0.000000 1
5436.230000 0.000000 1
5437.890000 0.000000 1
5439.550000 0.000000 1
5441.210000 0.000000 1
5442.870000 0.000000 1
5444.530000 0.000000 1
5446.190000 0.000000 1
5447.850000 0.000000 1
5449.510000 0.000000 1
5451.170000 0.000000 1
5452.830000 0.000000 1
5454.490000 0.000000 1
5456.150000 0.000000 1
5457.810000 0.000000 1
5459.470000 0.000000 1
5461.130000 0.000000 1
5462.790000 0.000000 1
5464.450000 0.000000 1
5466.110000 0.000000 1
5467.770000 0.000000 1
5469.430000 0.000000 1
5471.090000 0.000000 1
5472.750000 0.000000 1
5474.410000 0.000000 1
5476.070000 0.000000 1
5477.730000 0.000000 1
5479.390000 0.000000 1
5481.050000 0.000000 1
5482.710000 0.000000 1
5484.370000 0.000000 1
5486.030000 0.000000 1
5487.690000 0.000000 1
5489.350000 0.000000 1
5491.010000 0.000000 1
5492.670000 0.000000 1
5494.330000 0.000000 1
5495.990000 0.000000 1
5497.650000 0.000000 1
5499.310000 0.000000 1
5500.970000 0.000000 1
5502.630000 0.000000 1
5504.290000 0.000000 1
5505.950000 0.000000 1
5507.610000 0.000000 1
5509.270000 0.000000 1
5510.930000 0.000000 1
5512.590000 0.000000 1
5514.250000 0.000000 1
5515.910000 0.000000 1
5517.570000 0.000000 1
5519.230000 0.000000 1
5520.890000 0.000000 1
5522.550000 0.000000 1
5524.210000 0.000000 1
5525.870000 0.000000 1
5527.530000 0.000000 1
5529.190000 0.000000 1
5530.850000 0.000000 1
5532.510000 0.000000 1
5534.170000 0.000000 1
5535.830000 0.000000 1
5537.490000 0.000000 1
5539.150000 0.000000 1
5540.810000 0.000000 1
5542.470000 0.000000 1
5544.130000 0.000000 1
5545.790000 0.000000 1
5547.450000 0.000000 1
5549.110000 0.000000 1
5550.770000 0.000000 1
5552.430000 0.000000 1
5554.090000 0.000000 1
5555.750000 0.000000 1
5557.410000 0.000000 1
5559.070000 0.000000 1
5560.730000 0.000000 1
5562.390000 0.000000 1
5564.050000 0.000000 1
5565.710000 0.000000 1
5567.370000 0.000000 1
5569.030000 0.000000 1
5570.690000 0.000000 1
5572.350000 0.000000 1
5574.010000 0.000000 1
5575.670000 0.000000 1
5577.330000 0.000000 1
5578.990000 0.000000 1
5580.650000 0.000000 1
5582.310000 0.000000 1
5583.970000 0.000000 1
5585.630000 0.000000 1
5587.290000 0.000000 1
5588.950000 0.000000 1
5590.610000 0.000000 1
5592.270000 0.000000 1
5593.930000 0.000000 1
5595.590000 0.000000 1
5597.250000 0.000000 1
5598.910000 0.000000 1
5600.570000 0.000000 1
5602.230000 0.000000 1
5603.890000 0.000000 1
5605.550000 0.000000 1
5607.210000 0.000000 1
5608.870000 0.000000 1
5610.530000 0.000000 1
5612.190000 0.000000 1
5613.850000 0.000000 1
5615.510000 0.000000 1
5617.170000 0.000000 1
5618.830000 0.000000 1
5620.490000 0.000000 1
5622.150000 0.000000 1
5623.810000 0.000000 1
5625.470000 0.000000 1
5627.130000 0.000000 1
5628.790000 0.000000 1
5630.450000 0.000000 1
5632.110000 0.000000 1
5633.770000 0.000000 1
5635.430000 0.000000 1
5637.090000 0.000000 1
5638.750000 0.000000 1
5640.410000 0.000000 1
5642.070000 0.000000 1
5643.730000 0.000000 1
5645.390000 0.000000 1
5647.050000 0.000000 1
5648.710000 0.000000 1
5650.370000 0.000000 1
5652.030000 0.000000 1
5653.690000 0.000000 1
5655.350000 0.000000 1
5657.010000 0.000000 1
5658.670000 0.000000 1
5660.330000 0.000000 1
5661.990000 0.000000 1
5663.650000 0.000000 1
5665.310000 0.000000 1
5666.970000 0.000000 1
5668.630000 0.000000 1
5670.290000 0.000000 1
5671.950000 0.000000 1
5673.610000 0.000000 1
5675.270000 0.000000 1
5676.930000 0.000000 1
5678.590000 0.000000 1
5680.250000 0.000000 1
5681.910000 0.000000 1
5683.570000 0.000000 1
5685.230000 0.000000 1
5686.890000 0.000000 1
5688.550000 0.000000 1
5690.210000 0.000000 1
5691.870000 0.000000 1
5693.530000 0.000000 1
5695.190000 0.000000 1
5696.850000 0.000000 1
5698.510000 0.000000 1
5700.170000 0.000000 1
5701.830000 0.000000 1
5703.490000 0.000000 1
5705.150000 0.000000 1
5706.810000 0.000000 1
5708.470000 0.000000 1
5710.130000 0.000000 1
5711.790000 0.000000 1
5713.450000 0.000000 1
5715.110000 0.000000 1
5716.770000 0.000000 1
5718.430000 0.000000 1
5720.090000 0.000000 1
5721.750000 0.000000 1
5723.410000 0.000000 1
5725.070000 0.000000 1
5726.730000 0.000000 1
5728.390000 0.000000 1
5730.050000 0.000000 1
5731.710000 0.000000 1
5733.370000 0.000000 1
5735.030000 0.000000 1
5736.690000 0.000000 1
5738.350000 0.000000 1
5740.010000 0.000000 1
5741.670000 0.000000 1
5743.330000 0.000000 1
5744.990000 0.000000 1
5746.650000 0.000000 1
5748.310000 0.000000 1
5749.970000 0.000000 1
5751.630000 0.000000 1
5753.290000 0.000000 1
5754.950000 0.000000 1
5756.610000 0.000000 1
5758.270000 0.000000 1
5759.930000 0.000000 1
5761.590000 0.000000 1
5763.250000 0.000000 1
5764.910000 0.000000 1
5766.570000 0.000000 1
5768.230000 0.000000 1
5769.890000 0.000000 1
5771.550000 0.000000 1
5773.210000 0.000000 1
5774.870000 0.000000 1
5776.530000 0.000000 1
5778.190000 0.000000 1
5779.850000 0.000000 1
5781.510000 0.000000 1
5783.170000 0.000000 1
5784.830000 0.000000 1
5786.490000 0.000000 1
5788.150000 0.000000 1
5789.810000 0.000000 1
5791.470000 0.000000 1
5793.130000 0.000000 1
5794.790000 0.000000 1
5796.450000 0.000000 1
5798.110000 0.031691 0
5799.770000 0.057548 0
5801.430000 0.053689 0
5803.090000 0.070660 0
5804.750000 0.052610 0
5806.410000 0.065522 0
5808.070000 0.050954 0
5809.730000 0.051738 0
5811.390000 0.051848 0
5813.050000 0.037614 0
5814.710000 0.057564 0
5816.370000 0.058691 0
5818.030000 0.073281 0
5819.690000 0.073263 0
5821.350000 0.056325 0
5823.010000 0.067754 0
5824.670000 0.070032 0
5826.330000 0.054060 0
5827.990000 0.066516 0
5829.650000 0.061509 0
5831.310000 0.053958 0
5832.970000 0.061638 0
5834.630000 0.047024 0
5836.290000 0.064980 0
5837.950000 0.044338 0
5839.610000 0.050378 0
5841.270000 0.060829 0
5842.930000 0.063740 0
5844.590000 0.067816 0
5846.250000 0.059217 0
5847.910000 0.059563 0
5849.570000 0.054945 0
5851.230000 0.048684 0
5852.890000 0.042576 0
5854.550000 0.042990 0
5856.210000 0.059200 0
5857.870000 0.042765 0
5859.530000 0.065042 0
5861.190000 0.062083 0
5862.850000 0.052469 0
5864.510000 0.047879 0
5866.170000 0.056228 0
5867.830000 0.069095 0
5869.490000 0.071218 0
5871.150000 0.056545 0
5872.810000 0.070992 0
5874.470000 0.081006 0
5876.130000 0.059772 0
5877.790000 0.021877 0
5879.450000 0.059292 0
5881.110000 0.040348 0
5882.770000 0.056510 0
5884.430000 0.036689 0
5886.090000 0.052475 0
5887.750000 0.056661 0
5889.410000 0.075847 0
5891.070000 0.085179 0
5892.730000 0.058786 0
5894.390000 0.030391 0
5896.050000 0.039287 0
5897.710000 0.062053 0
5899.370000 0.051081 0
5901.030000 0.059405 0
5902.690000 0.076353 0
5904.350000 0.040938 0
5906.010000 0.053741 0
5907.670000 0.058283 0
5909.330000 0.062255 0
5910.990000 0.059833 0
5912.650000 0.049156 0
5914.310000 0.068898 0
5915.970000 0.069037 0
5917.630000 0.045176 0
5919.290000 0.061065 0
5920.950000 0.066748 0
5922.610000 0.034718 0
5924.270000 0.043948 0
5925.930000 0.045604 0
5927.590000 0.071680 0
5929.250000 0.082305 0
5930.910000 0.048129 0
5932.570000 0.050370 0
5934.230000 0.057583 0
5935.890000 0.079050 0
5937.550000 0.059898 0
5939.210000 0.061686 0
5940.870000 0.072869 0
5942.530000 0.060967 0
5944.190000 0.076120 0
5945.850000 0.051369 0
5947.510000 0.055150 0
5949.170000 0.078083 0
5950.830000 0.065871 0
5952.490000 0.076838 0
5954.150000 0.078027 0
5955.810000 0.036295 0
5957.470000 0.062041 0
5959.130000 0.072588 0
5960.790000 0.073459 0
5962.450000 0.057650 0
5964.110000 0.057706 0
5965.770000 0.057012 0
5967.430000 0.057437 0
5969.090000 0.054166 0
5970.750000 0.062158 0
5972.410000 0.066636 0
5974.070000 0.053310 0
5975.730000 0.050817 0
5977.390000 0.069974 0
5979.050000 0.064498 0
5980.710000 0.058996 0
5982.370000 0.061860 0
5984.030000 0.060271 0
5985.690000 0.070852 0
5987.350000 0.053901 0
5989.010000 0.047858 0
5990.670000 0.070806 0
5992.330000 0.054538 0
5993.990000 0.069050 0
5995.650000 0.064744 0
5997.310000 0.068124 0
5998.970000 0.065711 0
6000.630000 0.043218 0
6002.290000 0.063298 0
6003.950000 0.035060 0
6005.610000 0.057110 0
6007.270000 0.070058 0
6008.930000 0.071193 0
6010.590000 0.075529 0
6012.250000 0.049906 0
6013.910000 0.038694 0
6015.570000 0.073854 0
6017.230000 0.062054 0
6018.890000 0.070337 0
6020.550000 0.073229 0
6022.210000 0.087556 0
6023.870000 0.066608 0
6025.530000 0.061198 0
6027.190000 0.058804 0
6028.850000 0.061679 0
6030.510000 0.072264 0
6032.170000 0.033691 0
6033.830000 0.045651 0
6035.490000 0.064925 0
6037.150000 0.051584 0
6038.810000 0.058183 0
6040.470000 0.078595 0
6042.130000 0.073748 0
6043.790000 0.071831 0
6045.450000 0.068175 0
6047.110000 0.072308 0
6048.770000 0.072321 0
6050.430000 0.054912 0
6052.090000 0.075273 0
6053.750000 0.059809 0
6055.410000 0.055517 0
6057.070000 0.075170 0
6058.730000 0.071821 0
6060.390000 0.066209 0
6062.050000 0.047710 0
6063.710000 0.051429 0
6065.370000 0.045588 0
6067.030000 0.069608 0
6068.690000 0.077871 0
6070.350000 0.055496 0
6072.010000 0.062899 0
6073.670000 0.057835 0
6075.330000 0.064951 0
6076.990000 0.062262 0
6078.650000 0.056474 0
6080.310000 0.080714 0
6081.970000 0.070885 0
6083.630000 0.046868 0
6085.290000 0.058162 0
6086.950000 0.061202 0
6088.610000 0.066141 0
6090.270000 0.065283 0
6091.930000 0.063433 0
6093.590000 0.057278 0
6095.250000 0.066498 0
6096.910000 0.089673 0
6098.570000 0.066401 0
6100.230000 0.070414 0
6101.890000 0.044626 0
6103.550000 0.054410 0
6105.210000 0.051538 0
6106.870000 0.058081 0
6108.530000 0.066540 0
6110.190000 0.056795 0
6111.850000 0.070246 0
6113.510000 0.076892 0
6115.170000 0.060220 0
6116.830000 0.060447 0
6118.490000 0.055505 0
6120.150000 0.049277 0
6121.810000 0.059477 0
6123.470000 0.071923 0
6125.130000 0.065444 0
6126.790000 0.053357 0
6128.450000 0.072629 0
6130.110000 0.077197 0
6131.770000 0.065827 0
6133.430000 0.061353 0
6135.090000 0.075480 0
6136.750000 0.079479 0
6138.410000 0.041856 0
6140.070000 0.057617 0
6141.730000 0.072571 0
6143.390000 0.056178 0
6145.050000 0.072546 0
6146.710000 0.078494 0
6148.370000 0.076989 0
6150.030000 0.094360 0
6151.690000 0.079241 0
6153.350000 0.044644 0
6155.010000 0.054908 0
6156.670000 0.038125 0
6158.330000 0.056226 0
6159.990000 0.058955 0
6161.650000 0.062187 0
6163.310000 0.058527 0
6164.970000 0.066100 0
6166.630000 0.055894 0
6168.290000 0.062654 0
6169.950000 0.072924 0
6171.610000 0.062091 0
6173.270000 0.051514 0
6174.930000 0.066218 0
6176.590000 0.056621 0
6178.250000 0.036905 0
6179.910000 0.045556 0
6181.570000 0.080139 0
6183.230000 0.057324 0
6184.890000 0.069429 0
6186.550000 0.070441 0
6188.210000 0.047005 0
6189.870000 0.076184 0
6191.530000 0.063792 0
6193.190000 0.057219 0
6194.850000 0.062650 0
6196.510000 0.073996 0
6198.170000 0.067606 0
6199.830000 0.066925 0
6201.490000 0.068948 0
6203.150000 0.068958 0
6204.810000 0.074113 0
6206.470000 0.063625 0
6208.130000 0.060580 0
6209.790000 0.054635 0
6211.450000 0.064845 0
6213.110000 0.065239 0
6214.770000 0.052194 0
6216.430000 0.062241 0
6218.090000 0.084079 0
6219.750000 0.073813 0
6221.410000 0.082870 0
6223.070000 0.091779 0
6224.730000 0.073141 0
6226.390000 0.063357 0
6228.050000 0.071276 0
6229.710000 0.068589 0
6231.370000 0.070625 0
6233.030000 0.065412 0
6234.690000 0.083298 0
6236.350000 0.061122 0
6238.010000 0.054737 0
6239.670000 0.072170 0
6241.330000 0.068450 0
6242.990000 0.062806 0
6244.650000 0.051336 0
6246.310000 0.037493 0
6247.970000 0.065480 0
6249.630000 0.067600 0
6251.290000 0.069240 0
6252.950000 0.081849 0
6254.610000 0.070794 0
6256.270000 0.063405 0
6257.930000 0.035388 0
6259.590000 0.065169 0
6261.250000 0.054645 0
6262.910000 0.045105 0
6264.570000 0.069950 0
6266.230000 0.062460 0
6267.890000 0.077153 0
6269.550000 0.061549 0
6271.210000 0.061198 0
6272.870000 0.067205 0
6274.530000 0.060733 0
6276.190000 0.062154 0
6277.850000 0.066891 0
6279.510000 0.061836 0
6281.170000 0.043739 0
6282.830000 0.028295 0
6284.490000 0.064637 0
6286.150000 0.056489 0
6287.810000 0.064479 0
6289.470000 0.065575 0
6291.130000 0.061211 0
6292.790000 0.068474 0
6294.450000 0.056289 0
6296.110000 0.054157 0
6297.770000 0.047762 0
6299.430000 0.054740 0
6301.090000 0.089433 0
6302.750000 0.066030 0
6304.410000 0.063463 0
6306.070000 0.092009 0
6307.730000 0.075923 0
6309.390000 0.033264 0
6311.050000 0.075637 0
6312.710000 0.073330 0
6314.370000 0.063681 0
6316.030000 0.067718 0
6317.690000 0.070756 0
6319.350000 0.061338 0
6321.010000 0.049844 0
6322.670000 0.065604 0
6324.330000 0.073156 0
6325.990000 0.073891 0
6327.650000 0.065614 0
6329.310000 0.060873 0
6330.970000 0.055693 0
6332.630000 0.062551 0
6334.290000 0.063724 0
6335.950000 0.070433 0
6337.610000 0.082473 0
6339.270000 0.068381 0
6340.930000 0.063791 0
6342.590000 0.085618 0
6344.250000 0.068740 0
6345.910000 0.060676 0
6347.570000 0.034492 0
6349.230000 0.063316 0
6350.890000 0.083398 0
6352.550000 0.081847 0
6354.210000 0.056636 0
6355.870000 0.061285 0
6357.530000 0.053873 0
6359.190000 0.064222 0
6360.850000 0.058176 0
6362.510000 0.071197 0
6364.170000 0.061859 0
6365.830000 0.062271 0
6367.490000 0.080338 0
6369.150000 0.083460 0
6370.810000 0.061872 0
6372.470000 0.069298 0
6374.130000 0.063574 0
6375.790000 0.070983 0
6377.450000 0.061102 0
6379.110000 0.065802 0
6380.770000 0.037229 0
6382.430000 0.055843 0
6384.090000 0.062405 0
6385.750000 0.067895 0
6387.410000 0.087570 0
6389.070000 0.067019 0
6390.730000 0.069018 0
6392.390000 0.067602 0
6394.050000 0.065643 0
6395.710000 0.054330 0
6397.370000 0.058343 0
6399.030000 0.063505 0
6400.690000 0.076283 0
6402.350000 0.067575 0
6404.010000 0.072670 0
6405.670000 0.067036 0
6407.330000 0.065104 0
6408.990000 0.078510 0
6410.650000 0.062822 0
6412.310000 0.055073 0
6413.970000 0.051679 0
6415.630000 0.067292 0
6417.290000 0.071594 0
6418.950000 0.066387 0
6420.610000 0.054668 0
6422.270000 0.051437 0
6423.930000 0.085085 0
6425.590000 0.062885 0
6427.250000 0.063225 0
6428.910000 0.054776 0
6430.570000 0.075482 0
6432.230000 0.084011 0
6433.890000 0.082974 0
6435.550000 0.068082 0
6437.210000 0.058855 0
6438.870000 0.064168 0
6440.530000 0.051862 0
6442.190000 0.071095 0
6443.850000 0.073364 0
6445.510000 0.056082 0
6447.170000 0.046455 0
6448.830000 0.068402 0
6450.490000 0.078288 0
6452.150000 0.071372 0
6453.810000 0.066593 0
6455.470000 0.062970 0
6457.130000 0.072299 0
6458.790000 0.063436 0
6460.450000 0.065982 0
6462.110000 0.066717 0
6463.770000 0.072656 0
6465.430000 0.071681 0
6467.090000 0.062118 0
6468.750000 0.051323 0
6470.410000 0.095985 0
6472.070000 0.050594 0
6473.730000 0.053326 0
6475.390000 0.048663 0
6477.050000 0.068686 0
6478.710000 0.060024 0
6480.370000 0.080893 0
6482.030000 0.056185 0
6483.690000 0.053505 0
6485.350000 0.057471 0
6487.010000 0.055645 0
6488.670000 0.063016 0
6490.330000 0.054880 0
6491.990000 0.071196 0
6493.650000 0.068082 0
6495.310000 0.059994 0
6496.970000 0.068361 0
6498.630000 0.049632 0
6500.290000 0.065359 0
6501.950000 0.062847 0
6503.610000 0.078737 0
6505.270000 0.065480 0
6506.930000 0.056150 0
6508.590000 0.083029 0
6510.250000 0.057363 0
6511.910000 0.058570 0
6513.570000 0.048945 0
6515.230000 0.067658 0
6516.890000 0.044458 0
6518.550000 0.068532 0
6520.210000 0.067198 0
6521.870000 0.075305 0
6523.530000 0.079502 0
6525.190000 0.054547 0
6526.850000 0.073856 0
6528.510000 0.072878 0
6530.170000 0.063168 0
6531.830000 0.074152 0
6533.490000 0.078791 0
6535.150000 0.060773 0
6536.810000 0.068984 0
6538.470000 0.076004 0
6540.130000 0.079285 0
6541.790000 0.077959 0
6543.450000 0.074442 0
6545.110000 0.053665 0
6546.770000 0.059392 0
6548.430000 0.078293 0
6550.090000 0.083937 0
6551.750000 0.083106 0
6553.410000 0.057861 0
6555.070000 0.065734 0
6556.730000 0.077596 0
6558.390000 0.063336 0
6560.050000 0.067246 0
6561.710000 0.050018 0
6563.370000 0.081748 0
6565.030000 0.057645 0
6566.690000 0.049703 0
6568.350000 0.062508 0
6570.010000 0.079820 0
6571.670000 0.069267 0
6573.330000 0.069511 0
6574.990000 0.068171 0
6576.650000 0.061744 0
6578.310000 0.076571 0
6579.970000 0.069280 0
6581.630000 0.080528 0
6583.290000 0.073287 0
6584.950000 0.076947 0
6586.610000 0.057085 0
6588.270000 0.068361 0
6589.930000 0.062407 0
6591.590000 0.060710 0
6593.250000 0.061182 0
6594.910000 0.063850 0
6596.570000 0.067400 0
6598.230000 0.062290 0
6599.890000 0.064425 0
6601.550000 0.061826 0
6603.210000 0.059234 0
6604.870000 0.083169 0
6606.530000 0.093539 0
6608.190000 0.079938 0
6609.850000 0.052111 0
6611.510000 0.062031 0
6613.170000 0.069526 0
6614.830000 0.088651 0
6616.490000 0.068663 0
6618.150000 0.068045 0
6619.810000 0.063557 0
6621.470000 0.064385 0
6623.130000 0.067138 0
6624.790000 0.061844 0
6626.450000 0.056894 0
6628.110000 0.062290 0
6629.770000 0.067841 0
6631.430000 0.061169 0
6633.090000 0.063938 0
6634.750000 0.058571 0
6636.410000 0.076730 0
6638.070000 0.087219 0
6639.730000 0.055561 0
6641.390000 0.078682 0
6643.050000 0.060889 0
6644.710000 0.066748 0
6646.370000 0.063254 0
6648.030000 0.070975 0
6649.690000 0.066312 0
6651.350000 0.072865 0
6653.010000 0.064999 0
6654.670000 0.068566 0
6656.330000 0.079100 0
6657.990000 0.074840 0
6659.650000 0.059224 0
6661.310000 0.063767 0
6662.970000 0.060619 0
6664.630000 0.065094 0
6666.290000 0.078061 0
6667.950000 0.082093 0
6669.610000 0.076020 0
6671.270000 0.069282 0
6672.930000 0.063225 0
6674.590000 0.065235 0
6676.250000 0.060183 0
6677.910000 0.062490 0
6679.570000 0.059896 0
6681.230000 0.054135 0
6682.890000 0.043148 0
6684.550000 0.054256 0
6686.210000 0.047299 0
6687.870000 0.058047 0
6689.530000 0.069175 0
6691.190000 0.062299 0
6692.850000 0.070215 0
6694.510000 0.066980 0
6696.170000 0.063745 0
6697.830000 0.044153 0
6699.490000 0.050997 0
6701.150000 0.056800 0
6702.810000 0.056908 0
6704.470000 0.072902 0
6706.130000 0.061967 0
6707.790000 0.082361 0
6709.450000 0.067184 0
6711.110000 0.068306 0
6712.770000 0.059266 0
6714.430000 0.054082 0
6716.090000 0.050868 0
6717.750000 0.053897 0
6719.410000 0.063403 0
6721.070000 0.065212 0
6722.730000 0.065512 0
6724.390000 0.070886 0
6726.050000 0.065249 0
6727.710000 0.050941 0
6729.370000 0.065151 0
6731.030000 0.064891 0
6732.690000 0.069794 0
6734.350000 0.075561 0
6736.010000 0.057496 0
6737.670000 0.064765 0
6739.330000 0.055756 0
6740.990000 0.063281 0
6742.650000 0.067399 0
6744.310000 0.058940 0
6745.970000 0.067662 0
6747.630000 0.070433 0
6749.290000 0.065457 0
6750.950000 0.073586 0
6752.610000 0.067833 0
6754.270000 0.059266 0
6755.930000 0.061376 0
6757.590000 0.074236 0
6759.250000 0.086457 0
6760.910000 0.056567 0
6762.570000 0.063365 0
6764.230000 0.070406 0
6765.890000 0.090907 0
6767.550000 0.075410 0
6769.210000 0.088144 0
6770.870000 0.052586 0
6772.530000 0.084142 0
6774.190000 0.076467 0
6775.850000 0.073014 0
6777.510000 0.057719 0
6779.170000 0.078360 0
6780.830000 0.060915 0
6782.490000 0.069115 0
6784.150000 0.065032 0
6785.810000 0.075405 0
6787.470000 0.072176 0
6789.130000 0.079377 0
6790.790000 0.056474 0
6792.450000 0.055438 0
6794.110000 0.072536 0
6795.770000 0.074323 0
6797.430000 0.073178 0
6799.090000 0.068684 0
6800.750000 0.070796 0
6802.410000 0.057960 0
6804.070000 0.053611 0
6805.730000 0.059817 0
6807.390000 0.059343 0
6809.050000 0.064941 0
6810.710000 0.066435 0
6812.370000 0.071705 0
6814.030000 0.065440 0
6815.690000 0.075354 0
6817.350000 0.075235 0
6819.010000 0.076219 0
6820.670000 0.073441 0
6822.330000 0.074113 0
6823.990000 0.085790 0
6825.650000 0.084780 0
6827.310000 0.070652 0
6828.970000 0.077631 0
6830.630000 0.080679 0
6832.290000 0.093723 0
6833.950000 0.061515 0
6835.610000 0.066457 0
6837.270000 0.082663 0
6838.930000 0.071583 0
6840.590000 0.063061 0
6842.250000 0.097962 0
6843.910000 0.087049 0
6845.570000 0.062307 0
6847.230000 0.070048 0
6848.890000 0.081862 0
6850.550000 0.063814 0
6852.210000 0.069578 0
6853.870000 0.081021 0
6855.530000 0.071307 0
6857.190000 0.084678 0
6858.850000 0.082079 0
6860.510000 0.089360 0
6862.170000 0.084232 0
6863.830000 0.072561 0
6865.490000 0.070104 0
6867.150000 0.073300 0
6868.810000 0.036082 0
6870.470000 0.048656 0
6872.130000 0.067967 0
6873.790000 0.068171 0
6875.450000 0.060872 0
6877.110000 0.057646 0
6878.770000 0.063687 0
6880.430000 0.067092 0
6882.090000 0.057292 0
6883.750000 0.055075 0
6885.410000 0.052617 0
6887.070000 0.054574 0
6888.730000 0.065503 0
6890.390000 0.066082 0
6892.050000 0.071702 0
6893.710000 0.067255 0
6895.370000 0.054828 0
6897.030000 0.065314 0
6898.690000 0.068509 0
6900.350000 0.065758 0
6902.010000 0.062868 0
6903.670000 0.072762 0
6905.330000 0.064654 0
6906.990000 0.070366 0
6908.650000 0.073130 0
6910.310000 0.061465 0
6911.970000 0.073694 0
6913.630000 0.094485 0
6915.290000 0.077224 0
6916.950000 0.081322 0
6918.610000 0.081954 0
6920.270000 0.091560 0
6921.930000 0.090410 0
6923.590000 0.080792 0
6925.250000 0.083417 0
6926.910000 0.071248 0
6928.570000 0.069903 0
6930.230000 0.072929 0
6931.890000 0.071146 0
6933.550000 0.075285 0
6935.210000 0.074706 0
6936.870000 0.080718 0
6938.530000 0.078941 0
6940.190000 0.079104 0
6941.850000 0.063748 0
6943.510000 0.057523 0
6945.170000 0.070931 0
6946.830000 0.078154 0
6948.490000 0.057627 0
6950.150000 0.093762 0
6951.810000 0.076196 0
6953.470000 0.069168 0
6955.130000 0.082241 0
6956.790000 0.056034 0
6958.450000 0.082998 0
6960.110000 0.082744 0
6961.770000 0.073431 0
6963.430000 0.068882 0
6965.090000 0.072583 0
6966.750000 0.066740 0
6968.410000 0.064364 0
6970.070000 0.081329 0
6971.730000 0.080437 0
6973.390000 0.081428 0
6975.050000 0.060946 0
6976.710000 0.065422 0
6978.370000 0.083452 0
6980.030000 0.074856 0
6981.690000 0.072751 0
6983.350000 0.075374 0
6985.010000 0.077015 0
6986.670000 0.072641 0
6988.330000 0.063254 0
6989.990000 0.061243 0
6991.650000 0.070591 0
6993.310000 0.085293 0
6994.970000 0.085015 0
6996.630000 0.077065 0
6998.290000 0.085217 0
6999.950000 0.070452 0
7001.610000 0.085985 0
7003.270000 0.093643 0
7004.930000 0.094240 0
7006.590000 0.078728 0
7008.250000 0.067406 0
7009.910000 0.074963 0
7011.570000 0.063758 0
7013.230000 0.075669 0
7014.890000 0.067199 0
7016.550000 0.068835 0
7018.210000 0.077385 0
7019.870000 0.073599 0
7021.530000 0.081934 0
7023.190000 0.081861 0
7024.850000 0.088187 0
7026.510000 0.085866 0
7028.170000 0.097113 0
7029.830000 0.079299 0
7031.490000 0.068599 0
7033.150000 0.082186 0
7034.810000 0.076678 0
7036.470000 0.066877 0
7038.130000 0.071529 0
7039.790000 0.081513 0
7041.450000 0.070438 0
7043.110000 0.080893 0
7044.770000 0.081091 0
7046.430000 0.076329 0
7048.090000 0.098940 0
7049.750000 0.076274 0
7051.410000 0.070489 0
7053.070000 0.081059 0
7054.730000 0.083508 0
7056.390000 0.081071 0
7058.050000 0.068824 0
7059.710000 0.087285 0
7061.370000 0.076127 0
7063.030000 0.063192 0
7064.690000 0.090346 0
7066.350000 0.060090 0
7068.010000 0.071985 0
7069.670000 0.075075 0
7071.330000 0.080360 0
7072.990000 0.072205 0
7074.650000 0.063352 0
7076.310000 0.079758 0
7077.970000 0.086387 0
7079.630000 0.063561 0
7081.290000 0.081464 0
7082.950000 0.083977 0
7084.610000 0.071313 0
7086.270000 0.080112 0
7087.930000 0.088122 0
7089.590000 0.076303 0
7091.250000 0.066175 0
7092.910000 0.069257 0
7094.570000 0.085676 0
7096.230000 0.086460 0
7097.890000 0.068967 0
7099.550000 0.070150 0
7101.210000 0.079737 0
7102.870000 0.076675 0
7104.530000 0.065331 0
7106.190000 0.069710 0
7107.850000 0.085080 0
7109.510000 0.071831 0
7111.170000 0.078423 0
7112.830000 0.077819 0
7114.490000 0.076593 0
7116.150000 0.075073 0
7117.810000 0.062563 0
7119.470000 0.071294 0
7121.130000 0.072794 0
7122.790000 0.076247 0
7124.450000 0.080504 0
7126.110000 0.076242 0
7127.770000 0.085969 0
7129.430000 0.080896 0
7131.090000 0.082416 0
7132.750000 0.076824 0
7134.410000 0.075606 0
7136.070000 0.085184 0
7137.730000 0.071082 0
7139.390000 0.072572 0
7141.050000 0.064779 0
7142.710000 0.080116 0
7144.370000 0.090517 0
7146.030000 0.078096 0
7147.690000 0.073517 0
7149.350000 0.080668 0
7151.010000 0.084638 0
7152.670000 0.084122 0
7154.330000 0.077433 0
7155.990000 0.071335 0
7157.650000 0.065629 0
7159.310000 0.083065 0
7160.970000 0.087145 0
7162.630000 0.086030 0
7164.290000 0.076127 0
7165.950000 0.074911 0
7167.610000 0.067838 0
7169.270000 0.080645 0
7170.930000 0.084268 0
7172.590000 0.069271 0
7174.250000 0.080208 0
7175.910000 0.063856 0
7177.570000 0.074183 0
7179.230000 0.093626 0
7180.890000 0.095679 0
7182.550000 0.084440 0
7184.210000 0.072104 0
7185.870000 0.074311 0
7187.530000 0.073710 0
7189.190000 0.076291 0
7190.850000 0.067490 0
7192.510000 0.065547 0
7194.170000 0.062676 0
7195.830000 0.065927 0
7197.490000 0.070594 0
7199.150000 0.065551 0
7200.810000 0.075884 0
7202.470000 0.075035 0
7204.130000 0.078918 0
7205.790000 0.069760 0
7207.450000 0.076245 0
7209.110000 0.081762 0
7210.770000 0.071897 0
7212.430000 0.087855 0
7214.090000 0.074859 0
7215.750000 0.081350 0
7217.410000 0.084501 0
7219.070000 0.086269 0
7220.730000 0.077975 0
7222.390000 0.072020 0
7224.050000 0.069579 0
7225.710000 0.070731 0
7227.370000 0.065695 0
7229.030000 0.070110 0
7230.690000 0.088205 0
7232.350000 0.073646 0
7234.010000 0.079978 0
7235.670000 0.076536 0
7237.330000 0.072690 0
7238.990000 0.059245 0
7240.650000 0.054168 0
7242.310000 0.060973 0
7243.970000 0.075885 0
7245.630000 0.096627 0
7247.290000 0.081927 0
7248.950000 0.082648 0
7250.610000 0.073769 0
7252.270000 0.091510 0
7253.930000 0.080288 0
7255.590000 0.084375 0
7257.250000 0.075271 0
7258.910000 0.089427 0
7260.570000 0.073190 0
7262.230000 0.073745 0
7263.890000 0.078901 0
7265.550000 0.081247 0
7267.210000 0.081511 0
7268.870000 0.077430 0
7270.530000 0.070156 0
7272.190000 0.071670 0
7273.850000 0.086509 0
7275.510000 0.090227 0
7277.170000 0.090038 0
7278.830000 0.071721 0
7280.490000 0.081663 0
7282.150000 0.095416 0
7283.810000 0.069479 0
7285.470000 0.080329 0
7287.130000 0.087781 0
7288.790000 0.081469 0
7290.450000 0.086364 0
7292.110000 0.083449 0
7293.770000 0.076045 0
7295.430000 0.076601 0
7297.090000 0.093726 0
7298.750000 0.105658 0
7300.410000 0.073645 0
7302.070000 0.081366 0
7303.730000 0.080591 0
7305.390000 0.095591 0
7307.050000 0.068980 0
7308.710000 0.078911 0
7310.370000 0.083113 0
7312.030000 0.076508 0
7313.690000 0.083535 0
7315.350000 0.088078 0
7317.010000 0.069525 0
7318.670000 0.082872 0
7320.330000 0.087479 0
7321.990000 0.089331 0
7323.650000 0.075311 0
7325.310000 0.081137 0
7326.970000 0.079407 0
7328.630000 0.053399 0
7330.290000 0.080090 0
7331.950000 0.092049 0
7333.610000 0.077961 0
7335.270000 0.080653 0
7336.930000 0.088624 0
7338.590000 0.070020 0
7340.250000 0.074881 0
7341.910000 0.102092 0
7343.570000 0.105548 0
7345.230000 0.088922 0
7346.890000 0.084115 0
7348.550000 0.078878 0
7350.210000 0.074929 0
7351.870000 0.074944 0
7353.530000 0.089762 0
7355.190000 0.082591 0
7356.850000 0.078728 0
7358.510000 0.099763 0
7360.170000 0.093239 0
7361.830000 0.083736 0
7363.490000 0.084552 0
7365.150000 0.084999 0
7366.810000 0.066907 0
7368.470000 0.083726 0
7370.130000 0.107558 0
7371.790000 0.092950 0
7373.450000 0.065970 0
7375.110000 0.070765 0
7376.770000 0.074424 0
7378.430000 0.076451 0
7380.090000 0.076531 0
7381.750000 0.077394 0
7383.410000 0.088173 0
7385.070000 0.086318 0
7386.730000 0.082676 0
7388.390000 0.084418 0
7390.050000 0.097637 0
7391.710000 0.093863 0
7393.370000 0.092698 0
7395.030000 0.076332 0
7396.690000 0.071587 0
7398.350000 0.091079 0
7400.010000 0.073270 0
7401.670000 0.057727 0
7403.330000 0.081199 0
7404.990000 0.090522 0
7406.650000 0.079544 0
7408.310000 0.089277 0
7409.970000 0.081226 0
7411.630000 0.079076 0
7413.290000 0.080425 0
7414.950000 0.086413 0
7416.610000 0.110963 0
7418.270000 0.090164 0
7419.930000 0.077600 0
7421.590000 0.090902 0
7423.250000 0.091024 0
7424.910000 0.086072 0
7426.570000 0.089535 0
7428.230000 0.114676 0
7429.890000 0.118678 0
7431.550000 0.101940 0
7433.210000 0.085754 0
7434.870000 0.087933 0
7436.530000 0.083784 0
7438.190000 0.082273 0
7439.850000 0.085621 0
7441.510000 0.080704 0
7443.170000 0.090140 0
7444.830000 0.087930 0
7446.490000 0.079791 0
7448.150000 0.092543 0
7449.810000 0.091664 0
7451.470000 0.095640 0
7453.130000 0.083039 0
7454.790000 0.087721 0
7456.450000 0.084265 0
7458.110000 0.088455 0
7459.770000 0.087694 0
7461.430000 0.084211 0
7463.090000 0.083856 0
7464.750000 0.084449 0
7466.410000 0.092782 0
7468.070000 0.095790 0
7469.730000 0.087314 0
7471.390000 0.087745 0
7473.050000 0.094011 0
7474.710000 0.076683 0
7476.370000 0.078058 0
7478.030000 0.079556 0
7479.690000 0.059700 0
7481.350000 0.084227 0
7483.010000 0.086520 0
7484.670000 0.080958 0
7486.330000 0.100635 0
7487.990000 0.075375 0
7489.650000 0.072235 0
7491.310000 0.077666 0
7492.970000 0.091683 0
7494.630000 0.102282 0
7496.290000 0.091121 0
7497.950000 0.079275 0
7499.610000 0.083622 0
7501.270000 0.082451 0
7502.930000 0.092306 0
7504.590000 0.075831 0
7506.250000 0.087879 0
7507.910000 0.097109 0
7509.570000 0.094944 0
7511.230000 0.079840 0
7512.890000 0.087911 0
7514.550000 0.076974 0
7516.210000 0.081382 0
7517.870000 0.097847 0
7519.530000 0.091663 0
7521.190000 0.082833 0
7522.850000 0.098218 0
7524.510000 0.100400 0
7526.170000 0.076575 0
7527.830000 0.076812 0
7529.490000 0.097884 0
7531.150000 0.073375 0
7532.810000 0.086404 0
7534.470000 0.099103 0
7536.130000 0.093164 0
7537.790000 0.077719 0
7539.450000 0.085541 0
7541.110000 0.098382 0
7542.770000 0.067714 0
7544.430000 0.083137 0
7546.090000 0.096295 0
7547.750000 0.079106 0
7549.410000 0.101488 0
7551.070000 0.096040 0
7552.730000 0.087010 0
7554.390000 0.085551 0
7556.050000 0.059281 0
7557.710000 0.092317 0
7559.370000 0.084731 0
7561.030000 0.062264 0
7562.690000 0.087649 0
7564.350000 0.087393 0
7566.010000 0.089524 0
7567.670000 0.079826 0
7569.330000 0.072068 0
7570.990000 0.075509 0
7572.650000 0.080774 0
7574.310000 0.100815 0
7575.970000 0.083116 0
7577.630000 0.091486 0
7579.290000 0.079385 0
7580.950000 0.093637 0
7582.610000 0.079910 0
7584.270000 0.080986 0
7585.930000 0.100207 0
7587.590000 0.094471 0
7589.250000 0.111377 0
7590.910000 0.083912 0
7592.570000 0.090624 0
7594.230000 0.109242 0
7595.890000 0.123973 0
7597.550000 0.088668 0
7599.210000 0.115730 0
7600.870000 0.096482 0
7602.530000 0.112751 0
7604.190000 0.119240 0
7605.850000 0.092558 0
7607.510000 0.104792 0
7609.170000 0.053842 0
7610.830000 0.109256 0
7612.490000 0.068985 0
7614.150000 0.053423 0
7615.810000 0.063778 0
7617.470000 0.092623 0
7619.130000 0.079843 0
7620.790000 0.118772 0
7622.450000 0.064460 0
7624.110000 0.114365 0
7625.770000 0.064673 0
7627.430000 0.091405 0
7629.090000 0.082150 0
7630.750000 0.083121 0
7632.410000 0.065058 0
7634.070000 0.090318 0
7635.730000 0.103298 0
7637.390000 0.076679 0
7639.050000 0.105473 0
7640.710000 0.090933 0
7642.370000 0.095995 0
7644.030000 0.089828 0
7645.690000 0.086572 0
7647.350000 0.095760 0
7649.010000 0.122951 0
7650.670000 0.071529 0
7652.330000 0.081932 0
7653.990000 0.099509 0
7655.650000 0.096973 0
7657.310000 0.099836 0
7658.970000 0.123988 0
7660.630000 0.095018 0
7662.290000 0.087878 0
7663.950000 0.111888 0
7665.610000 0.086659 0
7667.270000 0.086744 0
7668.930000 0.112075 0
7670.590000 0.086249 0
7672.250000 0.086010 0
7673.910000 0.096921 0
7675.570000 0.102946 0
7677.230000 0.072043 0
7678.890000 0.073159 0
7680.550000 0.098100 0
7682.210000 0.098373 0
7683.870000 0.093008 0
7685.530000 0.092223 0
7687.190000 0.085533 0
7688.850000 0.101551 0
7690.510000 0.075135 0
7692.170000 0.092442 0
7693.830000 0.098127 0
7695.490000 0.085097 0
7697.150000 0.100516 0
7698.810000 0.080395 0
7700.470000 0.064159 0
7702.130000 0.083738 0
7703.790000 0.089145 0
7705.450000 0.092084 0
7707.110000 0.092310 0
7708.770000 0.083474 0
7710.430000 0.079956 0
7712.090000 0.075923 0
7713.750000 0.089847 0
7715.410000 0.059727 0
7717.070000 0.051771 0
7718.730000 0.096796 0
7720.390000 0.100835 0
7722.050000 0.121282 0
7723.710000 0.090670 0
7725.370000 0.067021 0
7727.030000 0.108795 0
7728.690000 0.081579 0
7730.350000 0.089308 0
7732.010000 0.076352 0
7733.670000 0.089532 0
7735.330000 0.067229 0
7736.990000 0.082103 0
7738.650000 0.106604 0
7740.310000 0.089656 0
7741.970000 0.078510 0
7743.630000 0.085143 0
7745.290000 0.090228 0
7746.950000 0.092611 0
7748.610000 0.085746 0
7750.270000 0.092570 0
7751.930000 0.121498 0
7753.590000 0.129435 0
7755.250000 0.080551 0
7756.910000 0.099176 0
7758.570000 0.090475 0
7760.230000 0.061346 0
7761.890000 0.103918 0
7763.550000 0.085580 0
7765.210000 0.071420 0
7766.870000 0.097895 0
7768.530000 0.102690 0
7770.190000 0.109925 0
7771.850000 0.067664 0
7773.510000 0.088891 0
7775.170000 0.094383 0
7776.830000 0.105898 0
7778.490000 0.103177 0
7780.150000 0.090594 0
7781.810000 0.105735 0
7783.470000 0.101329 0
7785.130000 0.097842 0
7786.790000 0.079568 0
7788.450000 0.100806 0
7790.110000 0.084255 0
7791.770000 0.096512 0
7793.430000 0.112384 0
7795.090000 0.103060 0
7796.750000 0.084825 0
7798.410000 0.086007 0
7800.070000 0.087410 0
7801.730000 0.085916 0
7803.390000 0.083415 0
7805.050000 0.096984 0
7806.710000 0.087635 0
7808.370000 0.106226 0
7810.030000 0.114760 0
7811.690000 0.101565 0
7813.350000 0.093396 0
7815.010000 0.079217 0
7816.670000 0.095418 0
7818.330000 0.103416 0
7819.990000 0.107166 0
7821.650000 0.111999 0
7823.310000 0.096368 0
7824.970000 0.105698 0
7826.630000 0.102493 0
7828.290000 0.089062 0
7829.950000 0.098890 0
7831.610000 0.092888 0
7833.270000 0.090370 0
7834.930000 0.095544 0
7836.590000 0.099746 0
7838.250000 0.091949 0
7839.910000 0.094303 0
7841.570000 0.128104 0
7843.230000 0.088903 0
7844.890000 0.093698 0
7846.550000 0.085200 0
7848.210000 0.088272 0
7849.870000 0.100040 0
7851.530000 0.108957 0
7853.190000 0.069205 0
7854.850000 0.092692 0
7856.510000 0.095475 0
7858.170000 0.091810 0
7859.830000 0.083472 0
7861.490000 0.088946 0
7863.150000 0.090598 0
7864.810000 0.105151 0
7866.470000 0.105501 0
7868.130000 0.098827 0
7869.790000 0.068872 0
7871.450000 0.066787 0
7873.110000 0.072537 0
7874.770000 0.100596 0
7876.430000 0.096579 0
7878.090000 0.091159 0
7879.750000 0.093285 0
7881.410000 0.103156 0
7883.070000 0.095495 0
7884.730000 0.097312 0
7886.390000 0.078812 0
7888.050000 0.074582 0
7889.710000 0.098054 0
7891.370000 0.077383 0
7893.030000 0.076878 0
7894.690000 0.084738 0
7896.350000 0.099723 0
7898.010000 0.089723 0
7899.670000 0.081388 0
7901.330000 0.091364 0
7902.990000 0.101597 0
7904.650000 0.098002 0
7906.310000 0.081038 0
7907.970000 0.090667 0
7909.630000 0.097054 0
7911.290000 0.089714 0
7912.950000 0.100902 0
7914.610000 0.062462 0
7916.270000 0.087183 0
7917.930000 0.101694 0
7919.590000 0.078604 0
7921.250000 0.072177 0
7922.910000 0.083046 0
7924.570000 0.065036 0
7926.230000 0.088447 0
7927.890000 0.092151 0
7929.550000 0.092786 0
7931.210000 0.106526 0
7932.870000 0.092080 0
7934.530000 0.089385 0
7936.190000 0.091512 0
7937.850000 0.097585 0
7939.510000 0.086971 0
7941.170000 0.108008 0
7942.830000 0.114791 0
7944.490000 0.102353 0
7946.150000 0.087359 0
7947.810000 0.099837 0
7949.470000 0.085702 0
7951.130000 0.099546 0
7952.790000 0.094010 0
7954.450000 0.095676 0
7956.110000 0.081312 0
7957.770000 0.082782 0
7959.430000 0.079489 0
7961.090000 0.090718 0
7962.750000 0.060022 0
7964.410000 0.091174 0
7966.070000 0.074884 0
7967.730000 0.075769 0
7969.390000 0.075079 0
7971.050000 0.101807 0
7972.710000 0.092987 0
7974.370000 0.077794 0
7976.030000 0.070848 0
7977.690000 0.103110 0
7979.350000 0.097534 0
7981.010000 0.079591 0
7982.670000 0.095612 0
7984.330000 0.087788 0
7985.990000 0.088763 0
7987.650000 0.068991 0
7989.310000 0.070652 0
7990.970000 0.095300 0
7992.630000 0.056841 0
7994.290000 0.091511 0
7995.950000 0.093673 0
7997.610000 0.093860 0
7999.270000 0.066351 0
8000.930000 0.083637 0
8002.590000 0.093378 0
8004.250000 0.097876 0
8005.910000 0.094312 0
8007.570000 0.081241 0
8009.230000 0.092461 0
8010.890000 0.095352 0
8012.550000 0.085263 0
8014.210000 0.080781 0
8015.870000 0.086078 0
8017.530000 0.093207 0
8019.190000 0.082064 0
8020.850000 0.082588 0
8022.510000 0.098111 0
8024.170000 0.091908 0
8025.830000 0.055845 0
8027.490000 0.090563 0
8029.150000 0.100347 0
8030.810000 0.057832 0
8032.470000 0.070380 0
8034.130000 0.098725 0
8035.790000 0.082953 0
8037.450000 0.090196 0
8039.110000 0.085166 0
8040.770000 0.070374 0
8042.430000 0.079679 0
8044.090000 0.085007 0
8045.750000 0.089172 0
8047.410000 0.087678 0
8049.070000 0.096374 0
8050.730000 0.093531 0
8052.390000 0.076381 0
8054.050000 0.084050 0
8055.710000 0.087001 0
8057.370000 0.082362 0
8059.030000 0.072704 0
8060.690000 0.086785 0
8062.350000 0.088396 0
8064.010000 0.078044 0
8065.670000 0.100185 0
8067.330000 0.083207 0
8068.990000 0.078821 0
8070.650000 0.088223 0
8072.310000 0.087647 0
8073.970000 0.068769 0
8075.630000 0.068127 0
8077.290000 0.073111 0
8078.950000 0.062085 0
8080.610000 0.073177 0
8082.270000 0.075022 0
8083.930000 0.079466 0
8085.590000 0.080130 0
8087.250000 0.091986 0
8088.910000 0.082720 0
8090.570000 0.082932 0
8092.230000 0.084254 0
8093.890000 0.102720 0
8095.550000 0.080041 0
8097.210000 0.073130 0
8098.870000 0.103604 0
8100.530000 0.087399 0
8102.190000 0.079773 0
8103.850000 0.082831 0
8105.510000 0.084437 0
8107.170000 0.096262 0
8108.830000 0.087671 0
8110.490000 0.082384 0
8112.150000 0.090998 0
8113.810000 0.085296 0
8115.470000 0.083865 0
8117.130000 0.078339 0
8118.790000 0.077808 0
8120.450000 0.075954 0
8122.110000 0.079375 0
8123.770000 0.084177 0
8125.430000 0.090484 0
8127.090000 0.088906 0
8128.750000 0.092575 0
8130.410000 0.103325 0
8132.070000 0.101406 0
8133.730000 0.089001 0
8135.390000 0.084500 0
8137.050000 0.093473 0
8138.710000 0.095728 0
8140.370000 0.086065 0
8142.030000 0.085485 0
8143.690000 0.084335 0
8145.350000 0.097053 0
8147.010000 0.089586 0
8148.670000 0.098250 0
8150.330000 0.101160 0
8151.990000 0.101134 0
8153.650000 0.088946 0
8155.310000 0.100548 0
8156.970000 0.094326 0
8158.630000 0.086318 0
8160.290000 0.092131 0
8161.950000 0.087145 0
8163.610000 0.070797 0
8165.270000 0.077277 0
8166.930000 0.092809 0
8168.590000 0.091495 0
8170.250000 0.086314 0
8171.910000 0.086467 0
8173.570000 0.085331 0
8175.230000 0.094242 0
8176.890000 0.094162 0
8178.550000 0.088426 0
8180.210000 0.077346 0
8181.870000 0.067569 0
8183.530000 0.090790 0
8185.190000 0.101850 0
8186.850000 0.093407 0
8188.510000 0.077392 0
8190.170000 0.084521 0
8191.830000 0.079764 0
8193.490000 0.062025 0
8195.150000 0.077576 0
8196.810000 0.085693 0
8198.470000 0.098334 0
8200.130000 0.086639 0
8201.790000 0.073915 0
8203.450000 0.072778 0
8205.110000 0.092558 0
8206.770000 0.091399 0
8208.430000 0.091328 0
8210.090000 0.102452 0
8211.750000 0.094828 0
8213.410000 0.082998 0
8215.070000 0.090783 0
8216.730000 0.084922 0
8218.390000 0.082086 0
8220.050000 0.082596 0
8221.710000 0.101797 0
8223.370000 0.092753 0
8225.030000 0.063853 0
8226.690000 0.086924 0
8228.350000 0.078398 0
8230.010000 0.079319 0
8231.670000 0.076813 0
8233.330000 0.080660 0
8234.990000 0.088895 0
8236.650000 0.100245 0
8238.310000 0.088210 0
8239.970000 0.083945 0
8241.630000 0.086031 0
8243.290000 0.068759 0
8244.950000 0.072011 0
8246.610000 0.071334 0
8248.270000 0.093905 0
8249.930000 0.097482 0
8251.590000 0.090604 0
8253.250000 0.104283 0
8254.910000 0.099990 0
8256.570000 0.084398 0
8258.230000 0.075518 0
8259.890000 0.093971 0
8261.550000 0.085666 0
8263.210000 0.085012 0
8264.870000 0.089432 0
8266.530000 0.098821 0
8268.190000 0.080908 0
8269.850000 0.093266 0
8271.510000 0.083117 0
8273.170000 0.075998 0
8274.830000 0.084250 0
8276.490000 0.105004 0
8278.150000 0.108877 0
8279.810000 0.106051 0
8281.470000 0.086303 0
8283.130000 0.070461 0
8284.790000 0.088724 0
8286.450000 0.102987 0
8288.110000 0.118905 0
8289.770000 0.063793 0
8291.430000 0.128227 0
8293.090000 0.101018 0
8294.750000 0.090609 0
8296.410000 0.119909 0
8298.070000 0.114390 0
8299.730000 0.109248 0
8301.390000 0.099693 0
8303.050000 0.088172 0
8304.710000 0.094157 0
8306.370000 0.121063 0
8308.030000 0.082029 0
8309.690000 0.073831 0
8311.350000 0.055998 0
8313.010000 0.079451 0
8314.670000 0.108536 0
8316.330000 0.083198 0
8317.990000 0.082216 0
8319.650000 0.095032 0
8321.310000 0.092566 0
8322.970000 0.086393 0
8324.630000 0.098316 0
8326.290000 0.088241 0
8327.950000 0.100198 0
8329.610000 0.079158 0
8331.270000 0.091447 0
8332.930000 0.077820 0
8334.590000 0.070776 0
8336.250000 0.091548 0
8337.910000 0.083338 0
8339.570000 0.079769 0
8341.230000 0.111821 0
8342.890000 0.117916 0
8344.550000 0.103003 0
8346.210000 0.086147 0
8347.870000 0.102778 0
8349.530000 0.108333 0
8351.190000 0.078025 0
8352.850000 0.090924 0
8354.510000 0.099578 0
8356.170000 0.087816 0
8357.830000 0.081015 0
8359.490000 0.082632 0
8361.150000 0.103343 0
8362.810000 0.102483 0
8364.470000 0.100343 0
8366.130000 0.101443 0
8367.790000 0.082455 0
8369.450000 0.087467 0
8371.110000 0.082422 0
8372.770000 0.087808 0
8374.430000 0.110026 0
8376.090000 0.096070 0
8377.750000 0.067720 0
8379.410000 0.108297 0
8381.070000 0.081455 0
8382.730000 0.100101 0
8384.390000 0.090118 0
8386.050000 0.088185 0
8387.710000 0.089555 0
8389.370000 0.096887 0
8391.030000 0.075562 0
8392.690000 0.082911 0
8394.350000 0.070745 0
8396.010000 0.048943 0
8397.670000 0.139563 0
8399.330000 0.088177 0
8400.990000 0.062604 0
8402.650000 0.103527 0
8404.310000 0.094101 0
8405.970000 0.086815 0
8407.630000 0.092938 0
8409.290000 0.099285 0
8410.950000 0.094323 0
8412.610000 0.081457 0
8414.270000 0.089398 0
8415.930000 0.079018 0
8417.590000 0.077743 0
8419.250000 0.085240 0
8420.910000 0.107270 0
8422.570000 0.097296 0
8424.230000 0.070194 0
8425.890000 0.092594 0
8427.550000 0.077958 0
8429.210000 0.091654 0
8430.870000 0.107769 0
8432.530000 0.140448 0
8434.190000 0.086923 0
8435.850000 0.098595 0
8437.510000 0.087785 0
8439.170000 0.089322 0
8440.830000 0.089824 0
8442.490000 0.097271 0
8444.150000 0.095462 0
8445.810000 0.087328 0
8447.470000 0.073545 0
8449.130000 0.080360 0
8450.790000 0.062999 0
8452.450000 0.060786 0
8454.110000 0.077771 0
8455.770000 0.077802 0
8457.430000 0.082818 0
8459.090000 0.072581 0
8460.750000 0.078742 0
8462.410000 0.117085 0
8464.070000 0.081347 0
8465.730000 0.117354 0
8467.390000 0.130873 0
8469.050000 0.095747 1
8470.710000 0.100616 1
8472.370000 0.089859 1
8474.030000 0.087431 1
8475.690000 0.174188 1
8477.350000 0.181735 1
