# obs: 255720-25fits
# slit: 41
# z: 0.96868
# lines: MgII,[OII],H9,K,H
# spec: 302
5120.830078 0.000000 1
5122.490078 0.000000 1
5124.150078 0.000000 1
5125.810078 0.000000 1
5127.470078 0.000000 1
5129.130078 0.000000 1
5130.790078 0.000000 1
5132.450078 0.000000 1
5134.110078 0.000000 1
5135.770078 0.000000 1
5137.430078 0.000000 1
5139.090078 0.000000 1
5140.750078 0.000000 1
5142.410078 0.000000 1
5144.070078 0.000000 1
5145.730078 0.000000 1
5147.390078 0.000000 1
5149.050078 0.000000 1
5150.710078 0.000000 1
5152.370078 0.000000 1
5154.030078 0.000000 1
5155.690078 0.000000 1
5157.350078 0.000000 1
5159.010078 0.000000 1
5160.670078 0.000000 1
5162.330078 0.000000 1
5163.990078 0.000000 1
5165.650078 0.000000 1
5167.310078 0.000000 1
5168.970078 0.000000 1
5170.630078 0.000000 1
5172.290078 0.000000 1
5173.950078 0.000000 1
5175.610078 0.000000 1
5177.270078 0.000000 1
5178.930078 0.000000 1
5180.590078 0.000000 1
5182.250078 0.000000 1
5183.910078 0.000000 1
5185.570078 0.000000 1
5187.230078 0.000000 1
5188.890078 0.000000 1
5190.550078 0.000000 1
5192.210078 0.000000 1
5193.870078 0.000000 1
5195.530078 0.000000 1
5197.190078 0.000000 1
5198.850078 0.000000 1
5200.510078 0.000000 1
5202.170078 0.000000 1
5203.830078 0.000000 1
5205.490078 0.000000 1
5207.150078 0.000000 1
5208.810078 0.000000 1
5210.470078 0.000000 1
5212.130078 0.000000 1
5213.790078 0.000000 1
5215.450078 0.000000 1
5217.110078 0.000000 1
5218.770078 0.000000 1
5220.430078 0.000000 1
5222.090078 0.000000 1
5223.750078 0.000000 1
5225.410078 0.000000 1
5227.070078 0.000000 1
5228.730078 0.000000 1
5230.390078 0.000000 1
5232.050078 0.000000 1
5233.710078 0.000000 1
5235.370078 0.000000 1
5237.030078 0.000000 1
5238.690078 0.000000 1
5240.350078 0.000000 1
5242.010078 0.000000 1
5243.670078 0.000000 1
5245.330078 0.000000 1
5246.990078 0.000000 1
5248.650078 0.000000 1
5250.310078 0.000000 1
5251.970078 0.000000 1
5253.630078 0.000000 1
5255.290078 0.000000 1
5256.950078 0.000000 1
5258.610078 0.000000 1
5260.270078 0.000000 1
5261.930078 0.000000 1
5263.590078 0.000000 1
5265.250078 0.000000 1
5266.910078 0.000000 1
5268.570078 0.000000 1
5270.230078 0.000000 1
5271.890078 0.000000 1
5273.550078 0.000000 1
5275.210078 0.000000 1
5276.870078 0.000000 1
5278.530078 0.000000 1
5280.190078 0.000000 1
5281.850078 0.000000 1
5283.510078 0.000000 1
5285.170078 0.000000 1
5286.830078 0.000000 1
5288.490078 0.000000 1
5290.150078 0.000000 1
5291.810078 0.000000 1
5293.470078 0.000000 1
5295.130078 0.000000 1
5296.790078 0.000000 1
5298.450078 0.000000 1
5300.110078 0.000000 1
5301.770078 0.000000 1
5303.430078 0.000000 1
5305.090078 0.000000 1
5306.750078 0.000000 1
5308.410078 0.000000 1
5310.070078 0.000000 1
5311.730078 0.000000 1
5313.390078 0.000000 1
5315.050078 0.000000 1
5316.710078 0.000000 1
5318.370078 0.000000 1
5320.030078 0.000000 1
5321.690078 0.000000 1
5323.350078 0.000000 1
5325.010078 0.000000 1
5326.670078 0.000000 1
5328.330078 0.000000 1
5329.990078 0.000000 1
5331.650078 0.000000 1
5333.310078 0.000000 1
5334.970078 0.000000 1
5336.630078 0.000000 1
5338.290078 0.000000 1
5339.950078 0.000000 1
5341.610078 0.000000 1
5343.270078 0.000000 1
5344.930078 0.000000 1
5346.590078 0.000000 1
5348.250078 0.000000 1
5349.910078 0.000000 1
5351.570078 0.000000 1
5353.230078 0.000000 1
5354.890078 0.000000 1
5356.550078 0.000000 1
5358.210078 0.000000 1
5359.870078 0.000000 1
5361.530078 0.000000 1
5363.190078 0.000000 1
5364.850078 0.000000 1
5366.510078 0.000000 1
5368.170078 0.000000 1
5369.830078 0.000000 1
5371.490078 0.000000 1
5373.150078 0.000000 1
5374.810078 0.000000 1
5376.470078 0.000000 1
5378.130078 0.000000 1
5379.790078 0.000000 1
5381.450078 0.000000 1
5383.110078 0.000000 1
5384.770078 0.000000 1
5386.430078 0.000000 1
5388.090078 0.000000 1
5389.750078 0.000000 1
5391.410078 0.000000 1
5393.070078 0.000000 1
5394.730078 0.000000 1
5396.390078 0.000000 1
5398.050078 0.000000 1
5399.710078 0.000000 1
5401.370078 0.000000 1
5403.030078 0.000000 1
5404.690078 0.000000 1
5406.350078 0.000000 1
5408.010078 0.000000 1
5409.670078 0.000000 1
5411.330078 0.000000 1
5412.990078 0.012011 0
5414.650078 0.009817 0
5416.310078 0.012919 0
5417.970078 0.009286 0
5419.630078 0.011156 0
5421.290078 0.011796 0
5422.950078 0.011269 0
5424.610078 0.008091 0
5426.270078 0.010116 0
5427.930078 0.008680 0
5429.590078 0.013612 0
5431.250078 0.008132 0
5432.910078 0.007378 0
5434.570078 0.009824 0
5436.230078 -0.001266 0
5437.890078 0.017572 0
5439.550078 0.012382 0
5441.210078 0.005539 0
5442.870078 0.011479 0
5444.530078 0.008067 0
5446.190078 0.012365 0
5447.850078 0.012636 0
5449.510078 0.006972 0
5451.170078 0.014146 0
5452.830078 0.010700 0
5454.490078 0.003761 0
5456.150078 0.015311 0
5457.810078 0.014564 0
5459.470078 0.020976 0
5461.130078 0.003958 0
5462.790078 0.020167 0
5464.450078 0.002544 0
5466.110078 0.014707 0
5467.770078 0.006799 0
5469.430078 0.010802 0
5471.090078 0.007582 0
5472.750078 0.008517 0
5474.410078 0.008662 0
5476.070078 0.008559 0
5477.730078 0.011117 0
5479.390078 0.002627 0
5481.050078 0.004762 0
5482.710078 0.010029 0
5484.370078 0.002991 0
5486.030078 0.012554 0
5487.690078 0.007163 0
5489.350078 0.009382 0
5491.010078 0.009368 0
5492.670078 0.005658 0
5494.330078 0.016276 0
5495.990078 0.009351 0
5497.650078 -0.005650 0
5499.310078 0.002175 0
5500.970078 0.006003 0
5502.630078 -0.006332 0
5504.290078 0.008399 0
5505.950078 0.010056 0
5507.610078 0.001516 0
5509.270078 0.003270 0
5510.930078 0.007857 0
5512.590078 0.001791 0
5514.250078 0.003036 0
5515.910078 0.004915 0
5517.570078 0.001990 0
5519.230078 0.008644 0
5520.890078 0.015768 0
5522.550078 0.006275 0
5524.210078 0.004858 0
5525.870078 0.015003 0
5527.530078 0.009199 0
5529.190078 0.009709 0
5530.850078 0.011801 0
5532.510078 0.008418 0
5534.170078 0.007193 0
5535.830078 0.013697 0
5537.490078 0.013165 0
5539.150078 0.006554 0
5540.810078 0.018670 0
5542.470078 0.012392 0
5544.130078 0.001667 0
5545.790078 0.007610 0
5547.450078 0.008351 0
5549.110078 0.016323 0
5550.770078 0.004633 0
5552.430078 0.010731 0
5554.090078 0.010282 0
5555.750078 0.005182 0
5557.410078 0.012101 0
5559.070078 0.008411 0
5560.730078 0.015511 0
5562.390078 0.004811 0
5564.050078 0.008077 0
5565.710078 0.000690 0
5567.370078 0.013486 0
5569.030078 0.009035 0
5570.690078 0.006964 1
5572.350078 0.015126 1
5574.010078 0.037207 1
5575.670078 0.025882 1
5577.330078 0.053115 1
5578.990078 -0.032224 1
5580.650078 0.016527 1
5582.310078 -0.068969 1
5583.970078 0.009496 1
5585.630078 0.008766 0
5587.290078 0.004548 0
5588.950078 0.000695 0
5590.610078 -0.000239 0
5592.270078 0.002133 0
5593.930078 0.010338 0
5595.590078 0.005975 0
5597.250078 0.004870 0
5598.910078 0.006597 0
5600.570078 0.014123 0
5602.230078 0.011699 0
5603.890078 0.010812 0
5605.550078 0.009205 0
5607.210078 0.008912 0
5608.870078 -0.000545 0
5610.530078 0.010837 0
5612.190078 0.005852 0
5613.850078 0.005142 0
5615.510078 0.006882 0
5617.170078 0.005334 0
5618.830078 0.015782 0
5620.490078 0.011485 0
5622.150078 0.004331 0
5623.810078 0.004482 0
5625.470078 0.008562 0
5627.130078 0.013717 0
5628.790078 -0.000953 0
5630.450078 0.003132 0
5632.110078 0.001855 0
5633.770078 0.005049 0
5635.430078 0.008984 0
5637.090078 0.010525 0
5638.750078 0.008875 0
5640.410078 0.001300 0
5642.070078 0.002682 0
5643.730078 0.010446 0
5645.390078 0.007823 0
5647.050078 0.008495 0
5648.710078 0.005051 0
5650.370078 0.000556 0
5652.030078 0.007310 0
5653.690078 0.014693 0
5655.350078 0.013922 0
5657.010078 -0.001421 0
5658.670078 0.007680 0
5660.330078 0.007705 0
5661.990078 0.004664 0
5663.650078 0.012081 0
5665.310078 0.010807 0
5666.970078 0.019239 0
5668.630078 0.013584 0
5670.290078 -0.001159 0
5671.950078 0.006321 0
5673.610078 0.015847 0
5675.270078 0.008543 0
5676.930078 0.000619 0
5678.590078 0.001309 0
5680.250078 0.006997 0
5681.910078 0.001915 0
5683.570078 0.009594 0
5685.230078 0.008520 0
5686.890078 0.012380 0
5688.550078 0.010768 0
5690.210078 0.010638 0
5691.870078 0.009567 0
5693.530078 0.008955 0
5695.190078 0.009166 0
5696.850078 0.011573 0
5698.510078 0.006010 0
5700.170078 0.021070 0
5701.830078 0.010462 0
5703.490078 0.008283 0
5705.150078 0.001387 0
5706.810078 0.008191 0
5708.470078 0.007573 0
5710.130078 0.005896 0
5711.790078 0.008681 0
5713.450078 0.010820 0
5715.110078 0.010388 0
5716.770078 0.008523 0
5718.430078 0.016462 0
5720.090078 0.015614 0
5721.750078 0.017979 0
5723.410078 0.009995 0
5725.070078 0.011418 0
5726.730078 0.008235 0
5728.390078 0.011202 0
5730.050078 0.019917 0
5731.710078 0.019626 0
5733.370078 0.009869 0
5735.030078 0.013310 0
5736.690078 0.010451 0
5738.350078 0.009190 0
5740.010078 0.010962 0
5741.670078 0.016549 0
5743.330078 0.017697 0
5744.990078 0.017527 0
5746.650078 0.009931 0
5748.310078 0.011752 0
5749.970078 0.007722 0
5751.630078 0.008956 0
5753.290078 0.012919 0
5754.950078 0.012105 0
5756.610078 0.008535 0
5758.270078 0.012262 0
5759.930078 0.011262 0
5761.590078 0.007187 0
5763.250078 0.011136 0
5764.910078 0.011186 0
5766.570078 0.006858 0
5768.230078 0.012654 0
5769.890078 0.011268 0
5771.550078 0.011040 0
5773.210078 0.013219 0
5774.870078 0.008675 0
5776.530078 0.013798 0
5778.190078 0.013085 0
5779.850078 0.007601 0
5781.510078 0.013966 0
5783.170078 0.009260 0
5784.830078 0.013245 0
5786.490078 0.005421 0
5788.150078 0.008177 0
5789.810078 0.005717 0
5791.470078 0.011742 0
5793.130078 0.008570 0
5794.790078 0.014609 0
5796.450078 0.013940 0
5798.110078 0.009869 0
5799.770078 0.015204 0
5801.430078 0.010702 0
5803.090078 0.010272 0
5804.750078 0.010532 0
5806.410078 0.010851 0
5808.070078 0.009530 0
5809.730078 0.003187 0
5811.390078 0.014394 0
5813.050078 0.001586 0
5814.710078 0.006353 0
5816.370078 0.010373 0
5818.030078 0.008625 0
5819.690078 0.009759 0
5821.350078 -0.000916 0
5823.010078 0.004311 0
5824.670078 0.010308 0
5826.330078 0.015398 0
5827.990078 0.009040 0
5829.650078 0.006966 0
5831.310078 0.010879 0
5832.970078 0.011824 0
5834.630078 0.010373 0
5836.290078 0.014157 0
5837.950078 0.014264 0
5839.610078 0.010818 0
5841.270078 0.012775 0
5842.930078 0.015085 0
5844.590078 0.009248 0
5846.250078 0.009204 0
5847.910078 0.006459 0
5849.570078 0.010905 0
5851.230078 0.010473 0
5852.890078 0.013164 0
5854.550078 0.014898 0
5856.210078 0.013755 0
5857.870078 0.010158 0
5859.530078 0.013678 0
5861.190078 0.007109 0
5862.850078 0.011217 0
5864.510078 0.010570 0
5866.170078 0.021147 0
5867.830078 0.013109 0
5869.490078 0.014474 0
5871.150078 0.003391 0
5872.810078 -0.000087 0
5874.470078 0.012785 0
5876.130078 0.014910 0
5877.790078 0.014018 0
5879.450078 0.002225 0
5881.110078 0.007309 0
5882.770078 0.011025 0
5884.430078 0.009031 0
5886.090078 0.006054 0
5887.750078 0.017717 0
5889.410078 0.012906 0
5891.070078 0.008916 0
5892.730078 0.002994 0
5894.390078 0.005511 0
5896.050078 0.008876 0
5897.710078 0.020293 0
5899.370078 0.013445 0
5901.030078 -0.000067 0
5902.690078 0.008456 0
5904.350078 0.012395 0
5906.010078 0.006289 0
5907.670078 0.007443 0
5909.330078 0.010037 0
5910.990078 0.007666 0
5912.650078 0.013416 0
5914.310078 0.006781 0
5915.970078 0.006272 0
5917.630078 0.009931 0
5919.290078 0.015822 0
5920.950078 0.010554 0
5922.610078 0.012489 0
5924.270078 0.010999 0
5925.930078 0.007724 0
5927.590078 0.017708 0
5929.250078 0.006685 0
5930.910078 0.012541 0
5932.570078 0.011893 0
5934.230078 0.018631 0
5935.890078 0.009165 0
5937.550078 0.007339 0
5939.210078 0.009970 0
5940.870078 0.007984 0
5942.530078 0.005648 0
5944.190078 0.009509 0
5945.850078 0.011566 0
5947.510078 0.007898 0
5949.170078 0.009028 0
5950.830078 0.010687 0
5952.490078 0.012239 0
5954.150078 0.011292 0
5955.810078 0.013682 0
5957.470078 0.012099 0
5959.130078 0.005795 0
5960.790078 0.007914 0
5962.450078 0.009958 0
5964.110078 0.011177 0
5965.770078 0.005953 0
5967.430078 0.008666 0
5969.090078 0.012555 0
5970.750078 0.011129 0
5972.410078 0.008598 0
5974.070078 0.013752 0
5975.730078 0.007030 0
5977.390078 0.004944 0
5979.050078 0.008072 0
5980.710078 0.010234 0
5982.370078 0.006318 0
5984.030078 0.011554 0
5985.690078 0.006601 0
5987.350078 0.005448 0
5989.010078 0.005402 0
5990.670078 0.006912 0
5992.330078 0.008043 0
5993.990078 0.012247 0
5995.650078 0.013839 0
5997.310078 0.013552 0
5998.970078 0.009595 0
6000.630078 0.011656 0
6002.290078 0.014274 0
6003.950078 0.012724 0
6005.610078 0.010168 0
6007.270078 0.012154 0
6008.930078 0.001384 0
6010.590078 0.015885 0
6012.250078 0.009487 0
6013.910078 0.007122 0
6015.570078 0.012022 0
6017.230078 0.016296 0
6018.890078 0.008012 0
6020.550078 0.013332 0
6022.210078 0.006309 0
6023.870078 0.008123 0
6025.530078 0.004188 0
6027.190078 0.010618 0
6028.850078 0.005881 0
6030.510078 0.006689 0
6032.170078 0.009392 0
6033.830078 0.014779 0
6035.490078 0.015533 0
6037.150078 0.008376 0
6038.810078 0.004037 0
6040.470078 0.005163 0
6042.130078 0.003455 0
6043.790078 0.006660 0
6045.450078 0.007529 0
6047.110078 0.013183 0
6048.770078 0.004550 0
6050.430078 0.009713 0
6052.090078 0.011090 0
6053.750078 0.015614 0
6055.410078 0.011079 0
6057.070078 0.006946 0
6058.730078 0.007760 0
6060.390078 0.005500 0
6062.050078 0.009811 0
6063.710078 0.013002 0
6065.370078 0.008446 0
6067.030078 0.010763 0
6068.690078 0.007711 0
6070.350078 0.007934 0
6072.010078 0.005829 0
6073.670078 0.007840 0
6075.330078 0.007084 0
6076.990078 0.008693 0
6078.650078 0.011820 0
6080.310078 0.013346 0
6081.970078 0.011660 0
6083.630078 0.007162 0
6085.290078 0.004549 0
6086.950078 -0.000228 0
6088.610078 0.006353 0
6090.270078 0.010142 0
6091.930078 0.008218 0
6093.590078 0.005120 0
6095.250078 0.006563 0
6096.910078 0.014935 0
6098.570078 0.013082 0
6100.230078 0.012722 0
6101.890078 0.006133 0
6103.550078 0.006853 0
6105.210078 0.010230 0
6106.870078 0.010863 0
6108.530078 0.013365 0
6110.190078 0.011601 0
6111.850078 0.013357 0
6113.510078 0.014342 0
6115.170078 0.006952 0
6116.830078 0.008967 0
6118.490078 0.012209 0
6120.150078 0.015055 0
6121.810078 0.002918 0
6123.470078 0.004724 0
6125.130078 0.010380 0
6126.790078 0.005883 0
6128.450078 0.008833 0
6130.110078 0.006997 0
6131.770078 0.006535 0
6133.430078 0.011954 0
6135.090078 0.007492 0
6136.750078 0.011685 0
6138.410078 0.006516 0
6140.070078 0.012980 0
6141.730078 0.005631 0
6143.390078 0.013831 0
6145.050078 0.006985 0
6146.710078 0.002540 0
6148.370078 0.013471 0
6150.030078 0.010205 0
6151.690078 0.015896 0
6153.350078 0.010807 0
6155.010078 0.014316 0
6156.670078 0.010698 0
6158.330078 0.008455 0
6159.990078 0.005752 0
6161.650078 0.013192 0
6163.310078 0.007077 0
6164.970078 0.007077 0
6166.630078 0.013067 0
6168.290078 0.008761 0
6169.950078 0.002831 0
6171.610078 0.013103 0
6173.270078 0.013122 0
6174.930078 0.010224 0
6176.590078 0.006846 0
6178.250078 0.004980 0
6179.910078 0.015709 0
6181.570078 0.008398 0
6183.230078 0.008612 0
6184.890078 0.010999 0
6186.550078 0.007798 0
6188.210078 0.003882 0
6189.870078 0.002020 0
6191.530078 0.007411 0
6193.190078 0.011660 0
6194.850078 0.014156 0
6196.510078 0.007902 0
6198.170078 0.003256 0
6199.830078 0.010493 0
6201.490078 0.009002 0
6203.150078 0.009338 0
6204.810078 0.006917 0
6206.470078 0.004847 0
6208.130078 0.009284 0
6209.790078 0.013534 0
6211.450078 0.009641 0
6213.110078 0.009608 0
6214.770078 0.007488 0
6216.430078 0.017039 0
6218.090078 0.007686 0
6219.750078 0.006335 0
6221.410078 0.011208 0
6223.070078 0.004974 0
6224.730078 0.001475 0
6226.390078 0.012812 0
6228.050078 0.008924 0
6229.710078 0.010472 0
6231.370078 0.009777 0
6233.030078 0.011342 0
6234.690078 0.009290 0
6236.350078 -0.002368 0
6238.010078 0.009806 0
6239.670078 0.003700 0
6241.330078 0.013994 0
6242.990078 0.006074 0
6244.650078 0.011170 0
6246.310078 0.010344 0
6247.970078 0.011428 0
6249.630078 0.012538 0
6251.290078 0.005773 0
6252.950078 0.009117 0
6254.610078 0.006109 0
6256.270078 0.014821 0
6257.930078 0.012445 0
6259.590078 0.003657 0
6261.250078 0.003588 0
6262.910078 0.014150 0
6264.570078 0.002500 0
6266.230078 0.003295 0
6267.890078 0.007358 0
6269.550078 0.009115 0
6271.210078 0.011835 0
6272.870078 0.008717 0
6274.530078 0.008773 0
6276.190078 0.012029 0
6277.850078 0.012952 0
6279.510078 0.008971 0
6281.170078 0.007402 0
6282.830078 0.007694 0
6284.490078 0.004404 0
6286.150078 0.010659 0
6287.810078 0.006087 0
6289.470078 0.003810 0
6291.130078 0.004902 0
6292.790078 0.016532 0
6294.450078 0.010983 1
6296.110078 -0.010299 1
6297.770078 0.009286 1
6299.430078 -0.001561 1
6301.090078 0.003505 1
6302.750078 0.030081 1
6304.410078 -0.000257 1
6306.070078 0.008455 1
6307.730078 0.005126 1
6309.390078 0.008373 0
6311.050078 0.007877 0
6312.710078 0.011153 0
6314.370078 0.005749 0
6316.030078 0.007821 0
6317.690078 0.002727 0
6319.350078 0.017295 0
6321.010078 0.017889 0
6322.670078 0.013698 0
6324.330078 0.008940 0
6325.990078 0.011076 0
6327.650078 0.014025 0
6329.310078 0.014175 0
6330.970078 0.014325 0
6332.630078 0.011267 0
6334.290078 0.014225 0
6335.950078 0.014922 0
6337.610078 0.008549 0
6339.270078 0.011411 0
6340.930078 0.012266 0
6342.590078 0.012970 0
6344.250078 0.004220 0
6345.910078 0.008838 0
6347.570078 0.008078 0
6349.230078 0.012092 0
6350.890078 0.012845 0
6352.550078 0.010737 0
6354.210078 0.006065 0
6355.870078 0.009000 0
6357.530078 0.012388 0
6359.190078 0.009722 0
6360.850078 0.005557 0
6362.510078 0.006167 0
6364.170078 0.006736 0
6365.830078 0.008384 0
6367.490078 0.015302 0
6369.150078 0.011300 0
6370.810078 0.008465 0
6372.470078 0.010218 0
6374.130078 0.009695 0
6375.790078 0.013223 0
6377.450078 0.005456 0
6379.110078 0.012093 0
6380.770078 0.005830 0
6382.430078 0.013774 0
6384.090078 0.008706 0
6385.750078 0.015185 0
6387.410078 0.014129 0
6389.070078 0.013028 0
6390.730078 0.011420 0
6392.390078 0.009106 0
6394.050078 0.011234 0
6395.710078 0.013662 0
6397.370078 0.011854 0
6399.030078 0.009624 0
6400.690078 0.016742 0
6402.350078 0.011775 0
6404.010078 0.010559 0
6405.670078 0.008684 0
6407.330078 0.010799 0
6408.990078 0.012163 0
6410.650078 0.007466 0
6412.310078 0.009396 0
6413.970078 0.011269 0
6415.630078 0.013669 0
6417.290078 0.018760 0
6418.950078 0.012605 0
6420.610078 0.013785 0
6422.270078 0.010469 0
6423.930078 0.011518 0
6425.590078 0.013129 0
6427.250078 0.009981 0
6428.910078 0.012156 0
6430.570078 0.011814 0
6432.230078 0.008340 0
6433.890078 0.009762 0
6435.550078 0.012633 0
6437.210078 0.014528 0
6438.870078 0.007240 0
6440.530078 0.009535 0
6442.190078 0.013237 0
6443.850078 0.012391 0
6445.510078 0.012601 0
6447.170078 0.009097 0
6448.830078 0.014088 0
6450.490078 0.011973 0
6452.150078 0.007009 0
6453.810078 0.014627 0
6455.470078 0.007845 0
6457.130078 0.013267 0
6458.790078 0.011646 0
6460.450078 0.009955 0
6462.110078 0.006575 0
6463.770078 0.005295 0
6465.430078 0.010069 0
6467.090078 0.010922 0
6468.750078 0.019736 0
6470.410078 0.013000 0
6472.070078 0.011486 0
6473.730078 0.012567 0
6475.390078 0.009370 0
6477.050078 0.004916 0
6478.710078 0.008649 0
6480.370078 0.012834 0
6482.030078 0.014306 0
6483.690078 0.007649 0
6485.350078 0.011962 0
6487.010078 0.013951 0
6488.670078 0.009457 0
6490.330078 0.010940 0
6491.990078 0.010521 0
6493.650078 0.014003 0
6495.310078 0.009750 0
6496.970078 0.015148 0
6498.630078 0.009849 0
6500.290078 0.011512 0
6501.950078 0.007472 0
6503.610078 0.006579 0
6505.270078 0.012458 0
6506.930078 0.015492 0
6508.590078 0.010282 0
6510.250078 0.008694 0
6511.910078 0.009575 0
6513.570078 0.007065 0
6515.230078 0.013280 0
6516.890078 0.007433 0
6518.550078 0.007654 0
6520.210078 0.004201 0
6521.870078 0.009885 0
6523.530078 0.011895 0
6525.190078 0.012492 0
6526.850078 0.015846 0
6528.510078 0.015311 0
6530.170078 0.014279 0
6531.830078 0.012651 0
6533.490078 0.010728 0
6535.150078 0.012724 0
6536.810078 0.012369 0
6538.470078 0.011984 0
6540.130078 0.010897 0
6541.790078 0.014620 0
6543.450078 0.010285 0
6545.110078 0.007448 0
6546.770078 0.004680 0
6548.430078 0.010313 0
6550.090078 0.012127 0
6551.750078 0.017115 0
6553.410078 0.012101 0
6555.070078 0.010078 0
6556.730078 0.012703 0
6558.390078 0.011020 0
6560.050078 0.012924 0
6561.710078 0.008962 0
6563.370078 0.008721 0
6565.030078 0.011666 0
6566.690078 0.010092 0
6568.350078 0.010686 0
6570.010078 0.011750 0
6571.670078 0.003889 0
6573.330078 0.009440 0
6574.990078 0.014218 0
6576.650078 0.009702 0
6578.310078 0.015938 0
6579.970078 0.010895 0
6581.630078 0.006235 0
6583.290078 0.010120 0
6584.950078 0.015147 0
6586.610078 0.012290 0
6588.270078 0.011114 0
6589.930078 0.012934 0
6591.590078 0.015415 0
6593.250078 0.007484 0
6594.910078 0.011926 0
6596.570078 0.013489 0
6598.230078 0.011064 0
6599.890078 0.011024 0
6601.550078 0.011767 0
6603.210078 0.006446 0
6604.870078 0.010412 0
6606.530078 0.014907 0
6608.190078 0.005118 0
6609.850078 0.012715 0
6611.510078 0.010823 0
6613.170078 0.006087 0
6614.830078 0.013207 0
6616.490078 0.009137 0
6618.150078 0.006331 0
6619.810078 0.009926 0
6621.470078 0.014115 0
6623.130078 0.011392 0
6624.790078 0.012402 0
6626.450078 0.008339 0
6628.110078 0.011931 0
6629.770078 0.008831 0
6631.430078 0.009130 0
6633.090078 0.009360 0
6634.750078 0.015342 0
6636.410078 0.012399 0
6638.070078 0.011681 0
6639.730078 0.008467 0
6641.390078 0.010171 0
6643.050078 0.012313 0
6644.710078 0.010951 0
6646.370078 0.011574 0
6648.030078 0.009539 0
6649.690078 0.008685 0
6651.350078 0.008876 0
6653.010078 0.015924 0
6654.670078 0.009017 0
6656.330078 0.011171 0
6657.990078 0.011889 0
6659.650078 0.012758 0
6661.310078 0.009262 0
6662.970078 0.010055 0
6664.630078 0.014910 0
6666.290078 0.010249 0
6667.950078 0.012355 0
6669.610078 0.013755 0
6671.270078 0.007429 0
6672.930078 0.010220 0
6674.590078 0.007453 0
6676.250078 0.013316 0
6677.910078 0.008436 0
6679.570078 0.006328 0
6681.230078 0.009112 0
6682.890078 0.011207 0
6684.550078 0.012222 0
6686.210078 0.011958 0
6687.870078 0.013334 0
6689.530078 0.010396 0
6691.190078 0.015441 0
6692.850078 0.010328 0
6694.510078 0.011948 0
6696.170078 0.011775 0
6697.830078 0.011604 0
6699.490078 0.014915 0
6701.150078 0.010223 0
6702.810078 0.013478 0
6704.470078 0.009595 0
6706.130078 0.012672 0
6707.790078 0.013197 0
6709.450078 0.015350 0
6711.110078 0.011568 0
6712.770078 0.009847 0
6714.430078 0.007069 0
6716.090078 0.013283 0
6717.750078 0.013038 0
6719.410078 0.005097 0
6721.070078 0.007154 0
6722.730078 0.011222 0
6724.390078 0.008961 0
6726.050078 0.014795 0
6727.710078 0.012112 0
6729.370078 0.012008 0
6731.030078 0.013235 0
6732.690078 0.016826 0
6734.350078 0.013871 0
6736.010078 0.009191 0
6737.670078 0.009360 0
6739.330078 0.012359 0
6740.990078 0.015956 0
6742.650078 0.015396 0
6744.310078 0.011874 0
6745.970078 0.012412 0
6747.630078 0.011032 0
6749.290078 0.009419 0
6750.950078 0.018492 0
6752.610078 0.009951 0
6754.270078 0.009565 0
6755.930078 0.012330 0
6757.590078 0.012544 0
6759.250078 0.010445 0
6760.910078 0.012039 0
6762.570078 0.009992 0
6764.230078 0.011821 0
6765.890078 0.014079 0
6767.550078 0.012774 0
6769.210078 0.012185 0
6770.870078 0.012571 0
6772.530078 0.007865 0
6774.190078 0.008574 0
6775.850078 0.013813 0
6777.510078 0.007945 0
6779.170078 0.010933 0
6780.830078 0.008743 0
6782.490078 0.008166 0
6784.150078 0.013321 0
6785.810078 0.013386 0
6787.470078 0.010571 0
6789.130078 0.013896 0
6790.790078 0.006393 0
6792.450078 0.011141 0
6794.110078 0.010352 0
6795.770078 0.010814 0
6797.430078 0.009646 0
6799.090078 0.008634 0
6800.750078 0.010671 0
6802.410078 0.011381 0
6804.070078 0.009850 0
6805.730078 0.013812 0
6807.390078 0.012146 0
6809.050078 0.009838 0
6810.710078 0.010588 0
6812.370078 0.010400 0
6814.030078 0.008140 0
6815.690078 0.010776 0
6817.350078 0.015595 0
6819.010078 0.012545 0
6820.670078 0.008957 0
6822.330078 0.009857 0
6823.990078 0.010177 0
6825.650078 0.015252 0
6827.310078 0.015207 0
6828.970078 0.011741 0
6830.630078 0.005027 0
6832.290078 0.002988 0
6833.950078 0.005796 0
6835.610078 0.013730 0
6837.270078 0.011455 0
6838.930078 0.013119 0
6840.590078 0.014584 0
6842.250078 0.013849 0
6843.910078 0.011985 0
6845.570078 0.015416 0
6847.230078 0.012756 0
6848.890078 0.006803 0
6850.550078 0.008082 0
6852.210078 0.012665 0
6853.870078 0.015535 0
6855.530078 0.011268 0
6857.190078 0.009657 0
6858.850078 0.009956 0
6860.510078 0.008703 0
6862.170078 0.010848 0
6863.830078 0.015977 0
6865.490078 0.015048 0
6867.150078 0.008900 0
6868.810078 0.008322 0
6870.470078 0.010389 0
6872.130078 0.011138 0
6873.790078 0.010192 0
6875.450078 0.001871 0
6877.110078 0.009074 0
6878.770078 0.012814 0
6880.430078 0.010271 0
6882.090078 0.011292 0
6883.750078 0.006755 0
6885.410078 0.008013 0
6887.070078 0.007949 0
6888.730078 0.006062 0
6890.390078 0.006310 0
6892.050078 0.007130 0
6893.710078 0.007940 0
6895.370078 0.007366 0
6897.030078 0.001389 0
6898.690078 0.007112 0
6900.350078 0.005069 0
6902.010078 0.015052 0
6903.670078 0.011692 0
6905.330078 0.012153 0
6906.990078 0.012810 0
6908.650078 0.009097 0
6910.310078 0.015464 0
6911.970078 0.012331 0
6913.630078 0.014065 0
6915.290078 0.008415 0
6916.950078 0.018422 0
6918.610078 0.015257 0
6920.270078 0.011125 0
6921.930078 0.007157 0
6923.590078 0.009165 0
6925.250078 0.009596 0
6926.910078 0.011677 0
6928.570078 0.010612 0
6930.230078 0.011074 0
6931.890078 0.011551 0
6933.550078 0.010136 0
6935.210078 0.006815 0
6936.870078 0.010312 0
6938.530078 0.008099 0
6940.190078 0.011348 0
6941.850078 0.019921 0
6943.510078 0.014669 0
6945.170078 0.009397 0
6946.830078 0.006833 0
6948.490078 0.010927 0
6950.150078 0.007298 0
6951.810078 0.019745 0
6953.470078 0.007857 0
6955.130078 0.010635 0
6956.790078 0.007422 0
6958.450078 0.008632 0
6960.110078 0.013323 0
6961.770078 0.010970 0
6963.430078 0.012355 0
6965.090078 0.010062 0
6966.750078 0.009472 0
6968.410078 0.012060 0
6970.070078 0.012702 0
6971.730078 0.007015 0
6973.390078 0.011994 0
6975.050078 0.006173 0
6976.710078 0.010146 0
6978.370078 0.009836 0
6980.030078 0.006945 0
6981.690078 0.013749 0
6983.350078 0.010695 0
6985.010078 0.009996 0
6986.670078 0.008824 0
6988.330078 0.012071 0
6989.990078 0.012347 0
6991.650078 0.010627 0
6993.310078 0.011617 0
6994.970078 0.015026 0
6996.630078 0.011162 0
6998.290078 0.010638 0
6999.950078 0.010841 0
7001.610078 0.010286 0
7003.270078 0.012112 0
7004.930078 0.008530 0
7006.590078 0.008776 0
7008.250078 0.004828 0
7009.910078 0.010764 0
7011.570078 0.012087 0
7013.230078 0.007242 0
7014.890078 0.009963 0
7016.550078 0.009534 0
7018.210078 0.008091 0
7019.870078 0.008559 0
7021.530078 0.010419 0
7023.190078 0.010279 0
7024.850078 0.011601 0
7026.510078 0.013454 0
7028.170078 0.013727 0
7029.830078 0.009316 0
7031.490078 0.010513 0
7033.150078 0.010907 0
7034.810078 0.011056 0
7036.470078 0.011895 0
7038.130078 0.013657 0
7039.790078 0.009950 0
7041.450078 0.015415 0
7043.110078 0.008557 0
7044.770078 0.006907 0
7046.430078 0.009444 0
7048.090078 0.013585 0
7049.750078 0.012136 0
7051.410078 0.014652 0
7053.070078 0.006925 0
7054.730078 0.015313 0
7056.390078 0.012055 0
7058.050078 0.008887 0
7059.710078 0.010050 0
7061.370078 0.007176 0
7063.030078 0.016415 0
7064.690078 0.009432 0
7066.350078 0.014364 0
7068.010078 0.011886 0
7069.670078 0.011072 0
7071.330078 0.011957 0
7072.990078 0.013608 0
7074.650078 0.012450 0
7076.310078 0.010440 0
7077.970078 0.006419 0
7079.630078 0.009775 0
7081.290078 0.011930 0
7082.950078 0.011716 0
7084.610078 0.009249 0
7086.270078 0.012198 0
7087.930078 0.010440 0
7089.590078 0.010408 0
7091.250078 0.010602 0
7092.910078 0.014430 0
7094.570078 0.010446 0
7096.230078 0.010770 0
7097.890078 0.006734 0
7099.550078 0.012055 0
7101.210078 0.008734 0
7102.870078 0.007129 0
7104.530078 0.009591 0
7106.190078 0.011882 0
7107.850078 0.009209 0
7109.510078 0.007952 0
7111.170078 0.012734 0
7112.830078 0.006825 0
7114.490078 0.008649 0
7116.150078 0.014370 0
7117.810078 0.012295 0
7119.470078 0.009670 0
7121.130078 0.006739 0
7122.790078 0.008240 0
7124.450078 0.006067 0
7126.110078 0.013617 0
7127.770078 0.014406 0
7129.430078 0.008315 0
7131.090078 0.002990 0
7132.750078 0.010631 0
7134.410078 0.013243 0
7136.070078 0.010509 0
7137.730078 0.012077 0
7139.390078 0.010413 0
7141.050078 0.012163 0
7142.710078 0.010686 0
7144.370078 0.010647 0
7146.030078 0.010646 0
7147.690078 0.005561 0
7149.350078 0.010814 0
7151.010078 0.012620 0
7152.670078 0.004746 0
7154.330078 0.010017 0
7155.990078 0.010336 0
7157.650078 0.009847 0
7159.310078 0.012930 0
7160.970078 0.012629 0
7162.630078 0.010464 0
7164.290078 0.012723 0
7165.950078 0.011260 0
7167.610078 0.009145 0
7169.270078 0.012913 0
7170.930078 0.009054 0
7172.590078 0.012264 0
7174.250078 0.009990 0
7175.910078 0.008732 0
7177.570078 0.007715 0
7179.230078 0.014577 0
7180.890078 0.007731 0
7182.550078 0.009139 0
7184.210078 0.011459 0
7185.870078 0.008642 0
7187.530078 0.010642 0
7189.190078 0.010311 0
7190.850078 0.013460 0
7192.510078 0.011356 0
7194.170078 0.008537 0
7195.830078 0.010156 0
7197.490078 0.009708 0
7199.150078 0.008562 0
7200.810078 0.010570 0
7202.470078 0.010280 0
7204.130078 0.003192 0
7205.790078 0.002396 0
7207.450078 0.007673 0
7209.110078 0.009652 0
7210.770078 0.009998 0
7212.430078 0.009675 0
7214.090078 0.012170 0
7215.750078 0.012077 0
7217.410078 0.013033 0
7219.070078 0.008383 0
7220.730078 0.006748 0
7222.390078 0.012686 0
7224.050078 0.008133 0
7225.710078 0.010692 0
7227.370078 0.006991 0
7229.030078 0.005215 0
7230.690078 0.008783 0
7232.350078 0.013694 0
7234.010078 0.014596 0
7235.670078 0.010853 0
7237.330078 0.019030 0
7238.990078 0.012089 0
7240.650078 0.004552 0
7242.310078 0.006389 0
7243.970078 0.001427 0
7245.630078 0.005143 0
7247.290078 -0.001123 0
7248.950078 0.002403 0
7250.610078 0.010470 0
7252.270078 0.006654 0
7253.930078 0.017332 0
7255.590078 0.011312 0
7257.250078 0.009874 0
7258.910078 0.010473 0
7260.570078 0.009605 0
7262.230078 0.008817 0
7263.890078 0.009667 0
7265.550078 0.012132 0
7267.210078 0.007146 0
7268.870078 0.010906 0
7270.530078 0.013315 0
7272.190078 0.007096 0
7273.850078 0.001043 0
7275.510078 0.004640 0
7277.170078 0.005811 0
7278.830078 -0.010502 0
7280.490078 0.021974 0
7282.150078 0.015522 0
7283.810078 0.017327 0
7285.470078 0.010215 0
7287.130078 0.009833 0
7288.790078 0.019984 0
7290.450078 0.011837 0
7292.110078 0.011276 0
7293.770078 0.008995 0
7295.430078 0.013175 0
7297.090078 0.006084 0
7298.750078 0.004378 0
7300.410078 0.012101 0
7302.070078 0.003259 0
7303.730078 0.010789 0
7305.390078 0.007969 0
7307.050078 0.007798 0
7308.710078 0.011726 0
7310.370078 0.012530 0
7312.030078 0.016954 0
7313.690078 0.012546 0
7315.350078 0.009707 0
7317.010078 0.013022 0
7318.670078 -0.006764 0
7320.330078 0.010431 0
7321.990078 0.011995 0
7323.650078 0.009716 0
7325.310078 0.010924 0
7326.970078 0.014175 0
7328.630078 0.020203 0
7330.290078 0.031550 0
7331.950078 0.030377 0
7333.610078 0.049816 0
7335.270078 0.055154 1
7336.930078 0.061002 1
7338.590078 0.056654 1
7340.250078 0.069692 1
7341.910078 0.047749 1
7343.570078 0.024216 1
7345.230078 0.014368 1
7346.890078 0.011076 1
7348.550078 0.007748 0
7350.210078 0.009735 0
7351.870078 0.007259 0
7353.530078 0.004381 0
7355.190078 0.007673 0
7356.850078 0.007925 0
7358.510078 0.008088 0
7360.170078 0.012349 0
7361.830078 0.011065 0
7363.490078 0.011520 0
7365.150078 0.020210 0
7366.810078 0.013951 0
7368.470078 0.013501 0
7370.130078 0.003962 0
7371.790078 0.003144 0
7373.450078 0.012364 0
7375.110078 0.006187 0
7376.770078 0.007855 0
7378.430078 0.005815 0
7380.090078 0.012882 0
7381.750078 0.009175 0
7383.410078 0.009050 0
7385.070078 0.010752 0
7386.730078 0.013563 0
7388.390078 0.011013 0
7390.050078 0.015672 0
7391.710078 0.012556 0
7393.370078 0.013191 0
7395.030078 0.014097 0
7396.690078 0.008642 0
7398.350078 0.016979 0
7400.010078 0.016810 0
7401.670078 0.009937 0
7403.330078 0.012827 0
7404.990078 0.000483 0
7406.650078 0.012270 0
7408.310078 0.014901 0
7409.970078 0.017462 0
7411.630078 0.007964 0
7413.290078 0.010339 0
7414.950078 0.008895 0
7416.610078 0.011962 0
7418.270078 0.010779 0
7419.930078 0.006315 0
7421.590078 0.010748 0
7423.250078 0.009828 0
7424.910078 0.011164 0
7426.570078 0.011529 0
7428.230078 0.011793 0
7429.890078 0.017429 0
7431.550078 0.013723 0
7433.210078 0.007280 0
7434.870078 0.012652 0
7436.530078 0.015866 0
7438.190078 0.011794 0
7439.850078 0.012533 0
7441.510078 0.015274 0
7443.170078 0.016588 0
7444.830078 0.016618 0
7446.490078 0.015705 0
7448.150078 0.015858 0
7449.810078 0.015395 0
7451.470078 0.017621 0
7453.130078 0.014957 0
7454.790078 0.014523 0
7456.450078 0.014808 0
7458.110078 0.014837 0
7459.770078 0.013405 0
7461.430078 0.019651 0
7463.090078 0.012320 0
7464.750078 0.013087 0
7466.410078 0.015515 0
7468.070078 0.017728 0
7469.730078 0.008201 0
7471.390078 0.008163 0
7473.050078 0.006548 0
7474.710078 0.015057 0
7476.370078 0.010017 0
7478.030078 0.006644 0
7479.690078 0.014125 0
7481.350078 0.019900 0
7483.010078 0.012190 0
7484.670078 0.017618 0
7486.330078 0.017836 0
7487.990078 0.012514 0
7489.650078 0.009465 0
7491.310078 0.014369 0
7492.970078 0.015826 0
7494.630078 0.013068 0
7496.290078 0.018553 0
7497.950078 0.016941 0
7499.610078 0.015593 0
7501.270078 0.018791 0
7502.930078 0.016292 0
7504.590078 0.020598 0
7506.250078 0.016908 0
7507.910078 0.016585 0
7509.570078 0.016610 0
7511.230078 0.015854 0
7512.890078 0.016328 0
7514.550078 0.017928 0
7516.210078 0.013889 0
7517.870078 0.019453 0
7519.530078 0.018978 0
7521.190078 0.020734 0
7522.850078 0.007449 0
7524.510078 0.009561 0
7526.170078 0.019900 0
7527.830078 0.016975 0
7529.490078 0.009719 0
7531.150078 0.012184 0
7532.810078 0.011827 0
7534.470078 0.011353 0
7536.130078 0.016227 0
7537.790078 0.017075 0
7539.450078 0.013699 0
7541.110078 0.015278 0
7542.770078 0.017106 0
7544.430078 0.013285 0
7546.090078 0.010327 0
7547.750078 0.013284 0
7549.410078 0.009254 0
7551.070078 0.014055 0
7552.730078 0.016762 0
7554.390078 0.012793 0
7556.050078 0.013582 0
7557.710078 0.013476 0
7559.370078 0.010458 0
7561.030078 0.007521 0
7562.690078 0.014063 0
7564.350078 0.018090 0
7566.010078 0.017933 0
7567.670078 0.020081 0
7569.330078 0.020315 0
7570.990078 0.021226 0
7572.650078 0.020081 0
7574.310078 0.011363 0
7575.970078 0.016840 0
7577.630078 0.019074 0
7579.290078 0.012899 0
7580.950078 0.015024 0
7582.610078 0.017236 0
7584.270078 0.018306 0
7585.930078 0.017112 0
7587.590078 0.015832 0
7589.250078 0.015596 0
7590.910078 0.015924 0
7592.570078 0.012902 0
7594.230078 0.025904 0
7595.890078 0.022923 0
7597.550078 0.021260 0
7599.210078 0.029562 0
7600.870078 0.015122 0
7602.530078 0.000698 0
7604.190078 0.019960 0
7605.850078 0.020875 0
7607.510078 0.025950 0
7609.170078 0.025245 0
7610.830078 0.021612 0
7612.490078 0.024705 0
7614.150078 0.017952 0
7615.810078 0.019722 0
7617.470078 0.017941 0
7619.130078 0.020712 0
7620.790078 0.015970 0
7622.450078 0.019421 0
7624.110078 0.020950 0
7625.770078 0.019173 0
7627.430078 0.017117 0
7629.090078 0.012662 0
7630.750078 0.016638 0
7632.410078 0.014778 0
7634.070078 0.023146 0
7635.730078 0.022419 0
7637.390078 0.013401 0
7639.050078 0.019540 0
7640.710078 0.013968 0
7642.370078 0.012592 0
7644.030078 0.014336 0
7645.690078 0.013074 0
7647.350078 0.011281 0
7649.010078 0.013660 0
7650.670078 0.009751 0
7652.330078 0.016166 0
7653.990078 0.015625 0
7655.650078 0.012071 0
7657.310078 0.011294 0
7658.970078 0.016132 0
7660.630078 0.015168 0
7662.290078 0.014562 0
7663.950078 0.009276 0
7665.610078 0.012093 0
7667.270078 0.017179 0
7668.930078 0.017806 0
7670.590078 0.016297 0
7672.250078 0.016669 0
7673.910078 0.010652 0
7675.570078 0.018181 0
7677.230078 0.013632 0
7678.890078 0.016306 0
7680.550078 0.019936 0
7682.210078 0.015101 0
7683.870078 0.015813 0
7685.530078 0.015635 0
7687.190078 0.019711 0
7688.850078 0.017667 0
7690.510078 0.018487 0
7692.170078 0.016912 0
7693.830078 0.015934 0
7695.490078 0.010951 0
7697.150078 0.019837 0
7698.810078 0.017606 0
7700.470078 0.017314 0
7702.130078 0.016400 0
7703.790078 0.013546 0
7705.450078 0.018851 0
7707.110078 0.019096 0
7708.770078 0.035329 0
7710.430078 0.020687 0
7712.090078 0.019545 0
7713.750078 0.045642 0
7715.410078 0.020052 0
7717.070078 0.011115 0
7718.730078 0.013610 0
7720.390078 0.012710 0
7722.050078 0.008597 0
7723.710078 0.020846 0
7725.370078 0.019591 0
7727.030078 0.014905 0
7728.690078 0.015986 0
7730.350078 0.014290 0
7732.010078 0.016696 0
7733.670078 0.011413 0
7735.330078 0.016113 0
7736.990078 0.009733 0
7738.650078 0.010653 0
7740.310078 0.009503 0
7741.970078 0.007428 0
7743.630078 0.013189 0
7745.290078 0.019016 0
7746.950078 0.026351 0
7748.610078 -0.004381 0
7750.270078 0.006334 0
7751.930078 0.004908 0
7753.590078 0.005884 0
7755.250078 0.013647 0
7756.910078 0.028003 0
7758.570078 0.018256 0
7760.230078 0.017335 0
7761.890078 0.010371 0
7763.550078 0.006189 0
7765.210078 0.015559 0
7766.870078 0.015586 0
7768.530078 0.017595 0
7770.190078 0.023393 0
7771.850078 0.019226 0
7773.510078 0.014403 0
7775.170078 0.011188 0
7776.830078 0.018624 0
7778.490078 0.027551 0
7780.150078 0.022979 0
7781.810078 0.020862 0
7783.470078 0.018317 0
7785.130078 0.014100 0
7786.790078 0.014968 0
7788.450078 0.016103 0
7790.110078 0.030653 0
7791.770078 0.023157 0
7793.430078 0.022852 0
7795.090078 0.011204 0
7796.750078 0.009362 0
7798.410078 0.009685 0
7800.070078 0.013836 0
7801.730078 0.010603 0
7803.390078 0.010136 0
7805.050078 0.020675 0
7806.710078 0.017397 0
7808.370078 0.011469 0
7810.030078 0.007719 0
7811.690078 0.005611 0
7813.350078 0.014582 0
7815.010078 0.011138 0
7816.670078 0.020216 0
7818.330078 0.020811 0
7819.990078 0.024157 0
7821.650078 0.023679 0
7823.310078 -0.022699 0
7824.970078 -0.005159 0
7826.630078 0.013154 0
7828.290078 0.012264 0
7829.950078 0.013547 0
7831.610078 0.017928 0
7833.270078 0.017265 0
7834.930078 0.017877 0
7836.590078 0.020057 0
7838.250078 0.026002 0
7839.910078 0.012466 0
7841.570078 0.015086 0
7843.230078 0.005307 0
7844.890078 0.013397 0
7846.550078 0.025455 0
7848.210078 0.024229 0
7849.870078 0.028908 0
7851.530078 0.007761 0
7853.190078 0.020319 0
7854.850078 0.016139 0
7856.510078 0.000987 0
7858.170078 0.021538 0
7859.830078 0.031172 0
7861.490078 0.013440 0
7863.150078 0.011975 0
7864.810078 0.014520 0
7866.470078 0.025220 0
7868.130078 0.027355 0
7869.790078 0.014596 0
7871.450078 0.024480 0
7873.110078 0.002646 0
7874.770078 0.017602 0
7876.430078 0.028829 0
7878.090078 0.022421 0
7879.750078 0.018801 0
7881.410078 0.014638 0
7883.070078 0.013979 0
7884.730078 0.008039 0
7886.390078 0.023155 0
7888.050078 0.021961 0
7889.710078 0.023945 0
7891.370078 0.010350 0
7893.030078 0.013543 0
7894.690078 0.018411 0
7896.350078 0.017140 0
7898.010078 0.019445 0
7899.670078 0.022171 0
7901.330078 0.017655 0
7902.990078 0.016916 0
7904.650078 0.022085 0
7906.310078 0.022667 0
7907.970078 0.020480 0
7909.630078 0.036336 0
7911.290078 0.050885 0
7912.950078 0.018395 0
7914.610078 0.011709 0
7916.270078 -0.002849 0
7917.930078 0.009920 0
7919.590078 0.021296 0
7921.250078 0.017527 0
7922.910078 0.006155 0
7924.570078 0.000496 0
7926.230078 0.013799 0
7927.890078 0.023517 0
7929.550078 0.021490 0
7931.210078 0.017541 0
7932.870078 0.013694 0
7934.530078 0.017718 0
7936.190078 0.014355 0
7937.850078 0.018492 0
7939.510078 0.018679 0
7941.170078 0.023709 0
7942.830078 0.020886 0
7944.490078 0.020626 0
7946.150078 0.031842 0
7947.810078 0.022535 0
7949.470078 0.015111 0
7951.130078 0.014999 0
7952.790078 0.018584 0
7954.450078 0.017235 0
7956.110078 0.019427 0
7957.770078 0.020740 0
7959.430078 0.026288 0
7961.090078 0.043851 0
7962.750078 0.034911 0
7964.410078 0.007214 0
7966.070078 0.018929 0
7967.730078 0.008297 0
7969.390078 0.013621 0
7971.050078 0.016443 0
7972.710078 0.017450 0
7974.370078 0.019478 0
7976.030078 0.026659 0
7977.690078 0.010078 0
7979.350078 0.011271 0
7981.010078 0.011415 0
7982.670078 0.016143 0
7984.330078 0.013621 0
7985.990078 0.013413 0
7987.650078 0.016370 0
7989.310078 0.039626 0
7990.970078 0.039140 0
7992.630078 0.026764 0
7994.290078 0.027067 0
7995.950078 -0.010415 0
7997.610078 0.008626 0
7999.270078 0.018835 0
8000.930078 0.016650 0
8002.590078 0.018777 0
8004.250078 0.019799 0
8005.910078 0.019035 0
8007.570078 0.021312 0
8009.230078 0.018871 0
8010.890078 0.026340 0
8012.550078 0.024178 0
8014.210078 0.017089 0
8015.870078 0.023596 0
8017.530078 0.007071 0
8019.190078 0.019336 0
8020.850078 0.020341 0
8022.510078 0.023531 0
8024.170078 0.014416 0
8025.830078 0.006940 0
8027.490078 0.006658 0
8029.150078 0.003463 0
8030.810078 0.024573 0
8032.470078 0.018659 0
8034.130078 0.015100 0
8035.790078 0.018177 0
8037.450078 0.017614 0
8039.110078 0.013902 0
8040.770078 0.014064 0
8042.430078 0.014903 0
8044.090078 0.015950 0
8045.750078 0.019472 0
8047.410078 0.018692 0
8049.070078 0.016885 0
8050.730078 0.019510 0
8052.390078 0.028333 0
8054.050078 0.020571 0
8055.710078 0.014660 0
8057.370078 0.022165 0
8059.030078 0.027604 0
8060.690078 0.013231 0
8062.350078 0.003195 0
8064.010078 0.010968 0
8065.670078 0.010243 0
8067.330078 0.012406 0
8068.990078 0.016802 0
8070.650078 0.016103 0
8072.310078 0.017415 0
8073.970078 0.019297 0
8075.630078 0.018622 0
8077.290078 0.013969 0
8078.950078 0.011870 0
8080.610078 0.015395 0
8082.270078 0.015519 0
8083.930078 0.013364 0
8085.590078 0.014614 0
8087.250078 0.009595 0
8088.910078 0.020129 0
8090.570078 0.010098 0
8092.230078 0.019269 0
8093.890078 0.015901 0
8095.550078 0.011447 0
8097.210078 0.014199 0
8098.870078 0.021778 0
8100.530078 0.024571 0
8102.190078 0.018059 0
8103.850078 0.015075 0
8105.510078 0.015188 0
8107.170078 0.018684 0
8108.830078 0.019311 0
8110.490078 0.015951 0
8112.150078 0.014899 0
8113.810078 0.019105 0
8115.470078 0.013441 0
8117.130078 0.015744 0
8118.790078 0.021233 0
8120.450078 0.015305 0
8122.110078 0.012683 0
8123.770078 0.021698 0
8125.430078 0.016483 0
8127.090078 0.013675 0
8128.750078 0.022664 0
8130.410078 0.020087 0
8132.070078 0.013022 0
8133.730078 0.018947 0
8135.390078 0.012410 0
8137.050078 0.018676 0
8138.710078 0.015654 0
8140.370078 0.017834 0
8142.030078 0.015878 0
8143.690078 0.015946 0
8145.350078 0.015910 0
8147.010078 0.013385 0
8148.670078 0.013909 0
8150.330078 0.013251 0
8151.990078 0.014214 0
8153.650078 0.012113 0
8155.310078 0.018870 0
8156.970078 0.013796 0
8158.630078 0.018217 0
8160.290078 0.020222 0
8161.950078 0.014713 0
8163.610078 0.018714 0
8165.270078 0.017958 0
8166.930078 0.017993 0
8168.590078 0.012665 0
8170.250078 0.012848 0
8171.910078 0.016478 0
8173.570078 0.016206 0
8175.230078 0.016010 0
8176.890078 0.013225 0
8178.550078 0.015041 0
8180.210078 0.016607 0
8181.870078 0.014444 0
8183.530078 0.019171 0
8185.190078 0.012902 0
8186.850078 0.011777 0
8188.510078 0.021927 0
8190.170078 0.016614 0
8191.830078 0.012125 0
8193.490078 0.014043 0
8195.150078 0.017947 0
8196.810078 0.017579 0
8198.470078 0.014857 0
8200.130078 0.018463 0
8201.790078 0.017904 0
8203.450078 0.017653 0
8205.110078 0.016539 0
8206.770078 0.015522 0
8208.430078 0.015337 0
8210.090078 0.015910 0
8211.750078 0.014763 0
8213.410078 0.017203 0
8215.070078 0.018434 0
8216.730078 0.016888 0
8218.390078 0.015229 0
8220.050078 0.015042 0
8221.710078 0.015579 0
8223.370078 0.012362 0
8225.030078 0.018516 0
8226.690078 0.017110 0
8228.350078 0.014933 0
8230.010078 0.015971 0
8231.670078 0.016501 0
8233.330078 0.020620 0
8234.990078 0.022194 0
8236.650078 0.013845 0
8238.310078 0.016257 0
8239.970078 0.015740 0
8241.630078 0.012221 0
8243.290078 0.015961 0
8244.950078 0.011707 0
8246.610078 0.013282 0
8248.270078 0.014032 0
8249.930078 0.016066 0
8251.590078 0.018805 0
8253.250078 0.017025 0
8254.910078 0.016024 0
8256.570078 0.017741 0
8258.230078 0.016163 0
8259.890078 0.016858 0
8261.550078 0.014706 0
8263.210078 0.015382 0
8264.870078 0.016386 0
8266.530078 0.011185 0
8268.190078 0.017161 0
8269.850078 0.018047 0
8271.510078 0.020526 0
8273.170078 0.011045 0
8274.830078 0.021382 0
8276.490078 0.014321 0
8278.150078 0.007834 0
8279.810078 0.024428 0
8281.470078 0.015064 0
8283.130078 0.023798 0
8284.790078 0.017300 0
8286.450078 0.018238 0
8288.110078 0.002472 0
8289.770078 0.020731 0
8291.430078 0.002141 0
8293.090078 0.011666 0
8294.750078 0.014400 0
8296.410078 0.018413 0
8298.070078 0.015064 0
8299.730078 0.006677 0
8301.390078 -0.006689 0
8303.050078 0.016676 0
8304.710078 0.023653 0
8306.370078 0.017592 0
8308.030078 0.023654 0
8309.690078 0.022313 0
8311.350078 0.013874 0
8313.010078 0.008690 0
8314.670078 0.004970 0
8316.330078 0.022283 0
8317.990078 0.015200 0
8319.650078 0.010898 0
8321.310078 0.017308 0
8322.970078 0.017891 0
8324.630078 0.016495 0
8326.290078 0.017929 0
8327.950078 0.015899 0
8329.610078 0.015125 0
8331.270078 0.014005 0
8332.930078 0.019707 0
8334.590078 0.015615 0
8336.250078 0.016928 0
8337.910078 0.018124 0
8339.570078 0.015266 0
8341.230078 0.020425 0
8342.890078 -0.015395 0
8344.550078 0.002675 0
8346.210078 0.012361 0
8347.870078 -0.004377 0
8349.530078 0.022436 0
8351.190078 0.023229 0
8352.850078 0.021352 0
8354.510078 0.010535 0
8356.170078 0.010715 0
8357.830078 0.018169 0
8359.490078 0.012331 0
8361.150078 0.011245 0
8362.810078 0.021256 0
8364.470078 0.014946 0
8366.130078 0.018052 0
8367.790078 0.020911 0
8369.450078 0.014204 0
8371.110078 0.017806 0
8372.770078 0.014009 0
8374.430078 0.015659 0
8376.090078 0.016133 0
8377.750078 0.014599 0
8379.410078 0.016377 0
8381.070078 0.012472 0
8382.730078 0.008797 0
8384.390078 0.005608 0
8386.050078 0.009330 0
8387.710078 0.014752 0
8389.370078 0.017844 0
8391.030078 0.016718 0
8392.690078 0.016945 0
8394.350078 0.010429 0
8396.010078 0.017047 0
8397.670078 0.005512 0
8399.330078 -0.006278 0
8400.990078 0.015358 0
8402.650078 0.012719 0
8404.310078 0.022496 0
8405.970078 0.013418 0
8407.630078 0.013444 0
8409.290078 0.013238 0
8410.950078 0.002656 0
8412.610078 0.006133 0
8414.270078 0.003075 0
8415.930078 0.008924 0
8417.590078 0.011914 0
8419.250078 0.020582 0
8420.910078 0.021303 0
8422.570078 0.017257 0
8424.230078 0.016173 0
8425.890078 -0.018549 0
8427.550078 0.021003 0
8429.210078 -0.002660 0
8430.870078 0.019211 0
8432.530078 0.011277 0
8434.190078 0.010811 0
8435.850078 0.022010 0
8437.510078 0.013484 0
8439.170078 0.014616 0
8440.830078 0.014297 0
8442.490078 0.008891 0
8444.150078 0.015485 0
8445.810078 0.015984 0
8447.470078 0.008194 0
8449.130078 0.009690 0
8450.790078 0.010068 0
8452.450078 0.015167 0
8454.110078 0.020680 0
8455.770078 0.019155 0
8457.430078 0.013517 0
8459.090078 0.013521 0
8460.750078 -0.003743 0
8462.410078 0.002212 0
8464.070078 0.004977 0
8465.730078 -0.001694 0
8467.390078 0.042363 0
8469.050078 0.015336 0
8470.710078 0.019592 0
8472.370078 0.012755 0
8474.030078 0.015399 0
8475.690078 0.024086 0
8477.350078 0.043554 0
8479.010078 0.000000 1
8480.670078 0.000000 1
8482.330078 0.000000 1
8483.990078 0.000000 1
8485.650078 0.000000 1
8487.310078 0.000000 1
8488.970078 0.000000 1
8490.630078 0.000000 1
8492.290078 0.000000 1
8493.950078 0.000000 1
8495.610078 0.000000 1
8497.270078 0.000000 1
8498.930078 0.000000 1
