# obs: 255714
# slit: 35
# z: 0.23168
# lines: [OII],H8,H,H{beta},[OIII],H{alpha}
# spec: 724
4451.680000 0.000000 1
4455.040000 0.000000 1
4458.400000 0.000000 1
4461.760000 0.000000 1
4465.120000 0.000000 1
4468.479999 0.000000 1
4471.839999 0.000000 1
4475.199999 0.000000 1
4478.559999 0.000000 1
4481.919999 0.000000 1
4485.279999 0.000000 1
4488.639999 0.000000 1
4491.999999 -0.001572 1
4495.359999 0.024538 1
4498.719999 0.111182 1
4502.079998 0.023658 1
4505.439998 0.021298 1
4508.799998 0.046844 1
4512.159998 0.045449 1
4515.519998 0.047820 0
4518.879998 0.038093 0
4522.239998 0.053624 0
4525.599998 0.030395 0
4528.959998 0.048569 0
4532.319997 0.053375 0
4535.679997 0.062755 0
4539.039997 0.052019 0
4542.399997 0.038805 0
4545.759997 0.037935 0
4549.119997 0.057049 0
4552.479997 0.036296 0
4555.839997 0.039684 0
4559.199997 0.048280 0
4562.559997 0.005064 0
4565.919996 0.041541 0
4569.279996 0.046789 0
4572.639996 0.023968 0
4575.999996 0.045968 0
4579.359996 0.055235 0
4582.719996 0.061264 0
4586.079996 0.036925 0
4589.439996 0.147839 0
4592.799996 0.234403 0
4596.159995 0.263186 0
4599.519995 0.198477 0
4602.879995 0.070317 0
4606.239995 0.016550 0
4609.599995 0.046107 0
4612.959995 0.040022 0
4616.319995 0.033896 0
4619.679995 0.027900 0
4623.039995 0.040064 0
4626.399995 0.038642 0
4629.759994 0.049432 0
4633.119994 0.039733 0
4636.479994 0.028145 0
4639.839994 0.031320 0
4643.199994 0.027315 0
4646.559994 0.047498 0
4649.919994 0.054752 0
4653.279994 0.053689 0
4656.639994 0.070898 0
4659.999993 0.091921 0
4663.359993 0.065327 0
4666.719993 0.047513 0
4670.079993 0.067811 0
4673.439993 0.049625 0
4676.799993 0.076069 0
4680.159993 0.068055 0
4683.519993 0.028037 0
4686.879993 0.027301 0
4690.239993 0.043671 0
4693.599992 0.069897 0
4696.959992 0.090320 0
4700.319992 0.070848 0
4703.679992 0.061377 0
4707.039992 0.068102 0
4710.399992 0.065013 0
4713.759992 0.075877 0
4717.119992 0.081187 0
4720.479992 0.065740 0
4723.839992 0.068414 0
4727.199991 0.034523 0
4730.559991 0.046388 0
4733.919991 0.071124 0
4737.279991 0.054358 0
4740.639991 0.068853 0
4743.999991 0.058832 0
4747.359991 0.060299 0
4750.719991 0.074307 0
4754.079991 0.062735 0
4757.439990 0.048141 0
4760.799990 0.072999 0
4764.159990 0.072402 0
4767.519990 0.095469 0
4770.879990 0.082950 0
4774.239990 0.057378 0
4777.599990 0.047198 0
4780.959990 0.045768 0
4784.319990 0.056856 0
4787.679990 0.060102 0
4791.039989 0.052967 0
4794.399989 0.030999 0
4797.759989 0.040097 0
4801.119989 0.048239 0
4804.479989 0.051493 0
4807.839989 0.050674 0
4811.199989 0.081967 0
4814.559989 0.076895 0
4817.919989 0.057508 0
4821.279988 0.077150 0
4824.639988 0.068896 0
4827.999988 0.051023 0
4831.359988 0.068255 0
4834.719988 0.049571 0
4838.079988 0.069199 0
4841.439988 0.061773 0
4844.799988 0.065997 0
4848.159988 0.045100 0
4851.519988 0.039663 0
4854.879987 0.054346 0
4858.239987 0.083451 0
4861.599987 0.059882 0
4864.959987 0.049593 0
4868.319987 0.064624 0
4871.679987 0.070294 0
4875.039987 0.044695 0
4878.399987 0.071156 0
4881.759987 0.066217 0
4885.119986 0.032763 0
4888.479986 0.036267 0
4891.839986 0.043150 0
4895.199986 0.053584 0
4898.559986 0.057798 0
4901.919986 0.048082 0
4905.279986 0.051379 0
4908.639986 0.044186 0
4911.999986 0.050671 0
4915.359986 0.079678 0
4918.719985 0.055298 0
4922.079985 0.088172 0
4925.439985 0.074332 0
4928.799985 0.066563 0
4932.159985 0.060369 0
4935.519985 0.062868 0
4938.879985 0.070297 0
4942.239985 0.052746 0
4945.599985 0.069586 0
4948.959984 0.067494 0
4952.319984 0.073144 0
4955.679984 0.075870 0
4959.039984 0.060425 0
4962.399984 0.073409 0
4965.759984 0.070291 0
4969.119984 0.057899 0
4972.479984 0.063288 0
4975.839984 0.061678 0
4979.199984 0.078962 0
4982.559983 0.072701 0
4985.919983 0.069301 0
4989.279983 0.072830 0
4992.639983 0.079724 0
4995.999983 0.069012 0
4999.359983 0.072325 0
5002.719983 0.066956 0
5006.079983 0.073941 0
5009.439983 0.065597 0
5012.799982 0.050938 0
5016.159982 0.074467 0
5019.519982 0.068866 0
5022.879982 0.078107 0
5026.239982 0.067583 0
5029.599982 0.065453 0
5032.959982 0.059899 0
5036.319982 0.048858 0
5039.679982 0.055506 0
5043.039982 0.043325 0
5046.399981 0.070943 0
5049.759981 0.057933 0
5053.119981 0.052040 0
5056.479981 0.064381 0
5059.839981 0.061331 0
5063.199981 0.072487 0
5066.559981 0.091358 0
5069.919981 0.083635 0
5073.279981 0.058509 0
5076.639980 0.085477 0
5079.999980 0.075745 0
5083.359980 0.064420 0
5086.719980 0.060293 0
5090.079980 0.065101 0
5093.439980 0.067401 0
5096.799980 0.039714 0
5100.159980 0.063470 0
5103.519980 0.085868 0
5106.879980 0.090755 0
5110.239979 0.054020 0
5113.599979 0.074010 0
5116.959979 0.081670 0
5120.319979 0.069662 0
5123.679979 0.046873 0
5127.039979 0.077152 0
5130.399979 0.064840 0
5133.759979 0.073013 0
5137.119979 0.077221 0
5140.479978 0.054904 0
5143.839978 0.077357 0
5147.199978 0.062990 0
5150.559978 0.071779 0
5153.919978 0.064154 0
5157.279978 0.055156 0
5160.639978 0.054904 0
5163.999978 0.064415 0
5167.359978 0.067412 0
5170.719978 0.063144 0
5174.079977 0.080243 0
5177.439977 0.075278 0
5180.799977 0.078156 0
5184.159977 0.095807 0
5187.519977 0.075362 0
5190.879977 0.053037 0
5194.239977 0.065739 0
5197.599977 0.062802 0
5200.959977 0.057488 0
5204.319977 0.061785 0
5207.679976 0.059198 0
5211.039976 0.067097 0
5214.399976 0.053868 0
5217.759976 0.043761 0
5221.119976 0.048829 0
5224.479976 0.069537 0
5227.839976 0.070970 0
5231.199976 0.075492 0
5234.559976 0.065336 0
5237.919975 0.064151 0
5241.279975 0.060891 0
5244.639975 0.070507 0
5247.999975 0.073295 0
5251.359975 0.066537 0
5254.719975 0.074266 0
5258.079975 0.058731 0
5261.439975 0.081774 0
5264.799975 0.068613 0
5268.159975 0.076829 0
5271.519974 0.080933 0
5274.879974 0.062342 0
5278.239974 0.090250 0
5281.599974 0.079595 0
5284.959974 0.060023 0
5288.319974 0.077620 0
5291.679974 0.044565 0
5295.039974 0.051762 0
5298.399974 0.077127 0
5301.759973 0.058543 0
5305.119973 0.048230 0
5308.479973 0.065031 0
5311.839973 0.068000 0
5315.199973 0.057359 0
5318.559973 0.071300 0
5321.919973 0.059009 0
5325.279973 0.061902 0
5328.639973 0.053640 0
5331.999973 0.057445 0
5335.359972 0.058718 0
5338.719972 0.049781 0
5342.079972 0.083217 0
5345.439972 0.070286 0
5348.799972 0.075131 0
5352.159972 0.092503 0
5355.519972 0.050578 0
5358.879972 0.056436 0
5362.239972 0.069186 0
5365.599971 0.065927 0
5368.959971 0.049949 0
5372.319971 0.051723 0
5375.679971 0.063621 0
5379.039971 0.073297 0
5382.399971 0.051944 0
5385.759971 0.066456 0
5389.119971 0.075027 0
5392.479971 0.060043 0
5395.839971 0.062723 0
5399.199970 0.071366 0
5402.559970 0.071476 0
5405.919970 0.064808 0
5409.279970 0.063203 0
5412.639970 0.052878 0
5415.999970 0.059371 0
5419.359970 0.070864 0
5422.719970 0.079925 0
5426.079970 0.078127 0
5429.439969 0.077378 0
5432.799969 0.069860 0
5436.159969 0.080324 0
5439.519969 0.080729 0
5442.879969 0.059563 0
5446.239969 0.069781 0
5449.599969 0.054782 0
5452.959969 0.064103 0
5456.319969 0.067520 0
5459.679969 0.064599 0
5463.039968 0.052589 0
5466.399968 0.075778 0
5469.759968 0.071670 0
5473.119968 0.068893 0
5476.479968 0.061160 0
5479.839968 0.072610 0
5483.199968 0.068861 0
5486.559968 0.056134 0
5489.919968 0.072970 0
5493.279967 0.074296 0
5496.639967 0.080803 0
5499.999967 0.069237 0
5503.359967 0.065039 0
5506.719967 0.086326 0
5510.079967 0.083237 0
5513.439967 0.076688 0
5516.799967 0.075358 0
5520.159967 0.059643 0
5523.519967 0.062661 0
5526.879966 0.062421 0
5530.239966 0.048729 0
5533.599966 0.052784 0
5536.959966 0.069337 0
5540.319966 0.074933 0
5543.679966 0.067444 0
5547.039966 0.061710 0
5550.399966 0.075078 0
5553.759966 0.092888 0
5557.119965 0.071673 0
5560.479965 0.076676 0
5563.839965 0.064364 1
5567.199965 0.077211 1
5570.559965 -0.334344 1
5573.919965 0.029445 1
5577.279965 0.038774 1
5580.639965 0.041949 1
5583.999965 0.474478 1
5587.359965 0.084816 1
5590.719964 0.080004 1
5594.079964 0.070005 1
5597.439964 0.072815 0
5600.799964 0.062619 0
5604.159964 0.053192 0
5607.519964 0.059366 0
5610.879964 0.080937 0
5614.239964 0.082181 0
5617.599964 0.070331 0
5620.959963 0.049416 0
5624.319963 0.065017 0
5627.679963 0.054634 0
5631.039963 0.070396 0
5634.399963 0.078725 0
5637.759963 0.066790 0
5641.119963 0.064775 0
5644.479963 0.068669 0
5647.839963 0.058327 0
5651.199963 0.072337 0
5654.559962 0.076170 0
5657.919962 0.058273 0
5661.279962 0.071554 0
5664.639962 0.062639 0
5667.999962 0.069112 0
5671.359962 0.078899 0
5674.719962 0.062916 0
5678.079962 0.065388 0
5681.439962 0.064088 0
5684.799962 0.081801 0
5688.159961 0.071080 0
5691.519961 0.064309 0
5694.879961 0.062413 0
5698.239961 0.066621 0
5701.599961 0.059996 0
5704.959961 0.062535 0
5708.319961 0.045875 0
5711.679961 0.077636 0
5715.039961 0.070167 0
5718.399960 0.051659 0
5721.759960 0.082474 0
5725.119960 0.058423 0
5728.479960 0.049214 0
5731.839960 0.074733 0
5735.199960 0.055363 0
5738.559960 0.076444 0
5741.919960 0.076068 0
5745.279960 0.058197 0
5748.639960 0.050281 0
5751.999959 0.071731 0
5755.359959 0.054286 0
5758.719959 0.050520 0
5762.079959 0.078425 0
5765.439959 0.054646 0
5768.799959 0.048616 0
5772.159959 0.073634 0
5775.519959 0.061099 0
5778.879959 0.057418 0
5782.239958 0.064783 0
5785.599958 0.048141 0
5788.959958 0.068714 1
5792.319958 0.081857 1
5795.679958 0.080189 1
5799.039958 0.063453 1
5802.399958 0.073042 1
5805.759958 0.083073 1
5809.119958 0.078045 1
5812.479958 0.057360 1
5815.839957 0.081626 1
5819.199957 0.062946 1
5822.559957 0.070546 1
5825.919957 0.077778 1
5829.279957 0.058993 1
5832.639957 0.067527 1
5835.999957 0.072556 1
5839.359957 0.068419 0
5842.719957 0.064589 0
5846.079956 0.061686 0
5849.439956 0.049139 0
5852.799956 0.063676 0
5856.159956 0.064693 0
5859.519956 0.066644 0
5862.879956 0.056483 0
5866.239956 0.061917 0
5869.599956 0.067420 0
5872.959956 0.064848 0
5876.319956 0.063313 0
5879.679955 0.061436 0
5883.039955 0.060375 0
5886.399955 0.080364 0
5889.759955 0.066556 0
5893.119955 0.064088 0
5896.479955 0.093095 0
5899.839955 0.054788 0
5903.199955 0.094779 0
5906.559955 0.091879 0
5909.919954 0.057277 0
5913.279954 0.064220 0
5916.639954 0.075153 0
5919.999954 0.064080 0
5923.359954 0.067718 0
5926.719954 0.070589 0
5930.079954 0.063301 0
5933.439954 0.071716 0
5936.799954 0.070642 0
5940.159954 0.050645 0
5943.519953 0.060105 0
5946.879953 0.045816 0
5950.239953 0.043955 0
5953.599953 0.061138 0
5956.959953 0.075829 0
5960.319953 0.054886 0
5963.679953 0.034237 0
5967.039953 0.058947 0
5970.399953 0.059936 0
5973.759952 0.073667 0
5977.119952 0.058363 0
5980.479952 0.058990 0
5983.839952 0.087695 0
5987.199952 0.106099 0
5990.559952 0.118163 0
5993.919952 0.086572 0
5997.279952 0.047928 0
6000.639952 0.044588 0
6003.999952 0.056659 0
6007.359951 0.068403 0
6010.719951 0.076765 0
6014.079951 0.058938 0
6017.439951 0.076984 0
6020.799951 0.088076 0
6024.159951 0.073860 0
6027.519951 0.049754 0
6030.879951 0.054906 0
6034.239951 0.076748 0
6037.599950 0.072523 0
6040.959950 0.064329 0
6044.319950 0.069763 0
6047.679950 0.055791 0
6051.039950 0.057601 0
6054.399950 0.088723 0
6057.759950 0.069315 0
6061.119950 0.055578 0
6064.479950 0.045947 0
6067.839950 0.082753 0
6071.199949 0.082262 0
6074.559949 0.077176 0
6077.919949 0.067004 0
6081.279949 0.059947 0
6084.639949 0.072563 0
6087.999949 0.060217 0
6091.359949 0.077123 0
6094.719949 0.078511 0
6098.079949 0.071659 0
6101.439948 0.092285 0
6104.799948 0.107825 0
6108.159948 0.089690 0
6111.519948 0.085171 0
6114.879948 0.073476 0
6118.239948 0.054353 0
6121.599948 0.057537 0
6124.959948 0.072091 0
6128.319948 0.053730 0
6131.679948 0.075776 0
6135.039947 0.072630 0
6138.399947 0.046806 0
6141.759947 0.052275 0
6145.119947 0.068090 0
6148.479947 0.073245 0
6151.839947 0.063042 0
6155.199947 0.057168 0
6158.559947 0.074202 0
6161.919947 0.131284 0
6165.279947 0.161968 0
6168.639946 0.150904 0
6171.999946 0.128900 0
6175.359946 0.101353 0
6178.719946 0.064383 0
6182.079946 0.061894 0
6185.439946 0.060301 0
6188.799946 0.060386 0
6192.159946 0.040174 0
6195.519946 0.054278 0
6198.879945 0.066827 0
6202.239945 0.069843 0
6205.599945 0.069912 0
6208.959945 0.068538 0
6212.319945 0.059324 0
6215.679945 0.053668 0
6219.039945 0.061057 0
6222.399945 0.057084 0
6225.759945 0.058008 0
6229.119945 0.041732 0
6232.479944 0.062766 0
6235.839944 0.080402 0
6239.199944 0.063680 0
6242.559944 0.064720 0
6245.919944 0.055987 0
6249.279944 0.052686 0
6252.639944 0.040194 0
6255.999944 0.066132 0
6259.359944 0.075976 0
6262.719943 0.080267 0
6266.079943 0.068735 0
6269.439943 0.071325 0
6272.799943 0.063874 0
6276.159943 0.063238 0
6279.519943 0.057101 0
6282.879943 0.065715 0
6286.239943 0.059656 1
6289.599943 0.059279 1
6292.959943 0.069167 1
6296.319942 0.092275 1
6299.679942 0.034335 1
6303.039942 0.014271 1
6306.399942 0.062334 1
6309.759942 0.088589 1
6313.119942 0.072756 1
6316.479942 0.070934 0
6319.839942 0.069721 0
6323.199942 0.062668 0
6326.559941 0.073827 0
6329.919941 0.082528 0
6333.279941 0.064084 0
6336.639941 0.060727 0
6339.999941 0.072947 0
6343.359941 0.061901 0
6346.719941 0.066183 0
6350.079941 0.054035 0
6353.439941 0.047910 0
6356.799941 0.028496 0
6360.159940 0.073869 0
6363.519940 0.062394 0
6366.879940 0.022576 0
6370.239940 0.053269 0
6373.599940 0.044577 0
6376.959940 0.059117 0
6380.319940 0.079605 0
6383.679940 0.059574 0
6387.039940 0.061457 0
6390.399939 0.053757 0
6393.759939 0.051472 0
6397.119939 0.056192 0
6400.479939 0.052845 0
6403.839939 0.069944 0
6407.199939 0.069125 0
6410.559939 0.060947 0
6413.919939 0.056896 0
6417.279939 0.067895 0
6420.639939 0.064986 0
6423.999938 0.071326 0
6427.359938 0.053576 0
6430.719938 0.047164 0
6434.079938 0.070218 0
6437.439938 0.060218 0
6440.799938 0.063506 0
6444.159938 0.067058 0
6447.519938 0.066682 0
6450.879938 0.063205 0
6454.239937 0.056351 0
6457.599937 0.051399 0
6460.959937 0.068234 0
6464.319937 0.059857 0
6467.679937 0.045977 0
6471.039937 0.065164 0
6474.399937 0.061461 0
6477.759937 0.062407 0
6481.119937 0.063063 0
6484.479937 0.048759 0
6487.839936 0.054967 0
6491.199936 0.072519 0
6494.559936 0.061013 0
6497.919936 0.040567 0
6501.279936 0.073247 0
6504.639936 0.051439 0
6507.999936 0.072603 0
6511.359936 0.077680 0
6514.719936 0.059800 0
6518.079935 0.044203 0
6521.439935 0.057096 0
6524.799935 0.059618 0
6528.159935 0.051696 0
6531.519935 0.058660 0
6534.879935 0.067475 0
6538.239935 0.058015 0
6541.599935 0.067113 0
6544.959935 0.072384 0
6548.319935 0.069120 0
6551.679934 0.056659 0
6555.039934 0.055174 0
6558.399934 0.075188 0
6561.759934 0.054247 0
6565.119934 0.068815 0
6568.479934 0.052752 0
6571.839934 0.053613 0
6575.199934 0.055602 0
6578.559934 0.069412 0
6581.919933 0.062357 0
6585.279933 0.057744 0
6588.639933 0.050227 0
6591.999933 0.052954 0
6595.359933 0.063785 0
6598.719933 0.076135 0
6602.079933 0.062214 0
6605.439933 0.056148 0
6608.799933 0.069628 0
6612.159933 0.061564 0
6615.519932 0.054827 0
6618.879932 0.056560 0
6622.239932 0.061301 0
6625.599932 0.037795 0
6628.959932 0.057933 0
6632.319932 0.077523 0
6635.679932 0.072796 0
6639.039932 0.054682 0
6642.399932 0.062101 0
6645.759932 0.084355 0
6649.119931 0.037165 0
6652.479931 0.066626 0
6655.839931 0.064032 0
6659.199931 0.071176 0
6662.559931 0.076099 0
6665.919931 0.075600 0
6669.279931 0.061334 0
6672.639931 0.067844 0
6675.999931 0.067612 0
6679.359930 0.064807 0
6682.719930 0.047587 0
6686.079930 0.053693 0
6689.439930 0.063976 0
6692.799930 0.060566 0
6696.159930 0.052762 0
6699.519930 0.045626 0
6702.879930 0.066696 0
6706.239930 0.055140 0
6709.599930 0.059456 0
6712.959929 0.062786 0
6716.319929 0.063506 0
6719.679929 0.051507 0
6723.039929 0.051891 0
6726.399929 0.077219 0
6729.759929 0.050366 0
6733.119929 0.060114 0
6736.479929 0.065198 0
6739.839929 0.053712 0
6743.199928 0.051753 0
6746.559928 0.058553 0
6749.919928 0.066946 0
6753.279928 0.054655 0
6756.639928 0.045859 0
6759.999928 0.053039 0
6763.359928 0.069338 0
6766.719928 0.076900 0
6770.079928 0.054260 0
6773.439928 0.064461 0
6776.799927 0.054652 0
6780.159927 0.056808 0
6783.519927 0.055898 0
6786.879927 0.055358 0
6790.239927 0.064050 0
6793.599927 0.059751 0
6796.959927 0.055431 0
6800.319927 0.068171 0
6803.679927 0.064631 0
6807.039926 0.068200 0
6810.399926 0.064021 0
6813.759926 0.057797 0
6817.119926 0.060697 0
6820.479926 0.059228 0
6823.839926 0.054033 0
6827.199926 0.054161 0
6830.559926 0.076338 0
6833.919926 0.083704 0
6837.279926 0.069128 0
6840.639925 0.072083 0
6843.999925 0.064144 0
6847.359925 0.060909 0
6850.719925 0.064986 0
6854.079925 0.063748 0
6857.439925 0.041971 0
6860.799925 0.076107 0
6864.159925 0.056002 0
6867.519925 0.058931 0
6870.879924 0.045370 0
6874.239924 0.039459 0
6877.599924 0.044387 0
6880.959924 0.052218 0
6884.319924 0.036788 0
6887.679924 0.042388 0
6891.039924 0.038408 0
6894.399924 0.050673 0
6897.759924 0.057319 0
6901.119924 0.061350 0
6904.479923 0.058210 0
6907.839923 0.042604 0
6911.199923 0.050372 0
6914.559923 0.063614 0
6917.919923 0.050860 0
6921.279923 0.071824 0
6924.639923 0.053476 0
6927.999923 0.064537 0
6931.359923 0.064745 0
6934.719922 0.052508 0
6938.079922 0.073179 0
6941.439922 0.059759 0
6944.799922 0.068116 0
6948.159922 0.078041 0
6951.519922 0.064075 0
6954.879922 0.062661 0
6958.239922 0.062706 0
6961.599922 0.060157 0
6964.959922 0.059781 0
6968.319921 0.066850 0
6971.679921 0.066246 0
6975.039921 0.059593 0
6978.399921 0.048793 0
6981.759921 0.067301 0
6985.119921 0.049830 0
6988.479921 0.059089 0
6991.839921 0.075288 0
6995.199921 0.075525 0
6998.559920 0.079843 0
7001.919920 0.059270 0
7005.279920 0.049328 0
7008.639920 0.061823 0
7011.999920 0.058339 0
7015.359920 0.079853 0
7018.719920 0.064058 0
7022.079920 0.061044 0
7025.439920 0.058551 0
7028.799920 0.051035 0
7032.159919 0.055822 0
7035.519919 0.054749 0
7038.879919 0.056199 0
7042.239919 0.067317 0
7045.599919 0.053913 0
7048.959919 0.073804 0
7052.319919 0.068571 0
7055.679919 0.064824 0
7059.039919 0.058507 0
7062.399918 0.068213 0
7065.759918 0.065642 0
7069.119918 0.062892 0
7072.479918 0.058163 0
7075.839918 0.060562 0
7079.199918 0.051608 0
7082.559918 0.051013 0
7085.919918 0.049047 0
7089.279918 0.054343 0
7092.639918 0.048893 0
7095.999917 0.065144 0
7099.359917 0.066559 0
7102.719917 0.060306 0
7106.079917 0.058856 0
7109.439917 0.058524 0
7112.799917 0.059903 0
7116.159917 0.053617 0
7119.519917 0.061090 0
7122.879917 0.057351 0
7126.239916 0.068044 0
7129.599916 0.066351 0
7132.959916 0.048913 0
7136.319916 0.051254 0
7139.679916 0.070398 0
7143.039916 0.060953 0
7146.399916 0.055997 0
7149.759916 0.050076 0
7153.119916 0.071734 0
7156.479916 0.059591 0
7159.839915 0.043688 0
7163.199915 0.051125 0
7166.559915 0.055925 0
7169.919915 0.066566 0
7173.279915 0.064608 0
7176.639915 0.051716 0
7179.999915 0.043324 0
7183.359915 0.044729 0
7186.719915 0.040746 0
7190.079915 0.050299 0
7193.439914 0.048643 0
7196.799914 0.063356 0
7200.159914 0.064580 0
7203.519914 0.055824 0
7206.879914 0.042387 0
7210.239914 0.048967 0
7213.599914 0.051836 0
7216.959914 0.059779 0
7220.319914 0.055667 0
7223.679913 0.054908 0
7227.039913 0.043187 0
7230.399913 0.053007 0
7233.759913 0.067428 0
7237.119913 0.050522 0
7240.479913 0.069991 0
7243.839913 0.057183 0
7247.199913 0.048362 0
7250.559913 0.047486 0
7253.919913 0.061641 0
7257.279912 0.064107 0
7260.639912 0.053303 0
7263.999912 0.059878 0
7267.359912 0.053495 0
7270.719912 0.058254 0
7274.079912 0.054453 0
7277.439912 0.061757 0
7280.799912 0.101190 0
7284.159912 0.051676 0
7287.519911 0.048804 0
7290.879911 0.045542 0
7294.239911 0.064383 0
7297.599911 0.056064 0
7300.959911 0.052736 0
7304.319911 0.077396 0
7307.679911 0.049124 0
7311.039911 0.063318 0
7314.399911 0.051388 0
7317.759911 0.057841 0
7321.119910 0.055462 0
7324.479910 0.077069 0
7327.839910 0.048596 0
7331.199910 0.051664 0
7334.559910 0.057678 0
7337.919910 0.063328 0
7341.279910 0.032263 0
7344.639910 0.038098 0
7347.999910 0.092232 0
7351.359909 0.067836 0
7354.719909 0.048111 0
7358.079909 0.068895 0
7361.439909 0.050853 0
7364.799909 0.038534 0
7368.159909 0.040866 0
7371.519909 0.060632 0
7374.879909 0.035673 0
7378.239909 0.053074 0
7381.599909 0.047888 0
7384.959908 0.050319 0
7388.319908 0.064344 0
7391.679908 0.052744 0
7395.039908 0.056234 0
7398.399908 0.051445 0
7401.759908 0.058810 0
7405.119908 0.044978 0
7408.479908 0.038907 0
7411.839908 0.047443 0
7415.199907 0.052080 0
7418.559907 0.062593 0
7421.919907 0.055571 0
7425.279907 0.059682 0
7428.639907 0.056454 0
7431.999907 0.055159 0
7435.359907 0.081179 0
7438.719907 0.071031 0
7442.079907 0.052193 0
7445.439907 0.067695 0
7448.799906 0.060442 0
7452.159906 0.061028 0
7455.519906 0.060908 0
7458.879906 0.052331 0
7462.239906 0.084249 0
7465.599906 0.070235 0
7468.959906 0.040039 0
7472.319906 0.037300 0
7475.679906 0.045942 0
7479.039905 0.076591 0
7482.399905 0.056770 0
7485.759905 0.034511 0
7489.119905 0.063231 0
7492.479905 0.080030 0
7495.839905 0.051602 0
7499.199905 0.050202 0
7502.559905 0.056842 0
7505.919905 0.042105 0
7509.279905 0.058947 0
7512.639904 0.057834 0
7515.999904 0.056366 0
7519.359904 0.080382 0
7522.719904 0.071775 0
7526.079904 0.066896 0
7529.439904 0.059039 0
7532.799904 0.062647 0
7536.159904 0.064269 0
7539.519904 0.062198 0
7542.879903 0.054037 0
7546.239903 0.067452 0
7549.599903 0.066823 0
7552.959903 0.051132 0
7556.319903 0.053654 0
7559.679903 0.042210 0
7563.039903 0.060419 0
7566.399903 0.060684 0
7569.759903 0.040900 0
7573.119903 0.068750 0
7576.479902 0.047615 0
7579.839902 0.056211 0
7583.199902 0.060837 0
7586.559902 0.063511 0
7589.919902 0.061684 0
7593.279902 0.066987 0
7596.639902 0.044522 0
7599.999902 0.038038 0
7603.359902 0.032598 0
7606.719901 0.017665 0
7610.079901 0.044503 0
7613.439901 0.072974 0
7616.799901 0.067705 0
7620.159901 0.040509 0
7623.519901 0.033618 0
7626.879901 0.052526 0
7630.239901 0.037507 0
7633.599901 0.033492 0
7636.959901 0.060956 0
7640.319900 0.073936 0
7643.679900 0.070245 0
7647.039900 0.052667 0
7650.399900 0.054774 0
7653.759900 0.063921 0
7657.119900 0.037419 0
7660.479900 0.031667 0
7663.839900 0.065218 0
7667.199900 0.055859 0
7670.559900 0.042124 0
7673.919899 0.047257 0
7677.279899 0.046221 0
7680.639899 0.046556 0
7683.999899 0.037262 0
7687.359899 0.048983 0
7690.719899 0.065104 0
7694.079899 0.043572 0
7697.439899 0.035334 0
7700.799899 0.052925 0
7704.159898 0.049589 0
7707.519898 0.047876 0
7710.879898 0.083832 0
7714.239898 0.042447 0
7717.599898 0.026645 0
7720.959898 0.076159 0
7724.319898 0.062319 0
7727.679898 0.052989 0
7731.039898 0.066172 0
7734.399898 0.061873 0
7737.759897 0.057006 0
7741.119897 0.067017 0
7744.479897 0.039758 0
7747.839897 0.006637 0
7751.199897 0.076708 0
7754.559897 0.072922 0
7757.919897 0.057366 0
7761.279897 0.044593 0
7764.639897 0.062799 0
7767.999896 0.060084 0
7771.359896 0.050820 0
7774.719896 0.060589 0
7778.079896 0.046677 0
7781.439896 0.036160 0
7784.799896 0.051153 0
7788.159896 0.027895 0
7791.519896 0.052972 0
7794.879896 0.071432 0
7798.239896 0.049202 0
7801.599895 0.039730 0
7804.959895 0.034600 0
7808.319895 0.050240 0
7811.679895 0.028691 0
7815.039895 0.059644 0
7818.399895 0.035426 0
7821.759895 0.049265 0
7825.119895 0.045445 0
7828.479895 0.055203 0
7831.839894 0.051970 0
7835.199894 0.048678 0
7838.559894 0.024628 0
7841.919894 0.033783 0
7845.279894 0.055630 0
7848.639894 0.029750 0
7851.999894 0.085733 0
7855.359894 0.039045 0
7858.719894 0.029987 0
7862.079894 0.041201 0
7865.439893 0.092699 0
7868.799893 0.067764 0
7872.159893 0.034367 0
7875.519893 0.026601 0
7878.879893 0.068003 0
7882.239893 0.074656 0
7885.599893 0.050508 0
7888.959893 0.027368 0
7892.319893 0.050479 0
7895.679892 0.063256 0
7899.039892 0.076601 0
7902.399892 0.079481 0
7905.759892 0.034009 0
7909.119892 0.020259 0
7912.479892 0.056862 0
7915.839892 -0.027712 0
7919.199892 0.007967 0
7922.559892 0.049923 0
7925.919892 0.044295 0
7929.279891 0.043394 0
7932.639891 0.065506 0
7935.999891 0.075069 0
7939.359891 0.045903 0
7942.719891 0.051803 0
7946.079891 0.064697 0
7949.439891 0.053254 0
7952.799891 0.065331 0
7956.159891 0.066046 0
7959.519890 0.032402 0
7962.879890 0.043266 0
7966.239890 0.062882 0
7969.599890 0.047398 0
7972.959890 0.051076 0
7976.319890 0.038994 0
7979.679890 0.075503 0
7983.039890 0.053972 0
7986.399890 0.056315 0
7989.759890 0.030858 0
7993.119889 0.029697 0
7996.479889 0.024141 0
7999.839889 0.042095 0
8003.199889 0.038119 0
8006.559889 0.042719 0
8009.919889 0.025377 0
8013.279889 0.048727 0
8016.639889 0.062103 0
8019.999889 0.036880 0
8023.359888 0.017121 0
8026.719888 0.067514 0
8030.079888 0.049916 0
8033.439888 0.061436 0
8036.799888 0.034046 0
8040.159888 0.040879 0
8043.519888 0.055815 0
8046.879888 0.052234 0
8050.239888 0.069176 0
8053.599888 0.041376 0
8056.959887 0.046577 0
8060.319887 0.049707 0
8063.679887 0.041363 0
8067.039887 0.047405 0
8070.399887 0.062253 0
8073.759887 0.064357 0
8077.119887 0.152571 0
8080.479887 0.211991 0
8083.839887 0.226735 0
8087.199886 0.246299 0
8090.559886 0.140013 0
8093.919886 0.065766 0
8097.279886 0.065495 0
8100.639886 0.077275 0
8103.999886 0.088328 0
8107.359886 0.079169 0
8110.719886 0.067820 0
8114.079886 0.091758 0
8117.439886 0.072968 0
8120.799885 0.049603 0
8124.159885 0.050731 0
8127.519885 0.048551 0
8130.879885 0.052594 0
8134.239885 0.065126 0
8137.599885 0.058686 0
8140.959885 0.057698 0
8144.319885 0.037621 0
8147.679885 0.045439 0
8151.039885 0.051099 0
8154.399884 0.055296 0
8157.759884 0.054050 0
8161.119884 0.045303 0
8164.479884 0.066669 0
8167.839884 0.064886 0
8171.199884 0.060266 0
8174.559884 0.045624 0
8177.919884 0.054122 0
8181.279884 0.039947 0
8184.639883 0.048729 0
8187.999883 0.062719 0
8191.359883 0.041937 0
8194.719883 0.057354 0
8198.079883 0.065267 0
8201.439883 0.061112 0
8204.799883 0.058641 0
8208.159883 0.059138 0
8211.519883 0.049805 0
8214.879883 0.053256 0
8218.239882 0.056712 0
8221.599882 0.044928 0
8224.959882 0.051350 0
8228.319882 0.036500 0
8231.679882 0.029534 0
8235.039882 0.047255 0
8238.399882 0.061383 0
8241.759882 0.073426 0
8245.119882 0.056815 0
8248.479881 0.057877 0
8251.839881 0.048871 0
8255.199881 0.055841 0
8258.559881 0.052294 0
8261.919881 0.070717 0
8265.279881 0.063833 0
8268.639881 0.078676 0
8271.999881 0.079473 0
8275.359881 0.058874 0
8278.719881 0.102913 0
8282.079880 0.062935 0
8285.439880 0.084701 0
8288.799880 0.091953 0
8292.159880 0.062204 0
8295.519880 0.126639 0
8298.879880 0.095126 0
8302.239880 0.048649 0
8305.599880 0.035047 0
8308.959880 0.050108 0
8312.319879 0.059559 0
8315.679879 0.060092 0
8319.039879 0.047694 0
8322.399879 0.051631 0
8325.759879 0.058764 0
8329.119879 0.055991 0
8332.479879 0.046288 0
8335.839879 0.046585 0
8339.199879 -0.000737 0
8342.559879 0.023226 0
8345.919878 -0.020935 0
8349.279878 0.080204 0
8352.639878 0.133094 0
8355.999878 0.030632 0
8359.359878 0.065802 0
8362.719878 0.058513 0
8366.079878 0.045226 0
8369.439878 0.042510 0
8372.799878 0.046113 0
8376.159877 0.031775 0
8379.519877 0.095414 0
8382.879877 0.060579 0
8386.239877 0.031580 0
8389.599877 0.054733 0
8392.959877 0.026529 0
8396.319877 0.062246 0
8399.679877 0.052655 0
8403.039877 0.063893 0
8406.399877 0.090638 0
8409.759876 0.072382 0
8413.119876 0.059405 0
8416.479876 0.043164 0
8419.839876 0.072360 0
8423.199876 0.005953 0
8426.559876 0.076725 0
8429.919876 0.081794 0
8433.279876 0.077272 0
8436.639876 0.119453 0
8439.999875 0.081061 0
8443.359875 0.059323 0
8446.719875 0.046960 0
8450.079875 0.065986 0
8453.439875 0.053176 0
8456.799875 0.046981 0
8460.159875 0.016051 0
8463.519875 0.031471 0
8466.879875 0.008695 0
8470.239875 0.038609 0
8473.599874 0.068486 0
8476.959874 0.060773 0
8480.319874 0.058742 0
8483.679874 0.047824 0
8487.039874 0.033930 0
8490.399874 0.036741 0
8493.759874 0.042271 0
8497.119874 0.051882 0
8500.479874 0.033863 0
8503.839873 0.054229 0
8507.199873 0.088674 0
8510.559873 0.072440 0
8513.919873 0.051403 0
8517.279873 0.053371 0
8520.639873 0.048677 0
8523.999873 0.052804 0
8527.359873 0.049516 0
8530.719873 0.040550 0
8534.079873 0.042517 0
8537.439872 0.050306 0
8540.799872 0.039815 0
8544.159872 0.040455 0
8547.519872 0.058032 0
8550.879872 0.085408 0
8554.239872 0.089591 0
8557.599872 0.072860 0
8560.959872 0.040970 0
8564.319872 0.044810 0
8567.679871 0.051728 0
8571.039871 0.042642 0
8574.399871 0.053804 0
8577.759871 0.075418 0
8581.119871 0.052743 0
8584.479871 0.056160 0
8587.839871 0.051783 0
8591.199871 0.050643 0
8594.559871 0.065150 0
8597.919871 0.045737 0
8601.279870 0.045162 0
8604.639870 0.058011 0
8607.999870 0.040796 0
8611.359870 0.032200 0
8614.719870 0.027911 0
8618.079870 0.039701 0
8621.439870 0.016712 0
8624.799870 0.036874 0
8628.159870 0.018835 0
8631.519870 0.069096 0
8634.879869 0.085690 0
8638.239869 0.114503 0
8641.599869 0.080433 0
8644.959869 0.068186 0
8648.319869 0.023970 0
8651.679869 0.057859 0
8655.039869 0.044773 0
8658.399869 0.069377 0
8661.759869 0.024128 0
8665.119868 0.070431 0
8668.479868 0.087740 0
8671.839868 0.068165 0
8675.199868 0.071413 0
8678.559868 0.070719 0
8681.919868 0.056083 0
8685.279868 0.075094 0
8688.639868 0.041543 0
8691.999868 0.050457 0
8695.359868 0.062619 0
8698.719867 0.069668 0
8702.079867 0.063281 0
8705.439867 0.048911 0
8708.799867 0.047456 0
8712.159867 0.068545 0
8715.519867 0.069568 0
8718.879867 0.047442 0
8722.239867 0.036572 0
8725.599867 0.043808 0
8728.959866 0.059228 0
8732.319866 0.052617 0
8735.679866 0.050116 0
8739.039866 0.038060 0
8742.399866 0.050749 0
8745.759866 0.064461 0
8749.119866 0.055192 1
8752.479866 -0.008142 1
8755.839866 -0.047604 1
8759.199866 -0.085233 1
8762.559865 -0.066987 1
8765.919865 0.110802 1
8769.279865 0.083968 1
8772.639865 0.055356 1
8775.999865 0.140583 1
8779.359865 0.085185 1
8782.719865 0.121519 1
8786.079865 0.118576 1
8789.439865 0.043671 1
8792.799864 0.045403 1
8796.159864 0.126377 1
8799.519864 0.114621 1
8802.879864 0.080174 1
8806.239864 0.042243 1
8809.599864 0.037144 1
8812.959864 0.053934 1
8816.319864 0.055148 1
8819.679864 -0.214533 1
8823.039864 -0.163908 1
8826.399863 -0.176421 1
8829.759863 0.019522 1
8833.119863 0.318025 1
8836.479863 0.284545 1
8839.839863 0.115606 1
8843.199863 0.131615 1
8846.559863 0.058007 1
8849.919863 0.051199 1
8853.279863 0.091800 1
8856.639862 0.057600 1
8859.999862 0.004746 1
8863.359862 0.009871 1
8866.719862 0.032044 1
8870.079862 0.080795 1
8873.439862 0.190776 1
8876.799862 -0.003014 1
8880.159862 -0.215193 1
8883.519862 -0.032473 1
8886.879862 0.082783 1
8890.239861 0.244194 1
8893.599861 0.266859 1
8896.959861 0.009127 1
8900.319861 -0.041000 1
8903.679861 0.037808 1
8907.039861 0.126698 1
8910.399861 0.042541 1
8913.759861 -0.271842 1
8917.119861 -0.005932 1
8920.479860 0.050644 1
8923.839860 0.258086 1
8927.199860 0.417698 1
8930.559860 0.044828 1
8933.919860 0.036192 1
8937.279860 -0.072642 1
8940.639860 0.077156 1
8943.999860 0.083661 1
8947.359860 0.022101 1
8950.719860 -0.059379 1
8954.079859 -0.129490 1
8957.439859 0.039412 1
8960.799859 0.114414 1
8964.159859 0.298951 1
8967.519859 0.128851 1
8970.879859 0.053655 1
8974.239859 0.063966 1
8977.599859 0.000000 1
8980.959859 0.000000 1
8984.319858 0.000000 1
8987.679858 0.000000 1
8991.039858 0.000000 1
8994.399858 0.000000 1
8997.759858 0.000000 1
9001.119858 0.000000 1
9004.479858 0.000000 1
9007.839858 0.000000 1
9011.199858 0.000000 1
9014.559858 0.000000 1
9017.919857 0.000000 1
9021.279857 0.000000 1
9024.639857 0.000000 1
9027.999857 0.000000 1
9031.359857 0.000000 1
9034.719857 0.000000 1
9038.079857 0.000000 1
9041.439857 0.000000 1
9044.799857 0.000000 1
9048.159856 0.000000 1
9051.519856 0.000000 1
9054.879856 0.000000 1
9058.239856 0.000000 1
9061.599856 0.000000 1
9064.959856 0.000000 1
9068.319856 0.000000 1
9071.679856 0.000000 1
9075.039856 0.000000 1
9078.399856 0.000000 1
9081.759855 0.000000 1
9085.119855 0.000000 1
9088.479855 0.000000 1
9091.839855 0.000000 1
9095.199855 0.000000 1
9098.559855 0.000000 1
9101.919855 0.000000 1
9105.279855 0.000000 1
9108.639855 0.000000 1
9111.999855 0.000000 1
9115.359854 0.000000 1
9118.719854 0.000000 1
9122.079854 0.000000 1
9125.439854 0.000000 1
9128.799854 0.000000 1
9132.159854 0.000000 1
9135.519854 0.000000 1
9138.879854 0.000000 1
9142.239854 0.000000 1
9145.599853 0.000000 1
9148.959853 0.000000 1
9152.319853 0.000000 1
9155.679853 0.000000 1
9159.039853 0.000000 1
9162.399853 0.000000 1
9165.759853 0.000000 1
9169.119853 0.000000 1
9172.479853 0.000000 1
9175.839853 0.000000 1
9179.199852 0.000000 1
9182.559852 0.000000 1
9185.919852 0.000000 1
9189.279852 0.000000 1
9192.639852 0.000000 1
9195.999852 0.000000 1
9199.359852 0.000000 1
9202.719852 0.000000 1
9206.079852 0.000000 1
9209.439851 0.000000 1
9212.799851 0.000000 1
9216.159851 0.000000 1
9219.519851 0.000000 1
9222.879851 0.000000 1
9226.239851 0.000000 1
9229.599851 0.000000 1
9232.959851 0.000000 1
9236.319851 0.000000 1
9239.679851 0.000000 1
9243.039850 0.000000 1
9246.399850 0.000000 1
9249.759850 0.000000 1
