# obs: 255720-25fits
# slit: 31
# z: 0.43689
# lines: H{beta},[OIII]
# spec: 294
5152.370000 0.000000 1
5154.030000 0.000000 1
5155.690000 0.000000 1
5157.350000 0.000000 1
5159.010000 0.000000 1
5160.670000 0.000000 1
5162.330000 0.000000 1
5163.990000 0.000000 1
5165.650000 0.000000 1
5167.310000 0.000000 1
5168.970000 0.000000 1
5170.630000 -0.011548 0
5172.290000 0.008566 0
5173.950000 0.017166 0
5175.610000 0.021784 0
5177.270000 0.015639 0
5178.930000 0.006777 0
5180.590000 -0.000842 0
5182.250000 -0.001122 0
5183.910000 0.015919 0
5185.570000 -0.000191 0
5187.230000 0.005449 0
5188.890000 -0.000724 0
5190.550000 0.009768 0
5192.210000 0.016408 0
5193.870000 -0.008005 0
5195.530000 -0.003884 0
5197.190000 -0.003207 0
5198.850000 0.027732 0
5200.510000 -0.013168 0
5202.170000 0.026216 0
5203.830000 0.010897 0
5205.490000 0.006668 0
5207.150000 0.006809 0
5208.810000 0.013044 0
5210.470000 0.014832 0
5212.130000 0.013466 0
5213.790000 0.019952 0
5215.450000 -0.003092 0
5217.110000 0.024704 0
5218.770000 0.011919 0
5220.430000 0.011004 0
5222.090000 0.026975 0
5223.750000 0.010573 0
5225.410000 0.026320 0
5227.070000 -0.004868 0
5228.730000 0.000901 0
5230.390000 -0.001203 0
5232.050000 0.021664 0
5233.710000 0.012078 0
5235.370000 0.008588 0
5237.030000 0.012855 0
5238.690000 0.027372 0
5240.350000 0.019748 0
5242.010000 0.030714 0
5243.670000 0.019304 0
5245.330000 0.000496 0
5246.990000 0.000796 0
5248.650000 0.011889 0
5250.310000 0.008323 0
5251.970000 -0.015702 0
5253.630000 0.018496 0
5255.290000 0.014429 0
5256.950000 0.018612 0
5258.610000 0.008268 0
5260.270000 0.014988 0
5261.930000 0.012098 0
5263.590000 0.010553 0
5265.250000 0.006817 0
5266.910000 0.011011 0
5268.570000 0.006807 0
5270.230000 -0.014027 0
5271.890000 0.019371 0
5273.550000 0.018906 0
5275.210000 0.023398 0
5276.870000 0.031030 0
5278.530000 0.020022 0
5280.190000 0.020895 0
5281.850000 0.020408 0
5283.510000 0.011503 0
5285.170000 0.007392 0
5286.830000 -0.003442 0
5288.490000 0.004435 0
5290.150000 -0.001500 0
5291.810000 -0.000253 0
5293.470000 0.016788 0
5295.130000 0.021505 0
5296.790000 0.010647 0
5298.450000 -0.007185 0
5300.110000 0.014025 0
5301.770000 0.001966 0
5303.430000 -0.020001 0
5305.090000 -0.006571 0
5306.750000 0.009106 0
5308.410000 0.011815 0
5310.070000 0.018108 0
5311.730000 0.010409 0
5313.390000 0.023116 0
5315.050000 0.019415 0
5316.710000 -0.005891 0
5318.370000 -0.009353 0
5320.030000 -0.013603 0
5321.690000 0.027678 0
5323.350000 0.015940 0
5325.010000 0.011932 0
5326.670000 0.024974 0
5328.330000 0.002921 0
5329.990000 0.015897 0
5331.650000 0.006455 0
5333.310000 0.001859 0
5334.970000 0.003438 0
5336.630000 0.008818 0
5338.290000 0.006400 0
5339.950000 0.019842 0
5341.610000 0.011624 0
5343.270000 0.000442 0
5344.930000 -0.005595 0
5346.590000 0.001243 0
5348.250000 0.012060 0
5349.910000 0.024494 0
5351.570000 0.022256 0
5353.230000 0.019936 0
5354.890000 0.023813 0
5356.550000 0.044641 0
5358.210000 0.074578 0
5359.870000 0.052943 0
5361.530000 0.026810 0
5363.190000 0.013050 0
5364.850000 0.017081 0
5366.510000 0.007227 0
5368.170000 0.000766 0
5369.830000 0.002534 0
5371.490000 -0.004965 0
5373.150000 0.009474 0
5374.810000 0.023737 0
5376.470000 0.019784 0
5378.130000 0.004911 0
5379.790000 0.013358 0
5381.450000 -0.004552 0
5383.110000 0.003900 0
5384.770000 0.030577 0
5386.430000 -0.000587 0
5388.090000 0.020485 0
5389.750000 0.013278 0
5391.410000 0.008665 0
5393.070000 0.014585 0
5394.730000 0.005456 0
5396.390000 -0.006726 0
5398.050000 0.017013 0
5399.710000 0.021109 0
5401.370000 0.019927 0
5403.030000 0.007314 0
5404.690000 0.006412 0
5406.350000 0.006844 0
5408.010000 0.018436 0
5409.670000 0.006912 0
5411.330000 0.016193 0
5412.990000 0.001657 0
5414.650000 -0.003127 0
5416.310000 0.011711 0
5417.970000 0.001160 0
5419.630000 0.018051 0
5421.290000 0.006802 0
5422.950000 -0.002165 0
5424.610000 0.014137 0
5426.270000 0.011449 0
5427.930000 0.018495 0
5429.590000 0.006460 0
5431.250000 0.006343 0
5432.910000 0.010501 0
5434.570000 -0.003997 0
5436.230000 0.000074 0
5437.890000 0.016181 0
5439.550000 0.009435 0
5441.210000 0.008787 0
5442.870000 0.010264 0
5444.530000 0.018403 0
5446.190000 0.007214 0
5447.850000 0.018335 0
5449.510000 0.001625 0
5451.170000 0.025306 0
5452.830000 0.017555 0
5454.490000 0.003788 0
5456.150000 0.022493 0
5457.810000 0.007776 0
5459.470000 0.015601 0
5461.130000 0.014406 0
5462.790000 0.016709 0
5464.450000 0.021149 0
5466.110000 0.006588 0
5467.770000 0.009519 0
5469.430000 0.003160 0
5471.090000 0.003868 0
5472.750000 0.017416 0
5474.410000 0.009439 0
5476.070000 0.012152 0
5477.730000 0.015995 0
5479.390000 0.013407 0
5481.050000 0.044365 0
5482.710000 0.017970 0
5484.370000 0.016541 0
5486.030000 0.002204 0
5487.690000 0.007025 0
5489.350000 0.005197 0
5491.010000 0.016057 0
5492.670000 0.006070 0
5494.330000 0.001291 0
5495.990000 0.021957 0
5497.650000 0.012502 0
5499.310000 0.012238 0
5500.970000 0.016590 0
5502.630000 0.014829 0
5504.290000 0.016113 0
5505.950000 0.006544 0
5507.610000 0.025579 0
5509.270000 0.017939 0
5510.930000 0.014224 0
5512.590000 0.000138 0
5514.250000 0.007428 0
5515.910000 0.003749 0
5517.570000 0.014719 0
5519.230000 0.019436 0
5520.890000 0.014062 0
5522.550000 0.012573 0
5524.210000 0.023457 0
5525.870000 0.036115 0
5527.530000 0.007356 0
5529.190000 0.017008 0
5530.850000 0.023071 0
5532.510000 0.004831 0
5534.170000 0.009124 0
5535.830000 0.029006 0
5537.490000 0.017107 0
5539.150000 0.013366 0
5540.810000 -0.000889 0
5542.470000 0.012122 0
5544.130000 0.027112 0
5545.790000 0.029380 0
5547.450000 0.022236 0
5549.110000 -0.006877 0
5550.770000 0.026654 0
5552.430000 0.024333 0
5554.090000 0.030905 0
5555.750000 0.027704 0
5557.410000 0.004696 0
5559.070000 0.028650 0
5560.730000 0.040693 0
5562.390000 0.008111 0
5564.050000 0.009091 0
5565.710000 0.007567 0
5567.370000 -0.002121 0
5569.030000 0.011958 0
5570.690000 0.021796 1
5572.350000 0.022187 1
5574.010000 0.038637 1
5575.670000 -0.032116 1
5577.330000 0.008675 1
5578.990000 -0.043849 1
5580.650000 -0.037637 1
5582.310000 0.030364 1
5583.970000 0.013536 1
5585.630000 0.015978 0
5587.290000 0.016678 0
5588.950000 0.007154 0
5590.610000 0.006384 0
5592.270000 0.028906 0
5593.930000 0.019317 0
5595.590000 0.010712 0
5597.250000 0.009486 0
5598.910000 0.013116 0
5600.570000 0.006761 0
5602.230000 0.009529 0
5603.890000 0.020602 0
5605.550000 0.022029 0
5607.210000 0.013756 0
5608.870000 0.023995 0
5610.530000 0.017627 0
5612.190000 -0.000177 0
5613.850000 0.012094 0
5615.510000 0.019898 0
5617.170000 0.010540 0
5618.830000 0.013000 0
5620.490000 0.002625 0
5622.150000 0.023690 0
5623.810000 0.015618 0
5625.470000 -0.001109 0
5627.130000 0.017943 0
5628.790000 0.018652 0
5630.450000 0.027891 0
5632.110000 0.004592 0
5633.770000 0.000563 0
5635.430000 0.011341 0
5637.090000 0.021094 0
5638.750000 0.023541 0
5640.410000 0.022223 0
5642.070000 0.021934 0
5643.730000 0.022209 0
5645.390000 0.008018 0
5647.050000 0.006102 0
5648.710000 0.018487 0
5650.370000 0.013180 0
5652.030000 0.019675 0
5653.690000 0.015004 0
5655.350000 0.008048 0
5657.010000 0.005278 0
5658.670000 0.019234 0
5660.330000 0.018445 0
5661.990000 0.004177 0
5663.650000 0.023589 0
5665.310000 0.033637 0
5666.970000 0.006750 0
5668.630000 0.017382 0
5670.290000 0.019406 0
5671.950000 0.009602 0
5673.610000 -0.000766 0
5675.270000 0.000857 0
5676.930000 0.007146 0
5678.590000 0.024662 0
5680.250000 0.023746 0
5681.910000 0.002730 0
5683.570000 0.003828 0
5685.230000 0.007021 0
5686.890000 0.013389 0
5688.550000 0.015154 0
5690.210000 0.002970 0
5691.870000 0.000304 0
5693.530000 0.008197 0
5695.190000 0.023687 0
5696.850000 0.001182 0
5698.510000 0.014141 0
5700.170000 0.009598 0
5701.830000 0.020610 0
5703.490000 -0.013091 0
5705.150000 0.013080 0
5706.810000 -0.002904 0
5708.470000 0.006684 0
5710.130000 -0.003261 0
5711.790000 -0.003880 0
5713.450000 0.005407 0
5715.110000 0.002379 0
5716.770000 0.019442 0
5718.430000 0.013495 0
5720.090000 0.009390 0
5721.750000 0.005117 0
5723.410000 0.005234 0
5725.070000 0.011848 0
5726.730000 0.015952 0
5728.390000 0.011160 0
5730.050000 0.009663 0
5731.710000 0.004649 0
5733.370000 0.018784 0
5735.030000 0.015508 0
5736.690000 0.002158 0
5738.350000 0.006942 0
5740.010000 0.007544 0
5741.670000 0.007977 0
5743.330000 0.007540 0
5744.990000 0.005280 0
5746.650000 0.005733 0
5748.310000 0.005677 0
5749.970000 0.004409 0
5751.630000 0.015116 0
5753.290000 -0.010015 0
5754.950000 0.000413 0
5756.610000 0.014615 0
5758.270000 -0.000443 0
5759.930000 0.003067 0
5761.590000 0.006945 0
5763.250000 -0.002106 0
5764.910000 0.019148 0
5766.570000 0.006104 0
5768.230000 0.008111 0
5769.890000 0.021062 0
5771.550000 0.016640 0
5773.210000 0.018202 0
5774.870000 0.019291 0
5776.530000 0.011787 0
5778.190000 0.007587 0
5779.850000 0.011364 0
5781.510000 0.019203 0
5783.170000 0.016624 0
5784.830000 0.004979 0
5786.490000 0.016701 0
5788.150000 0.010934 0
5789.810000 0.005730 0
5791.470000 0.008701 0
5793.130000 0.013432 0
5794.790000 0.011558 0
5796.450000 0.008167 0
5798.110000 0.017205 0
5799.770000 0.020832 0
5801.430000 0.022047 0
5803.090000 0.007340 0
5804.750000 -0.006539 0
5806.410000 -0.000494 0
5808.070000 -0.011055 0
5809.730000 0.021088 0
5811.390000 0.024647 0
5813.050000 0.008280 0
5814.710000 0.009484 0
5816.370000 0.011433 0
5818.030000 0.014595 0
5819.690000 0.025904 0
5821.350000 0.015834 0
5823.010000 0.016984 0
5824.670000 0.010463 0
5826.330000 0.006615 0
5827.990000 0.002350 0
5829.650000 0.017742 0
5831.310000 0.005718 0
5832.970000 0.014841 0
5834.630000 0.024604 0
5836.290000 0.011778 0
5837.950000 0.009416 0
5839.610000 0.014964 0
5841.270000 0.022834 0
5842.930000 0.014799 0
5844.590000 0.006653 0
5846.250000 0.014805 0
5847.910000 0.019190 0
5849.570000 0.018170 0
5851.230000 0.009813 0
5852.890000 0.019641 0
5854.550000 0.020021 0
5856.210000 0.018792 0
5857.870000 0.006525 0
5859.530000 0.004259 0
5861.190000 0.010267 0
5862.850000 0.029567 0
5864.510000 0.005080 0
5866.170000 0.012349 0
5867.830000 0.010090 0
5869.490000 0.020543 0
5871.150000 0.022178 0
5872.810000 0.012107 0
5874.470000 -0.001165 0
5876.130000 0.012985 0
5877.790000 0.017843 0
5879.450000 0.014714 0
5881.110000 0.010245 0
5882.770000 0.007725 0
5884.430000 0.005357 0
5886.090000 0.017833 0
5887.750000 0.006376 0
5889.410000 0.011345 0
5891.070000 0.011705 0
5892.730000 0.006943 0
5894.390000 0.018508 0
5896.050000 0.009547 0
5897.710000 -0.010136 0
5899.370000 0.015976 0
5901.030000 0.012817 0
5902.690000 0.004478 0
5904.350000 0.012445 0
5906.010000 -0.014502 0
5907.670000 0.010410 0
5909.330000 0.012594 0
5910.990000 0.018273 0
5912.650000 0.007758 0
5914.310000 -0.005759 0
5915.970000 0.011323 0
5917.630000 0.022688 0
5919.290000 0.002214 0
5920.950000 -0.005514 0
5922.610000 0.012221 0
5924.270000 0.007832 0
5925.930000 0.003032 0
5927.590000 0.023125 0
5929.250000 0.027940 0
5930.910000 -0.003072 0
5932.570000 -0.008676 0
5934.230000 0.004794 0
5935.890000 0.008690 0
5937.550000 0.004383 0
5939.210000 0.004576 0
5940.870000 0.012734 0
5942.530000 -0.008117 0
5944.190000 0.004679 0
5945.850000 -0.000724 0
5947.510000 0.008615 0
5949.170000 0.005432 0
5950.830000 0.025580 0
5952.490000 0.032944 0
5954.150000 0.003645 0
5955.810000 -0.013563 0
5957.470000 -0.000433 0
5959.130000 0.025621 0
5960.790000 0.016681 0
5962.450000 0.008429 0
5964.110000 0.013343 0
5965.770000 0.003623 0
5967.430000 0.008578 0
5969.090000 0.021014 0
5970.750000 0.004206 0
5972.410000 0.011204 0
5974.070000 0.009031 0
5975.730000 0.008416 0
5977.390000 0.014331 0
5979.050000 0.007154 0
5980.710000 0.011677 0
5982.370000 0.007939 0
5984.030000 0.005870 0
5985.690000 0.009947 0
5987.350000 0.010240 0
5989.010000 0.006802 0
5990.670000 0.012421 0
5992.330000 0.012619 0
5993.990000 0.013331 0
5995.650000 0.009041 0
5997.310000 0.003560 0
5998.970000 0.006996 0
6000.630000 0.006866 0
6002.290000 0.006805 0
6003.950000 0.007777 0
6005.610000 0.013661 0
6007.270000 0.011769 0
6008.930000 0.012101 0
6010.590000 0.015898 0
6012.250000 0.007024 0
6013.910000 0.009294 0
6015.570000 0.007538 0
6017.230000 0.005474 0
6018.890000 0.009239 0
6020.550000 0.013046 0
6022.210000 0.023270 0
6023.870000 -0.000441 0
6025.530000 0.015624 0
6027.190000 -0.005358 0
6028.850000 -0.004905 0
6030.510000 0.010433 0
6032.170000 0.011902 0
6033.830000 0.008437 0
6035.490000 0.003192 0
6037.150000 0.009631 0
6038.810000 0.009571 0
6040.470000 0.015946 0
6042.130000 0.005067 0
6043.790000 0.009376 0
6045.450000 0.013852 0
6047.110000 0.013750 0
6048.770000 0.004337 0
6050.430000 0.011606 0
6052.090000 0.019714 0
6053.750000 0.011465 0
6055.410000 0.001917 0
6057.070000 0.000700 0
6058.730000 0.008669 0
6060.390000 0.017490 0
6062.050000 0.018489 0
6063.710000 0.011317 0
6065.370000 0.005096 0
6067.030000 0.010144 0
6068.690000 0.010287 0
6070.350000 0.007007 0
6072.010000 0.013321 0
6073.670000 0.019570 0
6075.330000 0.019815 0
6076.990000 0.005222 0
6078.650000 0.017562 0
6080.310000 0.003710 0
6081.970000 0.011938 0
6083.630000 0.003365 0
6085.290000 0.009241 0
6086.950000 0.010491 0
6088.610000 0.027834 0
6090.270000 0.027438 0
6091.930000 0.028815 0
6093.590000 0.003343 0
6095.250000 -0.002084 0
6096.910000 0.008167 0
6098.570000 0.001902 0
6100.230000 0.008640 0
6101.890000 0.015269 0
6103.550000 0.016706 0
6105.210000 0.002020 0
6106.870000 0.008135 0
6108.530000 -0.001523 0
6110.190000 -0.000310 0
6111.850000 0.011972 0
6113.510000 0.009062 0
6115.170000 0.015243 0
6116.830000 0.008338 0
6118.490000 -0.003643 0
6120.150000 0.012168 0
6121.810000 0.019580 0
6123.470000 0.014569 0
6125.130000 0.014215 0
6126.790000 0.004341 0
6128.450000 0.007508 0
6130.110000 0.007668 0
6131.770000 0.021174 0
6133.430000 0.010027 0
6135.090000 0.002053 0
6136.750000 0.006584 0
6138.410000 0.010506 0
6140.070000 -0.005163 0
6141.730000 -0.013738 0
6143.390000 0.025191 0
6145.050000 0.006617 0
6146.710000 0.028990 0
6148.370000 -0.000823 0
6150.030000 0.007060 0
6151.690000 0.008388 0
6153.350000 0.013422 0
6155.010000 0.000272 0
6156.670000 0.014811 0
6158.330000 0.005714 0
6159.990000 0.016610 0
6161.650000 0.011234 0
6163.310000 0.004399 0
6164.970000 0.009392 0
6166.630000 0.013460 0
6168.290000 0.013394 0
6169.950000 -0.003663 0
6171.610000 0.000636 0
6173.270000 0.019610 0
6174.930000 0.005775 0
6176.590000 0.009431 0
6178.250000 0.013038 0
6179.910000 0.002502 0
6181.570000 0.007223 0
6183.230000 0.012733 0
6184.890000 -0.000369 0
6186.550000 0.009181 0
6188.210000 -0.000622 0
6189.870000 0.014428 0
6191.530000 0.011312 0
6193.190000 0.005163 0
6194.850000 0.005864 0
6196.510000 0.016577 0
6198.170000 0.019624 0
6199.830000 -0.003709 0
6201.490000 -0.004377 0
6203.150000 0.011070 0
6204.810000 0.023886 0
6206.470000 0.019539 0
6208.130000 0.016235 0
6209.790000 0.020053 0
6211.450000 0.013792 0
6213.110000 0.001591 0
6214.770000 0.009621 0
6216.430000 0.021995 0
6218.090000 0.012830 0
6219.750000 0.002312 0
6221.410000 0.000690 0
6223.070000 0.011156 0
6224.730000 0.001132 0
6226.390000 0.000417 0
6228.050000 0.004119 0
6229.710000 0.019540 0
6231.370000 0.017407 0
6233.030000 -0.005481 0
6234.690000 0.008660 0
6236.350000 0.006667 0
6238.010000 0.035435 0
6239.670000 0.006413 0
6241.330000 0.019145 0
6242.990000 0.002070 0
6244.650000 0.015465 0
6246.310000 0.002348 0
6247.970000 0.010278 0
6249.630000 0.004712 0
6251.290000 0.006165 0
6252.950000 0.009843 0
6254.610000 0.000472 0
6256.270000 0.004916 0
6257.930000 -0.000624 0
6259.590000 0.020652 0
6261.250000 0.014288 0
6262.910000 0.012864 0
6264.570000 0.009786 0
6266.230000 0.016092 0
6267.890000 0.015346 0
6269.550000 0.012605 0
6271.210000 0.006174 0
6272.870000 0.017786 0
6274.530000 0.014713 0
6276.190000 0.013796 0
6277.850000 0.017013 0
6279.510000 0.009450 0
6281.170000 -0.001915 0
6282.830000 -0.004524 0
6284.490000 0.013285 0
6286.150000 0.013805 0
6287.810000 0.015127 0
6289.470000 0.017983 0
6291.130000 0.016888 0
6292.790000 0.015904 0
6294.450000 0.015485 1
6296.110000 -0.004857 1
6297.770000 -0.037763 1
6299.430000 0.005385 1
6301.090000 -0.199810 1
6302.750000 -0.085999 1
6304.410000 0.071286 1
6306.070000 0.006828 1
6307.730000 0.016025 1
6309.390000 0.013161 0
6311.050000 0.022915 0
6312.710000 0.017753 0
6314.370000 0.007962 0
6316.030000 0.014981 0
6317.690000 0.015060 0
6319.350000 0.010887 0
6321.010000 0.005169 0
6322.670000 0.019826 0
6324.330000 -0.004837 0
6325.990000 -0.003527 0
6327.650000 0.012266 0
6329.310000 0.001229 0
6330.970000 0.022061 0
6332.630000 0.015149 0
6334.290000 0.008645 0
6335.950000 0.008213 0
6337.610000 0.010284 0
6339.270000 0.005921 0
6340.930000 0.002093 0
6342.590000 0.005882 0
6344.250000 0.013787 0
6345.910000 0.004650 0
6347.570000 0.015676 0
6349.230000 0.016082 0
6350.890000 0.011003 0
6352.550000 0.018838 0
6354.210000 0.013212 0
6355.870000 -0.003547 0
6357.530000 0.001810 0
6359.190000 0.024201 0
6360.850000 -0.020257 0
6362.510000 0.017018 0
6364.170000 0.021111 0
6365.830000 -0.021272 0
6367.490000 0.030686 0
6369.150000 0.016862 0
6370.810000 0.015420 0
6372.470000 0.014558 0
6374.130000 0.007996 0
6375.790000 0.009260 0
6377.450000 0.008636 0
6379.110000 0.011405 0
6380.770000 0.019330 0
6382.430000 0.016511 0
6384.090000 0.002638 0
6385.750000 0.005226 0
6387.410000 0.011153 0
6389.070000 0.009713 0
6390.730000 0.024552 0
6392.390000 0.023383 0
6394.050000 0.008172 0
6395.710000 0.009716 0
6397.370000 0.021466 0
6399.030000 0.010825 0
6400.690000 0.005780 0
6402.350000 0.010732 0
6404.010000 0.025117 0
6405.670000 0.016564 0
6407.330000 0.010845 0
6408.990000 0.009578 0
6410.650000 0.010195 0
6412.310000 0.006280 0
6413.970000 0.007119 0
6415.630000 0.014792 0
6417.290000 0.016542 0
6418.950000 0.014556 0
6420.610000 0.012211 0
6422.270000 0.008849 0
6423.930000 0.002404 0
6425.590000 0.013944 0
6427.250000 0.007561 0
6428.910000 0.016174 0
6430.570000 0.018972 0
6432.230000 0.007643 0
6433.890000 0.007674 0
6435.550000 0.007627 0
6437.210000 0.002858 0
6438.870000 0.001883 0
6440.530000 0.013373 0
6442.190000 0.014931 0
6443.850000 0.010803 0
6445.510000 0.008919 0
6447.170000 0.015542 0
6448.830000 0.006934 0
6450.490000 0.003720 0
6452.150000 0.006539 0
6453.810000 0.027426 0
6455.470000 0.016812 0
6457.130000 0.018865 0
6458.790000 0.003360 0
6460.450000 -0.005208 0
6462.110000 -0.003496 0
6463.770000 0.017321 0
6465.430000 0.004985 0
6467.090000 -0.004567 0
6468.750000 0.003637 0
6470.410000 0.012493 0
6472.070000 0.009676 0
6473.730000 0.021906 0
6475.390000 0.005163 0
6477.050000 0.003775 0
6478.710000 0.014049 0
6480.370000 0.012323 0
6482.030000 0.016394 0
6483.690000 0.008252 0
6485.350000 0.008089 0
6487.010000 0.013537 0
6488.670000 0.019937 0
6490.330000 0.015438 0
6491.990000 0.012784 0
6493.650000 0.015412 0
6495.310000 0.014149 0
6496.970000 -0.009856 0
6498.630000 0.007386 0
6500.290000 0.011520 0
6501.950000 0.004384 0
6503.610000 0.025382 0
6505.270000 0.021489 0
6506.930000 0.011550 0
6508.590000 0.010219 0
6510.250000 0.011525 0
6511.910000 0.004467 0
6513.570000 0.003558 0
6515.230000 0.016258 0
6516.890000 0.015962 0
6518.550000 0.014449 0
6520.210000 -0.000294 0
6521.870000 0.013442 0
6523.530000 0.022537 0
6525.190000 0.014328 0
6526.850000 0.010449 0
6528.510000 -0.007448 0
6530.170000 -0.007319 0
6531.830000 0.019537 0
6533.490000 0.012208 0
6535.150000 -0.005104 0
6536.810000 0.015721 0
6538.470000 -0.000304 0
6540.130000 0.010221 0
6541.790000 0.008015 0
6543.450000 0.003176 0
6545.110000 0.011971 0
6546.770000 0.006380 0
6548.430000 0.005417 0
6550.090000 0.006432 0
6551.750000 -0.006821 0
6553.410000 -0.005753 0
6555.070000 0.014805 0
6556.730000 0.012876 0
6558.390000 0.015323 0
6560.050000 0.006871 0
6561.710000 0.004896 0
6563.370000 0.019672 0
6565.030000 -0.000006 0
6566.690000 0.008052 0
6568.350000 0.015494 0
6570.010000 0.005968 0
6571.670000 0.009626 0
6573.330000 0.007545 0
6574.990000 -0.002078 0
6576.650000 0.012319 0
6578.310000 0.002220 0
6579.970000 0.015109 0
6581.630000 0.015257 0
6583.290000 0.017034 0
6584.950000 0.003081 0
6586.610000 0.003156 0
6588.270000 0.012591 0
6589.930000 0.016335 0
6591.590000 0.021826 0
6593.250000 0.010359 0
6594.910000 0.004525 0
6596.570000 0.002901 0
6598.230000 -0.001764 0
6599.890000 0.010469 0
6601.550000 -0.001111 0
6603.210000 0.014284 0
6604.870000 0.014026 0
6606.530000 0.007857 0
6608.190000 0.013564 0
6609.850000 0.010394 0
6611.510000 0.013810 0
6613.170000 0.010201 0
6614.830000 0.008487 0
6616.490000 0.012509 0
6618.150000 0.012218 0
6619.810000 0.010961 0
6621.470000 0.013495 0
6623.130000 0.015886 0
6624.790000 0.015221 0
6626.450000 0.010077 0
6628.110000 0.004240 0
6629.770000 0.014489 0
6631.430000 0.007892 0
6633.090000 0.000751 0
6634.750000 0.024114 0
6636.410000 0.024097 0
6638.070000 0.016418 0
6639.730000 0.001071 0
6641.390000 0.006565 0
6643.050000 0.016580 0
6644.710000 0.014078 0
6646.370000 0.016003 0
6648.030000 0.010001 0
6649.690000 0.002328 0
6651.350000 0.007905 0
6653.010000 0.012407 0
6654.670000 0.005612 0
6656.330000 0.008098 0
6657.990000 0.012722 0
6659.650000 -0.004451 0
6661.310000 0.001734 0
6662.970000 0.007847 0
6664.630000 -0.003698 0
6666.290000 0.015663 0
6667.950000 0.010649 0
6669.610000 0.010454 0
6671.270000 0.006945 0
6672.930000 0.004402 0
6674.590000 0.004637 0
6676.250000 0.018325 0
6677.910000 0.017278 0
6679.570000 0.004797 0
6681.230000 0.011639 0
6682.890000 0.018220 0
6684.550000 0.019964 0
6686.210000 0.004923 0
6687.870000 0.003940 0
6689.530000 0.006812 0
6691.190000 0.006591 0
6692.850000 0.009408 0
6694.510000 0.009468 0
6696.170000 0.000517 0
6697.830000 0.003014 0
6699.490000 0.005131 0
6701.150000 -0.002602 0
6702.810000 0.004797 0
6704.470000 0.008348 0
6706.130000 0.003294 0
6707.790000 0.007399 0
6709.450000 0.009620 0
6711.110000 -0.000490 0
6712.770000 0.002217 0
6714.430000 -0.000915 0
6716.090000 0.004362 0
6717.750000 0.009190 0
6719.410000 0.012471 0
6721.070000 0.010847 0
6722.730000 0.013937 0
6724.390000 0.017071 0
6726.050000 0.013596 0
6727.710000 0.010982 0
6729.370000 0.002584 0
6731.030000 0.010574 0
6732.690000 0.010629 0
6734.350000 0.009120 0
6736.010000 0.010026 0
6737.670000 0.009970 0
6739.330000 0.013378 0
6740.990000 0.009509 0
6742.650000 0.008149 0
6744.310000 0.006158 0
6745.970000 0.003412 0
6747.630000 0.008710 0
6749.290000 0.018464 0
6750.950000 0.006687 0
6752.610000 0.009398 0
6754.270000 0.008624 0
6755.930000 0.012922 0
6757.590000 0.011893 0
6759.250000 0.007519 0
6760.910000 0.002041 0
6762.570000 0.004859 0
6764.230000 -0.000987 0
6765.890000 0.003769 0
6767.550000 0.006357 0
6769.210000 0.002706 0
6770.870000 -0.001038 0
6772.530000 0.001405 0
6774.190000 0.009747 0
6775.850000 0.005884 0
6777.510000 0.010863 0
6779.170000 0.010284 0
6780.830000 0.009441 0
6782.490000 0.000560 0
6784.150000 0.010728 0
6785.810000 0.010759 0
6787.470000 0.002158 0
6789.130000 0.002375 0
6790.790000 0.001845 0
6792.450000 0.009197 0
6794.110000 0.013849 0
6795.770000 0.014561 0
6797.430000 0.015837 0
6799.090000 0.009837 0
6800.750000 0.006226 0
6802.410000 -0.002308 0
6804.070000 0.007540 0
6805.730000 0.008329 0
6807.390000 0.009428 0
6809.050000 0.008651 0
6810.710000 0.017971 0
6812.370000 0.008105 0
6814.030000 -0.001979 0
6815.690000 0.002732 0
6817.350000 0.008114 0
6819.010000 0.009987 0
6820.670000 0.010948 0
6822.330000 0.006173 0
6823.990000 0.005470 0
6825.650000 -0.021391 0
6827.310000 0.023952 0
6828.970000 0.048160 0
6830.630000 0.011305 0
6832.290000 -0.004926 0
6833.950000 -0.000154 0
6835.610000 0.008111 0
6837.270000 0.026715 0
6838.930000 0.008862 0
6840.590000 -0.003154 0
6842.250000 0.011805 0
6843.910000 0.007884 0
6845.570000 0.006356 0
6847.230000 -0.001574 0
6848.890000 0.014196 0
6850.550000 0.008760 0
6852.210000 0.010562 0
6853.870000 0.010461 0
6855.530000 0.002183 0
6857.190000 0.017071 0
6858.850000 0.009065 0
6860.510000 0.004840 0
6862.170000 -0.001045 0
6863.830000 0.015495 0
6865.490000 0.011621 0
6867.150000 0.017268 0
6868.810000 -0.001148 0
6870.470000 0.009288 0
6872.130000 0.001576 0
6873.790000 0.019783 0
6875.450000 0.003766 0
6877.110000 0.004022 0
6878.770000 0.011658 0
6880.430000 0.013994 0
6882.090000 0.015304 0
6883.750000 0.015770 0
6885.410000 0.007669 0
6887.070000 0.024741 0
6888.730000 0.009372 0
6890.390000 0.016757 0
6892.050000 0.018158 0
6893.710000 0.009602 0
6895.370000 0.006793 0
6897.030000 -0.003316 0
6898.690000 0.011334 0
6900.350000 0.004407 0
6902.010000 -0.001371 0
6903.670000 0.005637 0
6905.330000 0.010850 0
6906.990000 0.011403 0
6908.650000 0.002632 0
6910.310000 0.004045 0
6911.970000 0.016724 0
6913.630000 0.015115 0
6915.290000 0.010346 0
6916.950000 0.009552 0
6918.610000 0.008711 0
6920.270000 0.003710 0
6921.930000 0.018954 0
6923.590000 0.009983 0
6925.250000 0.004202 0
6926.910000 0.015520 0
6928.570000 0.000972 0
6930.230000 0.013553 0
6931.890000 0.012922 0
6933.550000 0.004404 0
6935.210000 0.011956 0
6936.870000 0.000887 0
6938.530000 0.003345 0
6940.190000 0.012176 0
6941.850000 0.002557 0
6943.510000 0.007415 0
6945.170000 0.007624 0
6946.830000 -0.000961 0
6948.490000 0.006057 0
6950.150000 0.002753 0
6951.810000 0.005687 0
6953.470000 0.007693 0
6955.130000 0.008347 0
6956.790000 0.010363 0
6958.450000 0.006110 0
6960.110000 0.003163 0
6961.770000 0.000606 0
6963.430000 0.002357 0
6965.090000 0.007406 0
6966.750000 0.006820 0
6968.410000 0.005533 0
6970.070000 -0.003277 0
6971.730000 0.012283 0
6973.390000 0.011256 0
6975.050000 0.006032 0
6976.710000 0.007169 0
6978.370000 -0.004581 0
6980.030000 0.002083 0
6981.690000 0.009324 0
6983.350000 0.013931 0
6985.010000 0.023955 0
6986.670000 0.018044 0
6988.330000 0.012778 0
6989.990000 0.008999 0
6991.650000 0.007171 0
6993.310000 0.002398 0
6994.970000 -0.003034 0
6996.630000 0.003971 0
6998.290000 -0.006454 0
6999.950000 0.001193 0
7001.610000 0.013731 0
7003.270000 0.010639 0
7004.930000 0.009546 0
7006.590000 0.003766 0
7008.250000 0.007841 0
7009.910000 0.006876 0
7011.570000 0.011817 0
7013.230000 0.003348 0
7014.890000 0.012360 0
7016.550000 0.005713 0
7018.210000 0.007169 0
7019.870000 0.008557 0
7021.530000 0.005195 0
7023.190000 0.008434 0
7024.850000 0.011803 0
7026.510000 0.008657 0
7028.170000 0.005051 0
7029.830000 0.008731 0
7031.490000 0.004729 0
7033.150000 0.002613 0
7034.810000 0.008301 0
7036.470000 0.009013 0
7038.130000 0.011541 0
7039.790000 -0.003828 0
7041.450000 0.009503 0
7043.110000 0.003691 0
7044.770000 0.015679 0
7046.430000 0.013656 0
7048.090000 0.010450 0
7049.750000 0.010676 0
7051.410000 0.013757 0
7053.070000 0.012329 0
7054.730000 0.012281 0
7056.390000 0.012572 0
7058.050000 0.001961 0
7059.710000 0.007541 0
7061.370000 0.009868 0
7063.030000 0.002412 0
7064.690000 0.009120 0
7066.350000 0.016291 0
7068.010000 0.008345 0
7069.670000 0.008739 0
7071.330000 0.007304 0
7072.990000 0.009230 0
7074.650000 0.003884 0
7076.310000 0.009097 0
7077.970000 0.022111 0
7079.630000 0.010223 0
7081.290000 0.012418 0
7082.950000 0.007615 0
7084.610000 0.003428 0
7086.270000 0.021853 0
7087.930000 0.010010 0
7089.590000 0.016278 0
7091.250000 0.012970 0
7092.910000 0.012647 0
7094.570000 0.007869 0
7096.230000 0.010524 0
7097.890000 0.008626 0
7099.550000 0.003202 0
7101.210000 0.008940 0
7102.870000 0.010633 0
7104.530000 0.013498 0
7106.190000 0.011580 0
7107.850000 0.004959 0
7109.510000 0.011600 0
7111.170000 0.016153 0
7112.830000 0.012912 0
7114.490000 0.014061 0
7116.150000 0.007846 0
7117.810000 0.007650 0
7119.470000 0.007874 0
7121.130000 0.008324 0
7122.790000 0.016207 0
7124.450000 0.011548 0
7126.110000 0.024742 0
7127.770000 0.022262 0
7129.430000 0.024935 0
7131.090000 0.022036 0
7132.750000 0.010868 0
7134.410000 0.008956 0
7136.070000 0.010317 0
7137.730000 0.005025 0
7139.390000 0.004090 0
7141.050000 0.009886 0
7142.710000 0.006828 0
7144.370000 0.005436 0
7146.030000 0.009754 0
7147.690000 0.005119 0
7149.350000 0.003086 0
7151.010000 0.007794 0
7152.670000 0.006222 0
7154.330000 0.001154 0
7155.990000 0.005234 0
7157.650000 0.010095 0
7159.310000 0.003129 0
7160.970000 0.008786 0
7162.630000 0.012923 0
7164.290000 0.002937 0
7165.950000 0.012328 0
7167.610000 0.014070 0
7169.270000 0.013392 0
7170.930000 0.015642 0
7172.590000 0.011238 0
7174.250000 0.014460 0
7175.910000 0.013935 0
7177.570000 0.011296 0
7179.230000 0.005791 0
7180.890000 0.009246 0
7182.550000 0.018137 0
7184.210000 0.015523 0
7185.870000 0.006481 0
7187.530000 0.003756 0
7189.190000 0.003839 0
7190.850000 0.003062 0
7192.510000 0.019697 0
7194.170000 0.033104 0
7195.830000 0.030996 0
7197.490000 0.024983 0
7199.150000 0.013315 0
7200.810000 0.003625 0
7202.470000 0.010521 0
7204.130000 0.010785 0
7205.790000 0.004129 0
7207.450000 0.006337 0
7209.110000 0.007441 0
7210.770000 0.004263 0
7212.430000 0.007095 0
7214.090000 0.006186 0
7215.750000 0.005494 0
7217.410000 0.013243 0
7219.070000 0.007892 0
7220.730000 0.006984 0
7222.390000 0.014770 0
7224.050000 0.012678 0
7225.710000 0.009726 0
7227.370000 0.001477 0
7229.030000 0.001015 0
7230.690000 0.007477 0
7232.350000 0.014813 0
7234.010000 0.008721 0
7235.670000 -0.007134 0
7237.330000 0.000356 0
7238.990000 0.019399 0
7240.650000 0.002975 0
7242.310000 -0.001630 0
7243.970000 0.026836 0
7245.630000 0.003802 0
7247.290000 0.019127 0
7248.950000 0.023522 0
7250.610000 0.013760 0
7252.270000 0.008003 0
7253.930000 0.001286 0
7255.590000 0.002663 0
7257.250000 0.012972 0
7258.910000 0.007090 0
7260.570000 0.002533 0
7262.230000 0.004798 0
7263.890000 0.002562 0
7265.550000 0.006723 0
7267.210000 0.001044 0
7268.870000 -0.004100 0
7270.530000 0.009504 0
7272.190000 0.004258 0
7273.850000 0.008960 0
7275.510000 0.006239 0
7277.170000 0.025413 0
7278.830000 0.027804 0
7280.490000 -0.005516 0
7282.150000 0.011755 0
7283.810000 0.015705 0
7285.470000 -0.009308 0
7287.130000 0.016287 0
7288.790000 0.007227 0
7290.450000 0.012590 0
7292.110000 0.007265 0
7293.770000 0.002878 0
7295.430000 0.001193 0
7297.090000 0.012565 0
7298.750000 0.009456 0
7300.410000 0.012287 0
7302.070000 -0.000256 0
7303.730000 0.002091 0
7305.390000 0.014014 0
7307.050000 0.008378 0
7308.710000 0.007254 0
7310.370000 0.005074 0
7312.030000 0.006078 0
7313.690000 0.030052 0
7315.350000 0.004889 0
7317.010000 -0.005135 0
7318.670000 0.010781 0
7320.330000 0.010548 0
7321.990000 0.005814 0
7323.650000 0.010477 0
7325.310000 0.012698 0
7326.970000 0.002896 0
7328.630000 -0.000332 0
7330.290000 -0.000129 0
7331.950000 0.004898 0
7333.610000 0.010792 0
7335.270000 -0.000226 1
7336.930000 0.012451 1
7338.590000 0.011761 1
7340.250000 0.005033 1
7341.910000 0.003611 1
7343.570000 -0.009386 1
7345.230000 -0.004371 1
7346.890000 0.006422 1
7348.550000 0.008546 0
7350.210000 0.012498 0
7351.870000 0.009782 0
7353.530000 0.002537 0
7355.190000 0.013967 0
7356.850000 0.004694 0
7358.510000 0.002699 0
7360.170000 0.015602 0
7361.830000 0.003253 0
7363.490000 0.005169 0
7365.150000 0.017059 0
7366.810000 0.013125 0
7368.470000 0.022534 0
7370.130000 0.020979 0
7371.790000 -0.015016 0
7373.450000 -0.003470 0
7375.110000 0.008777 0
7376.770000 0.012386 0
7378.430000 0.003645 0
7380.090000 0.005947 0
7381.750000 0.002094 0
7383.410000 0.001849 0
7385.070000 0.001078 0
7386.730000 -0.001076 0
7388.390000 0.008783 0
7390.050000 0.009411 0
7391.710000 0.005912 0
7393.370000 0.004427 0
7395.030000 0.012011 0
7396.690000 0.003037 0
7398.350000 0.015129 0
7400.010000 0.009624 0
7401.670000 0.006575 0
7403.330000 0.008727 0
7404.990000 0.006037 0
7406.650000 0.006614 0
7408.310000 0.002109 0
7409.970000 -0.004286 0
7411.630000 0.001445 0
7413.290000 0.010388 0
7414.950000 0.011236 0
7416.610000 0.006565 0
7418.270000 0.001982 0
7419.930000 0.011844 0
7421.590000 0.011510 0
7423.250000 0.000365 0
7424.910000 0.017116 0
7426.570000 0.014504 0
7428.230000 0.007779 0
7429.890000 0.010855 0
7431.550000 0.008893 0
7433.210000 0.007731 0
7434.870000 0.010636 0
7436.530000 0.005637 0
7438.190000 0.011708 0
7439.850000 0.009303 0
7441.510000 -0.007257 0
7443.170000 0.006704 0
7444.830000 0.006634 0
7446.490000 0.009067 0
7448.150000 0.003485 0
7449.810000 0.008046 0
7451.470000 0.000927 0
7453.130000 0.005034 0
7454.790000 -0.000335 0
7456.450000 0.006385 0
7458.110000 -0.002625 0
7459.770000 0.010291 0
7461.430000 0.013911 0
7463.090000 0.006782 0
7464.750000 -0.001872 0
7466.410000 0.010017 0
7468.070000 0.014976 0
7469.730000 0.005815 0
7471.390000 0.003267 0
7473.050000 0.014538 0
7474.710000 0.006834 0
7476.370000 -0.004588 0
7478.030000 -0.001812 0
7479.690000 0.018145 0
7481.350000 0.000776 0
7483.010000 -0.007026 0
7484.670000 -0.005282 0
7486.330000 -0.001462 0
7487.990000 0.000834 0
7489.650000 0.003796 0
7491.310000 0.009627 0
7492.970000 0.005511 0
7494.630000 -0.000318 0
7496.290000 0.001191 0
7497.950000 0.005490 0
7499.610000 0.009620 0
7501.270000 0.003722 0
7502.930000 0.006198 0
7504.590000 0.006237 0
7506.250000 0.012029 0
7507.910000 0.010865 0
7509.570000 0.002781 0
7511.230000 0.011211 0
7512.890000 0.011602 0
7514.550000 0.018028 0
7516.210000 0.012392 0
7517.870000 0.007963 0
7519.530000 0.018079 0
7521.190000 0.030482 0
7522.850000 0.003302 0
7524.510000 0.017837 0
7526.170000 0.014623 0
7527.830000 -0.011648 0
7529.490000 0.009075 0
7531.150000 0.003052 0
7532.810000 0.004432 0
7534.470000 -0.004664 0
7536.130000 0.005759 0
7537.790000 0.012027 0
7539.450000 0.001741 0
7541.110000 0.004862 0
7542.770000 0.002217 0
7544.430000 0.000308 0
7546.090000 0.002305 0
7547.750000 0.011127 0
7549.410000 0.011665 0
7551.070000 0.001956 0
7552.730000 0.002903 0
7554.390000 0.007162 0
7556.050000 0.013906 0
7557.710000 0.009731 0
7559.370000 0.003699 0
7561.030000 0.000037 0
7562.690000 -0.001680 0
7564.350000 0.007730 0
7566.010000 0.014268 0
7567.670000 0.025525 0
7569.330000 0.029779 0
7570.990000 0.000958 0
7572.650000 0.000842 0
7574.310000 -0.019547 0
7575.970000 -0.017071 0
7577.630000 0.006332 0
7579.290000 0.017361 0
7580.950000 0.003802 0
7582.610000 0.013586 0
7584.270000 0.017801 0
7585.930000 0.006324 0
7587.590000 0.003613 0
7589.250000 -0.004377 0
7590.910000 0.003887 0
7592.570000 0.006504 0
7594.230000 0.012833 0
7595.890000 0.007082 0
7597.550000 0.005583 0
7599.210000 0.021060 0
7600.870000 0.009077 0
7602.530000 -0.028335 0
7604.190000 -0.005303 0
7605.850000 0.036954 0
7607.510000 -0.002207 0
7609.170000 -0.014994 1
7610.830000 -0.056388 1
7612.490000 0.000000 1
7614.150000 0.000000 1
7615.810000 0.000000 1
7617.470000 0.000000 1
7619.130000 0.000000 1
7620.790000 0.000000 1
7622.450000 0.000000 1
7624.110000 0.000000 1
7625.770000 0.000000 1
7627.430000 0.000000 1
7629.090000 0.000000 1
7630.750000 0.000000 1
7632.410000 0.000000 1
7634.070000 0.000000 1
7635.730000 0.000000 1
7637.390000 0.000000 1
7639.050000 0.000000 1
7640.710000 0.000000 1
7642.370000 0.000000 1
7644.030000 0.000000 1
7645.690000 0.000000 1
7647.350000 0.000000 1
7649.010000 0.000000 1
7650.670000 0.000000 1
7652.330000 0.000000 1
7653.990000 0.000000 1
7655.650000 0.000000 1
7657.310000 0.000000 1
7658.970000 0.000000 1
7660.630000 0.000000 1
7662.290000 0.000000 1
7663.950000 0.000000 1
7665.610000 0.000000 1
7667.270000 0.000000 1
7668.930000 0.000000 1
7670.590000 0.000000 1
7672.250000 0.000000 1
7673.910000 0.000000 1
7675.570000 0.000000 1
7677.230000 0.000000 1
7678.890000 0.000000 1
7680.550000 0.000000 1
7682.210000 0.000000 1
7683.870000 0.000000 1
7685.530000 0.000000 1
7687.190000 0.000000 1
7688.850000 0.000000 1
7690.510000 0.000000 1
7692.170000 0.000000 1
7693.830000 0.000000 1
7695.490000 0.000000 1
7697.150000 0.000000 1
7698.810000 0.000000 1
7700.470000 0.000000 1
7702.130000 0.000000 1
7703.790000 0.000000 1
7705.450000 0.000000 1
7707.110000 0.000000 1
7708.770000 0.000000 1
7710.430000 0.000000 1
7712.090000 0.000000 1
7713.750000 0.000000 1
7715.410000 0.000000 1
7717.070000 0.000000 1
7718.730000 0.000000 1
7720.390000 0.000000 1
7722.050000 0.000000 1
7723.710000 0.000000 1
7725.370000 0.000000 1
7727.030000 0.000000 1
7728.690000 0.000000 1
7730.350000 0.000000 1
7732.010000 0.000000 1
7733.670000 0.000000 1
7735.330000 0.000000 1
7736.990000 0.000000 1
7738.650000 0.000000 1
7740.310000 0.000000 1
7741.970000 0.000000 1
7743.630000 0.000000 1
7745.290000 0.000000 1
7746.950000 0.000000 1
7748.610000 0.000000 1
7750.270000 0.000000 1
7751.930000 0.000000 1
7753.590000 0.000000 1
7755.250000 0.000000 1
7756.910000 0.000000 1
7758.570000 0.000000 1
7760.230000 0.000000 1
7761.890000 0.000000 1
7763.550000 0.000000 1
7765.210000 0.000000 1
7766.870000 0.000000 1
7768.530000 0.000000 1
7770.190000 0.000000 1
7771.850000 0.000000 1
7773.510000 0.000000 1
7775.170000 0.000000 1
7776.830000 0.000000 1
7778.490000 0.000000 1
7780.150000 0.000000 1
7781.810000 0.000000 1
7783.470000 0.000000 1
7785.130000 0.000000 1
7786.790000 0.000000 1
7788.450000 0.000000 1
7790.110000 0.000000 1
7791.770000 0.000000 1
7793.430000 0.000000 1
7795.090000 0.000000 1
7796.750000 0.000000 1
7798.410000 0.000000 1
7800.070000 0.000000 1
7801.730000 0.000000 1
7803.390000 0.000000 1
7805.050000 0.000000 1
7806.710000 0.000000 1
7808.370000 0.000000 1
7810.030000 0.000000 1
7811.690000 0.000000 1
7813.350000 0.000000 1
7815.010000 0.000000 1
7816.670000 0.000000 1
7818.330000 0.000000 1
7819.990000 0.000000 1
7821.650000 0.000000 1
7823.310000 0.000000 1
7824.970000 0.000000 1
7826.630000 0.000000 1
7828.290000 0.000000 1
7829.950000 0.000000 1
7831.610000 0.000000 1
7833.270000 0.000000 1
7834.930000 0.000000 1
7836.590000 0.000000 1
7838.250000 0.000000 1
7839.910000 0.000000 1
7841.570000 0.000000 1
7843.230000 0.000000 1
7844.890000 0.000000 1
7846.550000 0.000000 1
7848.210000 0.000000 1
7849.870000 0.000000 1
7851.530000 0.000000 1
7853.190000 0.000000 1
7854.850000 0.000000 1
7856.510000 0.000000 1
7858.170000 0.000000 1
7859.830000 0.000000 1
7861.490000 0.000000 1
7863.150000 0.000000 1
7864.810000 0.000000 1
7866.470000 0.000000 1
7868.130000 0.000000 1
7869.790000 0.000000 1
7871.450000 0.000000 1
7873.110000 0.000000 1
7874.770000 0.000000 1
7876.430000 0.000000 1
7878.090000 0.000000 1
7879.750000 0.000000 1
7881.410000 0.000000 1
7883.070000 0.000000 1
7884.730000 0.000000 1
7886.390000 0.000000 1
7888.050000 0.000000 1
7889.710000 0.000000 1
7891.370000 0.000000 1
7893.030000 0.000000 1
7894.690000 0.000000 1
7896.350000 0.000000 1
7898.010000 0.000000 1
7899.670000 0.000000 1
7901.330000 0.000000 1
7902.990000 0.000000 1
7904.650000 0.000000 1
7906.310000 0.000000 1
7907.970000 0.000000 1
7909.630000 0.000000 1
7911.290000 0.000000 1
7912.950000 0.000000 1
7914.610000 0.000000 1
7916.270000 0.000000 1
7917.930000 0.000000 1
7919.590000 0.000000 1
7921.250000 0.000000 1
7922.910000 0.000000 1
7924.570000 0.000000 1
7926.230000 0.000000 1
7927.890000 0.000000 1
7929.550000 0.000000 1
7931.210000 0.000000 1
7932.870000 0.000000 1
7934.530000 0.000000 1
7936.190000 0.000000 1
7937.850000 0.000000 1
7939.510000 0.000000 1
7941.170000 0.000000 1
7942.830000 0.000000 1
7944.490000 0.000000 1
7946.150000 0.000000 1
7947.810000 0.000000 1
7949.470000 0.000000 1
7951.130000 0.000000 1
7952.790000 0.000000 1
7954.450000 0.000000 1
7956.110000 0.000000 1
7957.770000 0.000000 1
7959.430000 0.000000 1
7961.090000 0.000000 1
7962.750000 0.000000 1
7964.410000 0.000000 1
7966.070000 0.000000 1
7967.730000 0.000000 1
7969.390000 0.000000 1
7971.050000 0.000000 1
7972.710000 0.000000 1
7974.370000 0.000000 1
7976.030000 0.000000 1
7977.690000 0.000000 1
7979.350000 0.000000 1
7981.010000 0.000000 1
7982.670000 0.000000 1
7984.330000 0.000000 1
7985.990000 0.000000 1
7987.650000 0.000000 1
7989.310000 0.000000 1
7990.970000 0.000000 1
7992.630000 0.000000 1
7994.290000 0.000000 1
7995.950000 0.000000 1
7997.610000 0.000000 1
7999.270000 0.000000 1
8000.930000 0.000000 1
8002.590000 0.000000 1
8004.250000 0.000000 1
8005.910000 0.000000 1
8007.570000 0.000000 1
8009.230000 0.000000 1
8010.890000 0.000000 1
8012.550000 0.000000 1
8014.210000 0.000000 1
8015.870000 0.000000 1
8017.530000 0.000000 1
8019.190000 0.000000 1
8020.850000 0.000000 1
8022.510000 0.000000 1
8024.170000 0.000000 1
8025.830000 0.000000 1
8027.490000 0.000000 1
8029.150000 0.000000 1
8030.810000 0.000000 1
8032.470000 0.000000 1
8034.130000 0.000000 1
8035.790000 0.000000 1
8037.450000 0.000000 1
8039.110000 0.000000 1
8040.770000 0.000000 1
8042.430000 0.000000 1
8044.090000 0.000000 1
8045.750000 0.000000 1
8047.410000 0.000000 1
8049.070000 0.000000 1
8050.730000 0.000000 1
8052.390000 0.000000 1
8054.050000 0.000000 1
8055.710000 0.000000 1
8057.370000 0.000000 1
8059.030000 0.000000 1
8060.690000 0.000000 1
8062.350000 0.000000 1
8064.010000 0.000000 1
8065.670000 0.000000 1
8067.330000 0.000000 1
8068.990000 0.000000 1
8070.650000 0.000000 1
8072.310000 0.000000 1
8073.970000 0.000000 1
8075.630000 0.000000 1
8077.290000 0.000000 1
8078.950000 0.000000 1
8080.610000 0.000000 1
8082.270000 0.000000 1
8083.930000 0.000000 1
8085.590000 0.000000 1
8087.250000 0.000000 1
8088.910000 0.000000 1
8090.570000 0.000000 1
8092.230000 0.000000 1
8093.890000 0.000000 1
8095.550000 0.000000 1
8097.210000 0.000000 1
8098.870000 0.000000 1
8100.530000 0.000000 1
8102.190000 0.000000 1
8103.850000 0.000000 1
8105.510000 0.000000 1
8107.170000 0.000000 1
8108.830000 0.000000 1
8110.490000 0.000000 1
8112.150000 0.000000 1
8113.810000 0.000000 1
8115.470000 0.000000 1
8117.130000 0.000000 1
8118.790000 0.000000 1
8120.450000 0.000000 1
8122.110000 0.000000 1
8123.770000 0.000000 1
8125.430000 0.000000 1
8127.090000 0.000000 1
8128.750000 0.000000 1
8130.410000 0.000000 1
8132.070000 0.000000 1
8133.730000 0.000000 1
8135.390000 0.000000 1
8137.050000 0.000000 1
8138.710000 0.000000 1
8140.370000 0.000000 1
8142.030000 0.000000 1
8143.690000 0.000000 1
8145.350000 0.000000 1
8147.010000 0.000000 1
8148.670000 0.000000 1
8150.330000 0.000000 1
8151.990000 0.000000 1
8153.650000 0.000000 1
8155.310000 0.000000 1
8156.970000 0.000000 1
8158.630000 0.000000 1
8160.290000 0.000000 1
8161.950000 0.000000 1
8163.610000 0.000000 1
8165.270000 0.000000 1
8166.930000 0.000000 1
8168.590000 0.000000 1
8170.250000 0.000000 1
8171.910000 0.000000 1
8173.570000 0.000000 1
8175.230000 0.000000 1
8176.890000 0.000000 1
8178.550000 0.000000 1
8180.210000 0.000000 1
8181.870000 0.000000 1
8183.530000 0.000000 1
8185.190000 0.000000 1
8186.850000 0.000000 1
8188.510000 0.000000 1
8190.170000 0.000000 1
8191.830000 0.000000 1
8193.490000 0.000000 1
8195.150000 0.000000 1
8196.810000 0.000000 1
8198.470000 0.000000 1
8200.130000 0.000000 1
8201.790000 0.000000 1
8203.450000 0.000000 1
8205.110000 0.000000 1
8206.770000 0.000000 1
8208.430000 0.000000 1
8210.090000 0.000000 1
8211.750000 0.000000 1
8213.410000 0.000000 1
8215.070000 0.000000 1
8216.730000 0.000000 1
8218.390000 0.000000 1
8220.050000 0.000000 1
8221.710000 0.000000 1
8223.370000 0.000000 1
8225.030000 0.000000 1
8226.690000 0.000000 1
8228.350000 0.000000 1
8230.010000 0.000000 1
8231.670000 0.000000 1
8233.330000 0.000000 1
8234.990000 0.000000 1
8236.650000 0.000000 1
8238.310000 0.000000 1
8239.970000 0.000000 1
8241.630000 0.000000 1
8243.290000 0.000000 1
8244.950000 0.000000 1
8246.610000 0.000000 1
8248.270000 0.000000 1
8249.930000 0.000000 1
8251.590000 0.000000 1
8253.250000 0.000000 1
8254.910000 0.000000 1
8256.570000 0.000000 1
8258.230000 0.000000 1
8259.890000 0.000000 1
8261.550000 0.000000 1
8263.210000 0.000000 1
8264.870000 0.000000 1
8266.530000 0.000000 1
8268.190000 0.000000 1
8269.850000 0.000000 1
8271.510000 0.000000 1
8273.170000 0.000000 1
8274.830000 0.000000 1
8276.490000 0.000000 1
8278.150000 0.000000 1
8279.810000 0.000000 1
8281.470000 0.000000 1
8283.130000 0.000000 1
8284.790000 0.000000 1
8286.450000 0.000000 1
8288.110000 0.000000 1
8289.770000 0.000000 1
8291.430000 0.000000 1
8293.090000 0.000000 1
8294.750000 0.000000 1
8296.410000 0.000000 1
8298.070000 0.000000 1
8299.730000 0.000000 1
8301.390000 0.000000 1
8303.050000 0.000000 1
8304.710000 0.000000 1
8306.370000 0.000000 1
8308.030000 0.000000 1
8309.690000 0.000000 1
8311.350000 0.000000 1
8313.010000 0.000000 1
8314.670000 0.000000 1
8316.330000 0.000000 1
8317.990000 0.000000 1
8319.650000 0.000000 1
8321.310000 0.000000 1
8322.970000 0.000000 1
8324.630000 0.000000 1
8326.290000 0.000000 1
8327.950000 0.000000 1
8329.610000 0.000000 1
8331.270000 0.000000 1
8332.930000 0.000000 1
8334.590000 0.000000 1
8336.250000 0.000000 1
8337.910000 0.000000 1
8339.570000 0.000000 1
8341.230000 0.000000 1
8342.890000 0.000000 1
8344.550000 0.000000 1
8346.210000 0.000000 1
8347.870000 0.000000 1
8349.530000 0.000000 1
8351.190000 0.000000 1
8352.850000 0.000000 1
8354.510000 0.000000 1
8356.170000 0.000000 1
8357.830000 0.000000 1
8359.490000 0.000000 1
8361.150000 0.000000 1
8362.810000 0.000000 1
8364.470000 0.000000 1
8366.130000 0.000000 1
8367.790000 0.000000 1
8369.450000 0.000000 1
8371.110000 0.000000 1
8372.770000 0.000000 1
8374.430000 0.000000 1
8376.090000 0.000000 1
8377.750000 0.000000 1
8379.410000 0.000000 1
8381.070000 0.000000 1
8382.730000 0.000000 1
8384.390000 0.000000 1
8386.050000 0.000000 1
8387.710000 0.000000 1
8389.370000 0.000000 1
8391.030000 0.000000 1
8392.690000 0.000000 1
8394.350000 0.000000 1
8396.010000 0.000000 1
8397.670000 0.000000 1
8399.330000 0.000000 1
8400.990000 0.000000 1
8402.650000 0.000000 1
8404.310000 0.000000 1
8405.970000 0.000000 1
8407.630000 0.000000 1
8409.290000 0.000000 1
8410.950000 0.000000 1
8412.610000 0.000000 1
8414.270000 0.000000 1
8415.930000 0.000000 1
8417.590000 0.000000 1
8419.250000 0.000000 1
8420.910000 0.000000 1
8422.570000 0.000000 1
8424.230000 0.000000 1
8425.890000 0.000000 1
8427.550000 0.000000 1
8429.210000 0.000000 1
8430.870000 0.000000 1
8432.530000 0.000000 1
8434.190000 0.000000 1
8435.850000 0.000000 1
8437.510000 0.000000 1
8439.170000 0.000000 1
8440.830000 0.000000 1
8442.490000 0.000000 1
8444.150000 0.000000 1
8445.810000 0.000000 1
8447.470000 0.000000 1
8449.130000 0.000000 1
8450.790000 0.000000 1
8452.450000 0.000000 1
8454.110000 0.000000 1
8455.770000 0.000000 1
8457.430000 0.000000 1
8459.090000 0.000000 1
8460.750000 0.000000 1
8462.410000 0.000000 1
8464.070000 0.000000 1
8465.730000 0.000000 1
8467.390000 0.000000 1
8469.050000 0.000000 1
8470.710000 0.000000 1
8472.370000 0.000000 1
8474.030000 0.000000 1
8475.690000 0.000000 1
8477.350000 0.000000 1
