# obs: 255714
# slit: 8b
# z: 0.20401
# lines: H{beta},[OIII],H{alpha}
# spec: 704
4451.680000 0.000000 1
4455.040000 0.000000 1
4458.400000 0.000000 1
4461.760000 0.000000 1
4465.120000 0.000000 1
4468.479999 0.000000 1
4471.839999 0.000000 1
4475.199999 0.000000 1
4478.559999 0.000000 1
4481.919999 0.000000 1
4485.279999 0.000000 1
4488.639999 0.000000 1
4491.999999 0.000000 1
4495.359999 0.000000 1
4498.719999 0.000000 1
4502.079998 0.000000 1
4505.439998 0.000000 1
4508.799998 0.000000 1
4512.159998 0.000000 1
4515.519998 0.000000 1
4518.879998 0.000000 1
4522.239998 0.000000 1
4525.599998 0.000000 1
4528.959998 0.000000 1
4532.319997 0.000000 1
4535.679997 -0.035496 0
4539.039997 0.020764 0
4542.399997 0.067317 0
4545.759997 0.025518 0
4549.119997 0.023448 0
4552.479997 0.044807 0
4555.839997 0.039832 0
4559.199997 0.054264 0
4562.559997 0.041462 0
4565.919996 0.048088 0
4569.279996 0.043519 0
4572.639996 0.061111 0
4575.999996 0.087263 0
4579.359996 0.043852 0
4582.719996 0.025768 0
4586.079996 0.047220 0
4589.439996 0.076841 0
4592.799996 0.037705 0
4596.159995 0.044616 0
4599.519995 0.055704 0
4602.879995 0.033880 0
4606.239995 0.057274 0
4609.599995 0.028876 0
4612.959995 0.027000 0
4616.319995 0.032487 0
4619.679995 0.037422 0
4623.039995 0.032132 0
4626.399995 0.022267 0
4629.759994 0.038476 0
4633.119994 0.048689 0
4636.479994 0.051684 0
4639.839994 0.047543 0
4643.199994 0.055836 0
4646.559994 0.033366 0
4649.919994 0.049382 0
4653.279994 0.052142 0
4656.639994 0.045121 0
4659.999993 0.061004 0
4663.359993 0.065743 0
4666.719993 0.034687 0
4670.079993 0.028487 0
4673.439993 0.058306 0
4676.799993 0.045071 0
4680.159993 0.047458 0
4683.519993 0.059824 0
4686.879993 0.042444 0
4690.239993 0.058839 0
4693.599992 0.048296 0
4696.959992 0.022931 0
4700.319992 0.041633 0
4703.679992 0.049865 0
4707.039992 0.063204 0
4710.399992 0.066972 0
4713.759992 0.049994 0
4717.119992 0.040612 0
4720.479992 0.046700 0
4723.839992 0.063548 0
4727.199991 0.043589 0
4730.559991 0.034096 0
4733.919991 0.038002 0
4737.279991 0.031591 0
4740.639991 0.033723 0
4743.999991 0.027173 0
4747.359991 0.057502 0
4750.719991 0.031777 0
4754.079991 0.053233 0
4757.439990 0.035144 0
4760.799990 0.035147 0
4764.159990 0.070659 0
4767.519990 0.057397 0
4770.879990 0.051006 0
4774.239990 0.042253 0
4777.599990 0.029125 0
4780.959990 0.059877 0
4784.319990 0.033254 0
4787.679990 0.043732 0
4791.039989 0.030927 0
4794.399989 0.052511 0
4797.759989 0.040797 0
4801.119989 0.050420 0
4804.479989 0.065542 0
4807.839989 0.063824 0
4811.199989 0.051080 0
4814.559989 0.049890 0
4817.919989 0.053523 0
4821.279988 0.058876 0
4824.639988 0.062073 0
4827.999988 0.069740 0
4831.359988 0.041535 0
4834.719988 0.046867 0
4838.079988 0.066074 0
4841.439988 0.050533 0
4844.799988 0.054564 0
4848.159988 0.054088 0
4851.519988 0.041898 0
4854.879987 0.057608 0
4858.239987 0.037195 0
4861.599987 0.048822 0
4864.959987 0.082245 0
4868.319987 0.061023 0
4871.679987 0.042357 0
4875.039987 0.019630 0
4878.399987 0.046683 0
4881.759987 0.076049 0
4885.119986 0.073644 0
4888.479986 0.051328 0
4891.839986 0.064885 0
4895.199986 0.048733 0
4898.559986 0.065604 0
4901.919986 0.069949 0
4905.279986 0.062705 0
4908.639986 0.049432 0
4911.999986 0.051512 0
4915.359986 0.064487 0
4918.719985 0.057342 0
4922.079985 0.034560 0
4925.439985 0.031010 0
4928.799985 0.052635 0
4932.159985 0.048096 0
4935.519985 0.032543 0
4938.879985 0.044302 0
4942.239985 0.045468 0
4945.599985 0.048988 0
4948.959984 0.042531 0
4952.319984 0.066533 0
4955.679984 0.062754 0
4959.039984 0.057283 0
4962.399984 0.044671 0
4965.759984 0.040477 0
4969.119984 0.064796 0
4972.479984 0.046479 0
4975.839984 0.072966 0
4979.199984 0.064922 0
4982.559983 0.041470 0
4985.919983 0.070500 0
4989.279983 0.062053 0
4992.639983 0.054748 0
4995.999983 0.046112 0
4999.359983 0.070525 0
5002.719983 0.060392 0
5006.079983 0.040436 0
5009.439983 0.055950 0
5012.799982 0.064042 0
5016.159982 0.056400 0
5019.519982 0.038400 0
5022.879982 0.046296 0
5026.239982 0.043382 0
5029.599982 0.056576 0
5032.959982 0.061399 0
5036.319982 0.052455 0
5039.679982 0.053626 0
5043.039982 0.040414 0
5046.399981 0.035816 0
5049.759981 0.027019 0
5053.119981 0.056888 0
5056.479981 0.051087 0
5059.839981 0.044354 0
5063.199981 0.046471 0
5066.559981 0.047028 0
5069.919981 0.052505 0
5073.279981 0.057667 0
5076.639980 0.065472 0
5079.999980 0.062775 0
5083.359980 0.075747 0
5086.719980 0.043543 0
5090.079980 0.060792 0
5093.439980 0.053948 0
5096.799980 0.056611 0
5100.159980 0.045546 0
5103.519980 0.063780 0
5106.879980 0.058334 0
5110.239979 0.057195 0
5113.599979 0.077269 0
5116.959979 0.072343 0
5120.319979 0.055846 0
5123.679979 0.048277 0
5127.039979 0.033225 0
5130.399979 0.061662 0
5133.759979 0.045724 0
5137.119979 0.041481 0
5140.479978 0.042264 0
5143.839978 0.068334 0
5147.199978 0.060204 0
5150.559978 0.041049 0
5153.919978 0.045920 0
5157.279978 0.045988 0
5160.639978 0.044854 0
5163.999978 0.067705 0
5167.359978 0.034465 0
5170.719978 0.036777 0
5174.079977 0.036212 0
5177.439977 0.064716 0
5180.799977 0.030102 0
5184.159977 0.043419 0
5187.519977 0.049001 0
5190.879977 0.040428 0
5194.239977 0.040434 0
5197.599977 0.062726 0
5200.959977 0.074480 0
5204.319977 0.061422 0
5207.679976 0.039499 0
5211.039976 0.036375 0
5214.399976 0.063812 0
5217.759976 0.053359 0
5221.119976 0.057430 0
5224.479976 0.039975 0
5227.839976 0.049369 0
5231.199976 0.050616 0
5234.559976 0.050379 0
5237.919975 0.037425 0
5241.279975 0.047457 0
5244.639975 0.045964 0
5247.999975 0.045067 0
5251.359975 0.065792 0
5254.719975 0.052790 0
5258.079975 0.031703 0
5261.439975 0.020772 0
5264.799975 0.059483 0
5268.159975 0.063590 0
5271.519974 0.045740 0
5274.879974 0.060397 0
5278.239974 0.042616 0
5281.599974 0.044585 0
5284.959974 0.068410 0
5288.319974 0.044094 0
5291.679974 0.058645 0
5295.039974 0.051849 0
5298.399974 0.073068 0
5301.759973 0.053981 0
5305.119973 0.058099 0
5308.479973 0.065619 0
5311.839973 0.060484 0
5315.199973 0.043251 0
5318.559973 0.044747 0
5321.919973 0.053451 0
5325.279973 0.047092 0
5328.639973 0.057923 0
5331.999973 0.065841 0
5335.359972 0.062256 0
5338.719972 0.058135 0
5342.079972 0.055062 0
5345.439972 0.052045 0
5348.799972 0.030236 0
5352.159972 0.034978 0
5355.519972 0.048241 0
5358.879972 0.049117 0
5362.239972 0.056177 0
5365.599971 0.042962 0
5368.959971 0.025165 0
5372.319971 0.053889 0
5375.679971 0.069674 0
5379.039971 0.063711 0
5382.399971 0.043243 0
5385.759971 0.055829 0
5389.119971 0.075023 0
5392.479971 0.068045 0
5395.839971 0.035933 0
5399.199970 0.043738 0
5402.559970 0.061784 0
5405.919970 0.070160 0
5409.279970 0.039874 0
5412.639970 0.055904 0
5415.999970 0.039186 0
5419.359970 0.045522 0
5422.719970 0.074469 0
5426.079970 0.056727 0
5429.439969 0.055013 0
5432.799969 0.056075 0
5436.159969 0.070077 0
5439.519969 0.051022 0
5442.879969 0.049219 0
5446.239969 0.048024 0
5449.599969 0.072002 0
5452.959969 0.046690 0
5456.319969 0.035960 0
5459.679969 0.049689 0
5463.039968 0.048863 0
5466.399968 0.059765 0
5469.759968 0.065030 0
5473.119968 0.073618 0
5476.479968 0.071563 0
5479.839968 0.055167 0
5483.199968 0.054384 0
5486.559968 0.060004 0
5489.919968 0.062948 0
5493.279967 0.051689 0
5496.639967 0.038550 0
5499.999967 0.063773 0
5503.359967 0.051057 0
5506.719967 0.042124 0
5510.079967 0.023648 0
5513.439967 0.059742 0
5516.799967 0.054036 0
5520.159967 0.040468 0
5523.519967 0.061794 0
5526.879966 0.065531 0
5530.239966 0.055188 0
5533.599966 0.048427 0
5536.959966 0.035688 0
5540.319966 0.053339 0
5543.679966 0.066596 0
5547.039966 0.080324 0
5550.399966 0.052511 0
5553.759966 0.064250 0
5557.119965 0.051585 0
5560.479965 0.037575 0
5563.839965 0.039585 1
5567.199965 0.067908 1
5570.559965 0.312661 1
5573.919965 0.084249 1
5577.279965 0.102238 1
5580.639965 -0.127180 1
5583.999965 -0.099812 1
5587.359965 -0.071162 1
5590.719964 0.033384 1
5594.079964 0.049122 1
5597.439964 0.049103 0
5600.799964 0.052610 0
5604.159964 0.047186 0
5607.519964 0.034962 0
5610.879964 0.048478 0
5614.239964 0.042775 0
5617.599964 0.057535 0
5620.959963 0.070476 0
5624.319963 0.059237 0
5627.679963 0.043385 0
5631.039963 0.049562 0
5634.399963 0.049335 0
5637.759963 0.043396 0
5641.119963 0.057474 0
5644.479963 0.066789 0
5647.839963 0.074412 0
5651.199963 0.074963 0
5654.559962 0.032934 0
5657.919962 0.035957 0
5661.279962 0.049517 0
5664.639962 0.042572 0
5667.999962 0.048569 0
5671.359962 0.029375 0
5674.719962 0.054962 0
5678.079962 0.063000 0
5681.439962 0.055733 0
5684.799962 0.056514 0
5688.159961 0.042366 0
5691.519961 0.027800 0
5694.879961 0.062741 0
5698.239961 0.059168 0
5701.599961 0.053862 0
5704.959961 0.030601 0
5708.319961 0.044711 0
5711.679961 0.062061 0
5715.039961 0.058529 0
5718.399960 0.070647 0
5721.759960 0.057060 0
5725.119960 0.036659 0
5728.479960 0.052095 0
5731.839960 0.054676 0
5735.199960 0.052547 0
5738.559960 0.071821 0
5741.919960 0.028176 0
5745.279960 0.048832 0
5748.639960 0.027273 0
5751.999959 0.077523 0
5755.359959 0.072733 0
5758.719959 0.025481 0
5762.079959 0.046591 0
5765.439959 0.040184 0
5768.799959 0.052799 0
5772.159959 0.067193 0
5775.519959 0.056867 0
5778.879959 0.068593 0
5782.239958 0.046073 0
5785.599958 0.035386 0
5788.959958 0.071060 1
5792.319958 0.055305 1
5795.679958 0.041384 1
5799.039958 0.074134 1
5802.399958 0.053678 1
5805.759958 0.054287 1
5809.119958 0.065097 1
5812.479958 0.057573 1
5815.839957 0.067622 1
5819.199957 0.058294 1
5822.559957 0.040309 1
5825.919957 0.053588 1
5829.279957 0.062183 1
5832.639957 0.058352 1
5835.999957 0.025840 1
5839.359957 0.039501 0
5842.719957 0.048254 0
5846.079956 0.050610 0
5849.439956 0.087476 0
5852.799956 0.077544 0
5856.159956 0.096193 0
5859.519956 0.052301 0
5862.879956 0.064397 0
5866.239956 0.046609 0
5869.599956 0.048340 0
5872.959956 0.053428 0
5876.319956 0.037871 0
5879.679955 0.064762 0
5883.039955 0.081090 0
5886.399955 0.089648 0
5889.759955 0.057891 0
5893.119955 0.005583 0
5896.479955 0.029358 0
5899.839955 0.045132 0
5903.199955 0.020001 0
5906.559955 0.040875 0
5909.919954 0.033193 0
5913.279954 0.067224 0
5916.639954 0.057404 0
5919.999954 0.042501 0
5923.359954 0.042098 0
5926.719954 0.024644 0
5930.079954 0.046026 0
5933.439954 0.054609 0
5936.799954 0.044582 0
5940.159954 0.062139 0
5943.519953 0.055775 0
5946.879953 0.034551 0
5950.239953 0.061037 0
5953.599953 0.058598 0
5956.959953 0.069572 0
5960.319953 0.044982 0
5963.679953 0.061128 0
5967.039953 0.070859 0
5970.399953 0.089040 0
5973.759952 0.073944 0
5977.119952 0.095028 0
5980.479952 0.049119 0
5983.839952 0.042630 0
5987.199952 0.048209 0
5990.559952 0.045893 0
5993.919952 0.057408 0
5997.279952 0.033926 0
6000.639952 0.074279 0
6003.999952 0.065046 0
6007.359951 0.054815 0
6010.719951 0.040462 0
6014.079951 0.038048 0
6017.439951 0.050803 0
6020.799951 0.051881 0
6024.159951 0.094894 0
6027.519951 0.127103 0
6030.879951 0.128209 0
6034.239951 0.107149 0
6037.599950 0.072818 0
6040.959950 0.052493 0
6044.319950 0.062850 0
6047.679950 0.076928 0
6051.039950 0.067933 0
6054.399950 0.046828 0
6057.759950 0.037558 0
6061.119950 0.048592 0
6064.479950 0.045912 0
6067.839950 0.043090 0
6071.199949 0.051218 0
6074.559949 0.050691 0
6077.919949 0.044771 0
6081.279949 0.052571 0
6084.639949 0.043639 0
6087.999949 0.049420 0
6091.359949 0.054137 0
6094.719949 0.048727 0
6098.079949 0.035570 0
6101.439948 0.048858 0
6104.799948 0.054416 0
6108.159948 0.060757 0
6111.519948 0.049229 0
6114.879948 0.025568 0
6118.239948 0.046850 0
6121.599948 0.040381 0
6124.959948 0.071861 0
6128.319948 0.075702 0
6131.679948 0.043595 0
6135.039947 0.048743 0
6138.399947 0.040849 0
6141.759947 0.050388 0
6145.119947 0.029139 0
6148.479947 0.051211 0
6151.839947 0.048769 0
6155.199947 0.058919 0
6158.559947 0.034667 0
6161.919947 0.032594 0
6165.279947 0.048617 0
6168.639946 0.039620 0
6171.999946 0.048912 0
6175.359946 0.032980 0
6178.719946 0.037756 0
6182.079946 0.038176 0
6185.439946 0.040517 0
6188.799946 0.044177 0
6192.159946 0.025156 0
6195.519946 0.033376 0
6198.879945 0.019849 0
6202.239945 0.034395 0
6205.599945 0.047464 0
6208.959945 0.051043 0
6212.319945 0.055991 0
6215.679945 0.050760 0
6219.039945 0.043105 0
6222.399945 0.041528 0
6225.759945 0.050304 0
6229.119945 0.043086 0
6232.479944 0.048953 0
6235.839944 0.017853 0
6239.199944 0.030519 0
6242.559944 0.039011 0
6245.919944 0.046698 0
6249.279944 0.048224 0
6252.639944 0.046112 0
6255.999944 0.056896 0
6259.359944 0.049969 0
6262.719943 0.036566 0
6266.079943 0.043495 0
6269.439943 0.023452 0
6272.799943 0.038312 0
6276.159943 0.054748 0
6279.519943 0.039989 0
6282.879943 0.054981 0
6286.239943 0.052991 0
6289.599943 0.064901 0
6292.959943 0.062485 0
6296.319942 0.095367 0
6299.679942 0.130102 0
6303.039942 0.031755 0
6306.399942 0.005016 0
6309.759942 0.001746 0
6313.119942 0.030897 0
6316.479942 0.025222 0
6319.839942 0.037683 0
6323.199942 0.049322 0
6326.559941 0.016188 0
6329.919941 0.038336 0
6333.279941 0.020795 0
6336.639941 0.027053 0
6339.999941 0.051592 0
6343.359941 0.046805 0
6346.719941 0.036106 0
6350.079941 0.044799 0
6353.439941 0.060774 0
6356.799941 0.066520 0
6360.159940 0.079155 0
6363.519940 0.058328 0
6366.879940 0.031534 0
6370.239940 0.047128 0
6373.599940 0.053985 0
6376.959940 0.025996 0
6380.319940 0.042368 0
6383.679940 0.051644 0
6387.039940 0.059768 0
6390.399939 0.035953 0
6393.759939 0.027059 0
6397.119939 0.038268 0
6400.479939 0.063147 0
6403.839939 0.050096 0
6407.199939 0.030866 0
6410.559939 0.040213 0
6413.919939 0.043091 0
6417.279939 0.059393 0
6420.639939 0.039559 0
6423.999938 0.037816 0
6427.359938 0.049633 0
6430.719938 0.046409 0
6434.079938 0.054590 0
6437.439938 0.062616 0
6440.799938 0.050977 0
6444.159938 0.049851 0
6447.519938 0.055822 0
6450.879938 0.055760 0
6454.239937 0.045354 0
6457.599937 0.049098 0
6460.959937 0.049837 0
6464.319937 0.077110 0
6467.679937 0.072261 0
6471.039937 0.052220 0
6474.399937 0.038649 0
6477.759937 0.051474 0
6481.119937 0.050961 0
6484.479937 0.053776 0
6487.839936 0.060235 0
6491.199936 0.060877 0
6494.559936 0.026884 0
6497.919936 0.025814 0
6501.279936 0.011431 0
6504.639936 0.026897 0
6507.999936 0.052351 0
6511.359936 0.043998 0
6514.719936 0.039738 0
6518.079935 0.047159 0
6521.439935 0.040042 0
6524.799935 0.041970 0
6528.159935 0.048632 0
6531.519935 0.052954 0
6534.879935 0.043802 0
6538.239935 0.045048 0
6541.599935 0.037901 0
6544.959935 0.013086 0
6548.319935 0.048369 0
6551.679934 0.054942 0
6555.039934 0.043891 0
6558.399934 0.036367 0
6561.759934 0.052381 0
6565.119934 0.026833 0
6568.479934 0.038125 0
6571.839934 0.039212 0
6575.199934 0.040448 0
6578.559934 0.061396 0
6581.919933 0.054810 0
6585.279933 0.036760 0
6588.639933 0.043344 0
6591.999933 0.045296 0
6595.359933 0.038822 0
6598.719933 0.050167 0
6602.079933 0.059401 0
6605.439933 0.040989 0
6608.799933 0.041640 0
6612.159933 0.040763 0
6615.519932 0.052719 0
6618.879932 0.036911 0
6622.239932 0.032175 0
6625.599932 0.038217 0
6628.959932 0.066077 0
6632.319932 0.045276 0
6635.679932 0.029506 0
6639.039932 0.043801 0
6642.399932 0.058458 0
6645.759932 0.051438 0
6649.119931 0.042603 0
6652.479931 0.048113 0
6655.839931 0.060182 0
6659.199931 0.051644 0
6662.559931 0.050796 0
6665.919931 0.059764 0
6669.279931 0.055283 0
6672.639931 0.038573 0
6675.999931 0.045579 0
6679.359930 0.049590 0
6682.719930 0.048890 0
6686.079930 0.047444 0
6689.439930 0.065504 0
6692.799930 0.046933 0
6696.159930 0.044034 0
6699.519930 0.069289 0
6702.879930 0.066036 0
6706.239930 0.055824 0
6709.599930 0.041090 0
6712.959929 0.056385 0
6716.319929 0.058355 0
6719.679929 0.033136 0
6723.039929 0.044504 0
6726.399929 0.035659 0
6729.759929 0.036772 0
6733.119929 0.049360 0
6736.479929 0.049840 0
6739.839929 0.062865 0
6743.199928 0.046777 0
6746.559928 0.035713 0
6749.919928 0.044400 0
6753.279928 0.039590 0
6756.639928 0.054290 0
6759.999928 0.057839 0
6763.359928 0.040508 0
6766.719928 0.053922 0
6770.079928 0.049087 0
6773.439928 0.034378 0
6776.799927 0.040221 0
6780.159927 0.055485 0
6783.519927 0.054037 0
6786.879927 0.035454 0
6790.239927 0.047196 0
6793.599927 0.043137 0
6796.959927 0.032417 0
6800.319927 0.058107 0
6803.679927 0.060294 0
6807.039926 0.031269 0
6810.399926 0.053558 0
6813.759926 0.030317 0
6817.119926 0.018256 0
6820.479926 0.045452 0
6823.839926 0.035771 0
6827.199926 0.053395 0
6830.559926 0.038785 0
6833.919926 0.067792 0
6837.279926 0.086761 0
6840.639925 0.048775 0
6843.999925 0.063225 0
6847.359925 0.039643 0
6850.719925 0.052024 0
6854.079925 0.032003 0
6857.439925 0.053173 0
6860.799925 0.043174 0
6864.159925 0.041643 0
6867.519925 0.062352 0
6870.879924 0.032560 0
6874.239924 0.028288 0
6877.599924 0.022210 0
6880.959924 0.046778 0
6884.319924 0.051895 0
6887.679924 0.020423 0
6891.039924 0.056490 0
6894.399924 0.051035 0
6897.759924 0.029522 0
6901.119924 0.051473 0
6904.479923 0.062841 0
6907.839923 0.056521 0
6911.199923 0.048987 0
6914.559923 0.041438 0
6917.919923 0.044355 0
6921.279923 0.034683 0
6924.639923 0.039245 0
6927.999923 0.042883 0
6931.359923 0.018858 0
6934.719922 0.023523 0
6938.079922 0.059708 0
6941.439922 0.043207 0
6944.799922 0.025539 0
6948.159922 0.012613 0
6951.519922 0.051230 0
6954.879922 0.044421 0
6958.239922 0.054633 0
6961.599922 0.055143 0
6964.959922 0.032009 0
6968.319921 0.054496 0
6971.679921 0.050127 0
6975.039921 0.045757 0
6978.399921 0.027111 0
6981.759921 0.060067 0
6985.119921 0.059458 0
6988.479921 0.056786 0
6991.839921 0.076072 0
6995.199921 0.040789 0
6998.559920 0.040749 0
7001.919920 0.083482 0
7005.279920 0.044257 0
7008.639920 0.047399 0
7011.999920 0.054895 0
7015.359920 0.071666 0
7018.719920 0.057002 0
7022.079920 0.044205 0
7025.439920 0.041625 0
7028.799920 0.044070 0
7032.159919 0.046061 0
7035.519919 0.037573 0
7038.879919 0.041056 0
7042.239919 0.033190 0
7045.599919 0.038768 0
7048.959919 0.052158 0
7052.319919 0.044353 0
7055.679919 0.051427 0
7059.039919 0.033305 0
7062.399918 0.038710 0
7065.759918 0.053069 0
7069.119918 0.043718 0
7072.479918 0.044447 0
7075.839918 0.046591 0
7079.199918 0.054653 0
7082.559918 0.058712 0
7085.919918 0.061053 0
7089.279918 0.048530 0
7092.639918 0.051303 0
7095.999917 0.052134 0
7099.359917 0.029887 0
7102.719917 0.024543 0
7106.079917 0.038054 0
7109.439917 0.045709 0
7112.799917 0.035739 0
7116.159917 0.035640 0
7119.519917 0.051619 0
7122.879917 0.053551 0
7126.239916 0.047402 0
7129.599916 0.023327 0
7132.959916 0.047850 0
7136.319916 0.036380 0
7139.679916 0.038762 0
7143.039916 0.061204 0
7146.399916 0.051514 0
7149.759916 0.043319 0
7153.119916 0.049749 0
7156.479916 0.043951 0
7159.839915 0.064690 0
7163.199915 0.046736 0
7166.559915 0.054108 0
7169.919915 0.062326 0
7173.279915 0.053678 0
7176.639915 0.035894 0
7179.999915 0.035883 0
7183.359915 0.050239 0
7186.719915 0.044207 0
7190.079915 0.048499 0
7193.439914 0.038169 0
7196.799914 0.037358 0
7200.159914 0.027465 0
7203.519914 0.029952 0
7206.879914 0.066663 0
7210.239914 0.023880 0
7213.599914 0.034337 0
7216.959914 0.046171 0
7220.319914 0.030473 0
7223.679913 0.053602 0
7227.039913 0.037133 0
7230.399913 0.054115 0
7233.759913 0.024570 0
7237.119913 0.027384 0
7240.479913 0.035826 0
7243.839913 0.052421 0
7247.199913 0.008467 0
7250.559913 0.020252 0
7253.919913 0.045001 0
7257.279912 0.060529 0
7260.639912 0.021950 0
7263.999912 0.046190 0
7267.359912 0.051330 0
7270.719912 0.049152 0
7274.079912 0.050206 0
7277.439912 0.029312 0
7280.799912 0.030934 0
7284.159912 0.065354 0
7287.519911 0.050818 0
7290.879911 0.060613 0
7294.239911 0.052399 0
7297.599911 0.038931 0
7300.959911 0.056208 0
7304.319911 0.058167 0
7307.679911 0.069538 0
7311.039911 0.061157 0
7314.399911 0.090195 0
7317.759911 0.073505 0
7321.119910 0.046605 0
7324.479910 0.051708 0
7327.839910 0.071264 0
7331.199910 0.042737 0
7334.559910 0.022442 0
7337.919910 0.020345 0
7341.279910 0.036142 0
7344.639910 0.065839 0
7347.999910 0.041066 0
7351.359909 0.040998 0
7354.719909 0.048512 0
7358.079909 0.044381 0
7361.439909 0.047847 0
7364.799909 0.020119 0
7368.159909 0.057921 0
7371.519909 0.043956 0
7374.879909 0.032147 0
7378.239909 0.048226 0
7381.599909 0.039450 0
7384.959908 0.044275 0
7388.319908 0.040533 0
7391.679908 0.028999 0
7395.039908 0.038427 0
7398.399908 0.040588 0
7401.759908 0.034845 0
7405.119908 0.070134 0
7408.479908 0.031708 0
7411.839908 0.061539 0
7415.199907 0.040645 0
7418.559907 0.034893 0
7421.919907 0.033502 0
7425.279907 0.040614 0
7428.639907 0.035012 0
7431.999907 0.032118 0
7435.359907 0.046401 0
7438.719907 0.035210 0
7442.079907 0.019933 0
7445.439907 0.039145 0
7448.799906 0.036387 0
7452.159906 0.043451 0
7455.519906 0.035399 0
7458.879906 0.037574 0
7462.239906 0.032407 0
7465.599906 0.021593 0
7468.959906 0.037133 0
7472.319906 0.042268 0
7475.679906 0.060085 0
7479.039905 0.022093 0
7482.399905 0.058392 0
7485.759905 0.052649 0
7489.119905 0.052661 0
7492.479905 0.033212 0
7495.839905 0.048166 0
7499.199905 0.050025 0
7502.559905 0.035930 0
7505.919905 0.020234 0
7509.279905 0.050358 0
7512.639904 0.049482 0
7515.999904 0.052976 0
7519.359904 0.040387 0
7522.719904 0.018986 0
7526.079904 0.022876 0
7529.439904 0.037001 0
7532.799904 0.030047 0
7536.159904 0.026994 0
7539.519904 0.056619 0
7542.879903 0.062408 0
7546.239903 0.036820 0
7549.599903 0.018312 0
7552.959903 0.032455 0
7556.319903 0.026313 0
7559.679903 0.033226 0
7563.039903 0.028714 0
7566.399903 0.052863 0
7569.759903 0.021995 0
7573.119903 0.021373 0
7576.479902 0.040043 0
7579.839902 0.052517 0
7583.199902 0.041625 0
7586.559902 0.025201 0
7589.919902 0.038391 0
7593.279902 0.061831 0
7596.639902 0.046972 0
7599.999902 0.056526 0
7603.359902 0.047678 0
7606.719901 0.093448 0
7610.079901 0.025529 0
7613.439901 0.038128 0
7616.799901 0.061665 0
7620.159901 0.062758 0
7623.519901 0.038560 0
7626.879901 0.039141 0
7630.239901 0.035838 0
7633.599901 0.062854 0
7636.959901 0.040574 0
7640.319900 0.040141 0
7643.679900 0.061273 0
7647.039900 0.037301 0
7650.399900 0.026448 0
7653.759900 0.029309 0
7657.119900 0.039923 0
7660.479900 0.048236 0
7663.839900 0.058153 0
7667.199900 0.057935 0
7670.559900 0.049287 0
7673.919899 0.021696 0
7677.279899 0.033863 0
7680.639899 0.057434 0
7683.999899 0.033053 0
7687.359899 0.039103 0
7690.719899 0.034369 0
7694.079899 0.032630 0
7697.439899 0.034575 0
7700.799899 0.030252 0
7704.159898 0.007343 0
7707.519898 0.039985 0
7710.879898 0.006736 0
7714.239898 0.013417 0
7717.599898 0.093881 0
7720.959898 0.065014 0
7724.319898 0.026306 0
7727.679898 0.024837 0
7731.039898 0.028348 0
7734.399898 0.013097 0
7737.759897 0.030356 0
7741.119897 0.036269 0
7744.479897 -0.008316 0
7747.839897 0.016342 0
7751.199897 0.048205 0
7754.559897 0.027849 0
7757.919897 0.030004 0
7761.279897 0.052211 0
7764.639897 0.047011 0
7767.999896 0.011156 0
7771.359896 0.040699 0
7774.719896 0.037919 0
7778.079896 0.047052 0
7781.439896 0.036639 0
7784.799896 0.051799 0
7788.159896 0.037954 0
7791.519896 0.005831 0
7794.879896 0.051990 0
7798.239896 0.031052 0
7801.599895 0.023626 0
7804.959895 0.039058 0
7808.319895 0.045663 0
7811.679895 0.036833 0
7815.039895 0.010600 0
7818.399895 -0.003824 0
7821.759895 0.006216 0
7825.119895 0.042294 0
7828.479895 0.043183 0
7831.839894 0.054178 0
7835.199894 0.053226 0
7838.559894 0.042448 0
7841.919894 0.040616 0
7845.279894 0.020122 0
7848.639894 0.012693 0
7851.999894 0.024500 0
7855.359894 0.073671 0
7858.719894 0.053496 0
7862.079894 0.032176 0
7865.439893 0.073481 0
7868.799893 0.079179 0
7872.159893 0.036173 0
7875.519893 0.045825 0
7878.879893 0.025047 0
7882.239893 0.056931 0
7885.599893 0.042795 0
7888.959893 0.030232 0
7892.319893 0.030793 0
7895.679892 0.078273 0
7899.039892 0.166645 0
7902.399892 0.187221 0
7905.759892 0.148983 0
7909.119892 0.073718 0
7912.479892 0.063264 0
7915.839892 0.028011 0
7919.199892 0.041236 0
7922.559892 0.066729 0
7925.919892 0.103405 0
7929.279891 0.050546 0
7932.639891 0.079081 0
7935.999891 0.058540 0
7939.359891 0.034729 0
7942.719891 0.009141 0
7946.079891 0.035281 0
7949.439891 0.032345 0
7952.799891 0.012599 0
7956.159891 0.012526 0
7959.519890 0.042125 0
7962.879890 0.041564 0
7966.239890 0.042322 0
7969.599890 0.045455 0
7972.959890 0.006073 0
7976.319890 0.023387 0
7979.679890 0.031167 0
7983.039890 0.013439 0
7986.399890 0.053006 0
7989.759890 0.054974 0
7993.119889 0.048037 0
7996.479889 0.030304 0
7999.839889 0.049278 0
8003.199889 0.047371 0
8006.559889 0.051154 0
8009.919889 0.031891 0
8013.279889 0.051682 0
8016.639889 0.047062 0
8019.999889 0.005981 0
8023.359888 0.036359 0
8026.719888 0.070522 0
8030.079888 0.082759 0
8033.439888 0.057817 0
8036.799888 0.072376 0
8040.159888 0.021721 0
8043.519888 0.037365 0
8046.879888 0.048515 0
8050.239888 0.017103 0
8053.599888 0.028887 0
8056.959887 0.040461 0
8060.319887 0.009244 0
8063.679887 0.050562 0
8067.039887 0.049390 0
8070.399887 0.019209 0
8073.759887 0.022449 0
8077.119887 0.037246 0
8080.479887 0.039774 0
8083.839887 0.061882 0
8087.199886 0.086251 0
8090.559886 0.061509 0
8093.919886 0.052763 0
8097.279886 0.024642 0
8100.639886 0.060748 0
8103.999886 0.073060 0
8107.359886 0.068535 0
8110.719886 0.057788 0
8114.079886 0.037257 0
8117.439886 0.050149 0
8120.799885 0.029784 0
8124.159885 0.023878 0
8127.519885 0.018306 0
8130.879885 0.028281 0
8134.239885 0.041393 0
8137.599885 0.037219 0
8140.959885 0.027796 0
8144.319885 0.029563 0
8147.679885 0.028728 0
8151.039885 0.035200 0
8154.399884 0.039006 0
8157.759884 0.022467 0
8161.119884 0.031375 0
8164.479884 0.044474 0
8167.839884 0.053103 0
8171.199884 0.037802 0
8174.559884 0.032890 0
8177.919884 0.042450 0
8181.279884 0.041063 0
8184.639883 0.033896 0
8187.999883 0.027992 0
8191.359883 0.044406 0
8194.719883 0.049186 0
8198.079883 0.044633 0
8201.439883 0.039149 0
8204.799883 0.034854 0
8208.159883 0.063503 0
8211.519883 0.040460 0
8214.879883 0.022385 0
8218.239882 0.039383 0
8221.599882 0.023602 0
8224.959882 0.024535 0
8228.319882 0.040224 0
8231.679882 0.050760 0
8235.039882 0.038007 0
8238.399882 0.021778 0
8241.759882 0.030820 0
8245.119882 0.016417 0
8248.479881 0.019623 0
8251.839881 0.037113 0
8255.199881 0.044600 0
8258.559881 0.038801 0
8261.919881 0.034333 0
8265.279881 0.048265 0
8268.639881 0.039696 0
8271.999881 0.049823 0
8275.359881 0.044110 0
8278.719881 0.015230 0
8282.079880 0.029957 0
8285.439880 -0.006041 0
8288.799880 0.071193 0
8292.159880 0.033678 0
8295.519880 -0.002830 0
8298.879880 0.062931 0
8302.239880 0.019416 0
8305.599880 0.042988 0
8308.959880 0.024873 0
8312.319879 0.003210 0
8315.679879 0.011703 0
8319.039879 0.018023 0
8322.399879 0.033530 0
8325.759879 0.055040 0
8329.119879 0.017952 0
8332.479879 0.048047 0
8335.839879 0.036055 0
8339.199879 0.065582 0
8342.559879 0.051521 0
8345.919878 0.109117 0
8349.279878 -0.011864 0
8352.639878 -0.066102 0
8355.999878 -0.002356 0
8359.359878 0.007371 0
8362.719878 0.024950 0
8366.079878 0.033343 0
8369.439878 0.013603 0
8372.799878 0.019878 0
8376.159877 0.026862 0
8379.519877 0.054246 0
8382.879877 0.055844 0
8386.239877 0.046138 0
8389.599877 0.039548 0
8392.959877 0.042887 0
8396.319877 0.099113 0
8399.679877 0.043500 0
8403.039877 0.050912 0
8406.399877 0.030915 0
8409.759876 0.047052 0
8413.119876 0.037864 0
8416.479876 0.018883 0
8419.839876 0.057861 0
8423.199876 0.068268 0
8426.559876 0.070880 0
8429.919876 0.007330 0
8433.279876 0.051987 0
8436.639876 0.030357 0
8439.999875 -0.005028 0
8443.359875 0.022073 0
8446.719875 0.024041 0
8450.079875 0.039709 0
8453.439875 0.038447 0
8456.799875 0.035525 0
8460.159875 0.005347 0
8463.519875 0.017416 0
8466.879875 0.017443 0
8470.239875 -0.001364 0
8473.599874 0.016543 0
8476.959874 0.046494 0
8480.319874 0.045776 0
8483.679874 0.035763 0
8487.039874 0.044402 0
8490.399874 0.057569 0
8493.759874 0.062720 0
8497.119874 0.033878 0
8500.479874 0.047166 0
8503.839873 0.067549 0
8507.199873 0.042916 0
8510.559873 0.040156 0
8513.919873 0.029452 0
8517.279873 0.035538 0
8520.639873 0.032527 0
8523.999873 0.022408 0
8527.359873 0.035756 0
8530.719873 0.042725 0
8534.079873 0.029944 0
8537.439872 0.032654 0
8540.799872 0.049365 0
8544.159872 0.008903 0
8547.519872 0.029223 0
8550.879872 0.031351 0
8554.239872 0.051334 0
8557.599872 0.026605 0
8560.959872 0.050731 0
8564.319872 0.027057 0
8567.679871 0.033102 0
8571.039871 0.016393 0
8574.399871 0.033755 0
8577.759871 0.035292 0
8581.119871 0.046914 0
8584.479871 0.039774 0
8587.839871 0.037129 0
8591.199871 0.041685 0
8594.559871 0.041694 0
8597.919871 0.042209 0
8601.279870 0.053264 0
8604.639870 0.052665 0
8607.999870 0.028605 0
8611.359870 0.041637 0
8614.719870 0.055805 0
8618.079870 0.068300 0
8621.439870 0.021500 0
8624.799870 0.021634 0
8628.159870 0.036330 0
8631.519870 0.066497 0
8634.879869 0.051422 0
8638.239869 0.027815 0
8641.599869 0.025319 0
8644.959869 0.032844 0
8648.319869 0.042937 0
8651.679869 0.030387 0
8655.039869 0.038576 0
8658.399869 0.072972 0
8661.759869 0.051163 0
8665.119868 0.036207 0
8668.479868 0.018823 0
8671.839868 0.004533 0
8675.199868 0.033323 0
8678.559868 0.012362 0
8681.919868 0.040574 0
8685.279868 0.083942 0
8688.639868 0.052685 0
8691.999868 0.020767 0
8695.359868 0.029209 0
8698.719867 0.015880 0
8702.079867 0.043988 0
8705.439867 0.040896 0
8708.799867 0.036554 0
8712.159867 0.034638 0
8715.519867 0.029802 0
8718.879867 0.024374 0
8722.239867 0.044859 0
8725.599867 0.061249 0
8728.959866 0.033110 0
8732.319866 0.016914 0
8735.679866 0.010115 0
8739.039866 0.040104 0
8742.399866 0.038806 0
8745.759866 0.024365 0
8749.119866 0.019125 0
8752.479866 0.059466 0
8755.839866 0.069338 0
8759.199866 0.087467 0
8762.559865 0.087092 0
8765.919865 0.017871 0
8769.279865 -0.033562 0
8772.639865 0.077231 0
8775.999865 -0.028715 0
8779.359865 -0.001854 0
8782.719865 0.075615 0
8786.079865 0.050528 0
8789.439865 0.053373 0
8792.799864 0.058968 0
8796.159864 0.055256 0
8799.519864 0.017428 0
8802.879864 0.045550 0
8806.239864 0.022439 0
8809.599864 0.033880 1
8812.959864 0.051207 1
8816.319864 0.050554 1
8819.679864 0.100886 1
8823.039864 0.118902 1
8826.399863 0.046853 1
8829.759863 0.042866 1
8833.119863 -0.008900 1
8836.479863 -0.013083 1
8839.839863 0.032204 1
8843.199863 0.016084 0
8846.559863 0.009564 0
8849.919863 0.040246 0
8853.279863 0.044581 0
8856.639862 0.026525 0
8859.999862 0.031083 0
8863.359862 0.005891 0
8866.719862 0.050741 0
8870.079862 0.042394 0
8873.439862 0.005238 0
8876.799862 0.041038 0
8880.159862 0.131709 0
8883.519862 -0.006037 0
8886.879862 0.065945 0
8890.239861 0.027169 0
8893.599861 -0.012776 0
8896.959861 0.052667 0
8900.319861 0.018875 0
8903.679861 0.058106 0
8907.039861 0.049080 0
8910.399861 0.069767 0
8913.759861 0.042829 0
8917.119861 0.047677 0
8920.479860 0.054477 0
8923.839860 0.034356 0
8927.199860 -0.024289 0
8930.559860 -0.033675 0
8933.919860 0.020342 0
8937.279860 0.033557 0
8940.639860 0.015253 0
8943.999860 0.029866 0
8947.359860 0.033480 0
8950.719860 0.056272 0
8954.079859 0.119108 0
8957.439859 0.052577 0
8960.799859 0.004795 0
8964.159859 -0.046679 0
8967.519859 -0.015992 0
8970.879859 -0.005871 0
8974.239859 0.003454 0
8977.599859 0.034079 0
8980.959859 0.040213 0
8984.319858 0.068987 0
8987.679858 0.036276 0
8991.039858 0.052766 0
8994.399858 0.012601 0
8997.759858 0.051368 0
9001.119858 0.014280 0
9004.479858 0.051435 0
9007.839858 -0.015026 0
9011.199858 0.033038 0
9014.559858 0.040636 0
9017.919857 0.044767 0
9021.279857 0.025515 0
9024.639857 0.009090 0
9027.999857 0.023652 0
9031.359857 0.035769 0
9034.719857 0.022568 0
9038.079857 0.015014 0
9041.439857 0.062446 0
9044.799857 0.069842 0
9048.159856 0.025913 0
9051.519856 0.046572 0
9054.879856 0.052357 0
9058.239856 0.054286 0
9061.599856 0.053538 0
9064.959856 0.059075 0
9068.319856 0.044314 0
9071.679856 0.018409 0
9075.039856 0.035692 0
9078.399856 0.040352 0
9081.759855 0.041556 0
9085.119855 0.020495 0
9088.479855 0.002256 0
9091.839855 0.036649 0
9095.199855 0.060906 0
9098.559855 0.055129 0
9101.919855 0.049991 0
9105.279855 0.001874 0
9108.639855 -0.005822 0
9111.999855 0.015573 0
9115.359854 0.029217 0
9118.719854 0.034011 0
9122.079854 0.044555 0
9125.439854 0.049592 0
9128.799854 0.020272 0
9132.159854 0.029198 0
9135.519854 0.030671 0
9138.879854 0.048976 0
9142.239854 0.018395 0
9145.599853 0.029672 0
9148.959853 0.014702 0
9152.319853 0.020245 0
9155.679853 0.049731 0
9159.039853 0.030773 0
9162.399853 0.049709 0
9165.759853 0.064117 0
9169.119853 0.028958 0
9172.479853 0.057593 0
9175.839853 0.019031 0
9179.199852 0.008614 0
9182.559852 0.002798 0
9185.919852 0.034693 0
9189.279852 0.044019 0
9192.639852 0.044591 0
9195.999852 0.034310 0
9199.359852 0.053133 0
9202.719852 0.055774 0
9206.079852 0.032653 0
9209.439851 0.039580 0
9212.799851 0.043238 0
9216.159851 0.037634 0
9219.519851 0.041127 0
9222.879851 0.028552 0
9226.239851 0.021277 0
9229.599851 0.024635 0
9232.959851 0.045586 0
9236.319851 0.048640 0
9239.679851 0.037651 0
9243.039850 0.035914 0
9246.399850 0.038891 0
9249.759850 0.036669 0
