# obs: 255712
# slit: 22
# z: 0.58288
# lines: [OII],H
# spec: 337
4451.680000 0.000000 1
4455.040000 0.000000 1
4458.400000 0.000000 1
4461.760000 0.000000 1
4465.120000 0.000000 1
4468.480000 0.000000 1
4471.840000 0.000000 1
4475.200000 0.000000 1
4478.560000 0.000000 1
4481.920000 0.000000 1
4485.280000 0.000000 1
4488.640000 0.000000 1
4492.000000 0.000000 1
4495.360000 0.000000 1
4498.720000 0.000000 1
4502.080000 0.000000 1
4505.440000 -0.046267 0
4508.800000 0.027378 0
4512.160000 0.011966 0
4515.520000 0.020739 0
4518.880000 0.033060 0
4522.240000 0.053203 0
4525.600000 0.028621 0
4528.960000 0.046532 0
4532.320000 0.062260 0
4535.680000 0.035001 0
4539.040000 0.041574 0
4542.400000 0.043614 0
4545.760000 0.044073 0
4549.120000 0.033474 0
4552.480000 0.044386 0
4555.840000 0.032243 0
4559.200000 0.036349 0
4562.560000 0.053000 0
4565.920000 0.044914 0
4569.280000 0.043173 0
4572.640000 0.031374 0
4576.000000 0.048973 0
4579.360000 0.019051 0
4582.720000 0.037986 0
4586.080000 0.034532 0
4589.440000 0.013152 0
4592.800000 0.033682 0
4596.160000 0.029727 0
4599.520000 0.023651 0
4602.880000 0.015384 0
4606.240000 0.015879 0
4609.600000 0.028114 0
4612.960000 0.015191 0
4616.320000 0.031467 0
4619.680000 0.028253 0
4623.040000 0.037005 0
4626.400000 0.018165 0
4629.760000 0.032040 0
4633.120000 0.034997 0
4636.480000 0.027545 0
4639.840000 0.032943 0
4643.200000 0.040709 0
4646.560000 0.035157 0
4649.920000 0.036271 0
4653.280000 0.024920 0
4656.640000 0.023735 0
4660.000000 0.028761 0
4663.360000 0.036769 0
4666.720000 0.022526 0
4670.080000 0.023856 0
4673.440000 0.027124 0
4676.800000 0.025069 0
4680.160000 0.028361 0
4683.520000 0.019318 0
4686.880000 0.020965 0
4690.240000 0.021902 0
4693.600000 0.033985 0
4696.960000 0.033559 0
4700.320000 0.037164 0
4703.680000 0.043341 0
4707.040000 0.026544 0
4710.400000 0.031389 0
4713.760000 0.020327 0
4717.120000 0.027880 0
4720.480000 0.017219 0
4723.840000 0.017812 0
4727.200000 0.042331 0
4730.560000 0.035377 0
4733.920000 0.043734 0
4737.280000 0.028162 0
4740.640000 0.026049 0
4744.000000 0.007564 0
4747.360000 0.023203 0
4750.720000 0.038187 0
4754.080000 0.025385 0
4757.440000 0.007314 0
4760.800000 0.027777 0
4764.160000 0.046806 0
4767.520000 0.038138 0
4770.880000 0.036343 0
4774.240000 0.027748 0
4777.600000 0.023715 0
4780.960000 0.025392 0
4784.320000 0.025323 0
4787.680000 0.037083 0
4791.040000 0.050785 0
4794.400000 0.017650 0
4797.760000 0.038075 0
4801.120000 0.037928 0
4804.480000 0.031605 0
4807.840000 0.034069 0
4811.200000 0.031688 0
4814.560000 0.041783 0
4817.920000 0.030222 0
4821.280000 0.011597 0
4824.640000 0.020162 0
4828.000000 0.043448 0
4831.360000 0.032866 0
4834.720000 0.033292 0
4838.080000 0.015899 0
4841.440000 0.018628 0
4844.800000 0.035590 0
4848.160000 0.029636 0
4851.520000 0.048840 0
4854.880000 0.035768 0
4858.240000 0.030880 0
4861.600000 0.022860 0
4864.960000 0.030254 0
4868.320000 0.023305 0
4871.680000 0.026874 0
4875.040000 0.023872 0
4878.400000 0.029431 0
4881.760000 0.021340 0
4885.120000 0.031564 0
4888.480000 0.036909 0
4891.840000 0.051724 0
4895.200000 0.041580 0
4898.560000 0.019640 0
4901.920000 0.041111 0
4905.280000 0.030455 0
4908.640000 0.025786 0
4912.000000 0.036103 0
4915.360000 0.038623 0
4918.720000 0.028684 0
4922.080000 0.013718 0
4925.440000 0.037303 0
4928.800000 0.033422 0
4932.160000 0.058540 0
4935.520000 0.035838 0
4938.880000 0.022707 0
4942.240000 0.024077 0
4945.600000 0.043344 0
4948.960000 0.031073 0
4952.320000 0.029164 0
4955.680000 0.027374 0
4959.040000 0.012393 0
4962.400000 0.038364 0
4965.760000 0.016187 0
4969.120000 0.034577 0
4972.480000 0.043472 0
4975.840000 0.031002 0
4979.200000 0.021097 0
4982.560000 0.020660 0
4985.920000 0.040521 0
4989.280000 0.033354 0
4992.640000 0.020506 0
4996.000000 0.034293 0
4999.360000 0.032907 0
5002.720000 0.009863 0
5006.080000 0.032210 0
5009.440000 0.034631 0
5012.800000 0.024644 0
5016.160000 0.022043 0
5019.520000 0.021982 0
5022.880000 0.047312 0
5026.240000 0.033771 0
5029.600000 0.014104 0
5032.960000 0.011080 0
5036.320000 0.031613 0
5039.680000 0.027190 0
5043.040000 0.020127 0
5046.400000 0.026527 0
5049.760000 0.033958 0
5053.120000 0.028427 0
5056.480000 0.029759 0
5059.840000 0.020042 0
5063.200000 0.031198 0
5066.560000 0.035616 0
5069.920000 0.048063 0
5073.280000 0.044829 0
5076.640000 0.031946 0
5080.000000 0.021551 0
5083.360000 0.026693 0
5086.720000 0.032390 0
5090.080000 0.031187 0
5093.440000 0.025381 0
5096.800000 0.020215 0
5100.160000 0.021634 0
5103.520000 0.051711 0
5106.880000 0.034134 0
5110.240000 0.036081 0
5113.600000 0.025964 0
5116.960000 0.030656 0
5120.320000 0.036981 0
5123.680000 0.029358 0
5127.040000 0.021643 0
5130.400000 0.010114 0
5133.760000 0.024835 0
5137.120000 0.019383 0
5140.480000 0.028127 0
5143.840000 0.028610 0
5147.200000 0.018722 0
5150.560000 0.034582 0
5153.920000 0.012482 0
5157.280000 0.015416 0
5160.640000 0.022935 0
5164.000000 0.030000 0
5167.360000 0.025948 0
5170.720000 0.020787 0
5174.080000 0.024560 0
5177.440000 0.032943 0
5180.800000 0.043555 0
5184.160000 0.048513 0
5187.520000 0.027274 0
5190.880000 0.034353 0
5194.240000 0.023916 0
5197.600000 0.031487 0
5200.960000 0.032074 0
5204.320000 0.022942 0
5207.680000 0.019814 0
5211.040000 0.021801 0
5214.400000 0.041916 0
5217.760000 0.021131 0
5221.120000 0.033280 0
5224.480000 0.031228 0
5227.840000 0.020229 0
5231.200000 0.030164 0
5234.560000 0.032663 0
5237.920000 0.017801 0
5241.280000 0.038032 0
5244.640000 0.021271 0
5248.000000 0.020267 0
5251.360000 0.017259 0
5254.720000 0.036674 0
5258.080000 0.013086 0
5261.440000 0.018028 0
5264.800000 0.031946 0
5268.160000 0.012835 0
5271.520000 0.028108 0
5274.880000 0.029322 0
5278.240000 0.010757 0
5281.600000 0.016421 0
5284.960000 0.035382 0
5288.320000 0.038642 0
5291.680000 0.030355 0
5295.040000 0.024989 0
5298.400000 0.029540 0
5301.760000 0.019117 0
5305.120000 0.021608 0
5308.480000 0.022411 0
5311.840000 0.017162 0
5315.200000 0.027669 0
5318.560000 0.016413 0
5321.920000 0.024873 0
5325.280000 0.009997 0
5328.640000 0.025346 0
5332.000000 0.024396 0
5335.360000 0.028017 0
5338.720000 0.032661 0
5342.080000 0.035271 0
5345.440000 0.023906 0
5348.800000 0.021104 0
5352.160000 0.021198 0
5355.520000 0.012478 0
5358.880000 0.041403 0
5362.240000 0.020197 0
5365.600000 0.043597 0
5368.960000 0.028269 0
5372.320000 0.010018 0
5375.680000 0.014990 0
5379.040000 0.042173 0
5382.400000 0.052141 0
5385.760000 0.038406 0
5389.120000 0.039776 0
5392.480000 0.034319 0
5395.840000 0.019626 0
5399.200000 0.029712 0
5402.560000 0.022539 0
5405.920000 0.010955 0
5409.280000 0.020224 0
5412.640000 0.033993 0
5416.000000 0.046322 0
5419.360000 0.036240 0
5422.720000 0.034423 0
5426.080000 0.034357 0
5429.440000 0.007855 0
5432.800000 0.025361 0
5436.160000 0.026894 0
5439.520000 0.038907 0
5442.880000 0.035330 0
5446.240000 0.045633 0
5449.600000 0.018134 0
5452.960000 0.008181 0
5456.320000 0.030728 0
5459.680000 0.034055 0
5463.040000 0.014632 0
5466.400000 0.026853 0
5469.760000 0.040019 0
5473.120000 0.036813 0
5476.480000 0.023791 0
5479.840000 0.042158 0
5483.200000 0.038550 0
5486.560000 0.029212 0
5489.920000 0.039056 0
5493.280000 0.008523 0
5496.640000 0.037562 0
5500.000000 0.038552 0
5503.360000 0.061528 0
5506.720000 0.013396 0
5510.080000 0.019308 0
5513.440000 0.039155 0
5516.800000 0.031058 0
5520.160000 0.028487 0
5523.520000 0.035232 0
5526.880000 0.020608 0
5530.240000 0.008190 0
5533.600000 0.020219 0
5536.960000 0.026700 0
5540.320000 0.020383 0
5543.680000 0.042381 0
5547.040000 0.057509 0
5550.400000 0.026341 0
5553.760000 0.039317 0
5557.120000 0.047796 0
5560.480000 0.039893 1
5563.840000 0.042406 1
5567.200000 0.038209 1
5570.560000 0.091784 1
5573.920000 0.054387 1
5577.280000 -0.009592 1
5580.640000 0.032326 1
5584.000000 -0.041140 1
5587.360000 0.024543 1
5590.720000 0.024444 0
5594.080000 0.034112 0
5597.440000 0.015172 0
5600.800000 0.032121 0
5604.160000 0.025740 0
5607.520000 0.020309 0
5610.880000 0.028070 0
5614.240000 0.033492 0
5617.600000 0.032876 0
5620.960000 0.036454 0
5624.320000 0.033148 0
5627.680000 0.032350 0
5631.040000 0.034490 0
5634.400000 0.027531 0
5637.760000 0.025988 0
5641.120000 0.043613 0
5644.480000 0.048125 0
5647.840000 0.012912 0
5651.200000 0.027488 0
5654.560000 0.020342 0
5657.920000 0.032747 0
5661.280000 0.037863 0
5664.640000 0.033947 0
5668.000000 0.024678 0
5671.360000 0.021958 0
5674.720000 0.038447 0
5678.080000 0.033026 0
5681.440000 0.027027 0
5684.800000 0.030775 0
5688.160000 0.025576 0
5691.520000 0.039713 0
5694.880000 0.038284 0
5698.240000 0.023261 0
5701.600000 0.036275 0
5704.960000 0.011895 0
5708.320000 0.011844 0
5711.680000 0.027118 0
5715.040000 0.007231 0
5718.400000 0.037805 0
5721.760000 0.026298 0
5725.120000 0.030935 0
5728.480000 0.030064 0
5731.840000 0.030662 0
5735.200000 0.032800 0
5738.560000 0.042366 0
5741.920000 0.028934 0
5745.280000 0.009638 0
5748.640000 0.020148 0
5752.000000 0.022001 0
5755.360000 0.011669 0
5758.720000 0.026604 0
5762.080000 0.042616 0
5765.440000 0.036761 0
5768.800000 0.026499 0
5772.160000 0.046608 0
5775.520000 0.026807 0
5778.880000 0.008647 0
5782.240000 0.025092 0
5785.600000 0.038398 0
5788.960000 0.045397 0
5792.320000 0.017370 0
5795.680000 0.043325 0
5799.040000 0.049440 0
5802.400000 0.012979 0
5805.760000 0.012474 0
5809.120000 0.012596 0
5812.480000 0.019393 0
5815.840000 0.031282 0
5819.200000 0.035119 0
5822.560000 0.024835 0
5825.920000 0.027165 0
5829.280000 0.022475 0
5832.640000 0.033760 0
5836.000000 0.016544 0
5839.360000 0.001758 0
5842.720000 0.038072 0
5846.080000 0.015618 0
5849.440000 0.035969 0
5852.800000 0.025335 0
5856.160000 0.031006 0
5859.520000 0.017876 0
5862.880000 0.025015 0
5866.240000 0.024733 0
5869.600000 0.018110 0
5872.960000 0.046018 0
5876.320000 0.040390 0
5879.680000 0.025833 0
5883.040000 0.019702 0
5886.400000 0.029133 0
5889.760000 0.039595 0
5893.120000 0.048641 0
5896.480000 0.096598 0
5899.840000 0.154237 0
5903.200000 0.166158 0
5906.560000 0.113585 0
5909.920000 0.056229 0
5913.280000 0.015491 0
5916.640000 0.010501 0
5920.000000 0.041315 0
5923.360000 0.054212 0
5926.720000 0.034012 0
5930.080000 0.041812 0
5933.440000 0.028009 0
5936.800000 0.034137 0
5940.160000 0.043033 0
5943.520000 0.054533 0
5946.880000 0.032125 0
5950.240000 0.016547 0
5953.600000 0.025446 0
5956.960000 0.049749 0
5960.320000 0.031075 0
5963.680000 0.019996 0
5967.040000 0.036889 0
5970.400000 0.048916 0
5973.760000 0.039903 0
5977.120000 0.037051 0
5980.480000 0.016724 0
5983.840000 0.032742 0
5987.200000 0.039659 0
5990.560000 0.036961 0
5993.920000 0.022061 0
5997.280000 0.024419 0
6000.640000 0.060384 0
6004.000000 0.039695 0
6007.360000 0.020201 0
6010.720000 0.026145 0
6014.080000 0.023283 0
6017.440000 0.015005 0
6020.800000 0.045771 0
6024.160000 0.055816 0
6027.520000 0.035401 0
6030.880000 0.056733 0
6034.240000 0.047031 0
6037.600000 0.086404 0
6040.960000 0.038445 0
6044.320000 0.028584 0
6047.680000 0.048253 0
6051.040000 0.024445 0
6054.400000 0.050302 0
6057.760000 0.048539 0
6061.120000 0.048165 0
6064.480000 0.046665 0
6067.840000 0.025211 0
6071.200000 0.036733 0
6074.560000 0.040701 0
6077.920000 0.040918 0
6081.280000 0.031060 0
6084.640000 0.035438 0
6088.000000 0.053785 0
6091.360000 0.041332 0
6094.720000 0.030067 0
6098.080000 0.049617 0
6101.440000 0.024458 0
6104.800000 0.031660 0
6108.160000 0.046280 0
6111.520000 0.051382 0
6114.880000 0.040653 0
6118.240000 0.050677 0
6121.600000 0.060893 0
6124.960000 0.052823 0
6128.320000 0.047595 0
6131.680000 0.046055 0
6135.040000 0.017883 0
6138.400000 0.033682 0
6141.760000 0.037774 0
6145.120000 0.041803 0
6148.480000 0.040590 0
6151.840000 0.035751 0
6155.200000 0.052167 0
6158.560000 0.038191 0
6161.920000 0.044007 0
6165.280000 0.033827 0
6168.640000 0.019465 0
6172.000000 0.028714 0
6175.360000 0.027639 0
6178.720000 0.047224 0
6182.080000 0.042188 0
6185.440000 0.052674 0
6188.800000 0.045056 0
6192.160000 0.044332 0
6195.520000 0.046880 0
6198.880000 0.056858 0
6202.240000 0.056595 0
6205.600000 0.047430 0
6208.960000 0.044709 0
6212.320000 0.050624 0
6215.680000 0.041397 0
6219.040000 0.018679 0
6222.400000 0.040203 0
6225.760000 0.017338 0
6229.120000 0.022436 0
6232.480000 0.052879 0
6235.840000 0.051846 0
6239.200000 0.074649 0
6242.560000 0.050321 0
6245.920000 0.029055 0
6249.280000 0.015420 0
6252.640000 0.023866 0
6256.000000 0.067104 0
6259.360000 0.062828 0
6262.720000 0.051004 0
6266.080000 0.060663 0
6269.440000 0.048872 0
6272.800000 0.046500 0
6276.160000 0.016578 0
6279.520000 0.048270 0
6282.880000 0.034367 0
6286.240000 0.031942 1
6289.600000 0.034546 1
6292.960000 0.000388 1
6296.320000 0.061206 1
6299.680000 0.018469 1
6303.040000 0.016222 1
6306.400000 0.076347 1
6309.760000 0.031825 1
6313.120000 0.047328 1
6316.480000 0.054402 1
6319.840000 0.035812 1
6323.200000 0.050855 0
6326.560000 0.068160 0
6329.920000 0.045387 0
6333.280000 0.054365 0
6336.640000 0.058210 0
6340.000000 0.053864 0
6343.360000 0.045085 0
6346.720000 0.016204 0
6350.080000 0.046090 0
6353.440000 0.055656 0
6356.800000 0.047487 0
6360.160000 0.068408 0
6363.520000 0.062331 0
6366.880000 0.076644 0
6370.240000 0.057324 0
6373.600000 0.016773 0
6376.960000 0.026811 0
6380.320000 0.053478 0
6383.680000 0.058503 0
6387.040000 0.039472 0
6390.400000 0.043912 0
6393.760000 0.039373 0
6397.120000 0.054165 0
6400.480000 0.049023 0
6403.840000 0.017304 0
6407.200000 0.036115 0
6410.560000 0.056841 0
6413.920000 0.040995 0
6417.280000 0.050112 0
6420.640000 0.049025 0
6424.000000 0.049918 0
6427.360000 0.035012 0
6430.720000 0.072670 0
6434.080000 0.046184 0
6437.440000 0.047585 0
6440.800000 0.049550 0
6444.160000 0.031040 0
6447.520000 0.042421 0
6450.880000 0.039637 0
6454.240000 0.034329 0
6457.600000 0.043431 0
6460.960000 0.028528 0
6464.320000 0.018968 0
6467.680000 0.018307 0
6471.040000 0.032219 0
6474.400000 0.046768 0
6477.760000 0.045176 0
6481.120000 0.027267 0
6484.480000 0.045451 0
6487.840000 0.029754 0
6491.200000 0.034516 0
6494.560000 0.036358 0
6497.920000 0.016021 0
6501.280000 0.009034 0
6504.640000 0.037145 0
6508.000000 0.016137 0
6511.360000 0.021780 0
6514.720000 0.043034 0
6518.080000 0.043792 0
6521.440000 0.056514 0
6524.800000 0.045840 0
6528.160000 0.034467 0
6531.520000 0.033300 0
6534.880000 0.039745 0
6538.240000 0.051442 0
6541.600000 0.026751 0
6544.960000 0.042358 0
6548.320000 0.026925 0
6551.680000 0.032097 0
6555.040000 0.015329 0
6558.400000 0.020380 0
6561.760000 0.039550 0
6565.120000 0.035132 0
6568.480000 0.049129 0
6571.840000 0.069081 0
6575.200000 0.050949 0
6578.560000 0.074985 0
6581.920000 0.046630 0
6585.280000 0.054455 0
6588.640000 0.039524 0
6592.000000 0.052095 0
6595.360000 0.046266 0
6598.720000 0.030444 0
6602.080000 0.078532 0
6605.440000 0.052642 0
6608.800000 0.040972 0
6612.160000 0.050397 0
6615.520000 0.044457 0
6618.880000 0.033103 0
6622.240000 0.051815 0
6625.600000 0.046327 0
6628.960000 0.032887 0
6632.320000 0.040306 0
6635.680000 0.027523 0
6639.040000 0.039056 0
6642.400000 0.056180 0
6645.760000 0.032209 0
6649.120000 0.041264 0
6652.480000 0.042193 0
6655.840000 0.044299 0
6659.200000 0.054277 0
6662.560000 0.039875 0
6665.920000 0.052907 0
6669.280000 0.035629 0
6672.640000 0.050448 0
6676.000000 0.056071 0
6679.360000 0.043848 0
6682.720000 0.026878 0
6686.080000 0.034848 0
6689.440000 0.046488 0
6692.800000 0.038911 0
6696.160000 0.030481 0
6699.520000 0.061273 0
6702.880000 0.046671 0
6706.240000 0.036923 0
6709.600000 0.030486 0
6712.960000 0.036736 0
6716.320000 0.046373 0
6719.680000 0.028453 0
6723.040000 0.033744 0
6726.400000 0.046421 0
6729.760000 0.037572 0
6733.120000 0.041636 0
6736.480000 0.053323 0
6739.840000 0.056028 0
6743.200000 0.046220 0
6746.560000 0.054154 0
6749.920000 0.043260 0
6753.280000 0.051667 0
6756.640000 0.046481 0
6760.000000 0.044760 0
6763.360000 0.044323 0
6766.720000 0.035651 0
6770.080000 0.056251 0
6773.440000 0.044591 0
6776.800000 0.044763 0
6780.160000 0.039016 0
6783.520000 0.036065 0
6786.880000 0.043848 0
6790.240000 0.037613 0
6793.600000 0.042887 0
6796.960000 0.034133 0
6800.320000 0.058391 0
6803.680000 0.051577 0
6807.040000 0.033912 0
6810.400000 0.040913 0
6813.760000 0.042431 0
6817.120000 0.041216 0
6820.480000 0.033571 0
6823.840000 0.019193 0
6827.200000 0.035092 0
6830.560000 0.037945 0
6833.920000 0.066482 0
6837.280000 0.039148 0
6840.640000 0.008596 0
6844.000000 0.045280 0
6847.360000 0.053960 0
6850.720000 0.018229 0
6854.080000 0.018994 0
6857.440000 0.035910 0
6860.800000 0.065725 0
6864.160000 0.081602 0
6867.520000 0.072192 0
6870.880000 0.047138 0
6874.240000 0.046642 0
6877.600000 0.021386 0
6880.960000 0.012751 0
6884.320000 0.028873 0
6887.680000 0.036899 0
6891.040000 0.022342 0
6894.400000 0.022294 0
6897.760000 0.038351 0
6901.120000 0.032227 0
6904.480000 0.055237 0
6907.840000 0.036512 0
6911.200000 0.041035 0
6914.560000 0.025682 0
6917.920000 0.051887 0
6921.280000 0.056444 0
6924.640000 0.053964 0
6928.000000 0.046540 0
6931.360000 0.037793 0
6934.720000 0.049718 0
6938.080000 0.045547 0
6941.440000 0.040880 0
6944.800000 0.069049 0
6948.160000 0.050173 0
6951.520000 0.009180 0
6954.880000 0.026924 0
6958.240000 0.030835 0
6961.600000 0.039425 0
6964.960000 0.049906 0
6968.320000 0.046049 0
6971.680000 0.012366 0
6975.040000 0.036652 0
6978.400000 0.054934 0
6981.760000 0.023839 0
6985.120000 0.039883 0
6988.480000 0.040682 0
6991.840000 0.040163 0
6995.200000 0.044311 0
6998.560000 0.038617 0
7001.920000 0.039081 0
7005.280000 0.043764 0
7008.640000 0.034720 0
7012.000000 0.025610 0
7015.360000 0.044433 0
7018.720000 0.051934 0
7022.080000 0.046984 0
7025.440000 0.036214 0
7028.800000 0.042382 0
7032.160000 0.046525 0
7035.520000 0.037473 0
7038.880000 0.019801 0
7042.240000 0.036376 0
7045.600000 0.050435 0
7048.960000 0.039589 0
7052.320000 0.049389 0
7055.680000 0.036903 0
7059.040000 0.043605 0
7062.400000 0.044499 0
7065.760000 0.038424 0
7069.120000 0.044280 0
7072.480000 0.029684 0
7075.840000 0.026803 0
7079.200000 0.031189 0
7082.560000 0.048241 0
7085.920000 0.033631 0
7089.280000 0.039977 0
7092.640000 0.035528 0
7096.000000 0.030745 0
7099.360000 0.033344 0
7102.720000 0.037523 0
7106.080000 0.043124 0
7109.440000 0.047402 0
7112.800000 0.034996 0
7116.160000 0.029611 0
7119.520000 0.032660 0
7122.880000 0.038817 0
7126.240000 0.033508 0
7129.600000 0.037324 0
7132.960000 0.030103 0
7136.320000 0.031162 0
7139.680000 0.053074 0
7143.040000 0.041206 0
7146.400000 0.032380 0
7149.760000 0.039141 0
7153.120000 0.044062 0
7156.480000 0.031185 0
7159.840000 0.046385 0
7163.200000 0.036806 0
7166.560000 0.042356 0
7169.920000 0.036197 0
7173.280000 0.028667 0
7176.640000 0.044149 0
7180.000000 0.035286 0
7183.360000 0.025321 0
7186.720000 0.039861 0
7190.080000 0.051656 0
7193.440000 0.040028 0
7196.800000 0.044141 0
7200.160000 0.037009 0
7203.520000 0.044561 0
7206.880000 0.044416 0
7210.240000 0.055713 0
7213.600000 0.026886 0
7216.960000 0.035112 0
7220.320000 0.049649 0
7223.680000 0.017206 0
7227.040000 0.062092 0
7230.400000 0.053366 0
7233.760000 0.046278 0
7237.120000 -0.004534 0
7240.480000 0.037585 0
7243.840000 0.039908 0
7247.200000 0.039707 0
7250.560000 0.038152 0
7253.920000 0.028743 0
7257.280000 0.045744 0
7260.640000 0.048704 0
7264.000000 0.051266 0
7267.360000 0.038144 0
7270.720000 0.038875 0
7274.080000 0.071978 0
7277.440000 0.074998 0
7280.800000 0.095178 0
7284.160000 0.055236 0
7287.520000 0.100396 0
7290.880000 0.022796 0
7294.240000 0.036861 0
7297.600000 0.010227 0
7300.960000 0.046464 0
7304.320000 0.063974 0
7307.680000 0.073358 0
7311.040000 0.015301 0
7314.400000 0.017193 0
7317.760000 0.053199 0
7321.120000 0.053101 0
7324.480000 0.048098 0
7327.840000 0.081853 0
7331.200000 0.070185 0
7334.560000 0.018435 0
7337.920000 0.034308 0
7341.280000 0.018056 0
7344.640000 0.046774 0
7348.000000 0.030173 0
7351.360000 0.033780 0
7354.720000 0.031707 0
7358.080000 0.023216 0
7361.440000 0.013837 0
7364.800000 0.057518 0
7368.160000 0.051735 0
7371.520000 0.023142 0
7374.880000 0.012659 0
7378.240000 0.031675 0
7381.600000 0.029038 0
7384.960000 0.038071 0
7388.320000 0.050958 0
7391.680000 0.013492 0
7395.040000 0.020245 0
7398.400000 0.025410 0
7401.760000 0.023601 0
7405.120000 0.014607 0
7408.480000 0.024429 0
7411.840000 0.042879 0
7415.200000 0.045209 0
7418.560000 0.029538 0
7421.920000 0.015511 0
7425.280000 0.039775 0
7428.640000 0.042395 0
7432.000000 0.035689 0
7435.360000 0.025672 0
7438.720000 0.042510 0
7442.080000 0.036301 0
7445.440000 0.024504 0
7448.800000 0.031799 0
7452.160000 0.025493 0
7455.520000 0.018995 0
7458.880000 0.051482 0
7462.240000 0.039425 0
7465.600000 -0.007745 0
7468.960000 0.011433 0
7472.320000 0.047532 0
7475.680000 0.054511 0
7479.040000 0.036532 0
7482.400000 0.023145 0
7485.760000 0.055866 0
7489.120000 0.057140 0
7492.480000 0.033193 0
7495.840000 0.045745 0
7499.200000 0.059580 0
7502.560000 0.037764 0
7505.920000 0.035372 0
7509.280000 0.042902 0
7512.640000 0.017824 0
7516.000000 0.044311 0
7519.360000 0.062782 0
7522.720000 -0.029379 0
7526.080000 0.019727 0
7529.440000 0.040525 0
7532.800000 0.039517 0
7536.160000 0.028121 0
7539.520000 0.043105 0
7542.880000 0.032574 0
7546.240000 0.036356 0
7549.600000 0.037759 0
7552.960000 0.036016 0
7556.320000 0.047632 0
7559.680000 0.042274 0
7563.040000 0.042572 0
7566.400000 0.029160 0
7569.760000 0.010299 0
7573.120000 0.018742 0
7576.480000 0.035265 0
7579.840000 0.017441 0
7583.200000 0.052604 0
7586.560000 0.061641 0
7589.920000 0.044802 0
7593.280000 0.041742 0
7596.640000 0.005891 0
7600.000000 0.055833 0
7603.360000 0.001670 0
7606.720000 0.019065 0
7610.080000 0.008363 0
7613.440000 0.064433 0
7616.800000 0.070016 0
7620.160000 0.089488 0
7623.520000 0.023721 0
7626.880000 0.046265 0
7630.240000 0.041852 0
7633.600000 0.004918 0
7636.960000 0.040620 0
7640.320000 0.054418 0
7643.680000 0.035489 0
7647.040000 0.043748 0
7650.400000 0.032711 0
7653.760000 0.050150 0
7657.120000 0.024793 0
7660.480000 0.029688 0
7663.840000 0.051564 0
7667.200000 0.039495 0
7670.560000 0.038372 0
7673.920000 0.025310 0
7677.280000 0.020955 0
7680.640000 0.018531 0
7684.000000 0.030555 0
7687.360000 0.034633 0
7690.720000 0.062374 0
7694.080000 0.088228 0
7697.440000 0.077851 0
7700.800000 0.061858 0
7704.160000 0.038989 0
7707.520000 0.032492 0
7710.880000 0.057224 0
7714.240000 0.025109 0
7717.600000 -0.009929 0
7720.960000 0.029122 0
7724.320000 0.007676 0
7727.680000 0.024772 0
7731.040000 0.059679 0
7734.400000 0.045782 0
7737.760000 0.011031 0
7741.120000 0.032261 0
7744.480000 0.053743 0
7747.840000 0.003628 0
7751.200000 0.039673 0
7754.560000 0.002303 0
7757.920000 0.039741 0
7761.280000 0.021022 0
7764.640000 0.014658 0
7768.000000 0.026971 0
7771.360000 0.019660 0
7774.720000 0.063447 0
7778.080000 0.054448 0
7781.440000 -0.000073 0
7784.800000 0.016823 0
7788.160000 0.047806 0
7791.520000 0.004452 0
7794.880000 0.006409 0
7798.240000 -0.026499 0
7801.600000 0.067713 0
7804.960000 0.023942 0
7808.320000 0.023483 0
7811.680000 0.046119 0
7815.040000 0.036334 0
7818.400000 -0.004859 0
7821.760000 0.022563 0
7825.120000 0.019687 0
7828.480000 0.044002 0
7831.840000 0.045936 0
7835.200000 0.059824 0
7838.560000 0.041406 0
7841.920000 0.035550 0
7845.280000 0.103046 0
7848.640000 0.021220 0
7852.000000 0.090049 0
7855.360000 0.109392 0
7858.720000 0.040630 0
7862.080000 0.021935 0
7865.440000 0.077812 0
7868.800000 0.073702 0
7872.160000 -0.024055 0
7875.520000 -0.004977 0
7878.880000 0.064937 0
7882.240000 0.097170 0
7885.600000 0.009482 0
7888.960000 -0.010715 0
7892.320000 0.023182 0
7895.680000 0.072729 0
7899.040000 0.044297 0
7902.400000 0.017962 0
7905.760000 0.054038 0
7909.120000 0.048902 0
7912.480000 0.043168 0
7915.840000 -0.064499 0
7919.200000 0.017868 0
7922.560000 0.115594 0
7925.920000 0.105177 0
7929.280000 0.096217 0
7932.640000 0.078534 0
7936.000000 0.021263 0
7939.360000 0.022129 0
7942.720000 0.020198 0
7946.080000 0.029686 0
7949.440000 0.019170 0
7952.800000 0.015498 0
7956.160000 0.034430 0
7959.520000 -0.036437 0
7962.880000 0.014193 0
7966.240000 0.112790 0
7969.600000 0.051476 0
7972.960000 0.018449 0
7976.320000 0.033439 0
7979.680000 0.023334 0
7983.040000 0.009005 0
7986.400000 0.001865 0
7989.760000 0.017112 0
7993.120000 0.004338 0
7996.480000 0.019378 0
7999.840000 0.038301 0
8003.200000 0.044507 0
8006.560000 0.053536 0
8009.920000 0.054061 0
8013.280000 0.015118 0
8016.640000 0.008791 0
8020.000000 0.013826 0
8023.360000 0.081474 0
8026.720000 0.006809 0
8030.080000 -0.025139 0
8033.440000 -0.000146 0
8036.800000 0.032808 0
8040.160000 0.053964 0
8043.520000 0.030727 0
8046.880000 0.038047 0
8050.240000 0.041618 0
8053.600000 0.019032 0
8056.960000 0.027245 0
8060.320000 0.070901 0
8063.680000 0.025737 0
8067.040000 0.037680 0
8070.400000 0.020007 0
8073.760000 0.063471 0
8077.120000 0.030023 0
8080.480000 0.035277 0
8083.840000 0.040577 0
8087.200000 0.037788 0
8090.560000 0.021531 0
8093.920000 0.057842 0
8097.280000 0.064040 0
8100.640000 0.028945 0
8104.000000 0.016198 0
8107.360000 0.013572 0
8110.720000 0.014924 0
8114.080000 0.042835 0
8117.440000 0.039961 0
8120.800000 0.014520 0
8124.160000 0.016459 0
8127.520000 0.050974 0
8130.880000 0.035620 0
8134.240000 0.022532 0
8137.600000 0.021256 0
8140.960000 0.021722 0
8144.320000 0.007434 0
8147.680000 0.026911 0
8151.040000 0.028830 0
8154.400000 0.022870 0
8157.760000 0.031262 0
8161.120000 0.038300 0
8164.480000 0.035081 0
8167.840000 0.033331 0
8171.200000 0.023401 0
8174.560000 0.028953 0
8177.920000 0.025498 0
8181.280000 0.034705 0
8184.640000 0.034960 0
8188.000000 0.031031 0
8191.360000 0.028555 0
8194.720000 0.041961 0
8198.080000 0.045093 0
8201.440000 0.035671 0
8204.800000 0.041376 0
8208.160000 0.027197 0
8211.520000 0.019086 0
8214.880000 0.035947 0
8218.240000 0.029368 0
8221.600000 0.039544 0
8224.960000 0.031084 0
8228.320000 0.022417 0
8231.680000 0.022954 0
8235.040000 0.033291 0
8238.400000 0.017993 0
8241.760000 0.027428 0
8245.120000 0.039110 0
8248.480000 0.033183 0
8251.840000 0.043658 0
8255.200000 0.040001 0
8258.560000 0.037557 0
8261.920000 0.061188 0
8265.280000 0.055612 0
8268.640000 0.022222 0
8272.000000 0.018636 0
8275.360000 0.038079 0
8278.720000 -0.040545 0
8282.080000 0.091728 0
8285.440000 -0.027393 0
8288.800000 0.037157 0
8292.160000 0.098166 0
8295.520000 -0.006798 0
8298.880000 0.013466 0
8302.240000 0.009664 0
8305.600000 0.010567 0
8308.960000 0.047897 0
8312.320000 0.061991 0
8315.680000 0.047313 0
8319.040000 0.016682 0
8322.400000 0.031277 0
8325.760000 0.032800 0
8329.120000 0.028600 0
8332.480000 0.020485 0
8335.840000 0.012134 0
8339.200000 0.039239 0
8342.560000 -0.017352 0
8345.920000 -0.009614 0
8349.280000 0.091406 0
8352.640000 0.082068 0
8356.000000 -0.008870 0
8359.360000 0.026038 0
8362.720000 0.054812 0
8366.080000 0.044686 0
8369.440000 0.051910 0
8372.800000 0.036211 0
8376.160000 0.027958 0
8379.520000 0.026504 0
8382.880000 0.009743 0
8386.240000 0.006819 0
8389.600000 -0.006922 0
8392.960000 0.090278 0
8396.320000 0.031155 0
8399.680000 -0.037654 0
8403.040000 0.029384 0
8406.400000 0.010744 0
8409.760000 0.119770 0
8413.120000 0.015431 0
8416.480000 0.021482 0
8419.840000 0.020073 0
8423.200000 0.071774 0
8426.560000 0.121845 0
8429.920000 0.027917 0
8433.280000 0.008909 0
8436.640000 -0.007004 0
8440.000000 0.007456 0
8443.360000 -0.002273 0
8446.720000 0.029459 0
8450.080000 -0.004679 0
8453.440000 0.070945 0
8456.800000 0.065349 0
8460.160000 0.049581 0
8463.520000 0.083330 0
8466.880000 0.036366 0
8470.240000 0.057359 0
8473.600000 0.053648 0
8476.960000 0.023951 0
8480.320000 0.016972 0
8483.680000 0.024341 0
8487.040000 0.050787 0
8490.400000 0.063197 0
8493.760000 0.043759 0
8497.120000 0.031917 0
8500.480000 0.043715 0
8503.840000 0.042385 0
8507.200000 0.021726 0
8510.560000 0.066471 0
8513.920000 0.042680 0
8517.280000 0.038868 0
8520.640000 0.020420 0
8524.000000 0.034332 0
8527.360000 0.036542 0
8530.720000 0.015950 0
8534.080000 0.004192 0
8537.440000 0.005745 0
8540.800000 0.021947 0
8544.160000 0.040021 0
8547.520000 0.031883 0
8550.880000 0.016564 0
8554.240000 0.035287 0
8557.600000 0.004042 0
8560.960000 0.022531 0
8564.320000 0.031611 0
8567.680000 0.050744 0
8571.040000 0.018069 0
8574.400000 0.035761 0
8577.760000 0.035297 0
8581.120000 0.013005 0
8584.480000 0.026257 0
8587.840000 0.017271 0
8591.200000 0.032777 0
8594.560000 0.058159 0
8597.920000 0.036419 0
8601.280000 0.021938 0
8604.640000 0.037563 0
8608.000000 0.022918 0
8611.360000 0.022320 0
8614.720000 0.053937 0
8618.080000 0.021859 0
8621.440000 -0.002143 0
8624.800000 0.022924 0
8628.160000 0.010022 0
8631.520000 0.046668 0
8634.880000 0.016831 0
8638.240000 0.019890 0
8641.600000 0.050958 0
8644.960000 -0.003954 0
8648.320000 0.003144 0
8651.680000 0.052732 0
8655.040000 0.013031 0
8658.400000 0.045092 0
8661.760000 0.039047 0
8665.120000 0.012601 0
8668.480000 0.034800 0
8671.840000 0.052905 0
8675.200000 0.046184 0
8678.560000 0.056544 0
8681.920000 0.015761 0
8685.280000 0.032940 0
8688.640000 0.022302 0
8692.000000 0.040508 0
8695.360000 0.029031 0
8698.720000 0.008810 0
8702.080000 0.045329 0
8705.440000 0.016692 0
8708.800000 0.013034 0
8712.160000 0.034733 0
8715.520000 0.031426 0
8718.880000 0.026166 0
8722.240000 0.023090 0
8725.600000 0.046644 0
8728.960000 0.035868 0
8732.320000 0.032979 0
8735.680000 0.036554 0
8739.040000 0.025960 0
8742.400000 0.027842 0
8745.760000 0.030737 0
8749.120000 0.010770 1
8752.480000 0.020395 1
8755.840000 0.020453 1
8759.200000 0.034266 1
8762.560000 0.023262 1
8765.920000 0.003708 1
8769.280000 -0.025904 1
8772.640000 0.021917 1
8776.000000 0.014745 1
8779.360000 -0.028257 0
8782.720000 0.013355 0
8786.080000 0.089584 0
8789.440000 0.073852 0
8792.800000 0.051214 0
8796.160000 0.078000 0
8799.520000 0.038832 0
8802.880000 0.029762 0
8806.240000 0.028374 0
8809.600000 0.021386 0
8812.960000 0.033396 0
8816.320000 0.027681 0
8819.680000 -0.027555 0
8823.040000 -0.150755 0
8826.400000 0.052906 0
8829.760000 -0.013058 0
8833.120000 0.061450 0
8836.480000 -0.001263 0
8839.840000 -0.033914 0
8843.200000 -0.008828 0
8846.560000 0.008185 0
8849.920000 -0.048939 0
8853.280000 0.018948 0
8856.640000 0.064561 0
8860.000000 0.024482 0
8863.360000 -0.013860 0
8866.720000 0.009353 0
8870.080000 0.028423 0
8873.440000 0.057858 0
8876.800000 0.047386 0
8880.160000 -0.027004 0
8883.520000 0.042039 0
8886.880000 0.131704 0
8890.240000 0.093700 0
8893.600000 0.007702 0
8896.960000 0.054951 0
8900.320000 0.023329 0
8903.680000 0.047655 0
8907.040000 0.079373 0
8910.400000 0.016360 0
8913.760000 -0.014973 0
8917.120000 0.111726 0
8920.480000 0.059976 0
8923.840000 -0.001597 0
8927.200000 0.052885 0
8930.560000 -0.012216 0
8933.920000 0.041267 0
8937.280000 0.031316 0
8940.640000 0.017768 0
8944.000000 0.003081 0
8947.360000 0.090226 0
8950.720000 0.060199 0
8954.080000 0.118918 0
8957.440000 -0.053630 0
8960.800000 0.079476 0
8964.160000 0.077636 0
8967.520000 0.068731 0
8970.880000 -0.006314 0
8974.240000 0.022769 0
8977.600000 0.030289 0
8980.960000 0.050904 0
8984.320000 0.017744 0
8987.680000 0.020896 0
8991.040000 -0.005140 0
8994.400000 0.063011 0
8997.760000 -0.001654 0
9001.120000 0.093819 0
9004.480000 -0.003758 0
9007.840000 0.060645 0
9011.200000 0.016090 0
9014.560000 0.026151 0
9017.920000 0.046657 0
9021.280000 0.035819 0
9024.640000 0.033738 0
9028.000000 0.015446 0
9031.360000 0.007668 0
9034.720000 0.046020 0
9038.080000 0.032216 0
9041.440000 0.019518 0
9044.800000 0.028915 0
9048.160000 0.020550 0
9051.520000 0.027621 0
9054.880000 -0.006007 0
9058.240000 0.000384 0
9061.600000 0.007575 0
9064.960000 0.030682 0
9068.320000 0.036444 0
9071.680000 0.014302 0
9075.040000 0.021099 0
9078.400000 0.013205 0
9081.760000 0.025766 0
9085.120000 0.022905 0
9088.480000 0.027029 0
9091.840000 0.009979 0
9095.200000 -0.018486 0
9098.560000 0.015212 0
9101.920000 0.050120 0
9105.280000 -0.008233 0
9108.640000 0.011521 0
9112.000000 0.021578 0
9115.360000 0.033515 0
9118.720000 0.028115 0
9122.080000 0.016908 0
9125.440000 0.003954 0
9128.800000 0.018399 0
9132.160000 0.034125 0
9135.520000 0.026661 0
9138.880000 0.020488 0
9142.240000 0.003408 0
9145.600000 0.025632 0
9148.960000 -0.007786 0
9152.320000 -0.026745 0
9155.680000 0.011024 0
9159.040000 -0.015447 0
9162.400000 -0.013078 0
9165.760000 0.012859 0
9169.120000 0.026382 0
9172.480000 0.011488 0
9175.840000 -0.002699 0
9179.200000 -0.001425 0
9182.560000 0.038946 0
9185.920000 0.022570 0
9189.280000 0.025081 0
9192.640000 0.010679 0
9196.000000 0.017352 0
9199.360000 0.014136 0
9202.720000 0.001984 0
9206.080000 -0.004968 0
9209.440000 0.023602 0
9212.800000 0.023615 0
9216.160000 0.017454 0
9219.520000 0.042912 0
9222.880000 0.053008 0
9226.240000 0.006518 0
9229.600000 -0.001420 0
9232.960000 0.014694 0
9236.320000 0.016872 0
9239.680000 0.035189 0
9243.040000 0.010160 0
9246.400000 0.011602 0
9249.760000 0.037861 0
