# obs: 255710
# slit: 3
# z: 0.58446
# lines: K,H,G
# spec: 387
4451.680000 0.000000 1
4455.040000 0.000000 1
4458.400000 0.000000 1
4461.760000 0.000000 1
4465.120000 0.000000 1
4468.480000 0.000000 1
4471.840000 0.000000 1
4475.200000 0.000000 1
4478.560000 0.000000 1
4481.920000 -0.000575 0
4485.280000 0.015477 0
4488.640000 0.042220 0
4492.000000 0.037739 0
4495.360000 0.036210 0
4498.720000 0.014251 0
4502.080000 0.038270 0
4505.440000 0.031861 0
4508.800000 0.044253 0
4512.160000 0.036192 0
4515.520000 0.019141 0
4518.880000 0.011412 0
4522.240000 0.036442 0
4525.600000 0.013812 0
4528.960000 0.017000 0
4532.320000 0.025279 0
4535.680000 0.056381 0
4539.040000 0.032123 0
4542.400000 0.043508 0
4545.760000 0.010755 0
4549.120000 0.026323 0
4552.480000 0.004274 0
4555.840000 0.044428 0
4559.200000 0.026108 0
4562.560000 0.020849 0
4565.920000 0.023352 0
4569.280000 0.003773 0
4572.640000 0.046903 0
4576.000000 0.035446 0
4579.360000 0.037369 0
4582.720000 0.049733 0
4586.080000 0.028133 0
4589.440000 0.052339 0
4592.800000 0.068432 0
4596.160000 0.038624 0
4599.520000 0.024688 0
4602.880000 0.041554 0
4606.240000 0.042296 0
4609.600000 0.032593 0
4612.960000 0.034728 0
4616.320000 0.049355 0
4619.680000 0.046031 0
4623.040000 0.034383 0
4626.400000 0.058498 0
4629.760000 0.060168 0
4633.120000 0.041855 0
4636.480000 0.046609 0
4639.840000 0.052996 0
4643.200000 0.043295 0
4646.560000 0.059137 0
4649.920000 0.047964 0
4653.280000 0.048977 0
4656.640000 0.038262 0
4660.000000 0.018856 0
4663.360000 0.017573 0
4666.720000 0.039928 0
4670.080000 0.036146 0
4673.440000 0.046901 0
4676.800000 0.028700 0
4680.160000 0.026828 0
4683.520000 0.053424 0
4686.880000 0.042743 0
4690.240000 0.043505 0
4693.600000 0.023880 0
4696.960000 0.017971 0
4700.320000 0.037769 0
4703.680000 0.054487 0
4707.040000 0.033352 0
4710.400000 0.030220 0
4713.760000 0.055142 0
4717.120000 0.031798 0
4720.480000 0.060532 0
4723.840000 0.043538 0
4727.200000 0.030616 0
4730.560000 0.027467 0
4733.920000 0.044409 0
4737.280000 0.052026 0
4740.640000 0.021166 0
4744.000000 0.076708 0
4747.360000 0.043632 0
4750.720000 0.039722 0
4754.080000 0.016290 0
4757.440000 0.052475 0
4760.800000 0.035401 0
4764.160000 0.041108 0
4767.520000 0.061514 0
4770.880000 0.056527 0
4774.240000 0.020961 0
4777.600000 0.030805 0
4780.960000 0.041465 0
4784.320000 0.039166 0
4787.680000 0.032176 0
4791.040000 0.021593 0
4794.400000 0.015241 0
4797.760000 0.045582 0
4801.120000 0.053586 0
4804.480000 0.064233 0
4807.840000 0.054678 0
4811.200000 0.051955 0
4814.560000 0.044133 0
4817.920000 0.066471 0
4821.280000 0.079125 0
4824.640000 0.041877 0
4828.000000 0.043272 0
4831.360000 0.021979 0
4834.720000 0.046594 0
4838.080000 0.067317 0
4841.440000 0.052527 0
4844.800000 0.036383 0
4848.160000 0.021857 0
4851.520000 0.040674 0
4854.880000 0.055491 0
4858.240000 0.050340 0
4861.600000 0.030497 0
4864.960000 0.055494 0
4868.320000 0.057728 0
4871.680000 0.070626 0
4875.040000 0.033499 0
4878.400000 0.048087 0
4881.760000 0.044586 0
4885.120000 0.060800 0
4888.480000 0.057982 0
4891.840000 0.053749 0
4895.200000 0.049893 0
4898.560000 0.036021 0
4901.920000 0.038380 0
4905.280000 0.018723 0
4908.640000 0.036440 0
4912.000000 0.045553 0
4915.360000 0.053449 0
4918.720000 0.056084 0
4922.080000 0.072721 0
4925.440000 0.060779 0
4928.800000 0.064967 0
4932.160000 0.070624 0
4935.520000 0.048780 0
4938.880000 0.046921 0
4942.240000 0.037061 0
4945.600000 0.058379 0
4948.960000 0.040028 0
4952.320000 0.061516 0
4955.680000 0.050789 0
4959.040000 0.049669 0
4962.400000 0.055775 0
4965.760000 0.052692 0
4969.120000 0.043784 0
4972.480000 0.080001 0
4975.840000 0.056371 0
4979.200000 0.062207 0
4982.560000 0.072866 0
4985.920000 0.053523 0
4989.280000 0.048332 0
4992.640000 0.059902 0
4996.000000 0.042015 0
4999.360000 0.049492 0
5002.720000 0.064735 0
5006.080000 0.043183 0
5009.440000 0.040016 0
5012.800000 0.060821 0
5016.160000 0.064516 0
5019.520000 0.063247 0
5022.880000 0.048371 0
5026.240000 0.063259 0
5029.600000 0.064784 0
5032.960000 0.067240 0
5036.320000 0.057913 0
5039.680000 0.038402 0
5043.040000 0.034152 0
5046.400000 0.055971 0
5049.760000 0.054896 0
5053.120000 0.065323 0
5056.480000 0.040730 0
5059.840000 0.047183 0
5063.200000 0.055885 0
5066.560000 0.067318 0
5069.920000 0.069594 0
5073.280000 0.077819 0
5076.640000 0.044951 0
5080.000000 0.072136 0
5083.360000 0.065845 0
5086.720000 0.048954 0
5090.080000 0.019019 0
5093.440000 0.055473 0
5096.800000 0.054059 0
5100.160000 0.071264 0
5103.520000 0.075198 0
5106.880000 0.074905 0
5110.240000 0.064425 0
5113.600000 0.060877 0
5116.960000 0.038008 0
5120.320000 0.035325 0
5123.680000 0.036623 0
5127.040000 0.051055 0
5130.400000 0.062789 0
5133.760000 0.069813 0
5137.120000 0.065490 0
5140.480000 0.056439 0
5143.840000 0.062158 0
5147.200000 0.061411 0
5150.560000 0.045465 0
5153.920000 0.051044 0
5157.280000 0.067817 0
5160.640000 0.061950 0
5164.000000 0.067339 0
5167.360000 0.073813 0
5170.720000 0.062187 0
5174.080000 0.047559 0
5177.440000 0.070853 0
5180.800000 0.067381 0
5184.160000 0.064988 0
5187.520000 0.083574 0
5190.880000 0.080521 0
5194.240000 0.062767 0
5197.600000 0.070021 0
5200.960000 0.067962 0
5204.320000 0.069032 0
5207.680000 0.072673 0
5211.040000 0.063123 0
5214.400000 0.069469 0
5217.760000 0.083813 0
5221.120000 0.084796 0
5224.480000 0.075727 0
5227.840000 0.089738 0
5231.200000 0.102793 0
5234.560000 0.077903 0
5237.920000 0.070415 0
5241.280000 0.051833 0
5244.640000 0.069593 0
5248.000000 0.086070 0
5251.360000 0.067657 0
5254.720000 0.069844 0
5258.080000 0.081467 0
5261.440000 0.067929 0
5264.800000 0.067000 0
5268.160000 0.054245 0
5271.520000 0.061179 0
5274.880000 0.057072 0
5278.240000 0.039859 0
5281.600000 0.078731 0
5284.960000 0.078683 0
5288.320000 0.072688 0
5291.680000 0.082123 0
5295.040000 0.064850 0
5298.400000 0.078992 0
5301.760000 0.064102 0
5305.120000 0.062883 0
5308.480000 0.076619 0
5311.840000 0.067715 0
5315.200000 0.062535 0
5318.560000 0.071974 0
5321.920000 0.065774 0
5325.280000 0.071895 0
5328.640000 0.075889 0
5332.000000 0.070542 0
5335.360000 0.060911 0
5338.720000 0.056214 0
5342.080000 0.057378 0
5345.440000 0.056115 0
5348.800000 0.060777 0
5352.160000 0.059436 0
5355.520000 0.073935 0
5358.880000 0.093541 0
5362.240000 0.071068 0
5365.600000 0.079631 0
5368.960000 0.077101 0
5372.320000 0.063418 0
5375.680000 0.059572 0
5379.040000 0.058203 0
5382.400000 0.076967 0
5385.760000 0.079509 0
5389.120000 0.086674 0
5392.480000 0.079822 0
5395.840000 0.064930 0
5399.200000 0.090898 0
5402.560000 0.047222 0
5405.920000 0.097246 0
5409.280000 0.076909 0
5412.640000 0.072718 0
5416.000000 0.069665 0
5419.360000 0.088899 0
5422.720000 0.071830 0
5426.080000 0.103503 0
5429.440000 0.068062 0
5432.800000 0.083505 0
5436.160000 0.060426 0
5439.520000 0.091703 0
5442.880000 0.080540 0
5446.240000 0.077593 0
5449.600000 0.068766 0
5452.960000 0.061501 0
5456.320000 0.069037 0
5459.680000 0.042783 0
5463.040000 0.078641 0
5466.400000 0.093072 0
5469.760000 0.081353 0
5473.120000 0.058072 0
5476.480000 0.078971 0
5479.840000 0.072640 0
5483.200000 0.086902 0
5486.560000 0.079521 0
5489.920000 0.069739 0
5493.280000 0.062437 0
5496.640000 0.080185 0
5500.000000 0.090230 0
5503.360000 0.081959 0
5506.720000 0.056590 0
5510.080000 0.070825 0
5513.440000 0.070957 0
5516.800000 0.073982 0
5520.160000 0.065642 0
5523.520000 0.084583 0
5526.880000 0.073908 0
5530.240000 0.081099 0
5533.600000 0.073992 0
5536.960000 0.068026 0
5540.320000 0.061408 0
5543.680000 0.078154 0
5547.040000 0.077641 0
5550.400000 0.080914 0
5553.760000 0.078656 0
5557.120000 0.079208 0
5560.480000 0.071205 0
5563.840000 0.060591 1
5567.200000 0.068040 1
5570.560000 0.112671 1
5573.920000 0.070954 1
5577.280000 0.144332 1
5580.640000 0.159762 1
5584.000000 0.081420 1
5587.360000 0.078021 1
5590.720000 0.079892 1
5594.080000 0.064462 1
5597.440000 0.092058 1
5600.800000 0.080817 1
5604.160000 0.076697 0
5607.520000 0.101950 0
5610.880000 0.106975 0
5614.240000 0.088695 0
5617.600000 0.078526 0
5620.960000 0.076013 0
5624.320000 0.089722 0
5627.680000 0.071193 0
5631.040000 0.097410 0
5634.400000 0.104158 0
5637.760000 0.071315 0
5641.120000 0.092073 0
5644.480000 0.087259 0
5647.840000 0.067355 0
5651.200000 0.071140 0
5654.560000 0.065351 0
5657.920000 0.072282 0
5661.280000 0.074963 0
5664.640000 0.074434 0
5668.000000 0.083715 0
5671.360000 0.075029 0
5674.720000 0.081223 0
5678.080000 0.065862 0
5681.440000 0.061370 0
5684.800000 0.060950 0
5688.160000 0.069362 0
5691.520000 0.086405 0
5694.880000 0.079083 0
5698.240000 0.075114 0
5701.600000 0.093385 0
5704.960000 0.085509 0
5708.320000 0.077808 0
5711.680000 0.075289 0
5715.040000 0.093568 0
5718.400000 0.077101 0
5721.760000 0.069618 0
5725.120000 0.070027 0
5728.480000 0.072572 0
5731.840000 0.088743 0
5735.200000 0.086616 0
5738.560000 0.081471 0
5741.920000 0.090246 0
5745.280000 0.098448 0
5748.640000 0.095178 0
5752.000000 0.086433 0
5755.360000 0.076720 0
5758.720000 0.091605 0
5762.080000 0.079859 0
5765.440000 0.098233 0
5768.800000 0.111675 0
5772.160000 0.100015 0
5775.520000 0.085770 0
5778.880000 0.096971 0
5782.240000 0.082373 0
5785.600000 0.120685 0
5788.960000 0.111580 0
5792.320000 0.102368 0
5795.680000 0.108030 0
5799.040000 0.108665 0
5802.400000 0.097454 0
5805.760000 0.110280 0
5809.120000 0.086567 0
5812.480000 0.071437 0
5815.840000 0.092777 0
5819.200000 0.095500 0
5822.560000 0.093526 0
5825.920000 0.083885 0
5829.280000 0.108618 0
5832.640000 0.105204 0
5836.000000 0.095622 0
5839.360000 0.091510 0
5842.720000 0.110600 0
5846.080000 0.097842 0
5849.440000 0.087597 0
5852.800000 0.113674 0
5856.160000 0.118925 0
5859.520000 0.124471 0
5862.880000 0.104491 0
5866.240000 0.078468 0
5869.600000 0.125296 0
5872.960000 0.122671 0
5876.320000 0.088488 0
5879.680000 0.082754 0
5883.040000 0.076849 0
5886.400000 0.094752 0
5889.760000 0.112113 0
5893.120000 0.169492 0
5896.480000 0.105279 0
5899.840000 0.092210 0
5903.200000 0.109368 0
5906.560000 0.118096 0
5909.920000 0.092417 0
5913.280000 0.093974 0
5916.640000 0.077606 0
5920.000000 0.062325 0
5923.360000 0.077496 0
5926.720000 0.080416 0
5930.080000 0.099246 0
5933.440000 0.098224 0
5936.800000 0.109561 0
5940.160000 0.082358 0
5943.520000 0.062888 0
5946.880000 0.075381 0
5950.240000 0.141375 0
5953.600000 0.128642 0
5956.960000 0.100977 0
5960.320000 0.133819 0
5963.680000 0.117487 0
5967.040000 0.098884 0
5970.400000 0.108605 0
5973.760000 0.077631 0
5977.120000 0.090391 0
5980.480000 0.101423 0
5983.840000 0.089506 0
5987.200000 0.093178 0
5990.560000 0.125797 0
5993.920000 0.119190 0
5997.280000 0.114594 0
6000.640000 0.095292 0
6004.000000 0.109294 0
6007.360000 0.113408 0
6010.720000 0.101981 0
6014.080000 0.096071 0
6017.440000 0.107556 0
6020.800000 0.099310 0
6024.160000 0.104225 0
6027.520000 0.125309 0
6030.880000 0.109318 0
6034.240000 0.114319 0
6037.600000 0.125492 0
6040.960000 0.090581 0
6044.320000 0.110583 0
6047.680000 0.100972 0
6051.040000 0.108702 0
6054.400000 0.100490 0
6057.760000 0.088508 0
6061.120000 0.087071 0
6064.480000 0.080108 0
6067.840000 0.037964 0
6071.200000 0.064805 0
6074.560000 0.093386 0
6077.920000 0.080877 0
6081.280000 0.069910 0
6084.640000 0.063320 0
6088.000000 0.077576 0
6091.360000 0.084873 0
6094.720000 0.099219 0
6098.080000 0.080708 0
6101.440000 0.107935 0
6104.800000 0.121463 0
6108.160000 0.102009 0
6111.520000 0.088440 0
6114.880000 0.090809 0
6118.240000 0.103167 0
6121.600000 0.097228 0
6124.960000 0.122149 0
6128.320000 0.101584 0
6131.680000 0.109957 0
6135.040000 0.119399 0
6138.400000 0.117063 0
6141.760000 0.108774 0
6145.120000 0.125514 0
6148.480000 0.129784 0
6151.840000 0.113277 0
6155.200000 0.106230 0
6158.560000 0.095027 0
6161.920000 0.076597 0
6165.280000 0.119424 0
6168.640000 0.096860 0
6172.000000 0.102183 0
6175.360000 0.106447 0
6178.720000 0.115777 0
6182.080000 0.108664 0
6185.440000 0.123950 0
6188.800000 0.115499 0
6192.160000 0.112280 0
6195.520000 0.154945 0
6198.880000 0.134415 0
6202.240000 0.130411 0
6205.600000 0.146394 0
6208.960000 0.132624 0
6212.320000 0.121793 0
6215.680000 0.120680 0
6219.040000 0.119867 0
6222.400000 0.115771 0
6225.760000 0.075750 0
6229.120000 0.034329 0
6232.480000 0.055843 0
6235.840000 0.046659 0
6239.200000 0.079357 0
6242.560000 0.092433 0
6245.920000 0.076770 0
6249.280000 0.104998 0
6252.640000 0.116013 0
6256.000000 0.131278 0
6259.360000 0.133151 0
6262.720000 0.154105 0
6266.080000 0.109468 0
6269.440000 0.123197 0
6272.800000 0.123801 0
6276.160000 0.078864 0
6279.520000 0.106350 0
6282.880000 0.105288 0
6286.240000 0.042197 0
6289.600000 0.049190 0
6292.960000 0.078839 0
6296.320000 0.089025 0
6299.680000 0.139103 0
6303.040000 0.123875 0
6306.400000 0.089429 0
6309.760000 0.146229 0
6313.120000 0.154368 0
6316.480000 0.149898 0
6319.840000 0.149928 0
6323.200000 0.139165 0
6326.560000 0.149518 0
6329.920000 0.150618 0
6333.280000 0.168957 0
6336.640000 0.170859 0
6340.000000 0.171224 0
6343.360000 0.171568 0
6346.720000 0.144047 0
6350.080000 0.146167 0
6353.440000 0.178808 0
6356.800000 0.186823 0
6360.160000 0.189498 0
6363.520000 0.200939 0
6366.880000 0.186309 0
6370.240000 0.178644 0
6373.600000 0.185001 0
6376.960000 0.179045 0
6380.320000 0.181471 0
6383.680000 0.183461 0
6387.040000 0.153072 0
6390.400000 0.155987 0
6393.760000 0.177248 0
6397.120000 0.176086 0
6400.480000 0.185296 0
6403.840000 0.198420 0
6407.200000 0.160943 0
6410.560000 0.148557 0
6413.920000 0.167434 0
6417.280000 0.160345 0
6420.640000 0.146498 0
6424.000000 0.164630 0
6427.360000 0.146692 0
6430.720000 0.154674 0
6434.080000 0.173713 0
6437.440000 0.178482 0
6440.800000 0.169976 0
6444.160000 0.160670 0
6447.520000 0.143844 0
6450.880000 0.162097 0
6454.240000 0.165469 0
6457.600000 0.155065 0
6460.960000 0.154926 0
6464.320000 0.156531 0
6467.680000 0.163695 0
6471.040000 0.164577 0
6474.400000 0.165177 0
6477.760000 0.173345 0
6481.120000 0.166209 0
6484.480000 0.178254 0
6487.840000 0.154103 0
6491.200000 0.159973 0
6494.560000 0.129361 0
6497.920000 0.169825 0
6501.280000 0.149980 0
6504.640000 0.142333 0
6508.000000 0.128648 0
6511.360000 0.154595 0
6514.720000 0.157871 0
6518.080000 0.173378 0
6521.440000 0.159314 0
6524.800000 0.157732 0
6528.160000 0.160706 0
6531.520000 0.181391 0
6534.880000 0.159997 0
6538.240000 0.177907 0
6541.600000 0.167105 0
6544.960000 0.162196 0
6548.320000 0.184067 0
6551.680000 0.165007 0
6555.040000 0.171509 0
6558.400000 0.173923 0
6561.760000 0.170696 0
6565.120000 0.165527 0
6568.480000 0.158134 0
6571.840000 0.132350 0
6575.200000 0.155358 0
6578.560000 0.176594 0
6581.920000 0.168753 0
6585.280000 0.177634 0
6588.640000 0.152405 0
6592.000000 0.171501 0
6595.360000 0.198306 0
6598.720000 0.184752 0
6602.080000 0.179973 0
6605.440000 0.152101 0
6608.800000 0.163935 0
6612.160000 0.153668 0
6615.520000 0.170477 0
6618.880000 0.165625 0
6622.240000 0.184755 0
6625.600000 0.182918 0
6628.960000 0.167780 0
6632.320000 0.155625 0
6635.680000 0.167852 0
6639.040000 0.164825 0
6642.400000 0.166484 0
6645.760000 0.183289 0
6649.120000 0.177538 0
6652.480000 0.161382 0
6655.840000 0.142360 0
6659.200000 0.154538 0
6662.560000 0.155702 0
6665.920000 0.168605 0
6669.280000 0.165761 0
6672.640000 0.188304 0
6676.000000 0.192700 0
6679.360000 0.166486 0
6682.720000 0.175846 0
6686.080000 0.192518 0
6689.440000 0.183472 0
6692.800000 0.167797 0
6696.160000 0.184070 0
6699.520000 0.190718 0
6702.880000 0.170258 0
6706.240000 0.179185 0
6709.600000 0.184206 0
6712.960000 0.166649 0
6716.320000 0.172032 0
6719.680000 0.196166 0
6723.040000 0.205979 0
6726.400000 0.180081 0
6729.760000 0.192719 0
6733.120000 0.187812 0
6736.480000 0.171570 0
6739.840000 0.163597 0
6743.200000 0.168816 0
6746.560000 0.177700 0
6749.920000 0.186237 0
6753.280000 0.190376 0
6756.640000 0.188789 0
6760.000000 0.182013 0
6763.360000 0.192754 0
6766.720000 0.181477 0
6770.080000 0.169216 0
6773.440000 0.172779 0
6776.800000 0.172112 0
6780.160000 0.173383 0
6783.520000 0.195195 0
6786.880000 0.192255 0
6790.240000 0.176857 0
6793.600000 0.156224 0
6796.960000 0.136473 0
6800.320000 0.173781 0
6803.680000 0.167939 0
6807.040000 0.155232 0
6810.400000 0.168761 0
6813.760000 0.171940 0
6817.120000 0.143994 0
6820.480000 0.135736 0
6823.840000 0.123619 0
6827.200000 0.138061 0
6830.560000 0.161293 0
6833.920000 0.156311 0
6837.280000 0.177243 0
6840.640000 0.185432 0
6844.000000 0.191506 0
6847.360000 0.191244 0
6850.720000 0.162324 0
6854.080000 0.182358 0
6857.440000 0.185999 0
6860.800000 0.151652 0
6864.160000 0.177736 0
6867.520000 0.149920 0
6870.880000 0.142937 0
6874.240000 0.152844 0
6877.600000 0.150905 0
6880.960000 0.159232 0
6884.320000 0.179483 0
6887.680000 0.179048 0
6891.040000 0.150579 0
6894.400000 0.144478 0
6897.760000 0.194755 0
6901.120000 0.178635 0
6904.480000 0.165693 0
6907.840000 0.180024 0
6911.200000 0.195534 0
6914.560000 0.228228 0
6917.920000 0.199758 0
6921.280000 0.199094 0
6924.640000 0.211077 0
6928.000000 0.206918 0
6931.360000 0.187951 0
6934.720000 0.206656 0
6938.080000 0.212764 0
6941.440000 0.202660 0
6944.800000 0.122294 0
6948.160000 0.182137 0
6951.520000 0.197979 0
6954.880000 0.196160 0
6958.240000 0.198697 0
6961.600000 0.188568 0
6964.960000 0.199793 0
6968.320000 0.206049 0
6971.680000 0.235049 0
6975.040000 0.193894 0
6978.400000 0.173152 0
6981.760000 0.217045 0
6985.120000 0.208154 0
6988.480000 0.183207 0
6991.840000 0.195091 0
6995.200000 0.196422 0
6998.560000 0.208522 0
7001.920000 0.214956 0
7005.280000 0.200637 0
7008.640000 0.216348 0
7012.000000 0.211480 0
7015.360000 0.208531 0
7018.720000 0.213322 0
7022.080000 0.238574 0
7025.440000 0.232038 0
7028.800000 0.216428 0
7032.160000 0.216427 0
7035.520000 0.191383 0
7038.880000 0.214000 0
7042.240000 0.230340 0
7045.600000 0.226210 0
7048.960000 0.229302 0
7052.320000 0.205439 0
7055.680000 0.219703 0
7059.040000 0.201069 0
7062.400000 0.184211 0
7065.760000 0.198580 0
7069.120000 0.203364 0
7072.480000 0.214319 0
7075.840000 0.208660 0
7079.200000 0.207565 0
7082.560000 0.215266 0
7085.920000 0.200777 0
7089.280000 0.229649 0
7092.640000 0.233495 0
7096.000000 0.206134 0
7099.360000 0.203131 0
7102.720000 0.230590 0
7106.080000 0.236371 0
7109.440000 0.240222 0
7112.800000 0.229643 0
7116.160000 0.232484 0
7119.520000 0.224268 0
7122.880000 0.216424 0
7126.240000 0.212625 0
7129.600000 0.216964 0
7132.960000 0.224267 0
7136.320000 0.219762 0
7139.680000 0.259011 0
7143.040000 0.271464 0
7146.400000 0.250162 0
7149.760000 0.229599 0
7153.120000 0.201350 0
7156.480000 0.231109 0
7159.840000 0.226870 0
7163.200000 0.213814 0
7166.560000 0.222333 0
7169.920000 0.225902 0
7173.280000 0.220530 0
7176.640000 0.189551 0
7180.000000 0.162688 0
7183.360000 0.168860 0
7186.720000 0.201003 0
7190.080000 0.210084 0
7193.440000 0.187978 0
7196.800000 0.196541 0
7200.160000 0.212389 0
7203.520000 0.206550 0
7206.880000 0.207822 0
7210.240000 0.227427 0
7213.600000 0.202697 0
7216.960000 0.225114 0
7220.320000 0.212005 0
7223.680000 0.224101 0
7227.040000 0.213508 0
7230.400000 0.218644 0
7233.760000 0.202673 0
7237.120000 0.206702 0
7240.480000 0.213138 0
7243.840000 0.237389 0
7247.200000 0.226979 0
7250.560000 0.236595 0
7253.920000 0.223938 0
7257.280000 0.227990 0
7260.640000 0.210349 0
7264.000000 0.209920 0
7267.360000 0.213047 0
7270.720000 0.208604 0
7274.080000 0.226684 0
7277.440000 0.209186 0
7280.800000 0.203703 0
7284.160000 0.257267 0
7287.520000 0.214876 0
7290.880000 0.208176 0
7294.240000 0.222509 0
7297.600000 0.219412 0
7300.960000 0.234250 0
7304.320000 0.229129 0
7307.680000 0.222689 0
7311.040000 0.224390 0
7314.400000 0.220771 0
7317.760000 0.224750 0
7321.120000 0.223130 0
7324.480000 0.244853 0
7327.840000 0.213425 0
7331.200000 0.229758 0
7334.560000 0.232814 0
7337.920000 0.213324 0
7341.280000 0.260036 0
7344.640000 0.221615 0
7348.000000 0.251625 0
7351.360000 0.225931 0
7354.720000 0.204363 0
7358.080000 0.216405 0
7361.440000 0.199246 0
7364.800000 0.205987 0
7368.160000 0.241860 0
7371.520000 0.227276 0
7374.880000 0.228736 0
7378.240000 0.197496 0
7381.600000 0.243469 0
7384.960000 0.228988 0
7388.320000 0.209863 0
7391.680000 0.194859 0
7395.040000 0.239589 0
7398.400000 0.182268 0
7401.760000 0.198055 0
7405.120000 0.199801 0
7408.480000 0.245310 0
7411.840000 0.230345 0
7415.200000 0.194201 0
7418.560000 0.217962 0
7421.920000 0.219532 0
7425.280000 0.209494 0
7428.640000 0.235480 0
7432.000000 0.208964 0
7435.360000 0.211855 0
7438.720000 0.233695 0
7442.080000 0.220735 0
7445.440000 0.253428 0
7448.800000 0.237572 0
7452.160000 0.223383 0
7455.520000 0.200029 0
7458.880000 0.218816 0
7462.240000 0.210898 0
7465.600000 0.207381 0
7468.960000 0.180241 0
7472.320000 0.197014 0
7475.680000 0.232312 0
7479.040000 0.251576 0
7482.400000 0.245128 0
7485.760000 0.256134 0
7489.120000 0.258726 0
7492.480000 0.222220 0
7495.840000 0.204745 0
7499.200000 0.227972 0
7502.560000 0.231137 0
7505.920000 0.253131 0
7509.280000 0.249456 0
7512.640000 0.252650 0
7516.000000 0.225164 0
7519.360000 0.246290 0
7522.720000 0.244323 0
7526.080000 0.277318 0
7529.440000 0.264557 0
7532.800000 0.234937 0
7536.160000 0.247074 0
7539.520000 0.214008 0
7542.880000 0.216562 0
7546.240000 0.237068 0
7549.600000 0.230474 0
7552.960000 0.199550 0
7556.320000 0.229610 0
7559.680000 0.241356 0
7563.040000 0.217021 0
7566.400000 0.248588 0
7569.760000 0.223459 0
7573.120000 0.223716 0
7576.480000 0.292127 0
7579.840000 0.229087 0
7583.200000 0.244759 0
7586.560000 0.251577 0
7589.920000 0.221959 0
7593.280000 0.252692 0
7596.640000 0.236691 0
7600.000000 0.231407 0
7603.360000 0.199165 0
7606.720000 0.267697 0
7610.080000 0.231424 0
7613.440000 0.241111 0
7616.800000 0.266200 0
7620.160000 0.260353 0
7623.520000 0.216328 0
7626.880000 0.240342 0
7630.240000 0.226660 0
7633.600000 0.285101 0
7636.960000 0.324461 0
7640.320000 0.284227 0
7643.680000 0.250353 0
7647.040000 0.253494 0
7650.400000 0.272167 0
7653.760000 0.218301 0
7657.120000 0.245619 0
7660.480000 0.245360 0
7663.840000 0.277976 0
7667.200000 0.255991 0
7670.560000 0.216215 0
7673.920000 0.197003 0
7677.280000 0.209031 0
7680.640000 0.226639 0
7684.000000 0.221649 0
7687.360000 0.233733 0
7690.720000 0.225866 0
7694.080000 0.191613 0
7697.440000 0.175439 0
7700.800000 0.185423 0
7704.160000 0.189701 0
7707.520000 0.189609 0
7710.880000 0.156180 0
7714.240000 0.146096 0
7717.600000 0.138003 0
7720.960000 0.213405 0
7724.320000 0.298739 0
7727.680000 0.213561 0
7731.040000 0.225794 0
7734.400000 0.255587 0
7737.760000 0.220928 0
7741.120000 0.192074 0
7744.480000 0.208611 0
7747.840000 0.230504 0
7751.200000 0.189023 0
7754.560000 0.283581 0
7757.920000 0.291849 0
7761.280000 0.232674 0
7764.640000 0.271505 0
7768.000000 0.253220 0
7771.360000 0.257067 0
7774.720000 0.233272 0
7778.080000 0.245972 0
7781.440000 0.242347 0
7784.800000 0.216360 0
7788.160000 0.221617 0
7791.520000 0.202283 0
7794.880000 0.201033 0
7798.240000 0.212316 0
7801.600000 0.212710 0
7804.960000 0.237642 0
7808.320000 0.253223 0
7811.680000 0.239522 0
7815.040000 0.217492 0
7818.400000 0.227517 0
7821.760000 0.250158 0
7825.120000 0.239592 0
7828.480000 0.256398 0
7831.840000 0.226885 0
7835.200000 0.254414 0
7838.560000 0.264437 0
7841.920000 0.242496 0
7845.280000 0.220581 0
7848.640000 0.214813 0
7852.000000 0.255232 0
7855.360000 0.312098 0
7858.720000 0.238872 0
7862.080000 0.293655 0
7865.440000 0.248336 0
7868.800000 0.173715 0
7872.160000 0.183647 0
7875.520000 0.246555 0
7878.880000 0.204728 0
7882.240000 0.237498 0
7885.600000 0.269932 0
7888.960000 0.254867 0
7892.320000 0.200902 0
7895.680000 0.197834 0
7899.040000 0.227407 0
7902.400000 0.227887 0
7905.760000 0.239899 0
7909.120000 0.244579 0
7912.480000 0.268700 0
7915.840000 0.214036 0
7919.200000 0.265828 0
7922.560000 0.213963 0
7925.920000 0.208332 0
7929.280000 0.214235 0
7932.640000 0.243003 0
7936.000000 0.304464 0
7939.360000 0.208564 0
7942.720000 0.190408 0
7946.080000 0.215285 0
7949.440000 0.224351 0
7952.800000 0.224949 0
7956.160000 0.220702 0
7959.520000 0.236173 0
7962.880000 0.211874 0
7966.240000 0.212306 0
7969.600000 0.167163 0
7972.960000 0.225610 0
7976.320000 0.271088 0
7979.680000 0.233331 0
7983.040000 0.226374 0
7986.400000 0.214579 0
7989.760000 0.235268 0
7993.120000 0.235711 0
7996.480000 0.169381 0
7999.840000 0.198353 0
8003.200000 0.231250 0
8006.560000 0.226854 0
8009.920000 0.242199 0
8013.280000 0.250695 0
8016.640000 0.280335 0
8020.000000 0.259498 0
8023.360000 0.210887 0
8026.720000 0.213681 0
8030.080000 0.248733 0
8033.440000 0.254160 0
8036.800000 0.218560 0
8040.160000 0.243512 0
8043.520000 0.229605 0
8046.880000 0.228965 0
8050.240000 0.218831 0
8053.600000 0.245269 0
8056.960000 0.244910 0
8060.320000 0.227036 0
8063.680000 0.251341 0
8067.040000 0.254035 0
8070.400000 0.222807 0
8073.760000 0.237282 0
8077.120000 0.221831 0
8080.480000 0.202356 0
8083.840000 0.217384 0
8087.200000 0.232835 0
8090.560000 0.231063 0
8093.920000 0.241935 0
8097.280000 0.227195 0
8100.640000 0.191722 0
8104.000000 0.214471 0
8107.360000 0.226689 0
8110.720000 0.262537 0
8114.080000 0.196040 0
8117.440000 0.000000 1
8120.800000 0.000000 1
8124.160000 0.000000 1
8127.520000 0.000000 1
8130.880000 0.000000 1
8134.240000 0.000000 1
8137.600000 0.000000 1
8140.960000 0.000000 1
8144.320000 0.000000 1
8147.680000 0.000000 1
8151.040000 0.000000 1
8154.400000 0.000000 1
8157.760000 0.000000 1
8161.120000 0.000000 1
8164.480000 0.000000 1
8167.840000 0.000000 1
8171.200000 0.000000 1
8174.560000 0.000000 1
8177.920000 0.000000 1
8181.280000 0.000000 1
8184.640000 0.000000 1
8188.000000 0.000000 1
8191.360000 0.000000 1
8194.720000 0.000000 1
8198.080000 0.000000 1
8201.440000 0.000000 1
8204.800000 0.000000 1
8208.160000 0.000000 1
8211.520000 0.000000 1
8214.880000 0.000000 1
8218.240000 0.000000 1
8221.600000 0.000000 1
8224.960000 0.000000 1
8228.320000 0.000000 1
8231.680000 0.000000 1
8235.040000 0.000000 1
8238.400000 0.000000 1
8241.760000 0.000000 1
8245.120000 0.000000 1
8248.480000 0.000000 1
8251.840000 0.000000 1
8255.200000 0.000000 1
8258.560000 0.000000 1
8261.920000 0.000000 1
8265.280000 0.000000 1
8268.640000 0.000000 1
8272.000000 0.000000 1
8275.360000 0.000000 1
8278.720000 0.000000 1
8282.080000 0.000000 1
8285.440000 0.000000 1
8288.800000 0.000000 1
8292.160000 0.000000 1
8295.520000 0.000000 1
8298.880000 0.000000 1
8302.240000 0.000000 1
8305.600000 0.000000 1
8308.960000 0.000000 1
8312.320000 0.000000 1
8315.680000 0.000000 1
8319.040000 0.000000 1
8322.400000 0.000000 1
8325.760000 0.000000 1
8329.120000 0.000000 1
8332.480000 0.000000 1
8335.840000 0.000000 1
8339.200000 0.000000 1
8342.560000 0.000000 1
8345.920000 0.000000 1
8349.280000 0.000000 1
8352.640000 0.000000 1
8356.000000 0.000000 1
8359.360000 0.000000 1
8362.720000 0.000000 1
8366.080000 0.000000 1
8369.440000 0.000000 1
8372.800000 0.000000 1
8376.160000 0.000000 1
8379.520000 0.000000 1
8382.880000 0.000000 1
8386.240000 0.000000 1
8389.600000 0.000000 1
8392.960000 0.000000 1
8396.320000 0.000000 1
8399.680000 0.000000 1
8403.040000 0.000000 1
8406.400000 0.000000 1
8409.760000 0.000000 1
8413.120000 0.000000 1
8416.480000 0.000000 1
8419.840000 0.000000 1
8423.200000 0.000000 1
8426.560000 0.000000 1
8429.920000 0.000000 1
8433.280000 0.000000 1
8436.640000 0.000000 1
8440.000000 0.000000 1
8443.360000 0.000000 1
8446.720000 0.000000 1
8450.080000 0.000000 1
8453.440000 0.000000 1
8456.800000 0.000000 1
8460.160000 0.000000 1
8463.520000 0.000000 1
8466.880000 0.000000 1
8470.240000 0.000000 1
8473.600000 0.000000 1
8476.960000 0.000000 1
8480.320000 0.000000 1
8483.680000 0.000000 1
8487.040000 0.000000 1
8490.400000 0.000000 1
8493.760000 0.000000 1
8497.120000 0.000000 1
8500.480000 0.000000 1
8503.840000 0.000000 1
8507.200000 0.000000 1
8510.560000 0.000000 1
8513.920000 0.000000 1
8517.280000 0.000000 1
8520.640000 0.000000 1
8524.000000 0.000000 1
8527.360000 0.000000 1
8530.720000 0.000000 1
8534.080000 0.000000 1
8537.440000 0.000000 1
8540.800000 0.000000 1
8544.160000 0.000000 1
8547.520000 0.000000 1
8550.880000 0.000000 1
8554.240000 0.000000 1
8557.600000 0.000000 1
8560.960000 0.000000 1
8564.320000 0.000000 1
8567.680000 0.000000 1
8571.040000 0.000000 1
8574.400000 0.000000 1
8577.760000 0.000000 1
8581.120000 0.000000 1
8584.480000 0.000000 1
8587.840000 0.000000 1
8591.200000 0.000000 1
8594.560000 0.000000 1
8597.920000 0.000000 1
8601.280000 0.000000 1
8604.640000 0.000000 1
8608.000000 0.000000 1
8611.360000 0.000000 1
8614.720000 0.000000 1
8618.080000 0.000000 1
8621.440000 0.000000 1
8624.800000 0.000000 1
8628.160000 0.000000 1
8631.520000 0.000000 1
8634.880000 0.000000 1
8638.240000 0.000000 1
8641.600000 0.000000 1
8644.960000 0.000000 1
8648.320000 0.000000 1
8651.680000 0.000000 1
8655.040000 0.000000 1
8658.400000 0.000000 1
8661.760000 0.000000 1
8665.120000 0.000000 1
8668.480000 0.000000 1
8671.840000 0.000000 1
8675.200000 0.000000 1
8678.560000 0.000000 1
8681.920000 0.000000 1
8685.280000 0.000000 1
8688.640000 0.000000 1
8692.000000 0.000000 1
8695.360000 0.000000 1
8698.720000 0.000000 1
8702.080000 0.000000 1
8705.440000 0.000000 1
8708.800000 0.000000 1
8712.160000 0.000000 1
8715.520000 0.000000 1
8718.880000 0.000000 1
8722.240000 0.000000 1
8725.600000 0.000000 1
8728.960000 0.000000 1
8732.320000 0.000000 1
8735.680000 0.000000 1
8739.040000 0.000000 1
8742.400000 0.000000 1
8745.760000 0.000000 1
8749.120000 0.000000 1
8752.480000 0.000000 1
8755.840000 0.000000 1
8759.200000 0.000000 1
8762.560000 0.000000 1
8765.920000 0.000000 1
8769.280000 0.000000 1
8772.640000 0.000000 1
8776.000000 0.000000 1
8779.360000 0.000000 1
8782.720000 0.000000 1
8786.080000 0.000000 1
8789.440000 0.000000 1
8792.800000 0.000000 1
8796.160000 0.000000 1
8799.520000 0.000000 1
8802.880000 0.000000 1
8806.240000 0.000000 1
8809.600000 0.000000 1
8812.960000 0.000000 1
8816.320000 0.000000 1
8819.680000 0.000000 1
8823.040000 0.000000 1
8826.400000 0.000000 1
8829.760000 0.000000 1
8833.120000 0.000000 1
8836.480000 0.000000 1
8839.840000 0.000000 1
8843.200000 0.000000 1
8846.560000 0.000000 1
8849.920000 0.000000 1
8853.280000 0.000000 1
8856.640000 0.000000 1
8860.000000 0.000000 1
8863.360000 0.000000 1
8866.720000 0.000000 1
8870.080000 0.000000 1
8873.440000 0.000000 1
8876.800000 0.000000 1
8880.160000 0.000000 1
8883.520000 0.000000 1
8886.880000 0.000000 1
8890.240000 0.000000 1
8893.600000 0.000000 1
8896.960000 0.000000 1
8900.320000 0.000000 1
8903.680000 0.000000 1
8907.040000 0.000000 1
8910.400000 0.000000 1
8913.760000 0.000000 1
8917.120000 0.000000 1
8920.480000 0.000000 1
8923.840000 0.000000 1
8927.200000 0.000000 1
8930.560000 0.000000 1
8933.920000 0.000000 1
8937.280000 0.000000 1
8940.640000 0.000000 1
8944.000000 0.000000 1
8947.360000 0.000000 1
8950.720000 0.000000 1
8954.080000 0.000000 1
8957.440000 0.000000 1
8960.800000 0.000000 1
8964.160000 0.000000 1
8967.520000 0.000000 1
8970.880000 0.000000 1
8974.240000 0.000000 1
8977.600000 0.000000 1
8980.960000 0.000000 1
8984.320000 0.000000 1
8987.680000 0.000000 1
8991.040000 0.000000 1
8994.400000 0.000000 1
8997.760000 0.000000 1
9001.120000 0.000000 1
9004.480000 0.000000 1
9007.840000 0.000000 1
9011.200000 0.000000 1
9014.560000 0.000000 1
9017.920000 0.000000 1
9021.280000 0.000000 1
9024.640000 0.000000 1
9028.000000 0.000000 1
9031.360000 0.000000 1
9034.720000 0.000000 1
9038.080000 0.000000 1
9041.440000 0.000000 1
9044.800000 0.000000 1
9048.160000 0.000000 1
9051.520000 0.000000 1
9054.880000 0.000000 1
9058.240000 0.000000 1
9061.600000 0.000000 1
9064.960000 0.000000 1
9068.320000 0.000000 1
9071.680000 0.000000 1
9075.040000 0.000000 1
9078.400000 0.000000 1
9081.760000 0.000000 1
9085.120000 0.000000 1
9088.480000 0.000000 1
9091.840000 0.000000 1
9095.200000 0.000000 1
9098.560000 0.000000 1
9101.920000 0.000000 1
9105.280000 0.000000 1
9108.640000 0.000000 1
9112.000000 0.000000 1
9115.360000 0.000000 1
9118.720000 0.000000 1
9122.080000 0.000000 1
9125.440000 0.000000 1
9128.800000 0.000000 1
9132.160000 0.000000 1
9135.520000 0.000000 1
9138.880000 0.000000 1
9142.240000 0.000000 1
9145.600000 0.000000 1
9148.960000 0.000000 1
9152.320000 0.000000 1
9155.680000 0.000000 1
9159.040000 0.000000 1
9162.400000 0.000000 1
9165.760000 0.000000 1
9169.120000 0.000000 1
9172.480000 0.000000 1
9175.840000 0.000000 1
9179.200000 0.000000 1
9182.560000 0.000000 1
9185.920000 0.000000 1
9189.280000 0.000000 1
9192.640000 0.000000 1
9196.000000 0.000000 1
9199.360000 0.000000 1
9202.720000 0.000000 1
9206.080000 0.000000 1
9209.440000 0.000000 1
9212.800000 0.000000 1
9216.160000 0.000000 1
9219.520000 0.000000 1
9222.880000 0.000000 1
9226.240000 0.000000 1
9229.600000 0.000000 1
9232.960000 0.000000 1
9236.320000 0.000000 1
9239.680000 0.000000 1
9243.040000 0.000000 1
9246.400000 0.000000 1
9249.760000 0.000000 1
