# obs: 255718
# slit: 39
# z: 0.68197
# lines: [OII],H9,H{beta},[OIII]
# spec: 635
4451.680000 0.000000 1
4455.040000 0.000000 1
4458.400000 0.000000 1
4461.760000 0.000000 1
4465.120000 0.000000 1
4468.479999 0.000000 1
4471.839999 0.000000 1
4475.199999 0.000000 1
4478.559999 0.000000 1
4481.919999 0.000000 1
4485.279999 0.000000 1
4488.639999 0.000000 1
4491.999999 0.000000 1
4495.359999 0.000000 1
4498.719999 0.000000 1
4502.079998 -0.013561 0
4505.439998 -0.029950 0
4508.799998 0.029467 0
4512.159998 0.023759 0
4515.519998 0.024817 0
4518.879998 0.014436 0
4522.239998 0.019217 0
4525.599998 0.020889 0
4528.959998 0.026963 0
4532.319997 0.011864 0
4535.679997 0.034599 0
4539.039997 0.049557 0
4542.399997 0.045314 0
4545.759997 0.018471 0
4549.119997 0.018136 0
4552.479997 0.034999 0
4555.839997 0.000275 0
4559.199997 0.005416 0
4562.559997 0.023525 0
4565.919996 0.024982 0
4569.279996 0.024245 0
4572.639996 0.049610 0
4575.999996 0.040668 0
4579.359996 0.019447 0
4582.719996 0.018143 0
4586.079996 0.023751 0
4589.439996 0.018818 0
4592.799996 0.012828 0
4596.159995 0.024973 0
4599.519995 0.058412 0
4602.879995 0.026972 0
4606.239995 0.013373 0
4609.599995 0.032469 0
4612.959995 0.027874 0
4616.319995 0.039161 0
4619.679995 0.018904 0
4623.039995 -0.004789 0
4626.399995 0.039376 0
4629.759994 0.024694 0
4633.119994 0.019759 0
4636.479994 0.029443 0
4639.839994 0.034863 0
4643.199994 0.029846 0
4646.559994 0.009668 0
4649.919994 0.000801 0
4653.279994 0.020321 0
4656.639994 0.019417 0
4659.999993 0.050044 0
4663.359993 0.028628 0
4666.719993 0.014199 0
4670.079993 0.025832 0
4673.439993 0.023181 0
4676.799993 0.021980 0
4680.159993 0.017392 0
4683.519993 0.025975 0
4686.879993 0.030477 0
4690.239993 0.038873 0
4693.599992 0.030310 0
4696.959992 0.034582 0
4700.319992 0.032910 0
4703.679992 0.054425 0
4707.039992 0.024405 0
4710.399992 0.024678 0
4713.759992 0.031648 0
4717.119992 0.044662 0
4720.479992 0.047241 0
4723.839992 0.026465 0
4727.199991 0.030011 0
4730.559991 0.035819 0
4733.919991 0.023678 0
4737.279991 0.033631 0
4740.639991 0.029894 0
4743.999991 0.033931 0
4747.359991 0.026985 0
4750.719991 0.029409 0
4754.079991 0.037367 0
4757.439990 0.031399 0
4760.799990 0.026544 0
4764.159990 0.015213 0
4767.519990 0.033894 0
4770.879990 0.037265 0
4774.239990 0.015180 0
4777.599990 0.016455 0
4780.959990 0.023095 0
4784.319990 0.015746 0
4787.679990 0.019799 0
4791.039989 0.035539 0
4794.399989 0.029887 0
4797.759989 0.031144 0
4801.119989 0.031729 0
4804.479989 0.041624 0
4807.839989 0.019954 0
4811.199989 0.016559 0
4814.559989 0.011857 0
4817.919989 0.021832 0
4821.279988 0.023920 0
4824.639988 0.030249 0
4827.999988 0.021718 0
4831.359988 0.032042 0
4834.719988 0.016517 0
4838.079988 0.028746 0
4841.439988 0.043049 0
4844.799988 0.034078 0
4848.159988 0.025491 0
4851.519988 0.044036 0
4854.879987 0.022094 0
4858.239987 0.027062 0
4861.599987 0.019551 0
4864.959987 0.024776 0
4868.319987 0.005240 0
4871.679987 0.013949 0
4875.039987 0.033468 0
4878.399987 0.035196 0
4881.759987 0.032990 0
4885.119986 0.028716 0
4888.479986 0.022340 0
4891.839986 0.013486 0
4895.199986 0.020667 0
4898.559986 0.023256 0
4901.919986 0.024980 0
4905.279986 0.055700 0
4908.639986 0.015233 0
4911.999986 0.043959 0
4915.359986 0.031921 0
4918.719985 0.023215 0
4922.079985 0.025039 0
4925.439985 0.032737 0
4928.799985 0.037833 0
4932.159985 0.024870 0
4935.519985 0.031802 0
4938.879985 0.035615 0
4942.239985 0.040150 0
4945.599985 0.020419 0
4948.959984 0.017745 0
4952.319984 0.040724 0
4955.679984 0.019272 0
4959.039984 0.006119 0
4962.399984 0.015804 0
4965.759984 0.044736 0
4969.119984 0.020155 0
4972.479984 0.018618 0
4975.839984 0.012033 0
4979.199984 0.033961 0
4982.559983 0.015856 0
4985.919983 0.019155 0
4989.279983 0.034752 0
4992.639983 0.033412 0
4995.999983 0.029919 0
4999.359983 0.033498 0
5002.719983 0.032606 0
5006.079983 0.023207 0
5009.439983 0.022892 0
5012.799982 0.026353 0
5016.159982 0.013669 0
5019.519982 0.020160 0
5022.879982 -0.004222 0
5026.239982 0.035832 0
5029.599982 0.030873 0
5032.959982 0.030729 0
5036.319982 0.020154 0
5039.679982 0.025970 0
5043.039982 0.029835 0
5046.399981 0.032210 0
5049.759981 0.039113 0
5053.119981 0.025589 0
5056.479981 0.012229 0
5059.839981 0.022789 0
5063.199981 0.024417 0
5066.559981 0.023191 0
5069.919981 0.052362 0
5073.279981 0.055011 0
5076.639980 0.007557 0
5079.999980 0.011313 0
5083.359980 0.029488 0
5086.719980 0.036829 0
5090.079980 0.031941 0
5093.439980 0.035464 0
5096.799980 0.039800 0
5100.159980 0.033024 0
5103.519980 0.015079 0
5106.879980 0.026458 0
5110.239979 0.009886 0
5113.599979 0.032260 0
5116.959979 0.011798 0
5120.319979 0.019693 0
5123.679979 0.032375 0
5127.039979 0.034665 0
5130.399979 0.033250 0
5133.759979 0.023222 0
5137.119979 0.022936 0
5140.479978 0.033448 0
5143.839978 0.034849 0
5147.199978 0.028764 0
5150.559978 0.019671 0
5153.919978 0.025391 0
5157.279978 0.016703 0
5160.639978 0.030255 0
5163.999978 0.026916 0
5167.359978 0.018549 0
5170.719978 0.031346 0
5174.079977 0.009160 0
5177.439977 0.012049 0
5180.799977 0.016486 0
5184.159977 0.020926 0
5187.519977 0.004700 0
5190.879977 0.032390 0
5194.239977 0.033244 0
5197.599977 0.049521 0
5200.959977 0.033372 0
5204.319977 0.017272 0
5207.679976 0.038331 0
5211.039976 0.039282 0
5214.399976 0.022253 0
5217.759976 0.028815 0
5221.119976 0.031504 0
5224.479976 0.021835 0
5227.839976 0.005270 0
5231.199976 0.033811 0
5234.559976 0.042599 0
5237.919975 0.036300 0
5241.279975 0.025792 0
5244.639975 0.024745 0
5247.999975 0.029609 0
5251.359975 0.035087 0
5254.719975 0.046468 0
5258.079975 0.029054 0
5261.439975 0.010753 0
5264.799975 0.020475 0
5268.159975 0.033546 0
5271.519974 0.019105 0
5274.879974 0.017656 0
5278.239974 0.019750 0
5281.599974 0.036363 0
5284.959974 0.029310 0
5288.319974 0.033519 0
5291.679974 0.032341 0
5295.039974 0.024830 0
5298.399974 0.038209 0
5301.759973 0.023044 0
5305.119973 0.024905 0
5308.479973 0.034141 0
5311.839973 0.014811 0
5315.199973 0.031925 0
5318.559973 0.023505 0
5321.919973 0.006247 0
5325.279973 0.022949 0
5328.639973 0.027544 0
5331.999973 0.015472 0
5335.359972 0.020109 0
5338.719972 0.024371 0
5342.079972 0.030177 0
5345.439972 0.025173 0
5348.799972 0.034275 0
5352.159972 0.028886 0
5355.519972 0.028976 0
5358.879972 0.040436 0
5362.239972 0.033388 0
5365.599971 0.021102 0
5368.959971 0.031950 0
5372.319971 0.035757 0
5375.679971 0.021021 0
5379.039971 0.015589 0
5382.399971 0.045169 0
5385.759971 0.015634 0
5389.119971 0.021379 0
5392.479971 0.013447 0
5395.839971 0.020949 0
5399.199970 0.020688 0
5402.559970 0.031008 0
5405.919970 0.031598 0
5409.279970 0.019990 0
5412.639970 0.040379 0
5415.999970 0.022245 0
5419.359970 0.031456 0
5422.719970 0.032210 0
5426.079970 0.023278 0
5429.439969 0.026300 0
5432.799969 0.027793 0
5436.159969 0.041925 0
5439.519969 0.038804 0
5442.879969 0.024355 0
5446.239969 0.031333 0
5449.599969 0.035798 0
5452.959969 0.040875 0
5456.319969 0.021864 0
5459.679969 0.029185 0
5463.039968 0.014220 0
5466.399968 0.032706 0
5469.759968 0.036428 0
5473.119968 0.035231 0
5476.479968 0.033585 0
5479.839968 0.031031 0
5483.199968 0.028820 0
5486.559968 0.010499 0
5489.919968 0.022191 0
5493.279967 0.017218 0
5496.639967 0.019898 0
5499.999967 0.027836 0
5503.359967 0.035301 0
5506.719967 0.014396 0
5510.079967 0.031380 0
5513.439967 0.045536 0
5516.799967 0.027839 0
5520.159967 0.031918 0
5523.519967 0.022684 0
5526.879966 0.023613 0
5530.239966 0.024256 0
5533.599966 0.025978 0
5536.959966 0.036611 0
5540.319966 0.011662 0
5543.679966 0.023121 0
5547.039966 0.050202 0
5550.399966 0.038674 0
5553.759966 0.018705 0
5557.119965 0.020499 0
5560.479965 0.025488 1
5563.839965 0.021435 1
5567.199965 0.013302 1
5570.559965 0.115045 1
5573.919965 0.074292 1
5577.279965 0.044004 1
5580.639965 0.012636 1
5583.999965 -0.001592 1
5587.359965 0.020576 1
5590.719964 0.022854 1
5594.079964 0.013064 1
5597.439964 0.027788 1
5600.799964 0.037971 1
5604.159964 0.018081 1
5607.519964 0.024784 1
5610.879964 0.017166 0
5614.239964 0.041079 0
5617.599964 0.031758 0
5620.959963 0.037480 0
5624.319963 0.036030 0
5627.679963 0.016113 0
5631.039963 0.032035 0
5634.399963 0.046498 0
5637.759963 0.018498 0
5641.119963 0.020396 0
5644.479963 0.038232 0
5647.839963 0.028153 0
5651.199963 0.048834 0
5654.559962 0.039475 0
5657.919962 0.022658 0
5661.279962 0.028283 0
5664.639962 0.028032 0
5667.999962 0.006461 0
5671.359962 0.026486 0
5674.719962 0.017824 0
5678.079962 0.026280 0
5681.439962 0.030211 0
5684.799962 0.020820 0
5688.159961 0.025530 0
5691.519961 0.014861 0
5694.879961 0.010527 0
5698.239961 0.026228 0
5701.599961 0.026200 0
5704.959961 0.022543 0
5708.319961 0.030337 0
5711.679961 0.026782 0
5715.039961 0.022674 0
5718.399960 0.020484 0
5721.759960 0.024284 0
5725.119960 0.026904 0
5728.479960 0.026291 0
5731.839960 0.016863 0
5735.199960 0.016055 0
5738.559960 0.027827 0
5741.919960 0.026796 0
5745.279960 0.023283 0
5748.639960 0.017703 0
5751.999959 0.012125 0
5755.359959 0.019738 0
5758.719959 0.031003 0
5762.079959 0.028927 0
5765.439959 0.031397 0
5768.799959 0.025479 0
5772.159959 0.024916 0
5775.519959 0.024615 0
5778.879959 0.029579 0
5782.239958 0.029351 0
5785.599958 0.029437 0
5788.959958 0.016457 0
5792.319958 0.018580 0
5795.679958 0.025681 0
5799.039958 0.039072 0
5802.399958 0.012086 0
5805.759958 0.016930 0
5809.119958 0.030682 0
5812.479958 0.035739 0
5815.839957 0.012583 0
5819.199957 0.023294 0
5822.559957 0.024280 0
5825.919957 0.010604 0
5829.279957 0.026327 0
5832.639957 0.033811 0
5835.999957 0.036379 0
5839.359957 0.031831 0
5842.719957 0.024093 0
5846.079956 0.035807 0
5849.439956 0.019341 0
5852.799956 0.044235 0
5856.159956 0.014121 0
5859.519956 0.009299 0
5862.879956 0.046218 0
5866.239956 0.016259 0
5869.599956 0.042104 0
5872.959956 0.012291 0
5876.319956 0.015789 0
5879.679955 0.034381 0
5883.039955 0.006915 0
5886.399955 0.015194 0
5889.759955 0.044842 0
5893.119955 0.030403 0
5896.479955 0.008922 0
5899.839955 0.038197 0
5903.199955 0.001707 0
5906.559955 0.019364 0
5909.919954 0.049573 0
5913.279954 0.022613 0
5916.639954 0.023583 0
5919.999954 0.024334 0
5923.359954 0.022417 0
5926.719954 0.037175 0
5930.079954 0.045089 0
5933.439954 0.019615 0
5936.799954 0.014653 0
5940.159954 0.030332 0
5943.519953 0.021977 0
5946.879953 0.031181 0
5950.239953 0.033889 0
5953.599953 0.018027 0
5956.959953 0.013474 0
5960.319953 0.031269 0
5963.679953 0.015635 0
5967.039953 0.007856 0
5970.399953 0.007662 0
5973.759952 0.025091 0
5977.119952 0.021894 0
5980.479952 0.022332 0
5983.839952 0.030895 0
5987.199952 0.025096 0
5990.559952 0.018515 0
5993.919952 0.018100 0
5997.279952 0.017835 0
6000.639952 0.030903 0
6003.999952 0.020503 0
6007.359951 0.018190 0
6010.719951 0.027406 0
6014.079951 0.027114 0
6017.439951 0.018271 0
6020.799951 0.021488 0
6024.159951 0.029094 0
6027.519951 0.030537 0
6030.879951 0.021420 0
6034.239951 0.012588 0
6037.599950 0.022497 0
6040.959950 0.031947 0
6044.319950 0.042475 0
6047.679950 0.038567 0
6051.039950 0.019167 0
6054.399950 0.025708 0
6057.759950 0.039516 0
6061.119950 0.033703 0
6064.479950 0.037336 0
6067.839950 0.030626 0
6071.199949 0.020964 0
6074.559949 0.026862 0
6077.919949 0.027290 0
6081.279949 0.023894 0
6084.639949 0.035692 0
6087.999949 0.013938 0
6091.359949 0.043065 0
6094.719949 0.036808 0
6098.079949 0.042685 0
6101.439948 0.035393 0
6104.799948 0.030191 0
6108.159948 0.020757 0
6111.519948 0.033385 0
6114.879948 0.045009 0
6118.239948 0.021098 0
6121.599948 0.026184 0
6124.959948 0.029506 0
6128.319948 0.029286 0
6131.679948 0.010326 0
6135.039947 0.029589 0
6138.399947 0.006315 0
6141.759947 0.026415 0
6145.119947 0.034389 0
6148.479947 0.017350 0
6151.839947 0.037654 0
6155.199947 0.037274 0
6158.559947 0.038618 0
6161.919947 0.020392 0
6165.279947 0.025593 0
6168.639946 0.022679 0
6171.999946 0.034106 0
6175.359946 0.028748 0
6178.719946 0.026110 0
6182.079946 0.029979 0
6185.439946 0.012128 0
6188.799946 0.019863 0
6192.159946 0.016531 0
6195.519946 0.022542 0
6198.879945 0.011988 0
6202.239945 0.004901 0
6205.599945 0.026830 0
6208.959945 0.019943 0
6212.319945 0.019546 0
6215.679945 0.028483 0
6219.039945 0.009620 0
6222.399945 0.038574 0
6225.759945 0.026022 0
6229.119945 0.017213 0
6232.479944 0.036096 0
6235.839944 0.013099 0
6239.199944 0.025154 0
6242.559944 0.046335 0
6245.919944 0.032925 0
6249.279944 0.031849 0
6252.639944 0.021016 0
6255.999944 0.047803 0
6259.359944 0.050972 0
6262.719943 0.110042 0
6266.079943 0.209206 0
6269.439943 0.250466 0
6272.799943 0.206727 0
6276.159943 0.141823 0
6279.519943 0.053493 0
6282.879943 0.037615 0
6286.239943 0.051875 0
6289.599943 0.038046 0
6292.959943 0.013674 0
6296.319942 -0.015585 0
6299.679942 -0.006520 0
6303.039942 0.000229 0
6306.399942 0.057627 0
6309.759942 0.037620 0
6313.119942 0.016498 0
6316.479942 0.027918 0
6319.839942 0.024855 0
6323.199942 0.003354 0
6326.559941 0.035700 0
6329.919941 0.032529 0
6333.279941 0.015647 0
6336.639941 0.032328 0
6339.999941 0.030212 0
6343.359941 0.033219 0
6346.719941 0.041166 0
6350.079941 0.040399 0
6353.439941 0.027939 0
6356.799941 0.010266 0
6360.159940 0.038727 0
6363.519940 0.061359 0
6366.879940 0.059268 0
6370.239940 0.035106 0
6373.599940 0.039495 0
6376.959940 0.037760 0
6380.319940 0.031950 0
6383.679940 0.017320 0
6387.039940 0.026554 0
6390.399939 0.026444 0
6393.759939 0.014080 0
6397.119939 0.021714 0
6400.479939 0.023918 0
6403.839939 0.037347 0
6407.199939 0.039649 0
6410.559939 0.025264 0
6413.919939 0.050332 0
6417.279939 0.043223 0
6420.639939 0.041236 0
6423.999938 0.041666 0
6427.359938 0.037990 0
6430.719938 0.023132 0
6434.079938 0.030246 0
6437.439938 0.040318 0
6440.799938 0.046801 0
6444.159938 0.029195 0
6447.519938 0.025083 0
6450.879938 0.022469 0
6454.239937 0.023388 0
6457.599937 0.017224 0
6460.959937 0.024605 0
6464.319937 0.039641 0
6467.679937 0.031603 0
6471.039937 0.049090 0
6474.399937 0.041366 0
6477.759937 0.024185 0
6481.119937 0.033096 0
6484.479937 0.044664 0
6487.839936 0.048699 0
6491.199936 0.037959 0
6494.559936 0.054677 0
6497.919936 0.042423 0
6501.279936 0.051192 0
6504.639936 0.048418 0
6507.999936 0.058312 0
6511.359936 0.050828 0
6514.719936 0.040519 0
6518.079935 0.026545 0
6521.439935 0.028432 0
6524.799935 0.038964 0
6528.159935 0.047458 0
6531.519935 0.039568 0
6534.879935 0.029617 0
6538.239935 0.034667 0
6541.599935 0.041016 0
6544.959935 0.023304 0
6548.319935 0.038817 0
6551.679934 0.037152 0
6555.039934 0.031114 0
6558.399934 0.035799 0
6561.759934 0.037321 0
6565.119934 0.054455 0
6568.479934 0.038368 0
6571.839934 0.023418 0
6575.199934 0.048680 0
6578.559934 0.046382 0
6581.919933 0.049120 0
6585.279933 0.056596 0
6588.639933 0.055638 0
6591.999933 0.019557 0
6595.359933 0.038893 0
6598.719933 0.041042 0
6602.079933 0.028343 0
6605.439933 0.037221 0
6608.799933 0.064541 0
6612.159933 0.038934 0
6615.519932 0.008360 0
6618.879932 0.016736 0
6622.239932 0.046010 0
6625.599932 0.033352 0
6628.959932 0.044470 0
6632.319932 0.030361 0
6635.679932 0.032585 0
6639.039932 0.042518 0
6642.399932 0.037416 0
6645.759932 0.026231 0
6649.119931 0.023221 0
6652.479931 0.042487 0
6655.839931 0.041360 0
6659.199931 0.044876 0
6662.559931 0.027614 0
6665.919931 0.025452 0
6669.279931 0.047893 0
6672.639931 0.037266 0
6675.999931 0.026051 0
6679.359930 0.036715 0
6682.719930 0.037798 0
6686.079930 0.028868 0
6689.439930 0.023364 0
6692.799930 0.035661 0
6696.159930 0.033075 0
6699.519930 0.028294 0
6702.879930 0.042939 0
6706.239930 0.035856 0
6709.599930 0.033067 0
6712.959929 0.053675 0
6716.319929 0.055706 0
6719.679929 0.039367 0
6723.039929 0.027618 0
6726.399929 0.035572 0
6729.759929 0.045712 0
6733.119929 0.058970 0
6736.479929 0.041898 0
6739.839929 0.030777 0
6743.199928 0.044092 0
6746.559928 0.049747 0
6749.919928 0.036823 0
6753.279928 0.050134 0
6756.639928 0.047324 0
6759.999928 0.026414 0
6763.359928 0.029705 0
6766.719928 0.032322 0
6770.079928 0.047487 0
6773.439928 0.029204 0
6776.799927 0.034292 0
6780.159927 0.035816 0
6783.519927 0.037617 0
6786.879927 0.033299 0
6790.239927 0.040784 0
6793.599927 0.047109 0
6796.959927 0.043324 0
6800.319927 0.044407 0
6803.679927 0.027612 0
6807.039926 0.025189 0
6810.399926 0.036584 0
6813.759926 0.047117 0
6817.119926 0.056977 0
6820.479926 0.035258 0
6823.839926 0.041589 0
6827.199926 0.037783 0
6830.559926 0.045312 0
6833.919926 0.047631 0
6837.279926 0.036508 0
6840.639925 0.036445 0
6843.999925 0.042549 0
6847.359925 0.051350 0
6850.719925 0.043662 0
6854.079925 0.026694 0
6857.439925 0.024856 0
6860.799925 0.027148 0
6864.159925 0.020297 0
6867.519925 0.031655 0
6870.879924 0.053302 0
6874.239924 0.033284 0
6877.599924 0.028894 0
6880.959924 0.030355 0
6884.319924 0.034271 0
6887.679924 0.035045 0
6891.039924 0.013992 0
6894.399924 0.030057 0
6897.759924 0.031763 0
6901.119924 0.040778 0
6904.479923 0.037748 0
6907.839923 0.047983 0
6911.199923 0.036748 0
6914.559923 0.025600 0
6917.919923 0.017852 0
6921.279923 0.047393 0
6924.639923 0.044897 0
6927.999923 0.027250 0
6931.359923 0.042170 0
6934.719922 0.041389 0
6938.079922 0.047978 0
6941.439922 0.041877 0
6944.799922 0.037991 0
6948.159922 0.053304 0
6951.519922 0.041768 0
6954.879922 0.046753 0
6958.239922 0.026711 0
6961.599922 0.039271 0
6964.959922 0.046320 0
6968.319921 0.039955 0
6971.679921 0.041353 0
6975.039921 0.047653 0
6978.399921 0.048223 0
6981.759921 0.057084 0
6985.119921 0.046656 0
6988.479921 0.057803 0
6991.839921 0.030909 0
6995.199921 0.040617 0
6998.559920 0.040124 0
7001.919920 0.041485 0
7005.279920 0.034469 0
7008.639920 0.027762 0
7011.999920 0.032705 0
7015.359920 0.044088 0
7018.719920 0.047720 0
7022.079920 0.053145 0
7025.439920 0.032706 0
7028.799920 0.039412 0
7032.159919 0.041796 0
7035.519919 0.033460 0
7038.879919 0.036682 0
7042.239919 0.036814 0
7045.599919 0.054732 0
7048.959919 0.041302 0
7052.319919 0.040098 0
7055.679919 0.044385 0
7059.039919 0.035796 0
7062.399918 0.035933 0
7065.759918 0.052501 0
7069.119918 0.054924 0
7072.479918 0.048049 0
7075.839918 0.059452 0
7079.199918 0.039496 0
7082.559918 0.041339 0
7085.919918 0.048219 0
7089.279918 0.036307 0
7092.639918 0.042436 0
7095.999917 0.050618 0
7099.359917 0.044181 0
7102.719917 0.026492 0
7106.079917 0.028284 0
7109.439917 0.030457 0
7112.799917 0.033364 0
7116.159917 0.049159 0
7119.519917 0.036279 0
7122.879917 0.048896 0
7126.239916 0.033472 0
7129.599916 0.042673 0
7132.959916 0.053876 0
7136.319916 0.051079 0
7139.679916 0.031543 0
7143.039916 0.033288 0
7146.399916 0.038147 0
7149.759916 0.041240 0
7153.119916 0.032351 0
7156.479916 0.033065 0
7159.839915 0.028240 0
7163.199915 0.044026 0
7166.559915 0.052474 0
7169.919915 0.041454 0
7173.279915 0.044829 0
7176.639915 0.046572 0
7179.999915 0.042576 0
7183.359915 0.039419 0
7186.719915 0.030423 0
7190.079915 0.036859 0
7193.439914 0.032889 0
7196.799914 0.027793 0
7200.159914 0.030673 0
7203.519914 0.051574 0
7206.879914 0.037292 0
7210.239914 0.025638 0
7213.599914 0.034219 0
7216.959914 0.034604 0
7220.319914 0.037742 0
7223.679913 0.042148 0
7227.039913 0.029221 0
7230.399913 0.014856 0
7233.759913 0.021991 0
7237.119913 0.007995 0
7240.479913 0.018584 0
7243.839913 0.034809 0
7247.199913 0.060460 0
7250.559913 0.059527 0
7253.919913 0.040320 0
7257.279912 0.039819 0
7260.639912 0.034202 0
7263.999912 0.036903 0
7267.359912 0.032863 0
7270.719912 0.053699 0
7274.079912 0.072118 0
7277.439912 0.037929 0
7280.799912 0.014460 0
7284.159912 0.014026 0
7287.519911 0.011065 0
7290.879911 0.029003 0
7294.239911 0.043107 0
7297.599911 0.051499 0
7300.959911 0.052603 0
7304.319911 0.041190 0
7307.679911 0.033302 0
7311.039911 0.021246 0
7314.399911 0.042979 0
7317.759911 0.031850 0
7321.119910 0.041224 0
7324.479910 0.024991 0
7327.839910 0.036433 0
7331.199910 0.033786 0
7334.559910 0.003822 0
7337.919910 0.025130 0
7341.279910 0.048865 0
7344.639910 0.067599 0
7347.999910 0.030467 0
7351.359909 0.035770 0
7354.719909 0.018543 0
7358.079909 0.049118 0
7361.439909 0.030414 0
7364.799909 0.049455 0
7368.159909 0.011994 0
7371.519909 0.034998 0
7374.879909 0.042334 0
7378.239909 0.030997 0
7381.599909 0.036627 0
7384.959908 0.030916 0
7388.319908 0.042304 0
7391.679908 0.058426 0
7395.039908 0.037543 0
7398.399908 0.029203 0
7401.759908 0.036178 0
7405.119908 0.048333 0
7408.479908 0.034660 0
7411.839908 0.043133 0
7415.199907 0.036506 0
7418.559907 0.023048 0
7421.919907 0.040855 0
7425.279907 0.037916 0
7428.639907 0.046481 0
7431.999907 0.020042 0
7435.359907 0.072177 0
7438.719907 0.053137 0
7442.079907 0.024233 0
7445.439907 0.037649 0
7448.799906 0.034928 0
7452.159906 0.034081 0
7455.519906 0.021347 0
7458.879906 0.020743 0
7462.239906 0.034356 0
7465.599906 0.050912 0
7468.959906 0.045318 0
7472.319906 0.034949 0
7475.679906 0.053906 0
7479.039905 0.049391 0
7482.399905 0.021948 0
7485.759905 0.031282 0
7489.119905 0.019420 0
7492.479905 0.039721 0
7495.839905 0.062906 0
7499.199905 0.048979 0
7502.559905 0.027809 0
7505.919905 0.027827 0
7509.279905 0.034127 0
7512.639904 0.041271 0
7515.999904 0.045488 0
7519.359904 0.061543 0
7522.719904 0.010460 0
7526.079904 0.048488 0
7529.439904 0.035460 0
7532.799904 0.023395 0
7536.159904 0.047388 0
7539.519904 0.048579 0
7542.879903 0.038882 0
7546.239903 0.032438 0
7549.599903 0.040949 0
7552.959903 0.030553 0
7556.319903 0.030456 0
7559.679903 0.046876 0
7563.039903 0.026650 0
7566.399903 0.032821 0
7569.759903 0.018402 0
7573.119903 0.037990 0
7576.479902 0.044829 0
7579.839902 0.036803 0
7583.199902 0.035838 0
7586.559902 0.039011 0
7589.919902 0.014686 0
7593.279902 0.030731 0
7596.639902 0.025586 0
7599.999902 0.018283 0
7603.359902 0.044694 0
7606.719901 0.028765 0
7610.079901 0.024898 0
7613.439901 0.009427 0
7616.799901 0.026424 0
7620.159901 0.025511 0
7623.519901 0.020991 0
7626.879901 0.045906 0
7630.239901 0.018328 0
7633.599901 0.024068 0
7636.959901 0.037190 0
7640.319900 0.027486 0
7643.679900 0.041655 0
7647.039900 0.039524 0
7650.399900 0.039544 0
7653.759900 0.025708 0
7657.119900 0.037044 0
7660.479900 0.047626 0
7663.839900 0.021330 0
7667.199900 0.035388 0
7670.559900 0.042516 0
7673.919899 0.025855 0
7677.279899 0.033353 0
7680.639899 0.023498 0
7683.999899 0.040046 0
7687.359899 0.036959 0
7690.719899 0.027555 0
7694.079899 0.023767 0
7697.439899 0.045608 0
7700.799899 0.038590 0
7704.159898 0.048337 0
7707.519898 0.032136 0
7710.879898 0.030621 0
7714.239898 0.049635 0
7717.599898 0.004940 0
7720.959898 0.028541 0
7724.319898 0.028312 0
7727.679898 0.069908 0
7731.039898 0.038474 0
7734.399898 0.050487 0
7737.759897 0.033370 0
7741.119897 0.046383 0
7744.479897 0.065144 0
7747.839897 0.047041 0
7751.199897 0.032384 0
7754.559897 0.034307 0
7757.919897 0.010023 0
7761.279897 0.009081 0
7764.639897 0.031320 0
7767.999896 0.018685 0
7771.359896 0.025111 0
7774.719896 0.038072 0
7778.079896 0.043109 0
7781.439896 0.042445 0
7784.799896 0.036412 0
7788.159896 0.015633 0
7791.519896 0.048957 0
7794.879896 0.037097 0
7798.239896 0.005559 0
7801.599895 0.028514 0
7804.959895 0.036384 0
7808.319895 0.033004 0
7811.679895 0.015830 0
7815.039895 0.043962 0
7818.399895 0.048376 0
7821.759895 0.041707 0
7825.119895 0.024400 0
7828.479895 0.010779 0
7831.839894 0.034169 0
7835.199894 0.034718 0
7838.559894 0.023277 0
7841.919894 0.021249 0
7845.279894 0.018463 0
7848.639894 -0.010325 0
7851.999894 -0.003836 0
7855.359894 0.031230 0
7858.719894 0.012969 0
7862.079894 0.025169 0
7865.439893 0.042269 0
7868.799893 0.039236 0
7872.159893 0.059770 0
7875.519893 0.050857 0
7878.879893 0.035606 0
7882.239893 0.026209 0
7885.599893 0.039627 0
7888.959893 0.008889 0
7892.319893 0.059961 0
7895.679892 0.018517 0
7899.039892 0.022188 0
7902.399892 0.029091 0
7905.759892 0.034989 0
7909.119892 0.037770 0
7912.479892 0.059872 0
7915.839892 0.020296 0
7919.199892 0.028170 0
7922.559892 0.019188 0
7925.919892 0.018993 0
7929.279891 0.026893 0
7932.639891 0.044745 0
7935.999891 0.005293 0
7939.359891 0.023348 0
7942.719891 0.014624 0
7946.079891 0.054729 0
7949.439891 0.047369 0
7952.799891 0.022633 0
7956.159891 0.011180 0
7959.519890 0.018138 0
7962.879890 0.034983 0
7966.239890 0.000512 0
7969.599890 0.019474 0
7972.959890 0.015563 0
7976.319890 0.026717 0
7979.679890 0.027407 0
7983.039890 0.044657 0
7986.399890 0.054736 0
7989.759890 0.028227 0
7993.119889 0.046161 0
7996.479889 0.032198 0
7999.839889 -0.007393 0
8003.199889 0.026144 0
8006.559889 0.009001 0
8009.919889 0.045599 0
8013.279889 0.038237 0
8016.639889 0.024552 0
8019.999889 0.032856 0
8023.359888 0.037729 0
8026.719888 0.015235 0
8030.079888 0.000456 0
8033.439888 0.019979 0
8036.799888 0.041146 0
8040.159888 0.026182 0
8043.519888 0.024425 0
8046.879888 0.042481 0
8050.239888 0.022157 0
8053.599888 0.033095 0
8056.959887 0.008015 0
8060.319887 0.005293 0
8063.679887 0.031713 0
8067.039887 0.019066 0
8070.399887 0.012751 0
8073.759887 0.034216 0
8077.119887 0.031747 0
8080.479887 0.022689 0
8083.839887 0.031902 0
8087.199886 0.026703 0
8090.559886 0.024599 0
8093.919886 0.015277 0
8097.279886 0.024881 0
8100.639886 0.016439 0
8103.999886 0.016696 0
8107.359886 0.032606 0
8110.719886 0.038821 0
8114.079886 0.031181 0
8117.439886 0.040251 0
8120.799885 0.038233 0
8124.159885 0.019327 0
8127.519885 0.040343 0
8130.879885 0.031277 0
8134.239885 0.008609 0
8137.599885 0.032675 0
8140.959885 0.022417 0
8144.319885 0.015552 0
8147.679885 0.034550 0
8151.039885 0.012385 0
8154.399884 0.024035 0
8157.759884 0.013664 0
8161.119884 0.023192 0
8164.479884 0.014352 0
8167.839884 0.025265 0
8171.199884 0.033006 0
8174.559884 0.066202 0
8177.919884 0.088954 0
8181.279884 0.069515 0
8184.639883 0.043704 0
8187.999883 0.030515 0
8191.359883 0.017040 0
8194.719883 0.026984 0
8198.079883 0.021932 0
8201.439883 0.022514 0
8204.799883 0.028189 0
8208.159883 0.028440 0
8211.519883 0.033858 0
8214.879883 0.021551 0
8218.239882 0.020107 0
8221.599882 0.024954 0
8224.959882 0.016517 0
8228.319882 0.015733 0
8231.679882 0.027347 0
8235.039882 0.015338 0
8238.399882 0.021671 0
8241.759882 0.030063 0
8245.119882 0.008309 0
8248.479881 0.023419 0
8251.839881 0.017906 0
8255.199881 0.026261 0
8258.559881 0.029767 0
8261.919881 0.009868 0
8265.279881 0.017187 0
8268.639881 0.016658 0
8271.999881 0.021274 0
8275.359881 0.054370 0
8278.719881 -0.012439 0
8282.079880 0.014643 0
8285.439880 0.049102 0
8288.799880 0.019913 0
8292.159880 0.014026 0
8295.519880 0.080586 0
8298.879880 0.028939 0
8302.239880 -0.018477 0
8305.599880 0.004488 0
8308.959880 0.025236 0
8312.319879 0.044531 0
8315.679879 0.023045 0
8319.039879 0.009456 0
8322.399879 0.026760 0
8325.759879 0.025288 0
8329.119879 0.013418 0
8332.479879 0.036863 0
8335.839879 0.089563 0
8339.199879 0.131144 0
8342.559879 0.090381 0
8345.919878 0.122229 0
8349.279878 0.056762 0
8352.639878 0.006927 0
8355.999878 -0.034992 0
8359.359878 0.050616 0
8362.719878 0.027909 0
8366.079878 0.014643 0
8369.439878 0.007848 0
8372.799878 0.016542 0
8376.159877 0.034844 0
8379.519877 0.022820 0
8382.879877 0.010832 0
8386.239877 -0.006211 0
8389.599877 0.021541 0
8392.959877 0.005415 0
8396.319877 0.052275 0
8399.679877 0.054041 0
8403.039877 0.005859 0
8406.399877 0.013452 0
8409.759876 0.026232 0
8413.119876 0.054549 0
8416.479876 0.043677 0
8419.839876 0.122542 0
8423.199876 0.216824 0
8426.559876 0.183496 0
8429.919876 0.106648 0
8433.279876 -0.032096 0
8436.639876 -0.002497 0
8439.999875 0.025241 0
8443.359875 0.004873 0
8446.719875 0.016032 0
8450.079875 0.001614 0
8453.439875 -0.014299 0
8456.799875 0.021077 0
8460.159875 0.033441 0
8463.519875 0.020073 0
8466.879875 0.015843 0
8470.239875 -0.003557 0
8473.599874 0.002271 0
8476.959874 0.018315 0
8480.319874 0.019249 0
8483.679874 0.015164 0
8487.039874 0.028149 0
8490.399874 0.019054 0
8493.759874 0.030333 0
8497.119874 0.011603 0
8500.479874 -0.011798 0
8503.839873 -0.021773 0
8507.199873 0.018302 0
8510.559873 0.014753 0
8513.919873 0.028780 0
8517.279873 0.016854 0
8520.639873 0.007958 0
8523.999873 0.004859 0
8527.359873 0.008223 0
8530.719873 0.009184 0
8534.079873 0.007190 0
8537.439872 0.021597 0
8540.799872 0.023348 0
8544.159872 0.034036 0
8547.519872 0.023687 0
8550.879872 0.014878 0
8554.239872 0.013703 0
8557.599872 0.009910 0
8560.959872 0.002402 0
8564.319872 0.002909 0
8567.679871 0.002454 0
8571.039871 0.024948 0
8574.399871 0.023544 0
8577.759871 0.017320 0
8581.119871 0.006885 0
8584.479871 0.025395 0
8587.839871 0.006452 0
8591.199871 0.017690 0
8594.559871 0.015996 0
8597.919871 0.018106 0
8601.279870 0.017886 0
8604.639870 0.017097 0
8607.999870 0.021588 0
8611.359870 0.034089 0
8614.719870 0.014165 0
8618.079870 0.035280 0
8621.439870 0.016064 0
8624.799870 0.025748 0
8628.159870 0.014581 0
8631.519870 -0.004091 0
8634.879869 0.005528 0
8638.239869 0.042259 0
8641.599869 0.032738 0
8644.959869 0.031078 0
8648.319869 -0.005684 0
8651.679869 0.015336 0
8655.039869 0.018566 0
8658.399869 -0.000499 0
8661.759869 -0.002407 0
8665.119868 -0.053477 0
8668.479868 -0.015850 0
8671.839868 0.017974 0
8675.199868 -0.003003 0
8678.559868 0.014348 0
8681.919868 0.014979 0
8685.279868 -0.001709 0
8688.639868 -0.006721 0
8691.999868 0.011355 0
8695.359868 0.004273 0
8698.719867 0.020185 0
8702.079867 0.022001 0
8705.439867 0.009514 0
8708.799867 0.009083 0
8712.159867 0.003198 0
8715.519867 -0.008388 0
8718.879867 0.004639 0
8722.239867 0.013016 0
8725.599867 0.018482 0
8728.959866 -0.002441 0
8732.319866 0.016868 0
8735.679866 0.008945 0
8739.039866 0.032460 0
8742.399866 0.019358 0
8745.759866 -0.011660 0
8749.119866 -0.006683 0
8752.479866 0.017531 0
8755.839866 0.056708 0
8759.199866 0.056149 0
8762.559865 0.063334 0
8765.919865 -0.045456 0
8769.279865 -0.057500 0
8772.639865 0.004360 0
8775.999865 0.008621 0
8779.359865 0.024282 0
8782.719865 0.027900 0
8786.079865 -0.030971 0
8789.439865 0.036969 0
8792.799864 -0.001958 0
8796.159864 -0.020085 0
8799.519864 0.020013 0
8802.879864 0.016933 0
8806.239864 0.004608 0
8809.599864 0.009846 0
8812.959864 0.012748 0
8816.319864 0.038888 0
8819.679864 0.015358 0
8823.039864 0.075962 0
8826.399863 -0.026987 0
8829.759863 0.000669 0
8833.119863 -0.087348 0
8836.479863 -0.044693 0
8839.839863 0.000323 0
8843.199863 -0.001722 0
8846.559863 -0.001189 0
8849.919863 -0.016955 0
8853.279863 0.005680 0
8856.639862 0.017577 0
8859.999862 0.028656 0
8863.359862 0.018958 0
8866.719862 0.015356 0
8870.079862 0.023544 0
8873.439862 0.004482 0
8876.799862 0.018939 0
8880.159862 -0.041376 0
8883.519862 0.035900 0
8886.879862 0.049976 0
8890.239861 0.007384 0
8893.599861 0.053766 0
8896.959861 0.012075 0
8900.319861 -0.009524 0
8903.679861 0.026542 0
8907.039861 -0.013775 0
8910.399861 0.039952 0
8913.759861 0.013246 0
8917.119861 -0.064245 0
8920.479860 -0.064618 0
8923.839860 0.012024 0
8927.199860 -0.028471 0
8930.559860 -0.010138 0
8933.919860 -0.009544 0
8937.279860 0.007943 0
8940.639860 0.003442 0
8943.999860 -0.003121 0
8947.359860 -0.032632 0
8950.719860 0.023322 0
8954.079859 0.012343 0
8957.439859 0.059907 0
8960.799859 0.031233 0
8964.159859 -0.037267 0
8967.519859 -0.018500 0
8970.879859 0.014661 0
8974.239859 0.002004 0
8977.599859 0.009409 0
8980.959859 0.008506 0
8984.319858 0.018478 0
8987.679858 -0.008485 0
8991.039858 -0.026406 0
8994.399858 -0.031145 0
8997.759858 0.016428 0
9001.119858 0.021200 0
9004.479858 0.008318 0
9007.839858 0.002380 0
9011.199858 -0.003511 0
9014.559858 0.011172 0
9017.919857 -0.005058 0
9021.279857 0.021734 0
9024.639857 0.025750 0
9027.999857 -0.020405 0
9031.359857 -0.010006 0
9034.719857 0.000182 0
9038.079857 -0.000620 0
9041.439857 -0.012490 0
9044.799857 -0.009511 0
9048.159856 -0.021874 0
9051.519856 -0.015576 0
9054.879856 -0.006458 0
9058.239856 -0.007806 0
9061.599856 -0.000676 0
9064.959856 0.022152 0
9068.319856 0.009798 0
9071.679856 -0.025399 0
9075.039856 -0.015849 0
9078.399856 0.002090 0
9081.759855 0.001019 0
9085.119855 -0.008868 0
9088.479855 0.003753 0
9091.839855 -0.013646 0
9095.199855 -0.009954 0
9098.559855 -0.007907 0
9101.919855 -0.031083 0
9105.279855 -0.022098 0
9108.639855 0.011585 0
9111.999855 0.008726 0
9115.359854 -0.002734 0
9118.719854 -0.004267 0
9122.079854 0.010197 0
9125.439854 0.000663 0
9128.799854 -0.018726 0
9132.159854 0.003837 0
9135.519854 0.007255 0
9138.879854 0.006088 0
9142.239854 -0.009322 0
9145.599853 -0.026502 0
9148.959853 -0.002815 0
9152.319853 0.002708 0
9155.679853 0.005954 0
9159.039853 -0.012591 0
9162.399853 -0.020224 0
9165.759853 -0.002192 0
9169.119853 -0.013431 0
9172.479853 0.000556 0
9175.839853 -0.008993 0
9179.199852 -0.017555 0
9182.559852 0.013054 0
9185.919852 -0.009574 0
9189.279852 -0.022028 0
9192.639852 0.010477 0
9195.999852 0.015198 0
9199.359852 -0.023432 0
9202.719852 -0.018446 0
9206.079852 0.017613 0
9209.439851 0.009157 0
9212.799851 0.005818 0
9216.159851 0.047102 0
9219.519851 -0.022979 0
9222.879851 -0.032193 0
9226.239851 0.005927 0
9229.599851 0.009142 0
9232.959851 -0.011750 0
9236.319851 0.007142 0
9239.679851 -0.001441 0
9243.039850 0.003203 0
9246.399850 0.004600 0
9249.759850 -0.014629 0
