# obs: 255710
# slit: 10
# z: 0.80898
# lines: MgII,[OII],H8,K,H
# spec: 394
4451.680000 0.000000 1
4455.040000 0.000000 1
4458.400000 0.000000 1
4461.760000 0.000000 1
4465.120000 0.000000 1
4468.480000 0.000000 1
4471.840000 0.000000 1
4475.200000 0.000000 1
4478.560000 0.000000 1
4481.920000 0.042428 0
4485.280000 0.039673 0
4488.640000 0.044343 0
4492.000000 0.036141 0
4495.360000 0.014598 0
4498.720000 0.035768 0
4502.080000 0.020610 0
4505.440000 0.052800 0
4508.800000 0.014913 0
4512.160000 0.011516 0
4515.520000 0.049990 0
4518.880000 0.041379 0
4522.240000 0.037695 0
4525.600000 0.048625 0
4528.960000 0.058141 0
4532.320000 0.063067 0
4535.680000 0.042013 0
4539.040000 0.021446 0
4542.400000 0.044742 0
4545.760000 0.040410 0
4549.120000 0.034867 0
4552.480000 0.031203 0
4555.840000 0.013878 0
4559.200000 0.004429 0
4562.560000 0.015361 0
4565.920000 0.039702 0
4569.280000 0.046445 0
4572.640000 0.014288 0
4576.000000 0.047228 0
4579.360000 0.014839 0
4582.720000 0.017914 0
4586.080000 0.041670 0
4589.440000 0.000025 0
4592.800000 0.010080 0
4596.160000 0.022064 0
4599.520000 0.013307 0
4602.880000 0.010122 0
4606.240000 0.019994 0
4609.600000 0.023899 0
4612.960000 0.022014 0
4616.320000 0.041671 0
4619.680000 0.055521 0
4623.040000 0.028432 0
4626.400000 0.030698 0
4629.760000 0.047192 0
4633.120000 0.027831 0
4636.480000 0.018453 0
4639.840000 0.032376 0
4643.200000 0.061094 0
4646.560000 0.033991 0
4649.920000 0.034049 0
4653.280000 0.038256 0
4656.640000 0.058038 0
4660.000000 0.044343 0
4663.360000 0.027777 0
4666.720000 0.056706 0
4670.080000 0.078259 0
4673.440000 0.040004 0
4676.800000 0.034508 0
4680.160000 0.036667 0
4683.520000 0.009033 0
4686.880000 0.028861 0
4690.240000 0.027431 0
4693.600000 0.018542 0
4696.960000 0.026267 0
4700.320000 0.032233 0
4703.680000 0.036734 0
4707.040000 0.019562 0
4710.400000 0.016125 0
4713.760000 0.032500 0
4717.120000 0.028689 0
4720.480000 0.043883 0
4723.840000 0.036430 0
4727.200000 0.032673 0
4730.560000 0.042523 0
4733.920000 0.027195 0
4737.280000 0.048994 0
4740.640000 0.038917 0
4744.000000 0.032285 0
4747.360000 0.040481 0
4750.720000 0.036146 0
4754.080000 0.028778 0
4757.440000 0.033155 0
4760.800000 0.017607 0
4764.160000 0.053757 0
4767.520000 0.041836 0
4770.880000 0.014903 0
4774.240000 0.020641 0
4777.600000 0.030243 0
4780.960000 0.025520 0
4784.320000 0.059515 0
4787.680000 0.051638 0
4791.040000 0.047139 0
4794.400000 0.049120 0
4797.760000 0.020288 0
4801.120000 0.013775 0
4804.480000 0.023480 0
4807.840000 0.049771 0
4811.200000 0.054370 0
4814.560000 0.033161 0
4817.920000 0.041437 0
4821.280000 0.048845 0
4824.640000 0.024770 0
4828.000000 0.022293 0
4831.360000 0.030547 0
4834.720000 0.027267 0
4838.080000 0.041541 0
4841.440000 0.062418 0
4844.800000 0.041846 0
4848.160000 0.027137 0
4851.520000 0.031159 0
4854.880000 0.020559 0
4858.240000 0.032542 0
4861.600000 0.053660 0
4864.960000 0.025987 0
4868.320000 0.033538 0
4871.680000 0.039296 0
4875.040000 0.029475 0
4878.400000 0.029810 0
4881.760000 0.047294 0
4885.120000 0.026784 0
4888.480000 0.037398 0
4891.840000 0.034433 0
4895.200000 0.032485 0
4898.560000 0.060303 0
4901.920000 0.054600 0
4905.280000 0.029540 0
4908.640000 0.024726 0
4912.000000 0.037674 0
4915.360000 0.028117 0
4918.720000 0.043416 0
4922.080000 0.039066 0
4925.440000 0.030327 0
4928.800000 0.064902 0
4932.160000 0.042152 0
4935.520000 0.041540 0
4938.880000 0.042335 0
4942.240000 0.055342 0
4945.600000 0.038818 0
4948.960000 0.045868 0
4952.320000 0.050155 0
4955.680000 0.034444 0
4959.040000 0.037924 0
4962.400000 0.049875 0
4965.760000 0.024533 0
4969.120000 0.038619 0
4972.480000 0.052755 0
4975.840000 0.018414 0
4979.200000 0.025596 0
4982.560000 0.058812 0
4985.920000 0.035296 0
4989.280000 0.031456 0
4992.640000 0.050946 0
4996.000000 0.020803 0
4999.360000 0.037459 0
5002.720000 0.006600 0
5006.080000 0.041152 0
5009.440000 0.027044 0
5012.800000 0.030253 0
5016.160000 0.025764 0
5019.520000 0.036791 0
5022.880000 0.048528 0
5026.240000 0.039125 0
5029.600000 0.041645 0
5032.960000 0.041865 0
5036.320000 0.026542 0
5039.680000 0.034364 0
5043.040000 0.038814 0
5046.400000 0.055518 0
5049.760000 0.033392 0
5053.120000 0.020086 0
5056.480000 0.023365 0
5059.840000 0.027165 0
5063.200000 0.023094 0
5066.560000 0.040506 0
5069.920000 0.032897 0
5073.280000 0.026610 0
5076.640000 0.014638 0
5080.000000 0.029881 0
5083.360000 0.041473 0
5086.720000 0.057309 0
5090.080000 0.053926 0
5093.440000 0.031623 0
5096.800000 0.037788 0
5100.160000 0.044863 0
5103.520000 0.036517 0
5106.880000 0.039085 0
5110.240000 0.040173 0
5113.600000 0.042134 0
5116.960000 0.024725 0
5120.320000 0.027436 0
5123.680000 0.052214 0
5127.040000 0.041485 0
5130.400000 0.027463 0
5133.760000 0.026734 0
5137.120000 0.041414 0
5140.480000 0.022398 0
5143.840000 0.047697 0
5147.200000 0.054663 0
5150.560000 0.041967 0
5153.920000 0.033760 0
5157.280000 0.023717 0
5160.640000 0.070442 0
5164.000000 0.030178 0
5167.360000 0.026289 0
5170.720000 0.038953 0
5174.080000 0.039522 0
5177.440000 0.031721 0
5180.800000 0.048708 0
5184.160000 0.041134 0
5187.520000 0.037229 0
5190.880000 0.043727 0
5194.240000 0.034287 0
5197.600000 0.032110 0
5200.960000 0.037935 0
5204.320000 0.056249 0
5207.680000 0.059267 0
5211.040000 0.033407 0
5214.400000 0.037097 0
5217.760000 0.035470 0
5221.120000 0.050548 0
5224.480000 0.043469 0
5227.840000 0.043472 0
5231.200000 0.028151 0
5234.560000 0.033204 0
5237.920000 0.059433 0
5241.280000 0.058979 0
5244.640000 0.052544 0
5248.000000 0.058061 0
5251.360000 0.025249 0
5254.720000 0.026657 0
5258.080000 0.039179 0
5261.440000 0.063573 0
5264.800000 0.068106 0
5268.160000 0.037480 0
5271.520000 0.042401 0
5274.880000 0.019362 0
5278.240000 0.018907 0
5281.600000 0.049515 0
5284.960000 0.030237 0
5288.320000 0.020688 0
5291.680000 0.044175 0
5295.040000 0.024329 0
5298.400000 0.022362 0
5301.760000 0.037007 0
5305.120000 0.021853 0
5308.480000 0.043130 0
5311.840000 0.039933 0
5315.200000 0.044472 0
5318.560000 0.030994 0
5321.920000 0.054672 0
5325.280000 0.030682 0
5328.640000 0.054092 0
5332.000000 0.030708 0
5335.360000 0.043278 0
5338.720000 0.030478 0
5342.080000 0.033575 0
5345.440000 0.055962 0
5348.800000 0.053628 0
5352.160000 0.058455 0
5355.520000 0.025455 0
5358.880000 0.049989 0
5362.240000 0.045094 0
5365.600000 0.020008 0
5368.960000 0.058713 0
5372.320000 0.038838 0
5375.680000 0.024828 0
5379.040000 0.039273 0
5382.400000 0.041043 0
5385.760000 0.041033 0
5389.120000 0.021734 0
5392.480000 0.037383 0
5395.840000 0.043438 0
5399.200000 0.014407 0
5402.560000 0.026103 0
5405.920000 0.031373 0
5409.280000 0.054343 0
5412.640000 0.054095 0
5416.000000 0.047264 0
5419.360000 0.033640 0
5422.720000 0.038770 0
5426.080000 0.050143 0
5429.440000 0.037407 0
5432.800000 0.027371 0
5436.160000 0.031228 0
5439.520000 0.021696 0
5442.880000 0.026662 0
5446.240000 0.036158 0
5449.600000 0.032177 0
5452.960000 0.033256 0
5456.320000 0.039613 0
5459.680000 0.040560 0
5463.040000 0.029164 0
5466.400000 0.025964 0
5469.760000 0.020924 0
5473.120000 0.041907 0
5476.480000 0.040193 0
5479.840000 0.042041 0
5483.200000 0.051025 0
5486.560000 0.028376 0
5489.920000 0.044772 0
5493.280000 0.024939 0
5496.640000 0.038818 0
5500.000000 0.040831 0
5503.360000 0.037347 0
5506.720000 0.032076 0
5510.080000 0.051693 0
5513.440000 0.042626 0
5516.800000 0.030657 0
5520.160000 0.050527 0
5523.520000 0.043587 0
5526.880000 0.056497 0
5530.240000 0.040767 0
5533.600000 0.038509 0
5536.960000 0.014615 0
5540.320000 0.056902 0
5543.680000 0.038082 0
5547.040000 0.060536 0
5550.400000 0.051302 0
5553.760000 0.037880 0
5557.120000 0.043334 0
5560.480000 0.025762 0
5563.840000 0.047797 1
5567.200000 0.039167 1
5570.560000 -0.056287 1
5573.920000 0.052118 1
5577.280000 -0.000402 1
5580.640000 0.036627 1
5584.000000 0.065793 1
5587.360000 0.045979 1
5590.720000 0.067163 1
5594.080000 0.058851 1
5597.440000 0.041360 1
5600.800000 0.050498 1
5604.160000 0.032560 0
5607.520000 0.036295 0
5610.880000 0.031294 0
5614.240000 0.022872 0
5617.600000 0.047636 0
5620.960000 0.035447 0
5624.320000 0.032911 0
5627.680000 0.056674 0
5631.040000 0.064957 0
5634.400000 0.037788 0
5637.760000 0.056476 0
5641.120000 0.009098 0
5644.480000 0.037396 0
5647.840000 0.054537 0
5651.200000 0.046373 0
5654.560000 0.039328 0
5657.920000 0.054289 0
5661.280000 0.058311 0
5664.640000 0.044347 0
5668.000000 0.046946 0
5671.360000 0.048828 0
5674.720000 0.047399 0
5678.080000 0.046911 0
5681.440000 0.034679 0
5684.800000 0.055117 0
5688.160000 0.017636 0
5691.520000 0.038389 0
5694.880000 0.054306 0
5698.240000 0.053242 0
5701.600000 0.037015 0
5704.960000 0.023683 0
5708.320000 0.057792 0
5711.680000 0.046161 0
5715.040000 0.048015 0
5718.400000 0.020544 0
5721.760000 0.017360 0
5725.120000 0.046009 0
5728.480000 0.066579 0
5731.840000 0.043102 0
5735.200000 0.023597 0
5738.560000 0.045174 0
5741.920000 0.032996 0
5745.280000 0.054754 0
5748.640000 0.045881 0
5752.000000 0.024415 0
5755.360000 0.053365 0
5758.720000 0.054614 0
5762.080000 0.036975 0
5765.440000 0.036953 0
5768.800000 0.057392 0
5772.160000 0.040516 0
5775.520000 0.045824 0
5778.880000 0.045046 0
5782.240000 0.050116 0
5785.600000 0.046121 0
5788.960000 0.034886 0
5792.320000 0.031398 0
5795.680000 0.030493 0
5799.040000 0.011523 0
5802.400000 0.018380 0
5805.760000 0.038266 0
5809.120000 0.035216 0
5812.480000 0.036038 0
5815.840000 0.039224 0
5819.200000 0.037377 0
5822.560000 0.050284 0
5825.920000 0.036678 0
5829.280000 0.052198 0
5832.640000 0.044423 0
5836.000000 0.032892 0
5839.360000 0.045282 0
5842.720000 0.044648 0
5846.080000 0.041578 0
5849.440000 0.041220 0
5852.800000 0.051798 0
5856.160000 0.027627 0
5859.520000 0.044531 0
5862.880000 0.033992 0
5866.240000 0.028195 0
5869.600000 0.054333 0
5872.960000 0.050745 0
5876.320000 0.043170 0
5879.680000 0.042057 0
5883.040000 -0.023227 0
5886.400000 -0.000346 0
5889.760000 0.045647 0
5893.120000 0.057417 0
5896.480000 0.061403 0
5899.840000 0.022549 0
5903.200000 0.055665 0
5906.560000 0.060694 0
5909.920000 0.053489 0
5913.280000 0.071243 0
5916.640000 0.048191 0
5920.000000 0.030218 0
5923.360000 0.036853 0
5926.720000 0.031264 0
5930.080000 0.022473 0
5933.440000 0.038376 0
5936.800000 0.026373 0
5940.160000 0.020701 0
5943.520000 0.042030 0
5946.880000 0.046019 0
5950.240000 0.043157 0
5953.600000 0.048987 0
5956.960000 0.048864 0
5960.320000 0.053544 0
5963.680000 0.048367 0
5967.040000 0.048075 0
5970.400000 0.066046 0
5973.760000 0.054301 0
5977.120000 0.053987 0
5980.480000 0.033320 0
5983.840000 0.032525 0
5987.200000 0.020812 0
5990.560000 0.037576 0
5993.920000 0.038784 0
5997.280000 0.037917 0
6000.640000 0.063353 0
6004.000000 0.040311 0
6007.360000 0.020990 0
6010.720000 0.029732 0
6014.080000 0.047846 0
6017.440000 0.029301 0
6020.800000 0.060148 0
6024.160000 0.039901 0
6027.520000 0.046237 0
6030.880000 0.037538 0
6034.240000 0.045643 0
6037.600000 0.043041 0
6040.960000 0.036212 0
6044.320000 0.026815 0
6047.680000 0.038058 0
6051.040000 0.048190 0
6054.400000 0.047973 0
6057.760000 0.027908 0
6061.120000 0.042261 0
6064.480000 0.039338 0
6067.840000 0.036883 0
6071.200000 0.047655 0
6074.560000 0.044320 0
6077.920000 0.022366 0
6081.280000 0.026079 0
6084.640000 0.028387 0
6088.000000 0.043310 0
6091.360000 0.058284 0
6094.720000 0.048659 0
6098.080000 0.042356 0
6101.440000 0.032463 0
6104.800000 0.026548 0
6108.160000 0.019608 0
6111.520000 0.043425 0
6114.880000 0.037994 0
6118.240000 0.032050 0
6121.600000 0.037828 0
6124.960000 0.051745 0
6128.320000 0.038784 0
6131.680000 0.046276 0
6135.040000 0.046532 0
6138.400000 0.052795 0
6141.760000 0.050819 0
6145.120000 0.044726 0
6148.480000 0.026993 0
6151.840000 0.028875 0
6155.200000 0.034602 0
6158.560000 0.033763 0
6161.920000 0.026260 0
6165.280000 0.016695 0
6168.640000 0.040155 0
6172.000000 0.031207 0
6175.360000 0.020923 0
6178.720000 0.058464 0
6182.080000 0.050634 0
6185.440000 0.023755 0
6188.800000 0.057138 0
6192.160000 0.046265 0
6195.520000 0.044901 0
6198.880000 0.049360 0
6202.240000 0.035037 0
6205.600000 0.023338 0
6208.960000 0.040628 0
6212.320000 0.038841 0
6215.680000 0.052553 0
6219.040000 0.049613 0
6222.400000 0.035889 0
6225.760000 0.037997 0
6229.120000 0.049634 0
6232.480000 0.047269 0
6235.840000 0.025968 0
6239.200000 0.025697 0
6242.560000 0.066838 0
6245.920000 0.051014 0
6249.280000 0.027920 0
6252.640000 0.027154 0
6256.000000 0.024620 0
6259.360000 0.039478 0
6262.720000 0.046282 0
6266.080000 0.058119 0
6269.440000 0.044313 0
6272.800000 0.016593 0
6276.160000 0.055713 0
6279.520000 0.056624 0
6282.880000 0.037125 0
6286.240000 0.035845 0
6289.600000 0.015298 0
6292.960000 0.029608 0
6296.320000 0.067066 0
6299.680000 0.056056 0
6303.040000 0.023580 0
6306.400000 0.054577 0
6309.760000 0.040252 0
6313.120000 0.052457 0
6316.480000 0.048584 0
6319.840000 0.023418 0
6323.200000 0.050127 0
6326.560000 0.029757 0
6329.920000 0.039142 0
6333.280000 0.046616 0
6336.640000 0.033815 0
6340.000000 0.041149 0
6343.360000 0.041391 0
6346.720000 0.026832 0
6350.080000 0.022218 0
6353.440000 0.052344 0
6356.800000 0.036400 0
6360.160000 0.022104 0
6363.520000 0.020324 0
6366.880000 0.000870 0
6370.240000 0.017789 0
6373.600000 0.047344 0
6376.960000 0.039384 0
6380.320000 0.032130 0
6383.680000 0.037019 0
6387.040000 0.040610 0
6390.400000 0.042024 0
6393.760000 0.037450 0
6397.120000 0.025316 0
6400.480000 0.034555 0
6403.840000 0.044688 0
6407.200000 0.058779 0
6410.560000 0.038810 0
6413.920000 0.019912 0
6417.280000 0.023644 0
6420.640000 0.052498 0
6424.000000 0.048274 0
6427.360000 0.043244 0
6430.720000 0.038317 0
6434.080000 0.049709 0
6437.440000 0.046298 0
6440.800000 0.025939 0
6444.160000 0.033358 0
6447.520000 0.034734 0
6450.880000 0.044326 0
6454.240000 0.047070 0
6457.600000 0.039710 0
6460.960000 0.025197 0
6464.320000 0.041896 0
6467.680000 0.032962 0
6471.040000 0.031283 0
6474.400000 0.037230 0
6477.760000 0.015926 0
6481.120000 0.022270 0
6484.480000 0.034562 0
6487.840000 0.032885 0
6491.200000 0.041858 0
6494.560000 0.011977 0
6497.920000 0.010172 0
6501.280000 0.053945 0
6504.640000 0.055851 0
6508.000000 0.031714 0
6511.360000 0.048302 0
6514.720000 0.056551 0
6518.080000 0.023818 0
6521.440000 0.031895 0
6524.800000 0.040854 0
6528.160000 0.040511 0
6531.520000 0.039578 0
6534.880000 0.028303 0
6538.240000 0.045651 0
6541.600000 0.023622 0
6544.960000 0.022162 0
6548.320000 0.009232 0
6551.680000 0.029750 0
6555.040000 0.039161 0
6558.400000 0.025704 0
6561.760000 0.029780 0
6565.120000 0.030822 0
6568.480000 0.057524 0
6571.840000 0.021522 0
6575.200000 0.026914 0
6578.560000 0.029806 0
6581.920000 0.035060 0
6585.280000 0.051192 0
6588.640000 0.040870 0
6592.000000 0.034731 0
6595.360000 0.039108 0
6598.720000 0.037736 0
6602.080000 0.040810 0
6605.440000 0.026731 0
6608.800000 0.032159 0
6612.160000 0.039423 0
6615.520000 0.043982 0
6618.880000 0.040265 0
6622.240000 0.026449 0
6625.600000 0.041673 0
6628.960000 0.038560 0
6632.320000 0.035484 0
6635.680000 0.034315 0
6639.040000 0.044126 0
6642.400000 0.036815 0
6645.760000 0.031340 0
6649.120000 0.046090 0
6652.480000 0.050399 0
6655.840000 0.040119 0
6659.200000 0.026289 0
6662.560000 0.027908 0
6665.920000 0.039909 0
6669.280000 0.035442 0
6672.640000 0.036991 0
6676.000000 0.035944 0
6679.360000 0.023240 0
6682.720000 0.020841 0
6686.080000 0.038557 0
6689.440000 0.028376 0
6692.800000 0.036673 0
6696.160000 0.043701 0
6699.520000 0.049805 0
6702.880000 0.056394 0
6706.240000 0.052914 0
6709.600000 0.033793 0
6712.960000 0.040796 0
6716.320000 0.053152 0
6719.680000 0.040259 0
6723.040000 0.042282 0
6726.400000 0.060065 0
6729.760000 0.037807 0
6733.120000 0.037328 0
6736.480000 0.061119 0
6739.840000 0.051062 0
6743.200000 0.056235 0
6746.560000 0.094093 0
6749.920000 0.090943 0
6753.280000 0.067281 0
6756.640000 0.054468 0
6760.000000 0.030758 0
6763.360000 0.015697 0
6766.720000 0.029262 0
6770.080000 0.049807 0
6773.440000 0.046534 0
6776.800000 0.032569 0
6780.160000 0.038933 0
6783.520000 0.032911 0
6786.880000 0.039278 0
6790.240000 0.055622 0
6793.600000 0.041268 0
6796.960000 0.041979 0
6800.320000 0.047020 0
6803.680000 0.042289 0
6807.040000 0.040792 0
6810.400000 0.053282 0
6813.760000 0.056645 0
6817.120000 0.044222 0
6820.480000 0.039478 0
6823.840000 0.032820 0
6827.200000 0.012894 0
6830.560000 0.059673 0
6833.920000 0.017558 0
6837.280000 0.019425 0
6840.640000 0.055316 0
6844.000000 0.035040 0
6847.360000 0.057863 0
6850.720000 0.054678 0
6854.080000 0.062428 0
6857.440000 0.050085 0
6860.800000 0.036263 0
6864.160000 0.059688 0
6867.520000 0.039971 0
6870.880000 0.030853 0
6874.240000 0.022944 0
6877.600000 0.029227 0
6880.960000 0.055268 0
6884.320000 0.046188 0
6887.680000 0.051248 0
6891.040000 0.053838 0
6894.400000 0.058725 0
6897.760000 0.033169 0
6901.120000 0.067240 0
6904.480000 0.065333 0
6907.840000 0.040959 0
6911.200000 0.041008 0
6914.560000 0.050042 0
6917.920000 0.026646 0
6921.280000 0.019368 0
6924.640000 0.020493 0
6928.000000 0.016910 0
6931.360000 0.030593 0
6934.720000 0.055481 0
6938.080000 0.067586 0
6941.440000 0.037640 0
6944.800000 0.026984 0
6948.160000 0.054803 0
6951.520000 0.031758 0
6954.880000 0.018979 0
6958.240000 0.052472 0
6961.600000 0.028137 0
6964.960000 0.039708 0
6968.320000 0.041220 0
6971.680000 0.028565 0
6975.040000 0.046934 0
6978.400000 0.035565 0
6981.760000 0.038112 0
6985.120000 0.059040 0
6988.480000 0.062457 0
6991.840000 0.055637 0
6995.200000 0.053570 0
6998.560000 0.057430 0
7001.920000 0.063194 0
7005.280000 0.056577 0
7008.640000 0.073312 0
7012.000000 0.055902 0
7015.360000 0.059346 0
7018.720000 0.055785 0
7022.080000 0.046654 0
7025.440000 0.047669 0
7028.800000 0.052814 0
7032.160000 0.039016 0
7035.520000 0.035111 0
7038.880000 0.047439 0
7042.240000 0.039212 0
7045.600000 0.056116 0
7048.960000 0.048169 0
7052.320000 0.034418 0
7055.680000 0.055492 0
7059.040000 0.062107 0
7062.400000 0.039848 0
7065.760000 0.065546 0
7069.120000 0.058442 0
7072.480000 0.054565 0
7075.840000 0.039874 0
7079.200000 0.069644 0
7082.560000 0.071678 0
7085.920000 0.069308 0
7089.280000 0.067640 0
7092.640000 0.065846 0
7096.000000 0.074955 0
7099.360000 0.051904 0
7102.720000 0.053922 0
7106.080000 0.072141 0
7109.440000 0.043615 0
7112.800000 0.039511 0
7116.160000 0.033487 0
7119.520000 0.047984 0
7122.880000 0.048525 0
7126.240000 0.037878 0
7129.600000 0.021683 0
7132.960000 0.048684 0
7136.320000 0.053937 0
7139.680000 0.048436 0
7143.040000 0.080301 0
7146.400000 0.067763 0
7149.760000 0.061084 0
7153.120000 0.066275 0
7156.480000 0.051397 0
7159.840000 0.023918 0
7163.200000 0.045312 0
7166.560000 0.062574 0
7169.920000 0.055784 0
7173.280000 0.049056 0
7176.640000 0.036510 0
7180.000000 0.017804 0
7183.360000 0.028046 0
7186.720000 0.035819 0
7190.080000 0.039411 0
7193.440000 0.025414 0
7196.800000 0.038474 0
7200.160000 0.066234 0
7203.520000 0.060329 0
7206.880000 0.060524 0
7210.240000 0.061147 0
7213.600000 0.072542 0
7216.960000 0.072804 0
7220.320000 0.055772 0
7223.680000 0.053816 0
7227.040000 0.054725 0
7230.400000 0.044888 0
7233.760000 0.052790 0
7237.120000 0.046449 0
7240.480000 0.060427 0
7243.840000 0.055504 0
7247.200000 0.010388 0
7250.560000 0.086878 0
7253.920000 0.103374 0
7257.280000 0.075534 0
7260.640000 0.063805 0
7264.000000 0.088403 0
7267.360000 0.070178 0
7270.720000 0.051112 0
7274.080000 0.027369 0
7277.440000 0.048209 0
7280.800000 0.040228 0
7284.160000 0.037872 0
7287.520000 0.079373 0
7290.880000 0.088151 0
7294.240000 0.100215 0
7297.600000 0.052535 0
7300.960000 0.060587 0
7304.320000 0.044268 0
7307.680000 0.085601 0
7311.040000 0.080113 0
7314.400000 -0.004317 0
7317.760000 0.027866 0
7321.120000 0.084632 0
7324.480000 0.124193 0
7327.840000 0.051291 0
7331.200000 0.064352 0
7334.560000 0.056708 0
7337.920000 0.033195 0
7341.280000 0.076231 0
7344.640000 0.057359 0
7348.000000 0.054884 0
7351.360000 0.114449 0
7354.720000 0.068079 0
7358.080000 0.045980 0
7361.440000 0.098911 0
7364.800000 0.064845 0
7368.160000 0.066376 0
7371.520000 0.061877 0
7374.880000 0.074072 0
7378.240000 0.083577 0
7381.600000 0.069052 0
7384.960000 0.074887 0
7388.320000 0.035831 0
7391.680000 0.000000 1
7395.040000 0.000000 1
7398.400000 0.000000 1
7401.760000 0.000000 1
7405.120000 0.000000 1
7408.480000 0.000000 1
7411.840000 0.000000 1
7415.200000 0.000000 1
7418.560000 0.000000 1
7421.920000 0.000000 1
7425.280000 0.000000 1
7428.640000 0.000000 1
7432.000000 0.000000 1
7435.360000 0.000000 1
7438.720000 0.000000 1
7442.080000 0.000000 1
7445.440000 0.000000 1
7448.800000 0.000000 1
7452.160000 0.000000 1
7455.520000 0.000000 1
7458.880000 0.000000 1
7462.240000 0.000000 1
7465.600000 0.000000 1
7468.960000 0.000000 1
7472.320000 0.000000 1
7475.680000 0.000000 1
7479.040000 0.000000 1
7482.400000 0.000000 1
7485.760000 0.000000 1
7489.120000 0.000000 1
7492.480000 0.000000 1
7495.840000 0.000000 1
7499.200000 0.000000 1
7502.560000 0.000000 1
7505.920000 0.000000 1
7509.280000 0.000000 1
7512.640000 0.000000 1
7516.000000 0.000000 1
7519.360000 0.000000 1
7522.720000 0.000000 1
7526.080000 0.000000 1
7529.440000 0.000000 1
7532.800000 0.000000 1
7536.160000 0.000000 1
7539.520000 0.000000 1
7542.880000 0.000000 1
7546.240000 0.000000 1
7549.600000 0.000000 1
7552.960000 0.000000 1
7556.320000 0.000000 1
7559.680000 0.000000 1
7563.040000 0.000000 1
7566.400000 0.000000 1
7569.760000 0.000000 1
7573.120000 0.000000 1
7576.480000 0.000000 1
7579.840000 0.000000 1
7583.200000 0.000000 1
7586.560000 0.000000 1
7589.920000 0.000000 1
7593.280000 0.000000 1
7596.640000 0.000000 1
7600.000000 0.000000 1
7603.360000 0.000000 1
7606.720000 0.000000 1
7610.080000 0.000000 1
7613.440000 0.000000 1
7616.800000 0.000000 1
7620.160000 0.000000 1
7623.520000 0.000000 1
7626.880000 0.000000 1
7630.240000 0.000000 1
7633.600000 0.000000 1
7636.960000 0.000000 1
7640.320000 0.000000 1
7643.680000 0.000000 1
7647.040000 0.000000 1
7650.400000 0.000000 1
7653.760000 0.000000 1
7657.120000 0.000000 1
7660.480000 0.000000 1
7663.840000 0.000000 1
7667.200000 0.000000 1
7670.560000 0.000000 1
7673.920000 0.000000 1
7677.280000 0.000000 1
7680.640000 0.000000 1
7684.000000 0.000000 1
7687.360000 0.000000 1
7690.720000 0.000000 1
7694.080000 0.000000 1
7697.440000 0.000000 1
7700.800000 0.000000 1
7704.160000 0.000000 1
7707.520000 0.000000 1
7710.880000 0.000000 1
7714.240000 0.000000 1
7717.600000 0.000000 1
7720.960000 0.000000 1
7724.320000 0.000000 1
7727.680000 0.000000 1
7731.040000 0.000000 1
7734.400000 0.000000 1
7737.760000 0.000000 1
7741.120000 0.000000 1
7744.480000 0.000000 1
7747.840000 0.000000 1
7751.200000 0.000000 1
7754.560000 0.000000 1
7757.920000 0.000000 1
7761.280000 0.000000 1
7764.640000 0.000000 1
7768.000000 0.000000 1
7771.360000 0.000000 1
7774.720000 0.000000 1
7778.080000 0.000000 1
7781.440000 0.000000 1
7784.800000 0.000000 1
7788.160000 0.000000 1
7791.520000 0.000000 1
7794.880000 0.000000 1
7798.240000 0.000000 1
7801.600000 0.000000 1
7804.960000 0.000000 1
7808.320000 0.000000 1
7811.680000 0.000000 1
7815.040000 0.000000 1
7818.400000 0.000000 1
7821.760000 0.000000 1
7825.120000 0.000000 1
7828.480000 0.000000 1
7831.840000 0.000000 1
7835.200000 0.000000 1
7838.560000 0.000000 1
7841.920000 0.000000 1
7845.280000 0.000000 1
7848.640000 0.000000 1
7852.000000 0.000000 1
7855.360000 0.000000 1
7858.720000 0.000000 1
7862.080000 0.000000 1
7865.440000 0.000000 1
7868.800000 0.000000 1
7872.160000 0.000000 1
7875.520000 0.000000 1
7878.880000 0.000000 1
7882.240000 0.000000 1
7885.600000 0.000000 1
7888.960000 0.000000 1
7892.320000 0.000000 1
7895.680000 0.000000 1
7899.040000 0.000000 1
7902.400000 0.000000 1
7905.760000 0.000000 1
7909.120000 0.000000 1
7912.480000 0.000000 1
7915.840000 0.000000 1
7919.200000 0.000000 1
7922.560000 0.000000 1
7925.920000 0.000000 1
7929.280000 0.000000 1
7932.640000 0.000000 1
7936.000000 0.000000 1
7939.360000 0.000000 1
7942.720000 0.000000 1
7946.080000 0.000000 1
7949.440000 0.000000 1
7952.800000 0.000000 1
7956.160000 0.000000 1
7959.520000 0.000000 1
7962.880000 0.000000 1
7966.240000 0.000000 1
7969.600000 0.000000 1
7972.960000 0.000000 1
7976.320000 0.000000 1
7979.680000 0.000000 1
7983.040000 0.000000 1
7986.400000 0.000000 1
7989.760000 0.000000 1
7993.120000 0.000000 1
7996.480000 0.000000 1
7999.840000 0.000000 1
8003.200000 0.000000 1
8006.560000 0.000000 1
8009.920000 0.000000 1
8013.280000 0.000000 1
8016.640000 0.000000 1
8020.000000 0.000000 1
8023.360000 0.000000 1
8026.720000 0.000000 1
8030.080000 0.000000 1
8033.440000 0.000000 1
8036.800000 0.000000 1
8040.160000 0.000000 1
8043.520000 0.000000 1
8046.880000 0.000000 1
8050.240000 0.000000 1
8053.600000 0.000000 1
8056.960000 0.000000 1
8060.320000 0.000000 1
8063.680000 0.000000 1
8067.040000 0.000000 1
8070.400000 0.000000 1
8073.760000 0.000000 1
8077.120000 0.000000 1
8080.480000 0.000000 1
8083.840000 0.000000 1
8087.200000 0.000000 1
8090.560000 0.000000 1
8093.920000 0.000000 1
8097.280000 0.000000 1
8100.640000 0.000000 1
8104.000000 0.000000 1
8107.360000 0.000000 1
8110.720000 0.000000 1
8114.080000 0.000000 1
8117.440000 0.000000 1
8120.800000 0.000000 1
8124.160000 0.000000 1
8127.520000 0.000000 1
8130.880000 0.000000 1
8134.240000 0.000000 1
8137.600000 0.000000 1
8140.960000 0.000000 1
8144.320000 0.000000 1
8147.680000 0.000000 1
8151.040000 0.000000 1
8154.400000 0.000000 1
8157.760000 0.000000 1
8161.120000 0.000000 1
8164.480000 0.000000 1
8167.840000 0.000000 1
8171.200000 0.000000 1
8174.560000 0.000000 1
8177.920000 0.000000 1
8181.280000 0.000000 1
8184.640000 0.000000 1
8188.000000 0.000000 1
8191.360000 0.000000 1
8194.720000 0.000000 1
8198.080000 0.000000 1
8201.440000 0.000000 1
8204.800000 0.000000 1
8208.160000 0.000000 1
8211.520000 0.000000 1
8214.880000 0.000000 1
8218.240000 0.000000 1
8221.600000 0.000000 1
8224.960000 0.000000 1
8228.320000 0.000000 1
8231.680000 0.000000 1
8235.040000 0.000000 1
8238.400000 0.000000 1
8241.760000 0.000000 1
8245.120000 0.000000 1
8248.480000 0.000000 1
8251.840000 0.000000 1
8255.200000 0.000000 1
8258.560000 0.000000 1
8261.920000 0.000000 1
8265.280000 0.000000 1
8268.640000 0.000000 1
8272.000000 0.000000 1
8275.360000 0.000000 1
8278.720000 0.000000 1
8282.080000 0.000000 1
8285.440000 0.000000 1
8288.800000 0.000000 1
8292.160000 0.000000 1
8295.520000 0.000000 1
8298.880000 0.000000 1
8302.240000 0.000000 1
8305.600000 0.000000 1
8308.960000 0.000000 1
8312.320000 0.000000 1
8315.680000 0.000000 1
8319.040000 0.000000 1
8322.400000 0.000000 1
8325.760000 0.000000 1
8329.120000 0.000000 1
8332.480000 0.000000 1
8335.840000 0.000000 1
8339.200000 0.000000 1
8342.560000 0.000000 1
8345.920000 0.000000 1
8349.280000 0.000000 1
8352.640000 0.000000 1
8356.000000 0.000000 1
8359.360000 0.000000 1
8362.720000 0.000000 1
8366.080000 0.000000 1
8369.440000 0.000000 1
8372.800000 0.000000 1
8376.160000 0.000000 1
8379.520000 0.000000 1
8382.880000 0.000000 1
8386.240000 0.000000 1
8389.600000 0.000000 1
8392.960000 0.000000 1
8396.320000 0.000000 1
8399.680000 0.000000 1
8403.040000 0.000000 1
8406.400000 0.000000 1
8409.760000 0.000000 1
8413.120000 0.000000 1
8416.480000 0.000000 1
8419.840000 0.000000 1
8423.200000 0.000000 1
8426.560000 0.000000 1
8429.920000 0.000000 1
8433.280000 0.000000 1
8436.640000 0.000000 1
8440.000000 0.000000 1
8443.360000 0.000000 1
8446.720000 0.000000 1
8450.080000 0.000000 1
8453.440000 0.000000 1
8456.800000 0.000000 1
8460.160000 0.000000 1
8463.520000 0.000000 1
8466.880000 0.000000 1
8470.240000 0.000000 1
8473.600000 0.000000 1
8476.960000 0.000000 1
8480.320000 0.000000 1
8483.680000 0.000000 1
8487.040000 0.000000 1
8490.400000 0.000000 1
8493.760000 0.000000 1
8497.120000 0.000000 1
8500.480000 0.000000 1
8503.840000 0.000000 1
8507.200000 0.000000 1
8510.560000 0.000000 1
8513.920000 0.000000 1
8517.280000 0.000000 1
8520.640000 0.000000 1
8524.000000 0.000000 1
8527.360000 0.000000 1
8530.720000 0.000000 1
8534.080000 0.000000 1
8537.440000 0.000000 1
8540.800000 0.000000 1
8544.160000 0.000000 1
8547.520000 0.000000 1
8550.880000 0.000000 1
8554.240000 0.000000 1
8557.600000 0.000000 1
8560.960000 0.000000 1
8564.320000 0.000000 1
8567.680000 0.000000 1
8571.040000 0.000000 1
8574.400000 0.000000 1
8577.760000 0.000000 1
8581.120000 0.000000 1
8584.480000 0.000000 1
8587.840000 0.000000 1
8591.200000 0.000000 1
8594.560000 0.000000 1
8597.920000 0.000000 1
8601.280000 0.000000 1
8604.640000 0.000000 1
8608.000000 0.000000 1
8611.360000 0.000000 1
8614.720000 0.000000 1
8618.080000 0.000000 1
8621.440000 0.000000 1
8624.800000 0.000000 1
8628.160000 0.000000 1
8631.520000 0.000000 1
8634.880000 0.000000 1
8638.240000 0.000000 1
8641.600000 0.000000 1
8644.960000 0.000000 1
8648.320000 0.000000 1
8651.680000 0.000000 1
8655.040000 0.000000 1
8658.400000 0.000000 1
8661.760000 0.000000 1
8665.120000 0.000000 1
8668.480000 0.000000 1
8671.840000 0.000000 1
8675.200000 0.000000 1
8678.560000 0.000000 1
8681.920000 0.000000 1
8685.280000 0.000000 1
8688.640000 0.000000 1
8692.000000 0.000000 1
8695.360000 0.000000 1
8698.720000 0.000000 1
8702.080000 0.000000 1
8705.440000 0.000000 1
8708.800000 0.000000 1
8712.160000 0.000000 1
8715.520000 0.000000 1
8718.880000 0.000000 1
8722.240000 0.000000 1
8725.600000 0.000000 1
8728.960000 0.000000 1
8732.320000 0.000000 1
8735.680000 0.000000 1
8739.040000 0.000000 1
8742.400000 0.000000 1
8745.760000 0.000000 1
8749.120000 0.000000 1
8752.480000 0.000000 1
8755.840000 0.000000 1
8759.200000 0.000000 1
8762.560000 0.000000 1
8765.920000 0.000000 1
8769.280000 0.000000 1
8772.640000 0.000000 1
8776.000000 0.000000 1
8779.360000 0.000000 1
8782.720000 0.000000 1
8786.080000 0.000000 1
8789.440000 0.000000 1
8792.800000 0.000000 1
8796.160000 0.000000 1
8799.520000 0.000000 1
8802.880000 0.000000 1
8806.240000 0.000000 1
8809.600000 0.000000 1
8812.960000 0.000000 1
8816.320000 0.000000 1
8819.680000 0.000000 1
8823.040000 0.000000 1
8826.400000 0.000000 1
8829.760000 0.000000 1
8833.120000 0.000000 1
8836.480000 0.000000 1
8839.840000 0.000000 1
8843.200000 0.000000 1
8846.560000 0.000000 1
8849.920000 0.000000 1
8853.280000 0.000000 1
8856.640000 0.000000 1
8860.000000 0.000000 1
8863.360000 0.000000 1
8866.720000 0.000000 1
8870.080000 0.000000 1
8873.440000 0.000000 1
8876.800000 0.000000 1
8880.160000 0.000000 1
8883.520000 0.000000 1
8886.880000 0.000000 1
8890.240000 0.000000 1
8893.600000 0.000000 1
8896.960000 0.000000 1
8900.320000 0.000000 1
8903.680000 0.000000 1
8907.040000 0.000000 1
8910.400000 0.000000 1
8913.760000 0.000000 1
8917.120000 0.000000 1
8920.480000 0.000000 1
8923.840000 0.000000 1
8927.200000 0.000000 1
8930.560000 0.000000 1
8933.920000 0.000000 1
8937.280000 0.000000 1
8940.640000 0.000000 1
8944.000000 0.000000 1
8947.360000 0.000000 1
8950.720000 0.000000 1
8954.080000 0.000000 1
8957.440000 0.000000 1
8960.800000 0.000000 1
8964.160000 0.000000 1
8967.520000 0.000000 1
8970.880000 0.000000 1
8974.240000 0.000000 1
8977.600000 0.000000 1
8980.960000 0.000000 1
8984.320000 0.000000 1
8987.680000 0.000000 1
8991.040000 0.000000 1
8994.400000 0.000000 1
8997.760000 0.000000 1
9001.120000 0.000000 1
9004.480000 0.000000 1
9007.840000 0.000000 1
9011.200000 0.000000 1
9014.560000 0.000000 1
9017.920000 0.000000 1
9021.280000 0.000000 1
9024.640000 0.000000 1
9028.000000 0.000000 1
9031.360000 0.000000 1
9034.720000 0.000000 1
9038.080000 0.000000 1
9041.440000 0.000000 1
9044.800000 0.000000 1
9048.160000 0.000000 1
9051.520000 0.000000 1
9054.880000 0.000000 1
9058.240000 0.000000 1
9061.600000 0.000000 1
9064.960000 0.000000 1
9068.320000 0.000000 1
9071.680000 0.000000 1
9075.040000 0.000000 1
9078.400000 0.000000 1
9081.760000 0.000000 1
9085.120000 0.000000 1
9088.480000 0.000000 1
9091.840000 0.000000 1
9095.200000 0.000000 1
9098.560000 0.000000 1
9101.920000 0.000000 1
9105.280000 0.000000 1
9108.640000 0.000000 1
9112.000000 0.000000 1
9115.360000 0.000000 1
9118.720000 0.000000 1
9122.080000 0.000000 1
9125.440000 0.000000 1
9128.800000 0.000000 1
9132.160000 0.000000 1
9135.520000 0.000000 1
9138.880000 0.000000 1
9142.240000 0.000000 1
9145.600000 0.000000 1
9148.960000 0.000000 1
9152.320000 0.000000 1
9155.680000 0.000000 1
9159.040000 0.000000 1
9162.400000 0.000000 1
9165.760000 0.000000 1
9169.120000 0.000000 1
9172.480000 0.000000 1
9175.840000 0.000000 1
9179.200000 0.000000 1
9182.560000 0.000000 1
9185.920000 0.000000 1
9189.280000 0.000000 1
9192.640000 0.000000 1
9196.000000 0.000000 1
9199.360000 0.000000 1
9202.720000 0.000000 1
9206.080000 0.000000 1
9209.440000 0.000000 1
9212.800000 0.000000 1
9216.160000 0.000000 1
9219.520000 0.000000 1
9222.880000 0.000000 1
9226.240000 0.000000 1
9229.600000 0.000000 1
9232.960000 0.000000 1
9236.320000 0.000000 1
9239.680000 0.000000 1
9243.040000 0.000000 1
9246.400000 0.000000 1
9249.760000 0.000000 1
