# obs: 255739-43
# slit: 35
# z: 0.82660
# lines: [OII],H9,K,H{beta},[OIII]
# spec: 109
4451.680000 0.000000 1
4455.040000 0.000000 1
4458.400000 0.000000 1
4461.760000 0.000000 1
4465.120000 0.000000 1
4468.480000 0.000000 1
4471.840000 0.000000 1
4475.200000 0.000000 1
4478.560000 0.000000 1
4481.920000 0.000000 1
4485.280000 0.000000 1
4488.640000 0.000000 1
4492.000000 0.000000 1
4495.360000 0.000641 1
4498.720000 0.003545 1
4502.080000 0.006471 1
4505.440000 0.013242 1
4508.800000 0.011270 1
4512.160000 0.011745 1
4515.520000 0.018916 1
4518.880000 0.012781 1
4522.240000 0.020137 1
4525.600000 0.019219 1
4528.960000 0.010275 1
4532.320000 0.023151 1
4535.680000 0.013018 1
4539.040000 0.006123 1
4542.400000 0.015173 1
4545.760000 0.013652 1
4549.120000 0.012509 1
4552.480000 0.014066 0
4555.840000 0.015420 0
4559.200000 0.007712 0
4562.560000 0.010303 0
4565.920000 0.018667 0
4569.280000 0.019788 0
4572.640000 0.019775 0
4576.000000 0.009049 0
4579.360000 0.017194 0
4582.720000 0.008863 0
4586.080000 0.011657 0
4589.440000 0.018553 0
4592.800000 0.008678 0
4596.160000 0.016186 0
4599.520000 0.018878 0
4602.880000 0.009109 0
4606.240000 0.016519 0
4609.600000 0.015419 0
4612.960000 0.022120 0
4616.320000 0.020016 0
4619.680000 0.012991 0
4623.040000 0.010802 0
4626.400000 0.009257 0
4629.760000 0.015143 0
4633.120000 0.012291 0
4636.480000 0.014408 0
4639.840000 0.007808 0
4643.200000 0.016462 0
4646.560000 0.011554 0
4649.920000 0.015938 0
4653.280000 0.018389 0
4656.640000 0.011445 0
4660.000000 0.004692 0
4663.360000 0.014122 0
4666.720000 0.017945 0
4670.080000 0.024261 0
4673.440000 0.014176 0
4676.800000 0.008430 0
4680.160000 0.020133 0
4683.520000 0.010179 0
4686.880000 0.015851 0
4690.240000 0.020462 0
4693.600000 0.020599 0
4696.960000 0.011101 0
4700.320000 0.009934 0
4703.680000 0.015382 0
4707.040000 0.015936 0
4710.400000 0.011997 0
4713.760000 0.013021 0
4717.120000 0.016789 0
4720.480000 0.010581 0
4723.840000 0.011904 0
4727.200000 0.007420 0
4730.560000 0.012477 0
4733.920000 0.012267 0
4737.280000 0.020269 0
4740.640000 0.016365 0
4744.000000 0.010468 0
4747.360000 0.002701 0
4750.720000 0.002609 0
4754.080000 0.018110 0
4757.440000 0.015061 0
4760.800000 0.013901 0
4764.160000 0.014932 0
4767.520000 0.007996 0
4770.880000 0.013984 0
4774.240000 0.014832 0
4777.600000 0.014982 0
4780.960000 0.009465 0
4784.320000 0.014651 0
4787.680000 0.020167 0
4791.040000 0.011838 0
4794.400000 0.012393 0
4797.760000 0.012971 0
4801.120000 0.013706 0
4804.480000 0.016051 0
4807.840000 0.013423 0
4811.200000 0.012243 0
4814.560000 0.018902 0
4817.920000 0.010949 0
4821.280000 0.016670 0
4824.640000 0.019405 0
4828.000000 0.020548 0
4831.360000 0.016217 0
4834.720000 0.016357 0
4838.080000 0.023036 0
4841.440000 0.019108 0
4844.800000 0.008928 0
4848.160000 0.021898 0
4851.520000 0.017215 0
4854.880000 0.011334 0
4858.240000 0.015956 0
4861.600000 0.012989 0
4864.960000 0.018126 0
4868.320000 0.015634 0
4871.680000 0.018644 0
4875.040000 0.006044 0
4878.400000 0.014228 0
4881.760000 0.015888 0
4885.120000 0.025353 0
4888.480000 0.017868 0
4891.840000 0.006407 0
4895.200000 0.013899 0
4898.560000 0.021766 0
4901.920000 0.014565 0
4905.280000 0.015391 0
4908.640000 0.011329 0
4912.000000 0.001338 0
4915.360000 0.018435 0
4918.720000 0.017143 0
4922.080000 0.013681 0
4925.440000 0.015740 0
4928.800000 0.015614 0
4932.160000 0.008023 0
4935.520000 0.016837 0
4938.880000 0.016687 0
4942.240000 0.017637 0
4945.600000 0.020125 0
4948.960000 0.016045 0
4952.320000 0.007601 0
4955.680000 0.012231 0
4959.040000 0.011547 0
4962.400000 0.021041 0
4965.760000 0.023232 0
4969.120000 0.014272 0
4972.480000 0.021155 0
4975.840000 0.016287 0
4979.200000 0.008396 0
4982.560000 0.015568 0
4985.920000 0.019806 0
4989.280000 0.009868 0
4992.640000 0.019803 0
4996.000000 0.012653 0
4999.360000 0.014855 0
5002.720000 0.013023 0
5006.080000 0.012733 0
5009.440000 0.024631 0
5012.800000 0.017273 0
5016.160000 0.019467 0
5019.520000 0.014894 0
5022.880000 0.010752 0
5026.240000 0.014648 0
5029.600000 0.010045 0
5032.960000 0.012749 0
5036.320000 0.009179 0
5039.680000 0.012742 0
5043.040000 0.015606 0
5046.400000 0.016199 0
5049.760000 0.014325 0
5053.120000 0.006633 0
5056.480000 0.017034 0
5059.840000 0.018393 0
5063.200000 0.006487 0
5066.560000 0.009665 0
5069.920000 0.008561 0
5073.280000 0.022019 0
5076.640000 0.020456 0
5080.000000 0.008556 0
5083.360000 0.013352 0
5086.720000 0.016243 0
5090.080000 0.012163 0
5093.440000 0.005815 0
5096.800000 0.010635 0
5100.160000 0.003190 0
5103.520000 0.013880 0
5106.880000 0.015066 0
5110.240000 0.003429 0
5113.600000 0.014470 0
5116.960000 0.008619 0
5120.320000 0.011337 0
5123.680000 0.016192 0
5127.040000 0.011913 0
5130.400000 0.014210 0
5133.760000 0.013890 0
5137.120000 0.008362 0
5140.480000 0.020363 0
5143.840000 0.015454 0
5147.200000 0.012585 0
5150.560000 0.014322 0
5153.920000 0.011711 0
5157.280000 0.014258 0
5160.640000 0.013771 0
5164.000000 0.017163 0
5167.360000 0.010448 0
5170.720000 0.019339 0
5174.080000 0.004839 0
5177.440000 0.013118 0
5180.800000 0.012775 0
5184.160000 0.008316 0
5187.520000 0.008952 0
5190.880000 0.012905 0
5194.240000 0.009154 0
5197.600000 0.011567 0
5200.960000 0.012870 0
5204.320000 0.004067 0
5207.680000 0.005192 0
5211.040000 0.009859 0
5214.400000 0.016552 0
5217.760000 0.012877 0
5221.120000 0.010950 0
5224.480000 0.014180 0
5227.840000 0.014947 0
5231.200000 0.005845 0
5234.560000 0.003835 0
5237.920000 0.007350 0
5241.280000 0.007550 0
5244.640000 0.016614 0
5248.000000 0.008150 0
5251.360000 0.010148 0
5254.720000 0.013139 0
5258.080000 0.007614 0
5261.440000 0.014934 0
5264.800000 0.014028 0
5268.160000 0.009637 0
5271.520000 0.015832 0
5274.880000 -0.002672 0
5278.240000 0.014098 0
5281.600000 0.016983 0
5284.960000 0.010906 0
5288.320000 0.019456 0
5291.680000 0.005559 0
5295.040000 0.008451 0
5298.400000 0.009882 0
5301.760000 0.005427 0
5305.120000 0.007104 0
5308.480000 0.010050 0
5311.840000 0.014696 0
5315.200000 0.020469 0
5318.560000 0.018401 0
5321.920000 0.014304 0
5325.280000 0.011675 0
5328.640000 0.012303 0
5332.000000 0.014088 0
5335.360000 0.013389 0
5338.720000 0.012001 0
5342.080000 0.010569 0
5345.440000 0.015290 0
5348.800000 0.009773 0
5352.160000 0.014612 0
5355.520000 0.005968 0
5358.880000 0.010040 0
5362.240000 0.017771 0
5365.600000 0.010522 0
5368.960000 0.014723 0
5372.320000 0.013209 0
5375.680000 0.011463 0
5379.040000 0.008839 0
5382.400000 0.014598 0
5385.760000 0.011030 0
5389.120000 0.009510 0
5392.480000 0.009077 0
5395.840000 0.002748 0
5399.200000 0.001744 0
5402.560000 0.007465 0
5405.920000 0.013157 0
5409.280000 0.012652 0
5412.640000 0.014563 0
5416.000000 0.012501 0
5419.360000 0.006162 0
5422.720000 0.011060 0
5426.080000 0.008107 0
5429.440000 0.010080 0
5432.800000 0.006706 0
5436.160000 0.009255 0
5439.520000 0.012432 0
5442.880000 0.010203 0
5446.240000 0.014058 0
5449.600000 0.012097 0
5452.960000 0.006979 0
5456.320000 0.007949 0
5459.680000 0.006950 0
5463.040000 0.008650 0
5466.400000 0.017549 0
5469.760000 0.011258 0
5473.120000 0.012086 0
5476.480000 0.009893 0
5479.840000 0.014633 0
5483.200000 0.014933 0
5486.560000 0.019350 0
5489.920000 0.012553 0
5493.280000 0.014019 0
5496.640000 0.014038 0
5500.000000 0.005767 0
5503.360000 0.003205 0
5506.720000 0.009689 0
5510.080000 0.018527 0
5513.440000 0.012670 0
5516.800000 0.011678 0
5520.160000 0.007714 0
5523.520000 0.016129 0
5526.880000 0.013552 0
5530.240000 0.009971 0
5533.600000 0.010299 0
5536.960000 0.014634 0
5540.320000 0.013529 0
5543.680000 0.016225 0
5547.040000 0.005600 0
5550.400000 0.008889 0
5553.760000 0.013269 0
5557.120000 0.010996 0
5560.480000 0.005170 0
5563.840000 0.010457 1
5567.200000 0.017109 1
5570.560000 0.023504 1
5573.920000 0.023029 1
5577.280000 -0.025774 1
5580.640000 0.001697 1
5584.000000 -0.005291 1
5587.360000 0.012859 1
5590.720000 0.010394 1
5594.080000 0.012424 1
5597.440000 0.018583 0
5600.800000 0.013289 0
5604.160000 0.013523 0
5607.520000 0.010561 0
5610.880000 0.011245 0
5614.240000 -0.000665 0
5617.600000 0.004886 0
5620.960000 0.007459 0
5624.320000 0.009829 0
5627.680000 0.011425 0
5631.040000 0.008674 0
5634.400000 0.008118 0
5637.760000 0.010709 0
5641.120000 0.011911 0
5644.480000 0.012111 0
5647.840000 0.009067 0
5651.200000 0.010557 0
5654.560000 0.007756 0
5657.920000 0.011253 0
5661.280000 0.014801 0
5664.640000 0.009769 0
5668.000000 0.009789 0
5671.360000 0.012303 0
5674.720000 0.012575 0
5678.080000 0.011879 0
5681.440000 0.011594 0
5684.800000 0.013440 0
5688.160000 0.015167 0
5691.520000 0.006493 0
5694.880000 0.006939 0
5698.240000 0.008780 0
5701.600000 0.014510 0
5704.960000 0.015842 0
5708.320000 0.011238 0
5711.680000 0.012636 0
5715.040000 0.010962 0
5718.400000 0.009601 0
5721.760000 0.009543 0
5725.120000 0.014501 0
5728.480000 0.012091 0
5731.840000 0.014117 0
5735.200000 0.010747 0
5738.560000 0.004035 0
5741.920000 0.011643 0
5745.280000 0.015083 0
5748.640000 0.012920 0
5752.000000 0.011595 0
5755.360000 0.016869 0
5758.720000 0.018094 0
5762.080000 0.013115 0
5765.440000 0.008527 0
5768.800000 0.012660 0
5772.160000 0.010155 0
5775.520000 0.006765 0
5778.880000 0.007854 0
5782.240000 0.010382 0
5785.600000 0.017284 0
5788.960000 0.010123 0
5792.320000 0.010450 0
5795.680000 0.016891 0
5799.040000 0.014487 0
5802.400000 0.010984 0
5805.760000 0.015894 0
5809.120000 0.009412 0
5812.480000 0.019712 0
5815.840000 0.016515 0
5819.200000 0.009227 0
5822.560000 0.012635 0
5825.920000 0.010760 0
5829.280000 0.018961 0
5832.640000 0.016165 0
5836.000000 0.006356 0
5839.360000 0.009782 0
5842.720000 0.011261 0
5846.080000 0.009921 0
5849.440000 0.013814 0
5852.800000 0.017921 0
5856.160000 0.012871 0
5859.520000 0.016555 0
5862.880000 0.006556 0
5866.240000 0.007011 0
5869.600000 0.009896 0
5872.960000 0.011707 0
5876.320000 0.005575 0
5879.680000 0.006444 0
5883.040000 0.012757 0
5886.400000 0.012175 0
5889.760000 0.013109 0
5893.120000 0.013566 0
5896.480000 0.006420 0
5899.840000 0.014343 0
5903.200000 0.015860 0
5906.560000 0.007117 0
5909.920000 0.013481 0
5913.280000 0.013665 0
5916.640000 0.010513 0
5920.000000 0.013230 0
5923.360000 0.014563 0
5926.720000 0.014740 0
5930.080000 0.010060 0
5933.440000 0.005033 0
5936.800000 0.012264 0
5940.160000 0.004552 0
5943.520000 0.009307 0
5946.880000 0.010356 0
5950.240000 0.018250 0
5953.600000 0.016622 0
5956.960000 0.019024 0
5960.320000 0.003865 0
5963.680000 0.009719 0
5967.040000 0.019830 0
5970.400000 0.010653 0
5973.760000 0.010503 0
5977.120000 0.007862 0
5980.480000 0.012925 0
5983.840000 0.010184 0
5987.200000 0.009274 0
5990.560000 0.011249 0
5993.920000 0.007863 0
5997.280000 0.009201 0
6000.640000 0.020545 0
6004.000000 0.008194 0
6007.360000 0.005138 0
6010.720000 0.004096 0
6014.080000 0.013115 0
6017.440000 0.015457 0
6020.800000 0.008242 0
6024.160000 0.006232 0
6027.520000 0.011831 0
6030.880000 0.011873 0
6034.240000 0.016257 0
6037.600000 0.006956 0
6040.960000 0.002972 0
6044.320000 0.005699 0
6047.680000 0.009214 0
6051.040000 0.012058 0
6054.400000 0.008162 0
6057.760000 0.012987 0
6061.120000 0.012346 0
6064.480000 0.016276 0
6067.840000 0.009324 0
6071.200000 0.010070 0
6074.560000 0.011816 0
6077.920000 0.011488 0
6081.280000 0.012764 0
6084.640000 0.010458 0
6088.000000 0.003453 0
6091.360000 0.007250 0
6094.720000 0.002458 0
6098.080000 0.008393 0
6101.440000 0.009884 0
6104.800000 0.009893 0
6108.160000 0.008449 0
6111.520000 0.011657 0
6114.880000 0.011918 0
6118.240000 0.014611 0
6121.600000 0.009815 0
6124.960000 0.008285 0
6128.320000 0.011257 0
6131.680000 0.013053 0
6135.040000 0.006190 0
6138.400000 0.006709 0
6141.760000 0.004031 0
6145.120000 0.013893 0
6148.480000 0.017028 0
6151.840000 0.005604 0
6155.200000 0.002941 0
6158.560000 0.005144 0
6161.920000 0.010031 0
6165.280000 0.011480 0
6168.640000 0.010391 0
6172.000000 0.009631 0
6175.360000 0.007712 0
6178.720000 0.015033 0
6182.080000 0.007926 0
6185.440000 0.010717 0
6188.800000 0.010851 0
6192.160000 0.012357 0
6195.520000 0.010374 0
6198.880000 0.011437 0
6202.240000 0.006587 0
6205.600000 0.006882 0
6208.960000 0.008462 0
6212.320000 0.001119 0
6215.680000 0.007661 0
6219.040000 0.006601 0
6222.400000 0.012511 0
6225.760000 0.014790 0
6229.120000 0.009003 0
6232.480000 0.010437 0
6235.840000 0.012200 0
6239.200000 0.013264 0
6242.560000 0.014073 0
6245.920000 0.006591 0
6249.280000 0.010447 0
6252.640000 0.011176 0
6256.000000 0.010380 0
6259.360000 0.004398 0
6262.720000 0.004939 0
6266.080000 0.010726 0
6269.440000 0.003555 0
6272.800000 0.009062 0
6276.160000 0.014438 0
6279.520000 0.006426 0
6282.880000 0.007240 0
6286.240000 0.008189 0
6289.600000 0.007522 0
6292.960000 0.005020 0
6296.320000 0.017145 0
6299.680000 0.014821 0
6303.040000 -0.000721 0
6306.400000 0.008877 0
6309.760000 0.013321 0
6313.120000 0.005723 0
6316.480000 0.011922 0
6319.840000 0.008037 0
6323.200000 0.007479 0
6326.560000 0.014104 0
6329.920000 0.016684 0
6333.280000 0.014554 0
6336.640000 0.012954 0
6340.000000 0.013568 0
6343.360000 0.009998 0
6346.720000 0.013867 0
6350.080000 0.015524 0
6353.440000 0.005573 0
6356.800000 0.005295 0
6360.160000 0.008737 0
6363.520000 0.012550 0
6366.880000 0.015427 0
6370.240000 0.019156 0
6373.600000 0.013915 0
6376.960000 0.010886 0
6380.320000 0.008526 0
6383.680000 0.011192 0
6387.040000 0.019834 0
6390.400000 0.009492 0
6393.760000 0.010961 0
6397.120000 0.006405 0
6400.480000 0.004228 0
6403.840000 0.003958 0
6407.200000 0.007783 0
6410.560000 0.017453 0
6413.920000 0.018494 0
6417.280000 0.015705 0
6420.640000 0.009807 0
6424.000000 0.009173 0
6427.360000 0.010977 0
6430.720000 0.011789 0
6434.080000 0.010118 0
6437.440000 0.004529 0
6440.800000 0.009750 0
6444.160000 0.013653 0
6447.520000 0.005068 0
6450.880000 0.009704 0
6454.240000 0.004549 0
6457.600000 0.005270 0
6460.960000 0.011702 0
6464.320000 0.015650 0
6467.680000 0.015087 0
6471.040000 0.009345 0
6474.400000 0.011813 0
6477.760000 0.010078 0
6481.120000 0.006631 0
6484.480000 0.008204 0
6487.840000 0.004889 0
6491.200000 0.009292 0
6494.560000 0.016092 0
6497.920000 0.010141 0
6501.280000 0.005084 0
6504.640000 0.009777 0
6508.000000 0.011108 0
6511.360000 0.009388 0
6514.720000 0.010219 0
6518.080000 0.005229 0
6521.440000 0.011354 0
6524.800000 0.014497 0
6528.160000 0.009591 0
6531.520000 0.014982 0
6534.880000 0.008335 0
6538.240000 0.006245 0
6541.600000 0.008506 0
6544.960000 0.003620 0
6548.320000 0.009641 0
6551.680000 0.013199 0
6555.040000 0.005758 0
6558.400000 0.013763 0
6561.760000 0.013044 0
6565.120000 0.011248 0
6568.480000 0.013002 0
6571.840000 0.007925 0
6575.200000 -0.000210 0
6578.560000 0.009053 0
6581.920000 0.014987 0
6585.280000 0.007687 0
6588.640000 0.006832 0
6592.000000 0.014056 0
6595.360000 0.010408 0
6598.720000 0.006574 0
6602.080000 0.012499 0
6605.440000 0.014088 0
6608.800000 -0.000744 0
6612.160000 0.007541 0
6615.520000 0.011475 0
6618.880000 0.004341 0
6622.240000 0.009057 0
6625.600000 0.012675 0
6628.960000 0.010400 0
6632.320000 0.002682 0
6635.680000 0.004041 0
6639.040000 0.007997 0
6642.400000 0.009697 0
6645.760000 0.004340 0
6649.120000 0.006577 0
6652.480000 0.007461 0
6655.840000 0.008453 0
6659.200000 0.010579 0
6662.560000 0.015794 0
6665.920000 0.013644 0
6669.280000 0.005738 0
6672.640000 0.013462 0
6676.000000 0.011362 0
6679.360000 0.011123 0
6682.720000 0.013431 0
6686.080000 0.011971 0
6689.440000 0.008393 0
6692.800000 0.006716 0
6696.160000 0.009834 0
6699.520000 0.009323 0
6702.880000 0.005895 0
6706.240000 0.003682 0
6709.600000 0.013493 0
6712.960000 0.010458 0
6716.320000 0.003457 0
6719.680000 0.004406 0
6723.040000 0.004142 0
6726.400000 0.007571 0
6729.760000 0.009035 0
6733.120000 0.007857 0
6736.480000 0.011124 0
6739.840000 0.010833 0
6743.200000 0.003787 0
6746.560000 0.006225 0
6749.920000 0.012858 0
6753.280000 0.010328 0
6756.640000 0.006810 0
6760.000000 0.011027 0
6763.360000 0.007769 0
6766.720000 0.007173 0
6770.080000 0.012373 0
6773.440000 0.007473 0
6776.800000 0.010219 0
6780.160000 0.007255 0
6783.520000 0.005847 0
6786.880000 0.006346 0
6790.240000 0.012280 0
6793.600000 0.011894 0
6796.960000 0.003200 0
6800.320000 0.016937 0
6803.680000 0.053952 0
6807.040000 0.115997 0
6810.400000 0.149808 0
6813.760000 0.105820 0
6817.120000 0.045132 0
6820.480000 0.012514 0
6823.840000 0.004216 0
6827.200000 0.012371 0
6830.560000 0.000703 0
6833.920000 0.006278 0
6837.280000 0.019560 0
6840.640000 0.010574 0
6844.000000 0.014185 0
6847.360000 0.012074 0
6850.720000 0.009150 0
6854.080000 0.006081 0
6857.440000 0.014234 0
6860.800000 0.011974 0
6864.160000 0.014877 0
6867.520000 0.009196 0
6870.880000 0.007342 0
6874.240000 0.016099 0
6877.600000 0.008965 0
6880.960000 0.005433 0
6884.320000 0.005158 0
6887.680000 0.010082 0
6891.040000 0.008089 0
6894.400000 0.015468 0
6897.760000 0.014210 0
6901.120000 0.011294 0
6904.480000 0.018060 0
6907.840000 0.015160 0
6911.200000 0.016513 0
6914.560000 0.016412 0
6917.920000 0.014746 0
6921.280000 0.006629 0
6924.640000 0.010926 0
6928.000000 0.008025 0
6931.360000 0.017082 0
6934.720000 0.015742 0
6938.080000 0.016389 0
6941.440000 0.011616 0
6944.800000 0.018041 0
6948.160000 0.019934 0
6951.520000 0.010440 0
6954.880000 0.014955 0
6958.240000 0.028529 0
6961.600000 0.017658 0
6964.960000 0.019282 0
6968.320000 0.011667 0
6971.680000 0.013214 0
6975.040000 0.013869 0
6978.400000 0.017147 0
6981.760000 0.016841 0
6985.120000 0.011534 0
6988.480000 0.018285 0
6991.840000 0.024530 0
6995.200000 0.008398 0
6998.560000 0.007516 0
7001.920000 0.011341 0
7005.280000 0.011257 0
7008.640000 0.011210 0
7012.000000 0.008830 0
7015.360000 0.003396 0
7018.720000 0.003205 0
7022.080000 0.012844 0
7025.440000 0.014478 0
7028.800000 0.015540 0
7032.160000 0.018524 0
7035.520000 0.013711 0
7038.880000 0.009179 0
7042.240000 0.010129 0
7045.600000 0.016862 0
7048.960000 0.011779 0
7052.320000 0.007389 0
7055.680000 0.019666 0
7059.040000 0.010886 0
7062.400000 0.008244 0
7065.760000 0.017157 0
7069.120000 0.015654 0
7072.480000 0.023122 0
7075.840000 0.019783 0
7079.200000 0.015352 0
7082.560000 0.018772 0
7085.920000 0.015631 0
7089.280000 0.020252 0
7092.640000 0.016009 0
7096.000000 0.009908 0
7099.360000 0.011696 0
7102.720000 0.012598 0
7106.080000 0.013724 0
7109.440000 0.013087 0
7112.800000 0.013312 0
7116.160000 0.014577 0
7119.520000 0.002161 0
7122.880000 0.006128 0
7126.240000 0.016925 0
7129.600000 0.016028 0
7132.960000 0.016926 0
7136.320000 0.013439 0
7139.680000 0.016010 0
7143.040000 0.020222 0
7146.400000 0.014841 0
7149.760000 0.009185 0
7153.120000 0.018041 0
7156.480000 0.014387 0
7159.840000 0.017161 0
7163.200000 0.019658 0
7166.560000 0.016075 0
7169.920000 0.017327 0
7173.280000 0.014414 0
7176.640000 0.009644 0
7180.000000 0.013436 0
7183.360000 0.005403 0
7186.720000 0.008175 0
7190.080000 0.008192 0
7193.440000 0.011577 0
7196.800000 0.015979 0
7200.160000 0.015677 0
7203.520000 0.014071 0
7206.880000 0.016102 0
7210.240000 0.017791 0
7213.600000 0.015093 0
7216.960000 0.012790 0
7220.320000 0.015425 0
7223.680000 0.011830 0
7227.040000 0.017395 0
7230.400000 0.009523 0
7233.760000 0.014538 0
7237.120000 0.007139 0
7240.480000 0.002653 0
7243.840000 -0.002117 0
7247.200000 0.018608 0
7250.560000 0.022676 0
7253.920000 0.017236 0
7257.280000 0.011225 0
7260.640000 0.012240 0
7264.000000 0.008429 0
7267.360000 0.009174 0
7270.720000 0.003732 0
7274.080000 0.013666 0
7277.440000 0.005195 0
7280.800000 0.021450 0
7284.160000 0.010032 0
7287.520000 0.016102 0
7290.880000 0.009435 0
7294.240000 0.020053 0
7297.600000 0.011126 0
7300.960000 0.015212 0
7304.320000 0.022664 0
7307.680000 0.008458 0
7311.040000 0.020076 0
7314.400000 0.024571 0
7317.760000 0.020515 0
7321.120000 0.020908 0
7324.480000 0.006619 0
7327.840000 0.015042 0
7331.200000 0.021159 0
7334.560000 0.012113 0
7337.920000 0.013880 0
7341.280000 0.016593 0
7344.640000 0.023323 0
7348.000000 0.015188 0
7351.360000 0.016448 0
7354.720000 0.015526 0
7358.080000 0.027036 0
7361.440000 0.026801 0
7364.800000 0.028230 0
7368.160000 0.017382 0
7371.520000 0.016014 0
7374.880000 0.011506 0
7378.240000 0.017557 0
7381.600000 0.013546 0
7384.960000 0.014431 0
7388.320000 0.023621 0
7391.680000 0.020871 0
7395.040000 0.008737 0
7398.400000 0.011268 0
7401.760000 0.010584 0
7405.120000 0.022292 0
7408.480000 0.016248 0
7411.840000 0.013871 0
7415.200000 0.020042 0
7418.560000 0.014447 0
7421.920000 0.021271 0
7425.280000 0.018338 0
7428.640000 0.016594 0
7432.000000 0.018850 0
7435.360000 0.020007 0
7438.720000 0.012725 0
7442.080000 0.023685 0
7445.440000 0.020304 0
7448.800000 0.008428 0
7452.160000 0.010861 0
7455.520000 0.020882 0
7458.880000 0.012854 0
7462.240000 0.004939 0
7465.600000 0.014417 0
7468.960000 0.009968 0
7472.320000 0.005332 0
7475.680000 0.017322 0
7479.040000 0.008424 0
7482.400000 0.013630 0
7485.760000 0.008498 0
7489.120000 0.017481 0
7492.480000 0.014968 0
7495.840000 0.011184 0
7499.200000 0.010668 0
7502.560000 0.006940 0
7505.920000 0.008160 0
7509.280000 0.010240 0
7512.640000 0.011198 0
7516.000000 0.011854 0
7519.360000 0.009288 0
7522.720000 0.012184 0
7526.080000 0.019230 0
7529.440000 0.019996 0
7532.800000 0.013595 0
7536.160000 0.013623 0
7539.520000 0.007675 0
7542.880000 0.011482 0
7546.240000 0.016855 0
7549.600000 0.011032 0
7552.960000 0.014191 0
7556.320000 0.013002 0
7559.680000 0.013318 0
7563.040000 0.008135 0
7566.400000 0.012973 0
7569.760000 0.000461 0
7573.120000 0.009496 0
7576.480000 0.023204 0
7579.840000 0.022214 0
7583.200000 0.010806 0
7586.560000 0.009506 0
7589.920000 0.016167 0
7593.280000 0.015458 0
7596.640000 -0.008997 0
7600.000000 -0.002521 0
7603.360000 -0.013073 0
7606.720000 -0.000182 0
7610.080000 0.029308 0
7613.440000 0.012589 0
7616.800000 0.013687 0
7620.160000 0.008660 0
7623.520000 0.013493 0
7626.880000 0.015526 0
7630.240000 0.002032 0
7633.600000 0.000930 0
7636.960000 0.002111 0
7640.320000 0.003921 0
7643.680000 0.015284 0
7647.040000 0.017686 0
7650.400000 0.018366 0
7653.760000 0.015018 0
7657.120000 0.013691 0
7660.480000 0.003621 0
7663.840000 0.006142 0
7667.200000 0.017511 0
7670.560000 0.013865 0
7673.920000 0.013422 0
7677.280000 0.006321 0
7680.640000 0.010098 0
7684.000000 0.016860 0
7687.360000 0.014867 0
7690.720000 0.014582 0
7694.080000 0.012963 0
7697.440000 0.013185 0
7700.800000 0.009556 0
7704.160000 0.009294 0
7707.520000 0.016302 0
7710.880000 0.004840 0
7714.240000 -0.009014 0
7717.600000 0.011356 0
7720.960000 0.012168 0
7724.320000 0.006968 0
7727.680000 0.014309 0
7731.040000 0.007245 0
7734.400000 0.007955 0
7737.760000 0.008161 0
7741.120000 0.009819 0
7744.480000 0.014423 0
7747.840000 0.003899 0
7751.200000 0.011934 0
7754.560000 0.025084 0
7757.920000 0.011347 0
7761.280000 0.006327 0
7764.640000 0.016669 0
7768.000000 0.008138 0
7771.360000 0.006044 0
7774.720000 0.007007 0
7778.080000 0.006738 0
7781.440000 0.012560 0
7784.800000 0.018746 0
7788.160000 0.017479 0
7791.520000 0.011676 0
7794.880000 0.005875 0
7798.240000 0.002762 0
7801.600000 0.010082 0
7804.960000 0.007550 0
7808.320000 0.014750 0
7811.680000 0.015435 0
7815.040000 0.012029 0
7818.400000 0.027129 0
7821.760000 0.005695 0
7825.120000 0.021257 0
7828.480000 0.013320 0
7831.840000 0.009989 0
7835.200000 0.010529 0
7838.560000 0.020899 0
7841.920000 0.020776 0
7845.280000 0.014011 0
7848.640000 0.022499 0
7852.000000 0.021932 0
7855.360000 0.013625 0
7858.720000 0.009430 0
7862.080000 0.017631 0
7865.440000 0.019507 0
7868.800000 0.011345 0
7872.160000 0.017054 0
7875.520000 0.006381 0
7878.880000 0.010120 0
7882.240000 0.011276 0
7885.600000 0.010835 0
7888.960000 0.017621 0
7892.320000 0.020500 0
7895.680000 0.019357 0
7899.040000 0.010467 0
7902.400000 0.012791 0
7905.760000 0.006390 0
7909.120000 0.004128 0
7912.480000 0.002623 0
7915.840000 0.019225 0
7919.200000 0.006109 0
7922.560000 0.004846 0
7925.920000 0.021302 0
7929.280000 0.031920 0
7932.640000 0.013055 0
7936.000000 0.012895 0
7939.360000 0.012302 0
7942.720000 0.011327 0
7946.080000 0.004489 0
7949.440000 0.009934 0
7952.800000 0.006113 0
7956.160000 0.015318 0
7959.520000 0.018385 0
7962.880000 0.017810 0
7966.240000 0.014310 0
7969.600000 0.021048 0
7972.960000 0.008602 0
7976.320000 0.012882 0
7979.680000 0.013503 0
7983.040000 0.021404 0
7986.400000 0.012364 0
7989.760000 0.011795 0
7993.120000 0.002262 0
7996.480000 0.008397 0
7999.840000 0.013995 0
8003.200000 0.014439 0
8006.560000 0.017235 0
8009.920000 0.009535 0
8013.280000 0.010685 0
8016.640000 0.019169 0
8020.000000 0.025731 0
8023.360000 0.004123 0
8026.720000 0.008709 0
8030.080000 0.008398 0
8033.440000 0.001287 0
8036.800000 0.009983 0
8040.160000 0.012094 0
8043.520000 0.014953 0
8046.880000 0.003816 0
8050.240000 0.010190 0
8053.600000 0.009434 0
8056.960000 0.004248 0
8060.320000 0.011467 0
8063.680000 0.012452 0
8067.040000 0.018099 0
8070.400000 0.012331 0
8073.760000 0.012036 0
8077.120000 0.010059 0
8080.480000 0.008338 0
8083.840000 0.005836 0
8087.200000 0.011942 0
8090.560000 0.015440 0
8093.920000 0.009488 0
8097.280000 0.008719 0
8100.640000 0.014230 0
8104.000000 0.020414 0
8107.360000 0.006217 0
8110.720000 0.015949 0
8114.080000 0.020170 0
8117.440000 0.012042 0
8120.800000 0.014299 0
8124.160000 0.015801 0
8127.520000 0.013476 0
8130.880000 0.012772 0
8134.240000 0.020244 0
8137.600000 0.008685 0
8140.960000 0.010484 0
8144.320000 0.010151 0
8147.680000 0.007931 0
8151.040000 0.012960 0
8154.400000 0.015273 0
8157.760000 0.010174 0
8161.120000 0.007496 0
8164.480000 0.008194 0
8167.840000 0.007708 0
8171.200000 0.015417 0
8174.560000 0.016605 0
8177.920000 0.011887 0
8181.280000 0.010654 0
8184.640000 0.007021 0
8188.000000 0.011622 0
8191.360000 0.017016 0
8194.720000 0.011942 0
8198.080000 0.008079 0
8201.440000 0.009698 0
8204.800000 0.012844 0
8208.160000 0.009893 0
8211.520000 0.009218 0
8214.880000 0.000416 0
8218.240000 0.008935 0
8221.600000 0.003786 0
8224.960000 0.012608 0
8228.320000 0.012971 0
8231.680000 0.011346 0
8235.040000 0.000833 0
8238.400000 0.006654 0
8241.760000 0.009803 0
8245.120000 0.013633 0
8248.480000 0.008933 0
8251.840000 0.006694 0
8255.200000 0.006792 0
8258.560000 0.011756 0
8261.920000 0.011132 0
8265.280000 0.011592 0
8268.640000 0.011501 0
8272.000000 0.009268 0
8275.360000 0.017594 0
8278.720000 0.008533 0
8282.080000 0.009568 0
8285.440000 -0.022444 0
8288.800000 0.005140 0
8292.160000 0.007484 0
8295.520000 0.011527 0
8298.880000 0.010660 0
8302.240000 0.013400 0
8305.600000 0.019300 0
8308.960000 0.005913 0
8312.320000 0.010465 0
8315.680000 0.013953 0
8319.040000 0.012029 0
8322.400000 0.007728 0
8325.760000 0.008013 0
8329.120000 0.016112 0
8332.480000 0.010258 0
8335.840000 0.016729 0
8339.200000 0.012741 0
8342.560000 0.009741 0
8345.920000 0.021482 0
8349.280000 0.011384 0
8352.640000 -0.000265 0
8356.000000 0.019359 0
8359.360000 0.008963 0
8362.720000 0.009947 0
8366.080000 0.014040 0
8369.440000 0.008299 0
8372.800000 0.008920 0
8376.160000 0.007890 0
8379.520000 0.009910 0
8382.880000 0.005485 0
8386.240000 0.007161 0
8389.600000 0.003634 0
8392.960000 0.005870 0
8396.320000 0.020649 0
8399.680000 -0.006246 0
8403.040000 -0.013953 0
8406.400000 0.012932 0
8409.760000 0.013292 0
8413.120000 0.009164 0
8416.480000 0.017065 0
8419.840000 0.016706 0
8423.200000 0.012070 0
8426.560000 0.017216 0
8429.920000 0.022495 0
8433.280000 0.010979 0
8436.640000 -0.000471 0
8440.000000 0.005001 0
8443.360000 0.003059 0
8446.720000 0.019661 0
8450.080000 0.014181 0
8453.440000 0.002580 0
8456.800000 0.012614 0
8460.160000 0.014577 0
8463.520000 0.013838 0
8466.880000 -0.008087 0
8470.240000 0.015629 0
8473.600000 0.017908 0
8476.960000 0.008252 0
8480.320000 0.017060 0
8483.680000 0.004883 0
8487.040000 0.015246 0
8490.400000 0.012943 0
8493.760000 0.008783 0
8497.120000 0.008422 0
8500.480000 -0.000663 0
8503.840000 -0.003586 0
8507.200000 -0.000446 0
8510.560000 -0.000099 0
8513.920000 0.003078 0
8517.280000 0.009473 0
8520.640000 0.007896 0
8524.000000 0.012299 0
8527.360000 0.012338 0
8530.720000 0.009276 0
8534.080000 0.005797 0
8537.440000 0.006174 0
8540.800000 0.008110 0
8544.160000 0.003192 0
8547.520000 0.004534 0
8550.880000 0.010703 0
8554.240000 0.003400 0
8557.600000 0.005025 0
8560.960000 0.010142 0
8564.320000 0.015756 0
8567.680000 0.012199 0
8571.040000 0.007520 0
8574.400000 0.009856 0
8577.760000 0.014385 0
8581.120000 0.004684 0
8584.480000 0.004641 0
8587.840000 0.007822 0
8591.200000 0.003031 0
8594.560000 -0.000980 0
8597.920000 0.000549 0
8601.280000 0.009958 0
8604.640000 -0.000227 0
8608.000000 0.005772 0
8611.360000 0.007184 0
8614.720000 0.008735 0
8618.080000 0.023696 0
8621.440000 0.011786 0
8624.800000 0.023087 0
8628.160000 -0.009251 0
8631.520000 -0.002948 0
8634.880000 -0.000014 0
8638.240000 0.001139 0
8641.600000 0.015751 0
8644.960000 -0.007440 0
8648.320000 0.001790 0
8651.680000 0.009305 0
8655.040000 -0.001482 0
8658.400000 0.020573 0
8661.760000 -0.001503 0
8665.120000 0.006270 0
8668.480000 0.001540 0
8671.840000 0.001050 0
8675.200000 0.016503 0
8678.560000 0.009741 0
8681.920000 0.007897 0
8685.280000 0.004012 0
8688.640000 0.002136 0
8692.000000 0.009723 0
8695.360000 0.005023 0
8698.720000 0.009041 0
8702.080000 0.001606 0
8705.440000 -0.001386 0
8708.800000 -0.002982 0
8712.160000 0.006453 0
8715.520000 0.005987 0
8718.880000 0.013792 0
8722.240000 0.010822 0
8725.600000 0.008036 0
8728.960000 0.003176 0
8732.320000 0.002831 0
8735.680000 0.011109 0
8739.040000 0.003837 0
8742.400000 0.006993 0
8745.760000 0.003164 0
8749.120000 0.016532 0
8752.480000 -0.003544 0
8755.840000 0.011485 0
8759.200000 0.016468 0
8762.560000 0.013931 0
8765.920000 0.016983 0
8769.280000 0.001338 0
8772.640000 -0.002913 0
8776.000000 0.017428 0
8779.360000 0.012325 0
8782.720000 0.025440 0
8786.080000 0.008246 0
8789.440000 0.010605 0
8792.800000 0.019929 0
8796.160000 0.007195 0
8799.520000 0.007310 0
8802.880000 0.004168 0
8806.240000 0.007819 0
8809.600000 0.010911 0
8812.960000 0.004498 0
8816.320000 0.008034 0
8819.680000 0.005290 0
8823.040000 -0.013929 0
8826.400000 0.029586 0
8829.760000 0.011401 0
8833.120000 -0.032783 0
8836.480000 0.012870 0
8839.840000 0.000428 0
8843.200000 0.002404 0
8846.560000 0.012552 0
8849.920000 0.012827 0
8853.280000 0.025477 0
8856.640000 0.014405 0
8860.000000 0.013636 0
8863.360000 0.009454 0
8866.720000 0.001190 0
8870.080000 0.002751 0
8873.440000 0.026622 0
8876.800000 0.031741 0
8880.160000 0.047598 0
8883.520000 0.051699 0
8886.880000 0.009316 0
8890.240000 0.026645 0
8893.600000 0.016554 0
8896.960000 0.009014 0
8900.320000 0.010118 0
8903.680000 0.000611 0
8907.040000 0.016869 0
8910.400000 0.021027 0
8913.760000 -0.001550 0
8917.120000 0.022129 0
8920.480000 0.009981 0
8923.840000 0.016208 0
8927.200000 -0.003313 0
8930.560000 0.008001 0
8933.920000 0.018320 0
8937.280000 0.015134 0
8940.640000 0.018864 0
8944.000000 0.015871 0
8947.360000 0.004410 0
8950.720000 0.021253 0
8954.080000 0.017208 0
8957.440000 -0.013772 0
8960.800000 0.012355 0
8964.160000 0.008217 0
8967.520000 0.011797 0
8970.880000 0.009230 0
8974.240000 0.012364 0
8977.600000 0.007029 0
8980.960000 0.007265 0
8984.320000 0.012197 0
8987.680000 0.000632 0
8991.040000 0.012877 0
8994.400000 -0.001354 0
8997.760000 -0.005294 0
9001.120000 0.005084 0
9004.480000 0.019637 0
9007.840000 0.002800 0
9011.200000 0.002989 0
9014.560000 0.003363 0
9017.920000 0.003079 0
9021.280000 0.011258 0
9024.640000 0.014355 0
9028.000000 0.011592 0
9031.360000 0.016039 0
9034.720000 0.014472 0
9038.080000 0.002313 0
9041.440000 -0.001328 0
9044.800000 0.006995 0
9048.160000 -0.000952 0
9051.520000 -0.003462 0
9054.880000 0.016027 0
9058.240000 0.039947 0
9061.600000 0.028786 0
9064.960000 0.008722 0
9068.320000 0.001914 0
9071.680000 0.000719 0
9075.040000 0.005690 0
9078.400000 0.004882 0
9081.760000 0.000978 0
9085.120000 -0.007372 0
9088.480000 0.014796 0
9091.840000 0.013662 0
9095.200000 0.001850 0
9098.560000 0.013527 0
9101.920000 0.012563 0
9105.280000 0.012264 0
9108.640000 0.009993 0
9112.000000 0.006442 0
9115.360000 0.001602 0
9118.720000 0.017982 0
9122.080000 0.007044 0
9125.440000 -0.004145 0
9128.800000 -0.000441 0
9132.160000 0.004252 0
9135.520000 -0.001388 0
9138.880000 0.007259 0
9142.240000 0.056341 0
9145.600000 0.105708 0
9148.960000 0.098490 0
9152.320000 0.055529 0
9155.680000 0.020595 0
9159.040000 0.008475 0
9162.400000 0.002654 0
9165.760000 0.004626 0
9169.120000 0.007177 0
9172.480000 0.003043 0
9175.840000 0.003420 0
9179.200000 0.008922 0
9182.560000 0.007543 0
9185.920000 0.006614 0
9189.280000 0.011042 0
9192.640000 0.002960 0
9196.000000 0.003543 0
9199.360000 0.009923 0
9202.720000 0.005095 0
9206.080000 0.008049 0
9209.440000 0.004584 0
9212.800000 0.002316 0
9216.160000 -0.005156 0
9219.520000 0.002541 0
9222.880000 0.005229 0
9226.240000 0.001400 0
9229.600000 -0.003347 0
9232.960000 0.000223 0
9236.320000 0.011716 0
9239.680000 0.004873 0
9243.040000 0.004556 0
9246.400000 0.016423 0
9249.760000 0.004632 0
