# obs: 255726
# slit: 29
# z: -1.00000
# lines: not in catalog
# spec: 521
5152.370000 0.000000 1
5154.030000 0.000000 1
5155.690000 0.000000 1
5157.350000 0.000000 1
5159.010000 0.000000 1
5160.670000 0.000000 1
5162.330000 0.000000 1
5163.990000 0.000000 1
5165.650000 0.000000 1
5167.310000 0.000000 1
5168.970000 0.000000 1
5170.630000 0.000000 1
5172.290000 0.000000 1
5173.950000 0.000000 1
5175.610000 0.000000 1
5177.270000 0.000000 1
5178.930000 0.000000 1
5180.590000 0.000000 1
5182.250000 0.000000 1
5183.910000 0.000000 1
5185.570000 0.000000 1
5187.230000 0.000000 1
5188.890000 0.000000 1
5190.550000 0.000000 1
5192.210000 0.000000 1
5193.870000 0.000000 1
5195.530000 0.000000 1
5197.190000 0.000000 1
5198.850000 0.000000 1
5200.510000 0.000000 1
5202.170000 0.000000 1
5203.830000 0.000000 1
5205.490000 0.000000 1
5207.150000 0.000000 1
5208.810000 0.000000 1
5210.470000 0.000000 1
5212.130000 0.000000 1
5213.790000 0.000000 1
5215.450000 0.000000 1
5217.110000 0.000000 1
5218.770000 0.000000 1
5220.430000 0.000000 1
5222.090000 0.000000 1
5223.750000 0.000000 1
5225.410000 0.000000 1
5227.070000 0.000000 1
5228.730000 0.000000 1
5230.390000 0.000000 1
5232.050000 0.000000 1
5233.710000 0.000000 1
5235.370000 0.000000 1
5237.030000 0.000000 1
5238.690000 0.000000 1
5240.350000 0.000000 1
5242.010000 0.000000 1
5243.670000 0.000000 1
5245.330000 0.000000 1
5246.990000 0.000000 1
5248.650000 0.000000 1
5250.310000 0.000000 1
5251.970000 0.000000 1
5253.630000 0.000000 1
5255.290000 0.000000 1
5256.950000 0.000000 1
5258.610000 0.000000 1
5260.270000 0.000000 1
5261.930000 0.000000 1
5263.590000 0.000000 1
5265.250000 0.000000 1
5266.910000 0.000000 1
5268.570000 0.000000 1
5270.230000 0.000000 1
5271.890000 0.000000 1
5273.550000 0.000000 1
5275.210000 0.000000 1
5276.870000 0.000000 1
5278.530000 0.000000 1
5280.190000 0.000000 1
5281.850000 0.000000 1
5283.510000 0.000000 1
5285.170000 0.000000 1
5286.830000 0.000000 1
5288.490000 0.000000 1
5290.150000 0.000000 1
5291.810000 0.000000 1
5293.470000 0.000000 1
5295.130000 0.000000 1
5296.790000 0.000000 1
5298.450000 0.000000 1
5300.110000 0.000000 1
5301.770000 0.000000 1
5303.430000 0.000000 1
5305.090000 0.000000 1
5306.750000 0.000000 1
5308.410000 0.000000 1
5310.070000 0.000000 1
5311.730000 0.000000 1
5313.390000 0.000000 1
5315.050000 0.000000 1
5316.710000 0.000000 1
5318.370000 0.000000 1
5320.030000 0.000000 1
5321.690000 0.000000 1
5323.350000 0.000000 1
5325.010000 0.000000 1
5326.670000 0.000000 1
5328.330000 0.000000 1
5329.990000 0.000000 1
5331.650000 0.000000 1
5333.310000 0.000000 1
5334.970000 0.000000 1
5336.630000 0.000000 1
5338.290000 0.000000 1
5339.950000 0.000000 1
5341.610000 0.000000 1
5343.270000 0.000000 1
5344.930000 0.000000 1
5346.590000 0.000000 1
5348.250000 0.000000 1
5349.910000 0.000000 1
5351.570000 0.000000 1
5353.230000 0.000000 1
5354.890000 0.000000 1
5356.550000 0.000000 1
5358.210000 0.000000 1
5359.870000 0.000000 1
5361.530000 0.000000 1
5363.190000 0.000000 1
5364.850000 0.000000 1
5366.510000 0.000000 1
5368.170000 0.000000 1
5369.830000 0.000000 1
5371.490000 0.000000 1
5373.150000 0.000000 1
5374.810000 0.000000 1
5376.470000 0.000000 1
5378.130000 0.000000 1
5379.790000 0.000000 1
5381.450000 0.000000 1
5383.110000 0.000000 1
5384.770000 0.000000 1
5386.430000 0.000000 1
5388.090000 0.000000 1
5389.750000 0.000000 1
5391.410000 0.000000 1
5393.070000 0.000000 1
5394.730000 0.000000 1
5396.390000 0.000000 1
5398.050000 0.000000 1
5399.710000 0.000000 1
5401.370000 0.000000 1
5403.030000 0.000000 1
5404.690000 0.000000 1
5406.350000 0.000000 1
5408.010000 0.000000 1
5409.670000 0.000000 1
5411.330000 0.000000 1
5412.990000 0.000000 1
5414.650000 0.000000 1
5416.310000 0.000000 1
5417.970000 0.000000 1
5419.630000 0.000000 1
5421.290000 0.000000 1
5422.950000 0.000000 1
5424.610000 0.000000 1
5426.270000 0.000000 1
5427.930000 0.000000 1
5429.590000 0.000000 1
5431.250000 0.000000 1
5432.910000 0.000000 1
5434.570000 0.000000 1
5436.230000 0.000000 1
5437.890000 0.000000 1
5439.550000 0.000000 1
5441.210000 0.000000 1
5442.870000 0.000000 1
5444.530000 0.000000 1
5446.190000 0.000000 1
5447.850000 0.000000 1
5449.510000 0.000000 1
5451.170000 0.000000 1
5452.830000 0.000000 1
5454.490000 0.000000 1
5456.150000 0.000000 1
5457.810000 0.000000 1
5459.470000 0.000000 1
5461.130000 0.000000 1
5462.790000 0.000000 1
5464.450000 0.000000 1
5466.110000 0.000000 1
5467.770000 0.000000 1
5469.430000 0.000000 1
5471.090000 0.000000 1
5472.750000 0.000000 1
5474.410000 0.000000 1
5476.070000 0.000000 1
5477.730000 0.000000 1
5479.390000 0.000000 1
5481.050000 0.000000 1
5482.710000 0.000000 1
5484.370000 0.000000 1
5486.030000 0.000000 1
5487.690000 0.000000 1
5489.350000 0.000000 1
5491.010000 0.000000 1
5492.670000 0.000000 1
5494.330000 0.000000 1
5495.990000 0.000000 1
5497.650000 0.000000 1
5499.310000 0.000000 1
5500.970000 0.000000 1
5502.630000 0.000000 1
5504.290000 0.000000 1
5505.950000 0.000000 1
5507.610000 0.000000 1
5509.270000 0.000000 1
5510.930000 0.000000 1
5512.590000 0.000000 1
5514.250000 0.000000 1
5515.910000 0.000000 1
5517.570000 0.000000 1
5519.230000 0.000000 1
5520.890000 0.000000 1
5522.550000 0.000000 1
5524.210000 0.000000 1
5525.870000 0.000000 1
5527.530000 0.000000 1
5529.190000 0.000000 1
5530.850000 0.000000 1
5532.510000 0.000000 1
5534.170000 0.000000 1
5535.830000 0.000000 1
5537.490000 0.000000 1
5539.150000 0.000000 1
5540.810000 0.000000 1
5542.470000 0.000000 1
5544.130000 0.000000 1
5545.790000 0.000000 1
5547.450000 0.000000 1
5549.110000 0.000000 1
5550.770000 0.000000 1
5552.430000 0.000000 1
5554.090000 0.000000 1
5555.750000 0.000000 1
5557.410000 0.000000 1
5559.070000 0.000000 1
5560.730000 0.000000 1
5562.390000 0.000000 1
5564.050000 0.000000 1
5565.710000 0.000000 1
5567.370000 0.000000 1
5569.030000 0.000000 1
5570.690000 0.000000 1
5572.350000 0.000000 1
5574.010000 0.000000 1
5575.670000 0.000000 1
5577.330000 0.000000 1
5578.990000 0.000000 1
5580.650000 0.000000 1
5582.310000 0.000000 1
5583.970000 0.000000 1
5585.630000 0.000000 1
5587.290000 0.000000 1
5588.950000 0.000000 1
5590.610000 0.000000 1
5592.270000 0.000000 1
5593.930000 0.000000 1
5595.590000 0.000000 1
5597.250000 0.000000 1
5598.910000 0.000000 1
5600.570000 0.000000 1
5602.230000 0.000000 1
5603.890000 0.000000 1
5605.550000 0.000000 1
5607.210000 0.000000 1
5608.870000 0.000000 1
5610.530000 0.000000 1
5612.190000 0.000000 1
5613.850000 0.000000 1
5615.510000 0.000000 1
5617.170000 0.000000 1
5618.830000 0.000000 1
5620.490000 0.000000 1
5622.150000 0.000000 1
5623.810000 0.000000 1
5625.470000 0.000000 1
5627.130000 0.000000 1
5628.790000 0.000000 1
5630.450000 0.000000 1
5632.110000 0.000000 1
5633.770000 0.000000 1
5635.430000 0.000000 1
5637.090000 0.000000 1
5638.750000 0.000000 1
5640.410000 0.000000 1
5642.070000 0.000000 1
5643.730000 0.000000 1
5645.390000 0.000000 1
5647.050000 0.000000 1
5648.710000 0.000000 1
5650.370000 0.000000 1
5652.030000 0.000000 1
5653.690000 0.000000 1
5655.350000 0.000000 1
5657.010000 0.000000 1
5658.670000 0.000000 1
5660.330000 0.000000 1
5661.990000 0.000000 1
5663.650000 0.000000 1
5665.310000 0.000000 1
5666.970000 0.000000 1
5668.630000 0.000000 1
5670.290000 0.000000 1
5671.950000 0.000000 1
5673.610000 0.000000 1
5675.270000 0.000000 1
5676.930000 0.000000 1
5678.590000 0.000000 1
5680.250000 0.000000 1
5681.910000 0.000000 1
5683.570000 0.000000 1
5685.230000 0.000000 1
5686.890000 0.000000 1
5688.550000 0.000000 1
5690.210000 0.000000 1
5691.870000 0.000000 1
5693.530000 0.000000 1
5695.190000 0.000000 1
5696.850000 0.000000 1
5698.510000 0.000000 1
5700.170000 0.000000 1
5701.830000 0.000000 1
5703.490000 0.000000 1
5705.150000 0.000000 1
5706.810000 0.000000 1
5708.470000 0.000000 1
5710.130000 0.000000 1
5711.790000 0.000000 1
5713.450000 0.000000 1
5715.110000 0.000000 1
5716.770000 0.000000 1
5718.430000 0.000000 1
5720.090000 0.000000 1
5721.750000 0.000000 1
5723.410000 0.000000 1
5725.070000 0.000000 1
5726.730000 0.000000 1
5728.390000 0.000000 1
5730.050000 0.000000 1
5731.710000 0.000000 1
5733.370000 0.000000 1
5735.030000 0.000000 1
5736.690000 0.000000 1
5738.350000 0.000000 1
5740.010000 0.000000 1
5741.670000 0.000000 1
5743.330000 0.000000 1
5744.990000 0.000000 1
5746.650000 0.000000 1
5748.310000 0.000000 1
5749.970000 0.000000 1
5751.630000 0.000000 1
5753.290000 0.000000 1
5754.950000 0.000000 1
5756.610000 0.000000 1
5758.270000 0.000000 1
5759.930000 0.000000 1
5761.590000 0.000000 1
5763.250000 0.000000 1
5764.910000 0.000000 1
5766.570000 0.000000 1
5768.230000 0.000000 1
5769.890000 0.000000 1
5771.550000 0.000000 1
5773.210000 0.000000 1
5774.870000 0.000000 1
5776.530000 0.000000 1
5778.190000 0.000000 1
5779.850000 0.000000 1
5781.510000 0.000000 1
5783.170000 0.000000 1
5784.830000 0.000000 1
5786.490000 0.000000 1
5788.150000 0.000000 1
5789.810000 0.000000 1
5791.470000 0.000000 1
5793.130000 0.000000 1
5794.790000 0.000000 1
5796.450000 0.000000 1
5798.110000 0.000000 1
5799.770000 0.000000 1
5801.430000 0.000000 1
5803.090000 0.000000 1
5804.750000 0.000000 1
5806.410000 0.000000 1
5808.070000 0.000000 1
5809.730000 0.000000 1
5811.390000 0.000000 1
5813.050000 0.000000 1
5814.710000 0.000000 1
5816.370000 0.000000 1
5818.030000 0.000000 1
5819.690000 0.000000 1
5821.350000 0.000000 1
5823.010000 0.000000 1
5824.670000 0.000000 1
5826.330000 0.000000 1
5827.990000 0.000000 1
5829.650000 0.000000 1
5831.310000 0.000000 1
5832.970000 0.000000 1
5834.630000 0.000000 1
5836.290000 0.000000 1
5837.950000 0.000000 1
5839.610000 0.000000 1
5841.270000 0.000000 1
5842.930000 0.000000 1
5844.590000 0.000000 1
5846.250000 0.000000 1
5847.910000 0.000000 1
5849.570000 0.000000 1
5851.230000 0.000000 1
5852.890000 0.000000 1
5854.550000 0.000000 1
5856.210000 0.000000 1
5857.870000 0.000000 1
5859.530000 0.000000 1
5861.190000 0.000000 1
5862.850000 0.000000 1
5864.510000 0.000000 1
5866.170000 0.000000 1
5867.830000 0.000000 1
5869.490000 0.000000 1
5871.150000 0.000000 1
5872.810000 0.000000 1
5874.470000 0.000000 1
5876.130000 0.000000 1
5877.790000 0.000000 1
5879.450000 0.000000 1
5881.110000 0.000000 1
5882.770000 0.000000 1
5884.430000 0.000000 1
5886.090000 0.000000 1
5887.750000 0.000000 1
5889.410000 0.000000 1
5891.070000 0.000000 1
5892.730000 0.000000 1
5894.390000 0.000000 1
5896.050000 0.000000 1
5897.710000 0.000000 1
5899.370000 0.000000 1
5901.030000 0.000000 1
5902.690000 0.000000 1
5904.350000 0.000000 1
5906.010000 0.000000 1
5907.670000 0.000000 1
5909.330000 0.000000 1
5910.990000 0.000000 1
5912.650000 0.000000 1
5914.310000 0.000000 1
5915.970000 0.000000 1
5917.630000 0.000000 1
5919.290000 0.000000 1
5920.950000 0.000000 1
5922.610000 0.000000 1
5924.270000 0.000000 1
5925.930000 0.000000 1
5927.590000 0.000000 1
5929.250000 -0.004741 0
5930.910000 0.013657 0
5932.570000 0.008451 0
5934.230000 0.008489 0
5935.890000 0.006218 0
5937.550000 0.018405 0
5939.210000 -0.003431 0
5940.870000 0.007663 0
5942.530000 0.006187 0
5944.190000 0.010582 0
5945.850000 0.009874 0
5947.510000 0.006472 0
5949.170000 0.018945 0
5950.830000 0.018914 0
5952.490000 0.017039 0
5954.150000 0.026387 0
5955.810000 0.013061 0
5957.470000 0.020950 0
5959.130000 0.014436 0
5960.790000 0.010918 0
5962.450000 0.013659 0
5964.110000 0.026223 0
5965.770000 0.005889 0
5967.430000 0.018851 0
5969.090000 0.013467 0
5970.750000 0.012313 0
5972.410000 0.013125 0
5974.070000 0.006861 0
5975.730000 0.000930 0
5977.390000 0.015031 0
5979.050000 0.028207 0
5980.710000 0.028670 0
5982.370000 0.016638 0
5984.030000 0.014879 0
5985.690000 -0.004419 0
5987.350000 0.020183 0
5989.010000 0.005175 0
5990.670000 0.009236 0
5992.330000 0.013786 0
5993.990000 0.005495 0
5995.650000 0.007760 0
5997.310000 -0.001142 0
5998.970000 0.009856 0
6000.630000 0.009808 0
6002.290000 0.000494 0
6003.950000 0.009381 0
6005.610000 0.006780 0
6007.270000 0.012347 0
6008.930000 0.025644 0
6010.590000 0.018264 0
6012.250000 0.022937 0
6013.910000 0.026164 0
6015.570000 0.022612 0
6017.230000 0.008406 0
6018.890000 0.007861 0
6020.550000 0.008707 0
6022.210000 0.018345 0
6023.870000 0.005200 0
6025.530000 0.007923 0
6027.190000 0.020614 0
6028.850000 0.014079 0
6030.510000 0.022846 0
6032.170000 0.021478 0
6033.830000 0.008001 0
6035.490000 0.005724 0
6037.150000 0.004740 0
6038.810000 0.031047 0
6040.470000 0.012853 0
6042.130000 0.010868 0
6043.790000 0.015492 0
6045.450000 0.011770 0
6047.110000 0.022290 0
6048.770000 0.013077 0
6050.430000 0.004303 0
6052.090000 0.010798 0
6053.750000 0.020471 0
6055.410000 0.015603 0
6057.070000 0.013882 0
6058.730000 0.009716 0
6060.390000 0.007966 0
6062.050000 0.025972 0
6063.710000 0.012991 0
6065.370000 0.017598 0
6067.030000 0.016479 0
6068.690000 0.004721 0
6070.350000 -0.001719 0
6072.010000 0.008765 0
6073.670000 0.009525 0
6075.330000 0.019152 0
6076.990000 -0.009390 0
6078.650000 0.004951 0
6080.310000 0.018135 0
6081.970000 0.014184 0
6083.630000 0.012830 0
6085.290000 0.008615 0
6086.950000 0.015766 0
6088.610000 0.025542 0
6090.270000 0.006822 0
6091.930000 0.000014 0
6093.590000 0.026798 0
6095.250000 0.007887 0
6096.910000 0.011007 0
6098.570000 0.011374 0
6100.230000 0.014286 0
6101.890000 0.013805 0
6103.550000 0.013788 0
6105.210000 0.030700 0
6106.870000 0.023249 0
6108.530000 0.006013 0
6110.190000 0.007203 0
6111.850000 0.023219 0
6113.510000 0.009431 0
6115.170000 0.013782 0
6116.830000 0.022940 0
6118.490000 0.031858 0
6120.150000 0.009936 0
6121.810000 0.010391 0
6123.470000 0.020514 0
6125.130000 0.001839 0
6126.790000 0.009462 0
6128.450000 0.005057 0
6130.110000 0.008953 0
6131.770000 0.017814 0
6133.430000 0.010787 0
6135.090000 0.019619 0
6136.750000 0.013511 0
6138.410000 0.021128 0
6140.070000 0.016439 0
6141.730000 0.023113 0
6143.390000 0.012968 0
6145.050000 0.024507 0
6146.710000 0.014241 0
6148.370000 0.010491 0
6150.030000 0.002242 0
6151.690000 0.005598 0
6153.350000 -0.003633 0
6155.010000 0.019928 0
6156.670000 0.028228 0
6158.330000 0.024697 0
6159.990000 0.012044 0
6161.650000 0.011579 0
6163.310000 0.006295 0
6164.970000 0.017161 0
6166.630000 0.009876 0
6168.290000 0.013934 0
6169.950000 0.007175 0
6171.610000 0.007292 0
6173.270000 0.026606 0
6174.930000 0.028961 0
6176.590000 0.005671 0
6178.250000 0.013342 0
6179.910000 0.018004 0
6181.570000 0.007763 0
6183.230000 0.006149 0
6184.890000 0.012503 0
6186.550000 0.003323 0
6188.210000 0.014368 0
6189.870000 0.007146 0
6191.530000 0.009401 0
6193.190000 0.016318 0
6194.850000 0.021308 0
6196.510000 -0.008154 0
6198.170000 0.009753 0
6199.830000 0.009082 0
6201.490000 -0.003341 0
6203.150000 0.010557 0
6204.810000 0.014382 0
6206.470000 0.032586 0
6208.130000 0.014777 0
6209.790000 -0.000233 0
6211.450000 0.016977 0
6213.110000 0.016059 0
6214.770000 0.011366 0
6216.430000 0.019163 0
6218.090000 0.015084 0
6219.750000 0.013556 0
6221.410000 0.021440 0
6223.070000 0.014147 0
6224.730000 0.021918 0
6226.390000 0.009280 0
6228.050000 0.018939 0
6229.710000 0.014165 0
6231.370000 0.008278 0
6233.030000 0.012709 0
6234.690000 0.020434 0
6236.350000 0.023995 0
6238.010000 -0.002105 0
6239.670000 0.026412 0
6241.330000 0.020811 0
6242.990000 -0.009283 0
6244.650000 0.009120 0
6246.310000 0.016154 0
6247.970000 0.010792 0
6249.630000 0.006574 0
6251.290000 0.015314 0
6252.950000 0.016160 0
6254.610000 0.013387 0
6256.270000 0.017517 0
6257.930000 0.012418 0
6259.590000 0.016296 0
6261.250000 0.021600 0
6262.910000 0.009520 0
6264.570000 0.025330 0
6266.230000 0.021267 0
6267.890000 0.020157 0
6269.550000 0.013940 0
6271.210000 0.007511 0
6272.870000 0.015907 0
6274.530000 0.007955 0
6276.190000 0.010826 0
6277.850000 0.030827 0
6279.510000 0.019001 0
6281.170000 0.019399 0
6282.830000 0.011772 0
6284.490000 0.000309 0
6286.150000 0.010528 0
6287.810000 0.016268 0
6289.470000 0.024414 0
6291.130000 0.012609 0
6292.790000 0.004337 0
6294.450000 0.019578 0
6296.110000 0.015246 0
6297.770000 0.004604 0
6299.430000 0.023908 0
6301.090000 -0.005316 0
6302.750000 0.010406 0
6304.410000 0.025298 0
6306.070000 0.020687 0
6307.730000 0.018324 0
6309.390000 0.017142 0
6311.050000 0.014196 0
6312.710000 0.015129 0
6314.370000 0.007070 0
6316.030000 0.019773 0
6317.690000 0.006894 0
6319.350000 0.009416 0
6321.010000 0.001292 0
6322.670000 0.020205 0
6324.330000 0.024208 0
6325.990000 0.006902 0
6327.650000 0.020107 0
6329.310000 0.004252 0
6330.970000 -0.006808 0
6332.630000 0.017549 0
6334.290000 0.024307 0
6335.950000 0.021896 0
6337.610000 0.018624 0
6339.270000 0.023300 0
6340.930000 0.013059 0
6342.590000 0.019241 0
6344.250000 0.000102 0
6345.910000 0.010710 0
6347.570000 0.011575 0
6349.230000 0.006316 0
6350.890000 0.016574 0
6352.550000 0.016441 0
6354.210000 0.025107 0
6355.870000 0.010254 0
6357.530000 0.021329 0
6359.190000 0.016327 0
6360.850000 0.024986 0
6362.510000 0.016899 0
6364.170000 0.022653 0
6365.830000 0.021209 0
6367.490000 0.018151 0
6369.150000 0.011593 0
6370.810000 0.025399 0
6372.470000 0.013254 0
6374.130000 0.024487 0
6375.790000 0.012856 0
6377.450000 0.012500 0
6379.110000 0.017661 0
6380.770000 0.010880 0
6382.430000 0.015398 0
6384.090000 0.011682 0
6385.750000 0.026709 0
6387.410000 0.025963 0
6389.070000 0.022039 0
6390.730000 0.014475 0
6392.390000 0.027257 0
6394.050000 0.017919 0
6395.710000 0.007796 0
6397.370000 0.019512 0
6399.030000 0.013410 0
6400.690000 0.013157 0
6402.350000 0.014630 0
6404.010000 0.012017 0
6405.670000 0.009203 0
6407.330000 0.010886 0
6408.990000 0.009117 0
6410.650000 0.025681 0
6412.310000 0.022530 0
6413.970000 0.027030 0
6415.630000 0.009382 0
6417.290000 0.011171 0
6418.950000 0.011542 0
6420.610000 0.015784 0
6422.270000 0.020414 0
6423.930000 0.001136 0
6425.590000 0.030069 0
6427.250000 0.022618 0
6428.910000 0.010297 0
6430.570000 0.004482 0
6432.230000 0.022242 0
6433.890000 0.014355 0
6435.550000 0.023953 0
6437.210000 0.010365 0
6438.870000 0.002821 0
6440.530000 0.007777 0
6442.190000 0.023625 0
6443.850000 0.019442 0
6445.510000 0.019876 0
6447.170000 0.011552 0
6448.830000 0.010386 0
6450.490000 0.021024 0
6452.150000 0.017927 0
6453.810000 0.025388 0
6455.470000 0.013343 0
6457.130000 0.010883 0
6458.790000 0.027398 0
6460.450000 0.028361 0
6462.110000 0.028006 0
6463.770000 0.023440 0
6465.430000 0.016417 0
6467.090000 0.026643 0
6468.750000 0.020656 0
6470.410000 0.007981 0
6472.070000 0.017762 0
6473.730000 0.014088 0
6475.390000 0.012667 0
6477.050000 0.024909 0
6478.710000 0.005808 0
6480.370000 0.004711 0
6482.030000 0.024211 0
6483.690000 0.020501 0
6485.350000 0.010813 0
6487.010000 0.008781 0
6488.670000 0.027410 0
6490.330000 0.015874 0
6491.990000 0.018162 0
6493.650000 0.014397 0
6495.310000 0.020901 0
6496.970000 0.019942 0
6498.630000 0.016752 0
6500.290000 0.010304 0
6501.950000 0.019636 0
6503.610000 0.026752 0
6505.270000 0.028349 0
6506.930000 0.020327 0
6508.590000 0.019881 0
6510.250000 0.016538 0
6511.910000 0.012364 0
6513.570000 0.021522 0
6515.230000 0.015890 0
6516.890000 0.024925 0
6518.550000 0.010621 0
6520.210000 0.015432 0
6521.870000 0.016169 0
6523.530000 0.014870 0
6525.190000 0.035731 0
6526.850000 0.017297 0
6528.510000 0.021806 0
6530.170000 0.017214 0
6531.830000 0.029266 0
6533.490000 0.006322 0
6535.150000 0.005262 0
6536.810000 0.012430 0
6538.470000 0.013449 0
6540.130000 0.013252 0
6541.790000 0.018129 0
6543.450000 0.014779 0
6545.110000 0.010365 0
6546.770000 0.020591 0
6548.430000 0.017217 0
6550.090000 0.030866 0
6551.750000 0.029900 0
6553.410000 0.028649 0
6555.070000 0.021815 0
6556.730000 0.006373 0
6558.390000 0.027482 0
6560.050000 0.028049 0
6561.710000 0.023661 0
6563.370000 0.022410 0
6565.030000 0.014532 0
6566.690000 0.030263 0
6568.350000 -0.016385 0
6570.010000 0.003329 0
6571.670000 0.013571 0
6573.330000 0.014560 0
6574.990000 0.010345 0
6576.650000 0.018129 0
6578.310000 0.021028 0
6579.970000 0.005783 0
6581.630000 0.013321 0
6583.290000 0.018414 0
6584.950000 0.014990 0
6586.610000 0.011801 0
6588.270000 0.010261 0
6589.930000 0.025024 0
6591.590000 0.038304 0
6593.250000 0.028581 0
6594.910000 0.019609 0
6596.570000 0.025970 0
6598.230000 0.009324 0
6599.890000 0.013348 0
6601.550000 0.022905 0
6603.210000 0.016971 0
6604.870000 0.011586 0
6606.530000 0.009523 0
6608.190000 0.008424 0
6609.850000 0.020780 0
6611.510000 0.017029 0
6613.170000 0.015365 0
6614.830000 0.016099 0
6616.490000 0.010734 0
6618.150000 0.002274 0
6619.810000 0.012538 0
6621.470000 0.025402 0
6623.130000 0.022261 0
6624.790000 0.013875 0
6626.450000 0.014671 0
6628.110000 0.022735 0
6629.770000 0.029325 0
6631.430000 0.011694 0
6633.090000 0.009744 0
6634.750000 0.011755 0
6636.410000 0.014937 0
6638.070000 0.017299 0
6639.730000 0.015548 0
6641.390000 0.019543 0
6643.050000 0.015354 0
6644.710000 0.015427 0
6646.370000 0.010437 0
6648.030000 0.013182 0
6649.690000 0.013707 0
6651.350000 0.018368 0
6653.010000 0.022034 0
6654.670000 0.020011 0
6656.330000 0.016917 0
6657.990000 0.009589 0
6659.650000 0.023186 0
6661.310000 0.017487 0
6662.970000 0.011357 0
6664.630000 0.016640 0
6666.290000 0.016365 0
6667.950000 0.037653 0
6669.610000 0.009513 0
6671.270000 0.024916 0
6672.930000 0.022714 0
6674.590000 0.020654 0
6676.250000 0.012194 0
6677.910000 0.008322 0
6679.570000 0.009870 0
6681.230000 0.020595 0
6682.890000 0.016857 0
6684.550000 0.019697 0
6686.210000 0.016422 0
6687.870000 0.014359 0
6689.530000 0.013702 0
6691.190000 0.010725 0
6692.850000 0.012362 0
6694.510000 0.020812 0
6696.170000 0.007178 0
6697.830000 0.002233 0
6699.490000 0.028270 0
6701.150000 0.034470 0
6702.810000 0.025208 0
6704.470000 0.018689 0
6706.130000 0.021779 0
6707.790000 0.017455 0
6709.450000 0.013509 0
6711.110000 0.014769 0
6712.770000 0.025619 0
6714.430000 0.018117 0
6716.090000 0.014264 0
6717.750000 0.027003 0
6719.410000 0.016454 0
6721.070000 0.021957 0
6722.730000 0.017033 0
6724.390000 0.024109 0
6726.050000 0.011942 0
6727.710000 0.030258 0
6729.370000 0.020573 0
6731.030000 0.013517 0
6732.690000 0.021998 0
6734.350000 0.013135 0
6736.010000 0.011054 0
6737.670000 0.020658 0
6739.330000 0.029550 0
6740.990000 0.023119 0
6742.650000 0.011170 0
6744.310000 0.019419 0
6745.970000 0.027935 0
6747.630000 0.017977 0
6749.290000 0.015355 0
6750.950000 0.020634 0
6752.610000 0.023040 0
6754.270000 0.023391 0
6755.930000 0.021321 0
6757.590000 0.017194 0
6759.250000 0.005011 0
6760.910000 0.017934 0
6762.570000 0.015789 0
6764.230000 0.023614 0
6765.890000 0.024022 0
6767.550000 0.021825 0
6769.210000 0.016392 0
6770.870000 0.019966 0
6772.530000 0.022213 0
6774.190000 0.015249 0
6775.850000 0.012503 0
6777.510000 0.013022 0
6779.170000 0.020931 0
6780.830000 0.019455 0
6782.490000 0.015867 0
6784.150000 0.013745 0
6785.810000 0.031124 0
6787.470000 0.025265 0
6789.130000 0.007118 0
6790.790000 0.011937 0
6792.450000 0.020714 0
6794.110000 0.020415 0
6795.770000 0.016245 0
6797.430000 0.004597 0
6799.090000 0.022382 0
6800.750000 0.020534 0
6802.410000 0.010358 0
6804.070000 0.023848 0
6805.730000 0.011523 0
6807.390000 0.018348 0
6809.050000 0.018985 0
6810.710000 0.020596 0
6812.370000 0.025670 0
6814.030000 0.014021 0
6815.690000 0.018632 0
6817.350000 0.016411 0
6819.010000 0.000903 0
6820.670000 0.004902 0
6822.330000 0.009088 0
6823.990000 0.019209 0
6825.650000 0.018471 0
6827.310000 0.025249 0
6828.970000 0.026311 0
6830.630000 0.025631 0
6832.290000 0.026735 0
6833.950000 0.021443 0
6835.610000 0.011282 0
6837.270000 0.005697 0
6838.930000 0.015711 0
6840.590000 0.014713 0
6842.250000 0.021858 0
6843.910000 0.021097 0
6845.570000 0.004527 0
6847.230000 0.013957 0
6848.890000 0.020170 0
6850.550000 0.019298 0
6852.210000 0.008282 0
6853.870000 0.015400 0
6855.530000 0.018068 0
6857.190000 0.017524 0
6858.850000 0.014630 0
6860.510000 0.023175 0
6862.170000 0.022823 0
6863.830000 0.009604 0
6865.490000 -0.010286 0
6867.150000 0.018771 0
6868.810000 0.004628 0
6870.470000 0.014364 0
6872.130000 0.005529 0
6873.790000 0.016061 0
6875.450000 0.018951 0
6877.110000 0.010134 0
6878.770000 0.004398 0
6880.430000 0.014851 0
6882.090000 0.014984 0
6883.750000 0.019719 0
6885.410000 0.020153 0
6887.070000 0.016606 0
6888.730000 0.003118 0
6890.390000 0.005200 0
6892.050000 0.010055 0
6893.710000 0.008940 0
6895.370000 0.023029 0
6897.030000 0.018853 0
6898.690000 0.023978 0
6900.350000 0.016592 0
6902.010000 -0.001402 0
6903.670000 0.015398 0
6905.330000 0.015463 0
6906.990000 0.016976 0
6908.650000 0.013848 0
6910.310000 0.010931 0
6911.970000 0.013349 0
6913.630000 -0.000974 0
6915.290000 0.017302 0
6916.950000 0.005404 0
6918.610000 0.014941 0
6920.270000 0.022481 0
6921.930000 0.027306 0
6923.590000 0.003876 0
6925.250000 0.010724 0
6926.910000 0.022962 0
6928.570000 0.020550 0
6930.230000 0.019661 0
6931.890000 0.024119 0
6933.550000 0.019926 0
6935.210000 0.013391 0
6936.870000 0.026893 0
6938.530000 0.027008 0
6940.190000 0.015055 0
6941.850000 0.013160 0
6943.510000 0.009856 0
6945.170000 0.019256 0
6946.830000 0.023600 0
6948.490000 0.002044 0
6950.150000 0.011157 0
6951.810000 0.002053 0
6953.470000 0.015254 0
6955.130000 0.017854 0
6956.790000 0.020051 0
6958.450000 0.008811 0
6960.110000 0.016037 0
6961.770000 0.021989 0
6963.430000 0.017583 0
6965.090000 0.015197 0
6966.750000 0.021553 0
6968.410000 0.012240 0
6970.070000 0.007840 0
6971.730000 0.015326 0
6973.390000 0.013915 0
6975.050000 0.022070 0
6976.710000 0.015432 0
6978.370000 0.011167 0
6980.030000 0.020633 0
6981.690000 0.008796 0
6983.350000 0.020377 0
6985.010000 0.006241 0
6986.670000 0.028178 0
6988.330000 0.010543 0
6989.990000 0.005917 0
6991.650000 0.015322 0
6993.310000 0.016639 0
6994.970000 0.017894 0
6996.630000 0.019930 0
6998.290000 0.012915 0
6999.950000 0.019654 0
7001.610000 0.006685 0
7003.270000 0.023419 0
7004.930000 0.018514 0
7006.590000 0.022002 0
7008.250000 0.028228 0
7009.910000 0.025342 0
7011.570000 0.010513 0
7013.230000 0.015360 0
7014.890000 0.024005 0
7016.550000 0.012895 0
7018.210000 0.020803 0
7019.870000 0.025993 0
7021.530000 0.023424 0
7023.190000 0.020228 0
7024.850000 0.016056 0
7026.510000 0.025749 0
7028.170000 0.021927 0
7029.830000 0.025355 0
7031.490000 0.015992 0
7033.150000 0.009628 0
7034.810000 0.027091 0
7036.470000 0.021018 0
7038.130000 0.026097 0
7039.790000 0.014563 0
7041.450000 0.025247 0
7043.110000 0.026921 0
7044.770000 0.026415 0
7046.430000 0.014505 0
7048.090000 0.020489 0
7049.750000 0.021821 0
7051.410000 0.021973 0
7053.070000 0.029229 0
7054.730000 0.022544 0
7056.390000 0.016556 0
7058.050000 0.018730 0
7059.710000 0.007947 0
7061.370000 0.019162 0
7063.030000 0.011448 0
7064.690000 0.011189 0
7066.350000 0.018871 0
7068.010000 0.013178 0
7069.670000 0.023017 0
7071.330000 0.021954 0
7072.990000 0.017263 0
7074.650000 0.018626 0
7076.310000 0.015580 0
7077.970000 0.010131 0
7079.630000 0.027262 0
7081.290000 0.012093 0
7082.950000 0.016458 0
7084.610000 0.009239 0
7086.270000 0.019444 0
7087.930000 0.025635 0
7089.590000 0.024191 0
7091.250000 0.022050 0
7092.910000 0.020228 0
7094.570000 0.027937 0
7096.230000 0.026629 0
7097.890000 0.014583 0
7099.550000 0.028916 0
7101.210000 0.025403 0
7102.870000 0.016262 0
7104.530000 0.018598 0
7106.190000 0.018966 0
7107.850000 0.006844 0
7109.510000 0.013617 0
7111.170000 0.027410 0
7112.830000 0.013773 0
7114.490000 0.014615 0
7116.150000 0.018087 0
7117.810000 0.020271 0
7119.470000 0.014400 0
7121.130000 0.009819 0
7122.790000 0.012955 0
7124.450000 0.017019 0
7126.110000 0.030657 0
7127.770000 0.022150 0
7129.430000 0.014350 0
7131.090000 0.019431 0
7132.750000 0.017423 0
7134.410000 0.020043 0
7136.070000 0.020296 0
7137.730000 0.019898 0
7139.390000 0.014663 0
7141.050000 0.008802 0
7142.710000 0.004373 0
7144.370000 0.021921 0
7146.030000 0.020674 0
7147.690000 0.018811 0
7149.350000 0.018700 0
7151.010000 0.015335 0
7152.670000 0.010669 0
7154.330000 0.017094 0
7155.990000 0.023326 0
7157.650000 0.014521 0
7159.310000 0.019790 0
7160.970000 0.019015 0
7162.630000 0.027481 0
7164.290000 0.017808 0
7165.950000 0.018921 0
7167.610000 0.019556 0
7169.270000 0.020721 0
7170.930000 0.020053 0
7172.590000 0.024599 0
7174.250000 0.019437 0
7175.910000 0.013106 0
7177.570000 0.025012 0
7179.230000 0.021417 0
7180.890000 0.019646 0
7182.550000 0.011617 0
7184.210000 0.017922 0
7185.870000 0.017045 0
7187.530000 0.012766 0
7189.190000 0.016154 0
7190.850000 0.023807 0
7192.510000 0.016400 0
7194.170000 0.020224 0
7195.830000 0.016494 0
7197.490000 0.021760 0
7199.150000 0.021318 0
7200.810000 0.020994 0
7202.470000 0.017606 0
7204.130000 0.018566 0
7205.790000 0.022756 0
7207.450000 0.025470 0
7209.110000 0.017651 0
7210.770000 0.021146 0
7212.430000 0.015859 0
7214.090000 0.016411 0
7215.750000 0.019685 0
7217.410000 0.021792 0
7219.070000 0.008293 0
7220.730000 0.018054 0
7222.390000 0.016021 0
7224.050000 0.024458 0
7225.710000 0.024723 0
7227.370000 0.019213 0
7229.030000 0.013276 0
7230.690000 0.017512 0
7232.350000 0.009903 0
7234.010000 0.015513 0
7235.670000 0.021383 0
7237.330000 0.016206 0
7238.990000 0.019843 0
7240.650000 -0.002423 0
7242.310000 -0.014137 0
7243.970000 0.013955 0
7245.630000 0.027860 0
7247.290000 0.012249 0
7248.950000 0.002463 0
7250.610000 0.020479 0
7252.270000 0.020733 0
7253.930000 0.012993 0
7255.590000 0.028329 0
7257.250000 0.010716 0
7258.910000 0.018433 0
7260.570000 0.021391 0
7262.230000 0.022714 0
7263.890000 0.013785 0
7265.550000 0.023741 0
7267.210000 0.007772 0
7268.870000 0.015131 0
7270.530000 0.024136 0
7272.190000 0.020644 0
7273.850000 0.038998 0
7275.510000 0.024535 0
7277.170000 0.018661 0
7278.830000 0.012144 0
7280.490000 0.018290 0
7282.150000 0.024143 0
7283.810000 0.018660 0
7285.470000 0.017419 0
7287.130000 0.022360 0
7288.790000 0.017564 0
7290.450000 0.020492 0
7292.110000 0.031174 0
7293.770000 0.029514 0
7295.430000 0.021086 0
7297.090000 0.021110 0
7298.750000 0.012553 0
7300.410000 0.009540 0
7302.070000 0.021223 0
7303.730000 0.018771 0
7305.390000 0.008458 0
7307.050000 0.004330 0
7308.710000 0.015729 0
7310.370000 0.015904 0
7312.030000 0.023873 0
7313.690000 0.020546 0
7315.350000 0.022556 0
7317.010000 0.003534 0
7318.670000 0.007012 0
7320.330000 0.020097 0
7321.990000 0.018329 0
7323.650000 0.014952 0
7325.310000 0.011007 0
7326.970000 0.015822 0
7328.630000 0.013589 0
7330.290000 -0.001808 0
7331.950000 0.018442 0
7333.610000 0.015448 0
7335.270000 0.019080 0
7336.930000 0.021998 0
7338.590000 0.045892 0
7340.250000 0.054348 0
7341.910000 0.031064 0
7343.570000 -0.001878 0
7345.230000 0.010804 0
7346.890000 0.015104 0
7348.550000 0.019115 0
7350.210000 0.020343 0
7351.870000 0.014662 0
7353.530000 0.017532 0
7355.190000 0.020133 0
7356.850000 0.041943 0
7358.510000 0.015142 0
7360.170000 0.014260 0
7361.830000 0.020244 0
7363.490000 0.023221 0
7365.150000 0.024303 0
7366.810000 0.017263 0
7368.470000 0.016046 0
7370.130000 0.020259 0
7371.790000 0.017018 0
7373.450000 0.023453 0
7375.110000 0.026043 0
7376.770000 0.019320 0
7378.430000 0.025427 0
7380.090000 0.026178 0
7381.750000 0.022540 0
7383.410000 0.004253 0
7385.070000 0.006084 0
7386.730000 0.013365 0
7388.390000 0.020135 0
7390.050000 0.033522 0
7391.710000 0.040126 0
7393.370000 0.023586 0
7395.030000 0.022373 0
7396.690000 0.019126 0
7398.350000 0.025235 0
7400.010000 0.024575 0
7401.670000 0.025111 0
7403.330000 0.023907 0
7404.990000 0.032078 0
7406.650000 0.012836 0
7408.310000 0.012927 0
7409.970000 0.015096 0
7411.630000 0.018457 0
7413.290000 0.024789 0
7414.950000 0.020168 0
7416.610000 0.025425 0
7418.270000 0.017768 0
7419.930000 0.024150 0
7421.590000 0.018761 0
7423.250000 0.016744 0
7424.910000 0.019490 0
7426.570000 0.029669 0
7428.230000 0.024784 0
7429.890000 0.013193 0
7431.550000 0.018855 0
7433.210000 0.012864 0
7434.870000 0.021283 0
7436.530000 0.026216 0
7438.190000 0.005099 0
7439.850000 0.029890 0
7441.510000 0.025757 0
7443.170000 0.022333 0
7444.830000 0.021078 0
7446.490000 0.021058 0
7448.150000 0.011487 0
7449.810000 0.018886 0
7451.470000 0.018899 0
7453.130000 0.026150 0
7454.790000 0.023291 0
7456.450000 0.022652 0
7458.110000 0.017673 0
7459.770000 0.021989 0
7461.430000 0.016066 0
7463.090000 0.005425 0
7464.750000 0.030500 0
7466.410000 0.017056 0
7468.070000 0.018427 0
7469.730000 0.016011 0
7471.390000 0.023470 0
7473.050000 0.008687 0
7474.710000 0.021508 0
7476.370000 0.020557 0
7478.030000 0.026791 0
7479.690000 0.015026 0
7481.350000 0.011823 0
7483.010000 0.012785 0
7484.670000 0.019393 0
7486.330000 0.015987 0
7487.990000 0.018641 0
7489.650000 0.022581 0
7491.310000 0.025557 0
7492.970000 0.014265 0
7494.630000 0.024987 0
7496.290000 0.029069 0
7497.950000 0.025014 0
7499.610000 0.027590 0
7501.270000 0.024032 0
7502.930000 0.025725 0
7504.590000 0.023026 0
7506.250000 0.015984 0
7507.910000 0.014530 0
7509.570000 0.021688 0
7511.230000 0.023693 0
7512.890000 0.020170 0
7514.550000 0.021250 0
7516.210000 0.017511 0
7517.870000 0.028783 0
7519.530000 0.017604 0
7521.190000 0.034719 0
7522.850000 0.027019 0
7524.510000 0.020463 0
7526.170000 -0.008304 0
7527.830000 0.016290 0
7529.490000 0.023012 0
7531.150000 0.013661 0
7532.810000 0.033382 0
7534.470000 0.010689 0
7536.130000 0.022838 0
7537.790000 0.026103 0
7539.450000 0.019545 0
7541.110000 0.019497 0
7542.770000 0.010904 0
7544.430000 0.017658 0
7546.090000 0.021188 0
7547.750000 0.011982 0
7549.410000 0.027332 0
7551.070000 0.021328 0
7552.730000 0.023705 0
7554.390000 0.017363 0
7556.050000 0.027525 0
7557.710000 0.032265 0
7559.370000 0.015987 0
7561.030000 0.012883 0
7562.690000 0.013012 0
7564.350000 0.010357 0
7566.010000 0.022431 0
7567.670000 0.023261 0
7569.330000 0.047528 0
7570.990000 0.015400 0
7572.650000 0.027485 0
7574.310000 0.003975 0
7575.970000 0.036866 0
7577.630000 0.020862 0
7579.290000 0.028487 0
7580.950000 0.027265 0
7582.610000 0.020369 0
7584.270000 0.019126 0
7585.930000 0.023587 0
7587.590000 0.019932 0
7589.250000 0.027102 0
7590.910000 0.029236 0
7592.570000 0.025061 0
7594.230000 0.017771 0
7595.890000 0.060810 0
7597.550000 0.028219 0
7599.210000 0.010272 0
7600.870000 -0.009562 0
7602.530000 0.024343 0
7604.190000 0.014592 0
7605.850000 0.038859 0
7607.510000 0.047054 0
7609.170000 0.004679 0
7610.830000 0.001463 0
7612.490000 0.024919 0
7614.150000 0.049160 0
7615.810000 0.040720 0
7617.470000 0.030877 0
7619.130000 0.019676 0
7620.790000 0.035912 0
7622.450000 0.038046 0
7624.110000 0.017254 0
7625.770000 0.008688 0
7627.430000 0.061471 0
7629.090000 0.027122 0
7630.750000 0.010868 0
7632.410000 0.022397 0
7634.070000 0.022473 0
7635.730000 0.025971 0
7637.390000 0.016519 0
7639.050000 0.020663 0
7640.710000 0.016421 0
7642.370000 0.021515 0
7644.030000 0.013621 0
7645.690000 0.032547 0
7647.350000 0.029373 0
7649.010000 0.036329 0
7650.670000 0.022022 0
7652.330000 0.015170 0
7653.990000 0.031296 0
7655.650000 0.022392 0
7657.310000 0.031731 0
7658.970000 0.026619 0
7660.630000 0.030962 0
7662.290000 0.033954 0
7663.950000 0.039147 0
7665.610000 0.022777 0
7667.270000 0.009541 0
7668.930000 0.016372 0
7670.590000 0.018299 0
7672.250000 0.027775 0
7673.910000 0.024391 0
7675.570000 0.015751 0
7677.230000 0.010734 0
7678.890000 0.020276 0
7680.550000 0.025476 0
7682.210000 0.018200 0
7683.870000 0.021782 0
7685.530000 0.021636 0
7687.190000 0.023415 0
7688.850000 0.031814 0
7690.510000 0.021504 0
7692.170000 0.025932 0
7693.830000 0.022261 0
7695.490000 0.010505 0
7697.150000 0.018109 0
7698.810000 0.022901 0
7700.470000 0.030237 0
7702.130000 0.015985 0
7703.790000 0.023892 0
7705.450000 0.020450 0
7707.110000 0.024161 0
7708.770000 0.033523 0
7710.430000 0.045695 0
7712.090000 0.028429 0
7713.750000 0.018104 0
7715.410000 0.007312 0
7717.070000 0.012494 0
7718.730000 0.006585 0
7720.390000 0.034503 0
7722.050000 0.032351 0
7723.710000 0.023990 0
7725.370000 0.024053 0
7727.030000 0.008272 0
7728.690000 0.013905 0
7730.350000 0.025817 0
7732.010000 0.022010 0
7733.670000 0.016433 0
7735.330000 0.023150 0
7736.990000 0.016177 0
7738.650000 0.015741 0
7740.310000 0.014189 0
7741.970000 0.014719 0
7743.630000 0.021204 0
7745.290000 0.021593 0
7746.950000 0.015840 0
7748.610000 0.055676 0
7750.270000 -0.021284 0
7751.930000 -0.027342 0
7753.590000 0.022961 0
7755.250000 0.026840 0
7756.910000 0.023788 0
7758.570000 0.024427 0
7760.230000 0.024657 0
7761.890000 0.024184 0
7763.550000 0.012374 0
7765.210000 0.014324 0
7766.870000 0.025045 0
7768.530000 0.022955 0
7770.190000 0.018390 0
7771.850000 0.028703 0
7773.510000 0.021921 0
7775.170000 0.031587 0
7776.830000 0.012521 0
7778.490000 0.013388 0
7780.150000 0.022640 0
7781.810000 0.014646 0
7783.470000 0.020287 0
7785.130000 0.027248 0
7786.790000 0.015329 0
7788.450000 0.025945 0
7790.110000 0.016035 0
7791.770000 0.046798 0
7793.430000 0.032981 0
7795.090000 0.027711 0
7796.750000 0.033093 0
7798.410000 0.023171 0
7800.070000 0.014610 0
7801.730000 0.016608 0
7803.390000 0.032094 0
7805.050000 0.024798 0
7806.710000 0.027357 0
7808.370000 0.019019 0
7810.030000 0.036263 0
7811.690000 0.008971 0
7813.350000 0.025805 0
7815.010000 0.018570 0
7816.670000 0.016250 0
7818.330000 0.038775 0
7819.990000 0.055220 0
7821.650000 0.008682 0
7823.310000 -0.025744 0
7824.970000 0.007105 0
7826.630000 0.018489 0
7828.290000 0.027865 0
7829.950000 0.028603 0
7831.610000 0.041242 0
7833.270000 0.023375 0
7834.930000 0.020405 0
7836.590000 0.029295 0
7838.250000 0.027734 0
7839.910000 0.018461 0
7841.570000 0.013602 0
7843.230000 0.017684 0
7844.890000 0.009073 0
7846.550000 0.024135 0
7848.210000 0.018203 0
7849.870000 0.027004 0
7851.530000 0.086332 0
7853.190000 -0.008715 0
7854.850000 -0.014252 0
7856.510000 0.008409 0
7858.170000 0.009188 0
7859.830000 -0.000163 0
7861.490000 0.032423 0
7863.150000 0.009085 0
7864.810000 0.015096 0
7866.470000 0.039622 0
7868.130000 0.043247 0
7869.790000 0.038134 0
7871.450000 0.041193 0
7873.110000 0.025737 0
7874.770000 0.014835 0
7876.430000 0.024462 0
7878.090000 0.018707 0
7879.750000 0.024758 0
7881.410000 0.005606 0
7883.070000 0.019558 0
7884.730000 0.011668 0
7886.390000 0.031132 0
7888.050000 0.027444 0
7889.710000 0.011229 0
7891.370000 0.027164 0
7893.030000 0.023662 0
7894.690000 0.015599 0
7896.350000 0.021357 0
7898.010000 0.017695 0
7899.670000 0.035398 0
7901.330000 0.033678 0
7902.990000 0.034270 0
7904.650000 0.024034 0
7906.310000 0.015783 0
7907.970000 0.010925 0
7909.630000 0.026096 0
7911.290000 0.010209 0
7912.950000 0.042985 0
7914.610000 0.031573 0
7916.270000 -0.027769 0
7917.930000 0.029418 0
7919.590000 0.006955 0
7921.250000 0.009857 0
7922.910000 -0.001759 0
7924.570000 0.018954 0
7926.230000 0.025260 0
7927.890000 0.024042 0
7929.550000 0.034505 0
7931.210000 0.026690 0
7932.870000 0.013401 0
7934.530000 0.030463 0
7936.190000 0.021807 0
7937.850000 0.015521 0
7939.510000 0.013207 0
7941.170000 0.015916 0
7942.830000 0.002707 0
7944.490000 0.033956 0
7946.150000 0.023744 0
7947.810000 0.037073 0
7949.470000 0.023859 0
7951.130000 0.005066 0
7952.790000 0.026794 0
7954.450000 0.030809 0
7956.110000 0.021275 0
7957.770000 0.011579 0
7959.430000 0.018735 0
7961.090000 0.026972 0
7962.750000 0.047648 0
7964.410000 0.025731 0
7966.070000 0.003709 0
7967.730000 -0.023458 0
7969.390000 0.033582 0
7971.050000 0.024540 0
7972.710000 0.014014 0
7974.370000 0.018030 0
7976.030000 0.042867 0
7977.690000 0.032057 0
7979.350000 0.030968 0
7981.010000 0.017030 0
7982.670000 -0.021222 0
7984.330000 0.014383 0
7985.990000 0.011699 0
7987.650000 0.013597 0
7989.310000 0.028690 0
7990.970000 0.028133 0
7992.630000 -0.004384 0
7994.290000 0.004088 0
7995.950000 0.017680 0
7997.610000 0.040990 0
7999.270000 0.023300 0
8000.930000 0.023609 0
8002.590000 0.030680 0
8004.250000 0.016337 0
8005.910000 0.016286 0
8007.570000 0.025311 0
8009.230000 0.011027 0
8010.890000 0.025309 0
8012.550000 0.032966 0
8014.210000 0.023558 0
8015.870000 0.031298 0
8017.530000 0.016427 0
8019.190000 0.011639 0
8020.850000 0.017477 0
8022.510000 0.023022 0
8024.170000 0.020877 0
8025.830000 -0.003306 0
8027.490000 -0.022462 0
8029.150000 -0.017093 0
8030.810000 0.016563 0
8032.470000 0.013644 0
8034.130000 0.025919 0
8035.790000 0.017928 0
8037.450000 0.015934 0
8039.110000 0.022593 0
8040.770000 0.022785 0
8042.430000 0.020486 0
8044.090000 0.009159 0
8045.750000 0.014178 0
8047.410000 0.027924 0
8049.070000 0.019402 0
8050.730000 0.027016 0
8052.390000 0.013316 0
8054.050000 0.037647 0
8055.710000 0.022778 0
8057.370000 0.023411 0
8059.030000 0.033489 0
8060.690000 0.033100 0
8062.350000 0.011895 0
8064.010000 0.029493 0
8065.670000 0.018498 0
8067.330000 0.015510 0
8068.990000 0.019186 0
8070.650000 0.024649 0
8072.310000 0.030079 0
8073.970000 0.017385 0
8075.630000 0.024623 0
8077.290000 0.028350 0
8078.950000 0.015793 0
8080.610000 0.008859 0
8082.270000 0.027209 0
8083.930000 0.023867 0
8085.590000 0.024431 0
8087.250000 0.020167 0
8088.910000 0.026341 0
8090.570000 0.025777 0
8092.230000 0.012358 0
8093.890000 0.018681 0
8095.550000 0.023466 0
8097.210000 0.023591 0
8098.870000 0.027976 0
8100.530000 0.011569 0
8102.190000 0.005746 0
8103.850000 0.020116 0
8105.510000 0.016175 0
8107.170000 0.018103 0
8108.830000 0.013901 0
8110.490000 0.003226 0
8112.150000 0.028137 0
8113.810000 0.023164 0
8115.470000 0.025843 0
8117.130000 0.028748 0
8118.790000 0.019732 0
8120.450000 0.017510 0
8122.110000 0.025254 0
8123.770000 0.016065 0
8125.430000 0.007859 0
8127.090000 0.019920 0
8128.750000 0.015171 0
8130.410000 0.019070 0
8132.070000 0.024837 0
8133.730000 0.019353 0
8135.390000 0.015988 0
8137.050000 0.030710 0
8138.710000 0.024470 0
8140.370000 0.008521 0
8142.030000 0.010867 0
8143.690000 0.021891 0
8145.350000 0.025127 0
8147.010000 0.046089 0
8148.670000 0.019636 0
8150.330000 0.020641 0
8151.990000 0.016096 0
8153.650000 0.022744 0
8155.310000 0.022846 0
8156.970000 0.021395 0
8158.630000 0.027568 0
8160.290000 0.023364 0
8161.950000 0.017917 0
8163.610000 0.012779 0
8165.270000 0.005658 0
8166.930000 0.014519 0
8168.590000 0.016170 0
8170.250000 0.030539 0
8171.910000 0.024664 0
8173.570000 0.015996 0
8175.230000 0.022222 0
8176.890000 0.020595 0
8178.550000 0.022855 0
8180.210000 0.014815 0
8181.870000 0.023585 0
8183.530000 0.005076 0
8185.190000 0.014908 0
8186.850000 0.034907 0
8188.510000 0.012673 0
8190.170000 0.008675 0
8191.830000 0.026053 0
8193.490000 0.032326 0
8195.150000 0.018666 0
8196.810000 0.024750 0
8198.470000 0.016629 0
8200.130000 0.027779 0
8201.790000 0.017297 0
8203.450000 0.017875 0
8205.110000 0.015136 0
8206.770000 0.010018 0
8208.430000 0.010916 0
8210.090000 0.013594 0
8211.750000 0.017928 0
8213.410000 0.022899 0
8215.070000 0.029951 0
8216.730000 0.020971 0
8218.390000 0.011760 0
8220.050000 0.021240 0
8221.710000 0.026885 0
8223.370000 0.027642 0
8225.030000 0.021870 0
8226.690000 0.023359 0
8228.350000 0.027273 0
8230.010000 0.021229 0
8231.670000 0.018155 0
8233.330000 0.020643 0
8234.990000 0.017875 0
8236.650000 0.019175 0
8238.310000 0.028550 0
8239.970000 0.010917 0
8241.630000 0.015856 0
8243.290000 0.021340 0
8244.950000 0.025348 0
8246.610000 0.019078 0
8248.270000 0.015256 0
8249.930000 0.025054 0
8251.590000 0.018215 0
8253.250000 0.020678 0
8254.910000 0.014908 0
8256.570000 0.016465 0
8258.230000 0.021306 0
8259.890000 0.022827 0
8261.550000 0.019839 0
8263.210000 0.022396 0
8264.870000 0.010970 0
8266.530000 0.019457 0
8268.190000 0.018287 0
8269.850000 0.027451 0
8271.510000 0.019539 0
8273.170000 0.023282 0
8274.830000 0.011534 0
8276.490000 0.053184 0
8278.150000 0.034005 0
8279.810000 0.050275 0
8281.470000 0.053225 0
8283.130000 -0.001646 0
8284.790000 0.018581 0
8286.450000 0.050779 0
8288.110000 0.022163 0
8289.770000 -0.012983 0
8291.430000 0.011786 0
8293.090000 0.005021 0
8294.750000 0.023827 0
8296.410000 0.064306 0
8298.070000 0.030655 0
8299.730000 0.020122 0
8301.390000 0.021337 0
8303.050000 -0.002527 0
8304.710000 0.028064 0
8306.370000 0.022181 0
8308.030000 0.033474 0
8309.690000 0.042227 0
8311.350000 0.013197 0
8313.010000 0.023498 0
8314.670000 0.023500 0
8316.330000 0.011559 0
8317.990000 0.029746 0
8319.650000 0.020276 0
8321.310000 0.029278 0
8322.970000 0.015130 0
8324.630000 0.015133 0
8326.290000 0.015786 0
8327.950000 0.016308 0
8329.610000 0.015193 0
8331.270000 0.004148 0
8332.930000 0.014145 0
8334.590000 0.041760 0
8336.250000 0.018267 0
8337.910000 0.016198 0
8339.570000 0.029014 0
8341.230000 0.066332 0
8342.890000 0.087388 0
8344.550000 -0.009652 0
8346.210000 -0.011353 0
8347.870000 -0.008864 0
8349.530000 0.005972 0
8351.190000 0.018722 0
8352.850000 0.046190 0
8354.510000 0.015809 0
8356.170000 0.001860 0
8357.830000 0.018720 0
8359.490000 0.020420 0
8361.150000 0.028864 0
8362.810000 0.023401 0
8364.470000 0.020028 0
8366.130000 0.001706 0
8367.790000 0.012973 0
8369.450000 0.019398 0
8371.110000 0.030153 0
8372.770000 0.024084 0
8374.430000 0.023830 0
8376.090000 0.022085 0
8377.750000 0.018124 0
8379.410000 0.030281 0
8381.070000 0.018129 0
8382.730000 0.019478 0
8384.390000 0.020167 0
8386.050000 -0.001026 0
8387.710000 0.021319 0
8389.370000 0.021991 0
8391.030000 0.021172 0
8392.690000 0.027533 0
8394.350000 0.025306 0
8396.010000 0.018873 0
8397.670000 -0.003457 0
8399.330000 0.043302 0
8400.990000 -0.052770 0
8402.650000 0.015819 0
8404.310000 0.029804 0
8405.970000 0.019417 0
8407.630000 0.032524 0
8409.290000 0.027304 0
8410.950000 0.019982 0
8412.610000 0.024227 0
8414.270000 0.014424 0
8415.930000 0.006246 0
8417.590000 0.022680 0
8419.250000 0.017218 0
8420.910000 0.031851 0
8422.570000 0.033560 0
8424.230000 0.024752 0
8425.890000 0.028455 0
8427.550000 0.051063 0
8429.210000 0.042636 0
8430.870000 0.020761 0
8432.530000 -0.012820 0
8434.190000 -0.005756 0
8435.850000 0.016195 0
8437.510000 0.024130 0
8439.170000 0.025941 0
8440.830000 0.009530 0
8442.490000 0.011343 0
8444.150000 0.022375 0
8445.810000 0.018250 0
8447.470000 0.032613 0
8449.130000 0.037843 0
8450.790000 0.022639 0
8452.450000 0.005502 0
8454.110000 0.008293 0
8455.770000 0.018281 0
8457.430000 0.019526 0
8459.090000 0.022447 0
8460.750000 0.023993 0
8462.410000 0.017196 0
8464.070000 0.002344 0
8465.730000 0.002336 0
8467.390000 0.023261 0
8469.050000 0.004840 0
8470.710000 0.027902 0
8472.370000 0.019652 0
8474.030000 0.020261 0
8475.690000 0.039742 0
8477.350000 0.070768 0
