# obs: 255704
# slit: 38
# z: 0.45241
# lines: [OII],K,H,H{beta}
# spec: 482
5120.830000 0.000000 1
5122.490000 0.000000 1
5124.150000 0.000000 1
5125.810000 0.000000 1
5127.470000 0.000000 1
5129.130000 0.000000 1
5130.790000 0.000000 1
5132.450000 0.000000 1
5134.110000 0.000000 1
5135.770000 0.000000 1
5137.430000 0.000000 1
5139.090000 0.000000 1
5140.750000 0.000000 1
5142.410000 0.000000 1
5144.070000 0.000000 1
5145.730000 0.000000 1
5147.390000 0.000000 1
5149.050000 0.000000 1
5150.710000 0.000000 1
5152.370000 0.000000 1
5154.030000 0.000000 1
5155.690000 0.000000 1
5157.350000 0.000000 1
5159.010000 0.000000 1
5160.670000 0.000000 1
5162.330000 0.000000 1
5163.990000 0.000000 1
5165.650000 0.000000 1
5167.310000 0.000000 1
5168.970000 0.000000 1
5170.630000 0.000000 1
5172.290000 0.000000 1
5173.950000 0.000000 1
5175.610000 0.008655 0
5177.270000 0.014280 0
5178.930000 0.025451 0
5180.590000 0.027359 0
5182.250000 0.025727 0
5183.910000 0.000345 0
5185.570000 0.023503 0
5187.230000 0.008952 0
5188.890000 0.031112 0
5190.550000 0.013596 0
5192.210000 0.017868 0
5193.870000 0.018266 0
5195.530000 -0.019600 0
5197.190000 -0.014229 0
5198.850000 0.023697 0
5200.510000 0.019792 0
5202.170000 0.023769 0
5203.830000 0.022957 0
5205.490000 0.027917 0
5207.150000 0.016425 0
5208.810000 0.017078 0
5210.470000 0.027415 0
5212.130000 0.033564 0
5213.790000 0.017924 0
5215.450000 0.014612 0
5217.110000 0.023359 0
5218.770000 0.028827 0
5220.430000 0.010145 0
5222.090000 0.022130 0
5223.750000 0.051028 0
5225.410000 0.040181 0
5227.070000 0.021174 0
5228.730000 0.013870 0
5230.390000 0.041096 0
5232.050000 0.008698 0
5233.710000 0.010756 0
5235.370000 0.012920 0
5237.030000 0.023489 0
5238.690000 0.014737 0
5240.350000 0.017278 0
5242.010000 0.027436 0
5243.670000 0.032053 0
5245.330000 0.033007 0
5246.990000 0.013866 0
5248.650000 0.012951 0
5250.310000 0.031756 0
5251.970000 0.042524 0
5253.630000 0.010115 0
5255.290000 0.019794 0
5256.950000 0.017691 0
5258.610000 0.033253 0
5260.270000 0.015410 0
5261.930000 0.026679 0
5263.590000 0.019540 0
5265.250000 0.019771 0
5266.910000 0.017230 0
5268.570000 0.024915 0
5270.230000 0.016648 0
5271.890000 0.020357 0
5273.550000 0.021971 0
5275.210000 0.034094 0
5276.870000 0.033744 0
5278.530000 0.029368 0
5280.190000 0.038819 0
5281.850000 0.028387 0
5283.510000 0.023145 0
5285.170000 0.025466 0
5286.830000 0.019985 0
5288.490000 0.016688 0
5290.150000 0.026408 0
5291.810000 0.030212 0
5293.470000 0.031624 0
5295.130000 0.026396 0
5296.790000 0.024825 0
5298.450000 0.018665 0
5300.110000 0.030438 0
5301.770000 0.042184 0
5303.430000 0.025720 0
5305.090000 0.023911 0
5306.750000 0.011701 0
5308.410000 0.030216 0
5310.070000 0.033602 0
5311.730000 0.027125 0
5313.390000 0.015912 0
5315.050000 0.032098 0
5316.710000 0.014952 0
5318.370000 0.024223 0
5320.030000 0.033575 0
5321.690000 0.032543 0
5323.350000 0.010128 0
5325.010000 0.023825 0
5326.670000 0.038811 0
5328.330000 0.011138 0
5329.990000 0.031695 0
5331.650000 0.029689 0
5333.310000 0.021871 0
5334.970000 0.028127 0
5336.630000 0.037879 0
5338.290000 0.038771 0
5339.950000 0.025609 0
5341.610000 0.020219 0
5343.270000 0.035996 0
5344.930000 0.014855 0
5346.590000 0.039720 0
5348.250000 0.024963 0
5349.910000 0.021608 0
5351.570000 0.013007 0
5353.230000 0.018264 0
5354.890000 0.030268 0
5356.550000 0.022532 0
5358.210000 0.028725 0
5359.870000 0.030906 0
5361.530000 0.025016 0
5363.190000 0.017600 0
5364.850000 0.020198 0
5366.510000 0.018299 0
5368.170000 0.019674 0
5369.830000 0.039877 0
5371.490000 0.015680 0
5373.150000 0.013607 0
5374.810000 0.029804 0
5376.470000 0.026908 0
5378.130000 0.017195 0
5379.790000 0.030317 0
5381.450000 0.045931 0
5383.110000 0.021757 0
5384.770000 0.020631 0
5386.430000 0.027748 0
5388.090000 0.015976 0
5389.750000 0.020983 0
5391.410000 0.030155 0
5393.070000 0.008853 0
5394.730000 0.008383 0
5396.390000 0.044421 0
5398.050000 0.016539 0
5399.710000 0.021598 0
5401.370000 0.030350 0
5403.030000 0.032427 0
5404.690000 0.015485 0
5406.350000 0.014832 0
5408.010000 0.049252 0
5409.670000 0.034496 0
5411.330000 0.054680 0
5412.990000 0.078490 0
5414.650000 0.090696 0
5416.310000 0.074248 0
5417.970000 0.077605 0
5419.630000 0.038392 0
5421.290000 0.048166 0
5422.950000 0.021589 0
5424.610000 0.015706 0
5426.270000 0.027666 0
5427.930000 0.038855 0
5429.590000 0.024406 0
5431.250000 0.032899 0
5432.910000 0.032805 0
5434.570000 0.026030 0
5436.230000 0.026773 0
5437.890000 0.039559 0
5439.550000 0.032767 0
5441.210000 0.020081 0
5442.870000 0.012638 0
5444.530000 0.028048 0
5446.190000 0.006617 0
5447.850000 0.026642 0
5449.510000 0.029062 0
5451.170000 0.027787 0
5452.830000 0.022500 0
5454.490000 0.034431 0
5456.150000 0.034151 0
5457.810000 0.022650 0
5459.470000 0.029945 0
5461.130000 0.031714 0
5462.790000 0.026821 0
5464.450000 0.023059 0
5466.110000 0.028948 0
5467.770000 0.018173 0
5469.430000 0.028088 0
5471.090000 0.025414 0
5472.750000 0.016361 0
5474.410000 0.021879 0
5476.070000 0.020117 0
5477.730000 0.019001 0
5479.390000 0.024495 0
5481.050000 0.011593 0
5482.710000 0.018080 0
5484.370000 0.033697 0
5486.030000 0.021092 0
5487.690000 0.031915 0
5489.350000 0.027490 0
5491.010000 0.024395 0
5492.670000 0.036037 0
5494.330000 0.034305 0
5495.990000 0.024502 0
5497.650000 0.023711 0
5499.310000 0.033028 0
5500.970000 0.016207 0
5502.630000 0.025448 0
5504.290000 0.028469 0
5505.950000 0.035253 0
5507.610000 0.042798 0
5509.270000 0.027143 0
5510.930000 0.026366 0
5512.590000 0.027051 0
5514.250000 0.019518 0
5515.910000 0.032185 0
5517.570000 0.016834 0
5519.230000 0.013786 0
5520.890000 0.028334 0
5522.550000 0.030122 0
5524.210000 0.023759 0
5525.870000 0.029583 0
5527.530000 0.020222 0
5529.190000 0.042198 0
5530.850000 0.029579 0
5532.510000 0.026378 0
5534.170000 0.035940 0
5535.830000 0.029503 0
5537.490000 0.043052 0
5539.150000 0.033919 0
5540.810000 0.015476 0
5542.470000 0.035999 0
5544.130000 0.038754 0
5545.790000 0.043698 0
5547.450000 0.024659 0
5549.110000 0.028099 0
5550.770000 0.031646 0
5552.430000 0.040399 0
5554.090000 0.034345 0
5555.750000 0.023909 0
5557.410000 0.019723 0
5559.070000 0.022173 0
5560.730000 0.028466 0
5562.390000 0.028910 0
5564.050000 0.019636 0
5565.710000 0.034648 0
5567.370000 0.046461 0
5569.030000 0.020572 0
5570.690000 0.027697 0
5572.350000 0.008261 1
5574.010000 -0.604540 1
5575.670000 -0.175007 1
5577.330000 0.046499 1
5578.990000 0.308494 1
5580.650000 0.696077 1
5582.310000 0.096362 1
5583.970000 0.035175 1
5585.630000 0.024934 0
5587.290000 0.029058 0
5588.950000 0.033182 0
5590.610000 0.040669 0
5592.270000 0.041024 0
5593.930000 0.036359 0
5595.590000 0.034939 0
5597.250000 0.023078 0
5598.910000 0.027680 0
5600.570000 0.042646 0
5602.230000 0.015061 0
5603.890000 0.033224 0
5605.550000 0.025567 0
5607.210000 0.029403 0
5608.870000 0.017067 0
5610.530000 0.053300 0
5612.190000 0.048264 0
5613.850000 0.037521 0
5615.510000 0.030518 0
5617.170000 0.035513 0
5618.830000 0.039070 0
5620.490000 0.030001 0
5622.150000 0.031408 0
5623.810000 0.036454 0
5625.470000 0.028197 0
5627.130000 0.028827 0
5628.790000 0.037624 0
5630.450000 0.037010 0
5632.110000 0.035796 0
5633.770000 0.039753 0
5635.430000 0.029770 0
5637.090000 0.031186 0
5638.750000 0.025114 0
5640.410000 0.029417 0
5642.070000 0.017621 0
5643.730000 0.015940 0
5645.390000 0.034672 0
5647.050000 0.022437 0
5648.710000 0.022434 0
5650.370000 0.022263 0
5652.030000 0.019282 0
5653.690000 0.030512 0
5655.350000 0.023830 0
5657.010000 0.033764 0
5658.670000 0.025999 0
5660.330000 0.021076 0
5661.990000 0.018541 0
5663.650000 0.023029 0
5665.310000 0.034184 0
5666.970000 0.026729 0
5668.630000 0.024708 0
5670.290000 0.028000 0
5671.950000 0.041937 0
5673.610000 0.044053 0
5675.270000 0.031826 0
5676.930000 0.036512 0
5678.590000 0.036892 0
5680.250000 0.040859 0
5681.910000 0.030330 0
5683.570000 0.043717 0
5685.230000 0.031440 0
5686.890000 0.040148 0
5688.550000 0.038336 0
5690.210000 0.025185 0
5691.870000 0.038758 0
5693.530000 0.022823 0
5695.190000 0.031563 0
5696.850000 0.035682 0
5698.510000 0.037260 0
5700.170000 0.029701 0
5701.830000 0.031028 0
5703.490000 0.049637 0
5705.150000 0.034821 0
5706.810000 0.018637 0
5708.470000 0.028194 0
5710.130000 0.027177 0
5711.790000 0.015890 0
5713.450000 0.012523 0
5715.110000 0.026447 0
5716.770000 0.015946 0
5718.430000 0.031074 0
5720.090000 0.032129 0
5721.750000 0.048905 0
5723.410000 0.020420 0
5725.070000 0.028008 0
5726.730000 0.029781 0
5728.390000 0.031769 0
5730.050000 0.047029 0
5731.710000 0.037493 0
5733.370000 0.027149 0
5735.030000 0.041741 0
5736.690000 0.029091 0
5738.350000 0.034833 0
5740.010000 0.039215 0
5741.670000 0.038166 0
5743.330000 0.049137 0
5744.990000 0.035280 0
5746.650000 0.026496 0
5748.310000 0.032306 0
5749.970000 0.031485 0
5751.630000 0.034947 0
5753.290000 0.029103 0
5754.950000 0.033704 0
5756.610000 0.013558 0
5758.270000 0.013019 0
5759.930000 0.017281 0
5761.590000 0.011347 0
5763.250000 0.023935 0
5764.910000 0.016607 0
5766.570000 0.022624 0
5768.230000 0.022483 0
5769.890000 0.033786 0
5771.550000 0.034258 0
5773.210000 0.028988 0
5774.870000 0.028512 0
5776.530000 0.026138 0
5778.190000 0.024640 0
5779.850000 0.026142 0
5781.510000 0.039725 0
5783.170000 0.037664 0
5784.830000 0.023962 0
5786.490000 0.028716 0
5788.150000 0.038251 0
5789.810000 0.044630 0
5791.470000 0.040097 0
5793.130000 0.027852 0
5794.790000 0.032597 0
5796.450000 0.035992 0
5798.110000 0.038400 0
5799.770000 0.039098 0
5801.430000 0.032971 0
5803.090000 0.030695 0
5804.750000 0.034077 0
5806.410000 0.032140 0
5808.070000 0.025703 0
5809.730000 0.038343 0
5811.390000 0.044036 0
5813.050000 0.029358 0
5814.710000 0.035176 0
5816.370000 0.031398 0
5818.030000 0.035648 0
5819.690000 0.036684 0
5821.350000 0.035723 0
5823.010000 0.046742 0
5824.670000 0.045020 0
5826.330000 0.052777 0
5827.990000 0.043891 0
5829.650000 0.041883 0
5831.310000 0.044028 0
5832.970000 0.040552 0
5834.630000 0.033941 0
5836.290000 0.045174 0
5837.950000 0.029675 0
5839.610000 0.035574 0
5841.270000 0.041804 0
5842.930000 0.043473 0
5844.590000 0.048033 0
5846.250000 0.045032 0
5847.910000 0.033779 0
5849.570000 0.041904 0
5851.230000 0.018936 0
5852.890000 0.037832 0
5854.550000 0.039865 0
5856.210000 0.037045 0
5857.870000 0.031997 0
5859.530000 0.031323 0
5861.190000 0.035957 0
5862.850000 0.033792 0
5864.510000 0.035874 0
5866.170000 0.024256 0
5867.830000 0.033679 0
5869.490000 0.030450 0
5871.150000 0.033517 0
5872.810000 0.026901 0
5874.470000 0.030351 0
5876.130000 0.026210 0
5877.790000 0.026376 0
5879.450000 0.037939 0
5881.110000 0.048381 0
5882.770000 0.045963 0
5884.430000 0.048605 0
5886.090000 0.018003 0
5887.750000 0.029582 0
5889.410000 0.036700 0
5891.070000 0.011719 0
5892.730000 0.042041 0
5894.390000 0.035984 0
5896.050000 0.038369 0
5897.710000 0.032869 0
5899.370000 0.052470 0
5901.030000 0.034825 0
5902.690000 0.038512 0
5904.350000 0.039810 0
5906.010000 0.043941 0
5907.670000 0.030422 0
5909.330000 0.045570 0
5910.990000 0.038983 0
5912.650000 0.038693 0
5914.310000 0.038738 0
5915.970000 0.023663 0
5917.630000 0.036709 0
5919.290000 0.044209 0
5920.950000 0.050454 0
5922.610000 0.032721 0
5924.270000 0.030712 0
5925.930000 0.037360 0
5927.590000 0.042197 0
5929.250000 0.038246 0
5930.910000 0.027268 0
5932.570000 0.033330 0
5934.230000 0.036666 0
5935.890000 0.035892 0
5937.550000 0.030196 0
5939.210000 0.042469 0
5940.870000 0.036467 0
5942.530000 0.033427 0
5944.190000 0.044200 0
5945.850000 0.022201 0
5947.510000 0.025438 0
5949.170000 0.045412 0
5950.830000 0.037568 0
5952.490000 0.046691 0
5954.150000 0.032197 0
5955.810000 0.019081 0
5957.470000 0.030202 0
5959.130000 0.028925 0
5960.790000 0.026655 0
5962.450000 0.020397 0
5964.110000 0.020879 0
5965.770000 0.037980 0
5967.430000 0.041789 0
5969.090000 0.035876 0
5970.750000 0.022722 0
5972.410000 0.045924 0
5974.070000 0.034241 0
5975.730000 0.022707 0
5977.390000 0.036207 0
5979.050000 0.044860 0
5980.710000 0.029939 0
5982.370000 0.037265 0
5984.030000 0.028329 0
5985.690000 0.033189 0
5987.350000 0.033684 0
5989.010000 0.033549 0
5990.670000 0.037153 0
5992.330000 0.045761 0
5993.990000 0.036854 0
5995.650000 0.030024 0
5997.310000 0.032993 0
5998.970000 0.037106 0
6000.630000 0.051465 0
6002.290000 0.038959 0
6003.950000 0.039133 0
6005.610000 0.029393 0
6007.270000 0.040765 0
6008.930000 0.027776 0
6010.590000 0.030755 0
6012.250000 0.036177 0
6013.910000 0.039959 0
6015.570000 0.044524 0
6017.230000 0.033052 0
6018.890000 0.041269 0
6020.550000 0.033146 0
6022.210000 0.040046 0
6023.870000 0.032446 0
6025.530000 0.055391 0
6027.190000 0.040507 0
6028.850000 0.029566 0
6030.510000 0.026584 0
6032.170000 0.032888 0
6033.830000 0.028685 0
6035.490000 0.028851 0
6037.150000 0.039656 0
6038.810000 0.038083 0
6040.470000 0.035014 0
6042.130000 0.035725 0
6043.790000 0.030093 0
6045.450000 0.036292 0
6047.110000 0.037055 0
6048.770000 0.037949 0
6050.430000 0.039060 0
6052.090000 0.041628 0
6053.750000 0.036376 0
6055.410000 0.037630 0
6057.070000 0.042821 0
6058.730000 0.039649 0
6060.390000 0.038307 0
6062.050000 0.027894 0
6063.710000 0.031229 0
6065.370000 0.032976 0
6067.030000 0.035333 0
6068.690000 0.041900 0
6070.350000 0.027847 0
6072.010000 0.037321 0
6073.670000 0.031481 0
6075.330000 0.036297 0
6076.990000 0.043316 0
6078.650000 0.038414 0
6080.310000 0.038858 0
6081.970000 0.027482 0
6083.630000 0.034581 0
6085.290000 0.037905 0
6086.950000 0.028525 0
6088.610000 0.037413 0
6090.270000 0.046774 0
6091.930000 0.036224 0
6093.590000 0.040396 0
6095.250000 0.036080 0
6096.910000 0.039003 0
6098.570000 0.034804 0
6100.230000 0.025720 0
6101.890000 0.032235 0
6103.550000 0.040316 0
6105.210000 0.032979 0
6106.870000 0.033662 0
6108.530000 0.040486 0
6110.190000 0.047652 0
6111.850000 0.037138 0
6113.510000 0.033715 0
6115.170000 0.042152 0
6116.830000 0.032599 0
6118.490000 0.039786 0
6120.150000 0.031993 0
6121.810000 0.038465 0
6123.470000 0.024910 0
6125.130000 0.034125 0
6126.790000 0.034108 0
6128.450000 0.033399 0
6130.110000 0.042568 0
6131.770000 0.038691 0
6133.430000 0.035512 0
6135.090000 0.040243 0
6136.750000 0.023931 0
6138.410000 0.031298 0
6140.070000 0.038747 0
6141.730000 0.045369 0
6143.390000 0.039095 0
6145.050000 0.037495 0
6146.710000 0.033862 0
6148.370000 0.039434 0
6150.030000 0.044278 0
6151.690000 0.040097 0
6153.350000 0.035457 0
6155.010000 0.034659 0
6156.670000 0.028825 0
6158.330000 0.036332 0
6159.990000 0.038057 0
6161.650000 0.041447 0
6163.310000 0.036456 0
6164.970000 0.035133 0
6166.630000 0.029713 0
6168.290000 0.034237 0
6169.950000 0.028722 0
6171.610000 0.031691 0
6173.270000 0.038970 0
6174.930000 0.036792 0
6176.590000 0.041487 0
6178.250000 0.041205 0
6179.910000 0.035903 0
6181.570000 0.040186 0
6183.230000 0.037401 0
6184.890000 0.040279 0
6186.550000 0.035055 0
6188.210000 0.041965 0
6189.870000 0.040537 0
6191.530000 0.045180 0
6193.190000 0.037859 0
6194.850000 0.034139 0
6196.510000 0.037409 0
6198.170000 0.036321 0
6199.830000 0.033492 0
6201.490000 0.036146 0
6203.150000 0.042387 0
6204.810000 0.030102 0
6206.470000 0.028295 0
6208.130000 0.037685 0
6209.790000 0.037964 0
6211.450000 0.031136 0
6213.110000 0.039928 0
6214.770000 0.037284 0
6216.430000 0.028507 0
6218.090000 0.029590 0
6219.750000 0.032283 0
6221.410000 0.047441 0
6223.070000 0.043557 0
6224.730000 0.030591 0
6226.390000 0.031600 0
6228.050000 0.028089 0
6229.710000 0.029585 0
6231.370000 0.026963 0
6233.030000 0.031777 0
6234.690000 0.022714 0
6236.350000 0.031846 0
6238.010000 0.036378 0
6239.670000 0.034833 0
6241.330000 0.032485 0
6242.990000 0.029624 0
6244.650000 0.031178 0
6246.310000 0.032594 0
6247.970000 0.030649 0
6249.630000 0.028922 0
6251.290000 0.031276 0
6252.950000 0.030116 0
6254.610000 0.026271 0
6256.270000 0.038753 0
6257.930000 0.019644 0
6259.590000 0.027888 0
6261.250000 0.039780 0
6262.910000 0.021303 0
6264.570000 0.038095 0
6266.230000 0.021779 0
6267.890000 0.035388 0
6269.550000 0.037007 0
6271.210000 0.030851 0
6272.870000 0.034789 0
6274.530000 0.033635 0
6276.190000 0.031307 0
6277.850000 0.027494 0
6279.510000 0.029773 0
6281.170000 0.029359 0
6282.830000 0.028231 0
6284.490000 0.030916 0
6286.150000 0.030003 0
6287.810000 0.026661 0
6289.470000 0.032607 0
6291.130000 0.034375 1
6292.790000 0.034002 1
6294.450000 0.017202 1
6296.110000 -0.101163 1
6297.770000 0.034155 1
6299.430000 0.027506 1
6301.090000 0.051722 1
6302.750000 0.188676 1
6304.410000 0.136229 1
6306.070000 0.044821 1
6307.730000 0.023934 1
6309.390000 0.031117 1
6311.050000 0.034970 1
6312.710000 0.025745 0
6314.370000 0.018453 0
6316.030000 0.024221 0
6317.690000 0.037771 0
6319.350000 0.029597 0
6321.010000 0.028151 0
6322.670000 0.031839 0
6324.330000 0.033249 0
6325.990000 0.020782 0
6327.650000 0.036484 0
6329.310000 0.025961 0
6330.970000 0.030754 0
6332.630000 0.035673 0
6334.290000 0.024909 0
6335.950000 0.034730 0
6337.610000 0.037775 0
6339.270000 0.038107 0
6340.930000 0.041190 0
6342.590000 0.038228 0
6344.250000 0.036982 0
6345.910000 0.033896 0
6347.570000 0.033302 0
6349.230000 0.020585 0
6350.890000 0.044006 0
6352.550000 0.035571 0
6354.210000 0.028093 0
6355.870000 0.042202 0
6357.530000 0.027551 1
6359.190000 0.013306 1
6360.850000 0.034433 1
6362.510000 0.063818 1
6364.170000 0.040248 1
6365.830000 -0.007789 1
6367.490000 0.068526 1
6369.150000 0.029976 1
6370.810000 0.025223 0
6372.470000 0.031780 0
6374.130000 0.037093 0
6375.790000 0.034592 0
6377.450000 0.030892 0
6379.110000 0.028107 0
6380.770000 0.027701 0
6382.430000 0.033982 0
6384.090000 0.035930 0
6385.750000 0.035265 0
6387.410000 0.039581 0
6389.070000 0.031589 0
6390.730000 0.035394 0
6392.390000 0.040466 0
6394.050000 0.039046 0
6395.710000 0.033177 0
6397.370000 0.035627 0
6399.030000 0.035152 0
6400.690000 0.031949 0
6402.350000 0.032955 0
6404.010000 0.032412 0
6405.670000 0.030981 0
6407.330000 0.033679 0
6408.990000 0.036149 0
6410.650000 0.035814 0
6412.310000 0.045574 0
6413.970000 0.035198 0
6415.630000 0.031120 0
6417.290000 0.036431 0
6418.950000 0.036854 0
6420.610000 0.035844 0
6422.270000 0.029003 0
6423.930000 0.030741 0
6425.590000 0.035357 0
6427.250000 0.031035 0
6428.910000 0.034155 0
6430.570000 0.035159 0
6432.230000 0.030933 0
6433.890000 0.035095 0
6435.550000 0.035330 0
6437.210000 0.040188 0
6438.870000 0.022559 0
6440.530000 0.032442 0
6442.190000 0.035168 0
6443.850000 0.037479 0
6445.510000 0.031284 0
6447.170000 0.030629 0
6448.830000 0.031671 0
6450.490000 0.033550 0
6452.150000 0.034752 0
6453.810000 0.033860 0
6455.470000 0.036500 0
6457.130000 0.034091 0
6458.790000 0.026190 0
6460.450000 0.031825 0
6462.110000 0.024950 0
6463.770000 0.038632 0
6465.430000 0.035751 0
6467.090000 0.040414 0
6468.750000 0.037641 0
6470.410000 0.027231 0
6472.070000 0.038594 0
6473.730000 0.034705 0
6475.390000 0.037641 0
6477.050000 0.026704 0
6478.710000 0.028611 0
6480.370000 0.030804 0
6482.030000 0.030748 0
6483.690000 0.029932 0
6485.350000 0.034210 0
6487.010000 0.029818 0
6488.670000 0.029815 0
6490.330000 0.036240 0
6491.990000 0.038629 0
6493.650000 0.033683 0
6495.310000 0.034836 0
6496.970000 0.047742 0
6498.630000 0.028716 0
6500.290000 0.035792 0
6501.950000 0.043949 0
6503.610000 0.036417 0
6505.270000 0.027198 0
6506.930000 0.033397 0
6508.590000 0.037378 0
6510.250000 0.037761 0
6511.910000 0.042979 0
6513.570000 0.033578 0
6515.230000 0.030205 0
6516.890000 0.040688 0
6518.550000 0.039558 0
6520.210000 0.038131 0
6521.870000 0.029207 0
6523.530000 0.035784 0
6525.190000 0.024231 0
6526.850000 0.026298 0
6528.510000 0.038001 0
6530.170000 0.036810 0
6531.830000 0.036247 0
6533.490000 0.031214 0
6535.150000 0.031967 0
6536.810000 0.032381 0
6538.470000 0.034441 0
6540.130000 0.029721 0
6541.790000 0.028068 0
6543.450000 0.034471 0
6545.110000 0.028999 0
6546.770000 0.034350 0
6548.430000 0.043412 0
6550.090000 0.037381 0
6551.750000 0.036187 0
6553.410000 0.027035 0
6555.070000 0.033761 0
6556.730000 0.024106 0
6558.390000 0.032992 0
6560.050000 0.023897 0
6561.710000 0.035825 0
6563.370000 0.038260 0
6565.030000 0.030611 0
6566.690000 0.033902 0
6568.350000 0.032902 0
6570.010000 0.029957 0
6571.670000 0.028263 0
6573.330000 0.021833 0
6574.990000 0.032687 0
6576.650000 0.037582 0
6578.310000 0.033848 0
6579.970000 0.034584 0
6581.630000 0.030298 0
6583.290000 0.034255 0
6584.950000 0.036703 0
6586.610000 0.038683 0
6588.270000 0.036224 0
6589.930000 0.036056 0
6591.590000 0.027541 0
6593.250000 0.030009 0
6594.910000 0.033491 0
6596.570000 0.029730 0
6598.230000 0.029270 0
6599.890000 0.034726 0
6601.550000 0.034655 0
6603.210000 0.032013 0
6604.870000 0.030934 0
6606.530000 0.037174 0
6608.190000 0.038090 0
6609.850000 0.038156 0
6611.510000 0.034800 0
6613.170000 0.035132 0
6614.830000 0.030243 0
6616.490000 0.022006 0
6618.150000 0.034348 0
6619.810000 0.038897 0
6621.470000 0.037223 0
6623.130000 0.028784 0
6624.790000 0.031684 0
6626.450000 0.030694 0
6628.110000 0.025099 0
6629.770000 0.028912 0
6631.430000 0.028651 0
6633.090000 0.029979 0
6634.750000 0.033590 0
6636.410000 0.034196 0
6638.070000 0.039725 0
6639.730000 0.042088 0
6641.390000 0.034744 0
6643.050000 0.043141 0
6644.710000 0.039681 0
6646.370000 0.036364 0
6648.030000 0.033954 0
6649.690000 0.036740 0
6651.350000 0.037648 0
6653.010000 0.027994 0
6654.670000 0.040292 0
6656.330000 0.025678 0
6657.990000 0.029348 0
6659.650000 0.037482 0
6661.310000 0.034026 0
6662.970000 0.035917 0
6664.630000 0.030700 0
6666.290000 0.028711 0
6667.950000 0.030273 0
6669.610000 0.031856 0
6671.270000 0.036822 0
6672.930000 0.029150 0
6674.590000 0.033994 0
6676.250000 0.028741 0
6677.910000 0.035166 0
6679.570000 0.027383 0
6681.230000 0.034902 0
6682.890000 0.031696 0
6684.550000 0.037854 0
6686.210000 0.037712 0
6687.870000 0.039697 0
6689.530000 0.032641 0
6691.190000 0.034725 0
6692.850000 0.030779 0
6694.510000 0.035344 0
6696.170000 0.035034 0
6697.830000 0.038962 0
6699.490000 0.032764 0
6701.150000 0.029474 0
6702.810000 0.031348 0
6704.470000 0.033237 0
6706.130000 0.035641 0
6707.790000 0.030571 0
6709.450000 0.034554 0
6711.110000 0.041663 0
6712.770000 0.030789 0
6714.430000 0.029733 0
6716.090000 0.039708 0
6717.750000 0.039161 0
6719.410000 0.031846 0
6721.070000 0.029603 0
6722.730000 0.030289 0
6724.390000 0.031688 0
6726.050000 0.037517 0
6727.710000 0.036757 0
6729.370000 0.033955 0
6731.030000 0.033472 0
6732.690000 0.034577 0
6734.350000 0.030928 0
6736.010000 0.030161 0
6737.670000 0.031302 0
6739.330000 0.030404 0
6740.990000 0.029514 0
6742.650000 0.039091 0
6744.310000 0.034851 0
6745.970000 0.033956 0
6747.630000 0.029844 0
6749.290000 0.027463 0
6750.950000 0.034524 0
6752.610000 0.027968 0
6754.270000 0.033590 0
6755.930000 0.029827 0
6757.590000 0.033967 0
6759.250000 0.030545 0
6760.910000 0.026408 0
6762.570000 0.037175 0
6764.230000 0.031122 0
6765.890000 0.029699 0
6767.550000 0.039054 0
6769.210000 0.037857 0
6770.870000 0.038991 0
6772.530000 0.027748 0
6774.190000 0.031625 0
6775.850000 0.033048 0
6777.510000 0.031158 0
6779.170000 0.031126 0
6780.830000 0.030908 0
6782.490000 0.026666 0
6784.150000 0.030174 0
6785.810000 0.033690 0
6787.470000 0.031651 0
6789.130000 0.034432 0
6790.790000 0.036184 0
6792.450000 0.023169 0
6794.110000 0.039191 0
6795.770000 0.028974 0
6797.430000 0.026892 0
6799.090000 0.032132 0
6800.750000 0.036456 0
6802.410000 0.031710 0
6804.070000 0.031764 0
6805.730000 0.034570 0
6807.390000 0.033971 0
6809.050000 0.040628 0
6810.710000 0.035140 0
6812.370000 0.032593 0
6814.030000 0.031063 0
6815.690000 0.033152 0
6817.350000 0.033902 0
6819.010000 0.037169 0
6820.670000 0.032449 0
6822.330000 0.024261 0
6823.990000 0.032048 0
6825.650000 0.029360 0
6827.310000 0.035276 0
6828.970000 0.028588 0
6830.630000 0.029414 0
6832.290000 0.027440 0
6833.950000 0.023807 0
6835.610000 0.029489 0
6837.270000 0.034941 0
6838.930000 0.030648 0
6840.590000 0.024154 0
6842.250000 0.031902 0
6843.910000 0.030550 0
6845.570000 0.031318 0
6847.230000 0.026277 0
6848.890000 0.031176 0
6850.550000 0.028700 0
6852.210000 0.026729 0
6853.870000 0.028175 0
6855.530000 0.031088 0
6857.190000 0.027657 0
6858.850000 0.026048 0
6860.510000 0.019496 0
6862.170000 0.033523 0
6863.830000 0.029073 0
6865.490000 0.035016 0
6867.150000 0.041909 0
6868.810000 0.028629 0
6870.470000 0.019100 0
6872.130000 0.023005 0
6873.790000 0.025157 0
6875.450000 0.029035 0
6877.110000 0.031408 0
6878.770000 0.031385 0
6880.430000 0.025313 0
6882.090000 0.033132 0
6883.750000 0.036890 0
6885.410000 0.024915 0
6887.070000 0.024542 0
6888.730000 0.028971 0
6890.390000 0.031934 0
6892.050000 0.038248 0
6893.710000 0.031469 0
6895.370000 0.025880 0
6897.030000 0.026470 0
6898.690000 0.032730 0
6900.350000 0.028607 0
6902.010000 0.027721 0
6903.670000 0.033103 0
6905.330000 0.022732 0
6906.990000 0.025856 0
6908.650000 0.026830 0
6910.310000 0.040242 0
6911.970000 0.031286 0
6913.630000 0.029761 0
6915.290000 0.033611 0
6916.950000 0.023953 0
6918.610000 0.025953 0
6920.270000 0.031123 0
6921.930000 0.039275 0
6923.590000 0.027241 0
6925.250000 0.030904 0
6926.910000 0.028135 0
6928.570000 0.021801 0
6930.230000 0.036145 0
6931.890000 0.032356 0
6933.550000 0.036619 0
6935.210000 0.031828 0
6936.870000 0.020844 0
6938.530000 0.032706 0
6940.190000 0.034599 0
6941.850000 0.027958 0
6943.510000 0.029961 0
6945.170000 0.041844 0
6946.830000 0.028960 0
6948.490000 0.032891 0
6950.150000 0.036189 0
6951.810000 0.032147 0
6953.470000 0.032802 0
6955.130000 0.028885 0
6956.790000 0.028400 0
6958.450000 0.025192 0
6960.110000 0.033855 0
6961.770000 0.029753 0
6963.430000 0.028984 0
6965.090000 0.031090 0
6966.750000 0.036007 0
6968.410000 0.028781 0
6970.070000 0.032457 0
6971.730000 0.030775 0
6973.390000 0.023706 0
6975.050000 0.032714 0
6976.710000 0.035659 0
6978.370000 0.028034 0
6980.030000 0.024720 0
6981.690000 0.027398 0
6983.350000 0.025249 0
6985.010000 0.025956 0
6986.670000 0.029757 0
6988.330000 0.024098 0
6989.990000 0.028337 0
6991.650000 0.035407 0
6993.310000 0.031167 0
6994.970000 0.027734 0
6996.630000 0.025966 0
6998.290000 0.024748 0
6999.950000 0.030258 0
7001.610000 0.032678 0
7003.270000 0.027757 0
7004.930000 0.026795 0
7006.590000 0.030289 0
7008.250000 0.044894 0
7009.910000 0.024832 0
7011.570000 0.025539 0
7013.230000 0.031015 0
7014.890000 0.032754 0
7016.550000 0.032009 0
7018.210000 0.029047 0
7019.870000 0.033797 0
7021.530000 0.032824 0
7023.190000 0.029035 0
7024.850000 0.034437 0
7026.510000 0.030688 0
7028.170000 0.025711 0
7029.830000 0.027210 0
7031.490000 0.028699 0
7033.150000 0.021270 0
7034.810000 0.025191 0
7036.470000 0.028885 0
7038.130000 0.027778 0
7039.790000 0.028257 0
7041.450000 0.026974 0
7043.110000 0.022982 0
7044.770000 0.021656 0
7046.430000 0.026264 0
7048.090000 0.020435 0
7049.750000 0.019479 0
7051.410000 0.019706 0
7053.070000 0.024490 0
7054.730000 0.028386 0
7056.390000 0.023786 0
7058.050000 0.040219 0
7059.710000 0.048122 0
7061.370000 0.051835 0
7063.030000 0.045765 0
7064.690000 0.047345 0
7066.350000 0.029518 0
7068.010000 0.025080 0
7069.670000 0.020109 0
7071.330000 0.017854 0
7072.990000 0.022631 0
7074.650000 0.023041 0
7076.310000 0.027761 0
7077.970000 0.024930 0
7079.630000 0.018058 0
7081.290000 0.018054 0
7082.950000 0.018884 0
7084.610000 0.018582 0
7086.270000 0.022009 0
7087.930000 0.030298 0
7089.590000 0.027803 0
7091.250000 0.034312 0
7092.910000 0.024721 0
7094.570000 0.025952 0
7096.230000 0.033112 0
7097.890000 0.030058 0
7099.550000 0.020254 0
7101.210000 0.027519 0
7102.870000 0.027018 0
7104.530000 0.027182 0
7106.190000 0.027585 0
7107.850000 0.026504 0
7109.510000 0.031186 0
7111.170000 0.023840 0
7112.830000 0.026243 0
7114.490000 0.030684 0
7116.150000 0.034863 0
7117.810000 0.031499 0
7119.470000 0.028178 0
7121.130000 0.033589 0
7122.790000 0.028388 0
7124.450000 0.029444 0
7126.110000 0.031168 0
7127.770000 0.026532 0
7129.430000 0.025275 0
7131.090000 0.024297 0
7132.750000 0.030959 0
7134.410000 0.031441 0
7136.070000 0.026847 0
7137.730000 0.025113 0
7139.390000 0.030633 0
7141.050000 0.024801 0
7142.710000 0.020257 0
7144.370000 0.022315 0
7146.030000 0.023264 0
7147.690000 0.028864 0
7149.350000 0.024551 0
7151.010000 0.021271 0
7152.670000 0.018480 0
7154.330000 0.023075 0
7155.990000 0.031393 0
7157.650000 0.026525 0
7159.310000 0.036680 0
7160.970000 0.029244 0
7162.630000 0.029289 0
7164.290000 0.033063 0
7165.950000 0.029001 0
7167.610000 0.026405 0
7169.270000 0.024128 0
7170.930000 0.027972 0
7172.590000 0.024279 0
7174.250000 0.021378 0
7175.910000 0.026707 0
7177.570000 0.027278 0
7179.230000 0.018684 0
7180.890000 0.020139 0
7182.550000 0.023448 0
7184.210000 0.026146 0
7185.870000 0.022746 0
7187.530000 0.026715 0
7189.190000 0.028944 0
7190.850000 0.029555 0
7192.510000 0.030635 0
7194.170000 0.027011 0
7195.830000 0.025800 0
7197.490000 0.027299 0
7199.150000 0.031468 0
7200.810000 0.029022 0
7202.470000 0.026855 0
7204.130000 0.034540 0
7205.790000 0.034097 0
7207.450000 0.031791 0
7209.110000 0.027593 0
7210.770000 0.030845 0
7212.430000 0.030729 0
7214.090000 0.026160 0
7215.750000 0.030922 0
7217.410000 0.029987 0
7219.070000 0.026016 0
7220.730000 0.024644 0
7222.390000 0.028529 0
7224.050000 0.032159 0
7225.710000 0.025891 0
7227.370000 0.024434 0
7229.030000 0.026347 0
7230.690000 0.027486 0
7232.350000 0.027091 0
7234.010000 0.024592 0
7235.670000 0.016793 0
7237.330000 0.022246 0
7238.990000 0.025702 0
7240.650000 0.018785 0
7242.310000 0.029547 0
7243.970000 0.016235 0
7245.630000 0.033945 0
7247.290000 0.023628 0
7248.950000 0.031710 0
7250.610000 0.027721 0
7252.270000 0.028634 0
7253.930000 0.035929 0
7255.590000 0.031766 0
7257.250000 0.032524 0
7258.910000 0.028688 0
7260.570000 0.026172 0
7262.230000 0.023467 0
7263.890000 0.026938 0
7265.550000 0.020662 0
7267.210000 0.020280 0
7268.870000 0.020989 0
7270.530000 0.038810 0
7272.190000 0.033712 0
7273.850000 0.038857 0
7275.510000 0.040817 0
7277.170000 0.038526 0
7278.830000 0.029747 0
7280.490000 0.041861 0
7282.150000 0.017501 0
7283.810000 0.020847 0
7285.470000 0.022766 0
7287.130000 0.029945 0
7288.790000 0.040161 0
7290.450000 0.024250 0
7292.110000 0.027165 0
7293.770000 0.025108 0
7295.430000 0.026192 0
7297.090000 0.026394 0
7298.750000 0.022019 0
7300.410000 0.024670 0
7302.070000 0.026921 0
7303.730000 0.028778 0
7305.390000 0.028019 0
7307.050000 0.030472 0
7308.710000 0.024608 0
7310.370000 0.024149 0
7312.030000 0.014412 0
7313.690000 0.020501 0
7315.350000 0.025424 0
7317.010000 0.019042 0
7318.670000 0.044571 0
7320.330000 0.042796 0
7321.990000 0.030923 0
7323.650000 0.028088 0
7325.310000 0.019430 0
7326.970000 0.015699 0
7328.630000 0.021918 0
7330.290000 0.028100 0
7331.950000 0.035489 0
7333.610000 0.036020 0
7335.270000 0.026311 0
7336.930000 -0.000014 0
7338.590000 0.017432 0
7340.250000 0.025341 0
7341.910000 0.035464 0
7343.570000 0.045953 0
7345.230000 0.037694 0
7346.890000 0.024592 0
7348.550000 0.025724 0
7350.210000 0.029212 0
7351.870000 0.029376 0
7353.530000 0.025058 0
7355.190000 0.015027 0
7356.850000 0.028645 0
7358.510000 0.029139 0
7360.170000 0.028950 0
7361.830000 0.027280 0
7363.490000 0.022772 0
7365.150000 0.015994 0
7366.810000 0.018804 0
7368.470000 0.030252 0
7370.130000 0.029628 0
7371.790000 0.027125 0
7373.450000 0.030655 0
7375.110000 0.028385 0
7376.770000 0.027347 0
7378.430000 0.025848 0
7380.090000 0.031543 0
7381.750000 0.021983 0
7383.410000 0.023063 0
7385.070000 0.026426 0
7386.730000 0.028468 0
7388.390000 0.021998 0
7390.050000 0.018892 0
7391.710000 0.021028 0
7393.370000 0.030640 0
7395.030000 0.028622 0
7396.690000 0.029463 0
7398.350000 0.009108 0
7400.010000 0.027576 0
7401.670000 0.027736 0
7403.330000 0.021566 0
7404.990000 0.033055 0
7406.650000 0.031240 0
7408.310000 0.024248 0
7409.970000 0.026215 0
7411.630000 0.028285 0
7413.290000 0.021013 0
7414.950000 0.028907 0
7416.610000 0.031640 0
7418.270000 0.028589 0
7419.930000 0.024408 0
7421.590000 0.025972 0
7423.250000 0.024723 0
7424.910000 0.026728 0
7426.570000 0.013096 0
7428.230000 0.017202 0
7429.890000 0.031073 0
7431.550000 0.027140 0
7433.210000 0.024598 0
7434.870000 0.016646 0
7436.530000 0.025645 0
7438.190000 0.020366 0
7439.850000 0.023729 0
7441.510000 0.027851 0
7443.170000 0.024041 0
7444.830000 0.025973 0
7446.490000 0.024935 0
7448.150000 0.027237 0
7449.810000 0.024440 0
7451.470000 0.027125 0
7453.130000 0.021382 0
7454.790000 0.025608 0
7456.450000 0.022491 0
7458.110000 0.027048 0
7459.770000 0.025627 0
7461.430000 0.020604 0
7463.090000 0.029966 0
7464.750000 0.027855 0
7466.410000 0.015074 0
7468.070000 0.012002 0
7469.730000 0.024088 0
7471.390000 0.028207 0
7473.050000 0.030311 0
7474.710000 0.036555 0
7476.370000 0.028940 0
7478.030000 0.021549 0
7479.690000 0.018176 0
7481.350000 0.027343 0
7483.010000 0.026314 0
7484.670000 0.011201 0
7486.330000 0.020931 0
7487.990000 0.028626 0
7489.650000 0.021942 0
7491.310000 0.026951 0
7492.970000 0.024064 0
7494.630000 0.028391 0
7496.290000 0.029511 0
7497.950000 0.022558 0
7499.610000 0.018104 0
7501.270000 0.018214 0
7502.930000 0.021001 0
7504.590000 0.026381 0
7506.250000 0.025871 0
7507.910000 0.022466 0
7509.570000 0.020199 0
7511.230000 0.022783 0
7512.890000 0.024541 0
7514.550000 0.015658 0
7516.210000 0.021279 0
7517.870000 0.027429 0
7519.530000 0.017709 0
7521.190000 0.019123 0
7522.850000 0.022434 0
7524.510000 0.035709 0
7526.170000 0.035693 0
7527.830000 0.028631 0
7529.490000 0.021272 0
7531.150000 0.023479 0
7532.810000 0.024611 0
7534.470000 0.030928 0
7536.130000 0.023839 0
7537.790000 0.024126 0
7539.450000 0.025896 0
7541.110000 0.026017 0
7542.770000 0.029278 0
7544.430000 0.023092 0
7546.090000 0.026636 0
7547.750000 0.027284 0
7549.410000 0.031240 0
7551.070000 0.025443 0
7552.730000 0.025775 0
7554.390000 0.018637 0
7556.050000 0.028359 0
7557.710000 0.026908 0
7559.370000 0.020378 0
7561.030000 0.022356 0
7562.690000 0.024649 0
7564.350000 0.023897 0
7566.010000 0.024957 0
7567.670000 0.021428 0
7569.330000 0.011999 0
7570.990000 0.021832 0
7572.650000 0.027503 0
7574.310000 0.032394 0
7575.970000 0.032588 0
7577.630000 0.034087 0
7579.290000 0.023823 0
7580.950000 0.026493 0
7582.610000 0.024530 0
7584.270000 0.012622 0
7585.930000 0.029577 0
7587.590000 0.018604 0
7589.250000 0.025354 0
7590.910000 0.026086 0
7592.570000 0.026575 0
7594.230000 0.025726 0
7595.890000 0.041089 0
7597.550000 0.026324 0
7599.210000 0.017678 0
7600.870000 0.029157 0
7602.530000 0.030182 0
7604.190000 0.019236 0
7605.850000 0.014072 0
7607.510000 0.018191 0
7609.170000 0.028974 0
7610.830000 0.020411 0
7612.490000 0.019785 0
7614.150000 0.011075 0
7615.810000 0.008967 0
7617.470000 0.028385 0
7619.130000 0.016978 0
7620.790000 0.025742 0
7622.450000 0.024453 0
7624.110000 0.015624 0
7625.770000 0.016692 0
7627.430000 0.039779 0
7629.090000 0.022953 0
7630.750000 0.021689 0
7632.410000 0.037596 0
7634.070000 0.025677 0
7635.730000 0.024616 0
7637.390000 0.030436 0
7639.050000 0.022639 0
7640.710000 0.029018 0
7642.370000 0.021220 0
7644.030000 0.026206 0
7645.690000 0.030690 0
7647.350000 0.022297 0
7649.010000 0.030104 0
7650.670000 0.022476 0
7652.330000 0.015464 0
7653.990000 0.028628 0
7655.650000 0.032035 0
7657.310000 0.019479 0
7658.970000 0.018556 0
7660.630000 0.028501 0
7662.290000 0.019191 0
7663.950000 0.031622 0
7665.610000 0.032274 0
7667.270000 0.019329 0
7668.930000 0.028004 0
7670.590000 0.031502 0
7672.250000 0.030140 0
7673.910000 0.027872 0
7675.570000 0.027293 0
7677.230000 0.024907 0
7678.890000 0.027095 0
7680.550000 0.025812 0
7682.210000 0.024526 0
7683.870000 0.021975 0
7685.530000 0.025848 0
7687.190000 0.031643 0
7688.850000 0.029997 0
7690.510000 0.026260 0
7692.170000 0.024903 0
7693.830000 0.020638 0
7695.490000 0.025635 0
7697.150000 0.024988 0
7698.810000 0.014615 0
7700.470000 0.025436 0
7702.130000 0.021098 0
7703.790000 0.029787 0
7705.450000 0.023092 0
7707.110000 0.023241 0
7708.770000 0.014535 0
7710.430000 0.008369 0
7712.090000 0.031921 0
7713.750000 0.020879 0
7715.410000 0.028663 0
7717.070000 0.051123 0
7718.730000 0.039370 0
7720.390000 0.021493 0
7722.050000 0.029437 0
7723.710000 0.020236 0
7725.370000 0.026582 0
7727.030000 0.018936 0
7728.690000 0.013294 0
7730.350000 0.022796 0
7732.010000 0.016491 0
7733.670000 0.000000 1
7735.330000 0.000000 1
7736.990000 0.000000 1
7738.650000 0.000000 1
7740.310000 0.000000 1
7741.970000 0.000000 1
7743.630000 0.000000 1
7745.290000 0.000000 1
7746.950000 0.000000 1
7748.610000 0.000000 1
7750.270000 0.000000 1
7751.930000 0.000000 1
7753.590000 0.000000 1
7755.250000 0.000000 1
7756.910000 0.000000 1
7758.570000 0.000000 1
7760.230000 0.000000 1
7761.890000 0.000000 1
7763.550000 0.000000 1
7765.210000 0.000000 1
7766.870000 0.000000 1
7768.530000 0.000000 1
7770.190000 0.000000 1
7771.850000 0.000000 1
7773.510000 0.000000 1
7775.170000 0.000000 1
7776.830000 0.000000 1
7778.490000 0.000000 1
7780.150000 0.000000 1
7781.810000 0.000000 1
7783.470000 0.000000 1
7785.130000 0.000000 1
7786.790000 0.000000 1
7788.450000 0.000000 1
7790.110000 0.000000 1
7791.770000 0.000000 1
7793.430000 0.000000 1
7795.090000 0.000000 1
7796.750000 0.000000 1
7798.410000 0.000000 1
7800.070000 0.000000 1
7801.730000 0.000000 1
7803.390000 0.000000 1
7805.050000 0.000000 1
7806.710000 0.000000 1
7808.370000 0.000000 1
7810.030000 0.000000 1
7811.690000 0.000000 1
7813.350000 0.000000 1
7815.010000 0.000000 1
7816.670000 0.000000 1
7818.330000 0.000000 1
7819.990000 0.000000 1
7821.650000 0.000000 1
7823.310000 0.000000 1
7824.970000 0.000000 1
7826.630000 0.000000 1
7828.290000 0.000000 1
7829.950000 0.000000 1
7831.610000 0.000000 1
7833.270000 0.000000 1
7834.930000 0.000000 1
7836.590000 0.000000 1
7838.250000 0.000000 1
7839.910000 0.000000 1
7841.570000 0.000000 1
7843.230000 0.000000 1
7844.890000 0.000000 1
7846.550000 0.000000 1
7848.210000 0.000000 1
7849.870000 0.000000 1
7851.530000 0.000000 1
7853.190000 0.000000 1
7854.850000 0.000000 1
7856.510000 0.000000 1
7858.170000 0.000000 1
7859.830000 0.000000 1
7861.490000 0.000000 1
7863.150000 0.000000 1
7864.810000 0.000000 1
7866.470000 0.000000 1
7868.130000 0.000000 1
7869.790000 0.000000 1
7871.450000 0.000000 1
7873.110000 0.000000 1
7874.770000 0.000000 1
7876.430000 0.000000 1
7878.090000 0.000000 1
7879.750000 0.000000 1
7881.410000 0.000000 1
7883.070000 0.000000 1
7884.730000 0.000000 1
7886.390000 0.000000 1
7888.050000 0.000000 1
7889.710000 0.000000 1
7891.370000 0.000000 1
7893.030000 0.000000 1
7894.690000 0.000000 1
7896.350000 0.000000 1
7898.010000 0.000000 1
7899.670000 0.000000 1
7901.330000 0.000000 1
7902.990000 0.000000 1
7904.650000 0.000000 1
7906.310000 0.000000 1
7907.970000 0.000000 1
7909.630000 0.000000 1
7911.290000 0.000000 1
7912.950000 0.000000 1
7914.610000 0.000000 1
7916.270000 0.000000 1
7917.930000 0.000000 1
7919.590000 0.000000 1
7921.250000 0.000000 1
7922.910000 0.000000 1
7924.570000 0.000000 1
7926.230000 0.000000 1
7927.890000 0.000000 1
7929.550000 0.000000 1
7931.210000 0.000000 1
7932.870000 0.000000 1
7934.530000 0.000000 1
7936.190000 0.000000 1
7937.850000 0.000000 1
7939.510000 0.000000 1
7941.170000 0.000000 1
7942.830000 0.000000 1
7944.490000 0.000000 1
7946.150000 0.000000 1
7947.810000 0.000000 1
7949.470000 0.000000 1
7951.130000 0.000000 1
7952.790000 0.000000 1
7954.450000 0.000000 1
7956.110000 0.000000 1
7957.770000 0.000000 1
7959.430000 0.000000 1
7961.090000 0.000000 1
7962.750000 0.000000 1
7964.410000 0.000000 1
7966.070000 0.000000 1
7967.730000 0.000000 1
7969.390000 0.000000 1
7971.050000 0.000000 1
7972.710000 0.000000 1
7974.370000 0.000000 1
7976.030000 0.000000 1
7977.690000 0.000000 1
7979.350000 0.000000 1
7981.010000 0.000000 1
7982.670000 0.000000 1
7984.330000 0.000000 1
7985.990000 0.000000 1
7987.650000 0.000000 1
7989.310000 0.000000 1
7990.970000 0.000000 1
7992.630000 0.000000 1
7994.290000 0.000000 1
7995.950000 0.000000 1
7997.610000 0.000000 1
7999.270000 0.000000 1
8000.930000 0.000000 1
8002.590000 0.000000 1
8004.250000 0.000000 1
8005.910000 0.000000 1
8007.570000 0.000000 1
8009.230000 0.000000 1
8010.890000 0.000000 1
8012.550000 0.000000 1
8014.210000 0.000000 1
8015.870000 0.000000 1
8017.530000 0.000000 1
8019.190000 0.000000 1
8020.850000 0.000000 1
8022.510000 0.000000 1
8024.170000 0.000000 1
8025.830000 0.000000 1
8027.490000 0.000000 1
8029.150000 0.000000 1
8030.810000 0.000000 1
8032.470000 0.000000 1
8034.130000 0.000000 1
8035.790000 0.000000 1
8037.450000 0.000000 1
8039.110000 0.000000 1
8040.770000 0.000000 1
8042.430000 0.000000 1
8044.090000 0.000000 1
8045.750000 0.000000 1
8047.410000 0.000000 1
8049.070000 0.000000 1
8050.730000 0.000000 1
8052.390000 0.000000 1
8054.050000 0.000000 1
8055.710000 0.000000 1
8057.370000 0.000000 1
8059.030000 0.000000 1
8060.690000 0.000000 1
8062.350000 0.000000 1
8064.010000 0.000000 1
8065.670000 0.000000 1
8067.330000 0.000000 1
8068.990000 0.000000 1
8070.650000 0.000000 1
8072.310000 0.000000 1
8073.970000 0.000000 1
8075.630000 0.000000 1
8077.290000 0.000000 1
8078.950000 0.000000 1
8080.610000 0.000000 1
8082.270000 0.000000 1
8083.930000 0.000000 1
8085.590000 0.000000 1
8087.250000 0.000000 1
8088.910000 0.000000 1
8090.570000 0.000000 1
8092.230000 0.000000 1
8093.890000 0.000000 1
8095.550000 0.000000 1
8097.210000 0.000000 1
8098.870000 0.000000 1
8100.530000 0.000000 1
8102.190000 0.000000 1
8103.850000 0.000000 1
8105.510000 0.000000 1
8107.170000 0.000000 1
8108.830000 0.000000 1
8110.490000 0.000000 1
8112.150000 0.000000 1
8113.810000 0.000000 1
8115.470000 0.000000 1
8117.130000 0.000000 1
8118.790000 0.000000 1
8120.450000 0.000000 1
8122.110000 0.000000 1
8123.770000 0.000000 1
8125.430000 0.000000 1
8127.090000 0.000000 1
8128.750000 0.000000 1
8130.410000 0.000000 1
8132.070000 0.000000 1
8133.730000 0.000000 1
8135.390000 0.000000 1
8137.050000 0.000000 1
8138.710000 0.000000 1
8140.370000 0.000000 1
8142.030000 0.000000 1
8143.690000 0.000000 1
8145.350000 0.000000 1
8147.010000 0.000000 1
8148.670000 0.000000 1
8150.330000 0.000000 1
8151.990000 0.000000 1
8153.650000 0.000000 1
8155.310000 0.000000 1
8156.970000 0.000000 1
8158.630000 0.000000 1
8160.290000 0.000000 1
8161.950000 0.000000 1
8163.610000 0.000000 1
8165.270000 0.000000 1
8166.930000 0.000000 1
8168.590000 0.000000 1
8170.250000 0.000000 1
8171.910000 0.000000 1
8173.570000 0.000000 1
8175.230000 0.000000 1
8176.890000 0.000000 1
8178.550000 0.000000 1
8180.210000 0.000000 1
8181.870000 0.000000 1
8183.530000 0.000000 1
8185.190000 0.000000 1
8186.850000 0.000000 1
8188.510000 0.000000 1
8190.170000 0.000000 1
8191.830000 0.000000 1
8193.490000 0.000000 1
8195.150000 0.000000 1
8196.810000 0.000000 1
8198.470000 0.000000 1
8200.130000 0.000000 1
8201.790000 0.000000 1
8203.450000 0.000000 1
8205.110000 0.000000 1
8206.770000 0.000000 1
8208.430000 0.000000 1
8210.090000 0.000000 1
8211.750000 0.000000 1
8213.410000 0.000000 1
8215.070000 0.000000 1
8216.730000 0.000000 1
8218.390000 0.000000 1
8220.050000 0.000000 1
8221.710000 0.000000 1
8223.370000 0.000000 1
8225.030000 0.000000 1
8226.690000 0.000000 1
8228.350000 0.000000 1
8230.010000 0.000000 1
8231.670000 0.000000 1
8233.330000 0.000000 1
8234.990000 0.000000 1
8236.650000 0.000000 1
8238.310000 0.000000 1
8239.970000 0.000000 1
8241.630000 0.000000 1
8243.290000 0.000000 1
8244.950000 0.000000 1
8246.610000 0.000000 1
8248.270000 0.000000 1
8249.930000 0.000000 1
8251.590000 0.000000 1
8253.250000 0.000000 1
8254.910000 0.000000 1
8256.570000 0.000000 1
8258.230000 0.000000 1
8259.890000 0.000000 1
8261.550000 0.000000 1
8263.210000 0.000000 1
8264.870000 0.000000 1
8266.530000 0.000000 1
8268.190000 0.000000 1
8269.850000 0.000000 1
8271.510000 0.000000 1
8273.170000 0.000000 1
8274.830000 0.000000 1
8276.490000 0.000000 1
8278.150000 0.000000 1
8279.810000 0.000000 1
8281.470000 0.000000 1
8283.130000 0.000000 1
8284.790000 0.000000 1
8286.450000 0.000000 1
8288.110000 0.000000 1
8289.770000 0.000000 1
8291.430000 0.000000 1
8293.090000 0.000000 1
8294.750000 0.000000 1
8296.410000 0.000000 1
8298.070000 0.000000 1
8299.730000 0.000000 1
8301.390000 0.000000 1
8303.050000 0.000000 1
8304.710000 0.000000 1
8306.370000 0.000000 1
8308.030000 0.000000 1
8309.690000 0.000000 1
8311.350000 0.000000 1
8313.010000 0.000000 1
8314.670000 0.000000 1
8316.330000 0.000000 1
8317.990000 0.000000 1
8319.650000 0.000000 1
8321.310000 0.000000 1
8322.970000 0.000000 1
8324.630000 0.000000 1
8326.290000 0.000000 1
8327.950000 0.000000 1
8329.610000 0.000000 1
8331.270000 0.000000 1
8332.930000 0.000000 1
8334.590000 0.000000 1
8336.250000 0.000000 1
8337.910000 0.000000 1
8339.570000 0.000000 1
8341.230000 0.000000 1
8342.890000 0.000000 1
8344.550000 0.000000 1
8346.210000 0.000000 1
8347.870000 0.000000 1
8349.530000 0.000000 1
8351.190000 0.000000 1
8352.850000 0.000000 1
8354.510000 0.000000 1
8356.170000 0.000000 1
8357.830000 0.000000 1
8359.490000 0.000000 1
8361.150000 0.000000 1
8362.810000 0.000000 1
8364.470000 0.000000 1
8366.130000 0.000000 1
8367.790000 0.000000 1
8369.450000 0.000000 1
8371.110000 0.000000 1
8372.770000 0.000000 1
8374.430000 0.000000 1
8376.090000 0.000000 1
8377.750000 0.000000 1
8379.410000 0.000000 1
8381.070000 0.000000 1
8382.730000 0.000000 1
8384.390000 0.000000 1
8386.050000 0.000000 1
8387.710000 0.000000 1
8389.370000 0.000000 1
8391.030000 0.000000 1
8392.690000 0.000000 1
8394.350000 0.000000 1
8396.010000 0.000000 1
8397.670000 0.000000 1
8399.330000 0.000000 1
8400.990000 0.000000 1
8402.650000 0.000000 1
8404.310000 0.000000 1
8405.970000 0.000000 1
8407.630000 0.000000 1
8409.290000 0.000000 1
8410.950000 0.000000 1
8412.610000 0.000000 1
8414.270000 0.000000 1
8415.930000 0.000000 1
8417.590000 0.000000 1
8419.250000 0.000000 1
8420.910000 0.000000 1
8422.570000 0.000000 1
8424.230000 0.000000 1
8425.890000 0.000000 1
8427.550000 0.000000 1
8429.210000 0.000000 1
8430.870000 0.000000 1
8432.530000 0.000000 1
8434.190000 0.000000 1
8435.850000 0.000000 1
8437.510000 0.000000 1
8439.170000 0.000000 1
8440.830000 0.000000 1
8442.490000 0.000000 1
8444.150000 0.000000 1
8445.810000 0.000000 1
8447.470000 0.000000 1
8449.130000 0.000000 1
8450.790000 0.000000 1
8452.450000 0.000000 1
8454.110000 0.000000 1
8455.770000 0.000000 1
8457.430000 0.000000 1
8459.090000 0.000000 1
8460.750000 0.000000 1
8462.410000 0.000000 1
8464.070000 0.000000 1
8465.730000 0.000000 1
8467.390000 0.000000 1
8469.050000 0.000000 1
8470.710000 0.000000 1
8472.370000 0.000000 1
8474.030000 0.000000 1
8475.690000 0.000000 1
8477.350000 0.000000 1
8479.010000 0.000000 1
8480.670000 0.000000 1
8482.330000 0.000000 1
8483.990000 0.000000 1
8485.650000 0.000000 1
8487.310000 0.000000 1
8488.970000 0.000000 1
8490.630000 0.000000 1
8492.290000 0.000000 1
8493.950000 0.000000 1
8495.610000 0.000000 1
8497.270000 0.000000 1
8498.930000 0.000000 1
