# obs: 255710
# slit: 18a
# z: 0.47781
# lines: [OII],H9,K,H,H{delta}
# spec: 402
4451.680000 0.000000 1
4455.040000 0.000000 1
4458.400000 0.000000 1
4461.760000 0.000000 1
4465.120000 0.000000 1
4468.480000 0.000000 1
4471.840000 0.000000 1
4475.200000 0.000000 1
4478.560000 0.000000 1
4481.920000 0.000000 1
4485.280000 0.000000 1
4488.640000 0.000000 1
4492.000000 0.000000 1
4495.360000 0.000000 1
4498.720000 0.000000 1
4502.080000 0.000000 1
4505.440000 0.000000 1
4508.800000 0.000000 1
4512.160000 0.000000 1
4515.520000 0.000000 1
4518.880000 0.000000 1
4522.240000 0.000000 1
4525.600000 0.000000 1
4528.960000 0.143971 1
4532.320000 0.305833 1
4535.680000 0.183258 1
4539.040000 0.166384 0
4542.400000 0.122479 0
4545.760000 0.089856 0
4549.120000 0.101103 0
4552.480000 0.075906 0
4555.840000 0.079251 0
4559.200000 0.093526 0
4562.560000 0.097191 0
4565.920000 0.062134 0
4569.280000 0.072567 0
4572.640000 0.065768 0
4576.000000 0.067848 0
4579.360000 0.054673 0
4582.720000 0.113445 0
4586.080000 0.079995 0
4589.440000 0.081219 0
4592.800000 0.078440 0
4596.160000 0.080022 0
4599.520000 0.073043 0
4602.880000 0.082605 0
4606.240000 0.103951 0
4609.600000 0.089753 0
4612.960000 0.096776 0
4616.320000 0.110490 0
4619.680000 0.077272 0
4623.040000 0.089788 0
4626.400000 0.096234 0
4629.760000 0.086447 0
4633.120000 0.080743 0
4636.480000 0.078429 0
4639.840000 0.068603 0
4643.200000 0.084075 0
4646.560000 0.079486 0
4649.920000 0.087951 0
4653.280000 0.073177 0
4656.640000 0.095133 0
4660.000000 0.100561 0
4663.360000 0.075094 0
4666.720000 0.088687 0
4670.080000 0.066456 0
4673.440000 0.085386 0
4676.800000 0.099335 0
4680.160000 0.095017 0
4683.520000 0.088810 0
4686.880000 0.087079 0
4690.240000 0.083301 0
4693.600000 0.094993 0
4696.960000 0.101860 0
4700.320000 0.090659 0
4703.680000 0.090536 0
4707.040000 0.094568 0
4710.400000 0.089006 0
4713.760000 0.083975 0
4717.120000 0.085352 0
4720.480000 0.070986 0
4723.840000 0.107719 0
4727.200000 0.090494 0
4730.560000 0.073786 0
4733.920000 0.081515 0
4737.280000 0.076867 0
4740.640000 0.074322 0
4744.000000 0.094231 0
4747.360000 0.101722 0
4750.720000 0.086501 0
4754.080000 0.088268 0
4757.440000 0.077982 0
4760.800000 0.081684 0
4764.160000 0.077132 0
4767.520000 0.087648 0
4770.880000 0.085530 0
4774.240000 0.088611 0
4777.600000 0.085073 0
4780.960000 0.056719 0
4784.320000 0.097212 0
4787.680000 0.080484 0
4791.040000 0.058975 0
4794.400000 0.082718 0
4797.760000 0.073254 0
4801.120000 0.087355 0
4804.480000 0.087789 0
4807.840000 0.085881 0
4811.200000 0.087004 0
4814.560000 0.082344 0
4817.920000 0.102262 0
4821.280000 0.091157 0
4824.640000 0.099281 0
4828.000000 0.081524 0
4831.360000 0.091675 0
4834.720000 0.101657 0
4838.080000 0.074128 0
4841.440000 0.092958 0
4844.800000 0.090768 0
4848.160000 0.076913 0
4851.520000 0.085106 0
4854.880000 0.075036 0
4858.240000 0.082032 0
4861.600000 0.097106 0
4864.960000 0.075129 0
4868.320000 0.101979 0
4871.680000 0.070853 0
4875.040000 0.076055 0
4878.400000 0.099176 0
4881.760000 0.098794 0
4885.120000 0.098999 0
4888.480000 0.091954 0
4891.840000 0.080686 0
4895.200000 0.095238 0
4898.560000 0.107576 0
4901.920000 0.073947 0
4905.280000 0.098345 0
4908.640000 0.082219 0
4912.000000 0.079418 0
4915.360000 0.068595 0
4918.720000 0.093506 0
4922.080000 0.106997 0
4925.440000 0.102022 0
4928.800000 0.058116 0
4932.160000 0.065301 0
4935.520000 0.084169 0
4938.880000 0.107360 0
4942.240000 0.083747 0
4945.600000 0.089488 0
4948.960000 0.093180 0
4952.320000 0.078348 0
4955.680000 0.075225 0
4959.040000 0.095621 0
4962.400000 0.083445 0
4965.760000 0.076422 0
4969.120000 0.080353 0
4972.480000 0.087574 0
4975.840000 0.097712 0
4979.200000 0.098268 0
4982.560000 0.081327 0
4985.920000 0.097945 0
4989.280000 0.083232 0
4992.640000 0.077603 0
4996.000000 0.083166 0
4999.360000 0.089629 0
5002.720000 0.108249 0
5006.080000 0.088974 0
5009.440000 0.068751 0
5012.800000 0.080866 0
5016.160000 0.090260 0
5019.520000 0.095008 0
5022.880000 0.091691 0
5026.240000 0.080474 0
5029.600000 0.094354 0
5032.960000 0.091138 0
5036.320000 0.091640 0
5039.680000 0.076913 0
5043.040000 0.085788 0
5046.400000 0.083654 0
5049.760000 0.087307 0
5053.120000 0.075636 0
5056.480000 0.079195 0
5059.840000 0.096493 0
5063.200000 0.090275 0
5066.560000 0.100510 0
5069.920000 0.099226 0
5073.280000 0.087865 0
5076.640000 0.068518 0
5080.000000 0.078013 0
5083.360000 0.088658 0
5086.720000 0.083116 0
5090.080000 0.091229 0
5093.440000 0.089203 0
5096.800000 0.063347 0
5100.160000 0.095436 0
5103.520000 0.076620 0
5106.880000 0.085690 0
5110.240000 0.090826 0
5113.600000 0.092832 0
5116.960000 0.084809 0
5120.320000 0.080241 0
5123.680000 0.068576 0
5127.040000 0.075513 0
5130.400000 0.095680 0
5133.760000 0.111626 0
5137.120000 0.099576 0
5140.480000 0.074248 0
5143.840000 0.099099 0
5147.200000 0.080671 0
5150.560000 0.083379 0
5153.920000 0.089181 0
5157.280000 0.081461 0
5160.640000 0.101311 0
5164.000000 0.072362 0
5167.360000 0.104578 0
5170.720000 0.102103 0
5174.080000 0.078516 0
5177.440000 0.097087 0
5180.800000 0.093243 0
5184.160000 0.071053 0
5187.520000 0.089702 0
5190.880000 0.082700 0
5194.240000 0.081374 0
5197.600000 0.095681 0
5200.960000 0.086961 0
5204.320000 0.085792 0
5207.680000 0.095809 0
5211.040000 0.085711 0
5214.400000 0.113158 0
5217.760000 0.090218 0
5221.120000 0.077450 0
5224.480000 0.085889 0
5227.840000 0.087078 0
5231.200000 0.088570 0
5234.560000 0.075521 0
5237.920000 0.072899 0
5241.280000 0.089480 0
5244.640000 0.093538 0
5248.000000 0.100190 0
5251.360000 0.085621 0
5254.720000 0.096878 0
5258.080000 0.086587 0
5261.440000 0.078203 0
5264.800000 0.075436 0
5268.160000 0.083724 0
5271.520000 0.090512 0
5274.880000 0.092153 0
5278.240000 0.076646 0
5281.600000 0.087840 0
5284.960000 0.091504 0
5288.320000 0.068451 0
5291.680000 0.070475 0
5295.040000 0.077522 0
5298.400000 0.080262 0
5301.760000 0.072035 0
5305.120000 0.073532 0
5308.480000 0.089260 0
5311.840000 0.079552 0
5315.200000 0.075272 0
5318.560000 0.108127 0
5321.920000 0.089281 0
5325.280000 0.083046 0
5328.640000 0.096157 0
5332.000000 0.092751 0
5335.360000 0.080427 0
5338.720000 0.077685 0
5342.080000 0.082762 0
5345.440000 0.093292 0
5348.800000 0.079005 0
5352.160000 0.086213 0
5355.520000 0.079571 0
5358.880000 0.093162 0
5362.240000 0.091834 0
5365.600000 0.093406 0
5368.960000 0.078775 0
5372.320000 0.079652 0
5375.680000 0.082461 0
5379.040000 0.093290 0
5382.400000 0.071534 0
5385.760000 0.076193 0
5389.120000 0.098990 0
5392.480000 0.077817 0
5395.840000 0.083616 0
5399.200000 0.083287 0
5402.560000 0.088719 0
5405.920000 0.082548 0
5409.280000 0.086096 0
5412.640000 0.090967 0
5416.000000 0.094375 0
5419.360000 0.074784 0
5422.720000 0.090344 0
5426.080000 0.096756 0
5429.440000 0.113154 0
5432.800000 0.099070 0
5436.160000 0.101431 0
5439.520000 0.098013 0
5442.880000 0.089096 0
5446.240000 0.087604 0
5449.600000 0.090469 0
5452.960000 0.087130 0
5456.320000 0.071861 0
5459.680000 0.088204 0
5463.040000 0.082939 0
5466.400000 0.092652 0
5469.760000 0.080299 0
5473.120000 0.087593 0
5476.480000 0.090293 0
5479.840000 0.091700 0
5483.200000 0.072711 0
5486.560000 0.079008 0
5489.920000 0.089404 0
5493.280000 0.107502 0
5496.640000 0.096438 0
5500.000000 0.102425 0
5503.360000 0.119927 0
5506.720000 0.156423 0
5510.080000 0.175673 0
5513.440000 0.178689 0
5516.800000 0.130024 0
5520.160000 0.096993 0
5523.520000 0.097911 0
5526.880000 0.097100 0
5530.240000 0.102875 0
5533.600000 0.089394 0
5536.960000 0.099375 0
5540.320000 0.074615 0
5543.680000 0.083093 0
5547.040000 0.087353 0
5550.400000 0.091933 0
5553.760000 0.098262 0
5557.120000 0.106367 0
5560.480000 0.125932 0
5563.840000 0.108941 1
5567.200000 0.096072 1
5570.560000 0.120900 1
5573.920000 0.136813 1
5577.280000 0.116487 1
5580.640000 0.077200 1
5584.000000 0.070043 1
5587.360000 0.051924 1
5590.720000 0.091893 1
5594.080000 0.123190 1
5597.440000 0.100468 1
5600.800000 0.093502 1
5604.160000 0.099686 0
5607.520000 0.115000 0
5610.880000 0.096150 0
5614.240000 0.082113 0
5617.600000 0.081873 0
5620.960000 0.104526 0
5624.320000 0.117647 0
5627.680000 0.132554 0
5631.040000 0.117913 0
5634.400000 0.129354 0
5637.760000 0.117515 0
5641.120000 0.126490 0
5644.480000 0.110237 0
5647.840000 0.115597 0
5651.200000 0.100236 0
5654.560000 0.099682 0
5657.920000 0.090778 0
5661.280000 0.085962 0
5664.640000 0.094339 0
5668.000000 0.091364 0
5671.360000 0.086140 0
5674.720000 0.069418 0
5678.080000 0.093945 0
5681.440000 0.108351 0
5684.800000 0.109132 0
5688.160000 0.120758 0
5691.520000 0.111687 0
5694.880000 0.132321 0
5698.240000 0.134704 0
5701.600000 0.101737 0
5704.960000 0.122340 0
5708.320000 0.139717 0
5711.680000 0.131490 0
5715.040000 0.133130 0
5718.400000 0.137487 0
5721.760000 0.123347 0
5725.120000 0.105153 0
5728.480000 0.094456 0
5731.840000 0.126078 0
5735.200000 0.100692 0
5738.560000 0.100535 0
5741.920000 0.105758 0
5745.280000 0.102618 0
5748.640000 0.104248 0
5752.000000 0.098113 0
5755.360000 0.087999 0
5758.720000 0.107081 0
5762.080000 0.123770 0
5765.440000 0.127088 0
5768.800000 0.114512 0
5772.160000 0.129367 0
5775.520000 0.131593 0
5778.880000 0.133527 0
5782.240000 0.150928 0
5785.600000 0.143137 0
5788.960000 0.125699 0
5792.320000 0.111991 0
5795.680000 0.129677 0
5799.040000 0.124420 0
5802.400000 0.120326 0
5805.760000 0.116898 0
5809.120000 0.094251 0
5812.480000 0.074632 0
5815.840000 0.085661 0
5819.200000 0.095243 0
5822.560000 0.137944 0
5825.920000 0.113176 0
5829.280000 0.128802 0
5832.640000 0.140256 0
5836.000000 0.145990 0
5839.360000 0.138866 0
5842.720000 0.125237 0
5846.080000 0.106523 0
5849.440000 0.117461 0
5852.800000 0.099992 0
5856.160000 0.095665 0
5859.520000 0.079852 0
5862.880000 0.073137 0
5866.240000 0.074076 0
5869.600000 0.071110 0
5872.960000 0.076595 0
5876.320000 0.096035 0
5879.680000 0.128018 0
5883.040000 0.136678 0
5886.400000 0.150495 0
5889.760000 0.143003 0
5893.120000 0.135576 0
5896.480000 0.146832 0
5899.840000 0.120350 0
5903.200000 0.137627 0
5906.560000 0.123446 0
5909.920000 0.155108 0
5913.280000 0.145745 0
5916.640000 0.154447 0
5920.000000 0.143561 0
5923.360000 0.185056 0
5926.720000 0.156753 0
5930.080000 0.132446 0
5933.440000 0.156497 0
5936.800000 0.120617 0
5940.160000 0.150804 0
5943.520000 0.133225 0
5946.880000 0.145454 0
5950.240000 0.111572 0
5953.600000 0.141741 0
5956.960000 0.144504 0
5960.320000 0.152214 0
5963.680000 0.135113 0
5967.040000 0.155944 0
5970.400000 0.167755 0
5973.760000 0.123797 0
5977.120000 0.131526 0
5980.480000 0.155436 0
5983.840000 0.139643 0
5987.200000 0.140898 0
5990.560000 0.157957 0
5993.920000 0.157574 0
5997.280000 0.148462 0
6000.640000 0.156939 0
6004.000000 0.131859 0
6007.360000 0.124196 0
6010.720000 0.131842 0
6014.080000 0.136423 0
6017.440000 0.139908 0
6020.800000 0.140929 0
6024.160000 0.134475 0
6027.520000 0.152865 0
6030.880000 0.132023 0
6034.240000 0.123311 0
6037.600000 0.142515 0
6040.960000 0.107848 0
6044.320000 0.147393 0
6047.680000 0.148254 0
6051.040000 0.124138 0
6054.400000 0.104913 0
6057.760000 0.112285 0
6061.120000 0.115403 0
6064.480000 0.107444 0
6067.840000 0.119418 0
6071.200000 0.120628 0
6074.560000 0.123639 0
6077.920000 0.130856 0
6081.280000 0.138112 0
6084.640000 0.125752 0
6088.000000 0.126044 0
6091.360000 0.145355 0
6094.720000 0.152158 0
6098.080000 0.142091 0
6101.440000 0.117254 0
6104.800000 0.127344 0
6108.160000 0.146892 0
6111.520000 0.144003 0
6114.880000 0.143046 0
6118.240000 0.135946 0
6121.600000 0.126138 0
6124.960000 0.125831 0
6128.320000 0.134750 0
6131.680000 0.144966 0
6135.040000 0.156035 0
6138.400000 0.143738 0
6141.760000 0.132200 0
6145.120000 0.151718 0
6148.480000 0.150944 0
6151.840000 0.156048 0
6155.200000 0.147006 0
6158.560000 0.150212 0
6161.920000 0.119398 0
6165.280000 0.119543 0
6168.640000 0.125561 0
6172.000000 0.125984 0
6175.360000 0.125128 0
6178.720000 0.134375 0
6182.080000 0.141032 0
6185.440000 0.136532 0
6188.800000 0.129961 0
6192.160000 0.140992 0
6195.520000 0.148443 0
6198.880000 0.150369 0
6202.240000 0.133698 0
6205.600000 0.127864 0
6208.960000 0.157880 0
6212.320000 0.153593 0
6215.680000 0.156018 0
6219.040000 0.144251 0
6222.400000 0.132094 0
6225.760000 0.159084 0
6229.120000 0.163829 0
6232.480000 0.150792 0
6235.840000 0.140836 0
6239.200000 0.137530 0
6242.560000 0.166634 0
6245.920000 0.127279 0
6249.280000 0.139760 0
6252.640000 0.133626 0
6256.000000 0.122395 0
6259.360000 0.143763 0
6262.720000 0.119419 0
6266.080000 0.114525 0
6269.440000 0.135518 0
6272.800000 0.149717 0
6276.160000 0.146849 0
6279.520000 0.154431 0
6282.880000 0.126982 0
6286.240000 0.147996 0
6289.600000 0.137292 0
6292.960000 0.151910 0
6296.320000 0.114655 0
6299.680000 0.120484 0
6303.040000 0.136842 0
6306.400000 0.160370 0
6309.760000 0.110320 0
6313.120000 0.122254 0
6316.480000 0.134722 0
6319.840000 0.148450 0
6323.200000 0.132664 0
6326.560000 0.129290 0
6329.920000 0.139613 0
6333.280000 0.153494 0
6336.640000 0.133362 0
6340.000000 0.135005 0
6343.360000 0.158326 0
6346.720000 0.136789 0
6350.080000 0.138280 0
6353.440000 0.124644 0
6356.800000 0.116801 0
6360.160000 0.132193 0
6363.520000 0.111235 0
6366.880000 0.117923 0
6370.240000 0.122482 0
6373.600000 0.150955 0
6376.960000 0.142160 0
6380.320000 0.133535 0
6383.680000 0.144540 0
6387.040000 0.145192 0
6390.400000 0.143720 0
6393.760000 0.128759 0
6397.120000 0.109538 0
6400.480000 0.130445 0
6403.840000 0.131779 0
6407.200000 0.131584 0
6410.560000 0.120827 0
6413.920000 0.152243 0
6417.280000 0.147676 0
6420.640000 0.128814 0
6424.000000 0.141548 0
6427.360000 0.134331 0
6430.720000 0.107607 0
6434.080000 0.135404 0
6437.440000 0.138302 0
6440.800000 0.144989 0
6444.160000 0.148393 0
6447.520000 0.141283 0
6450.880000 0.139953 0
6454.240000 0.135936 0
6457.600000 0.144497 0
6460.960000 0.159966 0
6464.320000 0.149910 0
6467.680000 0.157468 0
6471.040000 0.153951 0
6474.400000 0.133751 0
6477.760000 0.129594 0
6481.120000 0.129345 0
6484.480000 0.120650 0
6487.840000 0.117228 0
6491.200000 0.135059 0
6494.560000 0.153507 0
6497.920000 0.169141 0
6501.280000 0.127334 0
6504.640000 0.151066 0
6508.000000 0.144636 0
6511.360000 0.142849 0
6514.720000 0.151208 0
6518.080000 0.148870 0
6521.440000 0.133541 0
6524.800000 0.144359 0
6528.160000 0.147650 0
6531.520000 0.158131 0
6534.880000 0.154792 0
6538.240000 0.136262 0
6541.600000 0.150026 0
6544.960000 0.160977 0
6548.320000 0.168197 0
6551.680000 0.134630 0
6555.040000 0.148072 0
6558.400000 0.151558 0
6561.760000 0.155547 0
6565.120000 0.138311 0
6568.480000 0.142149 0
6571.840000 0.154047 0
6575.200000 0.131537 0
6578.560000 0.162092 0
6581.920000 0.144230 0
6585.280000 0.160454 0
6588.640000 0.142343 0
6592.000000 0.140157 0
6595.360000 0.145321 0
6598.720000 0.147298 0
6602.080000 0.156104 0
6605.440000 0.132888 0
6608.800000 0.169608 0
6612.160000 0.150721 0
6615.520000 0.147196 0
6618.880000 0.143945 0
6622.240000 0.153308 0
6625.600000 0.151374 0
6628.960000 0.141231 0
6632.320000 0.146392 0
6635.680000 0.155163 0
6639.040000 0.126457 0
6642.400000 0.148171 0
6645.760000 0.157339 0
6649.120000 0.151191 0
6652.480000 0.172049 0
6655.840000 0.168059 0
6659.200000 0.145173 0
6662.560000 0.150994 0
6665.920000 0.166666 0
6669.280000 0.161241 0
6672.640000 0.150116 0
6676.000000 0.153547 0
6679.360000 0.165704 0
6682.720000 0.166416 0
6686.080000 0.162784 0
6689.440000 0.147411 0
6692.800000 0.139970 0
6696.160000 0.131933 0
6699.520000 0.143591 0
6702.880000 0.136040 0
6706.240000 0.162397 0
6709.600000 0.158438 0
6712.960000 0.155701 0
6716.320000 0.165357 0
6719.680000 0.141536 0
6723.040000 0.152291 0
6726.400000 0.152085 0
6729.760000 0.156311 0
6733.120000 0.144573 0
6736.480000 0.141213 0
6739.840000 0.128644 0
6743.200000 0.145398 0
6746.560000 0.168434 0
6749.920000 0.163134 0
6753.280000 0.152750 0
6756.640000 0.160951 0
6760.000000 0.149792 0
6763.360000 0.157663 0
6766.720000 0.162971 0
6770.080000 0.149430 0
6773.440000 0.142992 0
6776.800000 0.127983 0
6780.160000 0.149851 0
6783.520000 0.156667 0
6786.880000 0.151416 0
6790.240000 0.148589 0
6793.600000 0.149939 0
6796.960000 0.161664 0
6800.320000 0.171258 0
6803.680000 0.144916 0
6807.040000 0.134733 0
6810.400000 0.155995 0
6813.760000 0.154561 0
6817.120000 0.154530 0
6820.480000 0.148367 0
6823.840000 0.152949 0
6827.200000 0.183589 0
6830.560000 0.181333 0
6833.920000 0.160676 0
6837.280000 0.141778 0
6840.640000 0.154369 0
6844.000000 0.157181 0
6847.360000 0.169040 0
6850.720000 0.162301 0
6854.080000 0.146137 0
6857.440000 0.192946 0
6860.800000 0.166098 0
6864.160000 0.135527 0
6867.520000 0.120940 0
6870.880000 0.110004 0
6874.240000 0.125713 0
6877.600000 0.121165 0
6880.960000 0.142741 0
6884.320000 0.155289 0
6887.680000 0.144609 0
6891.040000 0.127938 0
6894.400000 0.123929 0
6897.760000 0.133780 0
6901.120000 0.139384 0
6904.480000 0.136784 0
6907.840000 0.144638 0
6911.200000 0.171464 0
6914.560000 0.148882 0
6917.920000 0.149995 0
6921.280000 0.127970 0
6924.640000 0.133423 0
6928.000000 0.151316 0
6931.360000 0.138705 0
6934.720000 0.144089 0
6938.080000 0.156013 0
6941.440000 0.172725 0
6944.800000 0.160965 0
6948.160000 0.164136 0
6951.520000 0.181355 0
6954.880000 0.138993 0
6958.240000 0.142892 0
6961.600000 0.134651 0
6964.960000 0.156142 0
6968.320000 0.156790 0
6971.680000 0.152362 0
6975.040000 0.170060 0
6978.400000 0.160438 0
6981.760000 0.156545 0
6985.120000 0.129692 0
6988.480000 0.130427 0
6991.840000 0.143662 0
6995.200000 0.146377 0
6998.560000 0.152542 0
7001.920000 0.161391 0
7005.280000 0.155279 0
7008.640000 0.151504 0
7012.000000 0.151274 0
7015.360000 0.154598 0
7018.720000 0.140730 0
7022.080000 0.156628 0
7025.440000 0.169830 0
7028.800000 0.139845 0
7032.160000 0.143979 0
7035.520000 0.154175 0
7038.880000 0.159445 0
7042.240000 0.158757 0
7045.600000 0.143670 0
7048.960000 0.150646 0
7052.320000 0.168580 0
7055.680000 0.166849 0
7059.040000 0.157788 0
7062.400000 0.170241 0
7065.760000 0.160117 0
7069.120000 0.151598 0
7072.480000 0.136444 0
7075.840000 0.143241 0
7079.200000 0.169138 0
7082.560000 0.139859 0
7085.920000 0.150236 0
7089.280000 0.150162 0
7092.640000 0.139557 0
7096.000000 0.148810 0
7099.360000 0.155228 0
7102.720000 0.160353 0
7106.080000 0.150093 0
7109.440000 0.144493 0
7112.800000 0.137096 0
7116.160000 0.153837 0
7119.520000 0.161466 0
7122.880000 0.153263 0
7126.240000 0.164123 0
7129.600000 0.172994 0
7132.960000 0.137122 0
7136.320000 0.154393 0
7139.680000 0.155150 0
7143.040000 0.146403 0
7146.400000 0.159583 0
7149.760000 0.127892 0
7153.120000 0.133813 0
7156.480000 0.149443 0
7159.840000 0.151097 0
7163.200000 0.159395 0
7166.560000 0.142316 0
7169.920000 0.149779 0
7173.280000 0.126817 0
7176.640000 0.127658 0
7180.000000 0.150528 0
7183.360000 0.193615 0
7186.720000 0.189509 0
7190.080000 0.167509 0
7193.440000 0.148640 0
7196.800000 0.126765 0
7200.160000 0.112345 0
7203.520000 0.133733 0
7206.880000 0.129247 0
7210.240000 0.134591 0
7213.600000 0.152133 0
7216.960000 0.143799 0
7220.320000 0.148749 0
7223.680000 0.148417 0
7227.040000 0.139270 0
7230.400000 0.140253 0
7233.760000 0.142867 0
7237.120000 0.151329 0
7240.480000 0.166413 0
7243.840000 0.177323 0
7247.200000 0.126959 0
7250.560000 0.137283 0
7253.920000 0.133699 0
7257.280000 0.134086 0
7260.640000 0.142839 0
7264.000000 0.153721 0
7267.360000 0.156676 0
7270.720000 0.155424 0
7274.080000 0.160468 0
7277.440000 0.191900 0
7280.800000 0.162751 0
7284.160000 0.118808 0
7287.520000 0.134855 0
7290.880000 0.146132 0
7294.240000 0.154410 0
7297.600000 0.166685 0
7300.960000 0.162165 0
7304.320000 0.135411 0
7307.680000 0.167023 0
7311.040000 0.182725 0
7314.400000 0.160534 0
7317.760000 0.129495 0
7321.120000 0.164014 0
7324.480000 0.134395 0
7327.840000 0.139042 0
7331.200000 0.181316 0
7334.560000 0.166341 0
7337.920000 0.137953 0
7341.280000 0.136507 0
7344.640000 0.106498 0
7348.000000 0.154191 0
7351.360000 0.157241 0
7354.720000 0.157691 0
7358.080000 0.173966 0
7361.440000 0.145798 0
7364.800000 0.170758 0
7368.160000 0.172735 0
7371.520000 0.140918 0
7374.880000 0.185905 0
7378.240000 0.142032 0
7381.600000 0.154528 0
7384.960000 0.156285 0
7388.320000 0.130910 0
7391.680000 0.138675 0
7395.040000 0.127921 0
7398.400000 0.157512 0
7401.760000 0.160657 0
7405.120000 0.168970 0
7408.480000 0.171263 0
7411.840000 0.133522 0
7415.200000 0.145538 0
7418.560000 0.128268 0
7421.920000 0.114506 0
7425.280000 0.148900 0
7428.640000 0.146512 0
7432.000000 0.120607 0
7435.360000 0.162699 0
7438.720000 0.146940 0
7442.080000 0.153367 0
7445.440000 0.158700 0
7448.800000 0.124881 0
7452.160000 0.121505 0
7455.520000 0.142070 0
7458.880000 0.138446 0
7462.240000 0.139673 0
7465.600000 0.141214 0
7468.960000 0.162940 0
7472.320000 0.128109 0
7475.680000 0.151378 0
7479.040000 0.165334 0
7482.400000 0.142645 0
7485.760000 0.156745 0
7489.120000 0.131136 0
7492.480000 0.144204 0
7495.840000 0.137131 0
7499.200000 0.133262 0
7502.560000 0.143263 0
7505.920000 0.139454 0
7509.280000 0.149541 0
7512.640000 0.170184 0
7516.000000 0.151165 0
7519.360000 0.179680 0
7522.720000 0.158246 0
7526.080000 0.136419 0
7529.440000 0.136215 0
7532.800000 0.131133 0
7536.160000 0.136328 0
7539.520000 0.140221 0
7542.880000 0.150103 0
7546.240000 0.126108 0
7549.600000 0.131531 0
7552.960000 0.148598 0
7556.320000 0.146778 0
7559.680000 0.135893 0
7563.040000 0.159079 0
7566.400000 0.140365 0
7569.760000 0.144082 0
7573.120000 0.142269 0
7576.480000 0.118448 0
7579.840000 0.123108 0
7583.200000 0.153918 0
7586.560000 0.150233 0
7589.920000 0.119158 0
7593.280000 0.147745 0
7596.640000 0.165535 0
7600.000000 0.159141 0
7603.360000 0.169421 0
7606.720000 0.138493 0
7610.080000 0.116822 0
7613.440000 0.138268 0
7616.800000 0.169792 0
7620.160000 0.121932 0
7623.520000 0.162952 0
7626.880000 0.129671 0
7630.240000 0.141163 0
7633.600000 0.142052 0
7636.960000 0.139093 0
7640.320000 0.156823 0
7643.680000 0.120304 0
7647.040000 0.125670 0
7650.400000 0.148145 0
7653.760000 0.122186 0
7657.120000 0.143006 0
7660.480000 0.129854 0
7663.840000 0.131409 0
7667.200000 0.124252 0
7670.560000 0.135865 0
7673.920000 0.122811 0
7677.280000 0.128925 0
7680.640000 0.141089 0
7684.000000 0.141891 0
7687.360000 0.148152 0
7690.720000 0.132511 0
7694.080000 0.135402 0
7697.440000 0.129002 0
7700.800000 0.132865 0
7704.160000 0.111231 0
7707.520000 0.113020 0
7710.880000 0.098146 0
7714.240000 0.168105 0
7717.600000 0.124632 0
7720.960000 0.118633 0
7724.320000 0.141512 0
7727.680000 0.160083 0
7731.040000 0.144980 0
7734.400000 0.130832 0
7737.760000 0.124676 0
7741.120000 0.122069 0
7744.480000 0.154283 0
7747.840000 0.148043 0
7751.200000 0.108167 0
7754.560000 0.131879 0
7757.920000 0.127978 0
7761.280000 0.145142 0
7764.640000 0.145421 0
7768.000000 0.144983 0
7771.360000 0.161248 0
7774.720000 0.140449 0
7778.080000 0.139840 0
7781.440000 0.134263 0
7784.800000 0.128438 0
7788.160000 0.166687 0
7791.520000 0.127898 0
7794.880000 0.108852 0
7798.240000 0.139753 0
7801.600000 0.159693 0
7804.960000 0.160404 0
7808.320000 0.130274 0
7811.680000 0.148459 0
7815.040000 0.174397 0
7818.400000 0.160434 0
7821.760000 0.164385 0
7825.120000 0.167226 0
7828.480000 0.160310 0
7831.840000 0.131077 0
7835.200000 0.137702 0
7838.560000 0.154646 0
7841.920000 0.143791 0
7845.280000 0.141295 0
7848.640000 0.167993 0
7852.000000 0.174511 0
7855.360000 0.206354 0
7858.720000 0.163447 0
7862.080000 0.143288 0
7865.440000 0.133719 0
7868.800000 0.173504 0
7872.160000 0.163255 0
7875.520000 0.152279 0
7878.880000 0.162040 0
7882.240000 0.176608 0
7885.600000 0.150339 0
7888.960000 0.155485 0
7892.320000 0.136326 0
7895.680000 0.138012 0
7899.040000 0.139367 0
7902.400000 0.153338 0
7905.760000 0.170106 0
7909.120000 0.136134 0
7912.480000 0.180007 0
7915.840000 0.175941 0
7919.200000 0.181357 0
7922.560000 0.177813 0
7925.920000 0.115957 0
7929.280000 0.162387 0
7932.640000 0.142443 0
7936.000000 0.140250 0
7939.360000 0.158156 0
7942.720000 0.168811 0
7946.080000 0.149295 0
7949.440000 0.168194 0
7952.800000 0.142173 0
7956.160000 0.180816 0
7959.520000 0.165539 0
7962.880000 0.170846 0
7966.240000 0.150856 0
7969.600000 0.149899 0
7972.960000 0.159095 0
7976.320000 0.138877 0
7979.680000 0.155383 0
7983.040000 0.151593 0
7986.400000 0.166916 0
7989.760000 0.154834 0
7993.120000 0.156709 0
7996.480000 0.152348 0
7999.840000 0.168796 0
8003.200000 0.167003 0
8006.560000 0.143828 0
8009.920000 0.102500 0
8013.280000 0.099239 0
8016.640000 0.162785 0
8020.000000 0.152764 0
8023.360000 0.128135 0
8026.720000 0.144965 0
8030.080000 0.121966 0
8033.440000 0.142097 0
8036.800000 0.128310 0
8040.160000 0.140768 0
8043.520000 0.147708 0
8046.880000 0.137715 0
8050.240000 0.150870 0
8053.600000 0.169969 0
8056.960000 0.150359 0
8060.320000 0.177639 0
8063.680000 0.143222 0
8067.040000 0.141145 0
8070.400000 0.164361 0
8073.760000 0.151701 0
8077.120000 0.143082 0
8080.480000 0.166125 0
8083.840000 0.170777 0
8087.200000 0.131421 0
8090.560000 0.145632 0
8093.920000 0.145590 0
8097.280000 0.143336 0
8100.640000 0.158320 0
8104.000000 0.150676 0
8107.360000 0.146089 0
8110.720000 0.147262 0
8114.080000 0.152349 0
8117.440000 0.180087 0
8120.800000 0.144889 0
8124.160000 0.131874 0
8127.520000 0.141777 0
8130.880000 0.131102 0
8134.240000 0.141462 0
8137.600000 0.120933 0
8140.960000 0.160855 0
8144.320000 0.180929 0
8147.680000 0.134153 0
8151.040000 0.141988 0
8154.400000 0.148170 0
8157.760000 0.167316 0
8161.120000 0.150704 0
8164.480000 0.148851 0
8167.840000 0.148894 0
8171.200000 0.159878 0
8174.560000 0.150295 0
8177.920000 0.141205 0
8181.280000 0.128203 0
8184.640000 0.142963 0
8188.000000 0.158762 0
8191.360000 0.127979 0
8194.720000 0.138287 0
8198.080000 0.152635 0
8201.440000 0.158139 0
8204.800000 0.153206 0
8208.160000 0.180594 0
8211.520000 0.176176 0
8214.880000 0.150107 0
8218.240000 0.140502 0
8221.600000 0.160358 0
8224.960000 0.139145 0
8228.320000 0.126607 0
8231.680000 0.157272 0
8235.040000 0.127431 0
8238.400000 0.159144 0
8241.760000 0.157618 0
8245.120000 0.163135 0
8248.480000 0.184942 0
8251.840000 0.161380 0
8255.200000 0.153369 0
8258.560000 0.140527 0
8261.920000 0.142335 0
8265.280000 0.148367 0
8268.640000 0.130184 0
8272.000000 0.118983 0
8275.360000 0.172411 0
8278.720000 0.187769 0
8282.080000 0.167347 0
8285.440000 0.145756 0
8288.800000 0.131071 0
8292.160000 0.151080 0
8295.520000 0.197697 0
8298.880000 0.135152 0
8302.240000 0.164943 0
8305.600000 0.137793 0
8308.960000 0.140067 0
8312.320000 0.164213 0
8315.680000 0.188679 0
8319.040000 0.195884 0
8322.400000 0.167515 0
8325.760000 0.138955 0
8329.120000 0.117693 0
8332.480000 0.148677 0
8335.840000 0.225937 0
8339.200000 0.211505 0
8342.560000 0.137198 0
8345.920000 0.145378 0
8349.280000 0.151549 0
8352.640000 0.107308 0
8356.000000 0.150816 0
8359.360000 0.125299 0
8362.720000 0.156412 0
8366.080000 0.146846 0
8369.440000 0.110574 0
8372.800000 0.145273 0
8376.160000 0.160969 0
8379.520000 0.145202 0
8382.880000 0.186998 0
8386.240000 0.151509 0
8389.600000 0.127637 0
8392.960000 0.222898 0
8396.320000 0.176809 0
8399.680000 0.127595 0
8403.040000 0.151568 0
8406.400000 0.115504 0
8409.760000 0.183622 0
8413.120000 0.160738 0
8416.480000 0.141263 0
8419.840000 0.171219 0
8423.200000 0.173161 0
8426.560000 0.246205 0
8429.920000 0.168584 0
8433.280000 0.176093 0
8436.640000 0.085497 0
8440.000000 0.158905 0
8443.360000 0.127803 0
8446.720000 0.187226 0
8450.080000 0.165848 0
8453.440000 0.168982 0
8456.800000 0.161819 0
8460.160000 0.133272 0
8463.520000 0.127686 0
8466.880000 0.115078 0
8470.240000 0.107142 0
8473.600000 0.139676 0
8476.960000 0.165951 0
8480.320000 0.183444 0
8483.680000 0.143509 0
8487.040000 0.147040 0
8490.400000 0.168648 0
8493.760000 0.154217 0
8497.120000 0.209247 0
8500.480000 0.159131 0
8503.840000 0.124118 0
8507.200000 0.162720 0
8510.560000 0.129243 0
8513.920000 0.162528 0
8517.280000 0.150792 0
8520.640000 0.149297 0
8524.000000 0.141980 0
8527.360000 0.152055 0
8530.720000 0.149423 0
8534.080000 0.166918 0
8537.440000 0.191787 0
8540.800000 0.137363 0
8544.160000 0.182482 0
8547.520000 0.165414 0
8550.880000 0.145337 0
8554.240000 0.146336 0
8557.600000 0.144702 0
8560.960000 0.150908 0
8564.320000 0.174710 0
8567.680000 0.161519 0
8571.040000 0.151301 0
8574.400000 0.152108 0
8577.760000 0.152708 0
8581.120000 0.168948 0
8584.480000 0.161621 0
8587.840000 0.160024 0
8591.200000 0.159385 0
8594.560000 0.171843 0
8597.920000 0.138097 0
8601.280000 0.132008 0
8604.640000 0.152972 0
8608.000000 0.166272 0
8611.360000 0.169158 0
8614.720000 0.165040 0
8618.080000 0.124237 0
8621.440000 0.170997 0
8624.800000 0.198943 0
8628.160000 0.198520 0
8631.520000 0.160729 0
8634.880000 0.126874 0
8638.240000 0.112041 0
8641.600000 0.153775 0
8644.960000 0.148387 0
8648.320000 0.146604 0
8651.680000 0.210966 0
8655.040000 0.189202 0
8658.400000 0.120602 0
8661.760000 0.134540 0
8665.120000 0.137522 0
8668.480000 0.150746 0
8671.840000 0.156909 0
8675.200000 0.173794 0
8678.560000 0.167715 0
8681.920000 0.187660 0
8685.280000 0.198461 0
8688.640000 0.180039 0
8692.000000 0.174107 0
8695.360000 0.153335 0
8698.720000 0.142498 0
8702.080000 0.121038 0
8705.440000 0.136019 0
8708.800000 0.130178 0
8712.160000 0.116872 0
8715.520000 0.146854 0
8718.880000 0.129383 0
8722.240000 0.138979 0
8725.600000 0.135166 0
8728.960000 0.131927 0
8732.320000 0.134698 0
8735.680000 0.146362 0
8739.040000 0.163880 0
8742.400000 0.152754 0
8745.760000 0.157183 0
8749.120000 0.166602 0
8752.480000 0.219927 0
8755.840000 0.222943 0
8759.200000 0.197061 0
8762.560000 0.222180 0
8765.920000 0.162034 0
8769.280000 0.191731 0
8772.640000 0.181819 0
8776.000000 0.219647 0
8779.360000 0.165783 0
8782.720000 0.115989 0
8786.080000 0.154852 0
8789.440000 0.115006 0
8792.800000 0.116913 0
8796.160000 0.173591 0
8799.520000 0.166892 0
8802.880000 0.174139 0
8806.240000 0.160493 0
8809.600000 0.145889 0
8812.960000 0.157258 0
8816.320000 0.150719 0
8819.680000 0.309505 0
8823.040000 0.270378 0
8826.400000 0.322737 0
8829.760000 0.091541 0
8833.120000 0.115282 0
8836.480000 0.164671 0
8839.840000 0.153802 0
8843.200000 0.110980 0
8846.560000 0.121162 0
8849.920000 0.195350 0
8853.280000 0.192601 0
8856.640000 0.163530 0
8860.000000 0.163415 0
8863.360000 0.176232 0
8866.720000 0.166800 0
8870.080000 0.179604 0
8873.440000 0.140460 0
8876.800000 0.180176 0
8880.160000 0.312566 0
8883.520000 0.161814 0
8886.880000 0.147641 0
8890.240000 0.118679 0
8893.600000 0.118140 0
8896.960000 0.199186 0
8900.320000 0.217145 0
8903.680000 0.169728 0
8907.040000 0.181966 0
8910.400000 0.184461 0
8913.760000 0.282662 0
8917.120000 0.212749 0
8920.480000 0.283797 0
8923.840000 0.043758 0
8927.200000 0.109494 0
8930.560000 0.175310 0
8933.920000 0.138338 0
8937.280000 0.181357 0
8940.640000 0.230227 0
8944.000000 0.131389 0
8947.360000 0.144831 0
8950.720000 0.211860 0
8954.080000 0.174582 0
8957.440000 0.220408 0
8960.800000 0.182040 0
8964.160000 0.087247 0
8967.520000 0.119201 0
8970.880000 0.154778 0
8974.240000 0.145426 0
8977.600000 0.154395 0
8980.960000 0.150562 0
8984.320000 0.138863 0
8987.680000 0.183380 0
8991.040000 0.198940 0
8994.400000 0.125212 0
8997.760000 0.092287 0
9001.120000 0.069688 0
9004.480000 0.135009 0
9007.840000 0.161062 0
9011.200000 0.173349 0
9014.560000 0.139190 0
9017.920000 0.133434 0
9021.280000 0.164265 0
9024.640000 0.140639 0
9028.000000 0.134784 0
9031.360000 0.192661 0
9034.720000 0.165214 0
9038.080000 0.182312 0
9041.440000 0.153940 0
9044.800000 0.209847 0
9048.160000 0.151453 0
9051.520000 0.197608 0
9054.880000 0.145908 0
9058.240000 0.157113 0
9061.600000 0.151702 0
9064.960000 0.139581 0
9068.320000 0.153642 0
9071.680000 0.165561 0
9075.040000 0.163394 0
9078.400000 0.159806 0
9081.760000 0.148838 0
9085.120000 0.136554 0
9088.480000 0.131235 0
9091.840000 0.182366 0
9095.200000 0.142393 0
9098.560000 0.142925 0
9101.920000 0.146926 0
9105.280000 0.153795 0
9108.640000 0.152279 0
9112.000000 0.141705 0
9115.360000 0.103644 0
9118.720000 0.140351 0
9122.080000 0.142549 0
9125.440000 0.153555 0
9128.800000 0.138681 0
9132.160000 0.134799 0
9135.520000 0.131360 0
9138.880000 0.141599 0
9142.240000 0.159117 0
9145.600000 0.154026 0
9148.960000 0.123894 0
9152.320000 0.115589 0
9155.680000 0.142573 0
9159.040000 0.151713 0
9162.400000 0.171360 0
9165.760000 0.194079 0
9169.120000 0.161645 0
9172.480000 0.144899 0
9175.840000 0.136800 0
9179.200000 0.149171 0
9182.560000 0.150294 0
9185.920000 0.147627 0
9189.280000 0.132571 0
9192.640000 0.139982 0
9196.000000 0.145493 0
9199.360000 0.152998 0
9202.720000 0.171856 0
9206.080000 0.154286 0
9209.440000 0.187647 0
9212.800000 0.143086 0
9216.160000 0.168100 0
9219.520000 0.170607 0
9222.880000 0.153362 0
9226.240000 0.168085 0
9229.600000 0.212285 0
9232.960000 0.179308 0
9236.320000 0.142328 0
9239.680000 0.157889 0
9243.040000 0.133941 0
9246.400000 0.146853 0
9249.760000 0.155525 0
