# obs: 255763
# slit: 9
# z: 0.44855
# lines: [OII],H8,H,H{delta}
# spec: 204
4451.680000 0.000000 1
4455.040000 0.000000 1
4458.400000 0.000000 1
4461.760000 0.000000 1
4465.120000 0.000000 1
4468.480000 0.001963 1
4471.840000 -0.001546 1
4475.200000 -0.030999 1
4478.560000 -0.019763 1
4481.920000 -0.017969 1
4485.280000 0.026112 1
4488.640000 0.027685 1
4492.000000 0.012676 1
4495.360000 0.004172 1
4498.720000 0.032542 1
4502.080000 0.005846 1
4505.440000 0.031378 1
4508.800000 0.018114 1
4512.160000 0.015602 0
4515.520000 0.016921 0
4518.880000 0.028808 0
4522.240000 0.020643 0
4525.600000 0.020284 0
4528.960000 0.031598 0
4532.320000 0.016908 0
4535.680000 0.032808 0
4539.040000 0.021153 0
4542.400000 0.026916 0
4545.760000 0.022944 0
4549.120000 0.034284 0
4552.480000 0.023916 0
4555.840000 0.025514 0
4559.200000 0.026853 0
4562.560000 0.010097 0
4565.920000 0.030145 0
4569.280000 0.012703 0
4572.640000 0.012882 0
4576.000000 0.026874 0
4579.360000 0.024405 0
4582.720000 0.035995 0
4586.080000 0.024220 0
4589.440000 0.019879 0
4592.800000 0.025784 0
4596.160000 0.019767 0
4599.520000 0.028910 0
4602.880000 0.016774 0
4606.240000 0.013783 0
4609.600000 0.028786 0
4612.960000 0.020820 0
4616.320000 0.021362 0
4619.680000 0.027243 0
4623.040000 0.033418 0
4626.400000 0.027113 0
4629.760000 0.020745 0
4633.120000 0.026179 0
4636.480000 0.033566 0
4639.840000 0.033373 0
4643.200000 0.033970 0
4646.560000 0.024240 0
4649.920000 0.030391 0
4653.280000 0.011680 0
4656.640000 0.026229 0
4660.000000 0.020433 0
4663.360000 0.011715 0
4666.720000 0.021625 0
4670.080000 0.027511 0
4673.440000 0.025940 0
4676.800000 0.016567 0
4680.160000 0.012215 0
4683.520000 0.031643 0
4686.880000 0.024075 0
4690.240000 0.019857 0
4693.600000 0.029144 0
4696.960000 0.032225 0
4700.320000 0.028063 0
4703.680000 0.029545 0
4707.040000 0.024274 0
4710.400000 0.030739 0
4713.760000 0.026825 0
4717.120000 0.028919 0
4720.480000 0.031280 0
4723.840000 0.028742 0
4727.200000 0.017440 0
4730.560000 0.010726 0
4733.920000 0.009352 0
4737.280000 0.023422 0
4740.640000 0.026057 0
4744.000000 0.025534 0
4747.360000 0.023053 0
4750.720000 0.023802 0
4754.080000 0.016264 0
4757.440000 0.024086 0
4760.800000 0.022824 0
4764.160000 0.025065 0
4767.520000 0.039048 0
4770.880000 0.026958 0
4774.240000 0.021520 0
4777.600000 0.025587 0
4780.960000 0.027118 0
4784.320000 0.022441 0
4787.680000 0.030174 0
4791.040000 0.013190 0
4794.400000 0.023531 0
4797.760000 0.018249 0
4801.120000 0.015424 0
4804.480000 0.006522 0
4807.840000 0.023337 0
4811.200000 0.029745 0
4814.560000 0.028368 0
4817.920000 0.029764 0
4821.280000 0.024203 0
4824.640000 0.031320 0
4828.000000 0.028439 0
4831.360000 0.026121 0
4834.720000 0.016758 0
4838.080000 0.020748 0
4841.440000 0.020425 0
4844.800000 0.024683 0
4848.160000 0.004623 0
4851.520000 0.008038 0
4854.880000 0.014446 0
4858.240000 0.027744 0
4861.600000 0.018614 0
4864.960000 0.026633 0
4868.320000 0.022841 0
4871.680000 0.014824 0
4875.040000 0.023246 0
4878.400000 0.031668 0
4881.760000 0.013546 0
4885.120000 0.012202 0
4888.480000 0.018737 0
4891.840000 0.024074 0
4895.200000 0.022818 0
4898.560000 0.014998 0
4901.920000 0.027121 0
4905.280000 0.042253 0
4908.640000 0.020155 0
4912.000000 0.017740 0
4915.360000 0.031832 0
4918.720000 0.016688 0
4922.080000 0.023903 0
4925.440000 0.018711 0
4928.800000 0.021024 0
4932.160000 0.029611 0
4935.520000 0.027337 0
4938.880000 0.021041 0
4942.240000 0.022768 0
4945.600000 0.045118 0
4948.960000 0.027913 0
4952.320000 0.021191 0
4955.680000 0.023337 0
4959.040000 0.017985 0
4962.400000 0.020628 0
4965.760000 0.032611 0
4969.120000 0.023539 0
4972.480000 0.030853 0
4975.840000 0.029703 0
4979.200000 0.019607 0
4982.560000 0.024659 0
4985.920000 0.030374 0
4989.280000 0.031710 0
4992.640000 0.034381 0
4996.000000 0.032558 0
4999.360000 0.044039 0
5002.720000 0.034674 0
5006.080000 0.035327 0
5009.440000 0.035635 0
5012.800000 0.024786 0
5016.160000 0.017113 0
5019.520000 0.019044 0
5022.880000 0.023190 0
5026.240000 0.012388 0
5029.600000 0.025485 0
5032.960000 0.027394 0
5036.320000 0.032385 0
5039.680000 0.024089 0
5043.040000 0.019518 0
5046.400000 0.026228 0
5049.760000 0.020147 0
5053.120000 0.015767 0
5056.480000 0.027624 0
5059.840000 0.017172 0
5063.200000 0.025950 0
5066.560000 0.019963 0
5069.920000 0.018355 0
5073.280000 0.016909 0
5076.640000 0.023654 0
5080.000000 0.032968 0
5083.360000 0.014116 0
5086.720000 0.023418 0
5090.080000 0.010653 0
5093.440000 0.024501 0
5096.800000 0.021345 0
5100.160000 0.025796 0
5103.520000 0.026489 0
5106.880000 0.029854 0
5110.240000 0.030955 0
5113.600000 0.021669 0
5116.960000 0.028232 0
5120.320000 0.013965 0
5123.680000 0.016936 0
5127.040000 0.018256 0
5130.400000 0.022042 0
5133.760000 0.032640 0
5137.120000 0.039438 0
5140.480000 0.024981 0
5143.840000 0.023194 0
5147.200000 0.032365 0
5150.560000 0.021439 0
5153.920000 0.020409 0
5157.280000 0.027759 0
5160.640000 0.017136 0
5164.000000 0.019897 0
5167.360000 0.021395 0
5170.720000 0.030367 0
5174.080000 0.022987 0
5177.440000 0.017652 0
5180.800000 0.006619 0
5184.160000 0.023561 0
5187.520000 0.030883 0
5190.880000 0.030977 0
5194.240000 0.022787 0
5197.600000 0.013785 0
5200.960000 0.014188 0
5204.320000 0.017502 0
5207.680000 0.018948 0
5211.040000 0.032878 0
5214.400000 0.026709 0
5217.760000 0.031088 0
5221.120000 0.014849 0
5224.480000 0.023561 0
5227.840000 0.022315 0
5231.200000 0.021431 0
5234.560000 0.024090 0
5237.920000 0.023878 0
5241.280000 0.018404 0
5244.640000 0.018513 0
5248.000000 0.017987 0
5251.360000 0.020790 0
5254.720000 0.019263 0
5258.080000 0.013895 0
5261.440000 0.024164 0
5264.800000 0.021482 0
5268.160000 0.023869 0
5271.520000 0.037515 0
5274.880000 0.021738 0
5278.240000 0.029940 0
5281.600000 0.021204 0
5284.960000 0.013546 0
5288.320000 0.035579 0
5291.680000 0.030953 0
5295.040000 0.023143 0
5298.400000 0.030697 0
5301.760000 0.035171 0
5305.120000 0.023019 0
5308.480000 0.029426 0
5311.840000 0.017034 0
5315.200000 0.021127 0
5318.560000 0.035702 0
5321.920000 0.037030 0
5325.280000 0.026808 0
5328.640000 0.010562 0
5332.000000 0.023044 0
5335.360000 0.031393 0
5338.720000 0.027380 0
5342.080000 0.022240 0
5345.440000 0.025973 0
5348.800000 0.014498 0
5352.160000 0.025646 0
5355.520000 0.036242 0
5358.880000 0.032942 0
5362.240000 0.027627 0
5365.600000 0.021616 0
5368.960000 0.015048 0
5372.320000 0.021737 0
5375.680000 0.022173 0
5379.040000 0.024821 0
5382.400000 0.019074 0
5385.760000 0.030065 0
5389.120000 0.029294 0
5392.480000 0.032670 0
5395.840000 0.037059 0
5399.200000 0.054609 0
5402.560000 0.051079 0
5405.920000 0.050236 0
5409.280000 0.025407 0
5412.640000 0.014534 0
5416.000000 0.026296 0
5419.360000 0.032391 0
5422.720000 0.021287 0
5426.080000 0.027296 0
5429.440000 0.024637 0
5432.800000 0.029081 0
5436.160000 0.035737 0
5439.520000 0.026729 0
5442.880000 0.032683 0
5446.240000 0.027498 0
5449.600000 0.019367 0
5452.960000 0.031803 0
5456.320000 0.026157 0
5459.680000 0.017980 0
5463.040000 0.030638 0
5466.400000 0.032152 0
5469.760000 0.016861 0
5473.120000 0.034045 0
5476.480000 0.039549 0
5479.840000 0.041974 0
5483.200000 0.039841 0
5486.560000 0.033172 0
5489.920000 0.038895 0
5493.280000 0.028168 0
5496.640000 0.024071 0
5500.000000 0.016032 0
5503.360000 0.006336 0
5506.720000 0.028216 0
5510.080000 0.026400 0
5513.440000 0.022040 0
5516.800000 0.031019 0
5520.160000 0.029061 0
5523.520000 0.032907 0
5526.880000 0.029972 0
5530.240000 0.028198 0
5533.600000 0.024154 0
5536.960000 0.019709 0
5540.320000 0.026071 0
5543.680000 0.034070 0
5547.040000 0.024498 0
5550.400000 0.020207 0
5553.760000 0.006639 0
5557.120000 0.026876 0
5560.480000 0.028357 0
5563.840000 0.028610 0
5567.200000 0.036201 1
5570.560000 -0.097365 1
5573.920000 -0.006670 1
5577.280000 -0.016081 1
5580.640000 -0.020474 1
5584.000000 0.183827 1
5587.360000 0.045796 1
5590.720000 0.042895 1
5594.080000 0.044948 1
5597.440000 0.052283 1
5600.800000 0.046399 0
5604.160000 0.043383 0
5607.520000 0.048184 0
5610.880000 0.039527 0
5614.240000 0.026668 0
5617.600000 0.036158 0
5620.960000 0.035711 0
5624.320000 0.023736 0
5627.680000 0.023583 0
5631.040000 0.033332 0
5634.400000 0.028268 0
5637.760000 0.024217 0
5641.120000 0.030120 0
5644.480000 0.039160 0
5647.840000 0.036672 0
5651.200000 0.031801 0
5654.560000 0.034148 0
5657.920000 0.033225 0
5661.280000 0.030816 0
5664.640000 0.041241 0
5668.000000 0.037513 0
5671.360000 0.049621 0
5674.720000 0.042856 0
5678.080000 0.036251 0
5681.440000 0.037943 0
5684.800000 0.027775 0
5688.160000 0.028765 0
5691.520000 0.037928 0
5694.880000 0.031708 0
5698.240000 0.040619 0
5701.600000 0.023210 0
5704.960000 0.016701 0
5708.320000 0.034754 0
5711.680000 0.031459 0
5715.040000 0.029908 0
5718.400000 0.028692 0
5721.760000 0.028659 0
5725.120000 0.042407 0
5728.480000 0.039972 0
5731.840000 0.026633 0
5735.200000 0.051391 0
5738.560000 0.026089 0
5741.920000 0.025584 0
5745.280000 0.021680 0
5748.640000 0.011114 0
5752.000000 0.013585 0
5755.360000 0.018590 0
5758.720000 0.025621 0
5762.080000 0.044225 0
5765.440000 0.025389 0
5768.800000 0.033670 0
5772.160000 0.040893 0
5775.520000 0.045730 0
5778.880000 0.040617 0
5782.240000 0.039758 0
5785.600000 0.042676 0
5788.960000 0.040337 0
5792.320000 0.039144 0
5795.680000 0.039604 0
5799.040000 0.031649 0
5802.400000 0.044470 0
5805.760000 0.041652 0
5809.120000 0.043529 0
5812.480000 0.036023 0
5815.840000 0.033847 0
5819.200000 0.054910 0
5822.560000 0.045186 0
5825.920000 0.051771 0
5829.280000 0.049312 0
5832.640000 0.043686 0
5836.000000 0.051118 0
5839.360000 0.049447 0
5842.720000 0.048383 0
5846.080000 0.039026 0
5849.440000 0.052978 0
5852.800000 0.054458 0
5856.160000 0.033131 0
5859.520000 0.027416 0
5862.880000 0.032742 0
5866.240000 0.017165 0
5869.600000 0.067207 0
5872.960000 0.055319 0
5876.320000 0.051682 0
5879.680000 0.030738 0
5883.040000 0.043352 0
5886.400000 0.034448 0
5889.760000 0.036869 0
5893.120000 0.049238 0
5896.480000 0.057690 0
5899.840000 0.064134 0
5903.200000 0.045058 0
5906.560000 0.030170 0
5909.920000 0.039490 0
5913.280000 0.045675 0
5916.640000 0.039518 0
5920.000000 0.044779 0
5923.360000 0.032263 0
5926.720000 0.030003 0
5930.080000 0.040024 0
5933.440000 0.025251 0
5936.800000 0.030838 0
5940.160000 0.029434 0
5943.520000 0.029140 0
5946.880000 0.028324 0
5950.240000 0.046497 0
5953.600000 0.033488 0
5956.960000 0.031440 0
5960.320000 0.039346 0
5963.680000 0.043221 0
5967.040000 0.030852 0
5970.400000 0.027635 0
5973.760000 0.059284 0
5977.120000 0.047341 0
5980.480000 0.049882 0
5983.840000 0.047985 0
5987.200000 0.029118 0
5990.560000 0.041181 0
5993.920000 0.049038 0
5997.280000 0.041683 0
6000.640000 0.042720 0
6004.000000 0.049779 0
6007.360000 0.044108 0
6010.720000 0.041457 0
6014.080000 0.040548 0
6017.440000 0.041972 0
6020.800000 0.043402 0
6024.160000 0.045712 0
6027.520000 0.046586 0
6030.880000 0.050747 0
6034.240000 0.038744 0
6037.600000 0.036017 0
6040.960000 0.034460 0
6044.320000 0.049349 0
6047.680000 0.050569 0
6051.040000 0.032925 0
6054.400000 0.042125 0
6057.760000 0.038100 0
6061.120000 0.039498 0
6064.480000 0.047308 0
6067.840000 0.038565 0
6071.200000 0.040069 0
6074.560000 0.033705 0
6077.920000 0.029741 0
6081.280000 0.038147 0
6084.640000 0.043848 0
6088.000000 0.035858 0
6091.360000 0.039484 0
6094.720000 0.055343 0
6098.080000 0.042907 0
6101.440000 0.043113 0
6104.800000 0.038059 0
6108.160000 0.033654 0
6111.520000 0.037014 0
6114.880000 0.043338 0
6118.240000 0.041789 0
6121.600000 0.031989 0
6124.960000 0.033601 0
6128.320000 0.039629 0
6131.680000 0.035327 0
6135.040000 0.048877 0
6138.400000 0.049531 0
6141.760000 0.035072 0
6145.120000 0.043939 0
6148.480000 0.057815 0
6151.840000 0.035954 0
6155.200000 0.040931 0
6158.560000 0.036802 0
6161.920000 0.033438 0
6165.280000 0.036512 0
6168.640000 0.033459 0
6172.000000 0.046798 0
6175.360000 0.052378 0
6178.720000 0.040784 0
6182.080000 0.032562 0
6185.440000 0.046246 0
6188.800000 0.034665 0
6192.160000 0.045419 0
6195.520000 0.039276 0
6198.880000 0.048054 0
6202.240000 0.036664 0
6205.600000 0.030232 0
6208.960000 0.058034 0
6212.320000 0.056639 0
6215.680000 0.046110 0
6219.040000 0.044261 0
6222.400000 0.030953 0
6225.760000 0.033338 0
6229.120000 0.041420 0
6232.480000 0.031895 0
6235.840000 0.020624 0
6239.200000 0.042546 0
6242.560000 0.047141 0
6245.920000 0.052639 0
6249.280000 0.035966 0
6252.640000 0.031885 0
6256.000000 0.047048 0
6259.360000 0.043174 0
6262.720000 0.045083 0
6266.080000 0.034101 0
6269.440000 0.033030 0
6272.800000 0.037274 0
6276.160000 0.036932 0
6279.520000 0.027287 0
6282.880000 0.023615 0
6286.240000 0.023977 0
6289.600000 0.017057 0
6292.960000 0.007508 0
6296.320000 0.024877 0
6299.680000 0.033878 0
6303.040000 0.042862 0
6306.400000 0.042492 0
6309.760000 0.059245 0
6313.120000 0.049532 0
6316.480000 0.039150 0
6319.840000 0.031836 0
6323.200000 0.031599 0
6326.560000 0.043102 0
6329.920000 0.041258 0
6333.280000 0.041309 0
6336.640000 0.045232 0
6340.000000 0.046347 0
6343.360000 0.038889 0
6346.720000 0.024847 0
6350.080000 0.031895 0
6353.440000 0.027722 0
6356.800000 0.027626 0
6360.160000 0.030625 0
6363.520000 0.051497 0
6366.880000 0.052780 0
6370.240000 0.042601 0
6373.600000 0.040106 0
6376.960000 0.033555 0
6380.320000 0.035058 0
6383.680000 0.035248 0
6387.040000 0.037147 0
6390.400000 0.047114 0
6393.760000 0.040922 0
6397.120000 0.038137 0
6400.480000 0.030033 0
6403.840000 0.036425 0
6407.200000 0.034106 0
6410.560000 0.035070 0
6413.920000 0.048089 0
6417.280000 0.043917 0
6420.640000 0.033750 0
6424.000000 0.042364 0
6427.360000 0.051247 0
6430.720000 0.040385 0
6434.080000 0.040894 0
6437.440000 0.044226 0
6440.800000 0.034053 0
6444.160000 0.037083 0
6447.520000 0.040628 0
6450.880000 0.041577 0
6454.240000 0.030802 0
6457.600000 0.034032 0
6460.960000 0.038455 0
6464.320000 0.031565 0
6467.680000 0.025431 0
6471.040000 0.043001 0
6474.400000 0.055224 0
6477.760000 0.027922 0
6481.120000 0.047138 0
6484.480000 0.051040 0
6487.840000 0.031012 0
6491.200000 0.052690 0
6494.560000 0.050862 0
6497.920000 0.026616 0
6501.280000 0.034496 0
6504.640000 0.042803 0
6508.000000 0.058817 0
6511.360000 0.034902 0
6514.720000 0.039602 0
6518.080000 0.049087 0
6521.440000 0.041221 0
6524.800000 0.021335 0
6528.160000 0.040928 0
6531.520000 0.056861 0
6534.880000 0.035809 0
6538.240000 0.056387 0
6541.600000 0.045459 0
6544.960000 0.017602 0
6548.320000 0.036773 0
6551.680000 0.037853 0
6555.040000 0.039945 0
6558.400000 0.054147 0
6561.760000 0.041963 0
6565.120000 0.043376 0
6568.480000 0.040619 0
6571.840000 0.052453 0
6575.200000 0.033128 0
6578.560000 0.044221 0
6581.920000 0.041009 0
6585.280000 0.043080 0
6588.640000 0.040609 0
6592.000000 0.043044 0
6595.360000 0.029578 0
6598.720000 0.040150 0
6602.080000 0.048590 0
6605.440000 0.052110 0
6608.800000 0.045072 0
6612.160000 0.049273 0
6615.520000 0.049901 0
6618.880000 0.044133 0
6622.240000 0.051900 0
6625.600000 0.038763 0
6628.960000 0.039185 0
6632.320000 0.035870 0
6635.680000 0.045564 0
6639.040000 0.050114 0
6642.400000 0.037938 0
6645.760000 0.042348 0
6649.120000 0.048211 0
6652.480000 0.034051 0
6655.840000 0.041183 0
6659.200000 0.051437 0
6662.560000 0.041831 0
6665.920000 0.044876 0
6669.280000 0.046351 0
6672.640000 0.036709 0
6676.000000 0.041012 0
6679.360000 0.030925 0
6682.720000 0.039298 0
6686.080000 0.051576 0
6689.440000 0.048968 0
6692.800000 0.034741 0
6696.160000 0.035405 0
6699.520000 0.045728 0
6702.880000 0.050887 0
6706.240000 0.051247 0
6709.600000 0.039697 0
6712.960000 0.041515 0
6716.320000 0.047349 0
6719.680000 0.050053 0
6723.040000 0.041405 0
6726.400000 0.046299 0
6729.760000 0.040251 0
6733.120000 0.033864 0
6736.480000 0.042582 0
6739.840000 0.047112 0
6743.200000 0.046507 0
6746.560000 0.044397 0
6749.920000 0.046207 0
6753.280000 0.037414 0
6756.640000 0.039558 0
6760.000000 0.042077 0
6763.360000 0.038674 0
6766.720000 0.038147 0
6770.080000 0.029919 0
6773.440000 0.039210 0
6776.800000 0.036585 0
6780.160000 0.029055 0
6783.520000 0.043552 0
6786.880000 0.047839 0
6790.240000 0.040808 0
6793.600000 0.039631 0
6796.960000 0.039724 0
6800.320000 0.053297 0
6803.680000 0.042423 0
6807.040000 0.041332 0
6810.400000 0.042304 0
6813.760000 0.039820 0
6817.120000 0.039512 0
6820.480000 0.037558 0
6823.840000 0.040552 0
6827.200000 0.031961 0
6830.560000 0.034185 0
6833.920000 0.042149 0
6837.280000 0.041374 0
6840.640000 0.058612 0
6844.000000 0.060555 0
6847.360000 0.042135 0
6850.720000 0.035795 0
6854.080000 0.035603 0
6857.440000 0.035536 0
6860.800000 0.039297 0
6864.160000 0.036542 0
6867.520000 0.044142 0
6870.880000 0.034075 0
6874.240000 0.028199 0
6877.600000 0.036027 0
6880.960000 0.047541 0
6884.320000 0.035833 0
6887.680000 0.040029 0
6891.040000 0.044341 0
6894.400000 0.029727 0
6897.760000 0.041499 0
6901.120000 0.043507 0
6904.480000 0.027089 0
6907.840000 0.031610 0
6911.200000 0.026033 0
6914.560000 0.039716 0
6917.920000 0.050539 0
6921.280000 0.031902 0
6924.640000 0.047693 0
6928.000000 0.030278 0
6931.360000 0.030576 0
6934.720000 0.039908 0
6938.080000 0.036874 0
6941.440000 0.040085 0
6944.800000 0.035001 0
6948.160000 0.047541 0
6951.520000 0.039378 0
6954.880000 0.032642 0
6958.240000 0.050612 0
6961.600000 0.042525 0
6964.960000 0.032737 0
6968.320000 0.028594 0
6971.680000 0.036181 0
6975.040000 0.036147 0
6978.400000 0.049327 0
6981.760000 0.048192 0
6985.120000 0.039740 0
6988.480000 0.037815 0
6991.840000 0.030851 0
6995.200000 0.036865 0
6998.560000 0.036796 0
7001.920000 0.030288 0
7005.280000 0.029674 0
7008.640000 0.048749 0
7012.000000 0.040114 0
7015.360000 0.027773 0
7018.720000 0.034888 0
7022.080000 0.033280 0
7025.440000 0.032690 0
7028.800000 0.035445 0
7032.160000 0.032792 0
7035.520000 0.042769 0
7038.880000 0.048194 0
7042.240000 0.035348 0
7045.600000 0.040728 0
7048.960000 0.045357 0
7052.320000 0.046552 0
7055.680000 0.041705 0
7059.040000 0.034514 0
7062.400000 0.031420 0
7065.760000 0.034614 0
7069.120000 0.036218 0
7072.480000 0.035014 0
7075.840000 0.044941 0
7079.200000 0.040600 0
7082.560000 0.031043 0
7085.920000 0.034265 0
7089.280000 0.037578 0
7092.640000 0.035688 0
7096.000000 0.039457 0
7099.360000 0.042337 0
7102.720000 0.039238 0
7106.080000 0.039247 0
7109.440000 0.037536 0
7112.800000 0.031653 0
7116.160000 0.031812 0
7119.520000 0.035853 0
7122.880000 0.039026 0
7126.240000 0.035869 0
7129.600000 0.040470 0
7132.960000 0.035080 0
7136.320000 0.031886 0
7139.680000 0.033430 0
7143.040000 0.039631 0
7146.400000 0.045539 0
7149.760000 0.039972 0
7153.120000 0.034346 0
7156.480000 0.037612 0
7159.840000 0.048211 0
7163.200000 0.033868 0
7166.560000 0.031385 0
7169.920000 0.039587 0
7173.280000 0.039441 0
7176.640000 0.032408 0
7180.000000 0.024367 0
7183.360000 0.027115 0
7186.720000 0.028850 0
7190.080000 0.023967 0
7193.440000 0.021928 0
7196.800000 0.037798 0
7200.160000 0.029242 0
7203.520000 0.030910 0
7206.880000 0.028355 0
7210.240000 0.039386 0
7213.600000 0.044120 1
7216.960000 0.030308 1
7220.320000 0.018722 1
7223.680000 -0.286960 1
7227.040000 -0.107860 1
7230.400000 0.045251 1
7233.760000 0.063263 1
7237.120000 0.061921 1
7240.480000 0.072999 1
7243.840000 0.053738 1
7247.200000 0.010932 1
7250.560000 0.005657 1
7253.920000 0.019638 1
7257.280000 0.031261 1
7260.640000 0.047858 1
7264.000000 0.025047 1
7267.360000 0.064045 1
7270.720000 0.069979 1
7274.080000 0.037613 1
7277.440000 0.032230 1
7280.800000 0.025120 1
7284.160000 0.010656 1
7287.520000 0.022005 1
7290.880000 0.024948 1
7294.240000 0.037883 1
7297.600000 0.029450 1
7300.960000 0.033035 1
7304.320000 0.031566 1
7307.680000 0.070624 1
7311.040000 0.062925 1
7314.400000 0.053873 1
7317.760000 0.048891 1
7321.120000 0.040919 1
7324.480000 0.037825 1
7327.840000 0.051171 1
7331.200000 0.049608 1
7334.560000 0.050429 1
7337.920000 0.063125 1
7341.280000 0.043182 1
7344.640000 0.023299 1
7348.000000 0.016891 1
7351.360000 0.052183 1
7354.720000 0.059205 1
7358.080000 0.034474 1
7361.440000 0.030630 1
7364.800000 0.063535 1
7368.160000 0.023646 1
7371.520000 0.021058 1
7374.880000 0.018740 1
7378.240000 0.026291 1
7381.600000 0.032872 1
7384.960000 0.048573 1
7388.320000 0.041090 1
7391.680000 0.031820 1
7395.040000 0.038885 1
7398.400000 0.039508 1
7401.760000 0.039526 1
7405.120000 0.045240 1
7408.480000 0.019843 1
7411.840000 0.039700 1
7415.200000 0.042619 1
7418.560000 0.042133 1
7421.920000 0.035794 1
7425.280000 0.035562 1
7428.640000 0.039086 1
7432.000000 0.058977 1
7435.360000 0.049166 1
7438.720000 0.040526 1
7442.080000 0.037801 1
7445.440000 0.029997 1
7448.800000 0.044712 1
7452.160000 0.040859 1
7455.520000 0.036180 1
7458.880000 0.040167 1
7462.240000 0.040478 1
7465.600000 0.051543 1
7468.960000 0.034404 1
7472.320000 0.032537 1
7475.680000 0.042517 1
7479.040000 0.041209 1
7482.400000 0.031683 1
7485.760000 0.027399 1
7489.120000 0.020721 1
7492.480000 0.027749 1
7495.840000 0.033885 1
7499.200000 0.032450 1
7502.560000 0.031410 1
7505.920000 0.037065 1
7509.280000 0.034504 1
7512.640000 0.028252 1
7516.000000 0.040944 1
7519.360000 0.047889 1
7522.720000 0.056377 1
7526.080000 0.044401 1
7529.440000 0.018465 1
7532.800000 0.015762 1
7536.160000 0.034509 1
7539.520000 0.039080 1
7542.880000 0.033930 1
7546.240000 0.026750 1
7549.600000 0.037531 1
7552.960000 0.046068 1
7556.320000 0.036657 1
7559.680000 0.030489 1
7563.040000 0.028340 1
7566.400000 0.051065 1
7569.760000 0.034168 1
7573.120000 0.024315 1
7576.480000 0.022852 1
7579.840000 0.025591 1
7583.200000 0.039873 1
7586.560000 0.045794 1
7589.920000 0.033607 1
7593.280000 0.019631 1
7596.640000 0.024296 1
7600.000000 0.004985 1
7603.360000 0.009833 1
7606.720000 0.055328 1
7610.080000 0.029739 1
7613.440000 0.002176 1
7616.800000 0.037422 1
7620.160000 0.028613 1
7623.520000 0.038607 1
7626.880000 0.016426 1
7630.240000 0.030361 1
7633.600000 0.043599 1
7636.960000 0.037247 1
7640.320000 0.033672 1
7643.680000 0.039709 1
7647.040000 0.024630 1
7650.400000 0.041872 1
7653.760000 0.030664 1
7657.120000 0.029311 1
7660.480000 0.040361 1
7663.840000 0.042540 1
7667.200000 0.025379 1
7670.560000 0.038416 1
7673.920000 0.035182 1
7677.280000 0.029155 1
7680.640000 0.034560 1
7684.000000 0.042026 1
7687.360000 0.027472 1
7690.720000 0.033443 1
7694.080000 0.045804 1
7697.440000 0.035359 1
7700.800000 0.027875 1
7704.160000 0.006227 1
7707.520000 0.004453 1
7710.880000 0.046911 1
7714.240000 0.048250 1
7717.600000 0.037108 1
7720.960000 0.044804 1
7724.320000 0.036445 1
7727.680000 0.026879 1
7731.040000 0.043678 1
7734.400000 0.040960 1
7737.760000 0.035829 1
7741.120000 0.014748 1
7744.480000 0.010942 1
7747.840000 0.040338 1
7751.200000 0.022973 1
7754.560000 0.037956 1
7757.920000 0.066705 1
7761.280000 0.053316 1
7764.640000 0.053287 1
7768.000000 0.045408 1
7771.360000 0.025336 1
7774.720000 0.036997 1
7778.080000 0.036033 1
7781.440000 0.036916 1
7784.800000 0.018592 1
7788.160000 0.018438 1
7791.520000 0.002427 1
7794.880000 0.023478 1
7798.240000 0.023342 1
7801.600000 0.037433 1
7804.960000 0.023180 1
7808.320000 0.013746 1
7811.680000 -0.005925 1
7815.040000 -0.008624 1
7818.400000 0.018042 1
7821.760000 0.017020 1
7825.120000 0.081070 1
7828.480000 0.055384 1
7831.840000 0.028219 1
7835.200000 0.019608 1
7838.560000 0.041616 1
7841.920000 0.022225 1
7845.280000 -0.039192 1
7848.640000 -0.020971 1
7852.000000 0.035867 1
7855.360000 0.078654 1
7858.720000 0.042607 1
7862.080000 0.062967 1
7865.440000 0.093767 1
7868.800000 0.000000 1
7872.160000 0.000000 1
7875.520000 0.000000 1
7878.880000 0.000000 1
7882.240000 0.000000 1
7885.600000 0.000000 1
7888.960000 0.000000 1
7892.320000 0.000000 1
7895.680000 0.000000 1
7899.040000 0.000000 1
7902.400000 0.000000 1
7905.760000 0.000000 1
7909.120000 0.000000 1
7912.480000 0.000000 1
7915.840000 0.000000 1
7919.200000 0.000000 1
7922.560000 0.000000 1
7925.920000 0.000000 1
7929.280000 0.000000 1
7932.640000 0.000000 1
7936.000000 0.000000 1
7939.360000 0.000000 1
7942.720000 0.000000 1
7946.080000 0.000000 1
7949.440000 0.000000 1
7952.800000 0.000000 1
7956.160000 0.000000 1
7959.520000 0.000000 1
7962.880000 0.000000 1
7966.240000 0.000000 1
7969.600000 0.000000 1
7972.960000 0.000000 1
7976.320000 0.000000 1
7979.680000 0.000000 1
7983.040000 0.000000 1
7986.400000 0.000000 1
7989.760000 0.000000 1
7993.120000 0.000000 1
7996.480000 0.000000 1
7999.840000 0.000000 1
8003.200000 0.000000 1
8006.560000 0.000000 1
8009.920000 0.000000 1
8013.280000 0.000000 1
8016.640000 0.000000 1
8020.000000 0.000000 1
8023.360000 0.000000 1
8026.720000 0.000000 1
8030.080000 0.000000 1
8033.440000 0.000000 1
8036.800000 0.000000 1
8040.160000 0.000000 1
8043.520000 0.000000 1
8046.880000 0.000000 1
8050.240000 0.000000 1
8053.600000 0.000000 1
8056.960000 0.000000 1
8060.320000 0.000000 1
8063.680000 0.000000 1
8067.040000 0.000000 1
8070.400000 0.000000 1
8073.760000 0.000000 1
8077.120000 0.000000 1
8080.480000 0.000000 1
8083.840000 0.000000 1
8087.200000 0.000000 1
8090.560000 0.000000 1
8093.920000 0.000000 1
8097.280000 0.000000 1
8100.640000 0.000000 1
8104.000000 0.000000 1
8107.360000 0.000000 1
8110.720000 0.000000 1
8114.080000 0.000000 1
8117.440000 0.000000 1
8120.800000 0.000000 1
8124.160000 0.000000 1
8127.520000 0.000000 1
8130.880000 0.000000 1
8134.240000 0.000000 1
8137.600000 0.000000 1
8140.960000 0.000000 1
8144.320000 0.000000 1
8147.680000 0.000000 1
8151.040000 0.000000 1
8154.400000 0.000000 1
8157.760000 0.000000 1
8161.120000 0.000000 1
8164.480000 0.000000 1
8167.840000 0.000000 1
8171.200000 0.000000 1
8174.560000 0.000000 1
8177.920000 0.000000 1
8181.280000 0.000000 1
8184.640000 0.000000 1
8188.000000 0.000000 1
8191.360000 0.000000 1
8194.720000 0.000000 1
8198.080000 0.000000 1
8201.440000 0.000000 1
8204.800000 0.000000 1
8208.160000 0.000000 1
8211.520000 0.000000 1
8214.880000 0.000000 1
8218.240000 0.000000 1
8221.600000 0.000000 1
8224.960000 0.000000 1
8228.320000 0.000000 1
8231.680000 0.000000 1
8235.040000 0.000000 1
8238.400000 0.000000 1
8241.760000 0.000000 1
8245.120000 0.000000 1
8248.480000 0.000000 1
8251.840000 0.000000 1
8255.200000 0.000000 1
8258.560000 0.000000 1
8261.920000 0.000000 1
8265.280000 0.000000 1
8268.640000 0.000000 1
8272.000000 0.000000 1
8275.360000 0.000000 1
8278.720000 0.000000 1
8282.080000 0.000000 1
8285.440000 0.000000 1
8288.800000 0.000000 1
8292.160000 0.000000 1
8295.520000 0.000000 1
8298.880000 0.000000 1
8302.240000 0.000000 1
8305.600000 0.000000 1
8308.960000 0.000000 1
8312.320000 0.000000 1
8315.680000 0.000000 1
8319.040000 0.000000 1
8322.400000 0.000000 1
8325.760000 0.000000 1
8329.120000 0.000000 1
8332.480000 0.000000 1
8335.840000 0.000000 1
8339.200000 0.000000 1
8342.560000 0.000000 1
8345.920000 0.000000 1
8349.280000 0.000000 1
8352.640000 0.000000 1
8356.000000 0.000000 1
8359.360000 0.000000 1
8362.720000 0.000000 1
8366.080000 0.000000 1
8369.440000 0.000000 1
8372.800000 0.000000 1
8376.160000 0.000000 1
8379.520000 0.000000 1
8382.880000 0.000000 1
8386.240000 0.000000 1
8389.600000 0.000000 1
8392.960000 0.000000 1
8396.320000 0.000000 1
8399.680000 0.000000 1
8403.040000 0.000000 1
8406.400000 0.000000 1
8409.760000 0.000000 1
8413.120000 0.000000 1
8416.480000 0.000000 1
8419.840000 0.000000 1
8423.200000 0.000000 1
8426.560000 0.000000 1
8429.920000 0.000000 1
8433.280000 0.000000 1
8436.640000 0.000000 1
8440.000000 0.000000 1
8443.360000 0.000000 1
8446.720000 0.000000 1
8450.080000 0.000000 1
8453.440000 0.000000 1
8456.800000 0.000000 1
8460.160000 0.000000 1
8463.520000 0.000000 1
8466.880000 0.000000 1
8470.240000 0.000000 1
8473.600000 0.000000 1
8476.960000 0.000000 1
8480.320000 0.000000 1
8483.680000 0.000000 1
8487.040000 0.000000 1
8490.400000 0.000000 1
8493.760000 0.000000 1
8497.120000 0.000000 1
8500.480000 0.000000 1
8503.840000 0.000000 1
8507.200000 0.000000 1
8510.560000 0.000000 1
8513.920000 0.000000 1
8517.280000 0.000000 1
8520.640000 0.000000 1
8524.000000 0.000000 1
8527.360000 0.000000 1
8530.720000 0.000000 1
8534.080000 0.000000 1
8537.440000 0.000000 1
8540.800000 0.000000 1
8544.160000 0.000000 1
8547.520000 0.000000 1
8550.880000 0.000000 1
8554.240000 0.000000 1
8557.600000 0.000000 1
8560.960000 0.000000 1
8564.320000 0.000000 1
8567.680000 0.000000 1
8571.040000 0.000000 1
8574.400000 0.000000 1
8577.760000 0.000000 1
8581.120000 0.000000 1
8584.480000 0.000000 1
8587.840000 0.000000 1
8591.200000 0.000000 1
8594.560000 0.000000 1
8597.920000 0.000000 1
8601.280000 0.000000 1
8604.640000 0.000000 1
8608.000000 0.000000 1
8611.360000 0.000000 1
8614.720000 0.000000 1
8618.080000 0.000000 1
8621.440000 0.000000 1
8624.800000 0.000000 1
8628.160000 0.000000 1
8631.520000 0.000000 1
8634.880000 0.000000 1
8638.240000 0.000000 1
8641.600000 0.000000 1
8644.960000 0.000000 1
8648.320000 0.000000 1
8651.680000 0.000000 1
8655.040000 0.000000 1
8658.400000 0.000000 1
8661.760000 0.000000 1
8665.120000 0.000000 1
8668.480000 0.000000 1
8671.840000 0.000000 1
8675.200000 0.000000 1
8678.560000 0.000000 1
8681.920000 0.000000 1
8685.280000 0.000000 1
8688.640000 0.000000 1
8692.000000 0.000000 1
8695.360000 0.000000 1
8698.720000 0.000000 1
8702.080000 0.000000 1
8705.440000 0.000000 1
8708.800000 0.000000 1
8712.160000 0.000000 1
8715.520000 0.000000 1
8718.880000 0.000000 1
8722.240000 0.000000 1
8725.600000 0.000000 1
8728.960000 0.000000 1
8732.320000 0.000000 1
8735.680000 0.000000 1
8739.040000 0.000000 1
8742.400000 0.000000 1
8745.760000 0.000000 1
8749.120000 0.000000 1
8752.480000 0.000000 1
8755.840000 0.000000 1
8759.200000 0.000000 1
8762.560000 0.000000 1
8765.920000 0.000000 1
8769.280000 0.000000 1
8772.640000 0.000000 1
8776.000000 0.000000 1
8779.360000 0.000000 1
8782.720000 0.000000 1
8786.080000 0.000000 1
8789.440000 0.000000 1
8792.800000 0.000000 1
8796.160000 0.000000 1
8799.520000 0.000000 1
8802.880000 0.000000 1
8806.240000 0.000000 1
8809.600000 0.000000 1
8812.960000 0.000000 1
8816.320000 0.000000 1
8819.680000 0.000000 1
8823.040000 0.000000 1
8826.400000 0.000000 1
8829.760000 0.000000 1
8833.120000 0.000000 1
8836.480000 0.000000 1
8839.840000 0.000000 1
8843.200000 0.000000 1
8846.560000 0.000000 1
8849.920000 0.000000 1
8853.280000 0.000000 1
8856.640000 0.000000 1
8860.000000 0.000000 1
8863.360000 0.000000 1
8866.720000 0.000000 1
8870.080000 0.000000 1
8873.440000 0.000000 1
8876.800000 0.000000 1
8880.160000 0.000000 1
8883.520000 0.000000 1
8886.880000 0.000000 1
8890.240000 0.000000 1
8893.600000 0.000000 1
8896.960000 0.000000 1
8900.320000 0.000000 1
8903.680000 0.000000 1
8907.040000 0.000000 1
8910.400000 0.000000 1
8913.760000 0.000000 1
8917.120000 0.000000 1
8920.480000 0.000000 1
8923.840000 0.000000 1
8927.200000 0.000000 1
8930.560000 0.000000 1
8933.920000 0.000000 1
8937.280000 0.000000 1
8940.640000 0.000000 1
8944.000000 0.000000 1
8947.360000 0.000000 1
8950.720000 0.000000 1
8954.080000 0.000000 1
8957.440000 0.000000 1
8960.800000 0.000000 1
8964.160000 0.000000 1
8967.520000 0.000000 1
8970.880000 0.000000 1
8974.240000 0.000000 1
8977.600000 0.000000 1
8980.960000 0.000000 1
8984.320000 0.000000 1
8987.680000 0.000000 1
8991.040000 0.000000 1
8994.400000 0.000000 1
8997.760000 0.000000 1
9001.120000 0.000000 1
9004.480000 0.000000 1
9007.840000 0.000000 1
9011.200000 0.000000 1
9014.560000 0.000000 1
9017.920000 0.000000 1
9021.280000 0.000000 1
9024.640000 0.000000 1
9028.000000 0.000000 1
9031.360000 0.000000 1
9034.720000 0.000000 1
9038.080000 0.000000 1
9041.440000 0.000000 1
9044.800000 0.000000 1
9048.160000 0.000000 1
9051.520000 0.000000 1
9054.880000 0.000000 1
9058.240000 0.000000 1
9061.600000 0.000000 1
9064.960000 0.000000 1
9068.320000 0.000000 1
9071.680000 0.000000 1
9075.040000 0.000000 1
9078.400000 0.000000 1
9081.760000 0.000000 1
9085.120000 0.000000 1
9088.480000 0.000000 1
9091.840000 0.000000 1
9095.200000 0.000000 1
9098.560000 0.000000 1
9101.920000 0.000000 1
9105.280000 0.000000 1
9108.640000 0.000000 1
9112.000000 0.000000 1
9115.360000 0.000000 1
9118.720000 0.000000 1
9122.080000 0.000000 1
9125.440000 0.000000 1
9128.800000 0.000000 1
9132.160000 0.000000 1
9135.520000 0.000000 1
9138.880000 0.000000 1
9142.240000 0.000000 1
9145.600000 0.000000 1
9148.960000 0.000000 1
9152.320000 0.000000 1
9155.680000 0.000000 1
9159.040000 0.000000 1
9162.400000 0.000000 1
9165.760000 0.000000 1
9169.120000 0.000000 1
9172.480000 0.000000 1
9175.840000 0.000000 1
9179.200000 0.000000 1
9182.560000 0.000000 1
9185.920000 0.000000 1
9189.280000 0.000000 1
9192.640000 0.000000 1
9196.000000 0.000000 1
9199.360000 0.000000 1
9202.720000 0.000000 1
9206.080000 0.000000 1
9209.440000 0.000000 1
9212.800000 0.000000 1
9216.160000 0.000000 1
9219.520000 0.000000 1
9222.880000 0.000000 1
9226.240000 0.000000 1
9229.600000 0.000000 1
9232.960000 0.000000 1
9236.320000 0.000000 1
9239.680000 0.000000 1
9243.040000 0.000000 1
9246.400000 0.000000 1
9249.760000 0.000000 1
