# obs: 255706
# slit: 19
# z: 0.24845
# lines: K,H,4000{AA}-break,H{delta},G,H{beta}
# spec: 570
4451.680000 0.000000 1
4455.040000 0.000000 1
4458.400000 0.000000 1
4461.760000 0.000000 1
4465.120000 0.000000 1
4468.479999 0.000000 1
4471.839999 0.154664 1
4475.199999 0.217086 1
4478.559999 0.233532 0
4481.919999 0.243648 0
4485.279999 0.297661 0
4488.639999 0.262309 0
4491.999999 0.271761 0
4495.359999 0.272682 0
4498.719999 0.255846 0
4502.079998 0.277358 0
4505.439998 0.231036 0
4508.799998 0.249609 0
4512.159998 0.233691 0
4515.519998 0.265934 0
4518.879998 0.283013 0
4522.239998 0.278731 0
4525.599998 0.259994 0
4528.959998 0.254368 0
4532.319997 0.283489 0
4535.679997 0.285210 0
4539.039997 0.267937 0
4542.399997 0.272951 0
4545.759997 0.298301 0
4549.119997 0.280389 0
4552.479997 0.281361 0
4555.839997 0.299808 0
4559.199997 0.321546 0
4562.559997 0.316186 0
4565.919996 0.321410 0
4569.279996 0.328645 0
4572.639996 0.316600 0
4575.999996 0.312422 0
4579.359996 0.333349 0
4582.719996 0.321389 0
4586.079996 0.323963 0
4589.439996 0.318267 0
4592.799996 0.333233 0
4596.159995 0.266091 0
4599.519995 0.277342 0
4602.879995 0.295204 0
4606.239995 0.321842 0
4609.599995 0.324821 0
4612.959995 0.330688 0
4616.319995 0.334987 0
4619.679995 0.310745 0
4623.039995 0.304201 0
4626.399995 0.273733 0
4629.759994 0.304901 0
4633.119994 0.322113 0
4636.479994 0.288943 0
4639.839994 0.310206 0
4643.199994 0.309016 0
4646.559994 0.323568 0
4649.919994 0.352275 0
4653.279994 0.320011 0
4656.639994 0.304373 0
4659.999993 0.290864 0
4663.359993 0.266793 0
4666.719993 0.259965 0
4670.079993 0.262399 0
4673.439993 0.260225 0
4676.799993 0.254733 0
4680.159993 0.280819 0
4683.519993 0.313630 0
4686.879993 0.290238 0
4690.239993 0.308686 0
4693.599992 0.298021 0
4696.959992 0.300684 0
4700.319992 0.331858 0
4703.679992 0.335613 0
4707.039992 0.316194 0
4710.399992 0.358236 0
4713.759992 0.388104 0
4717.119992 0.426021 0
4720.479992 0.413866 0
4723.839992 0.409506 0
4727.199991 0.357488 0
4730.559991 0.350694 0
4733.919991 0.318291 0
4737.279991 0.299570 0
4740.639991 0.294331 0
4743.999991 0.318030 0
4747.359991 0.346819 0
4750.719991 0.368426 0
4754.079991 0.387202 0
4757.439990 0.378101 0
4760.799990 0.362088 0
4764.159990 0.339317 0
4767.519990 0.341727 0
4770.879990 0.335018 0
4774.239990 0.269446 0
4777.599990 0.269720 0
4780.959990 0.245133 0
4784.319990 0.206215 0
4787.679990 0.221495 0
4791.039989 0.237088 0
4794.399989 0.268374 0
4797.759989 0.309383 0
4801.119989 0.337293 0
4804.479989 0.345146 0
4807.839989 0.342057 0
4811.199989 0.373827 0
4814.559989 0.353180 0
4817.919989 0.362086 0
4821.279988 0.389263 0
4824.639988 0.382946 0
4827.999988 0.402132 0
4831.359988 0.359039 0
4834.719988 0.357461 0
4838.079988 0.352690 0
4841.439988 0.335025 0
4844.799988 0.336642 0
4848.159988 0.314300 0
4851.519988 0.296453 0
4854.879987 0.307145 0
4858.239987 0.303464 0
4861.599987 0.367224 0
4864.959987 0.383670 0
4868.319987 0.397429 0
4871.679987 0.405580 0
4875.039987 0.398710 0
4878.399987 0.432691 0
4881.759987 0.457000 0
4885.119986 0.456158 0
4888.479986 0.463479 0
4891.839986 0.441180 0
4895.199986 0.420187 0
4898.559986 0.400616 0
4901.919986 0.327517 0
4905.279986 0.299406 0
4908.639986 0.222288 0
4911.999986 0.220158 0
4915.359986 0.264604 0
4918.719985 0.309613 0
4922.079985 0.369011 0
4925.439985 0.388151 0
4928.799985 0.422097 0
4932.159985 0.430573 0
4935.519985 0.441557 0
4938.879985 0.413853 0
4942.239985 0.400367 0
4945.599985 0.349842 0
4948.959984 0.293149 0
4952.319984 0.240987 0
4955.679984 0.214784 0
4959.039984 0.225813 0
4962.399984 0.293097 0
4965.759984 0.414599 0
4969.119984 0.467033 0
4972.479984 0.487381 0
4975.839984 0.490423 0
4979.199984 0.519308 0
4982.559983 0.529627 0
4985.919983 0.532583 0
4989.279983 0.510766 0
4992.639983 0.536595 0
4995.999983 0.545643 0
4999.359983 0.564948 0
5002.719983 0.555031 0
5006.079983 0.542877 0
5009.439983 0.591984 0
5012.799982 0.610730 0
5016.159982 0.585705 0
5019.519982 0.581195 0
5022.879982 0.581902 0
5026.239982 0.580846 0
5029.599982 0.543651 0
5032.959982 0.564375 0
5036.319982 0.549299 0
5039.679982 0.554003 0
5043.039982 0.592837 0
5046.399981 0.592643 0
5049.759981 0.553432 0
5053.119981 0.554663 0
5056.479981 0.575279 0
5059.839981 0.565831 0
5063.199981 0.564619 0
5066.559981 0.544424 0
5069.919981 0.548226 0
5073.279981 0.526107 0
5076.639980 0.521007 0
5079.999980 0.558744 0
5083.359980 0.570661 0
5086.719980 0.530877 0
5090.079980 0.528294 0
5093.439980 0.539569 0
5096.799980 0.548558 0
5100.159980 0.557085 0
5103.519980 0.589077 0
5106.879980 0.572536 0
5110.239979 0.541997 0
5113.599979 0.514895 0
5116.959979 0.476640 0
5120.319979 0.417609 0
5123.679979 0.445422 0
5127.039979 0.467338 0
5130.399979 0.522656 0
5133.759979 0.538783 0
5137.119979 0.572331 0
5140.479978 0.573054 0
5143.839978 0.558588 0
5147.199978 0.590976 0
5150.559978 0.568500 0
5153.919978 0.571482 0
5157.279978 0.552804 0
5160.639978 0.557084 0
5163.999978 0.532939 0
5167.359978 0.594871 0
5170.719978 0.576582 0
5174.079977 0.573533 0
5177.439977 0.554651 0
5180.799977 0.566671 0
5184.159977 0.576419 0
5187.519977 0.561603 0
5190.879977 0.558075 0
5194.239977 0.580536 0
5197.599977 0.600546 0
5200.959977 0.576178 0
5204.319977 0.586892 0
5207.679976 0.530742 0
5211.039976 0.550648 0
5214.399976 0.569243 0
5217.759976 0.551639 0
5221.119976 0.559831 0
5224.479976 0.584866 0
5227.839976 0.576819 0
5231.199976 0.571297 0
5234.559976 0.551589 0
5237.919975 0.566420 0
5241.279975 0.563549 0
5244.639975 0.514504 0
5247.999975 0.541181 0
5251.359975 0.566021 0
5254.719975 0.601162 0
5258.079975 0.590775 0
5261.439975 0.609986 0
5264.799975 0.583835 0
5268.159975 0.588940 0
5271.519974 0.582826 0
5274.879974 0.572739 0
5278.239974 0.542783 0
5281.599974 0.565896 0
5284.959974 0.592016 0
5288.319974 0.588125 0
5291.679974 0.588381 0
5295.039974 0.604043 0
5298.399974 0.634081 0
5301.759973 0.640783 0
5305.119973 0.643983 0
5308.479973 0.611208 0
5311.839973 0.599679 0
5315.199973 0.606456 0
5318.559973 0.594494 0
5321.919973 0.618831 0
5325.279973 0.607966 0
5328.639973 0.584899 0
5331.999973 0.599022 0
5335.359972 0.562336 0
5338.719972 0.583832 0
5342.079972 0.603000 0
5345.439972 0.591139 0
5348.799972 0.601617 0
5352.159972 0.587146 0
5355.519972 0.555006 0
5358.879972 0.578552 0
5362.239972 0.546463 0
5365.599971 0.504273 0
5368.959971 0.520489 0
5372.319971 0.485270 0
5375.679971 0.453579 0
5379.039971 0.454185 0
5382.399971 0.482972 0
5385.759971 0.547897 0
5389.119971 0.600861 0
5392.479971 0.639543 0
5395.839971 0.626847 0
5399.199970 0.589823 0
5402.559970 0.570280 0
5405.919970 0.577108 0
5409.279970 0.585881 0
5412.639970 0.576042 0
5415.999970 0.559906 0
5419.359970 0.531215 0
5422.719970 0.509096 0
5426.079970 0.551047 0
5429.439969 0.608412 0
5432.799969 0.588096 0
5436.159969 0.599313 0
5439.519969 0.627155 0
5442.879969 0.651444 0
5446.239969 0.680042 0
5449.599969 0.708208 0
5452.959969 0.660349 0
5456.319969 0.641058 0
5459.679969 0.629055 0
5463.039968 0.635943 0
5466.399968 0.602978 0
5469.759968 0.614902 0
5473.119968 0.598497 0
5476.479968 0.578516 0
5479.839968 0.599753 0
5483.199968 0.604296 0
5486.559968 0.645293 0
5489.919968 0.627034 0
5493.279967 0.630579 0
5496.639967 0.629885 0
5499.999967 0.596584 0
5503.359967 0.625497 0
5506.719967 0.647356 0
5510.079967 0.674087 0
5513.439967 0.674853 0
5516.799967 0.688006 0
5520.159967 0.689646 0
5523.519967 0.658326 0
5526.879966 0.709277 0
5530.239966 0.695170 0
5533.599966 0.680324 0
5536.959966 0.683444 0
5540.319966 0.651766 0
5543.679966 0.657977 0
5547.039966 0.704922 0
5550.399966 0.695585 0
5553.759966 0.731325 0
5557.119965 0.724115 0
5560.479965 0.675127 0
5563.839965 0.687540 0
5567.199965 0.647439 0
5570.559965 0.473958 1
5573.919965 0.556216 1
5577.279965 0.670966 1
5580.639965 0.714558 1
5583.999965 0.904075 1
5587.359965 0.772274 1
5590.719964 0.722508 1
5594.079964 0.694804 0
5597.439964 0.730798 0
5600.799964 0.712395 0
5604.159964 0.728957 0
5607.519964 0.723147 0
5610.879964 0.699262 0
5614.239964 0.700448 0
5617.599964 0.721266 0
5620.959963 0.731459 0
5624.319963 0.787867 0
5627.679963 0.796141 0
5631.039963 0.761002 0
5634.399963 0.773287 0
5637.759963 0.717235 0
5641.119963 0.728383 0
5644.479963 0.723528 0
5647.839963 0.718218 0
5651.199963 0.693434 0
5654.559962 0.686194 0
5657.919962 0.653043 0
5661.279962 0.678588 0
5664.639962 0.670381 0
5667.999962 0.701026 0
5671.359962 0.719605 0
5674.719962 0.714555 0
5678.079962 0.730624 0
5681.439962 0.681376 0
5684.799962 0.667279 0
5688.159961 0.710083 0
5691.519961 0.767574 0
5694.879961 0.732531 0
5698.239961 0.722438 0
5701.599961 0.756210 0
5704.959961 0.743605 0
5708.319961 0.744302 0
5711.679961 0.756484 0
5715.039961 0.754685 0
5718.399960 0.732271 0
5721.759960 0.745790 0
5725.119960 0.742040 0
5728.479960 0.749805 0
5731.839960 0.765274 0
5735.199960 0.726363 0
5738.559960 0.735977 0
5741.919960 0.746835 0
5745.279960 0.731139 0
5748.639960 0.772295 0
5751.999959 0.757938 0
5755.359959 0.766075 0
5758.719959 0.750527 0
5762.079959 0.760868 0
5765.439959 0.749020 0
5768.799959 0.789985 0
5772.159959 0.781987 0
5775.519959 0.765065 0
5778.879959 0.772496 0
5782.239958 0.781198 0
5785.599958 0.758475 0
5788.959958 0.737599 0
5792.319958 0.724101 0
5795.679958 0.717938 0
5799.039958 0.712576 0
5802.399958 0.724217 0
5805.759958 0.727999 0
5809.119958 0.708186 0
5812.479958 0.749335 0
5815.839957 0.772074 0
5819.199957 0.736998 0
5822.559957 0.735812 0
5825.919957 0.697465 0
5829.279957 0.696522 0
5832.639957 0.730659 0
5835.999957 0.747402 0
5839.359957 0.771108 0
5842.719957 0.766405 0
5846.079956 0.733618 0
5849.439956 0.724700 0
5852.799956 0.758932 0
5856.159956 0.751884 0
5859.519956 0.770695 0
5862.879956 0.771412 0
5866.239956 0.742763 0
5869.599956 0.702719 0
5872.959956 0.715294 0
5876.319956 0.725148 0
5879.679955 0.706417 0
5883.039955 0.705738 0
5886.399955 0.722725 0
5889.759955 0.752280 0
5893.119955 0.774461 0
5896.479955 0.817893 0
5899.839955 0.788146 0
5903.199955 0.750134 0
5906.559955 0.733387 0
5909.919954 0.759353 0
5913.279954 0.773789 0
5916.639954 0.792781 0
5919.999954 0.816557 0
5923.359954 0.787177 0
5926.719954 0.774154 0
5930.079954 0.772818 0
5933.439954 0.755131 0
5936.799954 0.747563 0
5940.159954 0.746785 0
5943.519953 0.741624 0
5946.879953 0.740932 0
5950.239953 0.742005 0
5953.599953 0.730834 0
5956.959953 0.741876 0
5960.319953 0.799258 0
5963.679953 0.803514 0
5967.039953 0.785402 0
5970.399953 0.779452 0
5973.759952 0.786630 0
5977.119952 0.758091 0
5980.479952 0.758065 0
5983.839952 0.779104 0
5987.199952 0.778246 0
5990.559952 0.793231 0
5993.919952 0.787948 0
5997.279952 0.780308 0
6000.639952 0.802597 0
6003.999952 0.809097 0
6007.359951 0.803744 0
6010.719951 0.800886 0
6014.079951 0.792782 0
6017.439951 0.780617 0
6020.799951 0.754829 0
6024.159951 0.776612 0
6027.519951 0.760162 0
6030.879951 0.754453 0
6034.239951 0.759201 0
6037.599950 0.755540 0
6040.959950 0.763506 0
6044.319950 0.743893 0
6047.679950 0.727398 0
6051.039950 0.734991 0
6054.399950 0.720948 0
6057.759950 0.701714 0
6061.119950 0.667794 0
6064.479950 0.660700 0
6067.839950 0.633467 0
6071.199949 0.607630 0
6074.559949 0.655787 0
6077.919949 0.640483 0
6081.279949 0.650155 0
6084.639949 0.709008 0
6087.999949 0.710743 0
6091.359949 0.705592 0
6094.719949 0.747392 0
6098.079949 0.725748 0
6101.439948 0.694796 0
6104.799948 0.740038 0
6108.159948 0.757091 0
6111.519948 0.754755 0
6114.879948 0.768165 0
6118.239948 0.804432 0
6121.599948 0.773420 0
6124.959948 0.749702 0
6128.319948 0.762584 0
6131.679948 0.752034 0
6135.039947 0.754161 0
6138.399947 0.746799 0
6141.759947 0.731323 0
6145.119947 0.770354 0
6148.479947 0.736811 0
6151.839947 0.763592 0
6155.199947 0.783222 0
6158.559947 0.738164 0
6161.919947 0.747611 0
6165.279947 0.778186 0
6168.639946 0.752078 0
6171.999946 0.763868 0
6175.359946 0.806250 0
6178.719946 0.813123 0
6182.079946 0.797143 0
6185.439946 0.782075 0
6188.799946 0.777840 0
6192.159946 0.775173 0
6195.519946 0.758546 0
6198.879945 0.745074 0
6202.239945 0.766831 0
6205.599945 0.755633 0
6208.959945 0.751151 0
6212.319945 0.731354 0
6215.679945 0.739799 0
6219.039945 0.750153 0
6222.399945 0.721966 0
6225.759945 0.721885 0
6229.119945 0.774011 0
6232.479944 0.758239 0
6235.839944 0.745431 0
6239.199944 0.741621 0
6242.559944 0.710893 0
6245.919944 0.738149 0
6249.279944 0.739938 0
6252.639944 0.703051 0
6255.999944 0.718882 0
6259.359944 0.684358 0
6262.719943 0.682030 0
6266.079943 0.711598 0
6269.439943 0.686518 0
6272.799943 0.697608 0
6276.159943 0.705144 0
6279.519943 0.726835 0
6282.879943 0.727522 0
6286.239943 0.725118 0
6289.599943 0.733563 0
6292.959943 0.714867 0
6296.319942 0.721761 0
6299.679942 0.740673 0
6303.039942 0.732872 0
6306.399942 0.732297 0
6309.759942 0.763542 0
6313.119942 0.757150 0
6316.479942 0.771055 0
6319.839942 0.754763 0
6323.199942 0.757236 0
6326.559941 0.732803 0
6329.919941 0.758646 0
6333.279941 0.733903 0
6336.639941 0.703331 0
6339.999941 0.693785 0
6343.359941 0.697077 0
6346.719941 0.701518 0
6350.079941 0.743024 0
6353.439941 0.755180 0
6356.799941 0.784881 0
6360.159940 0.751154 0
6363.519940 0.769601 0
6366.879940 0.742819 0
6370.239940 0.704797 0
6373.599940 0.686037 0
6376.959940 0.726135 0
6380.319940 0.757751 0
6383.679940 0.727820 0
6387.039940 0.780904 0
6390.399939 0.751956 0
6393.759939 0.709730 0
6397.119939 0.711362 0
6400.479939 0.708936 0
6403.839939 0.717449 0
6407.199939 0.736933 0
6410.559939 0.735986 0
6413.919939 0.744392 0
6417.279939 0.705969 0
6420.639939 0.706156 0
6423.999938 0.702811 0
6427.359938 0.704518 0
6430.719938 0.685784 0
6434.079938 0.716519 0
6437.439938 0.715190 0
6440.799938 0.706539 0
6444.159938 0.674445 0
6447.519938 0.645282 0
6450.879938 0.622394 0
6454.239937 0.587531 0
6457.599937 0.639415 0
6460.959937 0.631038 0
6464.319937 0.652944 0
6467.679937 0.688126 0
6471.039937 0.658964 0
6474.399937 0.637361 0
6477.759937 0.651305 0
6481.119937 0.694002 0
6484.479937 0.736044 0
6487.839936 0.701737 0
6491.199936 0.719058 0
6494.559936 0.706465 0
6497.919936 0.735511 0
6501.279936 0.697629 0
6504.639936 0.673836 0
6507.999936 0.681615 0
6511.359936 0.744495 0
6514.719936 0.733300 0
6518.079935 0.732794 0
6521.439935 0.740527 0
6524.799935 0.737919 0
6528.159935 0.736482 0
6531.519935 0.703453 0
6534.879935 0.761103 0
6538.239935 0.753216 0
6541.599935 0.772783 0
6544.959935 0.784626 0
6548.319935 0.784356 0
6551.679934 0.763568 0
6555.039934 0.776654 0
6558.399934 0.777187 0
6561.759934 0.781111 0
6565.119934 0.773763 0
6568.479934 0.749010 0
6571.839934 0.717889 0
6575.199934 0.655673 0
6578.559934 0.654099 0
6581.919933 0.697487 0
6585.279933 0.746856 0
6588.639933 0.763125 0
6591.999933 0.774027 0
6595.359933 0.768812 0
6598.719933 0.803873 0
6602.079933 0.801154 0
6605.439933 0.785828 0
6608.799933 0.798955 0
6612.159933 0.786541 0
6615.519932 0.760767 0
6618.879932 0.807544 0
6622.239932 0.849120 0
6625.599932 0.821255 0
6628.959932 0.807445 0
6632.319932 0.827094 0
6635.679932 0.797661 0
6639.039932 0.812096 0
6642.399932 0.787291 0
6645.759932 0.768566 0
6649.119931 0.749078 0
6652.479931 0.755106 0
6655.839931 0.778222 0
6659.199931 0.769730 0
6662.559931 0.789512 0
6665.919931 0.816653 0
6669.279931 0.789076 0
6672.639931 0.768881 0
6675.999931 0.817460 0
6679.359930 0.819727 0
6682.719930 0.827028 0
6686.079930 0.834459 0
6689.439930 0.812932 0
6692.799930 0.799329 0
6696.159930 0.814415 0
6699.519930 0.741123 0
6702.879930 0.761625 0
6706.239930 0.764920 0
6709.599930 0.772049 0
6712.959929 0.797064 0
6716.319929 0.802820 0
6719.679929 0.805349 0
6723.039929 0.775471 0
6726.399929 0.806997 0
6729.759929 0.776831 0
6733.119929 0.767671 0
6736.479929 0.752775 0
6739.839929 0.765983 0
6743.199928 0.762514 0
6746.559928 0.759578 0
6749.919928 0.746352 0
6753.279928 0.725948 0
6756.639928 0.759563 0
6759.999928 0.782055 0
6763.359928 0.778435 0
6766.719928 0.813490 0
6770.079928 0.815004 0
6773.439928 0.801784 0
6776.799927 0.813052 0
6780.159927 0.785269 0
6783.519927 0.807366 0
6786.879927 0.769902 0
6790.239927 0.800601 0
6793.599927 0.801838 0
6796.959927 0.778814 0
6800.319927 0.783166 0
6803.679927 0.804362 0
6807.039926 0.778147 0
6810.399926 0.782501 0
6813.759926 0.778296 0
6817.119926 0.776203 0
6820.479926 0.813085 0
6823.839926 0.824160 0
6827.199926 0.831802 0
6830.559926 0.803964 0
6833.919926 0.743061 0
6837.279926 0.773917 0
6840.639925 0.751893 0
6843.999925 0.767724 0
6847.359925 0.779574 0
6850.719925 0.765462 0
6854.079925 0.782767 0
6857.439925 0.804883 0
6860.799925 0.741202 0
6864.159925 0.740607 0
6867.519925 0.710254 0
6870.879924 0.640843 0
6874.239924 0.617478 0
6877.599924 0.652793 0
6880.959924 0.657014 0
6884.319924 0.707135 0
6887.679924 0.720446 0
6891.039924 0.690191 0
6894.399924 0.718105 0
6897.759924 0.695928 0
6901.119924 0.682323 0
6904.479923 0.703569 0
6907.839923 0.737090 0
6911.199923 0.726284 0
6914.559923 0.744923 0
6917.919923 0.799067 0
6921.279923 0.762491 0
6924.639923 0.772215 0
6927.999923 0.798081 0
6931.359923 0.785163 0
6934.719922 0.781860 0
6938.079922 0.778764 0
6941.439922 0.789729 0
6944.799922 0.782556 0
6948.159922 0.742269 0
6951.519922 0.765677 0
6954.879922 0.771884 0
6958.239922 0.741756 0
6961.599922 0.800662 0
6964.959922 0.762093 0
6968.319921 0.773612 0
6971.679921 0.782305 0
6975.039921 0.773700 0
6978.399921 0.786528 0
6981.759921 0.763059 0
6985.119921 0.762890 0
6988.479921 0.770062 0
6991.839921 0.791569 0
6995.199921 0.762317 0
6998.559920 0.787004 0
7001.919920 0.795890 0
7005.279920 0.800824 0
7008.639920 0.773848 0
7011.999920 0.772037 0
7015.359920 0.744926 0
7018.719920 0.744096 0
7022.079920 0.770811 0
7025.439920 0.756520 0
7028.799920 0.784127 0
7032.159919 0.778086 0
7035.519919 0.757338 0
7038.879919 0.750754 0
7042.239919 0.773031 0
7045.599919 0.790351 0
7048.959919 0.785458 0
7052.319919 0.803616 0
7055.679919 0.786503 0
7059.039919 0.771573 0
7062.399918 0.753320 0
7065.759918 0.742540 0
7069.119918 0.769061 0
7072.479918 0.764578 0
7075.839918 0.783675 0
7079.199918 0.777347 0
7082.559918 0.797857 0
7085.919918 0.773163 0
7089.279918 0.791586 0
7092.639918 0.810037 0
7095.999917 0.760949 0
7099.359917 0.764581 0
7102.719917 0.784623 0
7106.079917 0.769951 0
7109.439917 0.777778 0
7112.799917 0.823646 0
7116.159917 0.782430 0
7119.519917 0.771048 0
7122.879917 0.746682 0
7126.239916 0.760131 0
7129.599916 0.757285 0
7132.959916 0.745550 0
7136.319916 0.791886 0
7139.679916 0.784268 0
7143.039916 0.825092 0
7146.399916 0.853988 0
7149.759916 0.797456 0
7153.119916 0.800312 0
7156.479916 0.777522 0
7159.839915 0.793946 0
7163.199915 0.806724 0
7166.559915 0.805157 0
7169.919915 0.789044 0
7173.279915 0.797468 0
7176.639915 0.789778 0
7179.999915 0.726780 0
7183.359915 0.742905 0
7186.719915 0.756239 0
7190.079915 0.721989 0
7193.439914 0.743976 0
7196.799914 0.735594 0
7200.159914 0.752593 0
7203.519914 0.783618 0
7206.879914 0.760443 0
7210.239914 0.753657 0
7213.599914 0.785699 0
7216.959914 0.786129 0
7220.319914 0.756077 0
7223.679913 0.780012 0
7227.039913 0.764325 0
7230.399913 0.759223 0
7233.759913 0.780876 0
7237.119913 0.755101 0
7240.479913 0.766628 0
7243.839913 0.772211 0
7247.199913 0.746857 0
7250.559913 0.778228 0
7253.919913 0.795442 0
7257.279912 0.769852 0
7260.639912 0.783695 0
7263.999912 0.794823 0
7267.359912 0.806833 0
7270.719912 0.724695 0
7274.079912 0.806064 0
7277.439912 0.803185 0
7280.799912 0.819695 0
7284.159912 0.816161 0
7287.519911 0.802433 0
7290.879911 0.791882 0
7294.239911 0.782170 0
7297.599911 0.790452 0
7300.959911 0.805457 0
7304.319911 0.773920 0
7307.679911 0.764830 0
7311.039911 0.729377 0
7314.399911 0.736948 0
7317.759911 0.756811 0
7321.119910 0.756486 0
7324.479910 0.801428 0
7327.839910 0.828397 0
7331.199910 0.762030 0
7334.559910 0.771538 0
7337.919910 0.818424 0
7341.279910 0.847441 0
7344.639910 0.772036 0
7347.999910 0.763667 0
7351.359909 0.677505 0
7354.719909 0.670772 0
7358.079909 0.628371 0
7361.439909 0.645201 0
7364.799909 0.675310 0
7368.159909 0.747799 0
7371.519909 0.773289 0
7374.879909 0.792547 0
7378.239909 0.781807 0
7381.599909 0.786543 0
7384.959908 0.761717 0
7388.319908 0.778309 0
7391.679908 0.783738 0
7395.039908 0.787440 0
7398.399908 0.788911 0
7401.759908 0.780769 0
7405.119908 0.767049 0
7408.479908 0.792584 0
7411.839908 0.742405 0
7415.199907 0.781746 0
7418.559907 0.777643 0
7421.919907 0.778499 0
7425.279907 0.763349 0
7428.639907 0.802826 0
7431.999907 0.771383 0
7435.359907 0.743643 0
7438.719907 0.757031 0
7442.079907 0.762663 0
7445.439907 0.782456 0
7448.799906 0.789191 0
7452.159906 0.790843 0
7455.519906 0.738250 0
7458.879906 0.736989 0
7462.239906 0.748217 0
7465.599906 0.751300 0
7468.959906 0.740965 0
7472.319906 0.789895 0
7475.679906 0.754410 0
7479.039905 0.759601 0
7482.399905 0.764233 0
7485.759905 0.764219 0
7489.119905 0.762231 0
7492.479905 0.755871 0
7495.839905 0.762022 0
7499.199905 0.759081 0
7502.559905 0.732925 0
7505.919905 0.715873 0
7509.279905 0.755196 0
7512.639904 0.740655 0
7515.999904 0.735502 0
7519.359904 0.712790 0
7522.719904 0.726203 0
7526.079904 0.768357 0
7529.439904 0.794748 0
7532.799904 0.757736 0
7536.159904 0.772774 0
7539.519904 0.797814 0
7542.879903 0.779974 0
7546.239903 0.727550 0
7549.599903 0.755821 0
7552.959903 0.754761 0
7556.319903 0.748618 0
7559.679903 0.759195 0
7563.039903 0.756894 0
7566.399903 0.736925 0
7569.759903 0.741959 0
7573.119903 0.766796 0
7576.479902 0.768305 0
7579.839902 0.769461 0
7583.199902 0.787379 0
7586.559902 0.765961 0
7589.919902 0.827131 0
7593.279902 0.880458 0
7596.639902 0.887781 0
7599.999902 0.780962 0
7603.359902 0.656079 0
7606.719901 0.729129 0
7610.079901 0.617929 0
7613.439901 0.708627 0
7616.799901 0.773032 0
7620.159901 0.861494 0
7623.519901 0.866560 0
7626.879901 0.801316 0
7630.239901 0.701838 0
7633.599901 0.790407 0
7636.959901 0.765683 0
7640.319900 0.741337 0
7643.679900 0.776035 0
7647.039900 0.771662 0
7650.399900 0.762702 0
7653.759900 0.765669 0
7657.119900 0.776628 0
7660.479900 0.774910 0
7663.839900 0.754156 0
7667.199900 0.689353 0
7670.559900 0.713730 0
7673.919899 0.716081 0
7677.279899 0.664705 0
7680.639899 0.684167 0
7683.999899 0.683890 0
7687.359899 0.660821 0
7690.719899 0.669569 0
7694.079899 0.663471 0
7697.439899 0.676630 0
7700.799899 0.682609 0
7704.159898 0.680870 0
7707.519898 0.687329 0
7710.879898 0.681414 0
7714.239898 0.705614 0
7717.599898 0.766315 0
7720.959898 0.724028 0
7724.319898 0.742493 0
7727.679898 0.697918 0
7731.039898 0.696599 0
7734.399898 0.717271 0
7737.759897 0.696082 0
7741.119897 0.694287 0
7744.479897 0.677924 0
7747.839897 0.640594 0
7751.199897 0.693054 0
7754.559897 0.697849 0
7757.919897 0.720856 0
7761.279897 0.655812 0
7764.639897 0.690287 0
7767.999896 0.673626 0
7771.359896 0.647942 0
7774.719896 0.668049 0
7778.079896 0.681950 0
7781.439896 0.683944 0
7784.799896 0.695569 0
7788.159896 0.609438 0
7791.519896 0.659640 0
7794.879896 0.600625 0
7798.239896 0.638679 0
7801.599895 0.709589 0
7804.959895 0.689233 0
7808.319895 0.645298 0
7811.679895 0.616258 0
7815.039895 0.595938 0
7818.399895 0.693117 0
7821.759895 0.723572 0
7825.119895 0.694793 0
7828.479895 0.689133 0
7831.839894 0.708117 0
7835.199894 0.718743 0
7838.559894 0.698012 0
7841.919894 0.703120 0
7845.279894 0.706999 0
7848.639894 0.717883 0
7851.999894 0.740085 0
7855.359894 0.739083 0
7858.719894 0.690325 0
7862.079894 0.723309 0
7865.439893 0.718722 0
7868.799893 0.731168 0
7872.159893 0.677888 0
7875.519893 0.711475 0
7878.879893 0.681993 0
7882.239893 0.695785 0
7885.599893 0.735488 0
7888.959893 0.715898 0
7892.319893 0.670036 0
7895.679892 0.692568 0
7899.039892 0.690066 0
7902.399892 0.700663 0
7905.759892 0.761630 0
7909.119892 0.719436 0
7912.479892 0.699310 0
7915.839892 0.673019 0
7919.199892 0.640524 0
7922.559892 0.703133 0
7925.919892 0.710738 0
7929.279891 0.718925 0
7932.639891 0.713390 0
7935.999891 0.714955 0
7939.359891 0.707018 0
7942.719891 0.720714 0
7946.079891 0.710374 0
7949.439891 0.705433 0
7952.799891 0.733750 0
7956.159891 0.732533 0
7959.519890 0.779454 0
7962.879890 0.714645 0
7966.239890 0.762762 0
7969.599890 0.684916 0
7972.959890 0.679931 0
7976.319890 0.744034 0
7979.679890 0.766950 0
7983.039890 0.689201 0
7986.399890 0.718974 0
7989.759890 0.740405 0
7993.119889 0.707228 0
7996.479889 0.724205 0
7999.839889 0.628628 0
8003.199889 0.697308 0
8006.559889 0.710731 0
8009.919889 0.760524 0
8013.279889 0.710352 0
8016.639889 0.720837 0
8019.999889 0.776298 0
8023.359888 0.741025 0
8026.719888 0.708760 0
8030.079888 0.661358 0
8033.439888 0.686876 0
8036.799888 0.818532 0
8040.159888 0.590152 0
8043.519888 0.000000 1
8046.879888 0.000000 1
8050.239888 0.000000 1
8053.599888 0.000000 1
8056.959887 0.000000 1
8060.319887 0.000000 1
8063.679887 0.000000 1
8067.039887 0.000000 1
8070.399887 0.000000 1
8073.759887 0.000000 1
8077.119887 0.000000 1
8080.479887 0.000000 1
8083.839887 0.000000 1
8087.199886 0.000000 1
8090.559886 0.000000 1
8093.919886 0.000000 1
8097.279886 0.000000 1
8100.639886 0.000000 1
8103.999886 0.000000 1
8107.359886 0.000000 1
8110.719886 0.000000 1
8114.079886 0.000000 1
8117.439886 0.000000 1
8120.799885 0.000000 1
8124.159885 0.000000 1
8127.519885 0.000000 1
8130.879885 0.000000 1
8134.239885 0.000000 1
8137.599885 0.000000 1
8140.959885 0.000000 1
8144.319885 0.000000 1
8147.679885 0.000000 1
8151.039885 0.000000 1
8154.399884 0.000000 1
8157.759884 0.000000 1
8161.119884 0.000000 1
8164.479884 0.000000 1
8167.839884 0.000000 1
8171.199884 0.000000 1
8174.559884 0.000000 1
8177.919884 0.000000 1
8181.279884 0.000000 1
8184.639883 0.000000 1
8187.999883 0.000000 1
8191.359883 0.000000 1
8194.719883 0.000000 1
8198.079883 0.000000 1
8201.439883 0.000000 1
8204.799883 0.000000 1
8208.159883 0.000000 1
8211.519883 0.000000 1
8214.879883 0.000000 1
8218.239882 0.000000 1
8221.599882 0.000000 1
8224.959882 0.000000 1
8228.319882 0.000000 1
8231.679882 0.000000 1
8235.039882 0.000000 1
8238.399882 0.000000 1
8241.759882 0.000000 1
8245.119882 0.000000 1
8248.479881 0.000000 1
8251.839881 0.000000 1
8255.199881 0.000000 1
8258.559881 0.000000 1
8261.919881 0.000000 1
8265.279881 0.000000 1
8268.639881 0.000000 1
8271.999881 0.000000 1
8275.359881 0.000000 1
8278.719881 0.000000 1
8282.079880 0.000000 1
8285.439880 0.000000 1
8288.799880 0.000000 1
8292.159880 0.000000 1
8295.519880 0.000000 1
8298.879880 0.000000 1
8302.239880 0.000000 1
8305.599880 0.000000 1
8308.959880 0.000000 1
8312.319879 0.000000 1
8315.679879 0.000000 1
8319.039879 0.000000 1
8322.399879 0.000000 1
8325.759879 0.000000 1
8329.119879 0.000000 1
8332.479879 0.000000 1
8335.839879 0.000000 1
8339.199879 0.000000 1
8342.559879 0.000000 1
8345.919878 0.000000 1
8349.279878 0.000000 1
8352.639878 0.000000 1
8355.999878 0.000000 1
8359.359878 0.000000 1
8362.719878 0.000000 1
8366.079878 0.000000 1
8369.439878 0.000000 1
8372.799878 0.000000 1
8376.159877 0.000000 1
8379.519877 0.000000 1
8382.879877 0.000000 1
8386.239877 0.000000 1
8389.599877 0.000000 1
8392.959877 0.000000 1
8396.319877 0.000000 1
8399.679877 0.000000 1
8403.039877 0.000000 1
8406.399877 0.000000 1
8409.759876 0.000000 1
8413.119876 0.000000 1
8416.479876 0.000000 1
8419.839876 0.000000 1
8423.199876 0.000000 1
8426.559876 0.000000 1
8429.919876 0.000000 1
8433.279876 0.000000 1
8436.639876 0.000000 1
8439.999875 0.000000 1
8443.359875 0.000000 1
8446.719875 0.000000 1
8450.079875 0.000000 1
8453.439875 0.000000 1
8456.799875 0.000000 1
8460.159875 0.000000 1
8463.519875 0.000000 1
8466.879875 0.000000 1
8470.239875 0.000000 1
8473.599874 0.000000 1
8476.959874 0.000000 1
8480.319874 0.000000 1
8483.679874 0.000000 1
8487.039874 0.000000 1
8490.399874 0.000000 1
8493.759874 0.000000 1
8497.119874 0.000000 1
8500.479874 0.000000 1
8503.839873 0.000000 1
8507.199873 0.000000 1
8510.559873 0.000000 1
8513.919873 0.000000 1
8517.279873 0.000000 1
8520.639873 0.000000 1
8523.999873 0.000000 1
8527.359873 0.000000 1
8530.719873 0.000000 1
8534.079873 0.000000 1
8537.439872 0.000000 1
8540.799872 0.000000 1
8544.159872 0.000000 1
8547.519872 0.000000 1
8550.879872 0.000000 1
8554.239872 0.000000 1
8557.599872 0.000000 1
8560.959872 0.000000 1
8564.319872 0.000000 1
8567.679871 0.000000 1
8571.039871 0.000000 1
8574.399871 0.000000 1
8577.759871 0.000000 1
8581.119871 0.000000 1
8584.479871 0.000000 1
8587.839871 0.000000 1
8591.199871 0.000000 1
8594.559871 0.000000 1
8597.919871 0.000000 1
8601.279870 0.000000 1
8604.639870 0.000000 1
8607.999870 0.000000 1
8611.359870 0.000000 1
8614.719870 0.000000 1
8618.079870 0.000000 1
8621.439870 0.000000 1
8624.799870 0.000000 1
8628.159870 0.000000 1
8631.519870 0.000000 1
8634.879869 0.000000 1
8638.239869 0.000000 1
8641.599869 0.000000 1
8644.959869 0.000000 1
8648.319869 0.000000 1
8651.679869 0.000000 1
8655.039869 0.000000 1
8658.399869 0.000000 1
8661.759869 0.000000 1
8665.119868 0.000000 1
8668.479868 0.000000 1
8671.839868 0.000000 1
8675.199868 0.000000 1
8678.559868 0.000000 1
8681.919868 0.000000 1
8685.279868 0.000000 1
8688.639868 0.000000 1
8691.999868 0.000000 1
8695.359868 0.000000 1
8698.719867 0.000000 1
8702.079867 0.000000 1
8705.439867 0.000000 1
8708.799867 0.000000 1
8712.159867 0.000000 1
8715.519867 0.000000 1
8718.879867 0.000000 1
8722.239867 0.000000 1
8725.599867 0.000000 1
8728.959866 0.000000 1
8732.319866 0.000000 1
8735.679866 0.000000 1
8739.039866 0.000000 1
8742.399866 0.000000 1
8745.759866 0.000000 1
8749.119866 0.000000 1
8752.479866 0.000000 1
8755.839866 0.000000 1
8759.199866 0.000000 1
8762.559865 0.000000 1
8765.919865 0.000000 1
8769.279865 0.000000 1
8772.639865 0.000000 1
8775.999865 0.000000 1
8779.359865 0.000000 1
8782.719865 0.000000 1
8786.079865 0.000000 1
8789.439865 0.000000 1
8792.799864 0.000000 1
8796.159864 0.000000 1
8799.519864 0.000000 1
8802.879864 0.000000 1
8806.239864 0.000000 1
8809.599864 0.000000 1
8812.959864 0.000000 1
8816.319864 0.000000 1
8819.679864 0.000000 1
8823.039864 0.000000 1
8826.399863 0.000000 1
8829.759863 0.000000 1
8833.119863 0.000000 1
8836.479863 0.000000 1
8839.839863 0.000000 1
8843.199863 0.000000 1
8846.559863 0.000000 1
8849.919863 0.000000 1
8853.279863 0.000000 1
8856.639862 0.000000 1
8859.999862 0.000000 1
8863.359862 0.000000 1
8866.719862 0.000000 1
8870.079862 0.000000 1
8873.439862 0.000000 1
8876.799862 0.000000 1
8880.159862 0.000000 1
8883.519862 0.000000 1
8886.879862 0.000000 1
8890.239861 0.000000 1
8893.599861 0.000000 1
8896.959861 0.000000 1
8900.319861 0.000000 1
8903.679861 0.000000 1
8907.039861 0.000000 1
8910.399861 0.000000 1
8913.759861 0.000000 1
8917.119861 0.000000 1
8920.479860 0.000000 1
8923.839860 0.000000 1
8927.199860 0.000000 1
8930.559860 0.000000 1
8933.919860 0.000000 1
8937.279860 0.000000 1
8940.639860 0.000000 1
8943.999860 0.000000 1
8947.359860 0.000000 1
8950.719860 0.000000 1
8954.079859 0.000000 1
8957.439859 0.000000 1
8960.799859 0.000000 1
8964.159859 0.000000 1
8967.519859 0.000000 1
8970.879859 0.000000 1
8974.239859 0.000000 1
8977.599859 0.000000 1
8980.959859 0.000000 1
8984.319858 0.000000 1
8987.679858 0.000000 1
8991.039858 0.000000 1
8994.399858 0.000000 1
8997.759858 0.000000 1
9001.119858 0.000000 1
9004.479858 0.000000 1
9007.839858 0.000000 1
9011.199858 0.000000 1
9014.559858 0.000000 1
9017.919857 0.000000 1
9021.279857 0.000000 1
9024.639857 0.000000 1
9027.999857 0.000000 1
9031.359857 0.000000 1
9034.719857 0.000000 1
9038.079857 0.000000 1
9041.439857 0.000000 1
9044.799857 0.000000 1
9048.159856 0.000000 1
9051.519856 0.000000 1
9054.879856 0.000000 1
9058.239856 0.000000 1
9061.599856 0.000000 1
9064.959856 0.000000 1
9068.319856 0.000000 1
9071.679856 0.000000 1
9075.039856 0.000000 1
9078.399856 0.000000 1
9081.759855 0.000000 1
9085.119855 0.000000 1
9088.479855 0.000000 1
9091.839855 0.000000 1
9095.199855 0.000000 1
9098.559855 0.000000 1
9101.919855 0.000000 1
9105.279855 0.000000 1
9108.639855 0.000000 1
9111.999855 0.000000 1
9115.359854 0.000000 1
9118.719854 0.000000 1
9122.079854 0.000000 1
9125.439854 0.000000 1
9128.799854 0.000000 1
9132.159854 0.000000 1
9135.519854 0.000000 1
9138.879854 0.000000 1
9142.239854 0.000000 1
9145.599853 0.000000 1
9148.959853 0.000000 1
9152.319853 0.000000 1
9155.679853 0.000000 1
9159.039853 0.000000 1
9162.399853 0.000000 1
9165.759853 0.000000 1
9169.119853 0.000000 1
9172.479853 0.000000 1
9175.839853 0.000000 1
9179.199852 0.000000 1
9182.559852 0.000000 1
9185.919852 0.000000 1
9189.279852 0.000000 1
9192.639852 0.000000 1
9195.999852 0.000000 1
9199.359852 0.000000 1
9202.719852 0.000000 1
9206.079852 0.000000 1
9209.439851 0.000000 1
9212.799851 0.000000 1
9216.159851 0.000000 1
9219.519851 0.000000 1
9222.879851 0.000000 1
9226.239851 0.000000 1
9229.599851 0.000000 1
9232.959851 0.000000 1
9236.319851 0.000000 1
9239.679851 0.000000 1
9243.039850 0.000000 1
9246.399850 0.000000 1
9249.759850 0.000000 1
