# obs: 255752-59-60
# slit: 47
# z: 0.68151
# lines: H9,K,H,4000{AA}-break
# spec: 318
4451.680000 0.000000 1
4455.040000 0.000000 1
4458.400000 0.000000 1
4461.760000 0.000000 1
4465.120000 0.000000 1
4468.480000 0.000000 1
4471.840000 0.000000 1
4475.200000 0.000000 1
4478.560000 0.000000 1
4481.920000 0.000000 1
4485.280000 0.000000 1
4488.640000 0.000000 1
4492.000000 0.000000 1
4495.360000 0.000000 1
4498.720000 0.000000 1
4502.080000 0.000000 1
4505.440000 0.000000 1
4508.800000 0.000000 1
4512.160000 0.000000 1
4515.520000 0.000000 1
4518.880000 -0.026793 1
4522.240000 -0.009288 1
4525.600000 -0.002535 1
4528.960000 -0.005480 0
4532.320000 0.000726 0
4535.680000 -0.001223 0
4539.040000 -0.004987 0
4542.400000 -0.003033 0
4545.760000 0.001435 0
4549.120000 -0.001153 0
4552.480000 0.008275 0
4555.840000 0.002801 0
4559.200000 -0.000351 0
4562.560000 0.006630 0
4565.920000 0.003797 0
4569.280000 -0.004944 0
4572.640000 -0.000056 0
4576.000000 0.001590 0
4579.360000 -0.001926 0
4582.720000 -0.000017 0
4586.080000 -0.005584 0
4589.440000 0.003765 0
4592.800000 -0.004356 0
4596.160000 -0.000108 0
4599.520000 -0.004715 0
4602.880000 0.002338 0
4606.240000 0.005779 0
4609.600000 -0.001338 0
4612.960000 0.000874 0
4616.320000 0.001261 0
4619.680000 0.003070 0
4623.040000 0.002545 0
4626.400000 0.004341 0
4629.760000 0.001059 0
4633.120000 0.002448 0
4636.480000 0.002345 0
4639.840000 0.001549 0
4643.200000 0.001301 0
4646.560000 -0.003154 0
4649.920000 -0.002240 0
4653.280000 -0.002734 0
4656.640000 0.003103 0
4660.000000 0.004708 0
4663.360000 0.001404 0
4666.720000 0.002722 0
4670.080000 0.005494 0
4673.440000 -0.001701 0
4676.800000 0.002169 0
4680.160000 -0.004214 0
4683.520000 0.004620 0
4686.880000 -0.003456 0
4690.240000 -0.007922 0
4693.600000 -0.002931 0
4696.960000 0.002841 0
4700.320000 -0.007221 0
4703.680000 -0.001464 0
4707.040000 -0.002899 0
4710.400000 0.002584 0
4713.760000 -0.010154 0
4717.120000 -0.009788 0
4720.480000 -0.008604 0
4723.840000 0.004877 0
4727.200000 -0.007933 0
4730.560000 -0.006784 0
4733.920000 -0.002245 0
4737.280000 -0.004055 0
4740.640000 0.005706 0
4744.000000 0.002879 0
4747.360000 -0.001163 0
4750.720000 -0.003782 0
4754.080000 -0.000419 0
4757.440000 0.004972 0
4760.800000 -0.001134 0
4764.160000 0.006331 0
4767.520000 -0.000386 0
4770.880000 -0.000653 0
4774.240000 -0.004726 0
4777.600000 0.005658 0
4780.960000 0.002074 0
4784.320000 0.001767 0
4787.680000 0.001128 0
4791.040000 -0.000549 0
4794.400000 -0.004909 0
4797.760000 0.000355 0
4801.120000 -0.001861 0
4804.480000 0.001288 0
4807.840000 -0.004139 0
4811.200000 0.001455 0
4814.560000 0.003556 0
4817.920000 0.004570 0
4821.280000 0.002062 0
4824.640000 -0.001410 0
4828.000000 -0.006109 0
4831.360000 0.003996 0
4834.720000 0.001073 0
4838.080000 0.004981 0
4841.440000 0.002908 0
4844.800000 0.003348 0
4848.160000 0.000181 0
4851.520000 -0.000870 0
4854.880000 0.001832 0
4858.240000 0.001304 0
4861.600000 -0.005106 0
4864.960000 0.002195 0
4868.320000 0.002947 0
4871.680000 0.003516 0
4875.040000 0.004723 0
4878.400000 0.004089 0
4881.760000 0.010165 0
4885.120000 0.005343 0
4888.480000 0.005045 0
4891.840000 0.004288 0
4895.200000 0.001432 0
4898.560000 0.000709 0
4901.920000 0.001428 0
4905.280000 0.004554 0
4908.640000 -0.004051 0
4912.000000 -0.000053 0
4915.360000 0.006577 0
4918.720000 -0.000167 0
4922.080000 0.003715 0
4925.440000 0.001007 0
4928.800000 0.000675 0
4932.160000 0.003414 0
4935.520000 0.004707 0
4938.880000 0.002902 0
4942.240000 0.002218 0
4945.600000 0.002064 0
4948.960000 0.003798 0
4952.320000 -0.000384 0
4955.680000 0.002093 0
4959.040000 -0.004580 0
4962.400000 -0.000676 0
4965.760000 0.000626 0
4969.120000 0.008115 0
4972.480000 0.009788 0
4975.840000 -0.002563 0
4979.200000 0.006917 0
4982.560000 0.004017 0
4985.920000 0.006386 0
4989.280000 0.003007 0
4992.640000 0.002511 0
4996.000000 0.010356 0
4999.360000 0.001436 0
5002.720000 -0.000544 0
5006.080000 0.007093 0
5009.440000 0.004796 0
5012.800000 0.009191 0
5016.160000 0.001289 0
5019.520000 0.001846 0
5022.880000 0.004886 0
5026.240000 0.001511 0
5029.600000 -0.002743 0
5032.960000 0.001760 0
5036.320000 0.010273 0
5039.680000 0.007370 0
5043.040000 0.004323 0
5046.400000 0.000144 0
5049.760000 0.000816 0
5053.120000 0.003530 0
5056.480000 0.005887 0
5059.840000 0.004666 0
5063.200000 0.005871 0
5066.560000 0.007782 0
5069.920000 0.002768 0
5073.280000 0.007487 0
5076.640000 0.000876 0
5080.000000 0.002330 0
5083.360000 0.003393 0
5086.720000 0.006099 0
5090.080000 0.001883 0
5093.440000 0.003935 0
5096.800000 0.006743 0
5100.160000 0.005092 0
5103.520000 0.007609 0
5106.880000 0.007709 0
5110.240000 0.007966 0
5113.600000 0.006499 0
5116.960000 0.004413 0
5120.320000 0.004392 0
5123.680000 -0.002133 0
5127.040000 0.006177 0
5130.400000 0.002086 0
5133.760000 0.005681 0
5137.120000 0.007328 0
5140.480000 0.004029 0
5143.840000 0.003064 0
5147.200000 0.000195 0
5150.560000 0.007636 0
5153.920000 0.001329 0
5157.280000 0.003059 0
5160.640000 0.008889 0
5164.000000 0.008308 0
5167.360000 0.007559 0
5170.720000 0.004727 0
5174.080000 0.004963 0
5177.440000 0.009566 0
5180.800000 0.005599 0
5184.160000 0.005045 0
5187.520000 0.005748 0
5190.880000 0.008438 0
5194.240000 0.001892 0
5197.600000 0.003481 0
5200.960000 -0.002378 0
5204.320000 0.000844 0
5207.680000 0.004105 0
5211.040000 0.004080 0
5214.400000 0.001646 0
5217.760000 -0.000020 0
5221.120000 0.003847 0
5224.480000 0.009473 0
5227.840000 0.012301 0
5231.200000 0.002315 0
5234.560000 0.007272 0
5237.920000 0.002104 0
5241.280000 0.001338 0
5244.640000 -0.000601 0
5248.000000 0.003335 0
5251.360000 0.011683 0
5254.720000 0.003056 0
5258.080000 0.006312 0
5261.440000 0.005485 0
5264.800000 0.005443 0
5268.160000 0.011265 0
5271.520000 0.004623 0
5274.880000 0.004249 0
5278.240000 -0.000433 0
5281.600000 0.003307 0
5284.960000 0.008391 0
5288.320000 0.007163 0
5291.680000 0.010108 0
5295.040000 0.008317 0
5298.400000 0.011507 0
5301.760000 0.006351 0
5305.120000 0.003012 0
5308.480000 0.005728 0
5311.840000 0.017996 0
5315.200000 0.005005 0
5318.560000 0.009120 0
5321.920000 0.011063 0
5325.280000 0.001898 0
5328.640000 0.001504 0
5332.000000 0.010875 0
5335.360000 0.004120 0
5338.720000 0.005793 0
5342.080000 0.001961 0
5345.440000 0.008165 0
5348.800000 0.005575 0
5352.160000 0.009971 0
5355.520000 0.005626 0
5358.880000 0.007246 0
5362.240000 0.015586 0
5365.600000 0.006456 0
5368.960000 0.005699 0
5372.320000 0.008809 0
5375.680000 0.009279 0
5379.040000 0.006447 0
5382.400000 0.006535 0
5385.760000 0.012716 0
5389.120000 0.008160 0
5392.480000 0.008227 0
5395.840000 0.009824 0
5399.200000 0.011147 0
5402.560000 0.009195 0
5405.920000 0.007381 0
5409.280000 0.009096 0
5412.640000 0.002482 0
5416.000000 0.012683 0
5419.360000 0.002827 0
5422.720000 0.005303 0
5426.080000 0.009561 0
5429.440000 0.011884 0
5432.800000 0.004942 0
5436.160000 0.007580 0
5439.520000 0.005407 0
5442.880000 0.005741 0
5446.240000 0.012473 0
5449.600000 0.007105 0
5452.960000 0.008039 0
5456.320000 0.011373 0
5459.680000 0.000439 0
5463.040000 0.010494 0
5466.400000 0.007997 0
5469.760000 0.005895 0
5473.120000 0.007319 0
5476.480000 0.006154 0
5479.840000 0.005823 0
5483.200000 0.006645 0
5486.560000 0.004386 0
5489.920000 0.010159 0
5493.280000 0.009564 0
5496.640000 0.009943 0
5500.000000 0.005817 0
5503.360000 0.011131 0
5506.720000 0.011845 0
5510.080000 0.007002 0
5513.440000 0.004454 0
5516.800000 0.009763 0
5520.160000 0.011322 0
5523.520000 0.008131 0
5526.880000 0.010613 0
5530.240000 0.010719 0
5533.600000 0.012669 0
5536.960000 0.013062 0
5540.320000 0.020339 0
5543.680000 0.011062 0
5547.040000 0.011024 0
5550.400000 0.005983 0
5553.760000 0.008322 0
5557.120000 0.001460 0
5560.480000 0.011793 0
5563.840000 0.009336 0
5567.200000 0.002861 1
5570.560000 -0.035596 1
5573.920000 0.009907 1
5577.280000 0.006762 1
5580.640000 -0.022947 1
5584.000000 -0.036629 1
5587.360000 -0.014059 1
5590.720000 0.005445 1
5594.080000 0.013107 1
5597.440000 0.013983 0
5600.800000 0.001733 0
5604.160000 0.008346 0
5607.520000 0.011582 0
5610.880000 0.006731 0
5614.240000 0.009121 0
5617.600000 0.006397 0
5620.960000 0.003997 0
5624.320000 0.007577 0
5627.680000 0.007801 0
5631.040000 0.016562 0
5634.400000 0.010122 0
5637.760000 0.011200 0
5641.120000 0.009660 0
5644.480000 0.009157 0
5647.840000 0.006376 0
5651.200000 0.004840 0
5654.560000 0.002004 0
5657.920000 -0.001909 0
5661.280000 0.002305 0
5664.640000 0.005147 0
5668.000000 0.007950 0
5671.360000 0.009812 0
5674.720000 0.008411 0
5678.080000 0.007343 0
5681.440000 0.008726 0
5684.800000 0.006546 0
5688.160000 0.006962 0
5691.520000 0.019080 0
5694.880000 0.006054 0
5698.240000 0.011954 0
5701.600000 0.013128 0
5704.960000 0.012310 0
5708.320000 0.009077 0
5711.680000 0.008405 0
5715.040000 0.007374 0
5718.400000 0.005531 0
5721.760000 0.014459 0
5725.120000 0.008223 0
5728.480000 0.007024 0
5731.840000 0.005773 0
5735.200000 0.004939 0
5738.560000 0.007352 0
5741.920000 0.007360 0
5745.280000 0.003480 0
5748.640000 0.011279 0
5752.000000 0.012359 0
5755.360000 0.015096 0
5758.720000 0.007527 0
5762.080000 0.009893 0
5765.440000 0.010104 0
5768.800000 0.009507 0
5772.160000 0.009946 0
5775.520000 0.012907 0
5778.880000 0.012533 0
5782.240000 0.003602 0
5785.600000 0.019372 0
5788.960000 0.010950 0
5792.320000 0.008432 0
5795.680000 0.011129 0
5799.040000 0.014336 0
5802.400000 0.018866 0
5805.760000 0.008121 0
5809.120000 0.007836 0
5812.480000 0.007824 0
5815.840000 0.006109 0
5819.200000 0.006332 0
5822.560000 0.001541 0
5825.920000 0.007782 0
5829.280000 0.009395 0
5832.640000 0.005515 0
5836.000000 0.001272 0
5839.360000 0.011088 0
5842.720000 0.007911 0
5846.080000 0.014670 0
5849.440000 0.010143 0
5852.800000 0.010842 0
5856.160000 0.011443 0
5859.520000 0.011159 0
5862.880000 0.005682 0
5866.240000 0.008188 0
5869.600000 0.007495 0
5872.960000 0.018555 0
5876.320000 0.009972 1
5879.680000 0.009123 1
5883.040000 -0.003706 1
5886.400000 0.016515 1
5889.760000 0.017645 1
5893.120000 0.011508 1
5896.480000 0.016473 1
5899.840000 -0.002075 1
5903.200000 -0.001697 1
5906.560000 0.010086 1
5909.920000 0.006564 1
5913.280000 0.003842 1
5916.640000 0.001401 0
5920.000000 0.000985 0
5923.360000 0.008283 0
5926.720000 0.009826 0
5930.080000 0.007558 0
5933.440000 0.008238 0
5936.800000 0.004377 0
5940.160000 0.014194 0
5943.520000 0.018039 0
5946.880000 0.014780 0
5950.240000 0.015071 0
5953.600000 0.008935 0
5956.960000 0.015455 0
5960.320000 0.011935 0
5963.680000 0.013709 0
5967.040000 0.009361 0
5970.400000 0.015300 0
5973.760000 0.008435 0
5977.120000 0.013753 0
5980.480000 0.009717 0
5983.840000 0.012538 0
5987.200000 0.012137 0
5990.560000 0.012405 0
5993.920000 0.004174 0
5997.280000 0.006693 0
6000.640000 0.004152 0
6004.000000 0.007777 0
6007.360000 0.008456 0
6010.720000 0.016343 0
6014.080000 0.012328 0
6017.440000 0.005984 0
6020.800000 0.011136 0
6024.160000 0.010003 0
6027.520000 -0.000318 0
6030.880000 0.006119 0
6034.240000 0.006527 0
6037.600000 0.005411 0
6040.960000 0.006879 0
6044.320000 0.005434 0
6047.680000 0.013808 0
6051.040000 0.022404 0
6054.400000 0.017547 0
6057.760000 0.011077 0
6061.120000 0.002340 0
6064.480000 0.010611 0
6067.840000 0.014293 0
6071.200000 0.006974 0
6074.560000 0.008988 0
6077.920000 0.012814 0
6081.280000 0.001341 0
6084.640000 0.000910 0
6088.000000 0.013788 0
6091.360000 0.009738 0
6094.720000 0.006118 0
6098.080000 0.011657 0
6101.440000 0.012389 0
6104.800000 0.011234 0
6108.160000 0.015515 0
6111.520000 0.015369 0
6114.880000 0.007282 0
6118.240000 0.007692 0
6121.600000 0.015302 0
6124.960000 0.005982 0
6128.320000 0.006327 0
6131.680000 0.007425 0
6135.040000 0.009021 0
6138.400000 0.012392 0
6141.760000 0.004513 0
6145.120000 0.003977 0
6148.480000 0.015892 0
6151.840000 0.007548 0
6155.200000 0.016351 0
6158.560000 0.015228 0
6161.920000 0.015018 0
6165.280000 0.017433 0
6168.640000 0.027558 0
6172.000000 0.012525 0
6175.360000 0.014263 0
6178.720000 0.013283 0
6182.080000 0.016355 0
6185.440000 0.019435 0
6188.800000 0.008750 0
6192.160000 0.016781 0
6195.520000 0.018487 0
6198.880000 0.007895 0
6202.240000 0.011898 0
6205.600000 0.014053 0
6208.960000 0.011006 0
6212.320000 0.016435 0
6215.680000 0.015511 0
6219.040000 0.014733 0
6222.400000 0.006827 0
6225.760000 0.017476 0
6229.120000 0.005881 0
6232.480000 0.004927 0
6235.840000 0.008201 0
6239.200000 0.015426 0
6242.560000 0.011200 0
6245.920000 0.015013 0
6249.280000 0.012289 0
6252.640000 0.016577 0
6256.000000 0.007931 0
6259.360000 0.009119 0
6262.720000 0.017970 0
6266.080000 0.000950 0
6269.440000 0.012595 0
6272.800000 0.018605 0
6276.160000 0.006546 0
6279.520000 -0.000697 0
6282.880000 0.003100 0
6286.240000 0.015886 0
6289.600000 0.016134 0
6292.960000 0.006914 0
6296.320000 0.016347 0
6299.680000 0.007137 0
6303.040000 0.000952 0
6306.400000 0.006272 0
6309.760000 0.001173 0
6313.120000 0.012083 0
6316.480000 0.008439 0
6319.840000 0.010106 0
6323.200000 0.015249 0
6326.560000 0.015747 0
6329.920000 0.024939 0
6333.280000 0.014954 0
6336.640000 0.017301 0
6340.000000 0.010498 0
6343.360000 0.012734 0
6346.720000 0.014600 0
6350.080000 0.009099 0
6353.440000 0.015981 0
6356.800000 0.005840 0
6360.160000 0.022126 0
6363.520000 0.018409 0
6366.880000 0.019548 0
6370.240000 0.011343 0
6373.600000 0.013006 0
6376.960000 0.007229 0
6380.320000 0.012802 0
6383.680000 0.016076 0
6387.040000 0.018544 0
6390.400000 0.015006 0
6393.760000 0.011814 0
6397.120000 0.013032 0
6400.480000 0.011784 0
6403.840000 0.018919 0
6407.200000 0.017137 0
6410.560000 0.014884 0
6413.920000 0.010545 0
6417.280000 0.006799 0
6420.640000 0.014141 0
6424.000000 0.009678 0
6427.360000 0.013614 0
6430.720000 0.008291 0
6434.080000 0.008729 0
6437.440000 0.010172 0
6440.800000 0.010619 0
6444.160000 0.008713 0
6447.520000 0.008762 0
6450.880000 0.009569 0
6454.240000 0.002783 0
6457.600000 0.005189 0
6460.960000 0.013836 0
6464.320000 0.013786 0
6467.680000 0.013505 0
6471.040000 0.013702 0
6474.400000 0.014659 0
6477.760000 0.016120 0
6481.120000 0.020664 0
6484.480000 0.009939 0
6487.840000 0.007230 0
6491.200000 0.005211 0
6494.560000 0.015025 0
6497.920000 0.017055 0
6501.280000 0.013786 0
6504.640000 0.012868 0
6508.000000 0.009653 0
6511.360000 0.000628 0
6514.720000 0.013715 0
6518.080000 0.008351 0
6521.440000 0.005560 0
6524.800000 0.006248 0
6528.160000 0.010703 0
6531.520000 0.014279 0
6534.880000 0.021147 0
6538.240000 0.018747 0
6541.600000 0.014492 0
6544.960000 0.015108 0
6548.320000 0.015861 0
6551.680000 0.022572 0
6555.040000 0.010333 0
6558.400000 0.013558 0
6561.760000 0.016198 0
6565.120000 0.021290 0
6568.480000 0.022620 0
6571.840000 0.012623 0
6575.200000 0.014643 0
6578.560000 0.019103 0
6581.920000 0.022250 0
6585.280000 0.020656 0
6588.640000 0.019673 0
6592.000000 0.017535 0
6595.360000 0.014843 0
6598.720000 0.021611 0
6602.080000 0.019598 0
6605.440000 0.005640 0
6608.800000 0.007419 0
6612.160000 0.001699 0
6615.520000 0.008512 0
6618.880000 0.010514 0
6622.240000 0.013553 0
6625.600000 0.006000 0
6628.960000 0.005613 0
6632.320000 0.009564 0
6635.680000 0.015330 0
6639.040000 0.015576 0
6642.400000 0.022511 0
6645.760000 0.019313 0
6649.120000 0.012552 0
6652.480000 0.021977 0
6655.840000 0.022348 0
6659.200000 0.019206 0
6662.560000 0.011879 0
6665.920000 0.010340 0
6669.280000 0.010825 0
6672.640000 0.005366 0
6676.000000 0.009796 0
6679.360000 0.009488 0
6682.720000 0.009523 0
6686.080000 0.010959 0
6689.440000 0.020630 0
6692.800000 0.012038 0
6696.160000 0.017204 0
6699.520000 0.027348 0
6702.880000 0.025956 0
6706.240000 0.016355 0
6709.600000 0.020337 0
6712.960000 0.025228 0
6716.320000 0.019437 0
6719.680000 0.021869 0
6723.040000 0.021419 0
6726.400000 0.022373 0
6729.760000 0.020424 0
6733.120000 0.031384 0
6736.480000 0.029928 0
6739.840000 0.021606 0
6743.200000 0.019015 0
6746.560000 0.028726 0
6749.920000 0.025558 0
6753.280000 0.031284 0
6756.640000 0.026085 0
6760.000000 0.026009 0
6763.360000 0.030597 0
6766.720000 0.028545 0
6770.080000 0.022541 0
6773.440000 0.026114 0
6776.800000 0.026992 0
6780.160000 0.026122 0
6783.520000 0.022386 0
6786.880000 0.025566 0
6790.240000 0.033236 0
6793.600000 0.019054 0
6796.960000 0.026619 0
6800.320000 0.027494 0
6803.680000 0.023080 0
6807.040000 0.022359 0
6810.400000 0.023009 0
6813.760000 0.031909 0
6817.120000 0.028146 0
6820.480000 0.025837 0
6823.840000 0.036476 0
6827.200000 0.022824 0
6830.560000 0.004808 0
6833.920000 0.017742 0
6837.280000 0.033108 0
6840.640000 0.035822 0
6844.000000 0.022343 0
6847.360000 0.026829 0
6850.720000 0.025429 0
6854.080000 0.029523 0
6857.440000 0.032697 0
6860.800000 0.018612 0
6864.160000 0.015973 0
6867.520000 0.016938 0
6870.880000 0.020288 0
6874.240000 0.021645 0
6877.600000 0.028919 0
6880.960000 0.023576 0
6884.320000 0.021568 0
6887.680000 0.020289 0
6891.040000 0.018961 0
6894.400000 0.018903 0
6897.760000 0.019855 0
6901.120000 0.021145 0
6904.480000 0.026376 0
6907.840000 0.025945 0
6911.200000 0.019500 0
6914.560000 0.013826 0
6917.920000 0.024539 0
6921.280000 0.022929 0
6924.640000 0.027079 0
6928.000000 0.025823 0
6931.360000 0.030336 0
6934.720000 0.029183 0
6938.080000 0.020559 0
6941.440000 0.027218 0
6944.800000 0.033993 0
6948.160000 0.025282 0
6951.520000 0.022307 0
6954.880000 0.028351 0
6958.240000 0.023171 0
6961.600000 0.026896 0
6964.960000 0.022666 0
6968.320000 0.024366 0
6971.680000 0.030031 0
6975.040000 0.021940 0
6978.400000 0.025636 0
6981.760000 0.016240 0
6985.120000 0.019232 0
6988.480000 0.025425 0
6991.840000 0.024472 0
6995.200000 0.027587 0
6998.560000 0.014543 0
7001.920000 0.022314 0
7005.280000 0.025990 0
7008.640000 0.030127 0
7012.000000 0.020846 0
7015.360000 0.018052 0
7018.720000 0.023657 0
7022.080000 0.027706 0
7025.440000 0.024953 0
7028.800000 0.025154 0
7032.160000 0.023785 0
7035.520000 0.026432 0
7038.880000 0.027264 0
7042.240000 0.024704 0
7045.600000 0.017404 0
7048.960000 0.023593 0
7052.320000 0.034421 0
7055.680000 0.028398 0
7059.040000 0.029570 0
7062.400000 0.026492 0
7065.760000 0.029019 0
7069.120000 0.029030 0
7072.480000 0.024185 0
7075.840000 0.032835 0
7079.200000 0.027096 0
7082.560000 0.031594 0
7085.920000 0.026660 0
7089.280000 0.032099 0
7092.640000 0.028846 0
7096.000000 0.021877 0
7099.360000 0.026392 0
7102.720000 0.021911 0
7106.080000 0.026045 0
7109.440000 0.024038 0
7112.800000 0.031553 0
7116.160000 0.026808 0
7119.520000 0.024098 0
7122.880000 0.028617 0
7126.240000 0.030908 0
7129.600000 0.022807 0
7132.960000 0.019730 0
7136.320000 0.026166 0
7139.680000 0.023711 0
7143.040000 0.022842 0
7146.400000 0.025555 0
7149.760000 0.025779 0
7153.120000 0.024549 0
7156.480000 0.027568 0
7159.840000 0.030862 0
7163.200000 0.025530 0
7166.560000 0.029330 0
7169.920000 0.025920 0
7173.280000 0.029923 0
7176.640000 0.026674 0
7180.000000 0.027644 0
7183.360000 0.022497 0
7186.720000 0.023654 0
7190.080000 0.019965 0
7193.440000 0.013080 0
7196.800000 0.020903 0
7200.160000 0.024106 0
7203.520000 0.028372 0
7206.880000 0.026854 0
7210.240000 0.026000 0
7213.600000 0.025367 0
7216.960000 0.028153 0
7220.320000 0.021889 0
7223.680000 0.016329 0
7227.040000 0.019432 0
7230.400000 0.021549 0
7233.760000 0.005331 0
7237.120000 0.012535 0
7240.480000 0.013379 0
7243.840000 0.015574 0
7247.200000 0.016127 0
7250.560000 0.017274 0
7253.920000 0.015432 0
7257.280000 0.025795 0
7260.640000 0.025053 0
7264.000000 0.027558 0
7267.360000 0.026051 0
7270.720000 0.028746 0
7274.080000 0.029142 0
7277.440000 0.020233 0
7280.800000 0.023029 0
7284.160000 0.047430 0
7287.520000 0.028829 0
7290.880000 0.014580 0
7294.240000 0.020633 0
7297.600000 0.017336 0
7300.960000 0.019521 0
7304.320000 0.020628 0
7307.680000 0.027581 0
7311.040000 0.033905 0
7314.400000 0.025750 0
7317.760000 0.030615 0
7321.120000 0.032501 0
7324.480000 0.023147 0
7327.840000 0.028565 0
7331.200000 0.025956 0
7334.560000 0.020132 0
7337.920000 0.029217 0
7341.280000 0.033902 0
7344.640000 0.027244 0
7348.000000 0.039398 0
7351.360000 0.035115 0
7354.720000 0.029252 0
7358.080000 0.030445 0
7361.440000 0.019547 0
7364.800000 0.042565 0
7368.160000 0.028082 0
7371.520000 0.028341 0
7374.880000 0.032056 0
7378.240000 0.015058 0
7381.600000 0.020946 0
7384.960000 0.022224 0
7388.320000 0.028494 0
7391.680000 0.022040 0
7395.040000 0.028091 0
7398.400000 0.026400 0
7401.760000 0.031109 0
7405.120000 0.035289 0
7408.480000 0.034480 0
7411.840000 0.020875 0
7415.200000 0.024540 0
7418.560000 0.030737 0
7421.920000 0.032372 0
7425.280000 0.042287 0
7428.640000 0.031250 0
7432.000000 0.030841 0
7435.360000 0.026388 0
7438.720000 0.035067 0
7442.080000 0.032887 0
7445.440000 0.026785 0
7448.800000 0.032507 0
7452.160000 0.032495 0
7455.520000 0.030039 0
7458.880000 0.031207 0
7462.240000 0.033574 0
7465.600000 0.027159 0
7468.960000 0.040550 0
7472.320000 0.028492 0
7475.680000 0.039808 0
7479.040000 0.034517 0
7482.400000 0.032565 0
7485.760000 0.031469 0
7489.120000 0.043396 0
7492.480000 0.031575 0
7495.840000 0.042140 0
7499.200000 0.025487 0
7502.560000 0.031063 0
7505.920000 0.032319 0
7509.280000 0.034237 0
7512.640000 0.031589 0
7516.000000 0.038339 0
7519.360000 0.034234 0
7522.720000 0.008579 0
7526.080000 0.029653 0
7529.440000 0.030126 0
7532.800000 0.024327 0
7536.160000 0.032283 0
7539.520000 0.034461 0
7542.880000 0.025062 0
7546.240000 0.031239 0
7549.600000 0.034443 0
7552.960000 0.033278 0
7556.320000 0.038241 0
7559.680000 0.035944 0
7563.040000 0.035253 0
7566.400000 0.043943 0
7569.760000 0.044324 0
7573.120000 0.038343 0
7576.480000 0.040962 0
7579.840000 0.038739 0
7583.200000 0.040124 0
7586.560000 0.044644 0
7589.920000 0.038063 0
7593.280000 0.023301 0
7596.640000 0.029838 0
7600.000000 0.018182 0
7603.360000 0.024565 0
7606.720000 0.018928 0
7610.080000 0.054127 0
7613.440000 0.045131 0
7616.800000 0.031671 0
7620.160000 0.033953 0
7623.520000 0.024188 0
7626.880000 0.029745 0
7630.240000 0.035295 0
7633.600000 0.035390 0
7636.960000 0.039297 0
7640.320000 0.039741 0
7643.680000 0.044210 0
7647.040000 0.023552 0
7650.400000 0.026842 0
7653.760000 0.037505 0
7657.120000 0.029811 0
7660.480000 0.029023 0
7663.840000 0.035693 0
7667.200000 0.031902 0
7670.560000 0.035581 0
7673.920000 0.046782 0
7677.280000 0.037660 0
7680.640000 0.026283 0
7684.000000 0.033135 0
7687.360000 0.028592 0
7690.720000 0.033512 0
7694.080000 0.038082 0
7697.440000 0.037663 0
7700.800000 0.035001 0
7704.160000 0.037432 0
7707.520000 0.027490 0
7710.880000 0.017057 0
7714.240000 0.058544 0
7717.600000 0.053334 0
7720.960000 0.034489 0
7724.320000 0.044186 0
7727.680000 0.030700 0
7731.040000 0.036954 0
7734.400000 0.037601 0
7737.760000 0.031959 0
7741.120000 0.045151 0
7744.480000 0.042797 0
7747.840000 0.018002 0
7751.200000 0.025691 0
7754.560000 0.017222 0
7757.920000 0.027781 0
7761.280000 0.040173 0
7764.640000 0.033992 0
7768.000000 0.033612 0
7771.360000 0.035242 0
7774.720000 0.031320 0
7778.080000 0.036552 0
7781.440000 0.038442 0
7784.800000 0.032074 0
7788.160000 0.038241 0
7791.520000 0.019197 0
7794.880000 0.018655 0
7798.240000 0.032504 0
7801.600000 0.037111 0
7804.960000 0.029942 0
7808.320000 0.038326 0
7811.680000 0.035234 0
7815.040000 0.032031 0
7818.400000 0.027079 0
7821.760000 0.037442 0
7825.120000 0.029010 0
7828.480000 0.019045 0
7831.840000 0.036432 0
7835.200000 0.027209 0
7838.560000 0.029563 0
7841.920000 0.033343 0
7845.280000 0.040502 0
7848.640000 0.025435 0
7852.000000 0.017921 0
7855.360000 0.027966 0
7858.720000 0.020204 0
7862.080000 0.032875 0
7865.440000 0.035430 0
7868.800000 0.048312 0
7872.160000 0.045924 0
7875.520000 0.014913 0
7878.880000 0.015722 0
7882.240000 0.029322 0
7885.600000 0.027357 0
7888.960000 0.011004 0
7892.320000 0.037659 0
7895.680000 0.038514 0
7899.040000 0.037944 0
7902.400000 0.035869 0
7905.760000 0.050668 0
7909.120000 0.039621 0
7912.480000 0.040980 0
7915.840000 0.018181 0
7919.200000 0.009286 0
7922.560000 0.023213 0
7925.920000 0.035658 0
7929.280000 0.039069 0
7932.640000 0.038395 0
7936.000000 0.041986 0
7939.360000 0.048491 0
7942.720000 0.037051 0
7946.080000 0.037155 0
7949.440000 0.036106 0
7952.800000 0.026281 0
7956.160000 0.021577 0
7959.520000 0.029359 0
7962.880000 0.023908 0
7966.240000 0.023867 0
7969.600000 0.040655 0
7972.960000 0.034319 0
7976.320000 0.053261 0
7979.680000 0.033845 0
7983.040000 0.044800 0
7986.400000 0.032786 0
7989.760000 0.029048 0
7993.120000 0.046664 0
7996.480000 0.034346 0
7999.840000 0.033883 0
8003.200000 0.033075 0
8006.560000 0.037218 0
8009.920000 0.037086 0
8013.280000 0.025935 0
8016.640000 0.046240 0
8020.000000 0.051193 0
8023.360000 0.039377 0
8026.720000 0.032099 0
8030.080000 0.026341 0
8033.440000 0.042641 0
8036.800000 0.038379 0
8040.160000 0.033562 0
8043.520000 0.034586 0
8046.880000 0.037095 0
8050.240000 0.053015 0
8053.600000 0.036151 0
8056.960000 0.039966 0
8060.320000 0.049267 0
8063.680000 0.047347 0
8067.040000 0.017835 0
8070.400000 0.038116 0
8073.760000 0.039681 0
8077.120000 0.034693 0
8080.480000 0.041625 0
8083.840000 0.041831 0
8087.200000 0.042974 0
8090.560000 0.033410 0
8093.920000 0.035991 0
8097.280000 0.030453 0
8100.640000 0.037266 0
8104.000000 0.035452 0
8107.360000 0.047164 0
8110.720000 0.038792 0
8114.080000 0.040122 0
8117.440000 0.032627 0
8120.800000 0.034421 0
8124.160000 0.038522 0
8127.520000 0.041287 0
8130.880000 0.043605 0
8134.240000 0.037704 0
8137.600000 0.033025 0
8140.960000 0.025287 0
8144.320000 0.031467 0
8147.680000 0.041015 0
8151.040000 0.034788 0
8154.400000 0.035011 0
8157.760000 0.034200 0
8161.120000 0.034447 0
8164.480000 0.031252 0
8167.840000 0.029593 0
8171.200000 0.039114 0
8174.560000 0.031420 0
8177.920000 0.030750 0
8181.280000 0.036555 0
8184.640000 0.031589 0
8188.000000 0.035707 0
8191.360000 0.030831 0
8194.720000 0.032792 0
8198.080000 0.035001 0
8201.440000 0.031664 0
8204.800000 0.036876 0
8208.160000 0.040990 0
8211.520000 0.032570 0
8214.880000 0.037417 0
8218.240000 0.041198 0
8221.600000 0.036036 0
8224.960000 0.028511 0
8228.320000 0.025656 0
8231.680000 0.036325 0
8235.040000 0.037031 0
8238.400000 0.044920 0
8241.760000 0.040817 0
8245.120000 0.037907 0
8248.480000 0.042380 0
8251.840000 0.029881 0
8255.200000 0.037780 0
8258.560000 0.042250 0
8261.920000 0.043504 0
8265.280000 0.030770 0
8268.640000 0.028854 0
8272.000000 0.040769 0
8275.360000 0.038432 0
8278.720000 0.048183 0
8282.080000 0.022615 0
8285.440000 0.028741 0
8288.800000 0.042863 0
8292.160000 0.037820 0
8295.520000 0.006318 0
8298.880000 0.037681 0
8302.240000 0.025246 0
8305.600000 0.046951 0
8308.960000 0.032461 0
8312.320000 0.042625 0
8315.680000 0.030891 0
8319.040000 0.028613 0
8322.400000 0.031936 0
8325.760000 0.047192 0
8329.120000 0.038353 0
8332.480000 0.035291 0
8335.840000 0.049301 0
8339.200000 0.040179 0
8342.560000 0.030713 0
8345.920000 0.024187 0
8349.280000 0.034241 0
8352.640000 0.038984 0
8356.000000 0.030490 0
8359.360000 0.051066 0
8362.720000 0.039615 0
8366.080000 0.042252 0
8369.440000 0.040429 0
8372.800000 0.039490 0
8376.160000 0.028726 0
8379.520000 0.027313 0
8382.880000 0.029232 0
8386.240000 0.029984 0
8389.600000 0.038503 0
8392.960000 0.045420 0
8396.320000 0.015648 0
8399.680000 0.033552 0
8403.040000 0.031233 0
8406.400000 0.022065 0
8409.760000 0.037256 0
8413.120000 0.057316 0
8416.480000 0.025775 0
8419.840000 0.018656 0
8423.200000 0.038935 0
8426.560000 0.037663 0
8429.920000 0.029939 0
8433.280000 0.029454 0
8436.640000 0.034869 0
8440.000000 0.039332 0
8443.360000 0.027487 0
8446.720000 0.019684 0
8450.080000 0.038204 0
8453.440000 0.042638 0
8456.800000 0.020608 0
8460.160000 0.033971 0
8463.520000 0.039998 0
8466.880000 0.008983 0
8470.240000 0.031135 0
8473.600000 0.022445 0
8476.960000 0.042713 0
8480.320000 0.019141 0
8483.680000 0.042179 0
8487.040000 0.030305 0
8490.400000 0.035205 0
8493.760000 0.040035 0
8497.120000 0.039669 0
8500.480000 0.019285 0
8503.840000 0.029188 0
8507.200000 0.023127 0
8510.560000 0.012173 0
8513.920000 0.041476 0
8517.280000 0.034929 0
8520.640000 0.020702 0
8524.000000 0.041613 0
8527.360000 0.027805 0
8530.720000 0.029643 0
8534.080000 0.021750 0
8537.440000 0.024651 0
8540.800000 0.043509 0
8544.160000 0.030189 0
8547.520000 0.026024 0
8550.880000 0.024815 0
8554.240000 0.037554 0
8557.600000 0.034124 0
8560.960000 0.029303 0
8564.320000 0.026655 0
8567.680000 0.031384 0
8571.040000 0.039039 0
8574.400000 0.033291 0
8577.760000 0.025380 0
8581.120000 0.031170 0
8584.480000 0.029590 0
8587.840000 0.030885 0
8591.200000 0.020875 0
8594.560000 0.020095 0
8597.920000 0.030662 0
8601.280000 0.031025 0
8604.640000 0.037963 0
8608.000000 0.034810 0
8611.360000 0.035166 0
8614.720000 0.034292 0
8618.080000 0.016056 0
8621.440000 0.034412 0
8624.800000 0.040905 0
8628.160000 0.035385 0
8631.520000 0.040423 0
8634.880000 0.032547 0
8638.240000 0.030900 0
8641.600000 0.045235 0
8644.960000 0.054941 0
8648.320000 0.024561 0
8651.680000 0.022710 0
8655.040000 0.037457 0
8658.400000 0.037763 0
8661.760000 0.048396 0
8665.120000 0.029821 0
8668.480000 0.020186 0
8671.840000 0.028586 0
8675.200000 0.022965 0
8678.560000 0.024481 0
8681.920000 0.027096 0
8685.280000 0.036344 0
8688.640000 0.036902 0
8692.000000 0.023256 0
8695.360000 0.024604 0
8698.720000 0.030333 0
8702.080000 0.025381 0
8705.440000 0.020923 0
8708.800000 0.026067 0
8712.160000 0.028523 0
8715.520000 0.025405 0
8718.880000 0.025280 0
8722.240000 0.026952 0
8725.600000 0.020950 0
8728.960000 0.030650 0
8732.320000 0.033170 0
8735.680000 0.029189 0
8739.040000 0.036224 0
8742.400000 0.041115 0
8745.760000 0.025840 0
8749.120000 0.015468 0
8752.480000 0.029650 0
8755.840000 0.021313 0
8759.200000 0.010217 0
8762.560000 0.047466 0
8765.920000 0.053475 0
8769.280000 0.027403 0
8772.640000 0.006397 0
8776.000000 0.034624 0
8779.360000 0.002188 0
8782.720000 0.041874 0
8786.080000 0.029854 0
8789.440000 0.027320 0
8792.800000 0.043175 0
8796.160000 0.028605 0
8799.520000 0.028587 0
8802.880000 0.034471 0
8806.240000 0.032452 0
8809.600000 0.036940 0
8812.960000 0.047848 0
8816.320000 0.048275 0
8819.680000 0.017172 0
8823.040000 0.019320 0
8826.400000 0.032631 0
8829.760000 0.021700 0
8833.120000 0.023703 0
8836.480000 0.014383 0
8839.840000 0.051723 0
8843.200000 0.051327 0
8846.560000 0.047624 0
8849.920000 0.034574 0
8853.280000 0.024092 0
8856.640000 0.029112 0
8860.000000 0.033862 0
8863.360000 0.009449 0
8866.720000 0.016301 0
8870.080000 0.016996 0
8873.440000 0.032773 0
8876.800000 0.035072 0
8880.160000 0.007452 0
8883.520000 0.060543 0
8886.880000 0.037975 0
8890.240000 0.008987 0
8893.600000 0.036967 0
8896.960000 0.037374 0
8900.320000 0.036690 0
8903.680000 0.016566 0
8907.040000 0.050279 0
8910.400000 0.040686 0
8913.760000 0.008394 0
8917.120000 0.030045 0
8920.480000 0.036477 0
8923.840000 0.054041 0
8927.200000 0.053718 0
8930.560000 0.028045 0
8933.920000 0.024928 0
8937.280000 0.041262 0
8940.640000 0.025475 0
8944.000000 0.030715 0
8947.360000 0.029844 0
8950.720000 0.027767 0
8954.080000 0.036256 0
8957.440000 0.027077 0
8960.800000 0.017998 0
8964.160000 0.037511 0
8967.520000 0.028735 0
8970.880000 0.021957 0
8974.240000 0.020620 0
8977.600000 0.029330 0
8980.960000 0.030249 0
8984.320000 0.022106 0
8987.680000 0.025988 0
8991.040000 0.004849 0
8994.400000 0.029986 0
8997.760000 0.043219 0
9001.120000 0.012653 0
9004.480000 0.012991 0
9007.840000 0.012300 0
9011.200000 0.029301 0
9014.560000 0.032605 0
9017.920000 0.025362 0
9021.280000 0.037203 0
9024.640000 0.031015 0
9028.000000 0.027385 0
9031.360000 0.033560 0
9034.720000 0.025981 0
9038.080000 0.028579 0
9041.440000 0.032286 0
9044.800000 0.029295 0
9048.160000 0.027333 0
9051.520000 0.028352 0
9054.880000 0.029865 0
9058.240000 0.026617 0
9061.600000 0.032933 0
9064.960000 0.023706 0
9068.320000 0.037045 0
9071.680000 0.019223 0
9075.040000 0.022806 0
9078.400000 0.028711 0
9081.760000 0.035429 0
9085.120000 0.033300 0
9088.480000 0.030297 0
9091.840000 0.025012 0
9095.200000 0.028672 0
9098.560000 0.035338 0
9101.920000 0.031242 0
9105.280000 0.033903 0
9108.640000 0.043436 0
9112.000000 0.026763 0
9115.360000 0.026935 0
9118.720000 0.027559 0
9122.080000 0.031574 0
9125.440000 0.031994 0
9128.800000 0.036881 0
9132.160000 0.035046 0
9135.520000 0.022534 0
9138.880000 0.026691 0
9142.240000 0.029007 0
9145.600000 0.040372 0
9148.960000 0.028191 0
9152.320000 0.027229 0
9155.680000 0.018555 0
9159.040000 0.035097 0
9162.400000 0.028016 0
9165.760000 0.025828 0
9169.120000 0.029159 0
9172.480000 0.026201 0
9175.840000 0.031859 0
9179.200000 0.031222 0
9182.560000 0.023726 0
9185.920000 0.027283 0
9189.280000 0.033045 0
9192.640000 0.029665 0
9196.000000 0.026524 0
9199.360000 0.036577 0
9202.720000 0.021631 0
9206.080000 0.029368 0
9209.440000 0.037914 0
9212.800000 0.025732 0
9216.160000 0.022358 0
9219.520000 0.026852 0
9222.880000 0.037973 0
9226.240000 0.039203 0
9229.600000 0.027398 0
9232.960000 0.023963 0
9236.320000 0.031328 0
9239.680000 0.026553 0
9243.040000 0.035419 0
9246.400000 0.027409 0
9249.760000 0.031336 0
