# obs: 255748
# slit: 39
# z: 0.48582
# lines: [OII],H10,H9,H8,K,H,H{beta}
# spec: 61
4451.680000 0.000000 1
4455.040000 0.000000 1
4458.400000 0.000000 1
4461.760000 0.000000 1
4465.120000 0.000000 1
4468.480000 0.000000 1
4471.840000 0.000000 1
4475.200000 0.000000 1
4478.560000 0.000000 1
4481.920000 0.000000 1
4485.280000 0.000000 1
4488.640000 0.000000 1
4492.000000 0.000000 1
4495.360000 0.000000 1
4498.720000 0.000000 1
4502.080000 0.000000 1
4505.440000 0.000000 1
4508.800000 0.000000 1
4512.160000 0.000000 1
4515.520000 0.000000 1
4518.880000 0.000000 1
4522.240000 0.000000 1
4525.600000 0.000000 1
4528.960000 0.010020 1
4532.320000 0.117470 1
4535.680000 0.028443 0
4539.040000 0.056250 0
4542.400000 0.039652 0
4545.760000 0.031895 0
4549.120000 0.055478 0
4552.480000 0.050167 0
4555.840000 0.041880 0
4559.200000 0.052912 0
4562.560000 0.051755 0
4565.920000 0.033919 0
4569.280000 0.037247 0
4572.640000 0.039399 0
4576.000000 0.039886 0
4579.360000 0.054484 0
4582.720000 0.055315 0
4586.080000 0.039355 0
4589.440000 0.055523 0
4592.800000 0.037799 0
4596.160000 0.024186 0
4599.520000 0.051365 0
4602.880000 0.049113 0
4606.240000 0.050467 0
4609.600000 0.045803 0
4612.960000 0.043669 0
4616.320000 0.035658 0
4619.680000 0.044225 0
4623.040000 0.059609 0
4626.400000 0.060415 0
4629.760000 0.039827 0
4633.120000 0.022264 0
4636.480000 0.030442 0
4639.840000 0.043649 0
4643.200000 0.064487 0
4646.560000 0.034991 0
4649.920000 0.041540 0
4653.280000 0.048481 0
4656.640000 0.050066 0
4660.000000 0.035940 0
4663.360000 0.034959 0
4666.720000 0.027876 0
4670.080000 0.049882 0
4673.440000 0.043381 0
4676.800000 0.060781 0
4680.160000 0.041965 0
4683.520000 0.045623 0
4686.880000 0.035490 0
4690.240000 0.043021 0
4693.600000 0.051311 0
4696.960000 0.044551 0
4700.320000 0.040300 0
4703.680000 0.039021 0
4707.040000 0.038674 0
4710.400000 0.046100 0
4713.760000 0.045610 0
4717.120000 0.053903 0
4720.480000 0.032393 0
4723.840000 0.040157 0
4727.200000 0.019866 0
4730.560000 0.038426 0
4733.920000 0.043945 0
4737.280000 0.059788 0
4740.640000 0.045680 0
4744.000000 0.055056 0
4747.360000 0.042959 0
4750.720000 0.041459 0
4754.080000 0.047633 0
4757.440000 0.051707 0
4760.800000 0.047802 0
4764.160000 0.035641 0
4767.520000 0.037260 0
4770.880000 0.049164 0
4774.240000 0.063199 0
4777.600000 0.049804 0
4780.960000 0.044350 0
4784.320000 0.056541 0
4787.680000 0.050486 0
4791.040000 0.024574 0
4794.400000 0.040631 0
4797.760000 0.036691 0
4801.120000 0.023066 0
4804.480000 0.045811 0
4807.840000 0.029063 0
4811.200000 0.043584 0
4814.560000 0.039708 0
4817.920000 0.052705 0
4821.280000 0.052852 0
4824.640000 0.048684 0
4828.000000 0.050861 0
4831.360000 0.043123 0
4834.720000 0.038068 0
4838.080000 0.041344 0
4841.440000 0.038377 0
4844.800000 0.049858 0
4848.160000 0.050131 0
4851.520000 0.038648 0
4854.880000 0.050423 0
4858.240000 0.045092 0
4861.600000 0.043163 0
4864.960000 0.035204 0
4868.320000 0.039694 0
4871.680000 0.048153 0
4875.040000 0.047616 0
4878.400000 0.052901 0
4881.760000 0.048190 0
4885.120000 0.043035 0
4888.480000 0.037835 0
4891.840000 0.045686 0
4895.200000 0.050289 0
4898.560000 0.048740 0
4901.920000 0.043952 0
4905.280000 0.034035 0
4908.640000 0.054653 0
4912.000000 0.049068 0
4915.360000 0.031427 0
4918.720000 0.036884 0
4922.080000 0.050486 0
4925.440000 0.049200 0
4928.800000 0.046157 0
4932.160000 0.038552 0
4935.520000 0.050324 0
4938.880000 0.044728 0
4942.240000 0.041128 0
4945.600000 0.042366 0
4948.960000 0.065006 0
4952.320000 0.041166 0
4955.680000 0.030677 0
4959.040000 0.033721 0
4962.400000 0.028892 0
4965.760000 0.046074 0
4969.120000 0.038088 0
4972.480000 0.048811 0
4975.840000 0.043744 0
4979.200000 0.052964 0
4982.560000 0.038571 0
4985.920000 0.036381 0
4989.280000 0.046020 0
4992.640000 0.040346 0
4996.000000 0.031997 0
4999.360000 0.029252 0
5002.720000 0.037466 0
5006.080000 0.042673 0
5009.440000 0.038471 0
5012.800000 0.037049 0
5016.160000 0.041279 0
5019.520000 0.038493 0
5022.880000 0.030941 0
5026.240000 0.035688 0
5029.600000 0.043195 0
5032.960000 0.035103 0
5036.320000 0.034987 0
5039.680000 0.051096 0
5043.040000 0.046617 0
5046.400000 0.050365 0
5049.760000 0.044919 0
5053.120000 0.037099 0
5056.480000 0.043789 0
5059.840000 0.049687 0
5063.200000 0.033916 0
5066.560000 0.033878 0
5069.920000 0.041179 0
5073.280000 0.048248 0
5076.640000 0.041920 0
5080.000000 0.038840 0
5083.360000 0.041150 0
5086.720000 0.037118 0
5090.080000 0.051465 0
5093.440000 0.041459 0
5096.800000 0.046432 0
5100.160000 0.034615 0
5103.520000 0.049732 0
5106.880000 0.056153 0
5110.240000 0.038591 0
5113.600000 0.047875 0
5116.960000 0.050644 0
5120.320000 0.049387 0
5123.680000 0.035187 0
5127.040000 0.046127 0
5130.400000 0.043698 0
5133.760000 0.038024 0
5137.120000 0.044559 0
5140.480000 0.032990 0
5143.840000 0.040847 0
5147.200000 0.052038 0
5150.560000 0.053194 0
5153.920000 0.046464 0
5157.280000 0.034396 0
5160.640000 0.033796 0
5164.000000 0.029309 0
5167.360000 0.031658 0
5170.720000 0.046868 0
5174.080000 0.048061 0
5177.440000 0.047842 0
5180.800000 0.045572 0
5184.160000 0.043735 0
5187.520000 0.042224 0
5190.880000 0.048295 0
5194.240000 0.049499 0
5197.600000 0.037466 0
5200.960000 0.037097 0
5204.320000 0.047206 0
5207.680000 0.037317 0
5211.040000 0.045615 0
5214.400000 0.053382 0
5217.760000 0.040922 0
5221.120000 0.035505 0
5224.480000 0.033284 0
5227.840000 0.044880 0
5231.200000 0.052164 0
5234.560000 0.037716 0
5237.920000 0.043207 0
5241.280000 0.042005 0
5244.640000 0.041248 0
5248.000000 0.043680 0
5251.360000 0.037949 0
5254.720000 0.050164 0
5258.080000 0.041243 0
5261.440000 0.051594 0
5264.800000 0.036584 0
5268.160000 0.034616 0
5271.520000 0.042892 0
5274.880000 0.048208 0
5278.240000 0.056381 0
5281.600000 0.029973 0
5284.960000 0.045283 0
5288.320000 0.044181 0
5291.680000 0.033063 0
5295.040000 0.035503 0
5298.400000 0.039872 0
5301.760000 0.046587 0
5305.120000 0.045712 0
5308.480000 0.048731 0
5311.840000 0.058535 0
5315.200000 0.054108 0
5318.560000 0.036350 0
5321.920000 0.035389 0
5325.280000 0.038333 0
5328.640000 0.047650 0
5332.000000 0.040994 0
5335.360000 0.044272 0
5338.720000 0.048164 0
5342.080000 0.059290 0
5345.440000 0.037286 0
5348.800000 0.041308 0
5352.160000 0.048587 0
5355.520000 0.054988 0
5358.880000 0.045715 0
5362.240000 0.038442 0
5365.600000 0.030170 0
5368.960000 0.045187 0
5372.320000 0.050936 0
5375.680000 0.040777 0
5379.040000 0.049463 0
5382.400000 0.048140 0
5385.760000 0.044631 0
5389.120000 0.042438 0
5392.480000 0.044418 0
5395.840000 0.035716 0
5399.200000 0.049739 0
5402.560000 0.052173 0
5405.920000 0.046336 0
5409.280000 0.038418 0
5412.640000 0.035286 0
5416.000000 0.050506 0
5419.360000 0.053607 0
5422.720000 0.044114 0
5426.080000 0.044416 0
5429.440000 0.037087 0
5432.800000 0.053011 0
5436.160000 0.043841 0
5439.520000 0.047702 0
5442.880000 0.036498 0
5446.240000 0.040314 0
5449.600000 0.040972 0
5452.960000 0.044022 0
5456.320000 0.056552 0
5459.680000 0.050803 0
5463.040000 0.031278 0
5466.400000 0.036332 0
5469.760000 0.043986 0
5473.120000 0.042058 0
5476.480000 0.043396 0
5479.840000 0.047766 0
5483.200000 0.042567 0
5486.560000 0.031061 0
5489.920000 0.045430 0
5493.280000 0.048781 0
5496.640000 0.043684 0
5500.000000 0.045751 0
5503.360000 0.044617 0
5506.720000 0.049262 0
5510.080000 0.045646 0
5513.440000 0.044539 0
5516.800000 0.037746 0
5520.160000 0.047662 0
5523.520000 0.048098 0
5526.880000 0.039679 0
5530.240000 0.051277 0
5533.600000 0.075946 0
5536.960000 0.140450 0
5540.320000 0.170884 0
5543.680000 0.129773 0
5547.040000 0.075467 0
5550.400000 0.059886 0
5553.760000 0.036263 0
5557.120000 0.047523 0
5560.480000 0.058036 0
5563.840000 0.055419 1
5567.200000 0.019313 1
5570.560000 -0.068957 1
5573.920000 -0.090263 1
5577.280000 0.022220 1
5580.640000 0.206670 1
5584.000000 0.195337 1
5587.360000 0.118260 1
5590.720000 0.063530 1
5594.080000 0.056694 1
5597.440000 0.058555 0
5600.800000 0.043554 0
5604.160000 0.037853 0
5607.520000 0.048018 0
5610.880000 0.052093 0
5614.240000 0.056072 0
5617.600000 0.074106 0
5620.960000 0.071316 0
5624.320000 0.061054 0
5627.680000 0.064994 0
5631.040000 0.050137 0
5634.400000 0.047515 0
5637.760000 0.048665 0
5641.120000 0.055902 0
5644.480000 0.039141 0
5647.840000 0.057125 0
5651.200000 0.045483 0
5654.560000 0.044607 0
5657.920000 0.053164 0
5661.280000 0.059011 0
5664.640000 0.071491 0
5668.000000 0.063708 0
5671.360000 0.046006 0
5674.720000 0.062561 0
5678.080000 0.056457 0
5681.440000 0.064198 0
5684.800000 0.066166 0
5688.160000 0.057560 0
5691.520000 0.044510 0
5694.880000 0.046632 0
5698.240000 0.047642 0
5701.600000 0.039195 0
5704.960000 0.042188 0
5708.320000 0.052415 0
5711.680000 0.052766 0
5715.040000 0.050057 0
5718.400000 0.067319 0
5721.760000 0.059675 0
5725.120000 0.072096 0
5728.480000 0.078013 0
5731.840000 0.068446 0
5735.200000 0.065326 0
5738.560000 0.065977 0
5741.920000 0.054376 0
5745.280000 0.074608 0
5748.640000 0.075153 0
5752.000000 0.075143 0
5755.360000 0.078273 0
5758.720000 0.066325 0
5762.080000 0.057093 0
5765.440000 0.059437 0
5768.800000 0.057865 0
5772.160000 0.058496 0
5775.520000 0.058902 0
5778.880000 0.053824 0
5782.240000 0.041294 0
5785.600000 0.050994 0
5788.960000 0.046290 0
5792.320000 0.046178 0
5795.680000 0.065943 0
5799.040000 0.073076 0
5802.400000 0.062451 0
5805.760000 0.061661 0
5809.120000 0.064138 0
5812.480000 0.060650 0
5815.840000 0.076761 0
5819.200000 0.071214 0
5822.560000 0.067110 0
5825.920000 0.073741 0
5829.280000 0.074696 0
5832.640000 0.062600 0
5836.000000 0.060113 0
5839.360000 0.051621 0
5842.720000 0.048523 0
5846.080000 0.056634 0
5849.440000 0.064420 0
5852.800000 0.048956 0
5856.160000 0.050097 0
5859.520000 0.055059 0
5862.880000 0.041566 0
5866.240000 0.063415 0
5869.600000 0.084442 0
5872.960000 0.074096 0
5876.320000 0.066153 0
5879.680000 0.072946 0
5883.040000 0.054703 0
5886.400000 0.041899 0
5889.760000 0.044772 0
5893.120000 0.058951 0
5896.480000 0.034599 0
5899.840000 0.038407 0
5903.200000 0.033833 0
5906.560000 0.052345 0
5909.920000 0.051802 0
5913.280000 0.069491 0
5916.640000 0.080877 0
5920.000000 0.072508 0
5923.360000 0.070742 0
5926.720000 0.083588 0
5930.080000 0.083765 0
5933.440000 0.055646 0
5936.800000 0.057380 0
5940.160000 0.071151 0
5943.520000 0.067844 0
5946.880000 0.057049 0
5950.240000 0.070253 0
5953.600000 0.080640 0
5956.960000 0.071128 0
5960.320000 0.072523 0
5963.680000 0.070768 0
5967.040000 0.065782 0
5970.400000 0.065280 0
5973.760000 0.084179 0
5977.120000 0.083658 0
5980.480000 0.085577 0
5983.840000 0.082239 0
5987.200000 0.079074 0
5990.560000 0.077878 0
5993.920000 0.079618 0
5997.280000 0.082192 0
6000.640000 0.079183 0
6004.000000 0.075542 0
6007.360000 0.067474 0
6010.720000 0.070737 0
6014.080000 0.084529 0
6017.440000 0.089571 0
6020.800000 0.064203 0
6024.160000 0.069998 0
6027.520000 0.086119 0
6030.880000 0.069254 0
6034.240000 0.062581 0
6037.600000 0.069326 0
6040.960000 0.072539 0
6044.320000 0.064285 0
6047.680000 0.067344 0
6051.040000 0.088380 0
6054.400000 0.081384 0
6057.760000 0.064051 0
6061.120000 0.079844 0
6064.480000 0.077673 0
6067.840000 0.074221 0
6071.200000 0.059897 0
6074.560000 0.065141 0
6077.920000 0.067552 0
6081.280000 0.064500 0
6084.640000 0.062589 0
6088.000000 0.045661 0
6091.360000 0.062103 0
6094.720000 0.058049 0
6098.080000 0.051595 0
6101.440000 0.054004 0
6104.800000 0.051899 0
6108.160000 0.053755 0
6111.520000 0.057457 0
6114.880000 0.071071 0
6118.240000 0.068953 0
6121.600000 0.064037 0
6124.960000 0.069106 0
6128.320000 0.067544 0
6131.680000 0.075050 0
6135.040000 0.077118 0
6138.400000 0.078028 0
6141.760000 0.061114 0
6145.120000 0.060476 0
6148.480000 0.081425 0
6151.840000 0.075969 0
6155.200000 0.061102 0
6158.560000 0.054792 0
6161.920000 0.052326 0
6165.280000 0.064800 0
6168.640000 0.072414 0
6172.000000 0.066387 0
6175.360000 0.072400 0
6178.720000 0.065689 0
6182.080000 0.072979 0
6185.440000 0.075009 0
6188.800000 0.065698 0
6192.160000 0.070747 0
6195.520000 0.063774 0
6198.880000 0.059911 0
6202.240000 0.069054 0
6205.600000 0.070921 0
6208.960000 0.059110 0
6212.320000 0.074066 0
6215.680000 0.080925 0
6219.040000 0.083394 0
6222.400000 0.070422 0
6225.760000 0.070573 0
6229.120000 0.085064 0
6232.480000 0.070540 0
6235.840000 0.076381 0
6239.200000 0.069754 0
6242.560000 0.063391 0
6245.920000 0.067312 0
6249.280000 0.069515 0
6252.640000 0.066144 0
6256.000000 0.066264 0
6259.360000 0.060931 0
6262.720000 0.077078 0
6266.080000 0.088977 0
6269.440000 0.071572 0
6272.800000 0.061504 0
6276.160000 0.072462 0
6279.520000 0.057877 0
6282.880000 0.063458 0
6286.240000 0.065524 0
6289.600000 0.064457 0
6292.960000 0.085381 0
6296.320000 0.082583 0
6299.680000 0.084165 0
6303.040000 0.025179 0
6306.400000 0.063149 0
6309.760000 0.077914 0
6313.120000 0.073951 0
6316.480000 0.082688 0
6319.840000 0.061041 0
6323.200000 0.070092 0
6326.560000 0.070796 0
6329.920000 0.058451 0
6333.280000 0.067280 0
6336.640000 0.060465 0
6340.000000 0.072058 0
6343.360000 0.062564 0
6346.720000 0.073091 0
6350.080000 0.070283 0
6353.440000 0.067280 0
6356.800000 0.070866 0
6360.160000 0.070516 0
6363.520000 0.054698 0
6366.880000 0.052299 0
6370.240000 0.068956 0
6373.600000 0.077335 0
6376.960000 0.072978 0
6380.320000 0.064683 0
6383.680000 0.059017 0
6387.040000 0.060013 0
6390.400000 0.068210 0
6393.760000 0.062752 0
6397.120000 0.064285 0
6400.480000 0.072308 0
6403.840000 0.075033 0
6407.200000 0.067250 0
6410.560000 0.063549 0
6413.920000 0.067256 0
6417.280000 0.075207 0
6420.640000 0.065023 0
6424.000000 0.062424 0
6427.360000 0.054205 0
6430.720000 0.064483 0
6434.080000 0.054314 0
6437.440000 0.059633 0
6440.800000 0.067463 0
6444.160000 0.061542 0
6447.520000 0.087201 0
6450.880000 0.083397 0
6454.240000 0.073846 0
6457.600000 0.051632 0
6460.960000 0.059848 0
6464.320000 0.066659 0
6467.680000 0.060213 0
6471.040000 0.065206 0
6474.400000 0.064228 0
6477.760000 0.064788 0
6481.120000 0.069241 0
6484.480000 0.068875 0
6487.840000 0.066062 0
6491.200000 0.088082 0
6494.560000 0.081826 0
6497.920000 0.064256 0
6501.280000 0.066889 0
6504.640000 0.056223 0
6508.000000 0.074677 0
6511.360000 0.045587 0
6514.720000 0.070726 0
6518.080000 0.064750 0
6521.440000 0.063918 0
6524.800000 0.069677 0
6528.160000 0.073995 0
6531.520000 0.080222 0
6534.880000 0.079679 0
6538.240000 0.042738 0
6541.600000 0.054455 0
6544.960000 0.071048 0
6548.320000 0.071848 0
6551.680000 0.078564 0
6555.040000 0.078668 0
6558.400000 0.058898 0
6561.760000 0.055507 0
6565.120000 0.058391 0
6568.480000 0.068386 0
6571.840000 0.067690 0
6575.200000 0.065891 0
6578.560000 0.061337 0
6581.920000 0.073740 0
6585.280000 0.070003 0
6588.640000 0.072477 0
6592.000000 0.065349 0
6595.360000 0.058810 0
6598.720000 0.078672 0
6602.080000 0.089242 0
6605.440000 0.073717 0
6608.800000 0.061338 0
6612.160000 0.069886 0
6615.520000 0.069664 0
6618.880000 0.068886 0
6622.240000 0.059434 0
6625.600000 0.069582 0
6628.960000 0.062114 0
6632.320000 0.061723 0
6635.680000 0.070794 0
6639.040000 0.058271 0
6642.400000 0.066626 0
6645.760000 0.077969 0
6649.120000 0.082874 0
6652.480000 0.069115 0
6655.840000 0.066973 0
6659.200000 0.070947 0
6662.560000 0.069085 0
6665.920000 0.078686 0
6669.280000 0.079279 0
6672.640000 0.073493 0
6676.000000 0.073954 0
6679.360000 0.066500 0
6682.720000 0.066060 0
6686.080000 0.064151 0
6689.440000 0.075916 0
6692.800000 0.079464 0
6696.160000 0.061719 0
6699.520000 0.062674 0
6702.880000 0.074852 0
6706.240000 0.076286 0
6709.600000 0.054115 0
6712.960000 0.068013 0
6716.320000 0.071261 0
6719.680000 0.068880 0
6723.040000 0.063459 0
6726.400000 0.066917 0
6729.760000 0.054016 0
6733.120000 0.057724 0
6736.480000 0.069415 0
6739.840000 0.060775 0
6743.200000 0.058128 0
6746.560000 0.063646 0
6749.920000 0.069203 0
6753.280000 0.064825 0
6756.640000 0.070083 0
6760.000000 0.064062 0
6763.360000 0.061269 0
6766.720000 0.066611 0
6770.080000 0.069369 0
6773.440000 0.064877 0
6776.800000 0.056696 0
6780.160000 0.075044 0
6783.520000 0.070333 0
6786.880000 0.071664 0
6790.240000 0.074327 0
6793.600000 0.071916 0
6796.960000 0.075233 0
6800.320000 0.065488 0
6803.680000 0.056198 0
6807.040000 0.069137 0
6810.400000 0.055623 0
6813.760000 0.053848 0
6817.120000 0.064908 0
6820.480000 0.076372 0
6823.840000 0.056295 0
6827.200000 0.084125 0
6830.560000 0.088958 0
6833.920000 0.072791 0
6837.280000 0.070112 0
6840.640000 0.048280 0
6844.000000 0.063400 0
6847.360000 0.071033 0
6850.720000 0.081081 0
6854.080000 0.069204 0
6857.440000 0.099003 0
6860.800000 0.068989 0
6864.160000 0.060573 0
6867.520000 0.047082 0
6870.880000 0.042165 0
6874.240000 0.079333 0
6877.600000 0.060442 0
6880.960000 0.056619 0
6884.320000 0.074928 0
6887.680000 0.052454 0
6891.040000 0.047536 0
6894.400000 0.070393 0
6897.760000 0.058759 0
6901.120000 0.066092 0
6904.480000 0.067617 0
6907.840000 0.068684 0
6911.200000 0.064050 0
6914.560000 0.068185 0
6917.920000 0.044335 0
6921.280000 0.064310 0
6924.640000 0.070828 0
6928.000000 0.058127 0
6931.360000 0.071061 0
6934.720000 0.067289 0
6938.080000 0.066479 0
6941.440000 0.073905 0
6944.800000 0.076926 0
6948.160000 0.078213 0
6951.520000 0.055545 0
6954.880000 0.084476 0
6958.240000 0.058695 0
6961.600000 0.079086 0
6964.960000 0.077610 0
6968.320000 0.071421 0
6971.680000 0.067089 0
6975.040000 0.057166 0
6978.400000 0.055988 0
6981.760000 0.063134 0
6985.120000 0.064018 0
6988.480000 0.079390 0
6991.840000 0.061137 0
6995.200000 0.066191 0
6998.560000 0.062710 0
7001.920000 0.061034 0
7005.280000 0.071354 0
7008.640000 0.065219 0
7012.000000 0.063462 0
7015.360000 0.061605 0
7018.720000 0.060328 0
7022.080000 0.059941 0
7025.440000 0.061274 0
7028.800000 0.057998 0
7032.160000 0.065177 0
7035.520000 0.064487 0
7038.880000 0.066073 0
7042.240000 0.061350 0
7045.600000 0.065986 0
7048.960000 0.063480 0
7052.320000 0.064153 0
7055.680000 0.066057 0
7059.040000 0.071882 0
7062.400000 0.065597 0
7065.760000 0.061905 0
7069.120000 0.069461 0
7072.480000 0.061616 0
7075.840000 0.059302 0
7079.200000 0.062768 0
7082.560000 0.052610 0
7085.920000 0.057622 0
7089.280000 0.060724 0
7092.640000 0.056206 0
7096.000000 0.072838 0
7099.360000 0.078396 0
7102.720000 0.070675 0
7106.080000 0.073222 0
7109.440000 0.077358 0
7112.800000 0.070665 0
7116.160000 0.061749 0
7119.520000 0.055054 0
7122.880000 0.066912 0
7126.240000 0.064675 0
7129.600000 0.064254 0
7132.960000 0.058780 0
7136.320000 0.060967 0
7139.680000 0.074833 0
7143.040000 0.058127 0
7146.400000 0.061275 0
7149.760000 0.072578 0
7153.120000 0.070666 0
7156.480000 0.063442 0
7159.840000 0.068858 0
7163.200000 0.065277 0
7166.560000 0.067755 0
7169.920000 0.068839 0
7173.280000 0.061894 0
7176.640000 0.060434 0
7180.000000 0.074737 0
7183.360000 0.064081 0
7186.720000 0.056847 0
7190.080000 0.060331 0
7193.440000 0.068268 0
7196.800000 0.063742 0
7200.160000 0.061222 0
7203.520000 0.061526 0
7206.880000 0.064142 0
7210.240000 0.056993 0
7213.600000 0.058968 0
7216.960000 0.076737 0
7220.320000 0.125215 0
7223.680000 0.134834 0
7227.040000 0.105497 0
7230.400000 0.062282 0
7233.760000 0.067569 0
7237.120000 0.054631 0
7240.480000 0.051265 0
7243.840000 0.063795 0
7247.200000 0.041170 0
7250.560000 0.069539 0
7253.920000 0.071951 0
7257.280000 0.058098 0
7260.640000 0.052258 0
7264.000000 0.054987 0
7267.360000 0.064700 0
7270.720000 0.080611 0
7274.080000 0.055613 0
7277.440000 0.079040 0
7280.800000 0.080025 0
7284.160000 0.062677 0
7287.520000 0.061412 0
7290.880000 0.057008 0
7294.240000 0.058026 0
7297.600000 0.055820 0
7300.960000 0.063105 0
7304.320000 0.078613 0
7307.680000 0.068201 0
7311.040000 0.075650 0
7314.400000 0.032295 0
7317.760000 0.034182 0
7321.120000 0.057365 0
7324.480000 0.056097 0
7327.840000 0.062417 0
7331.200000 0.062569 0
7334.560000 0.083562 0
7337.920000 0.072706 0
7341.280000 0.090753 0
7344.640000 0.059878 0
7348.000000 0.073709 0
7351.360000 0.081685 0
7354.720000 0.054598 0
7358.080000 0.063301 0
7361.440000 0.064804 0
7364.800000 0.067396 0
7368.160000 0.086782 0
7371.520000 0.050325 0
7374.880000 0.047852 0
7378.240000 0.052688 0
7381.600000 0.057837 0
7384.960000 0.069140 0
7388.320000 0.078197 0
7391.680000 0.061560 0
7395.040000 0.086939 0
7398.400000 0.066572 0
7401.760000 0.056122 0
7405.120000 0.065128 0
7408.480000 0.056551 0
7411.840000 0.079947 0
7415.200000 0.069810 0
7418.560000 0.056563 0
7421.920000 0.074151 0
7425.280000 0.064900 0
7428.640000 0.062874 0
7432.000000 0.068723 0
7435.360000 0.085638 0
7438.720000 0.090643 0
7442.080000 0.080891 0
7445.440000 0.069774 0
7448.800000 0.076351 0
7452.160000 0.056648 0
7455.520000 0.054993 0
7458.880000 0.067853 0
7462.240000 0.066747 0
7465.600000 0.076250 0
7468.960000 0.067984 0
7472.320000 0.062067 0
7475.680000 0.074264 0
7479.040000 0.064361 0
7482.400000 0.061412 0
7485.760000 0.070651 0
7489.120000 0.076948 0
7492.480000 0.055242 0
7495.840000 0.052297 0
7499.200000 0.061788 0
7502.560000 0.066901 0
7505.920000 0.057482 0
7509.280000 0.069115 0
7512.640000 0.062130 0
7516.000000 0.048126 0
7519.360000 0.066946 0
7522.720000 0.075246 0
7526.080000 0.074412 0
7529.440000 0.079880 0
7532.800000 0.089185 0
7536.160000 0.067654 0
7539.520000 0.049088 0
7542.880000 0.064316 0
7546.240000 0.057817 0
7549.600000 0.074521 0
7552.960000 0.060999 0
7556.320000 0.060622 0
7559.680000 0.065339 0
7563.040000 0.086792 0
7566.400000 0.077069 0
7569.760000 0.053594 0
7573.120000 0.073549 0
7576.480000 0.078016 0
7579.840000 0.075095 0
7583.200000 0.053787 0
7586.560000 0.057789 0
7589.920000 0.070888 0
7593.280000 0.055113 0
7596.640000 0.060409 0
7600.000000 0.048107 0
7603.360000 0.042524 0
7606.720000 0.069566 0
7610.080000 0.093986 0
7613.440000 0.101449 0
7616.800000 0.070615 0
7620.160000 0.066723 0
7623.520000 0.063357 0
7626.880000 0.094226 0
7630.240000 0.080709 0
7633.600000 0.042276 0
7636.960000 0.049014 0
7640.320000 0.065697 0
7643.680000 0.052872 0
7647.040000 0.048322 0
7650.400000 0.075598 0
7653.760000 0.079268 0
7657.120000 0.081394 0
7660.480000 0.076382 0
7663.840000 0.063882 0
7667.200000 0.066757 0
7670.560000 0.061259 0
7673.920000 0.061384 0
7677.280000 0.053286 0
7680.640000 0.044547 0
7684.000000 0.040210 0
7687.360000 0.055008 0
7690.720000 0.060523 0
7694.080000 0.040864 0
7697.440000 0.054236 0
7700.800000 0.070746 0
7704.160000 0.052427 0
7707.520000 0.075397 0
7710.880000 0.058552 0
7714.240000 0.054937 0
7717.600000 0.092837 0
7720.960000 0.058522 0
7724.320000 0.045145 0
7727.680000 0.089493 0
7731.040000 0.079548 0
7734.400000 0.055510 0
7737.760000 0.059942 0
7741.120000 0.052947 0
7744.480000 0.058106 0
7747.840000 0.076335 0
7751.200000 0.056288 0
7754.560000 0.050548 0
7757.920000 0.058987 0
7761.280000 0.052901 0
7764.640000 0.082020 0
7768.000000 0.081224 0
7771.360000 0.060152 0
7774.720000 0.048782 0
7778.080000 0.062598 0
7781.440000 0.066632 0
7784.800000 0.072508 0
7788.160000 0.062253 0
7791.520000 0.063093 0
7794.880000 0.062509 0
7798.240000 0.079323 0
7801.600000 0.062824 0
7804.960000 0.055732 0
7808.320000 0.057277 0
7811.680000 0.057825 0
7815.040000 0.071158 0
7818.400000 0.074926 0
7821.760000 0.076770 0
7825.120000 0.047282 0
7828.480000 0.066059 0
7831.840000 0.051746 0
7835.200000 0.053950 0
7838.560000 0.049655 0
7841.920000 0.059155 0
7845.280000 0.061906 0
7848.640000 0.078874 0
7852.000000 0.075263 0
7855.360000 0.051009 0
7858.720000 0.066170 0
7862.080000 0.075994 0
7865.440000 0.064663 0
7868.800000 0.041806 0
7872.160000 0.021349 0
7875.520000 0.070480 0
7878.880000 0.075450 0
7882.240000 0.077103 0
7885.600000 0.077716 0
7888.960000 0.084931 0
7892.320000 0.081773 0
7895.680000 0.066104 0
7899.040000 0.072128 0
7902.400000 0.054741 0
7905.760000 0.095590 0
7909.120000 0.072516 0
7912.480000 0.058259 0
7915.840000 0.096935 0
7919.200000 0.088556 0
7922.560000 0.086937 0
7925.920000 0.080978 0
7929.280000 0.056768 0
7932.640000 0.052317 0
7936.000000 0.058263 0
7939.360000 0.082510 0
7942.720000 0.055569 0
7946.080000 0.070470 0
7949.440000 0.073455 0
7952.800000 0.068845 0
7956.160000 0.048122 0
7959.520000 0.094012 0
7962.880000 0.108911 0
7966.240000 0.080767 0
7969.600000 0.080549 0
7972.960000 0.061806 0
7976.320000 0.087527 0
7979.680000 0.056238 0
7983.040000 0.073697 0
7986.400000 0.092642 0
7989.760000 0.091841 0
7993.120000 0.081712 0
7996.480000 0.096628 0
7999.840000 0.073817 0
8003.200000 0.056486 0
8006.560000 0.058007 0
8009.920000 0.059707 0
8013.280000 0.066181 0
8016.640000 0.085009 0
8020.000000 0.077552 0
8023.360000 0.072690 0
8026.720000 0.058209 0
8030.080000 0.058670 0
8033.440000 0.056892 0
8036.800000 0.049921 0
8040.160000 0.055896 0
8043.520000 0.051818 0
8046.880000 0.066994 0
8050.240000 0.080944 0
8053.600000 0.080615 0
8056.960000 0.079548 0
8060.320000 0.086621 0
8063.680000 0.086155 0
8067.040000 0.081738 0
8070.400000 0.059927 0
8073.760000 0.065772 0
8077.120000 0.064705 0
8080.480000 0.055550 0
8083.840000 0.056196 0
8087.200000 0.055620 0
8090.560000 0.064417 0
8093.920000 0.073100 0
8097.280000 0.075885 0
8100.640000 0.066185 0
8104.000000 0.073876 0
8107.360000 0.084406 0
8110.720000 0.060174 0
8114.080000 0.058092 0
8117.440000 0.062055 0
8120.800000 0.068472 0
8124.160000 0.065031 0
8127.520000 0.052538 0
8130.880000 0.056263 0
8134.240000 0.062852 0
8137.600000 0.066438 0
8140.960000 0.070362 0
8144.320000 0.060389 0
8147.680000 0.049134 0
8151.040000 0.062796 0
8154.400000 0.056088 0
8157.760000 0.063571 0
8161.120000 0.071059 0
8164.480000 0.051287 0
8167.840000 0.059006 0
8171.200000 0.065217 0
8174.560000 0.058111 0
8177.920000 0.070663 0
8181.280000 0.070573 0
8184.640000 0.068134 0
8188.000000 0.058274 0
8191.360000 0.069067 0
8194.720000 0.054430 0
8198.080000 0.059985 0
8201.440000 0.066782 0
8204.800000 0.067874 0
8208.160000 0.064290 0
8211.520000 0.064327 0
8214.880000 0.057688 0
8218.240000 0.057051 0
8221.600000 0.051114 0
8224.960000 0.067012 0
8228.320000 0.071693 0
8231.680000 0.063402 0
8235.040000 0.060114 0
8238.400000 0.062126 0
8241.760000 0.052923 0
8245.120000 0.072505 0
8248.480000 0.061482 0
8251.840000 0.046478 0
8255.200000 0.067630 0
8258.560000 0.073599 0
8261.920000 0.075529 0
8265.280000 0.062554 0
8268.640000 0.066377 0
8272.000000 0.080033 0
8275.360000 0.053932 0
8278.720000 0.046987 0
8282.080000 0.026059 0
8285.440000 0.067959 0
8288.800000 0.097217 0
8292.160000 0.105410 0
8295.520000 0.079808 0
8298.880000 0.078299 0
8302.240000 0.090872 0
8305.600000 0.087706 0
8308.960000 0.057335 0
8312.320000 0.060927 0
8315.680000 0.051509 0
8319.040000 0.062551 0
8322.400000 0.050601 0
8325.760000 0.064828 0
8329.120000 0.068400 0
8332.480000 0.066727 0
8335.840000 0.092758 0
8339.200000 0.099743 0
8342.560000 0.051310 0
8345.920000 0.039716 0
8349.280000 0.046442 0
8352.640000 0.057543 0
8356.000000 0.090997 0
8359.360000 0.055541 0
8362.720000 0.037050 0
8366.080000 0.043182 0
8369.440000 0.061392 0
8372.800000 0.064338 0
8376.160000 0.069700 0
8379.520000 0.100168 0
8382.880000 0.097942 0
8386.240000 0.047921 0
8389.600000 0.049117 0
8392.960000 0.050184 0
8396.320000 0.060679 0
8399.680000 0.107709 0
8403.040000 0.028806 0
8406.400000 0.047731 0
8409.760000 0.068322 0
8413.120000 0.081144 0
8416.480000 0.053008 0
8419.840000 0.043906 0
8423.200000 0.085320 0
8426.560000 0.039568 0
8429.920000 0.023411 0
8433.280000 0.062072 0
8436.640000 0.062002 0
8440.000000 0.071984 0
8443.360000 0.073249 0
8446.720000 0.062773 0
8450.080000 0.080623 0
8453.440000 0.057663 0
8456.800000 0.069401 0
8460.160000 0.059414 0
8463.520000 0.084353 0
8466.880000 0.107795 0
8470.240000 0.073126 0
8473.600000 0.042370 0
8476.960000 0.067619 0
8480.320000 0.049679 0
8483.680000 0.062477 0
8487.040000 0.064423 0
8490.400000 0.062226 0
8493.760000 0.048965 0
8497.120000 0.094015 0
8500.480000 0.084590 0
8503.840000 0.062373 0
8507.200000 0.059326 0
8510.560000 0.053150 0
8513.920000 0.045148 0
8517.280000 0.075317 0
8520.640000 0.064356 0
8524.000000 0.066438 0
8527.360000 0.069876 0
8530.720000 0.052557 0
8534.080000 0.045194 0
8537.440000 0.073780 0
8540.800000 0.075035 0
8544.160000 0.058721 0
8547.520000 0.050112 0
8550.880000 0.061881 0
8554.240000 0.051991 0
8557.600000 0.058262 0
8560.960000 0.069691 0
8564.320000 0.063047 0
8567.680000 0.063904 0
8571.040000 0.071881 0
8574.400000 0.059248 0
8577.760000 0.063048 0
8581.120000 0.052643 0
8584.480000 0.051774 0
8587.840000 0.065329 0
8591.200000 0.051479 0
8594.560000 0.048289 0
8597.920000 0.069030 0
8601.280000 0.058540 0
8604.640000 0.048202 0
8608.000000 0.042183 0
8611.360000 0.076013 0
8614.720000 0.093703 0
8618.080000 0.035034 0
8621.440000 0.056760 0
8624.800000 -0.018713 0
8628.160000 0.083546 0
8631.520000 0.120415 0
8634.880000 0.059081 0
8638.240000 0.054176 0
8641.600000 0.068590 0
8644.960000 0.082616 0
8648.320000 0.048959 0
8651.680000 0.058993 0
8655.040000 0.088595 0
8658.400000 0.076839 0
8661.760000 0.085037 0
8665.120000 0.033325 0
8668.480000 0.066285 0
8671.840000 0.026638 0
8675.200000 0.039736 0
8678.560000 0.045546 0
8681.920000 0.059475 0
8685.280000 0.085410 0
8688.640000 0.049450 0
8692.000000 0.062579 0
8695.360000 0.054789 0
8698.720000 0.063803 0
8702.080000 0.043505 0
8705.440000 0.057229 0
8708.800000 0.061690 0
8712.160000 0.050580 0
8715.520000 0.054895 0
8718.880000 0.063750 0
8722.240000 0.066897 0
8725.600000 0.052841 0
8728.960000 0.060481 0
8732.320000 0.068235 0
8735.680000 0.061033 0
8739.040000 0.059362 0
8742.400000 0.054598 0
8745.760000 0.059059 0
8749.120000 0.068438 0
8752.480000 0.092143 0
8755.840000 0.101537 0
8759.200000 0.080790 0
8762.560000 0.056797 0
8765.920000 0.031202 0
8769.280000 0.062548 0
8772.640000 0.055996 0
8776.000000 0.117455 0
8779.360000 0.082612 0
8782.720000 -0.010061 0
8786.080000 0.045389 0
8789.440000 0.046512 0
8792.800000 0.044218 0
8796.160000 0.035345 0
8799.520000 0.054342 0
8802.880000 0.052406 0
8806.240000 0.042020 0
8809.600000 0.063329 0
8812.960000 0.054271 0
8816.320000 0.075666 0
8819.680000 0.122486 0
8823.040000 0.071333 0
8826.400000 0.133209 0
8829.760000 0.126811 0
8833.120000 0.009394 0
8836.480000 0.052406 0
8839.840000 0.106084 0
8843.200000 0.023496 0
8846.560000 0.087985 0
8849.920000 0.089216 0
8853.280000 0.063251 0
8856.640000 0.062550 0
8860.000000 0.106637 0
8863.360000 0.034428 0
8866.720000 0.056768 0
8870.080000 0.043834 0
8873.440000 0.037491 0
8876.800000 0.109443 0
8880.160000 0.121053 0
8883.520000 0.103727 0
8886.880000 0.047166 0
8890.240000 0.001616 0
8893.600000 0.074011 0
8896.960000 0.121651 0
8900.320000 0.064846 0
8903.680000 0.059533 0
8907.040000 0.050473 0
8910.400000 0.084581 0
8913.760000 0.073494 0
8917.120000 0.008398 0
8920.480000 0.169256 0
8923.840000 0.062967 0
8927.200000 -0.005635 0
8930.560000 0.062942 0
8933.920000 0.064544 0
8937.280000 0.042092 0
8940.640000 0.035317 0
8944.000000 0.058055 0
8947.360000 0.099201 0
8950.720000 0.133615 0
8954.080000 0.122387 0
8957.440000 0.074737 0
8960.800000 0.056409 0
8964.160000 0.035619 0
8967.520000 0.046594 0
8970.880000 0.067545 0
8974.240000 0.039487 0
8977.600000 0.054630 0
8980.960000 0.073920 0
8984.320000 0.048254 0
8987.680000 0.056549 0
8991.040000 0.072187 0
8994.400000 0.076640 0
8997.760000 0.072077 0
9001.120000 0.074170 0
9004.480000 0.061308 0
9007.840000 0.074708 0
9011.200000 0.050429 0
9014.560000 0.064020 0
9017.920000 0.053541 0
9021.280000 0.049955 0
9024.640000 0.048964 0
9028.000000 0.077669 0
9031.360000 0.062680 0
9034.720000 0.082012 0
9038.080000 0.063622 0
9041.440000 0.049163 0
9044.800000 0.077522 0
9048.160000 0.069433 0
9051.520000 0.041872 0
9054.880000 0.043033 0
9058.240000 0.055818 0
9061.600000 0.068893 0
9064.960000 0.060797 0
9068.320000 0.055737 0
9071.680000 0.055552 0
9075.040000 0.051482 0
9078.400000 0.054110 0
9081.760000 0.055433 0
9085.120000 0.048455 0
9088.480000 0.053328 0
9091.840000 0.070001 0
9095.200000 0.085010 0
9098.560000 0.067128 0
9101.920000 0.066189 0
9105.280000 0.038936 0
9108.640000 0.029342 0
9112.000000 0.060691 0
9115.360000 0.049260 0
9118.720000 0.054091 0
9122.080000 0.049700 0
9125.440000 0.042714 0
9128.800000 0.050557 0
9132.160000 0.041960 0
9135.520000 0.062298 0
9138.880000 0.065971 0
9142.240000 0.061513 0
9145.600000 0.055656 0
9148.960000 0.084344 0
9152.320000 0.061720 0
9155.680000 0.034919 0
9159.040000 0.024016 0
9162.400000 0.048270 0
9165.760000 0.075804 0
9169.120000 0.043450 0
9172.480000 0.042332 0
9175.840000 0.055702 0
9179.200000 0.064497 0
9182.560000 0.049545 0
9185.920000 0.058717 0
9189.280000 0.052166 0
9192.640000 0.063396 0
9196.000000 0.059935 0
9199.360000 0.049088 0
9202.720000 0.073187 0
9206.080000 0.062852 0
9209.440000 0.076525 0
9212.800000 0.063334 0
9216.160000 0.067717 0
9219.520000 0.056798 0
9222.880000 0.051498 0
9226.240000 0.061305 0
9229.600000 0.059152 0
9232.960000 0.060397 0
9236.320000 0.068132 0
9239.680000 0.069544 0
9243.040000 0.058413 0
9246.400000 0.055847 0
9249.760000 0.041837 0
