# obs: 255708
# slit: 33
# z: 0.29410
# lines: [OII],H9,K,H,H{delta},H{alpha}
# spec: 418
4451.680000 0.000000 1
4455.040000 0.000000 1
4458.400000 0.000000 1
4461.760000 0.000000 1
4465.120000 0.000000 1
4468.480000 0.000000 1
4471.840000 0.000000 1
4475.200000 0.000000 1
4478.560000 0.000000 1
4481.920000 0.000000 1
4485.280000 0.000000 1
4488.640000 0.000000 1
4492.000000 0.000000 1
4495.360000 0.000000 1
4498.720000 0.000000 1
4502.080000 0.000000 1
4505.440000 0.000000 1
4508.800000 0.000000 1
4512.160000 0.000000 1
4515.520000 0.000000 1
4518.880000 0.000000 1
4522.240000 0.000000 1
4525.600000 0.000000 1
4528.960000 -0.002584 1
4532.320000 0.063091 1
4535.680000 0.079840 0
4539.040000 0.047890 0
4542.400000 0.035056 0
4545.760000 0.041892 0
4549.120000 0.064385 0
4552.480000 0.076436 0
4555.840000 0.070466 0
4559.200000 0.056809 0
4562.560000 0.058135 0
4565.920000 0.058375 0
4569.280000 0.067230 0
4572.640000 0.047626 0
4576.000000 0.045155 0
4579.360000 0.065165 0
4582.720000 0.069060 0
4586.080000 0.056629 0
4589.440000 0.079051 0
4592.800000 0.076251 0
4596.160000 0.060320 0
4599.520000 0.067981 0
4602.880000 0.048226 0
4606.240000 0.052672 0
4609.600000 0.051415 0
4612.960000 0.071047 0
4616.320000 0.053847 0
4619.680000 0.057646 0
4623.040000 0.076839 0
4626.400000 0.043347 0
4629.760000 0.050521 0
4633.120000 0.048828 0
4636.480000 0.052450 0
4639.840000 0.084199 0
4643.200000 0.057476 0
4646.560000 0.061667 0
4649.920000 0.075695 0
4653.280000 0.079509 0
4656.640000 0.029522 0
4660.000000 0.057225 0
4663.360000 0.070222 0
4666.720000 0.061059 0
4670.080000 0.039756 0
4673.440000 0.062983 0
4676.800000 0.068917 0
4680.160000 0.067378 0
4683.520000 0.056661 0
4686.880000 0.059699 0
4690.240000 0.047591 0
4693.600000 0.066555 0
4696.960000 0.067822 0
4700.320000 0.077809 0
4703.680000 0.070602 0
4707.040000 0.071391 0
4710.400000 0.064791 0
4713.760000 0.069273 0
4717.120000 0.050313 0
4720.480000 0.047851 0
4723.840000 0.089051 0
4727.200000 0.058046 0
4730.560000 0.070754 0
4733.920000 0.073260 0
4737.280000 0.080855 0
4740.640000 0.087187 0
4744.000000 0.081487 0
4747.360000 0.074026 0
4750.720000 0.077146 0
4754.080000 0.057060 0
4757.440000 0.049037 0
4760.800000 0.054427 0
4764.160000 0.067204 0
4767.520000 0.058736 0
4770.880000 0.046325 0
4774.240000 0.047009 0
4777.600000 0.053151 0
4780.960000 0.093385 0
4784.320000 0.079009 0
4787.680000 0.069826 0
4791.040000 0.082241 0
4794.400000 0.059896 0
4797.760000 0.044789 0
4801.120000 0.041813 0
4804.480000 0.075114 0
4807.840000 0.088245 0
4811.200000 0.073000 0
4814.560000 0.081416 0
4817.920000 0.081547 0
4821.280000 0.122389 0
4824.640000 0.134241 0
4828.000000 0.102918 0
4831.360000 0.061467 0
4834.720000 0.067168 0
4838.080000 0.062554 0
4841.440000 0.073188 0
4844.800000 0.076641 0
4848.160000 0.064055 0
4851.520000 0.054994 0
4854.880000 0.044670 0
4858.240000 0.066158 0
4861.600000 0.075728 0
4864.960000 0.087163 0
4868.320000 0.093751 0
4871.680000 0.069968 0
4875.040000 0.073267 0
4878.400000 0.070757 0
4881.760000 0.063716 0
4885.120000 0.074181 0
4888.480000 0.092058 0
4891.840000 0.091915 0
4895.200000 0.101838 0
4898.560000 0.107306 0
4901.920000 0.091872 0
4905.280000 0.088482 0
4908.640000 0.064495 0
4912.000000 0.064000 0
4915.360000 0.070716 0
4918.720000 0.082217 0
4922.080000 0.086404 0
4925.440000 0.096995 0
4928.800000 0.097366 0
4932.160000 0.094041 0
4935.520000 0.099078 0
4938.880000 0.099723 0
4942.240000 0.089716 0
4945.600000 0.085991 0
4948.960000 0.095720 0
4952.320000 0.065521 0
4955.680000 0.068997 0
4959.040000 0.058631 0
4962.400000 0.045078 0
4965.760000 0.062395 0
4969.120000 0.069220 0
4972.480000 0.078347 0
4975.840000 0.086086 0
4979.200000 0.104408 0
4982.560000 0.088698 0
4985.920000 0.112587 0
4989.280000 0.095916 0
4992.640000 0.087400 0
4996.000000 0.097094 0
4999.360000 0.112599 0
5002.720000 0.096818 0
5006.080000 0.098972 0
5009.440000 0.092946 0
5012.800000 0.080631 0
5016.160000 0.102355 0
5019.520000 0.100659 0
5022.880000 0.094510 0
5026.240000 0.074329 0
5029.600000 0.077973 0
5032.960000 0.081294 0
5036.320000 0.073991 0
5039.680000 0.072905 0
5043.040000 0.075988 0
5046.400000 0.109133 0
5049.760000 0.103503 0
5053.120000 0.098462 0
5056.480000 0.084243 0
5059.840000 0.091744 0
5063.200000 0.095846 0
5066.560000 0.103010 0
5069.920000 0.103302 0
5073.280000 0.091626 0
5076.640000 0.089014 0
5080.000000 0.100539 0
5083.360000 0.079910 0
5086.720000 0.069297 0
5090.080000 0.038870 0
5093.440000 0.055643 0
5096.800000 0.076969 0
5100.160000 0.081087 0
5103.520000 0.078204 0
5106.880000 0.109521 0
5110.240000 0.110822 0
5113.600000 0.109074 0
5116.960000 0.112099 0
5120.320000 0.113304 0
5123.680000 0.112187 0
5127.040000 0.098093 0
5130.400000 0.081480 0
5133.760000 0.052395 0
5137.120000 0.037340 0
5140.480000 0.052736 0
5143.840000 0.068989 0
5147.200000 0.095173 0
5150.560000 0.090099 0
5153.920000 0.111509 0
5157.280000 0.111226 0
5160.640000 0.115927 0
5164.000000 0.106354 0
5167.360000 0.115856 0
5170.720000 0.115936 0
5174.080000 0.132597 0
5177.440000 0.129511 0
5180.800000 0.111588 0
5184.160000 0.131567 0
5187.520000 0.126947 0
5190.880000 0.129036 0
5194.240000 0.150588 0
5197.600000 0.135433 0
5200.960000 0.121696 0
5204.320000 0.130359 0
5207.680000 0.130714 0
5211.040000 0.128157 0
5214.400000 0.112221 0
5217.760000 0.121719 0
5221.120000 0.108522 0
5224.480000 0.104618 0
5227.840000 0.126501 0
5231.200000 0.132497 0
5234.560000 0.112705 0
5237.920000 0.119562 0
5241.280000 0.157825 0
5244.640000 0.121037 0
5248.000000 0.117355 0
5251.360000 0.118281 0
5254.720000 0.117670 0
5258.080000 0.125066 0
5261.440000 0.101461 0
5264.800000 0.115113 0
5268.160000 0.122684 0
5271.520000 0.117545 0
5274.880000 0.110988 0
5278.240000 0.116180 0
5281.600000 0.112370 0
5284.960000 0.131876 0
5288.320000 0.131192 0
5291.680000 0.128154 0
5295.040000 0.131427 0
5298.400000 0.138416 0
5301.760000 0.107826 0
5305.120000 0.097503 0
5308.480000 0.093518 0
5311.840000 0.101180 0
5315.200000 0.123663 0
5318.560000 0.117085 0
5321.920000 0.100214 0
5325.280000 0.128030 0
5328.640000 0.129589 0
5332.000000 0.121098 0
5335.360000 0.118142 0
5338.720000 0.121021 0
5342.080000 0.150849 0
5345.440000 0.133949 0
5348.800000 0.123802 0
5352.160000 0.104326 0
5355.520000 0.137731 0
5358.880000 0.126235 0
5362.240000 0.122001 0
5365.600000 0.137532 0
5368.960000 0.139414 0
5372.320000 0.135469 0
5375.680000 0.111257 0
5379.040000 0.136077 0
5382.400000 0.138731 0
5385.760000 0.133030 0
5389.120000 0.116908 0
5392.480000 0.134307 0
5395.840000 0.129462 0
5399.200000 0.108472 0
5402.560000 0.125206 0
5405.920000 0.123734 0
5409.280000 0.119010 0
5412.640000 0.111060 0
5416.000000 0.126213 0
5419.360000 0.121226 0
5422.720000 0.122447 0
5426.080000 0.137016 0
5429.440000 0.131751 0
5432.800000 0.118220 0
5436.160000 0.128862 0
5439.520000 0.129163 0
5442.880000 0.142147 0
5446.240000 0.120880 0
5449.600000 0.112315 0
5452.960000 0.151767 0
5456.320000 0.125930 0
5459.680000 0.133445 0
5463.040000 0.132421 0
5466.400000 0.142572 0
5469.760000 0.130863 0
5473.120000 0.117411 0
5476.480000 0.134876 0
5479.840000 0.125240 0
5483.200000 0.128530 0
5486.560000 0.133776 0
5489.920000 0.131807 0
5493.280000 0.128139 0
5496.640000 0.115805 0
5500.000000 0.116549 0
5503.360000 0.116813 0
5506.720000 0.109274 0
5510.080000 0.125644 0
5513.440000 0.141010 0
5516.800000 0.126296 0
5520.160000 0.145148 0
5523.520000 0.141262 0
5526.880000 0.123261 0
5530.240000 0.120976 0
5533.600000 0.133150 0
5536.960000 0.131741 0
5540.320000 0.141382 0
5543.680000 0.126425 0
5547.040000 0.127262 0
5550.400000 0.119793 0
5553.760000 0.107165 0
5557.120000 0.121462 1
5560.480000 0.111976 1
5563.840000 0.106165 1
5567.200000 0.107083 1
5570.560000 0.172607 1
5573.920000 0.123565 1
5577.280000 0.062346 1
5580.640000 0.101146 1
5584.000000 0.025376 1
5587.360000 0.096967 1
5590.720000 0.132870 1
5594.080000 0.123276 0
5597.440000 0.112136 0
5600.800000 0.111509 0
5604.160000 0.136095 0
5607.520000 0.132431 0
5610.880000 0.125734 0
5614.240000 0.111909 0
5617.600000 0.103462 0
5620.960000 0.147370 0
5624.320000 0.131739 0
5627.680000 0.110692 0
5631.040000 0.122232 0
5634.400000 0.116197 0
5637.760000 0.122912 0
5641.120000 0.135066 0
5644.480000 0.129830 0
5647.840000 0.135822 0
5651.200000 0.149537 0
5654.560000 0.139060 0
5657.920000 0.153677 0
5661.280000 0.136998 0
5664.640000 0.119717 0
5668.000000 0.148926 0
5671.360000 0.133866 0
5674.720000 0.107549 0
5678.080000 0.122634 0
5681.440000 0.139550 0
5684.800000 0.132403 0
5688.160000 0.151400 0
5691.520000 0.156786 0
5694.880000 0.142380 0
5698.240000 0.144437 0
5701.600000 0.127021 0
5704.960000 0.134003 0
5708.320000 0.145329 0
5711.680000 0.127485 0
5715.040000 0.138032 0
5718.400000 0.156020 0
5721.760000 0.145617 0
5725.120000 0.144096 0
5728.480000 0.127424 0
5731.840000 0.117818 0
5735.200000 0.129168 0
5738.560000 0.146993 0
5741.920000 0.158183 0
5745.280000 0.152284 0
5748.640000 0.135726 0
5752.000000 0.146125 0
5755.360000 0.140912 0
5758.720000 0.134084 0
5762.080000 0.134855 0
5765.440000 0.130142 0
5768.800000 0.140251 0
5772.160000 0.122384 0
5775.520000 0.123427 0
5778.880000 0.139697 0
5782.240000 0.143055 0
5785.600000 0.137847 0
5788.960000 0.146244 0
5792.320000 0.150664 0
5795.680000 0.139702 0
5799.040000 0.150057 0
5802.400000 0.130017 0
5805.760000 0.166649 0
5809.120000 0.134830 0
5812.480000 0.145195 0
5815.840000 0.135500 0
5819.200000 0.154082 0
5822.560000 0.154809 0
5825.920000 0.146530 0
5829.280000 0.158529 0
5832.640000 0.152919 0
5836.000000 0.163358 0
5839.360000 0.167283 0
5842.720000 0.159244 0
5846.080000 0.159764 0
5849.440000 0.156613 0
5852.800000 0.146467 0
5856.160000 0.142000 0
5859.520000 0.145567 0
5862.880000 0.151231 0
5866.240000 0.152769 0
5869.600000 0.150651 0
5872.960000 0.155700 0
5876.320000 0.169449 0
5879.680000 0.164690 0
5883.040000 0.158517 0
5886.400000 0.159546 0
5889.760000 0.141610 0
5893.120000 0.136604 0
5896.480000 0.143521 0
5899.840000 0.172218 0
5903.200000 0.179245 0
5906.560000 0.160796 0
5909.920000 0.154951 0
5913.280000 0.166204 0
5916.640000 0.171427 0
5920.000000 0.164415 0
5923.360000 0.159337 0
5926.720000 0.165752 0
5930.080000 0.152979 0
5933.440000 0.166826 0
5936.800000 0.155089 0
5940.160000 0.174818 0
5943.520000 0.167032 0
5946.880000 0.147012 0
5950.240000 0.163953 0
5953.600000 0.160535 0
5956.960000 0.151310 0
5960.320000 0.139561 0
5963.680000 0.173345 0
5967.040000 0.170687 0
5970.400000 0.174576 0
5973.760000 0.177115 0
5977.120000 0.172039 0
5980.480000 0.163388 0
5983.840000 0.159097 0
5987.200000 0.176402 0
5990.560000 0.185070 0
5993.920000 0.178573 0
5997.280000 0.159649 0
6000.640000 0.149079 0
6004.000000 0.167804 0
6007.360000 0.159294 0
6010.720000 0.162437 0
6014.080000 0.179855 0
6017.440000 0.145946 0
6020.800000 0.158373 0
6024.160000 0.164196 0
6027.520000 0.163968 0
6030.880000 0.170438 0
6034.240000 0.162523 0
6037.600000 0.164592 0
6040.960000 0.158060 0
6044.320000 0.156522 0
6047.680000 0.173076 0
6051.040000 0.165739 0
6054.400000 0.152715 0
6057.760000 0.185947 0
6061.120000 0.176812 0
6064.480000 0.190920 0
6067.840000 0.173698 0
6071.200000 0.183284 0
6074.560000 0.187333 0
6077.920000 0.156939 0
6081.280000 0.183473 0
6084.640000 0.165525 0
6088.000000 0.164310 0
6091.360000 0.147227 0
6094.720000 0.168092 0
6098.080000 0.170490 0
6101.440000 0.157240 0
6104.800000 0.175196 0
6108.160000 0.185031 0
6111.520000 0.178634 0
6114.880000 0.163834 0
6118.240000 0.137686 0
6121.600000 0.163466 0
6124.960000 0.180890 0
6128.320000 0.152693 0
6131.680000 0.150917 0
6135.040000 0.165106 0
6138.400000 0.169793 0
6141.760000 0.183671 0
6145.120000 0.177915 0
6148.480000 0.162238 0
6151.840000 0.177300 0
6155.200000 0.176192 0
6158.560000 0.176960 0
6161.920000 0.166639 0
6165.280000 0.152969 0
6168.640000 0.160472 0
6172.000000 0.167418 0
6175.360000 0.157370 0
6178.720000 0.166092 0
6182.080000 0.175353 0
6185.440000 0.169914 0
6188.800000 0.172541 0
6192.160000 0.165604 0
6195.520000 0.174289 0
6198.880000 0.159199 0
6202.240000 0.163275 0
6205.600000 0.170881 0
6208.960000 0.176044 0
6212.320000 0.178010 0
6215.680000 0.162378 0
6219.040000 0.182072 0
6222.400000 0.184531 0
6225.760000 0.174148 0
6229.120000 0.164254 0
6232.480000 0.163978 0
6235.840000 0.189916 0
6239.200000 0.192428 0
6242.560000 0.188228 0
6245.920000 0.171115 0
6249.280000 0.168916 0
6252.640000 0.173558 0
6256.000000 0.172621 0
6259.360000 0.157920 0
6262.720000 0.166244 0
6266.080000 0.168357 0
6269.440000 0.167841 0
6272.800000 0.159293 0
6276.160000 0.172899 0
6279.520000 0.162490 0
6282.880000 0.147389 0
6286.240000 0.165087 0
6289.600000 0.176232 0
6292.960000 0.155816 0
6296.320000 0.178246 0
6299.680000 0.144499 0
6303.040000 0.108764 0
6306.400000 0.142967 0
6309.760000 0.153755 0
6313.120000 0.157262 0
6316.480000 0.164150 0
6319.840000 0.167024 0
6323.200000 0.161969 0
6326.560000 0.141682 0
6329.920000 0.162081 0
6333.280000 0.152686 0
6336.640000 0.171501 0
6340.000000 0.168426 0
6343.360000 0.171142 0
6346.720000 0.167995 0
6350.080000 0.154014 0
6353.440000 0.159627 0
6356.800000 0.170832 0
6360.160000 0.176632 0
6363.520000 0.159516 0
6366.880000 0.144464 0
6370.240000 0.150085 0
6373.600000 0.171927 0
6376.960000 0.172441 0
6380.320000 0.178973 0
6383.680000 0.190232 0
6387.040000 0.176617 0
6390.400000 0.163810 0
6393.760000 0.162731 0
6397.120000 0.182692 0
6400.480000 0.174085 0
6403.840000 0.161019 0
6407.200000 0.169203 0
6410.560000 0.174978 0
6413.920000 0.165263 0
6417.280000 0.170687 0
6420.640000 0.183133 0
6424.000000 0.174898 0
6427.360000 0.161326 0
6430.720000 0.167204 0
6434.080000 0.167215 0
6437.440000 0.175693 0
6440.800000 0.173964 0
6444.160000 0.159267 0
6447.520000 0.158115 0
6450.880000 0.159119 0
6454.240000 0.167508 0
6457.600000 0.150508 0
6460.960000 0.181376 0
6464.320000 0.161942 0
6467.680000 0.167261 0
6471.040000 0.163129 0
6474.400000 0.154076 0
6477.760000 0.173696 0
6481.120000 0.175254 0
6484.480000 0.154883 0
6487.840000 0.160869 0
6491.200000 0.173713 0
6494.560000 0.173562 0
6497.920000 0.152526 0
6501.280000 0.160516 0
6504.640000 0.180624 0
6508.000000 0.175352 0
6511.360000 0.157322 0
6514.720000 0.192388 0
6518.080000 0.150239 0
6521.440000 0.149667 0
6524.800000 0.151231 0
6528.160000 0.181603 0
6531.520000 0.169524 0
6534.880000 0.136788 0
6538.240000 0.135271 0
6541.600000 0.157041 0
6544.960000 0.168250 0
6548.320000 0.155920 0
6551.680000 0.158526 0
6555.040000 0.170151 0
6558.400000 0.179460 0
6561.760000 0.154483 0
6565.120000 0.157002 0
6568.480000 0.171038 0
6571.840000 0.166723 0
6575.200000 0.161079 0
6578.560000 0.151821 0
6581.920000 0.167932 0
6585.280000 0.166917 0
6588.640000 0.192810 0
6592.000000 0.188707 0
6595.360000 0.157192 0
6598.720000 0.168752 0
6602.080000 0.166709 0
6605.440000 0.181297 0
6608.800000 0.159410 0
6612.160000 0.153571 0
6615.520000 0.171498 0
6618.880000 0.164988 0
6622.240000 0.153169 0
6625.600000 0.162419 0
6628.960000 0.163329 0
6632.320000 0.174715 0
6635.680000 0.153795 0
6639.040000 0.145874 0
6642.400000 0.172426 0
6645.760000 0.177909 0
6649.120000 0.177667 0
6652.480000 0.180926 0
6655.840000 0.166838 0
6659.200000 0.157666 0
6662.560000 0.162794 0
6665.920000 0.148236 0
6669.280000 0.160419 0
6672.640000 0.184109 0
6676.000000 0.172861 0
6679.360000 0.149342 0
6682.720000 0.146486 0
6686.080000 0.142411 0
6689.440000 0.119339 0
6692.800000 0.140082 0
6696.160000 0.152371 0
6699.520000 0.180430 0
6702.880000 0.156061 0
6706.240000 0.153493 0
6709.600000 0.146593 0
6712.960000 0.154663 0
6716.320000 0.158404 0
6719.680000 0.158904 0
6723.040000 0.152512 0
6726.400000 0.162962 0
6729.760000 0.184151 0
6733.120000 0.173410 0
6736.480000 0.157696 0
6739.840000 0.155966 0
6743.200000 0.160189 0
6746.560000 0.167989 0
6749.920000 0.177538 0
6753.280000 0.172616 0
6756.640000 0.180711 0
6760.000000 0.149400 0
6763.360000 0.152509 0
6766.720000 0.168827 0
6770.080000 0.165727 0
6773.440000 0.156334 0
6776.800000 0.190047 0
6780.160000 0.169311 0
6783.520000 0.166359 0
6786.880000 0.184478 0
6790.240000 0.180957 0
6793.600000 0.169594 0
6796.960000 0.163924 0
6800.320000 0.186100 0
6803.680000 0.170984 0
6807.040000 0.176888 0
6810.400000 0.163080 0
6813.760000 0.142463 0
6817.120000 0.150282 0
6820.480000 0.160925 0
6823.840000 0.176312 0
6827.200000 0.172175 0
6830.560000 0.196264 0
6833.920000 0.172505 0
6837.280000 0.185275 0
6840.640000 0.179102 0
6844.000000 0.196586 0
6847.360000 0.201800 0
6850.720000 0.181619 0
6854.080000 0.173361 0
6857.440000 0.185027 0
6860.800000 0.192044 0
6864.160000 0.144088 0
6867.520000 0.177496 0
6870.880000 0.149051 0
6874.240000 0.132103 0
6877.600000 0.142225 0
6880.960000 0.152793 0
6884.320000 0.169713 0
6887.680000 0.156287 0
6891.040000 0.143817 0
6894.400000 0.160609 0
6897.760000 0.144940 0
6901.120000 0.157014 0
6904.480000 0.175069 0
6907.840000 0.153468 0
6911.200000 0.163646 0
6914.560000 0.174005 0
6917.920000 0.180637 0
6921.280000 0.179250 0
6924.640000 0.159993 0
6928.000000 0.185044 0
6931.360000 0.184717 0
6934.720000 0.183293 0
6938.080000 0.168174 0
6941.440000 0.185228 0
6944.800000 0.130972 0
6948.160000 0.175072 0
6951.520000 0.147781 0
6954.880000 0.194854 0
6958.240000 0.202501 0
6961.600000 0.191715 0
6964.960000 0.201219 0
6968.320000 0.177361 0
6971.680000 0.187514 0
6975.040000 0.161159 0
6978.400000 0.150397 0
6981.760000 0.165840 0
6985.120000 0.190936 0
6988.480000 0.167006 0
6991.840000 0.172246 0
6995.200000 0.181352 0
6998.560000 0.158309 0
7001.920000 0.161980 0
7005.280000 0.199443 0
7008.640000 0.204524 0
7012.000000 0.183997 0
7015.360000 0.174228 0
7018.720000 0.171225 0
7022.080000 0.179954 0
7025.440000 0.193085 0
7028.800000 0.177235 0
7032.160000 0.174694 0
7035.520000 0.182360 0
7038.880000 0.188969 0
7042.240000 0.174751 0
7045.600000 0.183604 0
7048.960000 0.188644 0
7052.320000 0.190357 0
7055.680000 0.181636 0
7059.040000 0.176502 0
7062.400000 0.176559 0
7065.760000 0.165132 0
7069.120000 0.177269 0
7072.480000 0.176700 0
7075.840000 0.178944 0
7079.200000 0.175762 0
7082.560000 0.174404 0
7085.920000 0.168199 0
7089.280000 0.164734 0
7092.640000 0.189548 0
7096.000000 0.191937 0
7099.360000 0.171655 0
7102.720000 0.169627 0
7106.080000 0.176237 0
7109.440000 0.172929 0
7112.800000 0.189163 0
7116.160000 0.188187 0
7119.520000 0.174788 0
7122.880000 0.180430 0
7126.240000 0.181176 0
7129.600000 0.169413 0
7132.960000 0.165435 0
7136.320000 0.167407 0
7139.680000 0.189704 0
7143.040000 0.175236 0
7146.400000 0.180118 0
7149.760000 0.190434 0
7153.120000 0.173928 0
7156.480000 0.159623 0
7159.840000 0.176154 0
7163.200000 0.187812 0
7166.560000 0.174078 0
7169.920000 0.171127 0
7173.280000 0.173808 0
7176.640000 0.182185 0
7180.000000 0.162514 0
7183.360000 0.174017 0
7186.720000 0.176218 0
7190.080000 0.167193 0
7193.440000 0.165928 0
7196.800000 0.184295 0
7200.160000 0.179423 0
7203.520000 0.169660 0
7206.880000 0.168047 0
7210.240000 0.169673 0
7213.600000 0.185164 0
7216.960000 0.180140 0
7220.320000 0.184870 0
7223.680000 0.174250 0
7227.040000 0.190682 0
7230.400000 0.167731 0
7233.760000 0.162558 0
7237.120000 0.165001 0
7240.480000 0.172218 0
7243.840000 0.183082 0
7247.200000 0.178744 0
7250.560000 0.173801 0
7253.920000 0.179591 0
7257.280000 0.181813 0
7260.640000 0.192369 0
7264.000000 0.171809 0
7267.360000 0.173105 0
7270.720000 0.207382 0
7274.080000 0.152106 0
7277.440000 0.149721 0
7280.800000 0.139855 0
7284.160000 0.187528 0
7287.520000 0.184086 0
7290.880000 0.201312 0
7294.240000 0.179094 0
7297.600000 0.182735 0
7300.960000 0.173641 0
7304.320000 0.184088 0
7307.680000 0.187648 0
7311.040000 0.213256 0
7314.400000 0.174815 0
7317.760000 0.172375 0
7321.120000 0.165748 0
7324.480000 0.172909 0
7327.840000 0.201049 0
7331.200000 0.165791 0
7334.560000 0.173773 0
7337.920000 0.212038 0
7341.280000 0.207634 0
7344.640000 0.179681 0
7348.000000 0.192714 0
7351.360000 0.206670 0
7354.720000 0.182688 0
7358.080000 0.193322 0
7361.440000 0.190094 0
7364.800000 0.188558 0
7368.160000 0.194050 0
7371.520000 0.211622 0
7374.880000 0.187230 0
7378.240000 0.189760 0
7381.600000 0.170675 0
7384.960000 0.153039 0
7388.320000 0.176867 0
7391.680000 0.168170 0
7395.040000 0.179839 0
7398.400000 0.214704 0
7401.760000 0.179529 0
7405.120000 0.192731 0
7408.480000 0.194154 0
7411.840000 0.193918 0
7415.200000 0.191840 0
7418.560000 0.180547 0
7421.920000 0.192008 0
7425.280000 0.213662 0
7428.640000 0.200807 0
7432.000000 0.189375 0
7435.360000 0.188660 0
7438.720000 0.200046 0
7442.080000 0.179955 0
7445.440000 0.185744 0
7448.800000 0.174388 0
7452.160000 0.167903 0
7455.520000 0.195296 0
7458.880000 0.189934 0
7462.240000 0.186061 0
7465.600000 0.181653 0
7468.960000 0.178750 0
7472.320000 0.176701 0
7475.680000 0.173636 0
7479.040000 0.175475 0
7482.400000 0.164985 0
7485.760000 0.173832 0
7489.120000 0.172630 0
7492.480000 0.179165 0
7495.840000 0.178782 0
7499.200000 0.176535 0
7502.560000 0.188510 0
7505.920000 0.177497 0
7509.280000 0.169867 0
7512.640000 0.172664 0
7516.000000 0.202021 0
7519.360000 0.181670 0
7522.720000 0.193035 0
7526.080000 0.194749 0
7529.440000 0.193526 0
7532.800000 0.162191 0
7536.160000 0.186237 0
7539.520000 0.195237 0
7542.880000 0.200732 0
7546.240000 0.178747 0
7549.600000 0.184296 0
7552.960000 0.194480 0
7556.320000 0.196150 0
7559.680000 0.202969 0
7563.040000 0.172340 0
7566.400000 0.179962 0
7569.760000 0.192345 0
7573.120000 0.168910 0
7576.480000 0.159952 0
7579.840000 0.170092 0
7583.200000 0.194769 0
7586.560000 0.176661 0
7589.920000 0.170474 0
7593.280000 0.195535 0
7596.640000 0.173421 0
7600.000000 0.138357 0
7603.360000 0.145315 0
7606.720000 0.212443 0
7610.080000 0.225654 0
7613.440000 0.241085 0
7616.800000 0.211595 0
7620.160000 0.177488 0
7623.520000 0.153949 0
7626.880000 0.119562 0
7630.240000 0.147845 0
7633.600000 0.171047 0
7636.960000 0.175614 0
7640.320000 0.189438 0
7643.680000 0.198606 0
7647.040000 0.195649 0
7650.400000 0.184106 0
7653.760000 0.184261 0
7657.120000 0.166298 0
7660.480000 0.168373 0
7663.840000 0.195577 0
7667.200000 0.203512 0
7670.560000 0.190545 0
7673.920000 0.168690 0
7677.280000 0.173761 0
7680.640000 0.178350 0
7684.000000 0.176095 0
7687.360000 0.171155 0
7690.720000 0.186993 0
7694.080000 0.198124 0
7697.440000 0.178142 0
7700.800000 0.162481 0
7704.160000 0.163018 0
7707.520000 0.173846 0
7710.880000 0.167622 0
7714.240000 0.173079 0
7717.600000 0.190485 0
7720.960000 0.175185 0
7724.320000 0.187320 0
7727.680000 0.175708 0
7731.040000 0.193729 0
7734.400000 0.175194 0
7737.760000 0.187526 0
7741.120000 0.181757 0
7744.480000 0.153797 0
7747.840000 0.179689 0
7751.200000 0.167584 0
7754.560000 0.127025 0
7757.920000 0.172847 0
7761.280000 0.185603 0
7764.640000 0.180578 0
7768.000000 0.181556 0
7771.360000 0.186025 0
7774.720000 0.149241 0
7778.080000 0.175398 0
7781.440000 0.178137 0
7784.800000 0.164311 0
7788.160000 0.192672 0
7791.520000 0.196700 0
7794.880000 0.179237 0
7798.240000 0.154087 0
7801.600000 0.169018 0
7804.960000 0.178426 0
7808.320000 0.159548 0
7811.680000 0.194134 0
7815.040000 0.173515 0
7818.400000 0.171388 0
7821.760000 0.195205 0
7825.120000 0.176318 0
7828.480000 0.174837 0
7831.840000 0.185546 0
7835.200000 0.175023 0
7838.560000 0.202060 0
7841.920000 0.201531 0
7845.280000 0.194612 0
7848.640000 0.173498 0
7852.000000 0.197703 0
7855.360000 0.166540 0
7858.720000 0.190218 0
7862.080000 0.164214 0
7865.440000 0.178593 0
7868.800000 0.170456 0
7872.160000 0.186488 0
7875.520000 0.169567 0
7878.880000 0.172522 0
7882.240000 0.171069 0
7885.600000 0.200932 0
7888.960000 0.162188 0
7892.320000 0.154512 0
7895.680000 0.155075 0
7899.040000 0.180115 0
7902.400000 0.174626 0
7905.760000 0.183560 0
7909.120000 0.178321 0
7912.480000 0.193447 0
7915.840000 0.160360 0
7919.200000 0.186534 0
7922.560000 0.172597 0
7925.920000 0.139263 0
7929.280000 0.183955 0
7932.640000 0.195965 0
7936.000000 0.189263 0
7939.360000 0.189173 0
7942.720000 0.162865 0
7946.080000 0.162587 0
7949.440000 0.183856 0
7952.800000 0.156921 0
7956.160000 0.175269 0
7959.520000 0.175520 0
7962.880000 0.143568 0
7966.240000 0.156419 0
7969.600000 0.160728 0
7972.960000 0.159027 0
7976.320000 0.172810 0
7979.680000 0.155308 0
7983.040000 0.141851 0
7986.400000 0.181983 0
7989.760000 0.157329 0
7993.120000 0.156996 0
7996.480000 0.165436 0
7999.840000 0.150894 0
8003.200000 0.167320 0
8006.560000 0.182223 0
8009.920000 0.181923 0
8013.280000 0.161793 0
8016.640000 0.190860 0
8020.000000 0.179546 0
8023.360000 0.148617 0
8026.720000 0.156073 0
8030.080000 0.158736 0
8033.440000 0.190179 0
8036.800000 0.169378 0
8040.160000 0.160857 0
8043.520000 0.172191 0
8046.880000 0.185767 0
8050.240000 0.173069 0
8053.600000 0.180113 0
8056.960000 0.175891 0
8060.320000 0.166594 0
8063.680000 0.176601 0
8067.040000 0.175605 0
8070.400000 0.176047 0
8073.760000 0.145855 0
8077.120000 0.151838 0
8080.480000 0.175288 0
8083.840000 0.173508 0
8087.200000 0.165997 0
8090.560000 0.174301 0
8093.920000 0.175314 0
8097.280000 0.167682 0
8100.640000 0.149063 0
8104.000000 0.166920 0
8107.360000 0.196428 0
8110.720000 0.184399 0
8114.080000 0.161673 0
8117.440000 0.176449 0
8120.800000 0.148240 0
8124.160000 0.173620 0
8127.520000 0.162025 0
8130.880000 0.156822 0
8134.240000 0.157211 0
8137.600000 0.176221 0
8140.960000 0.182186 0
8144.320000 0.166616 0
8147.680000 0.183269 0
8151.040000 0.189605 0
8154.400000 0.141588 0
8157.760000 0.171862 0
8161.120000 0.162479 0
8164.480000 0.169091 0
8167.840000 0.167556 0
8171.200000 0.160409 0
8174.560000 0.170145 0
8177.920000 0.155944 0
8181.280000 0.199801 0
8184.640000 0.189007 0
8188.000000 0.178725 0
8191.360000 0.175327 0
8194.720000 0.172186 0
8198.080000 0.175162 0
8201.440000 0.177993 0
8204.800000 0.157431 0
8208.160000 0.167127 0
8211.520000 0.203062 0
8214.880000 0.186044 0
8218.240000 0.170976 0
8221.600000 0.190271 0
8224.960000 0.178915 0
8228.320000 0.153334 0
8231.680000 0.159975 0
8235.040000 0.165175 0
8238.400000 0.173329 0
8241.760000 0.196215 0
8245.120000 0.171022 0
8248.480000 0.194908 0
8251.840000 0.192452 0
8255.200000 0.179406 0
8258.560000 0.170869 0
8261.920000 0.185344 0
8265.280000 0.176657 0
8268.640000 0.173682 0
8272.000000 0.165145 0
8275.360000 0.149842 0
8278.720000 0.193455 0
8282.080000 0.196570 0
8285.440000 0.136170 0
8288.800000 0.174979 0
8292.160000 0.175398 0
8295.520000 0.162893 0
8298.880000 0.201318 0
8302.240000 0.164290 0
8305.600000 0.189598 0
8308.960000 0.186742 0
8312.320000 0.188295 0
8315.680000 0.143068 0
8319.040000 0.179705 0
8322.400000 0.165936 0
8325.760000 0.186942 0
8329.120000 0.201937 0
8332.480000 0.181998 0
8335.840000 0.180910 0
8339.200000 0.184154 0
8342.560000 0.163882 0
8345.920000 0.200748 0
8349.280000 0.127989 0
8352.640000 0.176186 0
8356.000000 0.190736 0
8359.360000 0.185827 0
8362.720000 0.197856 0
8366.080000 0.195695 0
8369.440000 0.193560 0
8372.800000 0.200768 0
8376.160000 0.156809 0
8379.520000 0.181041 0
8382.880000 0.183822 0
8386.240000 0.161748 0
8389.600000 0.172726 0
8392.960000 0.186504 0
8396.320000 0.202964 0
8399.680000 0.171603 0
8403.040000 0.176879 0
8406.400000 0.199246 0
8409.760000 0.187467 0
8413.120000 0.177545 0
8416.480000 0.174552 0
8419.840000 0.171819 0
8423.200000 0.196629 0
8426.560000 0.193292 0
8429.920000 0.177267 0
8433.280000 0.164812 0
8436.640000 0.151434 0
8440.000000 0.188794 0
8443.360000 0.187288 0
8446.720000 0.177418 0
8450.080000 0.173774 0
8453.440000 0.176862 0
8456.800000 0.182460 0
8460.160000 0.160185 0
8463.520000 0.164691 0
8466.880000 0.184658 0
8470.240000 0.215928 0
8473.600000 0.231917 0
8476.960000 0.210731 0
8480.320000 0.211312 0
8483.680000 0.192524 0
8487.040000 0.250678 0
8490.400000 0.433633 0
8493.760000 0.446182 0
8497.120000 0.299101 0
8500.480000 0.205579 0
8503.840000 0.193698 0
8507.200000 0.196577 0
8510.560000 0.175228 0
8513.920000 0.193396 0
8517.280000 0.292927 0
8520.640000 0.295355 0
8524.000000 0.203908 0
8527.360000 0.197846 0
8530.720000 0.176684 0
8534.080000 0.167579 0
8537.440000 0.192000 0
8540.800000 0.216322 0
8544.160000 0.189652 0
8547.520000 0.157046 0
8550.880000 0.162708 0
8554.240000 0.183727 0
8557.600000 0.175384 0
8560.960000 0.173759 0
8564.320000 0.166990 0
8567.680000 0.204021 0
8571.040000 0.194463 0
8574.400000 0.163058 0
8577.760000 0.182890 0
8581.120000 0.181299 0
8584.480000 0.176020 0
8587.840000 0.188143 0
8591.200000 0.179922 0
8594.560000 0.165070 0
8597.920000 0.188084 0
8601.280000 0.170365 0
8604.640000 0.181975 0
8608.000000 0.186108 0
8611.360000 0.183842 0
8614.720000 0.153034 0
8618.080000 0.177234 0
8621.440000 0.183775 0
8624.800000 0.153619 0
8628.160000 0.145312 0
8631.520000 0.172052 0
8634.880000 0.184970 0
8638.240000 0.178187 0
8641.600000 0.187369 0
8644.960000 0.189567 0
8648.320000 0.190634 0
8651.680000 0.143955 0
8655.040000 0.192105 0
8658.400000 0.142514 0
8661.760000 0.166196 0
8665.120000 0.198669 0
8668.480000 0.187788 0
8671.840000 0.165926 0
8675.200000 0.209199 0
8678.560000 0.187403 0
8681.920000 0.180617 0
8685.280000 0.189909 0
8688.640000 0.183541 0
8692.000000 0.211340 0
8695.360000 0.221749 0
8698.720000 0.167953 0
8702.080000 0.172210 0
8705.440000 0.183359 0
8708.800000 0.220531 0
8712.160000 0.196056 0
8715.520000 0.178345 0
8718.880000 0.180419 0
8722.240000 0.154295 0
8725.600000 0.189172 0
8728.960000 0.192002 0
8732.320000 0.192169 0
8735.680000 0.204267 0
8739.040000 0.184610 0
8742.400000 0.193301 0
8745.760000 0.191770 0
8749.120000 0.194966 0
8752.480000 0.169915 0
8755.840000 0.184149 0
8759.200000 0.114951 0
8762.560000 0.193411 0
8765.920000 0.162689 0
8769.280000 0.189398 0
8772.640000 0.146608 0
8776.000000 0.140726 0
8779.360000 0.115630 0
8782.720000 0.204691 0
8786.080000 0.185523 0
8789.440000 0.181451 0
8792.800000 0.198899 0
8796.160000 0.167292 0
8799.520000 0.136981 0
8802.880000 0.162328 0
8806.240000 0.181008 0
8809.600000 0.172606 0
8812.960000 0.205324 0
8816.320000 0.201248 0
8819.680000 0.178619 0
8823.040000 0.205108 0
8826.400000 0.187548 0
8829.760000 0.175626 0
8833.120000 0.170556 0
8836.480000 0.145855 0
8839.840000 0.166627 0
8843.200000 0.189471 0
8846.560000 0.191588 0
8849.920000 0.176566 0
8853.280000 0.167912 0
8856.640000 0.197586 0
8860.000000 0.180366 0
8863.360000 0.179134 0
8866.720000 0.164512 0
8870.080000 0.172436 0
8873.440000 0.192536 0
8876.800000 0.209968 0
8880.160000 0.225431 0
8883.520000 0.150562 0
8886.880000 0.168628 0
8890.240000 0.170237 0
8893.600000 0.186223 0
8896.960000 0.191920 0
8900.320000 0.194408 0
8903.680000 0.198684 0
8907.040000 0.191406 0
8910.400000 0.132188 0
8913.760000 0.175805 0
8917.120000 0.221805 0
8920.480000 0.151251 0
8923.840000 0.214400 0
8927.200000 0.165734 0
8930.560000 0.204605 0
8933.920000 0.189384 0
8937.280000 0.214975 0
8940.640000 0.167248 0
8944.000000 0.130987 0
8947.360000 0.174011 0
8950.720000 0.201213 0
8954.080000 0.214965 0
8957.440000 0.134933 0
8960.800000 0.160591 0
8964.160000 0.197413 0
8967.520000 0.181932 0
8970.880000 0.162488 0
8974.240000 0.180193 0
8977.600000 0.187651 0
8980.960000 0.203729 0
8984.320000 0.180394 0
8987.680000 0.177207 0
8991.040000 0.185471 0
8994.400000 0.176963 0
8997.760000 0.195395 0
9001.120000 0.181643 0
9004.480000 0.173366 0
9007.840000 0.201467 0
9011.200000 0.194652 0
9014.560000 0.174968 0
9017.920000 0.174999 0
9021.280000 0.168172 0
9024.640000 0.153339 0
9028.000000 0.180017 0
9031.360000 0.179155 0
9034.720000 0.157880 0
9038.080000 0.180223 0
9041.440000 0.169171 0
9044.800000 0.199641 0
9048.160000 0.231806 0
9051.520000 0.161941 0
9054.880000 0.195226 0
9058.240000 0.202269 0
9061.600000 0.200760 0
9064.960000 0.148445 0
9068.320000 0.159566 0
9071.680000 0.168737 0
9075.040000 0.191741 0
9078.400000 0.172967 0
9081.760000 0.203014 0
9085.120000 0.183287 0
9088.480000 0.171289 0
9091.840000 0.233522 0
9095.200000 0.213663 0
9098.560000 0.162290 0
9101.920000 0.164208 0
9105.280000 0.186295 0
9108.640000 0.201508 0
9112.000000 0.175926 0
9115.360000 0.184559 0
9118.720000 0.188850 0
9122.080000 0.215188 0
9125.440000 0.198760 0
9128.800000 0.208320 0
9132.160000 0.160930 0
9135.520000 0.155366 0
9138.880000 0.193351 0
9142.240000 0.176069 0
9145.600000 0.179952 0
9148.960000 0.198810 0
9152.320000 0.159289 0
9155.680000 0.160270 0
9159.040000 0.152303 0
9162.400000 0.185733 0
9165.760000 0.193169 0
9169.120000 0.188997 0
9172.480000 0.175278 0
9175.840000 0.160329 0
9179.200000 0.189899 0
9182.560000 0.202989 0
9185.920000 0.168218 0
9189.280000 0.192277 0
9192.640000 0.192730 0
9196.000000 0.169937 0
9199.360000 0.227856 0
9202.720000 0.204051 0
9206.080000 0.177283 0
9209.440000 0.197980 0
9212.800000 0.219205 0
9216.160000 0.223786 0
9219.520000 0.172312 0
9222.880000 0.173957 0
9226.240000 0.171140 0
9229.600000 0.188777 0
9232.960000 0.184873 0
9236.320000 0.174222 0
9239.680000 0.175698 0
9243.040000 0.200939 0
9246.400000 0.186334 0
9249.760000 0.170796 0
