# obs: 255726
# slit: 31
# z: 0.44700
# lines: H,G,Fe43,H{beta},Mgb
# spec: 523
5120.830000 0.000000 1
5122.490000 0.000000 1
5124.150000 0.000000 1
5125.810000 0.000000 1
5127.470000 0.000000 1
5129.130000 0.000000 1
5130.790000 0.000000 1
5132.450000 0.000000 1
5134.110000 0.000000 1
5135.770000 0.000000 1
5137.430000 0.000000 1
5139.090000 0.000000 1
5140.750000 0.000000 1
5142.410000 0.000000 1
5144.070000 0.000000 1
5145.730000 0.000000 1
5147.390000 0.000000 1
5149.050000 0.000000 1
5150.710000 0.000000 1
5152.370000 0.000000 1
5154.030000 0.000000 1
5155.690000 0.000000 1
5157.350000 0.000000 1
5159.010000 0.000000 1
5160.670000 0.000000 1
5162.330000 0.000000 1
5163.990000 0.000000 1
5165.650000 0.000000 1
5167.310000 0.000000 1
5168.970000 0.000000 1
5170.630000 0.000000 1
5172.290000 0.000000 1
5173.950000 0.000000 1
5175.610000 0.000000 1
5177.270000 0.000000 1
5178.930000 0.000000 1
5180.590000 0.000000 1
5182.250000 0.000000 1
5183.910000 0.000000 1
5185.570000 0.000000 1
5187.230000 0.000000 1
5188.890000 0.000000 1
5190.550000 0.000000 1
5192.210000 0.000000 1
5193.870000 0.000000 1
5195.530000 0.000000 1
5197.190000 0.000000 1
5198.850000 0.000000 1
5200.510000 0.000000 1
5202.170000 0.000000 1
5203.830000 0.000000 1
5205.490000 0.000000 1
5207.150000 0.000000 1
5208.810000 0.000000 1
5210.470000 0.000000 1
5212.130000 0.000000 1
5213.790000 0.000000 1
5215.450000 0.000000 1
5217.110000 0.000000 1
5218.770000 0.000000 1
5220.430000 0.000000 1
5222.090000 0.000000 1
5223.750000 0.000000 1
5225.410000 0.000000 1
5227.070000 0.000000 1
5228.730000 0.000000 1
5230.390000 0.000000 1
5232.050000 0.000000 1
5233.710000 0.000000 1
5235.370000 0.000000 1
5237.030000 0.000000 1
5238.690000 0.000000 1
5240.350000 0.000000 1
5242.010000 0.000000 1
5243.670000 0.000000 1
5245.330000 0.000000 1
5246.990000 0.000000 1
5248.650000 0.000000 1
5250.310000 0.000000 1
5251.970000 0.000000 1
5253.630000 0.000000 1
5255.290000 0.000000 1
5256.950000 0.000000 1
5258.610000 0.000000 1
5260.270000 0.000000 1
5261.930000 0.000000 1
5263.590000 0.000000 1
5265.250000 0.000000 1
5266.910000 0.000000 1
5268.570000 0.000000 1
5270.230000 0.000000 1
5271.890000 0.000000 1
5273.550000 0.000000 1
5275.210000 0.000000 1
5276.870000 0.000000 1
5278.530000 0.000000 1
5280.190000 0.000000 1
5281.850000 0.000000 1
5283.510000 0.000000 1
5285.170000 0.000000 1
5286.830000 0.000000 1
5288.490000 0.000000 1
5290.150000 0.000000 1
5291.810000 0.000000 1
5293.470000 0.000000 1
5295.130000 0.000000 1
5296.790000 0.000000 1
5298.450000 0.000000 1
5300.110000 0.000000 1
5301.770000 0.000000 1
5303.430000 0.000000 1
5305.090000 0.000000 1
5306.750000 0.000000 1
5308.410000 0.000000 1
5310.070000 0.000000 1
5311.730000 0.000000 1
5313.390000 0.000000 1
5315.050000 0.000000 1
5316.710000 0.000000 1
5318.370000 0.000000 1
5320.030000 0.000000 1
5321.690000 0.000000 1
5323.350000 0.000000 1
5325.010000 0.000000 1
5326.670000 0.000000 1
5328.330000 0.000000 1
5329.990000 0.000000 1
5331.650000 0.000000 1
5333.310000 0.000000 1
5334.970000 0.000000 1
5336.630000 0.000000 1
5338.290000 0.000000 1
5339.950000 0.000000 1
5341.610000 0.000000 1
5343.270000 0.000000 1
5344.930000 0.000000 1
5346.590000 0.000000 1
5348.250000 0.000000 1
5349.910000 0.000000 1
5351.570000 0.000000 1
5353.230000 0.000000 1
5354.890000 0.000000 1
5356.550000 0.000000 1
5358.210000 0.000000 1
5359.870000 0.000000 1
5361.530000 0.000000 1
5363.190000 0.000000 1
5364.850000 0.000000 1
5366.510000 0.000000 1
5368.170000 0.000000 1
5369.830000 0.000000 1
5371.490000 0.000000 1
5373.150000 0.000000 1
5374.810000 0.000000 1
5376.470000 0.000000 1
5378.130000 0.000000 1
5379.790000 0.000000 1
5381.450000 0.000000 1
5383.110000 0.000000 1
5384.770000 0.000000 1
5386.430000 0.000000 1
5388.090000 0.000000 1
5389.750000 0.000000 1
5391.410000 0.000000 1
5393.070000 0.000000 1
5394.730000 0.000000 1
5396.390000 0.000000 1
5398.050000 0.000000 1
5399.710000 0.000000 1
5401.370000 0.000000 1
5403.030000 0.000000 1
5404.690000 0.000000 1
5406.350000 0.000000 1
5408.010000 0.000000 1
5409.670000 0.000000 1
5411.330000 0.000000 1
5412.990000 0.000000 1
5414.650000 0.000000 1
5416.310000 0.000000 1
5417.970000 0.000000 1
5419.630000 0.000000 1
5421.290000 0.000000 1
5422.950000 0.000000 1
5424.610000 0.000000 1
5426.270000 0.000000 1
5427.930000 0.000000 1
5429.590000 0.000000 1
5431.250000 0.000000 1
5432.910000 0.000000 1
5434.570000 0.000000 1
5436.230000 0.000000 1
5437.890000 0.000000 1
5439.550000 0.000000 1
5441.210000 0.000000 1
5442.870000 0.000000 1
5444.530000 0.000000 1
5446.190000 0.000000 1
5447.850000 0.000000 1
5449.510000 0.000000 1
5451.170000 0.000000 1
5452.830000 0.000000 1
5454.490000 0.000000 1
5456.150000 0.000000 1
5457.810000 0.000000 1
5459.470000 0.000000 1
5461.130000 0.000000 1
5462.790000 0.000000 1
5464.450000 0.000000 1
5466.110000 0.000000 1
5467.770000 0.000000 1
5469.430000 0.000000 1
5471.090000 0.000000 1
5472.750000 0.000000 1
5474.410000 0.000000 1
5476.070000 0.000000 1
5477.730000 0.000000 1
5479.390000 0.000000 1
5481.050000 0.000000 1
5482.710000 0.000000 1
5484.370000 0.000000 1
5486.030000 0.000000 1
5487.690000 0.000000 1
5489.350000 0.000000 1
5491.010000 0.000000 1
5492.670000 0.000000 1
5494.330000 0.000000 1
5495.990000 0.000000 1
5497.650000 0.000000 1
5499.310000 0.000000 1
5500.970000 0.000000 1
5502.630000 0.000000 1
5504.290000 0.000000 1
5505.950000 0.000000 1
5507.610000 0.000000 1
5509.270000 0.000000 1
5510.930000 0.000000 1
5512.590000 0.000000 1
5514.250000 0.000000 1
5515.910000 0.000000 1
5517.570000 0.000000 1
5519.230000 0.000000 1
5520.890000 0.000000 1
5522.550000 0.000000 1
5524.210000 0.000000 1
5525.870000 0.000000 1
5527.530000 0.000000 1
5529.190000 0.000000 1
5530.850000 0.000000 1
5532.510000 0.000000 1
5534.170000 0.000000 1
5535.830000 0.000000 1
5537.490000 0.000000 1
5539.150000 0.000000 1
5540.810000 0.000000 1
5542.470000 0.000000 1
5544.130000 0.000000 1
5545.790000 0.000000 1
5547.450000 0.000000 1
5549.110000 0.000000 1
5550.770000 0.000000 1
5552.430000 0.000000 1
5554.090000 0.000000 1
5555.750000 0.000000 1
5557.410000 0.000000 1
5559.070000 0.000000 1
5560.730000 0.000000 1
5562.390000 0.000000 1
5564.050000 0.000000 1
5565.710000 0.000000 1
5567.370000 0.000000 1
5569.030000 0.000000 1
5570.690000 0.000000 1
5572.350000 0.000000 1
5574.010000 0.000000 1
5575.670000 0.000000 1
5577.330000 0.000000 1
5578.990000 0.000000 1
5580.650000 0.000000 1
5582.310000 0.000000 1
5583.970000 0.000000 1
5585.630000 0.000000 1
5587.290000 0.000000 1
5588.950000 0.000000 1
5590.610000 0.000000 1
5592.270000 0.000000 1
5593.930000 0.000000 1
5595.590000 0.000000 1
5597.250000 0.000000 1
5598.910000 0.000000 1
5600.570000 0.000000 1
5602.230000 0.000000 1
5603.890000 0.000000 1
5605.550000 0.000000 1
5607.210000 0.000000 1
5608.870000 0.000000 1
5610.530000 0.000000 1
5612.190000 0.000000 1
5613.850000 0.000000 1
5615.510000 0.000000 1
5617.170000 0.000000 1
5618.830000 0.000000 1
5620.490000 0.000000 1
5622.150000 0.000000 1
5623.810000 0.000000 1
5625.470000 0.000000 1
5627.130000 0.000000 1
5628.790000 0.000000 1
5630.450000 0.000000 1
5632.110000 0.000000 1
5633.770000 0.000000 1
5635.430000 0.000000 1
5637.090000 0.000000 1
5638.750000 0.000000 1
5640.410000 0.000000 1
5642.070000 0.000000 1
5643.730000 0.000000 1
5645.390000 0.000000 1
5647.050000 0.000000 1
5648.710000 0.000000 1
5650.370000 0.000000 1
5652.030000 0.000000 1
5653.690000 0.000000 1
5655.350000 0.000000 1
5657.010000 0.000000 1
5658.670000 0.000000 1
5660.330000 0.000000 1
5661.990000 0.000000 1
5663.650000 0.000000 1
5665.310000 0.000000 1
5666.970000 0.000000 1
5668.630000 0.000000 1
5670.290000 0.000000 1
5671.950000 0.000000 1
5673.610000 0.000000 1
5675.270000 0.000000 1
5676.930000 0.000000 1
5678.590000 0.000000 1
5680.250000 0.000000 1
5681.910000 0.000000 1
5683.570000 0.000000 1
5685.230000 0.000000 1
5686.890000 0.000000 1
5688.550000 0.000000 1
5690.210000 0.000000 1
5691.870000 0.000000 1
5693.530000 0.000000 1
5695.190000 0.000000 1
5696.850000 0.000000 1
5698.510000 0.000000 1
5700.170000 0.000000 1
5701.830000 0.000000 1
5703.490000 0.000000 1
5705.150000 0.000000 1
5706.810000 0.000000 1
5708.470000 0.000000 1
5710.130000 0.000000 1
5711.790000 0.000000 1
5713.450000 0.000000 1
5715.110000 0.000000 1
5716.770000 0.000000 1
5718.430000 0.000000 1
5720.090000 0.000000 1
5721.750000 0.025349 0
5723.410000 0.050320 0
5725.070000 0.044584 0
5726.730000 0.038001 0
5728.390000 0.032564 0
5730.050000 0.041190 0
5731.710000 0.030763 0
5733.370000 0.013192 0
5735.030000 0.025328 0
5736.690000 0.023776 0
5738.350000 0.006206 0
5740.010000 0.017214 0
5741.670000 0.013550 0
5743.330000 0.001836 0
5744.990000 0.024940 0
5746.650000 0.011051 0
5748.310000 0.020848 0
5749.970000 0.035794 0
5751.630000 0.029787 0
5753.290000 0.027235 0
5754.950000 0.033797 0
5756.610000 0.039398 0
5758.270000 0.037271 0
5759.930000 0.046845 0
5761.590000 0.043136 0
5763.250000 0.054667 0
5764.910000 0.048508 0
5766.570000 0.019952 0
5768.230000 0.071416 0
5769.890000 0.067235 0
5771.550000 0.058495 0
5773.210000 0.044317 0
5774.870000 0.035385 0
5776.530000 0.046617 0
5778.190000 0.070663 0
5779.850000 0.041012 0
5781.510000 0.054602 0
5783.170000 0.058420 0
5784.830000 0.055457 0
5786.490000 0.057250 0
5788.150000 0.038750 0
5789.810000 0.047792 0
5791.470000 0.073419 0
5793.130000 0.062937 0
5794.790000 0.047968 0
5796.450000 0.065583 0
5798.110000 0.043390 0
5799.770000 0.052830 0
5801.430000 0.046838 0
5803.090000 0.047292 0
5804.750000 0.064102 0
5806.410000 0.071751 0
5808.070000 0.064339 0
5809.730000 0.063980 0
5811.390000 0.079467 0
5813.050000 0.065029 0
5814.710000 0.062154 0
5816.370000 0.072168 0
5818.030000 0.062389 0
5819.690000 0.046366 0
5821.350000 0.047557 0
5823.010000 0.043626 0
5824.670000 0.052130 0
5826.330000 0.055138 0
5827.990000 0.060475 0
5829.650000 0.072748 0
5831.310000 0.063858 0
5832.970000 0.051387 0
5834.630000 0.044721 0
5836.290000 0.032282 0
5837.950000 0.056775 0
5839.610000 0.026795 0
5841.270000 0.033342 0
5842.930000 0.037298 0
5844.590000 0.039216 0
5846.250000 0.041702 0
5847.910000 0.061052 0
5849.570000 0.049579 0
5851.230000 0.056645 0
5852.890000 0.063575 0
5854.550000 0.048365 0
5856.210000 0.065377 0
5857.870000 0.058227 0
5859.530000 0.058346 0
5861.190000 0.063331 0
5862.850000 0.045491 0
5864.510000 0.032904 0
5866.170000 0.068762 0
5867.830000 0.039810 0
5869.490000 0.063808 0
5871.150000 0.060302 0
5872.810000 0.073994 0
5874.470000 0.074334 0
5876.130000 0.055416 0
5877.790000 0.053514 0
5879.450000 0.067155 0
5881.110000 0.038066 0
5882.770000 0.027719 0
5884.430000 0.057057 0
5886.090000 0.055020 0
5887.750000 0.037035 0
5889.410000 0.026210 0
5891.070000 0.032084 0
5892.730000 0.068589 0
5894.390000 0.058247 0
5896.050000 0.050888 0
5897.710000 0.052601 0
5899.370000 0.048793 0
5901.030000 0.054590 0
5902.690000 0.038703 0
5904.350000 0.057696 0
5906.010000 0.054237 0
5907.670000 0.073489 0
5909.330000 0.068412 0
5910.990000 0.046123 0
5912.650000 0.059762 0
5914.310000 0.047638 0
5915.970000 0.055878 0
5917.630000 0.038001 0
5919.290000 0.069117 0
5920.950000 0.047322 0
5922.610000 0.078792 0
5924.270000 0.068920 0
5925.930000 0.065776 0
5927.590000 0.049436 0
5929.250000 0.040768 0
5930.910000 0.025189 0
5932.570000 0.050398 0
5934.230000 0.046571 0
5935.890000 0.045499 0
5937.550000 0.048291 0
5939.210000 0.050879 0
5940.870000 0.049459 0
5942.530000 0.061191 0
5944.190000 0.046682 0
5945.850000 0.063383 0
5947.510000 0.078533 0
5949.170000 0.059587 0
5950.830000 0.058397 0
5952.490000 0.057408 0
5954.150000 0.052194 0
5955.810000 0.054505 0
5957.470000 0.066553 0
5959.130000 0.054598 0
5960.790000 0.060422 0
5962.450000 0.055800 0
5964.110000 0.054307 0
5965.770000 0.042028 0
5967.430000 0.049453 0
5969.090000 0.067959 0
5970.750000 0.058153 0
5972.410000 0.059395 0
5974.070000 0.067594 0
5975.730000 0.058582 0
5977.390000 0.050206 0
5979.050000 0.042230 0
5980.710000 0.060049 0
5982.370000 0.056832 0
5984.030000 0.052996 0
5985.690000 0.047446 0
5987.350000 0.058688 0
5989.010000 0.066511 0
5990.670000 0.069052 0
5992.330000 0.060180 0
5993.990000 0.039352 0
5995.650000 0.042730 0
5997.310000 0.061931 0
5998.970000 0.085599 0
6000.630000 0.059929 0
6002.290000 0.059203 0
6003.950000 0.041738 0
6005.610000 0.054003 0
6007.270000 0.035828 0
6008.930000 0.040395 0
6010.590000 0.061500 0
6012.250000 0.052511 0
6013.910000 0.044960 0
6015.570000 0.047180 0
6017.230000 0.059194 0
6018.890000 0.052677 0
6020.550000 0.044735 0
6022.210000 0.068679 0
6023.870000 0.060688 0
6025.530000 0.056597 0
6027.190000 0.061508 0
6028.850000 0.045641 0
6030.510000 0.061757 0
6032.170000 0.043365 0
6033.830000 0.074940 0
6035.490000 0.058448 0
6037.150000 0.045498 0
6038.810000 0.041197 0
6040.470000 0.053164 0
6042.130000 0.061934 0
6043.790000 0.050955 0
6045.450000 0.049003 0
6047.110000 0.073784 0
6048.770000 0.079027 0
6050.430000 0.055596 0
6052.090000 0.047782 0
6053.750000 0.048344 0
6055.410000 0.050662 0
6057.070000 0.039488 0
6058.730000 0.045807 0
6060.390000 0.071073 0
6062.050000 0.073990 0
6063.710000 0.062026 0
6065.370000 0.045928 0
6067.030000 0.054486 0
6068.690000 0.059346 0
6070.350000 0.046329 0
6072.010000 0.066136 0
6073.670000 0.052907 0
6075.330000 0.028150 0
6076.990000 0.045048 0
6078.650000 0.052345 0
6080.310000 0.049063 0
6081.970000 0.042511 0
6083.630000 0.054523 0
6085.290000 0.066844 0
6086.950000 0.066729 0
6088.610000 0.069644 0
6090.270000 0.073705 0
6091.930000 0.072436 0
6093.590000 0.062507 0
6095.250000 0.062060 0
6096.910000 0.060466 0
6098.570000 0.056526 0
6100.230000 0.055416 0
6101.890000 0.072492 0
6103.550000 0.063052 0
6105.210000 0.062903 0
6106.870000 0.063695 0
6108.530000 0.069444 0
6110.190000 0.064563 0
6111.850000 0.051710 0
6113.510000 0.054060 0
6115.170000 0.061067 0
6116.830000 0.054135 0
6118.490000 0.057314 0
6120.150000 0.049676 0
6121.810000 0.062562 0
6123.470000 0.053524 0
6125.130000 0.061503 0
6126.790000 0.054596 0
6128.450000 0.054744 0
6130.110000 0.062801 0
6131.770000 0.067649 0
6133.430000 0.079087 0
6135.090000 0.074561 0
6136.750000 0.076253 0
6138.410000 0.075116 0
6140.070000 0.070169 0
6141.730000 0.076674 0
6143.390000 0.068432 0
6145.050000 0.064664 0
6146.710000 0.080165 0
6148.370000 0.065630 0
6150.030000 0.055382 0
6151.690000 0.078824 0
6153.350000 0.049788 0
6155.010000 0.064759 0
6156.670000 0.076082 0
6158.330000 0.057103 0
6159.990000 0.050329 0
6161.650000 0.063337 0
6163.310000 0.065430 0
6164.970000 0.069479 0
6166.630000 0.069693 0
6168.290000 0.074763 0
6169.950000 0.070874 0
6171.610000 0.067632 0
6173.270000 0.056614 0
6174.930000 0.058110 0
6176.590000 0.059517 0
6178.250000 0.066305 0
6179.910000 0.069514 0
6181.570000 0.057775 0
6183.230000 0.063625 0
6184.890000 0.072589 0
6186.550000 0.070692 0
6188.210000 0.066171 0
6189.870000 0.047875 0
6191.530000 0.053849 0
6193.190000 0.052092 0
6194.850000 0.075493 0
6196.510000 0.080351 0
6198.170000 0.050420 0
6199.830000 0.062177 0
6201.490000 0.073534 0
6203.150000 0.064408 0
6204.810000 0.069052 0
6206.470000 0.052816 0
6208.130000 0.064360 0
6209.790000 0.064344 0
6211.450000 0.064643 0
6213.110000 0.054248 0
6214.770000 0.066751 0
6216.430000 0.057133 0
6218.090000 0.059705 0
6219.750000 0.056888 0
6221.410000 0.045003 0
6223.070000 0.051291 0
6224.730000 0.050412 0
6226.390000 0.053788 0
6228.050000 0.047658 0
6229.710000 0.049969 0
6231.370000 0.038327 0
6233.030000 0.037787 0
6234.690000 0.053325 0
6236.350000 0.047659 0
6238.010000 0.049192 0
6239.670000 0.039435 0
6241.330000 0.061720 0
6242.990000 0.062154 0
6244.650000 0.066270 0
6246.310000 0.069680 0
6247.970000 0.072808 0
6249.630000 0.072574 0
6251.290000 0.068639 0
6252.950000 0.067793 0
6254.610000 0.065878 0
6256.270000 0.075822 0
6257.930000 0.073301 0
6259.590000 0.060179 0
6261.250000 0.075654 0
6262.910000 0.074273 0
6264.570000 0.080356 0
6266.230000 0.067373 0
6267.890000 0.085679 0
6269.550000 0.074436 0
6271.210000 0.088378 0
6272.870000 0.079473 0
6274.530000 0.087308 0
6276.190000 0.078412 0
6277.850000 0.066117 0
6279.510000 0.084695 0
6281.170000 0.057680 0
6282.830000 0.062998 0
6284.490000 0.068396 0
6286.150000 0.070864 0
6287.810000 0.076374 0
6289.470000 0.061810 0
6291.130000 0.074035 0
6292.790000 0.084492 0
6294.450000 0.066811 0
6296.110000 0.075282 0
6297.770000 0.093462 0
6299.430000 0.068636 0
6301.090000 0.056256 0
6302.750000 0.046138 0
6304.410000 0.075092 0
6306.070000 0.058463 0
6307.730000 0.085337 0
6309.390000 0.074820 0
6311.050000 0.076890 0
6312.710000 0.063440 0
6314.370000 0.085209 0
6316.030000 0.072944 0
6317.690000 0.078263 0
6319.350000 0.083413 0
6321.010000 0.085670 0
6322.670000 0.090280 0
6324.330000 0.072350 0
6325.990000 0.072403 0
6327.650000 0.076187 0
6329.310000 0.083135 0
6330.970000 0.079480 0
6332.630000 0.057833 0
6334.290000 0.079764 0
6335.950000 0.085830 0
6337.610000 0.077039 0
6339.270000 0.071218 0
6340.930000 0.061620 0
6342.590000 0.062232 0
6344.250000 0.053579 0
6345.910000 0.057987 0
6347.570000 0.064614 0
6349.230000 0.063050 0
6350.890000 0.061102 0
6352.550000 0.063768 0
6354.210000 0.077131 0
6355.870000 0.066474 0
6357.530000 0.059381 0
6359.190000 0.064868 0
6360.850000 0.073609 0
6362.510000 0.075621 0
6364.170000 0.073057 0
6365.830000 0.096705 0
6367.490000 0.058206 0
6369.150000 0.080247 0
6370.810000 0.077465 0
6372.470000 0.075205 0
6374.130000 0.066912 0
6375.790000 0.064233 0
6377.450000 0.073282 0
6379.110000 0.066642 0
6380.770000 0.065503 0
6382.430000 0.065302 0
6384.090000 0.069041 0
6385.750000 0.074572 0
6387.410000 0.075023 0
6389.070000 0.076007 0
6390.730000 0.079262 0
6392.390000 0.074336 0
6394.050000 0.073606 0
6395.710000 0.094088 0
6397.370000 0.080141 0
6399.030000 0.071150 0
6400.690000 0.069453 0
6402.350000 0.084908 0
6404.010000 0.080697 0
6405.670000 0.095594 0
6407.330000 0.068951 0
6408.990000 0.084151 0
6410.650000 0.087645 0
6412.310000 0.079696 0
6413.970000 0.071431 0
6415.630000 0.086193 0
6417.290000 0.070635 0
6418.950000 0.082584 0
6420.610000 0.071816 0
6422.270000 0.060675 0
6423.930000 0.078264 0
6425.590000 0.076600 0
6427.250000 0.075472 0
6428.910000 0.076117 0
6430.570000 0.075579 0
6432.230000 0.094047 0
6433.890000 0.076548 0
6435.550000 0.092076 0
6437.210000 0.082570 0
6438.870000 0.083279 0
6440.530000 0.075922 0
6442.190000 0.083406 0
6443.850000 0.087446 0
6445.510000 0.080671 0
6447.170000 0.069671 0
6448.830000 0.083861 0
6450.490000 0.073968 0
6452.150000 0.069359 0
6453.810000 0.091872 0
6455.470000 0.081809 0
6457.130000 0.077117 0
6458.790000 0.090997 0
6460.450000 0.081854 0
6462.110000 0.063260 0
6463.770000 0.078754 0
6465.430000 0.077429 0
6467.090000 0.088616 0
6468.750000 0.087075 0
6470.410000 0.084268 0
6472.070000 0.083175 0
6473.730000 0.091142 0
6475.390000 0.095757 0
6477.050000 0.083700 0
6478.710000 0.092289 0
6480.370000 0.092638 0
6482.030000 0.083245 0
6483.690000 0.099301 0
6485.350000 0.081619 0
6487.010000 0.096468 0
6488.670000 0.098629 0
6490.330000 0.094585 0
6491.990000 0.094729 0
6493.650000 0.085713 0
6495.310000 0.099446 0
6496.970000 0.098974 0
6498.630000 0.064246 0
6500.290000 0.092612 0
6501.950000 0.096269 0
6503.610000 0.073572 0
6505.270000 0.087427 0
6506.930000 0.088318 0
6508.590000 0.084425 0
6510.250000 0.085501 0
6511.910000 0.089122 0
6513.570000 0.077655 0
6515.230000 0.097657 0
6516.890000 0.091881 0
6518.550000 0.090360 0
6520.210000 0.093891 0
6521.870000 0.102698 0
6523.530000 0.094032 0
6525.190000 0.088067 0
6526.850000 0.093090 0
6528.510000 0.082290 0
6530.170000 0.090857 0
6531.830000 0.100725 0
6533.490000 0.105924 0
6535.150000 0.098273 0
6536.810000 0.088848 0
6538.470000 0.087483 0
6540.130000 0.087527 0
6541.790000 0.093683 0
6543.450000 0.082013 0
6545.110000 0.093187 0
6546.770000 0.096059 0
6548.430000 0.089082 0
6550.090000 0.101946 0
6551.750000 0.090831 0
6553.410000 0.099686 0
6555.070000 0.082633 0
6556.730000 0.082094 0
6558.390000 0.078184 0
6560.050000 0.087727 0
6561.710000 0.081751 0
6563.370000 0.092503 0
6565.030000 0.086747 0
6566.690000 0.074714 0
6568.350000 0.076774 0
6570.010000 0.098841 0
6571.670000 0.096634 0
6573.330000 0.084198 0
6574.990000 0.085931 0
6576.650000 0.080166 0
6578.310000 0.090189 0
6579.970000 0.102634 0
6581.630000 0.098879 0
6583.290000 0.089531 0
6584.950000 0.089971 0
6586.610000 0.082399 0
6588.270000 0.099324 0
6589.930000 0.095972 0
6591.590000 0.096355 0
6593.250000 0.083471 0
6594.910000 0.096005 0
6596.570000 0.093617 0
6598.230000 0.094404 0
6599.890000 0.089090 0
6601.550000 0.086199 0
6603.210000 0.102566 0
6604.870000 0.108654 0
6606.530000 0.100581 0
6608.190000 0.094860 0
6609.850000 0.091458 0
6611.510000 0.094637 0
6613.170000 0.090395 0
6614.830000 0.089050 0
6616.490000 0.087637 0
6618.150000 0.092406 0
6619.810000 0.085638 0
6621.470000 0.087068 0
6623.130000 0.085408 0
6624.790000 0.104370 0
6626.450000 0.088132 0
6628.110000 0.102277 0
6629.770000 0.099170 0
6631.430000 0.096296 0
6633.090000 0.084827 0
6634.750000 0.105367 0
6636.410000 0.095147 0
6638.070000 0.091827 0
6639.730000 0.093812 0
6641.390000 0.100088 0
6643.050000 0.079129 0
6644.710000 0.080531 0
6646.370000 0.092701 0
6648.030000 0.097274 0
6649.690000 0.084966 0
6651.350000 0.093678 0
6653.010000 0.089574 0
6654.670000 0.097773 0
6656.330000 0.090359 0
6657.990000 0.090527 0
6659.650000 0.085922 0
6661.310000 0.084802 0
6662.970000 0.105755 0
6664.630000 0.102151 0
6666.290000 0.075689 0
6667.950000 0.100347 0
6669.610000 0.097488 0
6671.270000 0.111661 0
6672.930000 0.115899 0
6674.590000 0.105933 0
6676.250000 0.090140 0
6677.910000 0.097093 0
6679.570000 0.087240 0
6681.230000 0.100878 0
6682.890000 0.101762 0
6684.550000 0.100042 0
6686.210000 0.110772 0
6687.870000 0.098572 0
6689.530000 0.097088 0
6691.190000 0.104160 0
6692.850000 0.111402 0
6694.510000 0.101709 0
6696.170000 0.109354 0
6697.830000 0.109259 0
6699.490000 0.082854 0
6701.150000 0.106848 0
6702.810000 0.108659 0
6704.470000 0.103333 0
6706.130000 0.094772 0
6707.790000 0.103010 0
6709.450000 0.111358 0
6711.110000 0.101006 0
6712.770000 0.085699 0
6714.430000 0.096934 0
6716.090000 0.113862 0
6717.750000 0.102230 0
6719.410000 0.090643 0
6721.070000 0.090205 0
6722.730000 0.090772 0
6724.390000 0.089318 0
6726.050000 0.099428 0
6727.710000 0.094834 0
6729.370000 0.094964 0
6731.030000 0.093470 0
6732.690000 0.088157 0
6734.350000 0.095709 0
6736.010000 0.093941 0
6737.670000 0.105184 0
6739.330000 0.097060 0
6740.990000 0.090540 0
6742.650000 0.097065 0
6744.310000 0.106729 0
6745.970000 0.093693 0
6747.630000 0.102254 0
6749.290000 0.102337 0
6750.950000 0.106628 0
6752.610000 0.094719 0
6754.270000 0.093754 0
6755.930000 0.094441 0
6757.590000 0.075059 0
6759.250000 0.090913 0
6760.910000 0.086855 0
6762.570000 0.086254 0
6764.230000 0.080821 0
6765.890000 0.099242 0
6767.550000 0.091382 0
6769.210000 0.097685 0
6770.870000 0.093732 0
6772.530000 0.094462 0
6774.190000 0.096888 0
6775.850000 0.083580 0
6777.510000 0.092036 0
6779.170000 0.091745 0
6780.830000 0.093253 0
6782.490000 0.096469 0
6784.150000 0.096619 0
6785.810000 0.093354 0
6787.470000 0.091730 0
6789.130000 0.085157 0
6790.790000 0.079342 0
6792.450000 0.094332 0
6794.110000 0.095273 0
6795.770000 0.092563 0
6797.430000 0.096027 0
6799.090000 0.081150 0
6800.750000 0.088221 0
6802.410000 0.087507 0
6804.070000 0.098581 0
6805.730000 0.099732 0
6807.390000 0.077502 0
6809.050000 0.090153 0
6810.710000 0.093274 0
6812.370000 0.081006 0
6814.030000 0.101505 0
6815.690000 0.106280 0
6817.350000 0.094683 0
6819.010000 0.099329 0
6820.670000 0.102525 0
6822.330000 0.101641 0
6823.990000 0.096034 0
6825.650000 0.113491 0
6827.310000 0.104081 0
6828.970000 0.093823 0
6830.630000 0.127986 0
6832.290000 0.106946 0
6833.950000 0.106245 0
6835.610000 0.106196 0
6837.270000 0.111119 0
6838.930000 0.106785 0
6840.590000 0.107046 0
6842.250000 0.102698 0
6843.910000 0.104722 0
6845.570000 0.102369 0
6847.230000 0.098140 0
6848.890000 0.090955 0
6850.550000 0.097853 0
6852.210000 0.091782 0
6853.870000 0.095871 0
6855.530000 0.091813 0
6857.190000 0.086613 0
6858.850000 0.106005 0
6860.510000 0.113050 0
6862.170000 0.110218 0
6863.830000 0.116474 0
6865.490000 0.129604 0
6867.150000 0.083253 0
6868.810000 0.086904 0
6870.470000 0.082258 0
6872.130000 0.073427 0
6873.790000 0.086651 0
6875.450000 0.079455 0
6877.110000 0.077915 0
6878.770000 0.098881 0
6880.430000 0.095981 0
6882.090000 0.099212 0
6883.750000 0.083011 0
6885.410000 0.097684 0
6887.070000 0.101596 0
6888.730000 0.087904 0
6890.390000 0.077009 0
6892.050000 0.079697 0
6893.710000 0.084572 0
6895.370000 0.086459 0
6897.030000 0.086759 0
6898.690000 0.088685 0
6900.350000 0.083224 0
6902.010000 0.084918 0
6903.670000 0.102852 0
6905.330000 0.087913 0
6906.990000 0.096863 0
6908.650000 0.096128 0
6910.310000 0.108813 0
6911.970000 0.100990 0
6913.630000 0.092843 0
6915.290000 0.104671 0
6916.950000 0.096171 0
6918.610000 0.090860 0
6920.270000 0.099643 0
6921.930000 0.110789 0
6923.590000 0.112182 0
6925.250000 0.112393 0
6926.910000 0.104742 0
6928.570000 0.089306 0
6930.230000 0.094484 0
6931.890000 0.100880 0
6933.550000 0.108813 0
6935.210000 0.100308 0
6936.870000 0.094940 0
6938.530000 0.103644 0
6940.190000 0.106120 0
6941.850000 0.105827 0
6943.510000 0.117030 0
6945.170000 0.109699 0
6946.830000 0.115189 0
6948.490000 0.093342 0
6950.150000 0.099174 0
6951.810000 0.106568 0
6953.470000 0.102620 0
6955.130000 0.099404 0
6956.790000 0.104931 0
6958.450000 0.099760 0
6960.110000 0.107615 0
6961.770000 0.093220 0
6963.430000 0.110318 0
6965.090000 0.102382 0
6966.750000 0.102687 0
6968.410000 0.106835 0
6970.070000 0.091613 0
6971.730000 0.121948 0
6973.390000 0.110427 0
6975.050000 0.116386 0
6976.710000 0.117293 0
6978.370000 0.108342 0
6980.030000 0.119801 0
6981.690000 0.095446 0
6983.350000 0.101426 0
6985.010000 0.116295 0
6986.670000 0.113763 0
6988.330000 0.105538 0
6989.990000 0.102208 0
6991.650000 0.097538 0
6993.310000 0.110760 0
6994.970000 0.100821 0
6996.630000 0.110821 0
6998.290000 0.093973 0
6999.950000 0.087668 0
7001.610000 0.090921 0
7003.270000 0.103008 0
7004.930000 0.111602 0
7006.590000 0.114861 0
7008.250000 0.101414 0
7009.910000 0.102722 0
7011.570000 0.082086 0
7013.230000 0.110983 0
7014.890000 0.111331 0
7016.550000 0.094931 0
7018.210000 0.101372 0
7019.870000 0.104307 0
7021.530000 0.096837 0
7023.190000 0.094906 0
7024.850000 0.096867 0
7026.510000 0.109671 0
7028.170000 0.104613 0
7029.830000 0.105564 0
7031.490000 0.089859 0
7033.150000 0.089764 0
7034.810000 0.087061 0
7036.470000 0.093272 0
7038.130000 0.093754 0
7039.790000 0.088876 0
7041.450000 0.090897 0
7043.110000 0.087472 0
7044.770000 0.097320 0
7046.430000 0.091058 0
7048.090000 0.082425 0
7049.750000 0.077833 0
7051.410000 0.091565 0
7053.070000 0.094520 0
7054.730000 0.098910 0
7056.390000 0.096515 0
7058.050000 0.104719 0
7059.710000 0.094388 0
7061.370000 0.110786 0
7063.030000 0.111489 0
7064.690000 0.110265 0
7066.350000 0.108730 0
7068.010000 0.094201 0
7069.670000 0.103742 0
7071.330000 0.101790 0
7072.990000 0.094988 0
7074.650000 0.105620 0
7076.310000 0.100850 0
7077.970000 0.096991 0
7079.630000 0.106413 0
7081.290000 0.095283 0
7082.950000 0.103211 0
7084.610000 0.115380 0
7086.270000 0.109240 0
7087.930000 0.102710 0
7089.590000 0.108929 0
7091.250000 0.112863 0
7092.910000 0.096979 0
7094.570000 0.093994 0
7096.230000 0.111772 0
7097.890000 0.096684 0
7099.550000 0.116373 0
7101.210000 0.120653 0
7102.870000 0.096160 0
7104.530000 0.091148 0
7106.190000 0.099537 0
7107.850000 0.108547 0
7109.510000 0.096301 0
7111.170000 0.114499 0
7112.830000 0.109754 0
7114.490000 0.104173 0
7116.150000 0.095684 0
7117.810000 0.098128 0
7119.470000 0.105269 0
7121.130000 0.109572 0
7122.790000 0.084846 0
7124.450000 0.105117 0
7126.110000 0.114420 0
7127.770000 0.094443 0
7129.430000 0.115944 0
7131.090000 0.098017 0
7132.750000 0.101910 0
7134.410000 0.089729 0
7136.070000 0.109902 0
7137.730000 0.111995 0
7139.390000 0.120287 0
7141.050000 0.109837 0
7142.710000 0.110870 0
7144.370000 0.115344 0
7146.030000 0.095093 0
7147.690000 0.093055 0
7149.350000 0.108187 0
7151.010000 0.113555 0
7152.670000 0.112933 0
7154.330000 0.107817 0
7155.990000 0.125365 0
7157.650000 0.129519 0
7159.310000 0.119711 0
7160.970000 0.119262 0
7162.630000 0.109901 0
7164.290000 0.120295 0
7165.950000 0.105687 0
7167.610000 0.103113 0
7169.270000 0.117608 0
7170.930000 0.103764 0
7172.590000 0.091309 0
7174.250000 0.096218 0
7175.910000 0.104876 0
7177.570000 0.102339 0
7179.230000 0.102418 0
7180.890000 0.107009 0
7182.550000 0.108729 0
7184.210000 0.103766 0
7185.870000 0.103634 0
7187.530000 0.099491 0
7189.190000 0.103649 0
7190.850000 0.103090 0
7192.510000 0.108628 0
7194.170000 0.112636 0
7195.830000 0.111010 0
7197.490000 0.106369 0
7199.150000 0.113370 0
7200.810000 0.105832 0
7202.470000 0.099668 0
7204.130000 0.094151 0
7205.790000 0.091278 0
7207.450000 0.093962 0
7209.110000 0.105921 0
7210.770000 0.091232 0
7212.430000 0.093114 0
7214.090000 0.100202 0
7215.750000 0.097126 0
7217.410000 0.093654 0
7219.070000 0.097881 0
7220.730000 0.094476 0
7222.390000 0.095537 0
7224.050000 0.103319 0
7225.710000 0.102265 0
7227.370000 0.101586 0
7229.030000 0.105379 0
7230.690000 0.105613 0
7232.350000 0.093026 0
7234.010000 0.099926 0
7235.670000 0.084093 0
7237.330000 0.103680 0
7238.990000 0.090752 0
7240.650000 0.092834 0
7242.310000 0.101602 0
7243.970000 0.103543 0
7245.630000 0.107397 0
7247.290000 0.100468 0
7248.950000 0.092533 0
7250.610000 0.104371 0
7252.270000 0.099945 0
7253.930000 0.091838 0
7255.590000 0.098657 0
7257.250000 0.088304 0
7258.910000 0.081258 0
7260.570000 0.085267 0
7262.230000 0.090044 0
7263.890000 0.091886 0
7265.550000 0.103172 0
7267.210000 0.090165 0
7268.870000 0.091730 0
7270.530000 0.102449 0
7272.190000 0.100427 0
7273.850000 0.118981 0
7275.510000 0.113616 0
7277.170000 0.119806 0
7278.830000 0.122306 0
7280.490000 0.102777 0
7282.150000 0.113526 0
7283.810000 0.112114 0
7285.470000 0.105599 0
7287.130000 0.103579 0
7288.790000 0.099297 0
7290.450000 0.097396 0
7292.110000 0.096789 0
7293.770000 0.101366 0
7295.430000 0.099946 0
7297.090000 0.109298 0
7298.750000 0.096350 0
7300.410000 0.099296 0
7302.070000 0.107076 0
7303.730000 0.101018 0
7305.390000 0.107940 0
7307.050000 0.108511 0
7308.710000 0.098867 0
7310.370000 0.092301 0
7312.030000 0.099291 0
7313.690000 0.097281 0
7315.350000 0.101911 0
7317.010000 0.112518 0
7318.670000 0.121922 0
7320.330000 0.129303 0
7321.990000 0.117346 0
7323.650000 0.107639 0
7325.310000 0.124487 0
7326.970000 0.110938 0
7328.630000 0.102393 0
7330.290000 0.126210 0
7331.950000 0.112848 0
7333.610000 0.108088 0
7335.270000 0.111425 0
7336.930000 0.099991 0
7338.590000 0.068720 0
7340.250000 0.108055 0
7341.910000 0.118808 0
7343.570000 0.103519 0
7345.230000 0.131906 0
7346.890000 0.110389 0
7348.550000 0.113596 0
7350.210000 0.117153 0
7351.870000 0.112025 0
7353.530000 0.094771 0
7355.190000 0.082874 0
7356.850000 0.092287 0
7358.510000 0.098675 0
7360.170000 0.103434 0
7361.830000 0.106032 0
7363.490000 0.091955 0
7365.150000 0.102683 0
7366.810000 0.120680 0
7368.470000 0.081102 0
7370.130000 0.099452 0
7371.790000 0.123410 0
7373.450000 0.118236 0
7375.110000 0.102642 0
7376.770000 0.108909 0
7378.430000 0.103081 0
7380.090000 0.112866 0
7381.750000 0.105268 0
7383.410000 0.111703 0
7385.070000 0.102250 0
7386.730000 0.105637 0
7388.390000 0.090786 0
7390.050000 0.092589 0
7391.710000 0.107136 0
7393.370000 0.097692 0
7395.030000 0.080891 0
7396.690000 0.103383 0
7398.350000 0.106505 0
7400.010000 0.102820 0
7401.670000 0.105384 0
7403.330000 0.126304 0
7404.990000 0.105183 0
7406.650000 0.107706 0
7408.310000 0.107027 0
7409.970000 0.109391 0
7411.630000 0.099385 0
7413.290000 0.104780 0
7414.950000 0.110853 0
7416.610000 0.108358 0
7418.270000 0.103959 0
7419.930000 0.095833 0
7421.590000 0.095581 0
7423.250000 0.102354 0
7424.910000 0.099063 0
7426.570000 0.096729 0
7428.230000 0.086750 0
7429.890000 0.086570 0
7431.550000 0.099576 0
7433.210000 0.115130 0
7434.870000 0.101199 0
7436.530000 0.103955 0
7438.190000 0.113129 0
7439.850000 0.111894 0
7441.510000 0.102388 0
7443.170000 0.109935 0
7444.830000 0.102242 0
7446.490000 0.106206 0
7448.150000 0.104355 0
7449.810000 0.099698 0
7451.470000 0.104102 0
7453.130000 0.100918 0
7454.790000 0.103412 0
7456.450000 0.096732 0
7458.110000 0.087384 0
7459.770000 0.104461 0
7461.430000 0.102258 0
7463.090000 0.103437 0
7464.750000 0.113043 0
7466.410000 0.120014 0
7468.070000 0.092319 0
7469.730000 0.110739 0
7471.390000 0.118505 0
7473.050000 0.092099 0
7474.710000 0.085378 0
7476.370000 0.094118 0
7478.030000 0.086061 0
7479.690000 0.096909 0
7481.350000 0.090594 0
7483.010000 0.087042 0
7484.670000 0.106602 0
7486.330000 0.106608 0
7487.990000 0.076549 0
7489.650000 0.100189 0
7491.310000 0.092061 0
7492.970000 0.099703 0
7494.630000 0.092525 0
7496.290000 0.083179 0
7497.950000 0.086644 0
7499.610000 0.082265 0
7501.270000 0.088381 0
7502.930000 0.104354 0
7504.590000 0.094349 0
7506.250000 0.095285 0
7507.910000 0.099038 0
7509.570000 0.100281 0
7511.230000 0.106843 0
7512.890000 0.101759 0
7514.550000 0.089632 0
7516.210000 0.099948 0
7517.870000 0.110548 0
7519.530000 0.113242 0
7521.190000 0.098931 0
7522.850000 0.134165 0
7524.510000 0.103162 0
7526.170000 0.113656 0
7527.830000 0.124524 0
7529.490000 0.115878 0
7531.150000 0.111621 0
7532.810000 0.120966 0
7534.470000 0.098731 0
7536.130000 0.100317 0
7537.790000 0.104790 0
7539.450000 0.112017 0
7541.110000 0.105499 0
7542.770000 0.114048 0
7544.430000 0.110580 0
7546.090000 0.103858 0
7547.750000 0.119336 0
7549.410000 0.111345 0
7551.070000 0.104073 0
7552.730000 0.115595 0
7554.390000 0.111345 0
7556.050000 0.120997 0
7557.710000 0.117007 0
7559.370000 0.118019 0
7561.030000 0.119095 0
7562.690000 0.103872 0
7564.350000 0.113556 0
7566.010000 0.106091 0
7567.670000 0.102832 0
7569.330000 0.119734 0
7570.990000 0.113235 0
7572.650000 0.115545 0
7574.310000 0.119834 0
7575.970000 0.115724 0
7577.630000 0.111797 0
7579.290000 0.126989 0
7580.950000 0.125022 0
7582.610000 0.119544 0
7584.270000 0.128458 0
7585.930000 0.124359 0
7587.590000 0.135299 0
7589.250000 0.129984 0
7590.910000 0.128046 0
7592.570000 0.151240 0
7594.230000 0.130261 0
7595.890000 0.138777 0
7597.550000 0.133310 0
7599.210000 0.113890 0
7600.870000 0.147062 0
7602.530000 0.144024 0
7604.190000 0.141081 0
7605.850000 0.126019 0
7607.510000 0.134444 0
7609.170000 0.133939 0
7610.830000 0.141219 0
7612.490000 0.123822 0
7614.150000 0.125757 0
7615.810000 0.091122 0
7617.470000 0.121534 0
7619.130000 0.123838 0
7620.790000 0.136821 0
7622.450000 0.105580 0
7624.110000 0.111707 0
7625.770000 0.077112 0
7627.430000 0.101030 0
7629.090000 0.093970 0
7630.750000 0.115033 0
7632.410000 0.129324 0
7634.070000 0.093593 0
7635.730000 0.128034 0
7637.390000 0.114688 0
7639.050000 0.135023 0
7640.710000 0.121323 0
7642.370000 0.103412 0
7644.030000 0.115331 0
7645.690000 0.135421 0
7647.350000 0.127945 0
7649.010000 0.127017 0
7650.670000 0.120293 0
7652.330000 0.117762 0
7653.990000 0.148795 0
7655.650000 0.126805 0
7657.310000 0.137519 0
7658.970000 0.146005 0
7660.630000 0.116788 0
7662.290000 0.144561 0
7663.950000 0.145974 0
7665.610000 0.137350 0
7667.270000 0.117345 0
7668.930000 0.128634 0
7670.590000 0.128542 0
7672.250000 0.120961 0
7673.910000 0.134121 0
7675.570000 0.130301 0
7677.230000 0.134926 0
7678.890000 0.116950 0
7680.550000 0.139385 0
7682.210000 0.142627 0
7683.870000 0.127973 0
7685.530000 0.140381 0
7687.190000 0.159757 0
7688.850000 0.138191 0
7690.510000 0.124041 0
7692.170000 0.126356 0
7693.830000 0.142810 0
7695.490000 0.138114 0
7697.150000 0.135305 0
7698.810000 0.144418 0
7700.470000 0.145863 0
7702.130000 0.129261 0
7703.790000 0.110891 0
7705.450000 0.135920 0
7707.110000 0.133980 0
7708.770000 0.123216 0
7710.430000 0.101978 0
7712.090000 0.120636 0
7713.750000 0.098433 0
7715.410000 0.126991 0
7717.070000 0.148201 0
7718.730000 0.154117 0
7720.390000 0.133160 0
7722.050000 0.144150 0
7723.710000 0.149010 0
7725.370000 0.128752 0
7727.030000 0.144457 0
7728.690000 0.147468 0
7730.350000 0.124414 0
7732.010000 0.126270 0
7733.670000 0.126856 0
7735.330000 0.122341 0
7736.990000 0.128588 0
7738.650000 0.133016 0
7740.310000 0.136432 0
7741.970000 0.131064 0
7743.630000 0.134710 0
7745.290000 0.131502 0
7746.950000 0.137572 0
7748.610000 0.153882 0
7750.270000 0.173864 0
7751.930000 0.186070 0
7753.590000 0.174791 0
7755.250000 0.137447 0
7756.910000 0.125558 0
7758.570000 0.153032 0
7760.230000 0.149464 0
7761.890000 0.150251 0
7763.550000 0.144611 0
7765.210000 0.137567 0
7766.870000 0.139607 0
7768.530000 0.136337 0
7770.190000 0.111720 0
7771.850000 0.124285 0
7773.510000 0.144312 0
7775.170000 0.138779 0
7776.830000 0.137942 0
7778.490000 0.114630 0
7780.150000 0.130259 0
7781.810000 0.143346 0
7783.470000 0.136425 0
7785.130000 0.141275 0
7786.790000 0.137185 0
7788.450000 0.139933 0
7790.110000 0.148459 0
7791.770000 0.097497 0
7793.430000 0.144514 0
7795.090000 0.151373 0
7796.750000 0.174043 0
7798.410000 0.146095 0
7800.070000 0.138130 0
7801.730000 0.133053 0
7803.390000 0.126819 0
7805.050000 0.122402 0
7806.710000 0.125259 0
7808.370000 0.146238 0
7810.030000 0.163733 0
7811.690000 0.149072 0
7813.350000 0.119848 0
7815.010000 0.124801 0
7816.670000 0.119665 0
7818.330000 0.113234 0
7819.990000 0.131424 0
7821.650000 0.114201 0
7823.310000 0.113299 0
7824.970000 0.150698 0
7826.630000 0.143363 0
7828.290000 0.144295 0
7829.950000 0.126108 0
7831.610000 0.123936 0
7833.270000 0.143317 0
7834.930000 0.132323 0
7836.590000 0.131789 0
7838.250000 0.116375 0
7839.910000 0.120529 0
7841.570000 0.137924 0
7843.230000 0.159641 0
7844.890000 0.153832 0
7846.550000 0.138802 0
7848.210000 0.139034 0
7849.870000 0.120524 0
7851.530000 0.120423 0
7853.190000 0.116753 0
7854.850000 0.163071 0
7856.510000 0.202627 0
7858.170000 0.121296 0
7859.830000 0.132527 0
7861.490000 0.138493 0
7863.150000 0.153818 0
7864.810000 0.124561 0
7866.470000 0.148485 0
7868.130000 0.120418 0
7869.790000 0.154353 0
7871.450000 0.144687 0
7873.110000 0.184018 0
7874.770000 0.135247 0
7876.430000 0.128643 0
7878.090000 0.123594 0
7879.750000 0.126299 0
7881.410000 0.169658 0
7883.070000 0.148229 0
7884.730000 0.143561 0
7886.390000 0.126144 0
7888.050000 0.126884 0
7889.710000 0.138833 0
7891.370000 0.151761 0
7893.030000 0.144071 0
7894.690000 0.139119 0
7896.350000 0.146417 0
7898.010000 0.138228 0
7899.670000 0.126068 0
7901.330000 0.119926 0
7902.990000 0.129233 0
7904.650000 0.126938 0
7906.310000 0.144788 0
7907.970000 0.128891 0
7909.630000 0.121759 0
7911.290000 0.097583 0
7912.950000 0.178082 0
7914.610000 0.172936 0
7916.270000 0.162688 0
7917.930000 0.134242 0
7919.590000 0.142463 0
7921.250000 0.157704 0
7922.910000 0.154607 0
7924.570000 0.164889 0
7926.230000 0.142320 0
7927.890000 0.131031 0
7929.550000 0.119723 0
7931.210000 0.139424 0
7932.870000 0.167725 0
7934.530000 0.152794 0
7936.190000 0.131139 0
7937.850000 0.143621 0
7939.510000 0.125173 0
7941.170000 0.137313 0
7942.830000 0.132078 0
7944.490000 0.139401 0
7946.150000 0.113911 0
7947.810000 0.131123 0
7949.470000 0.147181 0
7951.130000 0.157514 0
7952.790000 0.150696 0
7954.450000 0.140683 0
7956.110000 0.130754 0
7957.770000 0.134307 0
7959.430000 0.150605 0
7961.090000 0.107104 0
7962.750000 0.139747 0
7964.410000 0.133228 0
7966.070000 0.156343 0
7967.730000 0.147597 0
7969.390000 0.173418 0
7971.050000 0.153940 0
7972.710000 0.127493 0
7974.370000 0.127813 0
7976.030000 0.119031 0
7977.690000 0.109491 0
7979.350000 0.136989 0
7981.010000 0.142348 0
7982.670000 0.160150 0
7984.330000 0.130485 0
7985.990000 0.139974 0
7987.650000 0.131189 0
7989.310000 0.126394 0
7990.970000 0.116161 0
7992.630000 0.106187 0
7994.290000 0.120384 0
7995.950000 0.179272 0
7997.610000 0.152095 0
7999.270000 0.143953 0
8000.930000 0.152162 0
8002.590000 0.131148 0
8004.250000 0.126854 0
8005.910000 0.130770 0
8007.570000 0.138797 0
8009.230000 0.146557 0
8010.890000 0.136715 0
8012.550000 0.148975 0
8014.210000 0.145884 0
8015.870000 0.158070 0
8017.530000 0.156465 0
8019.190000 0.146031 0
8020.850000 0.134220 0
8022.510000 0.118031 0
8024.170000 0.175543 0
8025.830000 0.167118 0
8027.490000 0.189810 0
8029.150000 0.172556 0
8030.810000 0.156977 0
8032.470000 0.138946 0
8034.130000 0.148186 0
8035.790000 0.130654 0
8037.450000 0.143551 0
8039.110000 0.142925 0
8040.770000 0.167254 0
8042.430000 0.141673 0
8044.090000 0.123072 0
8045.750000 0.144916 0
8047.410000 0.132417 0
8049.070000 0.147728 0
8050.730000 0.147935 0
8052.390000 0.168147 0
8054.050000 0.144006 0
8055.710000 0.148317 0
8057.370000 0.129118 0
8059.030000 0.129822 0
8060.690000 0.116525 0
8062.350000 0.175842 0
8064.010000 0.170613 0
8065.670000 0.169768 0
8067.330000 0.148345 0
8068.990000 0.127458 0
8070.650000 0.149754 0
8072.310000 0.133475 0
8073.970000 0.124855 0
8075.630000 0.137728 0
8077.290000 0.125701 0
8078.950000 0.143835 0
8080.610000 0.118578 0
8082.270000 0.122429 0
8083.930000 0.148962 0
8085.590000 0.143667 0
8087.250000 0.143470 0
8088.910000 0.122421 0
8090.570000 0.125791 0
8092.230000 0.129930 0
8093.890000 0.139260 0
8095.550000 0.146091 0
8097.210000 0.136227 0
8098.870000 0.126524 0
8100.530000 0.120371 0
8102.190000 0.130201 0
8103.850000 0.129690 0
8105.510000 0.143129 0
8107.170000 0.144824 0
8108.830000 0.138366 0
8110.490000 0.136825 0
8112.150000 0.132523 0
8113.810000 0.148877 0
8115.470000 0.135207 0
8117.130000 0.151742 0
8118.790000 0.144693 0
8120.450000 0.130271 0
8122.110000 0.135945 0
8123.770000 0.122936 0
8125.430000 0.134674 0
8127.090000 0.131780 0
8128.750000 0.147462 0
8130.410000 0.129409 0
8132.070000 0.146022 0
8133.730000 0.134264 0
8135.390000 0.137523 0
8137.050000 0.136970 0
8138.710000 0.134211 0
8140.370000 0.139631 0
8142.030000 0.124340 0
8143.690000 0.133273 0
8145.350000 0.132146 0
8147.010000 0.149836 0
8148.670000 0.142528 0
8150.330000 0.137619 0
8151.990000 0.135977 0
8153.650000 0.136048 0
8155.310000 0.128686 0
8156.970000 0.128416 0
8158.630000 0.131857 0
8160.290000 0.143817 0
8161.950000 0.137930 0
8163.610000 0.116972 0
8165.270000 0.146255 0
8166.930000 0.133162 0
8168.590000 0.134513 0
8170.250000 0.137192 0
8171.910000 0.127068 0
8173.570000 0.129303 0
8175.230000 0.137800 0
8176.890000 0.126821 0
8178.550000 0.128712 0
8180.210000 0.145522 0
8181.870000 0.132992 0
8183.530000 0.135127 0
8185.190000 0.129691 0
8186.850000 0.124560 0
8188.510000 0.130585 0
8190.170000 0.119881 0
8191.830000 0.132191 0
8193.490000 0.135459 0
8195.150000 0.133554 0
8196.810000 0.123221 0
8198.470000 0.135876 0
8200.130000 0.140930 0
8201.790000 0.147502 0
8203.450000 0.144696 0
8205.110000 0.128314 0
8206.770000 0.127744 0
8208.430000 0.144206 0
8210.090000 0.149114 0
8211.750000 0.138522 0
8213.410000 0.131124 0
8215.070000 0.142756 0
8216.730000 0.130322 0
8218.390000 0.137111 0
8220.050000 0.146996 0
8221.710000 0.134996 0
8223.370000 0.127144 0
8225.030000 0.134826 0
8226.690000 0.123401 0
8228.350000 0.118186 0
8230.010000 0.124381 0
8231.670000 0.124482 0
8233.330000 0.125236 0
8234.990000 0.140330 0
8236.650000 0.142973 0
8238.310000 0.144322 0
8239.970000 0.133639 0
8241.630000 0.134684 0
8243.290000 0.128198 0
8244.950000 0.138190 0
8246.610000 0.152766 0
8248.270000 0.148115 0
8249.930000 0.134184 0
8251.590000 0.129051 0
8253.250000 0.124007 0
8254.910000 0.133930 0
8256.570000 0.132720 0
8258.230000 0.113332 0
8259.890000 0.121617 0
8261.550000 0.130872 0
8263.210000 0.130989 0
8264.870000 0.126881 0
8266.530000 0.129026 0
8268.190000 0.130031 0
8269.850000 0.124905 0
8271.510000 0.130258 0
8273.170000 0.137333 0
8274.830000 0.136174 0
8276.490000 0.131429 0
8278.150000 0.124192 0
8279.810000 0.127672 0
8281.470000 0.133254 0
8283.130000 0.133445 0
8284.790000 0.169302 0
8286.450000 0.133417 0
8288.110000 0.121131 0
8289.770000 0.151182 0
8291.430000 0.169844 0
8293.090000 0.137891 0
8294.750000 0.110587 0
8296.410000 0.146031 0
8298.070000 0.188405 0
8299.730000 0.181870 0
8301.390000 0.152934 0
8303.050000 0.163782 0
8304.710000 0.141754 0
8306.370000 0.138328 0
8308.030000 0.145256 0
8309.690000 0.158255 0
8311.350000 0.155442 0
8313.010000 0.166732 0
8314.670000 0.153105 0
8316.330000 0.150871 0
8317.990000 0.139359 0
8319.650000 0.138802 0
8321.310000 0.135657 0
8322.970000 0.129872 0
8324.630000 0.137582 0
8326.290000 0.129583 0
8327.950000 0.137929 0
8329.610000 0.140218 0
8331.270000 0.136402 0
8332.930000 0.141618 0
8334.590000 0.135369 0
8336.250000 0.143311 0
8337.910000 0.141552 0
8339.570000 0.137043 0
8341.230000 0.120155 0
8342.890000 0.179471 0
8344.550000 0.101804 0
8346.210000 0.155581 0
8347.870000 0.183793 0
8349.530000 0.135076 0
8351.190000 0.163602 0
8352.850000 0.171007 0
8354.510000 0.139562 0
8356.170000 0.139642 0
8357.830000 0.148147 0
8359.490000 0.152121 0
8361.150000 0.138803 0
8362.810000 0.143306 0
8364.470000 0.162332 0
8366.130000 0.152107 0
8367.790000 0.138311 0
8369.450000 0.131273 0
8371.110000 0.139285 0
8372.770000 0.126504 0
8374.430000 0.142258 0
8376.090000 0.150945 0
8377.750000 0.149936 0
8379.410000 0.125816 0
8381.070000 0.145852 0
8382.730000 0.168005 0
8384.390000 0.167302 0
8386.050000 0.150160 0
8387.710000 0.154248 0
8389.370000 0.132305 0
8391.030000 0.124422 0
8392.690000 0.135474 0
8394.350000 0.132661 0
8396.010000 0.128674 0
8397.670000 0.106684 0
8399.330000 0.154740 0
8400.990000 0.205877 0
8402.650000 0.141183 0
8404.310000 0.157636 0
8405.970000 0.170953 0
8407.630000 0.138637 0
8409.290000 0.135217 0
8410.950000 0.139468 0
8412.610000 0.133499 0
8414.270000 0.145375 0
8415.930000 0.164768 0
8417.590000 0.161351 0
8419.250000 0.155156 0
8420.910000 0.158433 0
8422.570000 0.138245 0
8424.230000 0.130830 0
8425.890000 0.127389 0
8427.550000 0.136074 0
8429.210000 0.191843 0
8430.870000 0.169406 0
8432.530000 0.166497 0
8434.190000 0.192154 0
8435.850000 0.185154 0
8437.510000 0.139237 0
8439.170000 0.145742 0
8440.830000 0.155935 0
8442.490000 0.153683 0
8444.150000 0.150145 0
8445.810000 0.150016 0
8447.470000 0.150999 0
8449.130000 0.128459 0
8450.790000 0.148117 0
8452.450000 0.147855 0
8454.110000 0.167062 0
8455.770000 0.151492 0
8457.430000 0.142077 0
8459.090000 0.135659 0
8460.750000 0.140708 0
8462.410000 0.140321 0
8464.070000 0.148959 0
8465.730000 0.200435 0
8467.390000 0.142709 0
8469.050000 0.169091 0
8470.710000 0.159098 0
8472.370000 0.137281 0
8474.030000 0.191684 0
8475.690000 0.289454 0
8477.350000 0.369352 0
8479.010000 0.000000 1
8480.670000 0.000000 1
8482.330000 0.000000 1
8483.990000 0.000000 1
8485.650000 0.000000 1
8487.310000 0.000000 1
8488.970000 0.000000 1
8490.630000 0.000000 1
8492.290000 0.000000 1
8493.950000 0.000000 1
8495.610000 0.000000 1
8497.270000 0.000000 1
8498.930000 0.000000 1
