# obs: 255714
# slit: 30
# z: 0.26502
# lines: [OII],H11,H10,H9,H8,K,H,H{delta},H{beta},[OIII],H{alpha}
# spec: 719
4451.680000 0.000000 1
4455.040000 0.000000 1
4458.400000 0.000000 1
4461.760000 0.000000 1
4465.120000 0.000000 1
4468.479999 0.000000 1
4471.839999 0.000000 1
4475.199999 0.000000 1
4478.559999 0.000000 1
4481.919999 0.000000 1
4485.279999 0.000000 1
4488.639999 0.000000 1
4491.999999 -0.056832 1
4495.359999 -0.047459 1
4498.719999 0.132530 1
4502.079998 0.149824 1
4505.439998 0.137710 1
4508.799998 0.131781 1
4512.159998 0.099453 1
4515.519998 0.105448 0
4518.879998 0.090654 0
4522.239998 0.116648 0
4525.599998 0.111343 0
4528.959998 0.100058 0
4532.319997 0.081244 0
4535.679997 0.100293 0
4539.039997 0.091209 0
4542.399997 0.097434 0
4545.759997 0.089643 0
4549.119997 0.121499 0
4552.479997 0.126772 0
4555.839997 0.109043 0
4559.199997 0.086094 0
4562.559997 0.118988 0
4565.919996 0.119764 0
4569.279996 0.123026 0
4572.639996 0.096014 0
4575.999996 0.118787 0
4579.359996 0.098742 0
4582.719996 0.099767 0
4586.079996 0.103044 0
4589.439996 0.091055 0
4592.799996 0.104995 0
4596.159995 0.092607 0
4599.519995 0.120129 0
4602.879995 0.121568 0
4606.239995 0.119932 0
4609.599995 0.134488 0
4612.959995 0.119928 0
4616.319995 0.118753 0
4619.679995 0.088801 0
4623.039995 0.122224 0
4626.399995 0.123889 0
4629.759994 0.120989 0
4633.119994 0.117142 0
4636.479994 0.128716 0
4639.839994 0.103463 0
4643.199994 0.108861 0
4646.559994 0.104376 0
4649.919994 0.074141 0
4653.279994 0.104665 0
4656.639994 0.104273 0
4659.999993 0.094483 0
4663.359993 0.124688 0
4666.719993 0.123511 0
4670.079993 0.094083 0
4673.439993 0.102046 0
4676.799993 0.101540 0
4680.159993 0.110145 0
4683.519993 0.109704 0
4686.879993 0.102512 0
4690.239993 0.112964 0
4693.599992 0.104891 0
4696.959992 0.119274 0
4700.319992 0.121274 0
4703.679992 0.126132 0
4707.039992 0.119726 0
4710.399992 0.154804 0
4713.759992 0.240203 0
4717.119992 0.422732 0
4720.479992 0.468192 0
4723.839992 0.437801 0
4727.199991 0.215801 0
4730.559991 0.106835 0
4733.919991 0.112182 0
4737.279991 0.138322 0
4740.639991 0.135251 0
4743.999991 0.089094 0
4747.359991 0.113276 0
4750.719991 0.118460 0
4754.079991 0.131845 0
4757.439990 0.136253 0
4760.799990 0.150120 0
4764.159990 0.126668 0
4767.519990 0.119248 0
4770.879990 0.106370 0
4774.239990 0.088729 0
4777.599990 0.105118 0
4780.959990 0.124635 0
4784.319990 0.161294 0
4787.679990 0.151454 0
4791.039989 0.153293 0
4794.399989 0.165828 0
4797.759989 0.131976 0
4801.119989 0.137501 0
4804.479989 0.119916 0
4807.839989 0.090356 0
4811.199989 0.111617 0
4814.559989 0.141345 0
4817.919989 0.146505 0
4821.279988 0.135035 0
4824.639988 0.158760 0
4827.999988 0.169331 0
4831.359988 0.163804 0
4834.719988 0.155685 0
4838.079988 0.157608 0
4841.439988 0.158689 0
4844.799988 0.128346 0
4848.159988 0.117911 0
4851.519988 0.104766 0
4854.879987 0.096772 0
4858.239987 0.105880 0
4861.599987 0.114731 0
4864.959987 0.140089 0
4868.319987 0.139575 0
4871.679987 0.147188 0
4875.039987 0.158933 0
4878.399987 0.171690 0
4881.759987 0.165057 0
4885.119986 0.168762 0
4888.479986 0.178417 0
4891.839986 0.175607 0
4895.199986 0.191389 0
4898.559986 0.196445 0
4901.919986 0.139737 0
4905.279986 0.152299 0
4908.639986 0.177585 0
4911.999986 0.130688 0
4915.359986 0.121835 0
4918.719985 0.116281 0
4922.079985 0.124611 0
4925.439985 0.138991 0
4928.799985 0.135702 0
4932.159985 0.142082 0
4935.519985 0.126739 0
4938.879985 0.179966 0
4942.239985 0.166916 0
4945.599985 0.152945 0
4948.959984 0.181011 0
4952.319984 0.163285 0
4955.679984 0.168641 0
4959.039984 0.160577 0
4962.399984 0.159292 0
4965.759984 0.179798 0
4969.119984 0.154906 0
4972.479984 0.125635 0
4975.839984 0.135636 0
4979.199984 0.142739 0
4982.559983 0.117575 0
4985.919983 0.151822 0
4989.279983 0.156104 0
4992.639983 0.176631 0
4995.999983 0.152079 0
4999.359983 0.155006 0
5002.719983 0.184014 0
5006.079983 0.151216 0
5009.439983 0.159829 0
5012.799982 0.146807 0
5016.159982 0.141522 0
5019.519982 0.119907 0
5022.879982 0.110062 0
5026.239982 0.109252 0
5029.599982 0.128092 0
5032.959982 0.146864 0
5036.319982 0.135748 0
5039.679982 0.152157 0
5043.039982 0.172400 0
5046.399981 0.174418 0
5049.759981 0.163996 0
5053.119981 0.182248 0
5056.479981 0.183224 0
5059.839981 0.188507 0
5063.199981 0.157239 0
5066.559981 0.181759 0
5069.919981 0.175679 0
5073.279981 0.177681 0
5076.639980 0.186518 0
5079.999980 0.164803 0
5083.359980 0.178839 0
5086.719980 0.171766 0
5090.079980 0.203625 0
5093.439980 0.165698 0
5096.799980 0.161893 0
5100.159980 0.185077 0
5103.519980 0.170635 0
5106.879980 0.191980 0
5110.239979 0.195483 0
5113.599979 0.191415 0
5116.959979 0.175579 0
5120.319979 0.152696 0
5123.679979 0.141362 0
5127.039979 0.182183 0
5130.399979 0.185389 0
5133.759979 0.167338 0
5137.119979 0.185385 0
5140.479978 0.156131 0
5143.839978 0.155518 0
5147.199978 0.172462 0
5150.559978 0.169173 0
5153.919978 0.161224 0
5157.279978 0.175950 0
5160.639978 0.171723 0
5163.999978 0.181242 0
5167.359978 0.183442 0
5170.719978 0.170115 0
5174.079977 0.161702 0
5177.439977 0.146793 0
5180.799977 0.148786 0
5184.159977 0.135406 0
5187.519977 0.133440 0
5190.879977 0.150086 0
5194.239977 0.134511 0
5197.599977 0.139492 0
5200.959977 0.141596 0
5204.319977 0.139126 0
5207.679976 0.171403 0
5211.039976 0.173223 0
5214.399976 0.167230 0
5217.759976 0.152876 0
5221.119976 0.167726 0
5224.479976 0.181568 0
5227.839976 0.150121 0
5231.199976 0.166466 0
5234.559976 0.186063 0
5237.919975 0.180679 0
5241.279975 0.167369 0
5244.639975 0.142922 0
5247.999975 0.173771 0
5251.359975 0.182080 0
5254.719975 0.187756 0
5258.079975 0.176207 0
5261.439975 0.164438 0
5264.799975 0.160721 0
5268.159975 0.156050 0
5271.519974 0.155420 0
5274.879974 0.159784 0
5278.239974 0.160505 0
5281.599974 0.151867 0
5284.959974 0.126440 0
5288.319974 0.144677 0
5291.679974 0.160520 0
5295.039974 0.165968 0
5298.399974 0.159512 0
5301.759973 0.177791 0
5305.119973 0.173912 0
5308.479973 0.179279 0
5311.839973 0.183875 0
5315.199973 0.181306 0
5318.559973 0.175568 0
5321.919973 0.169639 0
5325.279973 0.138390 0
5328.639973 0.152967 0
5331.999973 0.166562 0
5335.359972 0.163290 0
5338.719972 0.162935 0
5342.079972 0.149531 0
5345.439972 0.143557 0
5348.799972 0.152722 0
5352.159972 0.161008 0
5355.519972 0.181282 0
5358.879972 0.162615 0
5362.239972 0.166257 0
5365.599971 0.179196 0
5368.959971 0.154482 0
5372.319971 0.165544 0
5375.679971 0.151200 0
5379.039971 0.163294 0
5382.399971 0.181450 0
5385.759971 0.162280 0
5389.119971 0.148590 0
5392.479971 0.179534 0
5395.839971 0.170136 0
5399.199970 0.154927 0
5402.559970 0.153483 0
5405.919970 0.136206 0
5409.279970 0.170577 0
5412.639970 0.158305 0
5415.999970 0.157777 0
5419.359970 0.152064 0
5422.719970 0.129274 0
5426.079970 0.168985 0
5429.439969 0.163005 0
5432.799969 0.151567 0
5436.159969 0.157084 0
5439.519969 0.132340 0
5442.879969 0.139296 0
5446.239969 0.139516 0
5449.599969 0.148145 0
5452.959969 0.129542 0
5456.319969 0.151403 0
5459.679969 0.167280 0
5463.039968 0.154044 0
5466.399968 0.158236 0
5469.759968 0.158412 0
5473.119968 0.137645 0
5476.479968 0.142852 0
5479.839968 0.131079 0
5483.199968 0.133468 0
5486.559968 0.160180 0
5489.919968 0.161074 0
5493.279967 0.167611 0
5496.639967 0.146016 0
5499.999967 0.136387 0
5503.359967 0.135410 0
5506.719967 0.139560 0
5510.079967 0.138246 0
5513.439967 0.142443 0
5516.799967 0.168607 0
5520.159967 0.174451 0
5523.519967 0.178667 0
5526.879966 0.153839 0
5530.239966 0.170451 0
5533.599966 0.168600 0
5536.959966 0.163802 0
5540.319966 0.163382 0
5543.679966 0.141262 0
5547.039966 0.154182 0
5550.399966 0.129803 0
5553.759966 0.140981 0
5557.119965 0.163134 0
5560.479965 0.158084 0
5563.839965 0.168556 1
5567.199965 0.177449 1
5570.559965 0.296566 1
5573.919965 0.177060 1
5577.279965 0.158350 1
5580.639965 0.161109 1
5583.999965 0.056936 1
5587.359965 0.135763 1
5590.719964 0.149038 1
5594.079964 0.136960 1
5597.439964 0.169694 0
5600.799964 0.149880 0
5604.159964 0.165079 0
5607.519964 0.165423 0
5610.879964 0.175362 0
5614.239964 0.182877 0
5617.599964 0.173957 0
5620.959963 0.162546 0
5624.319963 0.140998 0
5627.679963 0.143447 0
5631.039963 0.148858 0
5634.399963 0.165407 0
5637.759963 0.169609 0
5641.119963 0.160413 0
5644.479963 0.174851 0
5647.839963 0.159274 0
5651.199963 0.145272 0
5654.559962 0.140620 0
5657.919962 0.182784 0
5661.279962 0.157262 0
5664.639962 0.142616 0
5667.999962 0.149072 0
5671.359962 0.160404 0
5674.719962 0.143309 0
5678.079962 0.151262 0
5681.439962 0.156148 0
5684.799962 0.156659 0
5688.159961 0.161037 0
5691.519961 0.158473 0
5694.879961 0.164308 0
5698.239961 0.132651 0
5701.599961 0.154953 0
5704.959961 0.158616 0
5708.319961 0.157446 0
5711.679961 0.172704 0
5715.039961 0.149271 0
5718.399960 0.139062 0
5721.759960 0.173073 0
5725.119960 0.138653 0
5728.479960 0.158842 0
5731.839960 0.156068 0
5735.199960 0.162369 0
5738.559960 0.175326 0
5741.919960 0.139823 0
5745.279960 0.142169 0
5748.639960 0.159132 0
5751.999959 0.153791 0
5755.359959 0.132798 0
5758.719959 0.159069 0
5762.079959 0.158347 0
5765.439959 0.147394 0
5768.799959 0.161873 0
5772.159959 0.147552 0
5775.519959 0.144086 0
5778.879959 0.134698 0
5782.239958 0.158968 0
5785.599958 0.154760 0
5788.959958 0.152892 1
5792.319958 0.153161 1
5795.679958 0.164771 1
5799.039958 0.139198 1
5802.399958 0.142652 1
5805.759958 0.178806 1
5809.119958 0.159377 1
5812.479958 0.163918 1
5815.839957 0.166499 1
5819.199957 0.146545 1
5822.559957 0.149394 1
5825.919957 0.172569 1
5829.279957 0.147295 1
5832.639957 0.144231 1
5835.999957 0.155194 1
5839.359957 0.160620 0
5842.719957 0.166589 0
5846.079956 0.144781 0
5849.439956 0.147441 0
5852.799956 0.164606 0
5856.159956 0.148432 0
5859.519956 0.145100 0
5862.879956 0.146592 0
5866.239956 0.150496 0
5869.599956 0.154735 0
5872.959956 0.144649 0
5876.319956 0.166244 0
5879.679955 0.165218 0
5883.039955 0.146409 0
5886.399955 0.137672 0
5889.759955 0.136003 0
5893.119955 0.134801 0
5896.479955 0.144031 0
5899.839955 0.115805 0
5903.199955 0.134132 0
5906.559955 0.159878 0
5909.919954 0.165093 0
5913.279954 0.163736 0
5916.639954 0.148939 0
5919.999954 0.142607 0
5923.359954 0.164130 0
5926.719954 0.162867 0
5930.079954 0.155787 0
5933.439954 0.156286 0
5936.799954 0.129220 0
5940.159954 0.142685 0
5943.519953 0.142394 0
5946.879953 0.164124 0
5950.239953 0.136327 0
5953.599953 0.127502 0
5956.959953 0.150281 0
5960.319953 0.142240 0
5963.679953 0.148385 0
5967.039953 0.131683 0
5970.399953 0.155844 0
5973.759952 0.160331 0
5977.119952 0.135081 0
5980.479952 0.146346 0
5983.839952 0.159907 0
5987.199952 0.163314 0
5990.559952 0.157909 0
5993.919952 0.138174 0
5997.279952 0.149109 0
6000.639952 0.147181 0
6003.999952 0.154011 0
6007.359951 0.141379 0
6010.719951 0.149164 0
6014.079951 0.162024 0
6017.439951 0.181612 0
6020.799951 0.147631 0
6024.159951 0.139147 0
6027.519951 0.154034 0
6030.879951 0.168809 0
6034.239951 0.184158 0
6037.599950 0.158469 0
6040.959950 0.166676 0
6044.319950 0.152095 0
6047.679950 0.151867 0
6051.039950 0.149953 0
6054.399950 0.155510 0
6057.759950 0.153670 0
6061.119950 0.130309 0
6064.479950 0.151465 0
6067.839950 0.161996 0
6071.199949 0.162071 0
6074.559949 0.159859 0
6077.919949 0.136758 0
6081.279949 0.140779 0
6084.639949 0.152200 0
6087.999949 0.153669 0
6091.359949 0.138159 0
6094.719949 0.131242 0
6098.079949 0.145021 0
6101.439948 0.145212 0
6104.799948 0.146972 0
6108.159948 0.159548 0
6111.519948 0.143897 0
6114.879948 0.139099 0
6118.239948 0.144130 0
6121.599948 0.141728 0
6124.959948 0.145154 0
6128.319948 0.145861 0
6131.679948 0.115661 0
6135.039947 0.119983 0
6138.399947 0.127399 0
6141.759947 0.158280 0
6145.119947 0.194822 0
6148.479947 0.249208 0
6151.839947 0.263218 0
6155.199947 0.173808 0
6158.559947 0.105036 0
6161.919947 0.108154 0
6165.279947 0.146442 0
6168.639946 0.156809 0
6171.999946 0.144836 0
6175.359946 0.122446 0
6178.719946 0.113742 0
6182.079946 0.140930 0
6185.439946 0.142798 0
6188.799946 0.125852 0
6192.159946 0.145999 0
6195.519946 0.162368 0
6198.879945 0.152445 0
6202.239945 0.155618 0
6205.599945 0.159389 0
6208.959945 0.154773 0
6212.319945 0.164798 0
6215.679945 0.144684 0
6219.039945 0.140073 0
6222.399945 0.147641 0
6225.759945 0.137904 0
6229.119945 0.131014 0
6232.479944 0.158215 0
6235.839944 0.167631 0
6239.199944 0.150011 0
6242.559944 0.166724 0
6245.919944 0.151335 0
6249.279944 0.132761 0
6252.639944 0.140967 0
6255.999944 0.146262 0
6259.359944 0.140976 0
6262.719943 0.146183 0
6266.079943 0.170465 0
6269.439943 0.184762 0
6272.799943 0.180767 0
6276.159943 0.181589 0
6279.519943 0.149756 0
6282.879943 0.124779 0
6286.239943 0.138680 0
6289.599943 0.153784 0
6292.959943 0.125755 0
6296.319942 0.108730 0
6299.679942 0.127280 0
6303.039942 0.152706 0
6306.399942 0.123446 0
6309.759942 0.124315 0
6313.119942 0.127125 0
6316.479942 0.147191 0
6319.839942 0.148928 0
6323.199942 0.154610 0
6326.559941 0.173994 0
6329.919941 0.240049 0
6333.279941 0.274245 0
6336.639941 0.271602 0
6339.999941 0.171909 0
6343.359941 0.140063 0
6346.719941 0.123800 0
6350.079941 0.136039 0
6353.439941 0.145210 0
6356.799941 0.134923 0
6360.159940 0.119242 0
6363.519940 0.104947 0
6366.879940 0.138286 0
6370.239940 0.127011 0
6373.599940 0.131995 0
6376.959940 0.118392 0
6380.319940 0.136771 0
6383.679940 0.150952 0
6387.039940 0.148084 0
6390.399939 0.121730 0
6393.759939 0.141799 0
6397.119939 0.106908 0
6400.479939 0.142857 0
6403.839939 0.128917 0
6407.199939 0.134428 0
6410.559939 0.137411 0
6413.919939 0.128225 0
6417.279939 0.147948 0
6420.639939 0.160441 0
6423.999938 0.125667 0
6427.359938 0.124019 0
6430.719938 0.139606 0
6434.079938 0.128729 0
6437.439938 0.135063 0
6440.799938 0.135860 0
6444.159938 0.119591 0
6447.519938 0.128316 0
6450.879938 0.144021 0
6454.239937 0.136587 0
6457.599937 0.130402 0
6460.959937 0.129653 0
6464.319937 0.127439 0
6467.679937 0.131969 0
6471.039937 0.132160 0
6474.399937 0.133319 0
6477.759937 0.144497 0
6481.119937 0.144258 0
6484.479937 0.137576 0
6487.839936 0.126761 0
6491.199936 0.140433 0
6494.559936 0.117014 0
6497.919936 0.160059 0
6501.279936 0.116122 0
6504.639936 0.124096 0
6507.999936 0.141900 0
6511.359936 0.121456 0
6514.719936 0.132255 0
6518.079935 0.112695 0
6521.439935 0.140253 0
6524.799935 0.130587 0
6528.159935 0.140683 0
6531.519935 0.131203 0
6534.879935 0.129642 0
6538.239935 0.140937 0
6541.599935 0.123987 0
6544.959935 0.125499 0
6548.319935 0.116517 0
6551.679934 0.128477 0
6555.039934 0.136167 0
6558.399934 0.126700 0
6561.759934 0.118471 0
6565.119934 0.130043 0
6568.479934 0.137175 0
6571.839934 0.165130 0
6575.199934 0.137235 0
6578.559934 0.147248 0
6581.919933 0.136491 0
6585.279933 0.137073 0
6588.639933 0.118591 0
6591.999933 0.128001 0
6595.359933 0.156174 0
6598.719933 0.143251 0
6602.079933 0.133866 0
6605.439933 0.119188 0
6608.799933 0.124276 0
6612.159933 0.124984 0
6615.519932 0.121064 0
6618.879932 0.130877 0
6622.239932 0.116201 0
6625.599932 0.132364 0
6628.959932 0.141486 0
6632.319932 0.137793 0
6635.679932 0.129427 0
6639.039932 0.132243 0
6642.399932 0.117550 0
6645.759932 0.128375 0
6649.119931 0.139427 0
6652.479931 0.119798 0
6655.839931 0.131832 0
6659.199931 0.133158 0
6662.559931 0.121643 0
6665.919931 0.123708 0
6669.279931 0.118583 0
6672.639931 0.127305 0
6675.999931 0.137256 0
6679.359930 0.126316 0
6682.719930 0.130422 0
6686.079930 0.121678 0
6689.439930 0.117400 0
6692.799930 0.144367 0
6696.159930 0.139799 0
6699.519930 0.142356 0
6702.879930 0.139051 0
6706.239930 0.132014 0
6709.599930 0.125491 0
6712.959929 0.131698 0
6716.319929 0.139651 0
6719.679929 0.124470 0
6723.039929 0.127010 0
6726.399929 0.151362 0
6729.759929 0.136168 0
6733.119929 0.137193 0
6736.479929 0.139486 0
6739.839929 0.126560 0
6743.199928 0.133179 0
6746.559928 0.139888 0
6749.919928 0.129256 0
6753.279928 0.131953 0
6756.639928 0.123772 0
6759.999928 0.140992 0
6763.359928 0.140508 0
6766.719928 0.130699 0
6770.079928 0.124351 0
6773.439928 0.132059 0
6776.799927 0.138604 0
6780.159927 0.129968 0
6783.519927 0.136907 0
6786.879927 0.132675 0
6790.239927 0.143045 0
6793.599927 0.142055 0
6796.959927 0.134379 0
6800.319927 0.129605 0
6803.679927 0.137572 0
6807.039926 0.145047 0
6810.399926 0.128854 0
6813.759926 0.139408 0
6817.119926 0.142028 0
6820.479926 0.125144 0
6823.839926 0.129860 0
6827.199926 0.119040 0
6830.559926 0.131616 0
6833.919926 0.142478 0
6837.279926 0.139260 0
6840.639925 0.143433 0
6843.999925 0.122537 0
6847.359925 0.128425 0
6850.719925 0.118231 0
6854.079925 0.135609 0
6857.439925 0.126129 0
6860.799925 0.126161 0
6864.159925 0.137596 0
6867.519925 0.109308 0
6870.879924 0.123132 0
6874.239924 0.095996 0
6877.599924 0.123677 0
6880.959924 0.144727 0
6884.319924 0.111514 0
6887.679924 0.137003 0
6891.039924 0.104427 0
6894.399924 0.141591 0
6897.759924 0.128120 0
6901.119924 0.117902 0
6904.479923 0.121717 0
6907.839923 0.116587 0
6911.199923 0.102509 0
6914.559923 0.135595 0
6917.919923 0.118983 0
6921.279923 0.105440 0
6924.639923 0.122688 0
6927.999923 0.137947 0
6931.359923 0.127902 0
6934.719922 0.138514 0
6938.079922 0.138620 0
6941.439922 0.143726 0
6944.799922 0.144282 0
6948.159922 0.137083 0
6951.519922 0.130436 0
6954.879922 0.132389 0
6958.239922 0.129295 0
6961.599922 0.138413 0
6964.959922 0.145241 0
6968.319921 0.132968 0
6971.679921 0.120178 0
6975.039921 0.137017 0
6978.399921 0.150761 0
6981.759921 0.142890 0
6985.119921 0.155463 0
6988.479921 0.147444 0
6991.839921 0.128737 0
6995.199921 0.123260 0
6998.559920 0.128786 0
7001.919920 0.136866 0
7005.279920 0.146688 0
7008.639920 0.124057 0
7011.999920 0.140380 0
7015.359920 0.131961 0
7018.719920 0.128090 0
7022.079920 0.138371 0
7025.439920 0.121697 0
7028.799920 0.134963 0
7032.159919 0.131082 0
7035.519919 0.130805 0
7038.879919 0.126029 0
7042.239919 0.130871 0
7045.599919 0.146473 0
7048.959919 0.135871 0
7052.319919 0.124293 0
7055.679919 0.109710 0
7059.039919 0.123046 0
7062.399918 0.133849 0
7065.759918 0.134438 0
7069.119918 0.122873 0
7072.479918 0.127514 0
7075.839918 0.132819 0
7079.199918 0.125168 0
7082.559918 0.141011 0
7085.919918 0.143291 0
7089.279918 0.130576 0
7092.639918 0.134876 0
7095.999917 0.130200 0
7099.359917 0.129054 0
7102.719917 0.131851 0
7106.079917 0.139978 0
7109.439917 0.126494 0
7112.799917 0.132260 0
7116.159917 0.111845 0
7119.519917 0.131849 0
7122.879917 0.123461 0
7126.239916 0.136165 0
7129.599916 0.127420 0
7132.959916 0.123461 0
7136.319916 0.131842 0
7139.679916 0.115947 0
7143.039916 0.133492 0
7146.399916 0.125882 0
7149.759916 0.141601 0
7153.119916 0.142292 0
7156.479916 0.109074 0
7159.839915 0.123520 0
7163.199915 0.133470 0
7166.559915 0.132729 0
7169.919915 0.137287 0
7173.279915 0.111681 0
7176.639915 0.129893 0
7179.999915 0.134734 0
7183.359915 0.134408 0
7186.719915 0.121541 0
7190.079915 0.122765 0
7193.439914 0.136370 0
7196.799914 0.144232 0
7200.159914 0.130340 0
7203.519914 0.115347 0
7206.879914 0.101972 0
7210.239914 0.127251 0
7213.599914 0.139960 0
7216.959914 0.148781 0
7220.319914 0.121651 0
7223.679913 0.128426 0
7227.039913 0.133297 0
7230.399913 0.127234 0
7233.759913 0.112769 0
7237.119913 0.161020 0
7240.479913 0.161086 0
7243.839913 0.109710 0
7247.199913 0.096250 0
7250.559913 0.137307 0
7253.919913 0.138736 0
7257.279912 0.123965 0
7260.639912 0.117645 0
7263.999912 0.129168 0
7267.359912 0.117007 0
7270.719912 0.129980 0
7274.079912 0.138397 0
7277.439912 0.151196 0
7280.799912 0.135929 0
7284.159912 0.122253 0
7287.519911 0.130537 0
7290.879911 0.120456 0
7294.239911 0.117452 0
7297.599911 0.132402 0
7300.959911 0.109015 0
7304.319911 0.131520 0
7307.679911 0.159909 0
7311.039911 0.114139 0
7314.399911 0.088090 0
7317.759911 0.099010 0
7321.119910 0.137189 0
7324.479910 0.152523 0
7327.839910 0.136344 0
7331.199910 0.117941 0
7334.559910 0.131186 0
7337.919910 0.150195 0
7341.279910 0.102619 0
7344.639910 0.126295 0
7347.999910 0.132379 0
7351.359909 0.108726 0
7354.719909 0.152975 0
7358.079909 0.146062 0
7361.439909 0.105479 0
7364.799909 0.132836 0
7368.159909 0.149879 0
7371.519909 0.121106 0
7374.879909 0.148918 0
7378.239909 0.114983 0
7381.599909 0.136330 0
7384.959908 0.127573 0
7388.319908 0.149208 0
7391.679908 0.108389 0
7395.039908 0.085852 0
7398.399908 0.116467 0
7401.759908 0.142286 0
7405.119908 0.112808 0
7408.479908 0.132947 0
7411.839908 0.125487 0
7415.199907 0.111193 0
7418.559907 0.110030 0
7421.919907 0.118122 0
7425.279907 0.129614 0
7428.639907 0.130890 0
7431.999907 0.113204 0
7435.359907 0.121681 0
7438.719907 0.125219 0
7442.079907 0.125435 0
7445.439907 0.118207 0
7448.799906 0.115441 0
7452.159906 0.104159 0
7455.519906 0.110797 0
7458.879906 0.120792 0
7462.239906 0.132194 0
7465.599906 0.132733 0
7468.959906 0.113110 0
7472.319906 0.101072 0
7475.679906 0.107600 0
7479.039905 0.107724 0
7482.399905 0.152663 0
7485.759905 0.142275 0
7489.119905 0.131890 0
7492.479905 0.135135 0
7495.839905 0.116011 0
7499.199905 0.125462 0
7502.559905 0.117316 0
7505.919905 0.098051 0
7509.279905 0.117420 0
7512.639904 0.108588 0
7515.999904 0.092915 0
7519.359904 0.130985 0
7522.719904 0.176686 0
7526.079904 0.131959 0
7529.439904 0.114687 0
7532.799904 0.140713 0
7536.159904 0.139412 0
7539.519904 0.108474 0
7542.879903 0.106976 0
7546.239903 0.121495 0
7549.599903 0.107912 0
7552.959903 0.102700 0
7556.319903 0.117423 0
7559.679903 0.109057 0
7563.039903 0.101004 0
7566.399903 0.109480 0
7569.759903 0.074553 0
7573.119903 0.110247 0
7576.479902 0.106893 0
7579.839902 0.112517 0
7583.199902 0.114801 0
7586.559902 0.118482 0
7589.919902 0.101270 0
7593.279902 0.106703 0
7596.639902 0.118426 0
7599.999902 0.106256 0
7603.359902 0.042641 0
7606.719901 0.085117 0
7610.079901 0.132701 0
7613.439901 0.121339 0
7616.799901 0.103518 0
7620.159901 0.140556 0
7623.519901 0.125344 0
7626.879901 0.114654 0
7630.239901 0.100575 0
7633.599901 0.114466 0
7636.959901 0.129388 0
7640.319900 0.142067 0
7643.679900 0.136087 0
7647.039900 0.117423 0
7650.399900 0.136533 0
7653.759900 0.125774 0
7657.119900 0.109648 0
7660.479900 0.116117 0
7663.839900 0.112145 0
7667.199900 0.112762 0
7670.559900 0.114687 0
7673.919899 0.115948 0
7677.279899 0.104891 0
7680.639899 0.132270 0
7683.999899 0.112012 0
7687.359899 0.112879 0
7690.719899 0.125341 0
7694.079899 0.122423 0
7697.439899 0.116940 0
7700.799899 0.119501 0
7704.159898 0.114894 0
7707.519898 0.135153 0
7710.879898 0.097577 0
7714.239898 0.162106 0
7717.599898 0.089791 0
7720.959898 0.113351 0
7724.319898 0.128915 0
7727.679898 0.133707 0
7731.039898 0.118541 0
7734.399898 0.131298 0
7737.759897 0.114602 0
7741.119897 0.109825 0
7744.479897 0.134193 0
7747.839897 0.130517 0
7751.199897 0.086146 0
7754.559897 0.042362 0
7757.919897 0.123648 0
7761.279897 0.133940 0
7764.639897 0.128287 0
7767.999896 0.110994 0
7771.359896 0.115691 0
7774.719896 0.099677 0
7778.079896 0.109729 0
7781.439896 0.087999 0
7784.799896 0.086318 0
7788.159896 0.101743 0
7791.519896 0.123778 0
7794.879896 0.108313 0
7798.239896 0.094464 0
7801.599895 0.119999 0
7804.959895 0.113866 0
7808.319895 0.106012 0
7811.679895 0.121588 0
7815.039895 0.146175 0
7818.399895 0.065437 0
7821.759895 0.131839 0
7825.119895 0.106749 0
7828.479895 0.163229 0
7831.839894 0.114010 0
7835.199894 0.123697 0
7838.559894 0.100643 0
7841.919894 0.127766 0
7845.279894 0.123329 0
7848.639894 0.080144 0
7851.999894 0.139918 0
7855.359894 0.078031 0
7858.719894 0.124128 0
7862.079894 0.116703 0
7865.439893 0.152155 0
7868.799893 0.122349 0
7872.159893 0.120171 0
7875.519893 0.098080 0
7878.879893 0.096808 0
7882.239893 0.103656 0
7885.599893 0.120666 0
7888.959893 0.118904 0
7892.319893 0.136345 0
7895.679892 0.115615 0
7899.039892 0.108702 0
7902.399892 0.098538 0
7905.759892 0.116373 0
7909.119892 0.097573 0
7912.479892 0.085905 0
7915.839892 0.107303 0
7919.199892 0.152974 0
7922.559892 0.157388 0
7925.919892 0.109963 0
7929.279891 0.118397 0
7932.639891 0.095077 0
7935.999891 0.118993 0
7939.359891 0.105057 0
7942.719891 0.086057 0
7946.079891 0.102911 0
7949.439891 0.121667 0
7952.799891 0.113301 0
7956.159891 0.129822 0
7959.519890 0.136655 0
7962.879890 0.107980 0
7966.239890 0.059044 0
7969.599890 0.135200 0
7972.959890 0.117204 0
7976.319890 0.118832 0
7979.679890 0.117094 0
7983.039890 0.116181 0
7986.399890 0.093902 0
7989.759890 0.090720 0
7993.119889 0.163838 0
7996.479889 0.085509 0
7999.839889 0.117770 0
8003.199889 0.121293 0
8006.559889 0.118537 0
8009.919889 0.128627 0
8013.279889 0.120855 0
8016.639889 0.113832 0
8019.999889 0.103460 0
8023.359888 0.147865 0
8026.719888 0.105897 0
8030.079888 0.157148 0
8033.439888 0.125488 0
8036.799888 0.105594 0
8040.159888 0.100980 0
8043.519888 0.123337 0
8046.879888 0.086237 0
8050.239888 0.091974 0
8053.599888 0.094934 0
8056.959887 0.093817 0
8060.319887 0.122850 0
8063.679887 0.130881 0
8067.039887 0.132036 0
8070.399887 0.109954 0
8073.759887 0.113801 0
8077.119887 0.100547 0
8080.479887 0.134558 0
8083.839887 0.105256 0
8087.199886 0.116949 0
8090.559886 0.114054 0
8093.919886 0.117610 0
8097.279886 0.129876 0
8100.639886 0.117715 0
8103.999886 0.087004 0
8107.359886 0.100593 0
8110.719886 0.133197 0
8114.079886 0.090391 0
8117.439886 0.099060 0
8120.799885 0.096677 0
8124.159885 0.108359 0
8127.519885 0.116587 0
8130.879885 0.115555 0
8134.239885 0.116018 0
8137.599885 0.111384 0
8140.959885 0.107026 0
8144.319885 0.091670 0
8147.679885 0.095449 0
8151.039885 0.072332 0
8154.399884 0.090988 0
8157.759884 0.122393 0
8161.119884 0.122171 0
8164.479884 0.106444 0
8167.839884 0.104723 0
8171.199884 0.124656 0
8174.559884 0.121247 0
8177.919884 0.126419 0
8181.279884 0.132655 0
8184.639883 0.107711 0
8187.999883 0.096526 0
8191.359883 0.096378 0
8194.719883 0.103873 0
8198.079883 0.104604 0
8201.439883 0.116231 0
8204.799883 0.132382 0
8208.159883 0.129219 0
8211.519883 0.127016 0
8214.879883 0.091528 0
8218.239882 0.117406 0
8221.599882 0.130238 0
8224.959882 0.115775 0
8228.319882 0.113983 0
8231.679882 0.116793 0
8235.039882 0.107877 0
8238.399882 0.115189 0
8241.759882 0.132644 0
8245.119882 0.127712 0
8248.479881 0.089357 0
8251.839881 0.128842 0
8255.199881 0.123449 0
8258.559881 0.096510 0
8261.919881 0.103503 0
8265.279881 0.116727 0
8268.639881 0.092021 0
8271.999881 0.108121 0
8275.359881 0.121108 0
8278.719881 0.180491 0
8282.079880 0.216987 0
8285.439880 0.150674 0
8288.799880 0.116736 0
8292.159880 0.178280 0
8295.519880 0.288803 0
8298.879880 0.413042 0
8302.239880 0.632759 0
8305.599880 0.517516 0
8308.959880 0.215618 0
8312.319879 0.096824 0
8315.679879 0.114562 0
8319.039879 0.167479 0
8322.399879 0.175543 0
8325.759879 0.207064 0
8329.119879 0.254783 0
8332.479879 0.188061 0
8335.839879 0.121174 0
8339.199879 0.080544 0
8342.559879 0.127015 0
8345.919878 0.159551 0
8349.279878 0.180843 0
8352.639878 0.145250 0
8355.999878 0.119654 0
8359.359878 0.111999 0
8362.719878 0.126240 0
8366.079878 0.123735 0
8369.439878 0.119692 0
8372.799878 0.105285 0
8376.159877 0.107315 0
8379.519877 0.103987 0
8382.879877 0.101985 0
8386.239877 0.107151 0
8389.599877 0.098905 0
8392.959877 0.092622 0
8396.319877 0.135310 0
8399.679877 0.108481 0
8403.039877 0.089113 0
8406.399877 0.119162 0
8409.759876 0.082107 0
8413.119876 0.093567 0
8416.479876 0.099543 0
8419.839876 0.104664 0
8423.199876 0.097228 0
8426.559876 0.085203 0
8429.919876 0.129968 0
8433.279876 0.129776 0
8436.639876 0.122392 0
8439.999875 0.134302 0
8443.359875 0.131458 0
8446.719875 0.106724 0
8450.079875 0.067300 0
8453.439875 0.069406 0
8456.799875 0.091160 0
8460.159875 0.074683 0
8463.519875 0.174265 0
8466.879875 0.131376 0
8470.239875 0.147065 0
8473.599874 0.092247 0
8476.959874 0.109268 0
8480.319874 0.099704 0
8483.679874 0.099049 0
8487.039874 0.137038 0
8490.399874 0.166297 0
8493.759874 0.170224 0
8497.119874 0.210013 0
8500.479874 0.096823 0
8503.839873 0.114658 0
8507.199873 0.114602 0
8510.559873 0.151304 0
8513.919873 0.170900 0
8517.279873 0.168672 0
8520.639873 0.117590 0
8523.999873 0.101299 0
8527.359873 0.113933 0
8530.719873 0.101481 0
8534.079873 0.124222 0
8537.439872 0.107171 0
8540.799872 0.106587 0
8544.159872 0.128746 0
8547.519872 0.111358 0
8550.879872 0.070300 0
8554.239872 0.116995 0
8557.599872 0.111613 0
8560.959872 0.116301 0
8564.319872 0.094728 0
8567.679871 0.108273 0
8571.039871 0.102388 0
8574.399871 0.101839 0
8577.759871 0.110255 0
8581.119871 0.107968 0
8584.479871 0.112656 0
8587.839871 0.093117 0
8591.199871 0.100158 0
8594.559871 0.115648 0
8597.919871 0.101477 0
8601.279870 0.133291 0
8604.639870 0.114855 0
8607.999870 0.097721 0
8611.359870 0.107053 0
8614.719870 0.108481 0
8618.079870 0.132400 0
8621.439870 0.126054 0
8624.799870 0.105402 0
8628.159870 0.131272 0
8631.519870 0.097004 0
8634.879869 0.111358 0
8638.239869 0.165632 0
8641.599869 0.101367 0
8644.959869 0.101169 0
8648.319869 0.102782 0
8651.679869 0.115938 0
8655.039869 0.117402 0
8658.399869 0.079651 0
8661.759869 0.100376 0
8665.119868 0.138370 0
8668.479868 0.083696 0
8671.839868 0.082850 0
8675.199868 0.131842 0
8678.559868 0.115779 0
8681.919868 0.110015 0
8685.279868 0.113099 0
8688.639868 0.113945 0
8691.999868 0.099315 0
8695.359868 0.084963 0
8698.719867 0.126617 0
8702.079867 0.115604 0
8705.439867 0.000000 1
8708.799867 0.000000 1
8712.159867 0.000000 1
8715.519867 0.000000 1
8718.879867 0.000000 1
8722.239867 0.000000 1
8725.599867 0.000000 1
8728.959866 0.000000 1
8732.319866 0.000000 1
8735.679866 0.000000 1
8739.039866 0.000000 1
8742.399866 0.000000 1
8745.759866 0.000000 1
8749.119866 0.000000 1
8752.479866 0.000000 1
8755.839866 0.000000 1
8759.199866 0.000000 1
8762.559865 0.000000 1
8765.919865 0.000000 1
8769.279865 0.000000 1
8772.639865 0.000000 1
8775.999865 0.000000 1
8779.359865 0.000000 1
8782.719865 0.000000 1
8786.079865 0.000000 1
8789.439865 0.000000 1
8792.799864 0.000000 1
8796.159864 0.000000 1
8799.519864 0.000000 1
8802.879864 0.000000 1
8806.239864 0.000000 1
8809.599864 0.000000 1
8812.959864 0.000000 1
8816.319864 0.000000 1
8819.679864 0.000000 1
8823.039864 0.000000 1
8826.399863 0.000000 1
8829.759863 0.000000 1
8833.119863 0.000000 1
8836.479863 0.000000 1
8839.839863 0.000000 1
8843.199863 0.000000 1
8846.559863 0.000000 1
8849.919863 0.000000 1
8853.279863 0.000000 1
8856.639862 0.000000 1
8859.999862 0.000000 1
8863.359862 0.000000 1
8866.719862 0.000000 1
8870.079862 0.000000 1
8873.439862 0.000000 1
8876.799862 0.000000 1
8880.159862 0.000000 1
8883.519862 0.000000 1
8886.879862 0.000000 1
8890.239861 0.000000 1
8893.599861 0.000000 1
8896.959861 0.000000 1
8900.319861 0.000000 1
8903.679861 0.000000 1
8907.039861 0.000000 1
8910.399861 0.000000 1
8913.759861 0.000000 1
8917.119861 0.000000 1
8920.479860 0.000000 1
8923.839860 0.000000 1
8927.199860 0.000000 1
8930.559860 0.000000 1
8933.919860 0.000000 1
8937.279860 0.000000 1
8940.639860 0.000000 1
8943.999860 0.000000 1
8947.359860 0.000000 1
8950.719860 0.000000 1
8954.079859 0.000000 1
8957.439859 0.000000 1
8960.799859 0.000000 1
8964.159859 0.000000 1
8967.519859 0.000000 1
8970.879859 0.000000 1
8974.239859 0.000000 1
8977.599859 0.000000 1
8980.959859 0.000000 1
8984.319858 0.000000 1
8987.679858 0.000000 1
8991.039858 0.000000 1
8994.399858 0.000000 1
8997.759858 0.000000 1
9001.119858 0.000000 1
9004.479858 0.000000 1
9007.839858 0.000000 1
9011.199858 0.000000 1
9014.559858 0.000000 1
9017.919857 0.000000 1
9021.279857 0.000000 1
9024.639857 0.000000 1
9027.999857 0.000000 1
9031.359857 0.000000 1
9034.719857 0.000000 1
9038.079857 0.000000 1
9041.439857 0.000000 1
9044.799857 0.000000 1
9048.159856 0.000000 1
9051.519856 0.000000 1
9054.879856 0.000000 1
9058.239856 0.000000 1
9061.599856 0.000000 1
9064.959856 0.000000 1
9068.319856 0.000000 1
9071.679856 0.000000 1
9075.039856 0.000000 1
9078.399856 0.000000 1
9081.759855 0.000000 1
9085.119855 0.000000 1
9088.479855 0.000000 1
9091.839855 0.000000 1
9095.199855 0.000000 1
9098.559855 0.000000 1
9101.919855 0.000000 1
9105.279855 0.000000 1
9108.639855 0.000000 1
9111.999855 0.000000 1
9115.359854 0.000000 1
9118.719854 0.000000 1
9122.079854 0.000000 1
9125.439854 0.000000 1
9128.799854 0.000000 1
9132.159854 0.000000 1
9135.519854 0.000000 1
9138.879854 0.000000 1
9142.239854 0.000000 1
9145.599853 0.000000 1
9148.959853 0.000000 1
9152.319853 0.000000 1
9155.679853 0.000000 1
9159.039853 0.000000 1
9162.399853 0.000000 1
9165.759853 0.000000 1
9169.119853 0.000000 1
9172.479853 0.000000 1
9175.839853 0.000000 1
9179.199852 0.000000 1
9182.559852 0.000000 1
9185.919852 0.000000 1
9189.279852 0.000000 1
9192.639852 0.000000 1
9195.999852 0.000000 1
9199.359852 0.000000 1
9202.719852 0.000000 1
9206.079852 0.000000 1
9209.439851 0.000000 1
9212.799851 0.000000 1
9216.159851 0.000000 1
9219.519851 0.000000 1
9222.879851 0.000000 1
9226.239851 0.000000 1
9229.599851 0.000000 1
9232.959851 0.000000 1
9236.319851 0.000000 1
9239.679851 0.000000 1
9243.039850 0.000000 1
9246.399850 0.000000 1
9249.759850 0.000000 1
