# obs: 255710
# slit: 11m
# z: -1.00000
# lines: not in catalog
# spec: 10
4451.680176 0.000000 1
4455.040176 0.000000 1
4458.400176 0.000000 1
4461.760176 0.000000 1
4465.120176 0.000000 1
4468.480176 0.000000 1
4471.840176 0.000000 1
4475.200176 0.000000 1
4478.560176 0.000000 1
4481.920176 0.000000 1
4485.280176 0.000000 1
4488.640176 0.000000 1
4492.000176 0.000000 1
4495.360176 0.000000 1
4498.720176 0.000000 1
4502.080176 0.000000 1
4505.440176 0.000000 1
4508.800176 0.000000 1
4512.160176 0.000000 1
4515.520176 0.000000 1
4518.880176 0.000000 1
4522.240176 0.001041 0
4525.600176 0.002124 0
4528.960176 0.014869 0
4532.320176 0.018071 0
4535.680176 0.018317 0
4539.040176 0.029114 0
4542.400176 0.021107 0
4545.760176 0.018591 0
4549.120176 0.007151 0
4552.480176 0.018630 0
4555.840176 0.015677 0
4559.200176 0.020357 0
4562.560176 0.017296 0
4565.920176 0.011747 0
4569.280176 0.020793 0
4572.640176 0.018513 0
4576.000176 0.019071 0
4579.360176 0.013263 0
4582.720176 0.017091 0
4586.080176 0.017424 0
4589.440176 0.013890 0
4592.800176 0.018457 0
4596.160176 0.016565 0
4599.520176 0.015119 0
4602.880176 0.019564 0
4606.240176 0.011510 0
4609.600176 0.014272 0
4612.960176 0.014456 0
4616.320176 0.016830 0
4619.680176 0.014254 0
4623.040176 0.012843 0
4626.400176 0.017689 0
4629.760176 0.015700 0
4633.120176 0.013540 0
4636.480176 0.015113 0
4639.840176 0.012984 0
4643.200176 0.012037 0
4646.560176 0.016524 0
4649.920176 0.014258 0
4653.280176 0.011531 0
4656.640176 0.014220 0
4660.000176 0.010785 0
4663.360176 0.012379 0
4666.720176 0.017243 0
4670.080176 0.017502 0
4673.440176 0.018597 0
4676.800176 0.012455 0
4680.160176 0.018788 0
4683.520176 0.018538 0
4686.880176 0.014882 0
4690.240176 0.014623 0
4693.600176 0.014347 0
4696.960176 0.016554 0
4700.320176 0.019307 0
4703.680176 0.015643 0
4707.040176 0.013867 0
4710.400176 0.011377 0
4713.760176 0.010264 0
4717.120176 0.007266 0
4720.480176 0.010701 0
4723.840176 0.016379 0
4727.200176 0.013057 0
4730.560176 0.013299 0
4733.920176 0.011075 0
4737.280176 0.014092 0
4740.640176 0.014468 0
4744.000176 0.011240 0
4747.360176 0.014026 0
4750.720176 0.011806 0
4754.080176 0.017056 0
4757.440176 0.018595 0
4760.800176 0.020852 0
4764.160176 0.009706 0
4767.520176 0.006526 0
4770.880176 0.009255 0
4774.240176 0.013835 0
4777.600176 0.020363 0
4780.960176 0.017252 0
4784.320176 0.011958 0
4787.680176 0.014884 0
4791.040176 0.014946 0
4794.400176 0.018237 0
4797.760176 0.012091 0
4801.120176 0.003790 0
4804.480176 0.016213 0
4807.840176 0.015432 0
4811.200176 0.017805 0
4814.560176 0.014911 0
4817.920176 0.015517 0
4821.280176 0.016291 0
4824.640176 0.011567 0
4828.000176 0.011452 0
4831.360176 0.015635 0
4834.720176 0.014026 0
4838.080176 0.014003 0
4841.440176 0.018193 0
4844.800176 0.017222 0
4848.160176 0.014394 0
4851.520176 0.017387 0
4854.880176 0.018821 0
4858.240176 0.020716 0
4861.600176 0.009698 0
4864.960176 0.008010 0
4868.320176 0.016288 0
4871.680176 0.014205 0
4875.040176 0.009191 0
4878.400176 0.011071 0
4881.760176 0.015127 0
4885.120176 0.011017 0
4888.480176 0.014336 0
4891.840176 0.014234 0
4895.200176 0.007849 0
4898.560176 0.012004 0
4901.920176 0.007951 0
4905.280176 0.009541 0
4908.640176 0.012373 0
4912.000176 0.009541 0
4915.360176 0.017203 0
4918.720176 0.014653 0
4922.080176 0.005148 0
4925.440176 0.006655 0
4928.800176 0.011462 0
4932.160176 0.011326 0
4935.520176 0.012469 0
4938.880176 0.014332 0
4942.240176 0.011477 0
4945.600176 0.007313 0
4948.960176 0.015322 0
4952.320176 0.018289 0
4955.680176 0.007714 0
4959.040176 0.012801 0
4962.400176 0.012812 0
4965.760176 0.012609 0
4969.120176 0.009391 0
4972.480176 0.010340 0
4975.840176 0.010332 0
4979.200176 0.011533 0
4982.560176 0.011016 0
4985.920176 0.005828 0
4989.280176 0.010639 0
4992.640176 0.016679 0
4996.000176 0.015426 0
4999.360176 0.005251 0
5002.720176 0.017247 0
5006.080176 0.013070 0
5009.440176 0.010790 0
5012.800176 0.010309 0
5016.160176 0.018662 0
5019.520176 0.012718 0
5022.880176 0.010086 0
5026.240176 0.016639 0
5029.600176 0.012062 0
5032.960176 0.009242 0
5036.320176 0.012973 0
5039.680176 0.010204 0
5043.040176 0.012479 0
5046.400176 0.009636 0
5049.760176 0.010353 0
5053.120176 0.015013 0
5056.480176 0.015506 0
5059.840176 0.014916 0
5063.200176 0.022858 0
5066.560176 0.012427 0
5069.920176 0.014942 0
5073.280176 0.009307 0
5076.640176 0.010908 0
5080.000176 0.009187 0
5083.360176 0.003941 0
5086.720176 0.005541 0
5090.080176 0.012219 0
5093.440176 0.010914 0
5096.800176 0.018712 0
5100.160176 0.016509 0
5103.520176 0.005238 0
5106.880176 0.017032 0
5110.240176 0.012997 0
5113.600176 0.014676 0
5116.960176 0.009428 0
5120.320176 0.010193 0
5123.680176 0.009852 0
5127.040176 0.011646 0
5130.400176 0.014631 0
5133.760176 0.002935 0
5137.120176 0.016196 0
5140.480176 0.007136 0
5143.840176 0.014390 0
5147.200176 0.013467 0
5150.560176 0.007956 0
5153.920176 0.008647 0
5157.280176 0.012223 0
5160.640176 0.015551 0
5164.000176 0.012322 0
5167.360176 0.012651 0
5170.720176 0.015436 0
5174.080176 0.015926 0
5177.440176 0.013772 0
5180.800176 0.009996 0
5184.160176 0.011773 0
5187.520176 0.012469 0
5190.880176 0.009200 0
5194.240176 0.009066 0
5197.600176 0.010454 0
5200.960176 0.011337 0
5204.320176 0.017623 0
5207.680176 0.009801 0
5211.040176 0.012826 0
5214.400176 0.009938 0
5217.760176 0.009075 0
5221.120176 0.018909 0
5224.480176 0.013118 0
5227.840176 0.013097 0
5231.200176 0.012923 0
5234.560176 0.010849 0
5237.920176 0.010316 0
5241.280176 0.012774 0
5244.640176 0.010206 0
5248.000176 0.015075 0
5251.360176 0.014386 0
5254.720176 0.010613 0
5258.080176 0.015846 0
5261.440176 0.009472 0
5264.800176 0.014862 0
5268.160176 0.014827 0
5271.520176 0.016670 0
5274.880176 0.017945 0
5278.240176 0.012369 0
5281.600176 0.015341 0
5284.960176 0.009144 0
5288.320176 0.013111 0
5291.680176 0.010916 0
5295.040176 0.015262 0
5298.400176 0.010295 0
5301.760176 0.013082 0
5305.120176 0.012720 0
5308.480176 0.011969 0
5311.840176 0.010381 0
5315.200176 0.014399 0
5318.560176 0.015095 0
5321.920176 0.017802 0
5325.280176 0.010121 0
5328.640176 0.013667 0
5332.000176 0.015783 0
5335.360176 0.012351 0
5338.720176 0.009049 0
5342.080176 0.010030 0
5345.440176 0.010339 0
5348.800176 0.008385 0
5352.160176 0.009313 0
5355.520176 0.013180 0
5358.880176 0.008166 0
5362.240176 0.010700 0
5365.600176 0.015007 0
5368.960176 0.011818 0
5372.320176 0.008529 0
5375.680176 0.013239 0
5379.040176 0.004853 0
5382.400176 0.012592 0
5385.760176 0.011548 0
5389.120176 0.007714 0
5392.480176 0.014922 0
5395.840176 0.010490 0
5399.200176 0.011975 0
5402.560176 0.010586 0
5405.920176 0.011818 0
5409.280176 0.012728 0
5412.640176 0.014710 0
5416.000176 0.011072 0
5419.360176 0.008656 0
5422.720176 0.016810 0
5426.080176 0.014235 0
5429.440176 0.013947 0
5432.800176 0.013828 0
5436.160176 0.008296 0
5439.520176 0.010938 0
5442.880176 0.011424 0
5446.240176 0.008787 0
5449.600176 0.007977 0
5452.960176 0.011687 0
5456.320176 0.013314 0
5459.680176 0.010706 0
5463.040176 0.015570 0
5466.400176 0.017471 0
5469.760176 0.013544 0
5473.120176 0.011264 0
5476.480176 0.010498 0
5479.840176 0.011281 0
5483.200176 0.010692 0
5486.560176 0.007696 0
5489.920176 0.011775 0
5493.280176 0.014768 0
5496.640176 0.011830 0
5500.000176 0.010507 0
5503.360176 0.008330 0
5506.720176 0.009154 0
5510.080176 0.009916 0
5513.440176 0.010554 0
5516.800176 0.013101 0
5520.160176 0.011910 0
5523.520176 0.009619 0
5526.880176 0.009892 0
5530.240176 0.015843 0
5533.600176 0.012646 0
5536.960176 0.009975 0
5540.320176 0.012870 0
5543.680176 0.006829 0
5547.040176 0.004442 0
5550.400176 0.010984 0
5553.760176 0.011136 0
5557.120176 0.010343 0
5560.480176 0.008131 0
5563.840176 0.010720 1
5567.200176 0.017441 1
5570.560176 0.107621 1
5573.920176 0.052344 1
5577.280176 -0.047448 1
5580.640176 -0.067641 1
5584.000176 -0.073225 1
5587.360176 0.006055 1
5590.720176 0.018089 1
5594.080176 0.010108 1
5597.440176 -0.005462 1
5600.800176 0.005252 1
5604.160176 0.008946 0
5607.520176 0.009354 0
5610.880176 0.018208 0
5614.240176 0.013238 0
5617.600176 0.010098 0
5620.960176 0.013363 0
5624.320176 0.011634 0
5627.680176 0.010339 0
5631.040176 0.006869 0
5634.400176 0.013295 0
5637.760176 0.012916 0
5641.120176 0.010422 0
5644.480176 0.011021 0
5647.840176 0.008710 0
5651.200176 0.007498 0
5654.560176 0.010733 0
5657.920176 0.009874 0
5661.280176 0.010150 0
5664.640176 0.008518 0
5668.000176 0.007831 0
5671.360176 0.006094 0
5674.720176 0.015410 0
5678.080176 0.011751 0
5681.440176 0.009925 0
5684.800176 0.016268 0
5688.160176 0.010214 0
5691.520176 0.009159 0
5694.880176 0.009085 0
5698.240176 0.011423 0
5701.600176 0.012676 0
5704.960176 0.007086 0
5708.320176 0.009750 0
5711.680176 0.008270 0
5715.040176 0.009780 0
5718.400176 0.008968 0
5721.760176 0.007825 0
5725.120176 0.011244 0
5728.480176 0.008008 0
5731.840176 0.003791 0
5735.200176 0.005294 0
5738.560176 0.010458 0
5741.920176 0.013055 0
5745.280176 0.009895 0
5748.640176 0.008547 0
5752.000176 0.013718 0
5755.360176 0.008458 0
5758.720176 0.006769 0
5762.080176 0.009742 0
5765.440176 0.018301 0
5768.800176 0.006170 0
5772.160176 0.010026 0
5775.520176 0.011124 0
5778.880176 0.009316 0
5782.240176 0.016540 0
5785.600176 0.006176 0
5788.960176 0.005895 0
5792.320176 0.011196 0
5795.680176 0.012002 0
5799.040176 0.007119 0
5802.400176 0.011825 0
5805.760176 0.012228 0
5809.120176 0.012072 0
5812.480176 0.010412 0
5815.840176 0.009043 0
5819.200176 0.010975 0
5822.560176 0.007197 0
5825.920176 0.009365 0
5829.280176 0.013475 0
5832.640176 0.011976 0
5836.000176 0.008024 0
5839.360176 0.003539 0
5842.720176 0.004971 0
5846.080176 0.010800 0
5849.440176 0.011445 0
5852.800176 0.010000 0
5856.160176 0.013579 0
5859.520176 0.006847 0
5862.880176 0.012899 0
5866.240176 0.011819 0
5869.600176 0.008294 0
5872.960176 0.011659 0
5876.320176 0.011257 0
5879.680176 0.012221 0
5883.040176 0.014288 0
5886.400176 0.016583 0
5889.760176 0.012222 0
5893.120176 0.001639 0
5896.480176 0.004843 0
5899.840176 -0.001270 0
5903.200176 0.013757 0
5906.560176 0.002801 0
5909.920176 0.013577 0
5913.280176 0.014364 0
5916.640176 0.008865 0
5920.000176 0.016062 0
5923.360176 0.012283 0
5926.720176 0.010382 0
5930.080176 0.007164 0
5933.440176 0.006720 0
5936.800176 0.008356 0
5940.160176 0.007024 0
5943.520176 0.014892 0
5946.880176 0.014561 0
5950.240176 0.007728 0
5953.600176 0.012446 0
5956.960176 0.011463 0
5960.320176 0.000615 0
5963.680176 0.006468 0
5967.040176 0.008740 0
5970.400176 0.015441 0
5973.760176 0.012194 0
5977.120176 0.009774 0
5980.480176 0.006320 0
5983.840176 0.009286 0
5987.200176 0.006817 0
5990.560176 0.005411 0
5993.920176 0.012393 0
5997.280176 0.007327 0
6000.640176 0.005793 0
6004.000176 0.008883 0
6007.360176 0.013843 0
6010.720176 0.005103 0
6014.080176 0.006508 0
6017.440176 0.009681 0
6020.800176 0.010306 0
6024.160176 0.009825 0
6027.520176 0.007984 0
6030.880176 0.007106 0
6034.240176 0.004415 0
6037.600176 0.005312 0
6040.960176 0.002791 0
6044.320176 0.008511 0
6047.680176 0.009180 0
6051.040176 0.003948 0
6054.400176 0.008739 0
6057.760176 0.006420 0
6061.120176 0.006385 0
6064.480176 0.007614 0
6067.840176 0.011075 0
6071.200176 0.007905 0
6074.560176 0.008720 0
6077.920176 0.009098 0
6081.280176 0.004040 0
6084.640176 0.006597 0
6088.000176 0.010982 0
6091.360176 0.009957 0
6094.720176 0.010370 0
6098.080176 0.010914 0
6101.440176 0.006027 0
6104.800176 0.007247 0
6108.160176 0.012147 0
6111.520176 0.012560 0
6114.880176 0.008126 0
6118.240176 0.009140 0
6121.600176 0.009951 0
6124.960176 0.012960 0
6128.320176 0.011637 0
6131.680176 0.004477 0
6135.040176 0.008453 0
6138.400176 0.013865 0
6141.760176 0.012502 0
6145.120176 0.007204 0
6148.480176 0.008430 0
6151.840176 0.009220 0
6155.200176 0.006884 0
6158.560176 0.004574 0
6161.920176 0.013248 0
6165.280176 0.012782 0
6168.640176 0.002108 0
6172.000176 0.010216 0
6175.360176 0.006647 0
6178.720176 0.008964 0
6182.080176 0.008056 0
6185.440176 0.004261 0
6188.800176 0.006598 0
6192.160176 0.006771 0
6195.520176 0.004994 0
6198.880176 0.007662 0
6202.240176 0.008167 0
6205.600176 0.007996 0
6208.960176 0.003599 0
6212.320176 0.010660 0
6215.680176 0.006766 0
6219.040176 0.006493 0
6222.400176 0.007462 0
6225.760176 0.004513 0
6229.120176 0.010272 0
6232.480176 0.007070 0
6235.840176 0.013079 0
6239.200176 0.002778 0
6242.560176 0.002746 0
6245.920176 0.009369 0
6249.280176 0.006157 0
6252.640176 0.004859 0
6256.000176 0.005724 0
6259.360176 0.010150 0
6262.720176 0.010255 0
6266.080176 0.006031 0
6269.440176 0.007922 0
6272.800176 0.010584 0
6276.160176 0.002913 0
6279.520176 0.006643 0
6282.880176 0.014754 0
6286.240176 0.005586 0
6289.600176 0.012877 0
6292.960176 0.004928 0
6296.320176 0.014481 0
6299.680176 0.006541 0
6303.040176 -0.008425 0
6306.400176 -0.003790 0
6309.760176 0.002398 0
6313.120176 0.003055 0
6316.480176 0.013098 0
6319.840176 0.010943 0
6323.200176 0.000232 0
6326.560176 0.004299 0
6329.920176 0.006428 0
6333.280176 0.003335 0
6336.640176 0.007266 0
6340.000176 0.012188 0
6343.360176 0.009715 0
6346.720176 0.010293 0
6350.080176 0.009529 0
6353.440176 0.008878 0
6356.800176 0.003348 0
6360.160176 0.005050 0
6363.520176 0.008888 0
6366.880176 0.009812 0
6370.240176 0.009407 0
6373.600176 0.013045 0
6376.960176 0.009736 0
6380.320176 0.009570 0
6383.680176 0.004781 0
6387.040176 0.003381 0
6390.400176 0.010325 0
6393.760176 0.010544 0
6397.120176 0.004402 0
6400.480176 0.007210 0
6403.840176 0.009461 0
6407.200176 0.007616 0
6410.560176 0.007573 0
6413.920176 0.008685 0
6417.280176 0.012384 0
6420.640176 0.009529 0
6424.000176 0.008980 0
6427.360176 0.011641 0
6430.720176 0.006435 0
6434.080176 0.011138 0
6437.440176 0.009651 0
6440.800176 0.009033 0
6444.160176 0.008967 0
6447.520176 0.007452 0
6450.880176 0.011194 0
6454.240176 0.010076 0
6457.600176 0.005842 0
6460.960176 0.009269 0
6464.320176 0.002041 0
6467.680176 0.011778 0
6471.040176 0.008617 0
6474.400176 0.009728 0
6477.760176 0.006176 0
6481.120176 0.005646 0
6484.480176 0.008648 0
6487.840176 0.001419 0
6491.200176 0.008049 0
6494.560176 0.013967 0
6497.920176 0.012904 0
6501.280176 0.009360 0
6504.640176 0.000239 0
6508.000176 0.004748 0
6511.360176 0.007691 0
6514.720176 0.003344 0
6518.080176 0.007962 0
6521.440176 0.003807 0
6524.800176 0.012845 0
6528.160176 0.007756 0
6531.520176 0.012833 0
6534.880176 0.010350 0
6538.240176 0.006756 0
6541.600176 0.013402 0
6544.960176 0.008319 0
6548.320176 0.001251 0
6551.680176 0.005678 0
6555.040176 0.006329 0
6558.400176 0.002483 0
6561.760176 0.009741 0
6565.120176 0.008066 0
6568.480176 0.004325 0
6571.840176 0.000351 0
6575.200176 0.001439 0
6578.560176 0.004920 0
6581.920176 -0.000541 0
6585.280176 0.006049 0
6588.640176 0.010029 0
6592.000176 0.010290 0
6595.360176 0.007034 0
6598.720176 0.007840 0
6602.080176 0.007250 0
6605.440176 0.007117 0
6608.800176 0.003515 0
6612.160176 0.000794 0
6615.520176 0.004381 0
6618.880176 0.001702 0
6622.240176 0.013218 0
6625.600176 0.008144 0
6628.960176 0.002088 0
6632.320176 0.007627 0
6635.680176 0.008728 0
6639.040176 0.007706 0
6642.400176 0.007729 0
6645.760176 0.012632 0
6649.120176 0.009979 0
6652.480176 0.008921 0
6655.840176 0.007578 0
6659.200176 0.010854 0
6662.560176 0.004910 0
6665.920176 0.009036 0
6669.280176 0.003184 0
6672.640176 0.007154 0
6676.000176 0.006926 0
6679.360176 0.010715 0
6682.720176 0.007398 0
6686.080176 0.011883 0
6689.440176 0.010384 0
6692.800176 0.006833 0
6696.160176 0.004601 0
6699.520176 0.012473 0
6702.880176 0.003965 0
6706.240176 0.007170 0
6709.600176 0.009645 0
6712.960176 0.009008 0
6716.320176 0.009106 0
6719.680176 0.007491 0
6723.040176 0.005242 0
6726.400176 0.008817 0
6729.760176 0.008699 0
6733.120176 0.003371 0
6736.480176 0.000002 0
6739.840176 0.004409 0
6743.200176 0.004288 0
6746.560176 0.006367 0
6749.920176 0.008801 0
6753.280176 0.004704 0
6756.640176 0.009694 0
6760.000176 0.009085 0
6763.360176 0.004755 0
6766.720176 0.007693 0
6770.080176 0.010666 0
6773.440176 0.009044 0
6776.800176 0.005542 0
6780.160176 0.008659 0
6783.520176 0.004332 0
6786.880176 0.003904 0
6790.240176 0.008945 0
6793.600176 0.009170 0
6796.960176 0.008788 0
6800.320176 0.009116 0
6803.680176 0.007136 0
6807.040176 0.009089 0
6810.400176 0.010750 0
6813.760176 0.008523 0
6817.120176 0.009779 0
6820.480176 0.006452 0
6823.840176 0.005239 0
6827.200176 0.005261 0
6830.560176 -0.004369 0
6833.920176 -0.001314 0
6837.280176 0.006836 0
6840.640176 0.003321 0
6844.000176 0.008863 0
6847.360176 0.010183 0
6850.720176 0.004794 0
6854.080176 0.008062 0
6857.440176 0.006906 0
6860.800176 0.002432 0
6864.160176 0.002009 0
6867.520176 0.002920 0
6870.880176 0.002107 0
6874.240176 0.004149 0
6877.600176 0.004457 0
6880.960176 0.006666 0
6884.320176 0.009441 0
6887.680176 0.003155 0
6891.040176 0.003343 0
6894.400176 0.006666 0
6897.760176 0.003399 0
6901.120176 0.006735 0
6904.480176 0.011567 0
6907.840176 0.005533 0
6911.200176 0.013362 0
6914.560176 0.008949 0
6917.920176 -0.001151 0
6921.280176 0.007021 0
6924.640176 0.011893 0
6928.000176 0.009313 0
6931.360176 0.011475 0
6934.720176 0.006702 0
6938.080176 0.008899 0
6941.440176 0.006759 0
6944.800176 0.009200 0
6948.160176 0.008221 0
6951.520176 0.008184 0
6954.880176 0.004813 0
6958.240176 0.004854 0
6961.600176 0.007965 0
6964.960176 0.006719 0
6968.320176 0.002900 0
6971.680176 0.001581 0
6975.040176 -0.000975 0
6978.400176 0.004171 0
6981.760176 0.008492 0
6985.120176 0.004677 0
6988.480176 0.000122 0
6991.840176 0.005377 0
6995.200176 0.004841 0
6998.560176 0.010012 0
7001.920176 0.007746 0
7005.280176 0.004512 0
7008.640176 0.009482 0
7012.000176 0.005876 0
7015.360176 0.000948 0
7018.720176 0.004966 0
7022.080176 0.006324 0
7025.440176 0.009155 0
7028.800176 0.005748 0
7032.160176 0.002979 0
7035.520176 0.001220 0
7038.880176 0.006436 0
7042.240176 0.004719 0
7045.600176 0.008692 0
7048.960176 0.010168 0
7052.320176 0.005637 0
7055.680176 0.004457 0
7059.040176 0.009771 0
7062.400176 0.005750 0
7065.760176 0.003689 0
7069.120176 0.012375 0
7072.480176 0.005513 0
7075.840176 0.002871 0
7079.200176 0.004971 0
7082.560176 0.011675 0
7085.920176 0.009845 0
7089.280176 0.004968 0
7092.640176 0.006519 0
7096.000176 0.006755 0
7099.360176 0.006919 0
7102.720176 0.005431 0
7106.080176 0.002464 0
7109.440176 0.005667 0
7112.800176 0.009758 0
7116.160176 0.011175 0
7119.520176 0.014557 0
7122.880176 0.010900 0
7126.240176 0.002105 0
7129.600176 0.006799 0
7132.960176 0.007592 0
7136.320176 0.010121 0
7139.680176 0.009077 0
7143.040176 0.011543 0
7146.400176 0.012731 0
7149.760176 0.008539 0
7153.120176 0.002684 0
7156.480176 0.004247 0
7159.840176 0.008127 0
7163.200176 0.010128 0
7166.560176 0.004559 0
7169.920176 0.007706 0
7173.280176 0.010206 0
7176.640176 0.006708 0
7180.000176 0.005381 0
7183.360176 0.009241 0
7186.720176 0.006242 0
7190.080176 0.006732 0
7193.440176 0.000782 0
7196.800176 0.004518 0
7200.160176 0.005179 0
7203.520176 0.009801 0
7206.880176 0.008506 0
7210.240176 0.008002 0
7213.600176 0.009896 0
7216.960176 0.009914 0
7220.320176 0.003554 0
7223.680176 0.006632 0
7227.040176 0.000617 0
7230.400176 0.004054 0
7233.760176 0.004484 0
7237.120176 -0.000236 0
7240.480176 0.001906 0
7243.840176 -0.012974 0
7247.200176 -0.001541 0
7250.560176 0.005500 0
7253.920176 0.009352 0
7257.280176 0.001469 0
7260.640176 0.007068 0
7264.000176 0.008155 0
7267.360176 0.007146 0
7270.720176 -0.001488 0
7274.080176 0.005557 0
7277.440176 0.011634 0
7280.800176 -0.014455 0
7284.160176 -0.006527 0
7287.520176 0.003846 0
7290.880176 0.005803 0
7294.240176 0.007714 0
7297.600176 0.007000 0
7300.960176 0.007626 0
7304.320176 0.012332 0
7307.680176 0.004658 0
7311.040176 0.011044 0
7314.400176 0.006634 0
7317.760176 0.011540 0
7321.120176 -0.009102 0
7324.480176 0.007874 0
7327.840176 0.005713 0
7331.200176 0.004979 0
7334.560176 0.010516 0
7337.920176 0.008467 0
7341.280176 -0.000438 0
7344.640176 -0.002559 0
7348.000176 0.001300 0
7351.360176 -0.001567 0
7354.720176 0.000592 0
7358.080176 0.004034 0
7361.440176 0.013027 0
7364.800176 0.009107 0
7368.160176 0.013489 0
7371.520176 0.008511 0
7374.880176 -0.005944 0
7378.240176 0.008021 0
7381.600176 0.006752 0
7384.960176 0.006860 0
7388.320176 0.009648 0
7391.680176 0.003752 0
7395.040176 0.007521 0
7398.400176 -0.000156 0
7401.760176 0.002698 0
7405.120176 0.001365 0
7408.480176 -0.001713 0
7411.840176 0.006000 0
7415.200176 0.002004 0
7418.560176 0.004448 0
7421.920176 0.006132 0
7425.280176 0.003932 0
7428.640176 0.001540 0
7432.000176 0.009460 0
7435.360176 0.007394 0
7438.720176 0.004974 0
7442.080176 0.012396 0
7445.440176 0.010629 0
7448.800176 0.009758 0
7452.160176 0.003350 0
7455.520176 0.005271 0
7458.880176 0.001750 0
7462.240176 0.006933 0
7465.600176 0.009628 0
7468.960176 0.003523 0
7472.320176 0.016858 0
7475.680176 0.009074 0
7479.040176 0.002404 0
7482.400176 0.000388 0
7485.760176 -0.001696 0
7489.120176 0.005949 0
7492.480176 0.004358 0
7495.840176 0.004369 0
7499.200176 0.003646 0
7502.560176 0.003124 0
7505.920176 0.007491 0
7509.280176 0.006914 0
7512.640176 0.009267 0
7516.000176 0.001715 0
7519.360176 0.004345 0
7522.720176 0.005816 0
7526.080176 0.001985 0
7529.440176 -0.000453 0
7532.800176 0.000305 0
7536.160176 0.003202 0
7539.520176 0.003744 0
7542.880176 0.007226 0
7546.240176 0.009574 0
7549.600176 0.007478 0
7552.960176 0.004385 0
7556.320176 0.001980 0
7559.680176 0.000994 0
7563.040176 0.000870 0
7566.400176 0.005438 0
7569.760176 0.000673 0
7573.120176 0.004964 0
7576.480176 -0.000517 0
7579.840176 0.006503 0
7583.200176 0.005461 0
7586.560176 0.002561 0
7589.920176 0.001821 0
7593.280176 -0.005026 0
7596.640176 -0.008094 0
7600.000176 -0.006460 0
7603.360176 -0.010229 0
7606.720176 -0.006358 0
7610.080176 0.009107 0
7613.440176 0.005405 0
7616.800176 0.001462 0
7620.160176 -0.007151 0
7623.520176 0.003105 0
7626.880176 0.014851 0
7630.240176 0.004829 0
7633.600176 -0.001336 0
7636.960176 0.005200 0
7640.320176 0.006584 0
7643.680176 0.002863 0
7647.040176 -0.004001 0
7650.400176 0.005647 0
7653.760176 -0.000522 0
7657.120176 0.008731 0
7660.480176 0.005490 0
7663.840176 0.003115 0
7667.200176 0.001040 0
7670.560176 -0.004842 0
7673.920176 0.006047 0
7677.280176 0.005688 0
7680.640176 0.002022 0
7684.000176 0.000133 0
7687.360176 0.003738 0
7690.720176 0.007839 0
7694.080176 0.000983 0
7697.440176 -0.000028 0
7700.800176 0.002055 0
7704.160176 0.002008 0
7707.520176 0.003337 0
7710.880176 -0.012481 0
7714.240176 -0.009837 0
7717.600176 -0.000140 0
7720.960176 0.004577 0
7724.320176 0.002282 0
7727.680176 0.002201 0
7731.040176 0.002385 0
7734.400176 0.005094 0
7737.760176 0.004528 0
7741.120176 0.008228 0
7744.480176 0.013399 0
7747.840176 0.014455 0
7751.200176 -0.005024 0
7754.560176 0.006347 0
7757.920176 -0.001346 0
7761.280176 0.000919 0
7764.640176 -0.000019 0
7768.000176 0.003107 0
7771.360176 0.004495 0
7774.720176 0.000948 0
7778.080176 0.003882 0
7781.440176 -0.000715 0
7784.800176 0.003625 0
7788.160176 0.000266 0
7791.520176 0.004106 0
7794.880176 0.009415 0
7798.240176 0.006647 0
7801.600176 0.007545 0
7804.960176 0.007552 0
7808.320176 0.004364 0
7811.680176 0.003087 0
7815.040176 -0.002649 0
7818.400176 -0.005534 0
7821.760176 -0.000950 0
7825.120176 -0.001522 0
7828.480176 -0.001278 0
7831.840176 -0.000831 0
7835.200176 0.005668 0
7838.560176 -0.000209 0
7841.920176 0.003942 0
7845.280176 0.001103 0
7848.640176 0.001130 0
7852.000176 0.001429 0
7855.360176 0.016824 0
7858.720176 -0.012310 0
7862.080176 -0.001787 0
7865.440176 0.004244 0
7868.800176 0.000754 0
7872.160176 0.004767 0
7875.520176 -0.003048 0
7878.880176 0.002732 0
7882.240176 -0.000458 0
7885.600176 -0.008247 0
7888.960176 0.010492 0
7892.320176 0.006189 0
7895.680176 -0.001270 0
7899.040176 0.005119 0
7902.400176 0.003611 0
7905.760176 -0.001964 0
7909.120176 0.006280 0
7912.480176 -0.000550 0
7915.840176 0.003227 0
7919.200176 -0.007048 0
7922.560176 0.001715 0
7925.920176 0.009782 0
7929.280176 0.003514 0
7932.640176 -0.000636 0
7936.000176 0.000908 0
7939.360176 0.006568 0
7942.720176 0.001772 0
7946.080176 -0.000505 0
7949.440176 0.001142 0
7952.800176 0.000467 0
7956.160176 -0.002886 0
7959.520176 0.002858 0
7962.880176 -0.004814 0
7966.240176 -0.004721 0
7969.600176 -0.002135 0
7972.960176 0.004320 0
7976.320176 0.004833 0
7979.680176 -0.002119 0
7983.040176 -0.010746 0
7986.400176 -0.008976 0
7989.760176 0.002069 0
7993.120176 -0.005473 0
7996.480176 -0.011063 0
7999.840176 -0.002014 0
8003.200176 -0.000899 0
8006.560176 0.000433 0
8009.920176 0.006699 0
8013.280176 0.007504 0
8016.640176 0.002461 0
8020.000176 -0.006109 0
8023.360176 0.005073 0
8026.720176 0.001585 0
8030.080176 0.002007 0
8033.440176 0.002154 0
8036.800176 0.000498 0
8040.160176 0.001477 0
8043.520176 0.001470 0
8046.880176 -0.001689 0
8050.240176 0.005383 0
8053.600176 0.006384 0
8056.960176 -0.000563 0
8060.320176 0.006158 0
8063.680176 0.007307 0
8067.040176 -0.004264 0
8070.400176 0.001042 0
8073.760176 0.002562 0
8077.120176 0.005067 0
8080.480176 0.005301 0
8083.840176 0.004888 0
8087.200176 0.003753 0
8090.560176 0.005530 0
8093.920176 0.000627 0
8097.280176 0.000062 0
8100.640176 0.003000 0
8104.000176 0.004499 0
8107.360176 -0.001257 0
8110.720176 -0.000518 0
8114.080176 0.004746 0
8117.440176 0.003581 0
8120.800176 -0.001455 0
8124.160176 0.001452 0
8127.520176 0.002600 0
8130.880176 0.002829 0
8134.240176 0.003183 0
8137.600176 -0.000815 0
8140.960176 -0.001023 0
8144.320176 -0.000246 0
8147.680176 0.005605 0
8151.040176 0.001811 0
8154.400176 0.002709 0
8157.760176 0.000903 0
8161.120176 -0.001116 0
8164.480176 0.003630 0
8167.840176 0.003872 0
8171.200176 0.001228 0
8174.560176 0.004595 0
8177.920176 0.001609 0
8181.280176 0.002709 0
8184.640176 0.002055 0
8188.000176 0.006492 0
8191.360176 -0.004198 0
8194.720176 -0.001004 0
8198.080176 0.000612 0
8201.440176 0.006789 0
8204.800176 0.005406 0
8208.160176 0.003635 0
8211.520176 -0.000036 0
8214.880176 0.001250 0
8218.240176 0.004641 0
8221.600176 0.003013 0
8224.960176 0.003877 0
8228.320176 -0.000180 0
8231.680176 0.001171 0
8235.040176 0.002391 0
8238.400176 0.005333 0
8241.760176 0.001931 0
8245.120176 0.008018 0
8248.480176 -0.000573 0
8251.840176 0.000165 0
8255.200176 0.003367 0
8258.560176 0.002816 0
8261.920176 0.007160 0
8265.280176 0.004370 0
8268.640176 0.002267 0
8272.000176 -0.000769 0
8275.360176 0.010377 0
8278.720176 0.005175 0
8282.080176 -0.003198 0
8285.440176 -0.006706 0
8288.800176 0.003564 0
8292.160176 -0.002774 0
8295.520176 -0.000575 0
8298.880176 -0.006189 0
8302.240176 -0.007750 0
8305.600176 0.011463 0
8308.960176 0.006926 0
8312.320176 0.005636 0
8315.680176 -0.003306 0
8319.040176 -0.000860 0
8322.400176 0.008251 0
8325.760176 0.006461 0
8329.120176 0.006805 0
8332.480176 0.004009 0
8335.840176 0.005727 0
8339.200176 0.003811 0
8342.560176 0.004472 0
8345.920176 -0.027624 0
8349.280176 -0.028640 0
8352.640176 -0.001585 0
8356.000176 -0.001297 0
8359.360176 -0.000000 0
8362.720176 0.001623 0
8366.080176 0.004657 0
8369.440176 0.007534 0
8372.800176 0.005263 0
8376.160176 -0.002290 0
8379.520176 0.000979 0
8382.880176 0.003703 0
8386.240176 -0.006948 0
8389.600176 -0.001506 0
8392.960176 0.014646 0
8396.320176 0.000146 0
8399.680176 -0.015259 0
8403.040176 -0.002118 0
8406.400176 -0.000171 0
8409.760176 0.006097 0
8413.120176 0.008809 0
8416.480176 0.007232 0
8419.840176 0.008985 0
8423.200176 0.008870 0
8426.560176 -0.010180 0
8429.920176 -0.004702 0
8433.280176 -0.040307 0
8436.640176 0.011733 0
8440.000176 0.001845 0
8443.360176 -0.003906 0
8446.720176 -0.013206 0
8450.080176 0.004297 0
8453.440176 -0.001519 0
8456.800176 0.004569 0
8460.160176 0.004154 0
8463.520176 0.006460 0
8466.880176 0.004540 0
8470.240176 -0.009094 0
8473.600176 0.003100 0
8476.960176 0.008853 0
8480.320176 0.000708 0
8483.680176 0.008043 0
8487.040176 0.004359 0
8490.400176 -0.000171 0
8493.760176 0.003673 0
8497.120176 -0.000679 0
8500.480176 -0.006165 0
8503.840176 -0.005161 0
8507.200176 0.008295 0
8510.560176 0.006973 0
8513.920176 0.002834 0
8517.280176 0.004161 0
8520.640176 0.002840 0
8524.000176 0.003752 0
8527.360176 0.006737 0
8530.720176 0.003710 0
8534.080176 0.006756 0
8537.440176 0.002696 0
8540.800176 0.005204 0
8544.160176 0.012196 0
8547.520176 0.003252 0
8550.880176 0.005514 0
8554.240176 -0.000412 0
8557.600176 0.000095 0
8560.960176 0.005517 0
8564.320176 0.007373 0
8567.680176 0.004309 0
8571.040176 0.005344 0
8574.400176 0.007617 0
8577.760176 -0.000628 0
8581.120176 0.000117 1
8584.480176 0.002784 0
8587.840176 0.005331 0
8591.200176 0.002819 0
8594.560176 0.003265 0
8597.920176 0.000794 0
8601.280176 -0.000868 0
8604.640176 0.001881 0
8608.000176 0.004617 0
8611.360176 0.006870 0
8614.720176 -0.008194 0
8618.080176 -0.008492 0
8621.440176 -0.002225 0
8624.800176 0.010416 0
8628.160176 0.005153 0
8631.520176 0.001615 0
8634.880176 -0.000423 0
8638.240176 0.005210 0
8641.600176 0.000461 0
8644.960176 -0.001088 0
8648.320176 0.000718 0
8651.680176 -0.005519 0
8655.040176 0.006641 0
8658.400176 -0.004286 0
8661.760176 -0.008843 0
8665.120176 0.002886 0
8668.480176 0.002303 0
8671.840176 -0.003262 0
8675.200176 0.005579 0
8678.560176 -0.009978 0
8681.920176 -0.003716 0
8685.280176 0.003250 0
8688.640176 -0.008952 0
8692.000176 -0.000449 0
8695.360176 0.002900 0
8698.720176 0.000602 0
8702.080176 0.004345 0
8705.440176 0.003726 0
8708.800176 0.003034 0
8712.160176 0.001288 0
8715.520176 -0.000074 0
8718.880176 0.006535 0
8722.240176 0.008115 0
8725.600176 0.003786 0
8728.960176 0.003536 0
8732.320176 0.004488 0
8735.680176 0.004135 0
8739.040176 -0.001289 0
8742.400176 0.002004 0
8745.760176 0.010067 0
8749.120176 0.011593 0
8752.480176 0.000569 0
8755.840176 0.003931 0
8759.200176 0.007800 0
8762.560176 -0.013805 0
8765.920176 -0.013420 0
8769.280176 -0.005013 0
8772.640176 -0.009737 0
8776.000176 0.003722 0
8779.360176 -0.017574 0
8782.720176 -0.019462 0
8786.080176 -0.012081 0
8789.440176 -0.009597 0
8792.800176 0.002271 0
8796.160176 -0.002709 0
8799.520176 -0.001407 0
8802.880176 -0.002713 0
8806.240176 0.002217 0
8809.600176 -0.003361 0
8812.960176 -0.003034 0
8816.320176 0.001577 0
8819.680176 0.000871 0
8823.040176 -0.003550 0
8826.400176 0.002008 0
8829.760176 -0.006167 0
8833.120176 0.035077 0
8836.480176 -0.022375 0
8839.840176 0.004803 0
8843.200176 -0.007300 0
8846.560176 -0.003081 0
8849.920176 -0.004681 0
8853.280176 0.004322 0
8856.640176 0.000149 0
8860.000176 0.005038 0
8863.360176 -0.006722 0
8866.720176 0.002819 0
8870.080176 -0.006770 0
8873.440176 0.003380 0
8876.800176 0.003997 0
8880.160176 -0.009790 0
8883.520176 -0.021770 0
8886.880176 0.005409 0
8890.240176 -0.008627 0
8893.600176 -0.005715 0
8896.960176 -0.001921 0
8900.320176 -0.001222 0
8903.680176 -0.002977 0
8907.040176 -0.018410 0
8910.400176 -0.011082 0
8913.760176 0.008304 0
8917.120176 -0.012202 0
8920.480176 -0.002455 0
8923.840176 0.005191 0
8927.200176 0.004602 0
8930.560176 0.001099 0
8933.920176 0.002308 0
8937.280176 -0.002701 0
8940.640176 0.001361 0
8944.000176 0.006992 0
8947.360176 -0.009296 0
8950.720176 0.011226 0
8954.080176 -0.000024 0
8957.440176 -0.038040 0
8960.800176 -0.006968 0
8964.160176 0.009463 0
8967.520176 -0.007668 0
8970.880176 -0.002732 0
8974.240176 -0.001504 0
8977.600176 -0.000640 0
8980.960176 0.002404 0
8984.320176 0.004710 0
8987.680176 -0.002629 0
8991.040176 0.000962 0
8994.400176 0.003189 0
8997.760176 -0.009010 0
9001.120176 -0.010918 0
9004.480176 0.005972 0
9007.840176 -0.001307 0
9011.200176 0.002847 0
9014.560176 -0.004610 0
9017.920176 0.004256 0
9021.280176 0.003992 0
9024.640176 0.007954 0
9028.000176 0.010390 0
9031.360176 -0.006285 0
9034.720176 -0.009283 0
9038.080176 0.000411 0
9041.440176 -0.000265 0
9044.800176 -0.004205 0
9048.160176 -0.014746 0
9051.520176 -0.015041 0
9054.880176 -0.008851 0
9058.240176 -0.005365 0
9061.600176 -0.006646 0
9064.960176 -0.005676 0
9068.320176 0.000445 0
9071.680176 0.001123 0
9075.040176 -0.001235 0
9078.400176 0.004376 0
9081.760176 0.004591 0
9085.120176 -0.005447 0
9088.480176 -0.006723 0
9091.840176 -0.002231 0
9095.200176 0.007084 0
9098.560176 -0.000569 0
9101.920176 -0.008240 0
9105.280176 0.008052 0
9108.640176 0.007024 0
9112.000176 -0.002542 0
9115.360176 0.000133 0
9118.720176 0.002033 0
9122.080176 0.001930 0
9125.440176 0.003727 0
9128.800176 -0.002390 0
9132.160176 -0.000920 0
9135.520176 -0.004125 0
9138.880176 0.001116 0
9142.240176 0.001381 0
9145.600176 0.001386 0
9148.960176 0.005802 0
9152.320176 0.002609 0
9155.680176 -0.003877 0
9159.040176 0.003991 0
9162.400176 0.004445 0
9165.760176 -0.001405 0
9169.120176 0.001285 0
9172.480176 0.005104 0
9175.840176 0.006379 0
9179.200176 -0.001549 0
9182.560176 0.007999 0
9185.920176 0.002198 0
9189.280176 -0.001805 0
9192.640176 0.004749 0
9196.000176 -0.010442 0
9199.360176 -0.002848 0
9202.720176 0.000724 0
9206.080176 0.006414 0
9209.440176 0.004984 0
9212.800176 -0.004906 0
9216.160176 -0.006831 0
9219.520176 0.005549 0
9222.880176 -0.005058 0
9226.240176 -0.003531 0
9229.600176 0.002529 0
9232.960176 0.002239 0
9236.320176 0.006851 0
9239.680176 0.003533 0
9243.040176 -0.003459 0
9246.400176 0.004963 0
9249.760176 0.007090 0
