# obs: 255712
# slit: 26
# z: 0.36274
# lines: [OII],H
# spec: 340
4451.680000 0.000000 1
4455.040000 0.000000 1
4458.400000 0.000000 1
4461.760000 0.000000 1
4465.120000 0.000000 1
4468.480000 0.000000 1
4471.840000 0.000000 1
4475.200000 0.000000 1
4478.560000 0.000000 1
4481.920000 0.000000 1
4485.280000 0.000000 1
4488.640000 0.000000 1
4492.000000 0.000000 1
4495.360000 0.000000 1
4498.720000 0.000000 1
4502.080000 0.000000 1
4505.440000 0.000000 1
4508.800000 0.000000 1
4512.160000 0.000000 1
4515.520000 0.000000 1
4518.880000 0.000000 1
4522.240000 0.000000 1
4525.600000 0.003505 0
4528.960000 0.022797 0
4532.320000 0.020560 0
4535.680000 0.036645 0
4539.040000 0.041089 0
4542.400000 0.041900 0
4545.760000 0.041918 0
4549.120000 0.003876 0
4552.480000 0.035662 0
4555.840000 0.037754 0
4559.200000 0.027605 0
4562.560000 0.034799 0
4565.920000 0.020330 0
4569.280000 0.028470 0
4572.640000 0.016737 0
4576.000000 0.039747 0
4579.360000 0.040157 0
4582.720000 0.014264 0
4586.080000 0.028312 0
4589.440000 0.037119 0
4592.800000 0.019541 0
4596.160000 0.003517 0
4599.520000 0.031943 0
4602.880000 0.037790 0
4606.240000 -0.001707 0
4609.600000 0.006692 0
4612.960000 0.024321 0
4616.320000 0.026741 0
4619.680000 0.032059 0
4623.040000 0.018059 0
4626.400000 0.014901 0
4629.760000 0.022271 0
4633.120000 0.041079 0
4636.480000 0.044699 0
4639.840000 0.025916 0
4643.200000 0.008364 0
4646.560000 0.025445 0
4649.920000 0.034325 0
4653.280000 0.016527 0
4656.640000 0.005737 0
4660.000000 0.031351 0
4663.360000 0.038828 0
4666.720000 0.039169 0
4670.080000 0.035750 0
4673.440000 0.027706 0
4676.800000 0.030920 0
4680.160000 0.019057 0
4683.520000 0.020541 0
4686.880000 0.007827 0
4690.240000 0.054393 0
4693.600000 0.023767 0
4696.960000 0.019954 0
4700.320000 0.027584 0
4703.680000 0.016010 0
4707.040000 0.022895 0
4710.400000 0.039495 0
4713.760000 0.042615 0
4717.120000 0.020987 0
4720.480000 0.021947 0
4723.840000 0.039619 0
4727.200000 0.038750 0
4730.560000 0.031160 0
4733.920000 0.027489 0
4737.280000 0.039351 0
4740.640000 0.038072 0
4744.000000 0.020636 0
4747.360000 0.029521 0
4750.720000 0.034045 0
4754.080000 0.021006 0
4757.440000 0.052612 0
4760.800000 0.025038 0
4764.160000 0.008280 0
4767.520000 0.015011 0
4770.880000 0.031479 0
4774.240000 0.023589 0
4777.600000 0.028373 0
4780.960000 0.035318 0
4784.320000 0.025521 0
4787.680000 0.051357 0
4791.040000 0.011681 0
4794.400000 0.025936 0
4797.760000 0.033785 0
4801.120000 0.046736 0
4804.480000 0.034582 0
4807.840000 0.026604 0
4811.200000 0.008934 0
4814.560000 0.028861 0
4817.920000 0.026226 0
4821.280000 0.024355 0
4824.640000 0.031748 0
4828.000000 0.026407 0
4831.360000 0.041608 0
4834.720000 0.024153 0
4838.080000 0.015116 0
4841.440000 0.029210 0
4844.800000 0.024388 0
4848.160000 0.021347 0
4851.520000 0.022583 0
4854.880000 0.023424 0
4858.240000 0.031986 0
4861.600000 0.024908 0
4864.960000 0.023273 0
4868.320000 0.021509 0
4871.680000 0.028500 0
4875.040000 0.042515 0
4878.400000 0.031896 0
4881.760000 0.034087 0
4885.120000 0.027838 0
4888.480000 0.029537 0
4891.840000 0.046579 0
4895.200000 0.019861 0
4898.560000 0.018502 0
4901.920000 0.031616 0
4905.280000 0.037011 0
4908.640000 0.031485 0
4912.000000 0.024627 0
4915.360000 0.018010 0
4918.720000 0.014792 0
4922.080000 0.029287 0
4925.440000 -0.006141 0
4928.800000 0.046279 0
4932.160000 -0.002662 0
4935.520000 0.036880 0
4938.880000 0.022416 0
4942.240000 0.044134 0
4945.600000 0.031967 0
4948.960000 0.023569 0
4952.320000 0.014926 0
4955.680000 0.028260 0
4959.040000 0.028938 0
4962.400000 0.026016 0
4965.760000 0.041313 0
4969.120000 0.052510 0
4972.480000 0.034504 0
4975.840000 0.027799 0
4979.200000 0.030591 0
4982.560000 0.026244 0
4985.920000 0.032326 0
4989.280000 0.021007 0
4992.640000 0.030961 0
4996.000000 0.035063 0
4999.360000 0.030852 0
5002.720000 0.035419 0
5006.080000 0.047611 0
5009.440000 0.025818 0
5012.800000 0.025335 0
5016.160000 0.029263 0
5019.520000 0.022645 0
5022.880000 0.016481 0
5026.240000 0.036858 0
5029.600000 0.044472 0
5032.960000 0.037228 0
5036.320000 0.035135 0
5039.680000 0.042395 0
5043.040000 0.031560 0
5046.400000 0.016240 0
5049.760000 0.031269 0
5053.120000 0.041751 0
5056.480000 0.025579 0
5059.840000 0.040477 0
5063.200000 0.039881 0
5066.560000 0.027495 0
5069.920000 0.050975 0
5073.280000 0.057329 0
5076.640000 0.121503 0
5080.000000 0.134109 0
5083.360000 0.137232 0
5086.720000 0.059863 0
5090.080000 0.054875 0
5093.440000 0.036082 0
5096.800000 0.036484 0
5100.160000 0.031517 0
5103.520000 0.033276 0
5106.880000 0.039199 0
5110.240000 0.026602 0
5113.600000 0.027521 0
5116.960000 0.018927 0
5120.320000 0.034484 0
5123.680000 0.035789 0
5127.040000 0.029477 0
5130.400000 0.030574 0
5133.760000 0.032825 0
5137.120000 0.016938 0
5140.480000 0.023384 0
5143.840000 0.031733 0
5147.200000 0.035639 0
5150.560000 0.029018 0
5153.920000 0.033105 0
5157.280000 0.040076 0
5160.640000 0.043838 0
5164.000000 0.028723 0
5167.360000 0.031623 0
5170.720000 0.030405 0
5174.080000 0.026958 0
5177.440000 0.026478 0
5180.800000 0.029294 0
5184.160000 0.026736 0
5187.520000 0.038613 0
5190.880000 0.051110 0
5194.240000 0.035319 0
5197.600000 0.037149 0
5200.960000 0.033082 0
5204.320000 0.048954 0
5207.680000 0.030230 0
5211.040000 0.030677 0
5214.400000 0.036649 0
5217.760000 0.033133 0
5221.120000 0.039678 0
5224.480000 0.028938 0
5227.840000 0.021721 0
5231.200000 0.029364 0
5234.560000 0.025969 0
5237.920000 0.030808 0
5241.280000 0.028700 0
5244.640000 0.018926 0
5248.000000 0.040321 0
5251.360000 0.040039 0
5254.720000 0.059093 0
5258.080000 0.045509 0
5261.440000 0.023687 0
5264.800000 0.031506 0
5268.160000 0.038136 0
5271.520000 0.037149 0
5274.880000 0.051610 0
5278.240000 0.052730 0
5281.600000 0.036289 0
5284.960000 0.021163 0
5288.320000 0.028668 0
5291.680000 0.038504 0
5295.040000 0.043940 0
5298.400000 0.048023 0
5301.760000 0.045604 0
5305.120000 0.055083 0
5308.480000 0.047412 0
5311.840000 0.042790 0
5315.200000 0.048866 0
5318.560000 0.039355 0
5321.920000 0.037762 0
5325.280000 0.042874 0
5328.640000 0.033392 0
5332.000000 0.040817 0
5335.360000 0.063044 0
5338.720000 0.043442 0
5342.080000 0.034092 0
5345.440000 0.061467 0
5348.800000 0.063442 0
5352.160000 0.055592 0
5355.520000 0.026439 0
5358.880000 0.026872 0
5362.240000 0.045883 0
5365.600000 0.047114 0
5368.960000 0.038912 0
5372.320000 0.050904 0
5375.680000 0.049004 0
5379.040000 0.037855 0
5382.400000 0.041539 0
5385.760000 0.051731 0
5389.120000 0.047082 0
5392.480000 0.045563 0
5395.840000 0.033086 0
5399.200000 0.040344 0
5402.560000 0.037768 0
5405.920000 0.034062 0
5409.280000 0.026836 0
5412.640000 0.016869 0
5416.000000 0.036539 0
5419.360000 0.032713 0
5422.720000 0.027937 0
5426.080000 0.056946 0
5429.440000 0.043343 0
5432.800000 0.050529 0
5436.160000 0.028812 0
5439.520000 0.047761 0
5442.880000 0.060700 0
5446.240000 0.054595 0
5449.600000 0.047819 0
5452.960000 0.039389 0
5456.320000 0.050316 0
5459.680000 0.056888 0
5463.040000 0.060222 0
5466.400000 0.041540 0
5469.760000 0.049128 0
5473.120000 0.054900 0
5476.480000 0.066725 0
5479.840000 0.054390 0
5483.200000 0.026480 0
5486.560000 0.045688 0
5489.920000 0.055326 0
5493.280000 0.034497 0
5496.640000 0.057423 0
5500.000000 0.049690 0
5503.360000 0.049006 0
5506.720000 0.054808 0
5510.080000 0.048628 0
5513.440000 0.055255 0
5516.800000 0.061743 0
5520.160000 0.037364 0
5523.520000 0.049460 0
5526.880000 0.033657 0
5530.240000 0.044439 0
5533.600000 0.052262 0
5536.960000 0.047658 0
5540.320000 0.060225 0
5543.680000 0.052131 0
5547.040000 0.038056 0
5550.400000 0.057118 0
5553.760000 0.067623 0
5557.120000 0.066313 0
5560.480000 0.024100 1
5563.840000 0.050792 1
5567.200000 0.039656 1
5570.560000 0.126845 1
5573.920000 0.067024 1
5577.280000 0.069323 1
5580.640000 -0.011263 1
5584.000000 -0.119886 1
5587.360000 0.003338 1
5590.720000 0.045549 0
5594.080000 0.054014 0
5597.440000 0.032593 0
5600.800000 0.040715 0
5604.160000 0.036995 0
5607.520000 0.037294 0
5610.880000 0.034869 0
5614.240000 0.039922 0
5617.600000 0.041408 0
5620.960000 0.058903 0
5624.320000 0.026817 0
5627.680000 0.025174 0
5631.040000 0.054391 0
5634.400000 0.041578 0
5637.760000 0.053862 0
5641.120000 0.033280 0
5644.480000 0.064714 0
5647.840000 0.028813 0
5651.200000 0.036882 0
5654.560000 0.065839 0
5657.920000 0.038150 0
5661.280000 0.047389 0
5664.640000 0.043378 0
5668.000000 0.050809 0
5671.360000 0.065749 0
5674.720000 0.061404 0
5678.080000 0.043008 0
5681.440000 0.048911 0
5684.800000 0.048252 0
5688.160000 0.058745 0
5691.520000 0.041595 0
5694.880000 0.036903 0
5698.240000 0.037757 0
5701.600000 0.030931 0
5704.960000 0.061679 0
5708.320000 0.048917 0
5711.680000 0.036276 0
5715.040000 0.052259 0
5718.400000 0.041998 0
5721.760000 0.045805 0
5725.120000 0.045211 0
5728.480000 0.039429 0
5731.840000 0.037153 0
5735.200000 0.041100 0
5738.560000 0.056120 0
5741.920000 0.080739 0
5745.280000 0.050974 0
5748.640000 0.060655 0
5752.000000 0.055194 0
5755.360000 0.033837 0
5758.720000 0.057834 0
5762.080000 0.019813 0
5765.440000 0.048665 0
5768.800000 0.050747 0
5772.160000 0.028311 0
5775.520000 0.032148 0
5778.880000 0.023994 0
5782.240000 0.025600 0
5785.600000 0.042935 0
5788.960000 0.047515 0
5792.320000 0.060191 0
5795.680000 0.049985 0
5799.040000 0.044799 0
5802.400000 0.047184 0
5805.760000 0.046358 0
5809.120000 0.065876 0
5812.480000 0.051421 0
5815.840000 0.024264 0
5819.200000 0.037973 0
5822.560000 0.046063 0
5825.920000 0.024105 0
5829.280000 0.037933 0
5832.640000 0.057694 0
5836.000000 0.025130 0
5839.360000 0.022439 0
5842.720000 0.037142 0
5846.080000 0.039181 0
5849.440000 0.049892 0
5852.800000 0.037827 0
5856.160000 0.047441 0
5859.520000 0.053026 0
5862.880000 0.027271 0
5866.240000 0.006896 0
5869.600000 0.041802 0
5872.960000 0.058560 0
5876.320000 0.062099 0
5879.680000 0.075495 0
5883.040000 0.080477 0
5886.400000 0.085173 0
5889.760000 0.075373 0
5893.120000 0.082945 0
5896.480000 0.060720 0
5899.840000 0.048159 0
5903.200000 0.031350 0
5906.560000 0.042142 0
5909.920000 0.025271 0
5913.280000 0.039581 0
5916.640000 0.031982 0
5920.000000 0.019557 0
5923.360000 0.027049 0
5926.720000 0.050429 0
5930.080000 0.050106 0
5933.440000 0.071730 0
5936.800000 0.052793 0
5940.160000 0.025809 0
5943.520000 0.034157 0
5946.880000 0.046640 0
5950.240000 0.056359 0
5953.600000 0.072202 0
5956.960000 0.042655 0
5960.320000 0.038538 0
5963.680000 0.054349 0
5967.040000 0.065157 0
5970.400000 0.031927 0
5973.760000 0.018525 0
5977.120000 0.033191 0
5980.480000 0.061141 0
5983.840000 0.032184 0
5987.200000 0.031294 0
5990.560000 0.019581 0
5993.920000 0.031347 0
5997.280000 0.052534 0
6000.640000 0.047878 0
6004.000000 0.056714 0
6007.360000 0.065844 0
6010.720000 0.030761 0
6014.080000 0.061145 0
6017.440000 0.045846 0
6020.800000 0.021977 0
6024.160000 0.045435 0
6027.520000 0.037309 0
6030.880000 0.043080 0
6034.240000 0.031940 0
6037.600000 0.025019 0
6040.960000 0.052950 0
6044.320000 0.044599 0
6047.680000 0.045906 0
6051.040000 0.050886 0
6054.400000 0.029064 0
6057.760000 0.045406 0
6061.120000 0.027789 0
6064.480000 0.037473 0
6067.840000 0.062435 0
6071.200000 0.052779 0
6074.560000 0.038880 0
6077.920000 0.047511 0
6081.280000 0.041367 0
6084.640000 0.052493 0
6088.000000 0.038004 0
6091.360000 0.033278 0
6094.720000 0.038364 0
6098.080000 0.052240 0
6101.440000 0.041526 0
6104.800000 0.038677 0
6108.160000 0.047414 0
6111.520000 0.055070 0
6114.880000 0.041691 0
6118.240000 0.053794 0
6121.600000 0.059057 0
6124.960000 0.044000 0
6128.320000 0.041218 0
6131.680000 0.060687 0
6135.040000 0.035670 0
6138.400000 0.046057 0
6141.760000 0.059966 0
6145.120000 0.057163 0
6148.480000 0.046999 0
6151.840000 0.037171 0
6155.200000 0.035144 0
6158.560000 0.038291 0
6161.920000 0.055658 0
6165.280000 0.061781 0
6168.640000 0.063467 0
6172.000000 0.070020 0
6175.360000 0.033559 0
6178.720000 0.030259 0
6182.080000 0.054560 0
6185.440000 0.048727 0
6188.800000 0.033744 0
6192.160000 0.041244 0
6195.520000 0.053519 0
6198.880000 0.041167 0
6202.240000 0.031058 0
6205.600000 0.052713 0
6208.960000 0.045746 0
6212.320000 0.042895 0
6215.680000 0.062924 0
6219.040000 0.067281 0
6222.400000 0.042321 0
6225.760000 0.027820 0
6229.120000 0.052327 0
6232.480000 0.067720 0
6235.840000 0.078693 0
6239.200000 0.077231 0
6242.560000 0.052951 0
6245.920000 0.049449 0
6249.280000 0.045071 0
6252.640000 0.073951 0
6256.000000 0.062130 0
6259.360000 0.036982 0
6262.720000 0.039224 0
6266.080000 0.048078 0
6269.440000 0.051184 0
6272.800000 0.040219 0
6276.160000 0.041627 0
6279.520000 0.045237 0
6282.880000 0.047443 0
6286.240000 0.043239 1
6289.600000 0.044233 1
6292.960000 0.050531 1
6296.320000 0.122578 1
6299.680000 0.027600 1
6303.040000 0.105325 1
6306.400000 -0.141667 1
6309.760000 0.006883 1
6313.120000 0.051842 1
6316.480000 0.046451 1
6319.840000 0.046271 1
6323.200000 0.053058 0
6326.560000 0.070569 0
6329.920000 0.059146 0
6333.280000 0.049362 0
6336.640000 0.055547 0
6340.000000 0.032330 0
6343.360000 0.042281 0
6346.720000 0.054461 0
6350.080000 0.042354 0
6353.440000 0.053504 0
6356.800000 0.034710 0
6360.160000 0.040352 0
6363.520000 0.053221 0
6366.880000 0.014341 0
6370.240000 0.081690 0
6373.600000 0.057536 0
6376.960000 0.054445 0
6380.320000 0.050749 0
6383.680000 0.020821 0
6387.040000 0.055732 0
6390.400000 0.039825 0
6393.760000 0.039415 0
6397.120000 0.054171 0
6400.480000 0.038145 0
6403.840000 0.049570 0
6407.200000 0.064060 0
6410.560000 0.029399 0
6413.920000 0.034539 0
6417.280000 0.051348 0
6420.640000 0.044631 0
6424.000000 0.036897 0
6427.360000 0.048810 0
6430.720000 0.061194 0
6434.080000 0.048453 0
6437.440000 0.028589 0
6440.800000 0.040001 0
6444.160000 0.056260 0
6447.520000 0.042410 0
6450.880000 0.044762 0
6454.240000 0.052626 0
6457.600000 0.039219 0
6460.960000 0.031403 0
6464.320000 0.026771 0
6467.680000 0.052750 0
6471.040000 0.079982 0
6474.400000 0.058061 0
6477.760000 0.046477 0
6481.120000 0.054257 0
6484.480000 0.052695 0
6487.840000 0.050185 0
6491.200000 0.056377 0
6494.560000 0.038880 0
6497.920000 0.045523 0
6501.280000 0.045860 0
6504.640000 0.037587 0
6508.000000 0.055137 0
6511.360000 0.034595 0
6514.720000 0.057557 0
6518.080000 0.053239 0
6521.440000 0.050304 0
6524.800000 0.058247 0
6528.160000 0.060899 0
6531.520000 0.030549 0
6534.880000 0.039659 0
6538.240000 0.041952 0
6541.600000 0.036278 0
6544.960000 0.041377 0
6548.320000 0.021936 0
6551.680000 0.040567 0
6555.040000 0.027084 0
6558.400000 0.054050 0
6561.760000 0.061665 0
6565.120000 0.036655 0
6568.480000 0.037568 0
6571.840000 0.049817 0
6575.200000 0.024353 0
6578.560000 0.053778 0
6581.920000 0.032862 0
6585.280000 0.058953 0
6588.640000 0.048699 0
6592.000000 0.041894 0
6595.360000 0.052737 0
6598.720000 0.045202 0
6602.080000 0.027499 0
6605.440000 0.025331 0
6608.800000 0.029992 0
6612.160000 0.042758 0
6615.520000 0.036666 0
6618.880000 0.056605 0
6622.240000 0.066957 0
6625.600000 0.072348 0
6628.960000 0.075939 0
6632.320000 0.038062 0
6635.680000 0.045195 0
6639.040000 0.052952 0
6642.400000 0.037022 0
6645.760000 0.035300 0
6649.120000 0.047584 0
6652.480000 0.037454 0
6655.840000 0.040042 0
6659.200000 0.040484 0
6662.560000 0.063996 0
6665.920000 0.039844 0
6669.280000 0.059989 0
6672.640000 0.038966 0
6676.000000 0.041440 0
6679.360000 0.055801 0
6682.720000 0.037726 0
6686.080000 0.041865 0
6689.440000 0.037256 0
6692.800000 0.038495 0
6696.160000 0.035016 0
6699.520000 0.041472 0
6702.880000 0.060800 0
6706.240000 0.049857 0
6709.600000 0.044757 0
6712.960000 0.043544 0
6716.320000 0.036493 0
6719.680000 0.032830 0
6723.040000 0.046070 0
6726.400000 0.049540 0
6729.760000 0.044838 0
6733.120000 0.032163 0
6736.480000 0.035188 0
6739.840000 0.048428 0
6743.200000 0.044912 0
6746.560000 0.041827 0
6749.920000 0.049092 0
6753.280000 0.063594 0
6756.640000 0.045038 0
6760.000000 0.045719 0
6763.360000 0.063867 0
6766.720000 0.046639 0
6770.080000 0.034812 0
6773.440000 0.045910 0
6776.800000 0.056270 0
6780.160000 0.030406 0
6783.520000 0.033209 0
6786.880000 0.050065 0
6790.240000 0.054917 0
6793.600000 0.046454 0
6796.960000 0.052580 0
6800.320000 0.042389 0
6803.680000 0.038164 0
6807.040000 0.031267 0
6810.400000 0.047603 0
6813.760000 0.058828 0
6817.120000 0.050045 0
6820.480000 0.044095 0
6823.840000 0.048998 0
6827.200000 0.030380 0
6830.560000 0.046355 0
6833.920000 0.065518 0
6837.280000 0.040555 0
6840.640000 0.025778 0
6844.000000 0.054236 0
6847.360000 0.044735 0
6850.720000 0.042492 0
6854.080000 0.039011 0
6857.440000 0.044612 0
6860.800000 0.057696 0
6864.160000 0.051925 0
6867.520000 0.031050 0
6870.880000 0.024469 0
6874.240000 0.036889 0
6877.600000 0.039028 0
6880.960000 0.045351 0
6884.320000 0.031132 0
6887.680000 0.022575 0
6891.040000 0.030962 0
6894.400000 0.052003 0
6897.760000 0.056671 0
6901.120000 0.057646 0
6904.480000 0.037517 0
6907.840000 0.051226 0
6911.200000 0.061875 0
6914.560000 0.053625 0
6917.920000 0.053751 0
6921.280000 0.039699 0
6924.640000 0.036836 0
6928.000000 0.044561 0
6931.360000 0.037957 0
6934.720000 0.057889 0
6938.080000 0.051168 0
6941.440000 0.053493 0
6944.800000 0.025617 0
6948.160000 0.024472 0
6951.520000 0.038910 0
6954.880000 0.064366 0
6958.240000 0.058363 0
6961.600000 0.044102 0
6964.960000 0.039002 0
6968.320000 0.046181 0
6971.680000 0.042127 0
6975.040000 0.038560 0
6978.400000 0.064117 0
6981.760000 0.069534 0
6985.120000 0.039786 0
6988.480000 0.040011 0
6991.840000 0.040894 0
6995.200000 0.039819 0
6998.560000 0.058237 0
7001.920000 0.034555 0
7005.280000 0.036298 0
7008.640000 0.050597 0
7012.000000 0.042837 0
7015.360000 0.044128 0
7018.720000 0.047544 0
7022.080000 0.050793 0
7025.440000 0.040404 0
7028.800000 0.045908 0
7032.160000 0.046411 0
7035.520000 0.030158 0
7038.880000 0.036774 0
7042.240000 0.036793 0
7045.600000 0.040083 0
7048.960000 0.035756 0
7052.320000 0.034904 0
7055.680000 0.061151 0
7059.040000 0.038544 0
7062.400000 0.029452 0
7065.760000 0.038369 0
7069.120000 0.042234 0
7072.480000 0.051479 0
7075.840000 0.031583 0
7079.200000 0.023329 0
7082.560000 0.040961 0
7085.920000 0.041866 0
7089.280000 0.049740 0
7092.640000 0.029876 0
7096.000000 0.059322 0
7099.360000 0.038905 0
7102.720000 0.036989 0
7106.080000 0.048731 0
7109.440000 0.040832 0
7112.800000 0.038850 0
7116.160000 0.035327 0
7119.520000 0.031577 0
7122.880000 0.029640 0
7126.240000 0.050279 0
7129.600000 0.046106 0
7132.960000 0.036830 0
7136.320000 0.029003 0
7139.680000 0.032659 0
7143.040000 0.022928 0
7146.400000 0.037979 0
7149.760000 0.054683 0
7153.120000 0.044761 0
7156.480000 0.055094 0
7159.840000 0.044280 0
7163.200000 0.037554 0
7166.560000 0.036081 0
7169.920000 0.050724 0
7173.280000 0.043807 0
7176.640000 0.028303 0
7180.000000 0.037997 0
7183.360000 0.049748 0
7186.720000 0.042843 0
7190.080000 0.029872 0
7193.440000 0.025522 0
7196.800000 0.032082 0
7200.160000 0.047353 0
7203.520000 0.041644 0
7206.880000 0.029036 0
7210.240000 0.036633 0
7213.600000 0.055903 0
7216.960000 0.041007 0
7220.320000 0.040396 0
7223.680000 0.047301 0
7227.040000 0.044803 0
7230.400000 0.046820 0
7233.760000 0.031523 0
7237.120000 0.021309 0
7240.480000 0.074997 0
7243.840000 0.102759 0
7247.200000 0.076673 0
7250.560000 0.062053 0
7253.920000 0.071762 0
7257.280000 0.035839 0
7260.640000 0.034952 0
7264.000000 0.047277 0
7267.360000 0.031343 0
7270.720000 0.063346 0
7274.080000 0.041628 0
7277.440000 0.033425 0
7280.800000 0.019132 0
7284.160000 0.057172 0
7287.520000 0.050092 0
7290.880000 0.039283 0
7294.240000 0.062934 0
7297.600000 0.060910 0
7300.960000 0.041358 0
7304.320000 0.036299 0
7307.680000 0.022513 0
7311.040000 -0.026849 0
7314.400000 0.023933 0
7317.760000 0.049582 0
7321.120000 0.024362 0
7324.480000 0.038883 0
7327.840000 0.046591 0
7331.200000 0.036721 0
7334.560000 0.034064 0
7337.920000 0.051447 0
7341.280000 0.028715 0
7344.640000 0.028256 0
7348.000000 0.036908 0
7351.360000 0.056938 0
7354.720000 0.049833 0
7358.080000 0.029637 0
7361.440000 0.059429 0
7364.800000 0.044280 0
7368.160000 0.047005 0
7371.520000 0.058877 0
7374.880000 0.079013 0
7378.240000 0.065785 0
7381.600000 0.031364 0
7384.960000 0.029328 0
7388.320000 0.035377 0
7391.680000 0.023955 0
7395.040000 0.040219 0
7398.400000 0.032285 0
7401.760000 0.066959 0
7405.120000 0.090074 0
7408.480000 0.058080 0
7411.840000 0.040419 0
7415.200000 0.041718 0
7418.560000 0.043963 0
7421.920000 0.028090 0
7425.280000 0.036519 0
7428.640000 0.050549 0
7432.000000 0.033571 0
7435.360000 0.010439 0
7438.720000 0.037653 0
7442.080000 0.060349 0
7445.440000 0.052571 0
7448.800000 0.064031 0
7452.160000 0.051307 0
7455.520000 0.029498 0
7458.880000 0.042175 0
7462.240000 0.062731 0
7465.600000 0.056929 0
7468.960000 0.054974 0
7472.320000 0.035522 0
7475.680000 0.041335 0
7479.040000 0.005740 0
7482.400000 -0.054308 0
7485.760000 0.040494 0
7489.120000 0.032244 0
7492.480000 0.038899 0
7495.840000 0.059735 0
7499.200000 0.050553 0
7502.560000 0.024475 0
7505.920000 0.037043 0
7509.280000 0.039146 0
7512.640000 0.047158 0
7516.000000 0.004215 0
7519.360000 -0.026991 0
7522.720000 0.025539 0
7526.080000 0.027573 0
7529.440000 0.055743 0
7532.800000 0.034917 0
7536.160000 0.054354 0
7539.520000 0.036234 0
7542.880000 0.025146 0
7546.240000 0.056877 0
7549.600000 0.052490 0
7552.960000 0.038524 0
7556.320000 0.041095 0
7559.680000 0.023645 0
7563.040000 0.028278 0
7566.400000 -0.013435 0
7569.760000 0.045200 0
7573.120000 0.039202 0
7576.480000 0.033183 0
7579.840000 0.043809 0
7583.200000 0.025592 0
7586.560000 0.021868 0
7589.920000 0.016164 0
7593.280000 0.044280 0
7596.640000 0.019577 0
7600.000000 0.008290 0
7603.360000 0.010212 0
7606.720000 0.028313 0
7610.080000 0.001786 0
7613.440000 0.017853 0
7616.800000 0.035941 0
7620.160000 0.017155 0
7623.520000 -0.004401 0
7626.880000 -0.000202 0
7630.240000 0.000233 0
7633.600000 0.039176 0
7636.960000 0.067310 0
7640.320000 0.015609 0
7643.680000 0.042895 0
7647.040000 0.042632 0
7650.400000 0.024870 0
7653.760000 0.037958 0
7657.120000 0.040027 0
7660.480000 0.007228 0
7663.840000 0.026196 0
7667.200000 0.058855 0
7670.560000 0.039754 0
7673.920000 0.026813 0
7677.280000 0.037937 0
7680.640000 0.031045 0
7684.000000 0.050517 0
7687.360000 0.046762 0
7690.720000 0.025332 0
7694.080000 0.037076 0
7697.440000 0.018278 0
7700.800000 0.035037 0
7704.160000 0.042559 0
7707.520000 0.029082 0
7710.880000 0.049077 0
7714.240000 -0.014149 0
7717.600000 0.026189 0
7720.960000 0.022386 0
7724.320000 0.056165 0
7727.680000 0.027832 0
7731.040000 0.060420 0
7734.400000 0.026609 0
7737.760000 0.044088 0
7741.120000 0.042508 0
7744.480000 -0.001560 0
7747.840000 0.027705 0
7751.200000 0.064829 0
7754.560000 0.069395 0
7757.920000 0.060447 0
7761.280000 0.026487 0
7764.640000 0.026079 0
7768.000000 0.030410 0
7771.360000 0.020298 0
7774.720000 0.032561 0
7778.080000 0.036892 0
7781.440000 0.026134 0
7784.800000 -0.009072 0
7788.160000 -0.000761 0
7791.520000 0.038654 0
7794.880000 0.031508 0
7798.240000 0.017930 0
7801.600000 -0.011355 0
7804.960000 0.038743 0
7808.320000 0.065581 0
7811.680000 0.032807 0
7815.040000 0.031166 0
7818.400000 -0.027408 0
7821.760000 0.031328 0
7825.120000 0.073256 0
7828.480000 0.051350 0
7831.840000 0.028654 0
7835.200000 0.030808 0
7838.560000 0.019825 0
7841.920000 -0.012445 0
7845.280000 -0.023326 0
7848.640000 0.075966 0
7852.000000 0.007261 0
7855.360000 0.000329 0
7858.720000 0.023000 0
7862.080000 0.030499 0
7865.440000 0.031928 0
7868.800000 0.081400 0
7872.160000 0.082340 0
7875.520000 0.046621 0
7878.880000 0.022210 0
7882.240000 0.033343 0
7885.600000 0.031414 0
7888.960000 0.061160 0
7892.320000 0.048937 0
7895.680000 0.024282 0
7899.040000 0.026397 0
7902.400000 0.031027 0
7905.760000 0.043415 0
7909.120000 0.074766 0
7912.480000 0.103767 0
7915.840000 0.035961 0
7919.200000 -0.013636 0
7922.560000 0.080511 0
7925.920000 0.010108 0
7929.280000 0.009881 0
7932.640000 0.050432 0
7936.000000 0.046650 0
7939.360000 0.021343 0
7942.720000 0.021300 0
7946.080000 0.016087 0
7949.440000 0.056898 0
7952.800000 0.057188 0
7956.160000 0.040295 0
7959.520000 0.040323 0
7962.880000 -0.015080 0
7966.240000 -0.030924 0
7969.600000 0.045486 0
7972.960000 0.051441 0
7976.320000 0.080730 0
7979.680000 0.103758 0
7983.040000 0.072068 0
7986.400000 -0.018962 0
7989.760000 0.049538 0
7993.120000 0.040425 0
7996.480000 0.059608 0
7999.840000 0.043040 0
8003.200000 0.068179 0
8006.560000 0.020789 0
8009.920000 0.041780 0
8013.280000 0.040205 0
8016.640000 0.016070 0
8020.000000 0.037850 0
8023.360000 0.028243 0
8026.720000 -0.021441 0
8030.080000 0.024297 0
8033.440000 0.042697 0
8036.800000 0.023447 0
8040.160000 0.034973 0
8043.520000 0.041942 0
8046.880000 0.020240 0
8050.240000 0.000312 0
8053.600000 0.019275 0
8056.960000 0.021755 0
8060.320000 0.078115 0
8063.680000 0.060086 0
8067.040000 0.000833 0
8070.400000 0.023295 0
8073.760000 0.043887 0
8077.120000 0.044479 0
8080.480000 0.037134 0
8083.840000 0.027925 0
8087.200000 0.013110 0
8090.560000 0.037963 0
8093.920000 0.052768 0
8097.280000 0.045178 0
8100.640000 0.029293 0
8104.000000 0.016995 0
8107.360000 0.040739 0
8110.720000 0.054585 0
8114.080000 0.047369 0
8117.440000 0.051933 0
8120.800000 0.035239 0
8124.160000 0.027985 0
8127.520000 0.038358 0
8130.880000 0.042327 0
8134.240000 0.044173 0
8137.600000 0.044510 0
8140.960000 0.030787 0
8144.320000 0.011412 0
8147.680000 0.032491 0
8151.040000 0.044625 0
8154.400000 0.032788 0
8157.760000 0.041504 0
8161.120000 0.039773 0
8164.480000 0.071310 0
8167.840000 0.055689 0
8171.200000 0.021617 0
8174.560000 0.028362 0
8177.920000 0.025935 0
8181.280000 0.037030 0
8184.640000 0.043565 0
8188.000000 0.040525 0
8191.360000 0.037320 0
8194.720000 0.038883 0
8198.080000 0.041723 0
8201.440000 0.046118 0
8204.800000 0.037959 0
8208.160000 0.040766 0
8211.520000 0.037525 0
8214.880000 0.039069 0
8218.240000 0.051059 0
8221.600000 0.037681 0
8224.960000 0.030529 0
8228.320000 0.025950 0
8231.680000 0.042502 0
8235.040000 0.041075 0
8238.400000 0.005870 0
8241.760000 0.027116 0
8245.120000 0.050455 0
8248.480000 0.019720 0
8251.840000 0.043613 0
8255.200000 0.048998 0
8258.560000 0.030183 0
8261.920000 0.039127 0
8265.280000 0.008600 0
8268.640000 0.040203 0
8272.000000 0.039048 0
8275.360000 0.019543 0
8278.720000 0.033189 0
8282.080000 -0.001235 0
8285.440000 0.082021 0
8288.800000 0.021402 0
8292.160000 -0.077763 0
8295.520000 -0.060171 0
8298.880000 0.097686 0
8302.240000 0.081700 0
8305.600000 0.005490 0
8308.960000 0.060915 0
8312.320000 0.066829 0
8315.680000 0.042037 0
8319.040000 0.013473 0
8322.400000 0.047172 0
8325.760000 0.046272 0
8329.120000 0.053883 0
8332.480000 0.052564 0
8335.840000 0.120133 0
8339.200000 0.116337 0
8342.560000 0.078640 0
8345.920000 0.117879 0
8349.280000 0.006956 0
8352.640000 -0.034755 0
8356.000000 0.048452 0
8359.360000 0.075870 0
8362.720000 0.037153 0
8366.080000 0.041307 0
8369.440000 0.007526 0
8372.800000 0.006526 0
8376.160000 0.085166 0
8379.520000 0.046799 0
8382.880000 0.069553 0
8386.240000 0.023973 0
8389.600000 0.026151 0
8392.960000 0.044188 0
8396.320000 0.000857 0
8399.680000 0.064851 0
8403.040000 0.006081 0
8406.400000 0.007980 0
8409.760000 0.044061 0
8413.120000 0.036120 0
8416.480000 0.079816 0
8419.840000 0.029307 0
8423.200000 0.058590 0
8426.560000 0.142146 0
8429.920000 0.108264 0
8433.280000 -0.015048 0
8436.640000 -0.056380 0
8440.000000 -0.008292 0
8443.360000 0.049453 0
8446.720000 0.033088 0
8450.080000 0.058412 0
8453.440000 0.033717 0
8456.800000 0.078156 0
8460.160000 0.002125 0
8463.520000 0.065505 0
8466.880000 0.019147 0
8470.240000 -0.038487 0
8473.600000 0.019676 0
8476.960000 0.015128 0
8480.320000 0.045646 0
8483.680000 0.041772 0
8487.040000 0.047137 0
8490.400000 0.054945 0
8493.760000 0.053625 0
8497.120000 0.025066 0
8500.480000 0.027535 0
8503.840000 0.026969 0
8507.200000 0.033997 0
8510.560000 -0.040044 0
8513.920000 -0.007013 0
8517.280000 0.020961 0
8520.640000 0.026138 0
8524.000000 0.033837 0
8527.360000 0.034984 0
8530.720000 0.025786 0
8534.080000 0.009927 0
8537.440000 0.009773 0
8540.800000 0.074964 0
8544.160000 0.006932 0
8547.520000 -0.016317 0
8550.880000 0.003736 0
8554.240000 0.027078 0
8557.600000 0.036125 0
8560.960000 0.022493 0
8564.320000 0.025866 0
8567.680000 0.029368 0
8571.040000 0.034683 0
8574.400000 0.024250 0
8577.760000 0.035179 0
8581.120000 0.037490 0
8584.480000 0.044898 0
8587.840000 0.033265 0
8591.200000 0.030277 0
8594.560000 0.025120 0
8597.920000 0.044272 0
8601.280000 0.055815 0
8604.640000 0.042688 0
8608.000000 0.033716 0
8611.360000 0.045719 0
8614.720000 0.053936 0
8618.080000 0.035490 0
8621.440000 0.055747 0
8624.800000 0.029878 0
8628.160000 0.036382 0
8631.520000 0.060763 0
8634.880000 0.053039 0
8638.240000 -0.001047 0
8641.600000 0.043424 0
8644.960000 0.030907 0
8648.320000 0.026397 0
8651.680000 0.062554 0
8655.040000 0.062830 0
8658.400000 0.023269 0
8661.760000 0.025522 0
8665.120000 0.013509 0
8668.480000 0.017907 0
8671.840000 0.059322 0
8675.200000 0.027107 0
8678.560000 0.022281 0
8681.920000 0.018690 0
8685.280000 0.019556 0
8688.640000 0.039295 0
8692.000000 0.012973 0
8695.360000 0.030258 0
8698.720000 0.040786 0
8702.080000 0.032149 0
8705.440000 0.033641 0
8708.800000 0.042651 0
8712.160000 0.021417 0
8715.520000 0.022435 0
8718.880000 0.020290 0
8722.240000 0.034222 0
8725.600000 0.034756 0
8728.960000 0.034301 0
8732.320000 0.034215 0
8735.680000 0.031304 0
8739.040000 0.040572 0
8742.400000 0.028367 0
8745.760000 0.044638 0
8749.120000 0.054512 1
8752.480000 0.105928 1
8755.840000 0.091699 1
8759.200000 0.159828 1
8762.560000 0.111495 1
8765.920000 -0.028464 1
8769.280000 0.127058 1
8772.640000 0.072211 1
8776.000000 0.025236 1
8779.360000 -0.002818 0
8782.720000 -0.090093 0
8786.080000 0.032291 0
8789.440000 0.091315 0
8792.800000 0.022522 0
8796.160000 -0.033846 0
8799.520000 -0.013254 0
8802.880000 0.038246 0
8806.240000 0.049296 0
8809.600000 0.019858 0
8812.960000 0.032174 0
8816.320000 0.050050 0
8819.680000 0.251688 0
8823.040000 0.261938 0
8826.400000 0.193916 0
8829.760000 0.150282 0
8833.120000 -0.046051 0
8836.480000 -0.111194 0
8839.840000 -0.170315 0
8843.200000 -0.102709 0
8846.560000 0.009805 0
8849.920000 0.079410 0
8853.280000 -0.003332 0
8856.640000 0.001093 0
8860.000000 0.111125 0
8863.360000 0.068964 0
8866.720000 0.046104 0
8870.080000 0.096420 0
8873.440000 -0.067934 0
8876.800000 0.017991 0
8880.160000 0.247449 0
8883.520000 -0.024041 0
8886.880000 -0.016189 0
8890.240000 -0.102472 0
8893.600000 -0.089858 0
8896.960000 0.080773 0
8900.320000 0.060605 0
8903.680000 0.028001 0
8907.040000 0.015674 0
8910.400000 0.040522 0
8913.760000 0.167049 0
8917.120000 0.049756 0
8920.480000 -0.020191 0
8923.840000 -0.095226 0
8927.200000 -0.106296 0
8930.560000 0.040482 0
8933.920000 0.058873 0
8937.280000 0.121233 0
8940.640000 0.109867 0
8944.000000 0.085423 0
8947.360000 0.099476 0
8950.720000 0.192728 0
8954.080000 0.048721 0
8957.440000 -0.023155 0
8960.800000 -0.037064 0
8964.160000 0.006142 0
8967.520000 0.035224 0
8970.880000 0.026645 0
8974.240000 0.059022 0
8977.600000 0.037856 0
8980.960000 0.053538 0
8984.320000 0.023650 0
8987.680000 0.030974 0
8991.040000 0.050654 0
8994.400000 0.062037 0
8997.760000 -0.000849 0
9001.120000 -0.007782 0
9004.480000 0.002869 0
9007.840000 0.015911 0
9011.200000 0.022408 0
9014.560000 0.042144 0
9017.920000 0.013417 0
9021.280000 0.018193 0
9024.640000 0.027233 0
9028.000000 0.035466 0
9031.360000 0.054116 0
9034.720000 0.019637 0
9038.080000 0.071534 0
9041.440000 0.060004 0
9044.800000 -0.023570 0
9048.160000 -0.054022 0
9051.520000 0.083608 0
9054.880000 0.035594 0
9058.240000 0.028115 0
9061.600000 0.038059 0
9064.960000 0.046831 0
9068.320000 0.008395 0
9071.680000 0.029959 0
9075.040000 0.039651 0
9078.400000 0.039983 0
9081.760000 0.031580 0
9085.120000 0.050390 0
9088.480000 0.058743 0
9091.840000 0.071123 0
9095.200000 0.083704 0
9098.560000 0.023681 0
9101.920000 0.014227 0
9105.280000 0.056087 0
9108.640000 0.021902 0
9112.000000 0.009069 0
9115.360000 0.025236 0
9118.720000 0.032962 0
9122.080000 0.040172 0
9125.440000 0.031086 0
9128.800000 0.028289 0
9132.160000 0.000414 0
9135.520000 0.024431 0
9138.880000 0.054166 0
9142.240000 0.021721 0
9145.600000 0.006073 0
9148.960000 0.018235 0
9152.320000 0.050084 0
9155.680000 0.048123 0
9159.040000 0.044745 0
9162.400000 0.053121 0
9165.760000 0.055307 0
9169.120000 0.042687 0
9172.480000 0.030260 0
9175.840000 0.024291 0
9179.200000 0.031038 0
9182.560000 0.027299 0
9185.920000 0.020047 0
9189.280000 0.042744 0
9192.640000 0.025137 0
9196.000000 0.015670 0
9199.360000 0.033759 0
9202.720000 0.044211 0
9206.080000 0.039337 0
9209.440000 0.022388 0
9212.800000 0.006698 0
9216.160000 0.043314 0
9219.520000 0.037223 0
9222.880000 0.057245 0
9226.240000 0.000412 0
9229.600000 0.023068 0
9232.960000 0.025054 0
9236.320000 0.036394 0
9239.680000 0.041553 0
9243.040000 0.046809 0
9246.400000 0.065115 0
9249.760000 0.029247 0
