# obs: 255728
# slit: 17
# z: 0.29458
# lines: G,Fe43,Ca44,Fe45,H{beta},Mgb,E
# spec: 497
5152.370000 0.000000 1
5154.030000 0.000000 1
5155.690000 0.000000 1
5157.350000 0.000000 1
5159.010000 0.000000 1
5160.670000 0.000000 1
5162.330000 0.000000 1
5163.990000 0.000000 1
5165.650000 0.000000 1
5167.310000 0.000000 1
5168.970000 0.000000 1
5170.630000 0.152021 0
5172.290000 0.168664 0
5173.950000 0.151197 0
5175.610000 0.134386 0
5177.270000 0.148220 0
5178.930000 0.176496 0
5180.590000 0.151677 0
5182.250000 0.133400 0
5183.910000 0.172263 0
5185.570000 0.155083 0
5187.230000 0.154454 0
5188.890000 0.178008 0
5190.550000 0.146029 0
5192.210000 0.128759 0
5193.870000 0.188038 0
5195.530000 0.158709 0
5197.190000 0.183114 0
5198.850000 0.147022 0
5200.510000 0.174343 0
5202.170000 0.159286 0
5203.830000 0.178191 0
5205.490000 0.156775 0
5207.150000 0.162802 0
5208.810000 0.190592 0
5210.470000 0.140479 0
5212.130000 0.136648 0
5213.790000 0.165744 0
5215.450000 0.171888 0
5217.110000 0.143500 0
5218.770000 0.114311 0
5220.430000 0.140262 0
5222.090000 0.135210 0
5223.750000 0.163867 0
5225.410000 0.148250 0
5227.070000 0.157131 0
5228.730000 0.137230 0
5230.390000 0.177381 0
5232.050000 0.193862 0
5233.710000 0.135555 0
5235.370000 0.146942 0
5237.030000 0.127956 0
5238.690000 0.142723 0
5240.350000 0.149636 0
5242.010000 0.155834 0
5243.670000 0.143260 0
5245.330000 0.147719 0
5246.990000 0.138454 0
5248.650000 0.149357 0
5250.310000 0.164857 0
5251.970000 0.135335 0
5253.630000 0.133988 0
5255.290000 0.154476 0
5256.950000 0.134634 0
5258.610000 0.144594 0
5260.270000 0.138222 0
5261.930000 0.137559 0
5263.590000 0.129204 0
5265.250000 0.120821 0
5266.910000 0.163028 0
5268.570000 0.121930 0
5270.230000 0.153993 0
5271.890000 0.173162 0
5273.550000 0.149771 0
5275.210000 0.145274 0
5276.870000 0.119912 0
5278.530000 0.130076 0
5280.190000 0.151732 0
5281.850000 0.150530 0
5283.510000 0.162726 0
5285.170000 0.166203 0
5286.830000 0.148711 0
5288.490000 0.159121 0
5290.150000 0.181611 0
5291.810000 0.179179 0
5293.470000 0.180408 0
5295.130000 0.192341 0
5296.790000 0.160128 0
5298.450000 0.153103 0
5300.110000 0.170545 0
5301.770000 0.140738 0
5303.430000 0.136912 0
5305.090000 0.147342 0
5306.750000 0.148641 0
5308.410000 0.109328 0
5310.070000 0.123515 0
5311.730000 0.106620 0
5313.390000 0.155289 0
5315.050000 0.153859 0
5316.710000 0.142597 0
5318.370000 0.139795 0
5320.030000 0.143495 0
5321.690000 0.169711 0
5323.350000 0.132082 0
5325.010000 0.156736 0
5326.670000 0.193534 0
5328.330000 0.157821 0
5329.990000 0.152467 0
5331.650000 0.154602 0
5333.310000 0.157629 0
5334.970000 0.157648 0
5336.630000 0.151710 0
5338.290000 0.154924 0
5339.950000 0.178032 0
5341.610000 0.156414 0
5343.270000 0.175049 0
5344.930000 0.157260 0
5346.590000 0.140787 0
5348.250000 0.155931 0
5349.910000 0.120286 0
5351.570000 0.126003 0
5353.230000 0.148671 0
5354.890000 0.166900 0
5356.550000 0.140741 0
5358.210000 0.138136 0
5359.870000 0.139641 0
5361.530000 0.162404 0
5363.190000 0.175234 0
5364.850000 0.145311 0
5366.510000 0.137833 0
5368.170000 0.136890 0
5369.830000 0.137742 0
5371.490000 0.164665 0
5373.150000 0.158259 0
5374.810000 0.163264 0
5376.470000 0.163313 0
5378.130000 0.136219 0
5379.790000 0.143337 0
5381.450000 0.131405 0
5383.110000 0.141168 0
5384.770000 0.160186 0
5386.430000 0.131387 0
5388.090000 0.176304 0
5389.750000 0.158965 0
5391.410000 0.171748 0
5393.070000 0.158065 0
5394.730000 0.164040 0
5396.390000 0.164652 0
5398.050000 0.135594 0
5399.710000 0.141400 0
5401.370000 0.126650 0
5403.030000 0.126199 0
5404.690000 0.160930 0
5406.350000 0.157201 0
5408.010000 0.171646 0
5409.670000 0.147990 0
5411.330000 0.147843 0
5412.990000 0.138859 0
5414.650000 0.141336 0
5416.310000 0.161137 0
5417.970000 0.151260 0
5419.630000 0.140488 0
5421.290000 0.157058 0
5422.950000 0.142384 0
5424.610000 0.166011 0
5426.270000 0.124389 0
5427.930000 0.156817 0
5429.590000 0.140126 0
5431.250000 0.170508 0
5432.910000 0.166530 0
5434.570000 0.159621 0
5436.230000 0.148572 0
5437.890000 0.132135 0
5439.550000 0.129345 0
5441.210000 0.131831 0
5442.870000 0.153805 0
5444.530000 0.174399 0
5446.190000 0.168951 0
5447.850000 0.141702 0
5449.510000 0.158984 0
5451.170000 0.153300 0
5452.830000 0.168510 0
5454.490000 0.186466 0
5456.150000 0.146794 0
5457.810000 0.133136 0
5459.470000 0.166241 0
5461.130000 0.180746 0
5462.790000 0.171994 0
5464.450000 0.176479 0
5466.110000 0.161365 0
5467.770000 0.151427 0
5469.430000 0.143269 0
5471.090000 0.102914 0
5472.750000 0.122018 0
5474.410000 0.171523 0
5476.070000 0.173775 0
5477.730000 0.152455 0
5479.390000 0.195765 0
5481.050000 0.186410 0
5482.710000 0.162212 0
5484.370000 0.165992 0
5486.030000 0.152290 0
5487.690000 0.129868 0
5489.350000 0.151279 0
5491.010000 0.166131 0
5492.670000 0.165741 0
5494.330000 0.190153 0
5495.990000 0.164718 0
5497.650000 0.182976 0
5499.310000 0.155272 0
5500.970000 0.171629 0
5502.630000 0.164001 0
5504.290000 0.164188 0
5505.950000 0.131709 0
5507.610000 0.160668 0
5509.270000 0.159933 0
5510.930000 0.126118 0
5512.590000 0.138872 0
5514.250000 0.147315 0
5515.910000 0.154234 0
5517.570000 0.140409 0
5519.230000 0.163537 0
5520.890000 0.222410 0
5522.550000 0.178384 0
5524.210000 0.175598 0
5525.870000 0.169439 0
5527.530000 0.151382 0
5529.190000 0.124064 0
5530.850000 0.137508 0
5532.510000 0.147288 0
5534.170000 0.156754 0
5535.830000 0.135637 0
5537.490000 0.147595 0
5539.150000 0.169809 0
5540.810000 0.168675 0
5542.470000 0.184097 0
5544.130000 0.145204 0
5545.790000 0.160581 0
5547.450000 0.170961 0
5549.110000 0.153835 0
5550.770000 0.142006 0
5552.430000 0.135171 0
5554.090000 0.134729 0
5555.750000 0.126665 0
5557.410000 0.157736 0
5559.070000 0.147465 0
5560.730000 0.158934 0
5562.390000 0.117751 0
5564.050000 0.140305 0
5565.710000 0.124161 0
5567.370000 0.117202 0
5569.030000 0.114550 0
5570.690000 0.134730 1
5572.350000 0.110689 1
5574.010000 0.126185 1
5575.670000 0.108412 1
5577.330000 0.132736 1
5578.990000 0.115563 1
5580.650000 0.132275 1
5582.310000 0.128587 1
5583.970000 0.135939 1
5585.630000 0.140886 1
5587.290000 0.164035 1
5588.950000 0.203440 1
5590.610000 0.203163 0
5592.270000 0.204696 0
5593.930000 0.196650 0
5595.590000 0.187784 0
5597.250000 0.159708 0
5598.910000 0.142752 0
5600.570000 0.131831 0
5602.230000 0.120710 0
5603.890000 0.151607 0
5605.550000 0.183259 0
5607.210000 0.190038 0
5608.870000 0.188866 0
5610.530000 0.166341 0
5612.190000 0.182720 0
5613.850000 0.181571 0
5615.510000 0.175213 0
5617.170000 0.142196 0
5618.830000 0.135513 0
5620.490000 0.146161 0
5622.150000 0.164166 0
5623.810000 0.160240 0
5625.470000 0.175667 0
5627.130000 0.179867 0
5628.790000 0.188010 0
5630.450000 0.186046 0
5632.110000 0.174662 0
5633.770000 0.181645 0
5635.430000 0.145102 0
5637.090000 0.168742 0
5638.750000 0.153823 0
5640.410000 0.186314 0
5642.070000 0.186675 0
5643.730000 0.170218 0
5645.390000 0.178456 0
5647.050000 0.164399 0
5648.710000 0.192891 0
5650.370000 0.199339 0
5652.030000 0.204434 0
5653.690000 0.203389 0
5655.350000 0.181122 0
5657.010000 0.187011 0
5658.670000 0.196526 0
5660.330000 0.189081 0
5661.990000 0.187285 0
5663.650000 0.175749 0
5665.310000 0.195733 0
5666.970000 0.168927 0
5668.630000 0.155949 0
5670.290000 0.173687 0
5671.950000 0.187840 0
5673.610000 0.168020 0
5675.270000 0.118520 0
5676.930000 0.129370 0
5678.590000 0.134153 0
5680.250000 0.152771 0
5681.910000 0.143830 0
5683.570000 0.167839 0
5685.230000 0.191132 0
5686.890000 0.164536 0
5688.550000 0.178768 0
5690.210000 0.181918 0
5691.870000 0.165527 0
5693.530000 0.198509 0
5695.190000 0.178459 0
5696.850000 0.187194 0
5698.510000 0.175376 0
5700.170000 0.172215 0
5701.830000 0.163769 0
5703.490000 0.139966 0
5705.150000 0.132567 0
5706.810000 0.153573 0
5708.470000 0.190919 0
5710.130000 0.188324 0
5711.790000 0.169478 0
5713.450000 0.179366 0
5715.110000 0.196262 0
5716.770000 0.179563 0
5718.430000 0.209142 0
5720.090000 0.169360 0
5721.750000 0.196798 0
5723.410000 0.195597 0
5725.070000 0.199523 0
5726.730000 0.174010 0
5728.390000 0.203416 0
5730.050000 0.196229 0
5731.710000 0.197972 0
5733.370000 0.191707 0
5735.030000 0.187339 0
5736.690000 0.201480 0
5738.350000 0.170140 0
5740.010000 0.188100 0
5741.670000 0.155436 0
5743.330000 0.173844 0
5744.990000 0.195400 0
5746.650000 0.194045 0
5748.310000 0.192874 0
5749.970000 0.197733 0
5751.630000 0.213475 0
5753.290000 0.215598 0
5754.950000 0.194247 0
5756.610000 0.200574 0
5758.270000 0.226883 0
5759.930000 0.213388 0
5761.590000 0.195283 0
5763.250000 0.198310 0
5764.910000 0.205290 0
5766.570000 0.178064 0
5768.230000 0.172216 0
5769.890000 0.163842 0
5771.550000 0.150564 0
5773.210000 0.158521 0
5774.870000 0.174265 0
5776.530000 0.193645 0
5778.190000 0.210930 0
5779.850000 0.182989 0
5781.510000 0.177053 0
5783.170000 0.187496 0
5784.830000 0.184463 0
5786.490000 0.202399 0
5788.150000 0.198029 0
5789.810000 0.202458 0
5791.470000 0.202643 0
5793.130000 0.215399 0
5794.790000 0.232597 0
5796.450000 0.215773 0
5798.110000 0.200554 0
5799.770000 0.214248 0
5801.430000 0.190739 0
5803.090000 0.193032 0
5804.750000 0.198812 0
5806.410000 0.176236 0
5808.070000 0.205412 0
5809.730000 0.198978 0
5811.390000 0.210765 0
5813.050000 0.194965 0
5814.710000 0.187283 0
5816.370000 0.209367 0
5818.030000 0.191466 0
5819.690000 0.191315 0
5821.350000 0.197691 0
5823.010000 0.185138 0
5824.670000 0.197988 0
5826.330000 0.194891 0
5827.990000 0.207360 0
5829.650000 0.199522 0
5831.310000 0.232173 0
5832.970000 0.243479 0
5834.630000 0.216756 0
5836.290000 0.216354 0
5837.950000 0.228399 0
5839.610000 0.219107 0
5841.270000 0.235570 0
5842.930000 0.223335 0
5844.590000 0.184661 0
5846.250000 0.205615 0
5847.910000 0.203234 0
5849.570000 0.197804 0
5851.230000 0.232114 0
5852.890000 0.213013 0
5854.550000 0.210997 0
5856.210000 0.202904 0
5857.870000 0.205132 0
5859.530000 0.184615 0
5861.190000 0.180970 0
5862.850000 0.180993 0
5864.510000 0.180146 0
5866.170000 0.183128 0
5867.830000 0.192883 0
5869.490000 0.198396 0
5871.150000 0.173749 0
5872.810000 0.176345 0
5874.470000 0.224309 0
5876.130000 0.210339 0
5877.790000 0.214524 0
5879.450000 0.199249 0
5881.110000 0.222768 0
5882.770000 0.202901 0
5884.430000 0.197074 0
5886.090000 0.200310 0
5887.750000 0.200560 0
5889.410000 0.186462 0
5891.070000 0.182252 0
5892.730000 0.183753 0
5894.390000 0.171811 0
5896.050000 0.167101 0
5897.710000 0.206191 0
5899.370000 0.194453 0
5901.030000 0.223235 0
5902.690000 0.235077 0
5904.350000 0.198608 0
5906.010000 0.234699 0
5907.670000 0.201558 0
5909.330000 0.217914 0
5910.990000 0.203300 0
5912.650000 0.215178 0
5914.310000 0.217618 0
5915.970000 0.209767 0
5917.630000 0.230893 0
5919.290000 0.223995 0
5920.950000 0.232266 0
5922.610000 0.239437 0
5924.270000 0.254457 0
5925.930000 0.182338 0
5927.590000 0.209536 0
5929.250000 0.206669 0
5930.910000 0.173752 0
5932.570000 0.216606 0
5934.230000 0.179441 0
5935.890000 0.192939 0
5937.550000 0.202338 0
5939.210000 0.189956 0
5940.870000 0.207771 0
5942.530000 0.197959 0
5944.190000 0.185069 0
5945.850000 0.203282 0
5947.510000 0.223913 0
5949.170000 0.203275 0
5950.830000 0.193128 0
5952.490000 0.237620 0
5954.150000 0.207321 0
5955.810000 0.186277 0
5957.470000 0.189182 0
5959.130000 0.192905 0
5960.790000 0.203195 0
5962.450000 0.202454 0
5964.110000 0.207712 0
5965.770000 0.210164 0
5967.430000 0.214412 0
5969.090000 0.231261 0
5970.750000 0.180522 0
5972.410000 0.256921 0
5974.070000 0.226755 0
5975.730000 0.236227 0
5977.390000 0.215043 0
5979.050000 0.250099 0
5980.710000 0.231771 0
5982.370000 0.216452 0
5984.030000 0.213628 0
5985.690000 0.242173 0
5987.350000 0.239281 0
5989.010000 0.225878 0
5990.670000 0.235994 0
5992.330000 0.245976 0
5993.990000 0.238805 0
5995.650000 0.226728 0
5997.310000 0.219972 0
5998.970000 0.233346 0
6000.630000 0.242052 0
6002.290000 0.203813 0
6003.950000 0.223220 0
6005.610000 0.207134 0
6007.270000 0.208446 0
6008.930000 0.197983 0
6010.590000 0.212479 0
6012.250000 0.210732 0
6013.910000 0.208151 0
6015.570000 0.210823 0
6017.230000 0.213409 0
6018.890000 0.192230 0
6020.550000 0.201512 0
6022.210000 0.220749 0
6023.870000 0.221128 0
6025.530000 0.213827 0
6027.190000 0.211700 0
6028.850000 0.224304 0
6030.510000 0.210202 0
6032.170000 0.230296 0
6033.830000 0.242365 0
6035.490000 0.217960 0
6037.150000 0.194489 0
6038.810000 0.222640 0
6040.470000 0.174383 0
6042.130000 0.176808 0
6043.790000 0.192279 0
6045.450000 0.191085 0
6047.110000 0.222354 0
6048.770000 0.210836 0
6050.430000 0.200591 0
6052.090000 0.200786 0
6053.750000 0.208709 0
6055.410000 0.193407 0
6057.070000 0.193922 0
6058.730000 0.205319 0
6060.390000 0.197448 0
6062.050000 0.219003 0
6063.710000 0.216782 0
6065.370000 0.214262 0
6067.030000 0.208697 0
6068.690000 0.213412 0
6070.350000 0.224202 0
6072.010000 0.198325 0
6073.670000 0.193196 0
6075.330000 0.211032 0
6076.990000 0.214608 0
6078.650000 0.199628 0
6080.310000 0.186723 0
6081.970000 0.222430 0
6083.630000 0.205579 0
6085.290000 0.196829 0
6086.950000 0.218583 0
6088.610000 0.201304 0
6090.270000 0.175571 0
6091.930000 0.202812 0
6093.590000 0.198964 0
6095.250000 0.207291 0
6096.910000 0.194751 0
6098.570000 0.218919 0
6100.230000 0.207129 0
6101.890000 0.207727 0
6103.550000 0.212481 0
6105.210000 0.222380 0
6106.870000 0.181063 0
6108.530000 0.208049 0
6110.190000 0.223880 0
6111.850000 0.223598 0
6113.510000 0.219055 0
6115.170000 0.216865 0
6116.830000 0.230346 0
6118.490000 0.219545 0
6120.150000 0.198259 0
6121.810000 0.195129 0
6123.470000 0.189242 0
6125.130000 0.211059 0
6126.790000 0.212189 0
6128.450000 0.183956 0
6130.110000 0.203732 0
6131.770000 0.226315 0
6133.430000 0.211793 0
6135.090000 0.207371 0
6136.750000 0.231231 0
6138.410000 0.233419 0
6140.070000 0.210212 0
6141.730000 0.216988 0
6143.390000 0.202335 0
6145.050000 0.229637 0
6146.710000 0.229504 0
6148.370000 0.232739 0
6150.030000 0.220864 0
6151.690000 0.215697 0
6153.350000 0.207058 0
6155.010000 0.206145 0
6156.670000 0.220691 0
6158.330000 0.215821 0
6159.990000 0.246189 0
6161.650000 0.208388 0
6163.310000 0.190673 0
6164.970000 0.201725 0
6166.630000 0.204643 0
6168.290000 0.195522 0
6169.950000 0.204659 0
6171.610000 0.228832 0
6173.270000 0.226809 0
6174.930000 0.185076 0
6176.590000 0.207180 0
6178.250000 0.210049 0
6179.910000 0.211274 0
6181.570000 0.205332 0
6183.230000 0.214854 0
6184.890000 0.226264 0
6186.550000 0.217687 0
6188.210000 0.243836 0
6189.870000 0.217205 0
6191.530000 0.224419 0
6193.190000 0.217525 0
6194.850000 0.205310 0
6196.510000 0.201194 0
6198.170000 0.220485 0
6199.830000 0.215038 0
6201.490000 0.207028 0
6203.150000 0.209140 0
6204.810000 0.239451 0
6206.470000 0.230779 0
6208.130000 0.234002 0
6209.790000 0.220638 0
6211.450000 0.213011 0
6213.110000 0.213361 0
6214.770000 0.219481 0
6216.430000 0.201416 0
6218.090000 0.198421 0
6219.750000 0.217816 0
6221.410000 0.203657 0
6223.070000 0.221722 0
6224.730000 0.205745 0
6226.390000 0.215999 0
6228.050000 0.237261 0
6229.710000 0.215674 0
6231.370000 0.219496 0
6233.030000 0.227190 0
6234.690000 0.204254 0
6236.350000 0.232105 0
6238.010000 0.229696 0
6239.670000 0.212845 0
6241.330000 0.206153 0
6242.990000 0.202835 0
6244.650000 0.206775 0
6246.310000 0.208076 0
6247.970000 0.192710 0
6249.630000 0.202378 0
6251.290000 0.214169 0
6252.950000 0.198506 0
6254.610000 0.204330 0
6256.270000 0.219656 0
6257.930000 0.208792 0
6259.590000 0.199410 0
6261.250000 0.218834 0
6262.910000 0.198570 0
6264.570000 0.197931 0
6266.230000 0.211170 0
6267.890000 0.202980 0
6269.550000 0.217217 0
6271.210000 0.223979 0
6272.870000 0.184979 0
6274.530000 0.203914 0
6276.190000 0.205442 0
6277.850000 0.189884 0
6279.510000 0.203771 0
6281.170000 0.210208 0
6282.830000 0.219623 0
6284.490000 0.209293 0
6286.150000 0.184700 0
6287.810000 0.191914 0
6289.470000 0.173427 0
6291.130000 0.174105 0
6292.790000 0.159039 0
6294.450000 0.176595 0
6296.110000 0.164165 0
6297.770000 0.169380 0
6299.430000 0.194095 0
6301.090000 0.196356 0
6302.750000 0.181912 0
6304.410000 0.201523 0
6306.070000 0.193015 0
6307.730000 0.220520 0
6309.390000 0.208913 0
6311.050000 0.195063 0
6312.710000 0.194316 0
6314.370000 0.196083 0
6316.030000 0.215049 0
6317.690000 0.216384 0
6319.350000 0.217305 0
6321.010000 0.217600 0
6322.670000 0.200483 0
6324.330000 0.193574 0
6325.990000 0.207759 0
6327.650000 0.206449 0
6329.310000 0.170032 0
6330.970000 0.181446 0
6332.630000 0.197993 0
6334.290000 0.197512 0
6335.950000 0.218577 0
6337.610000 0.215739 0
6339.270000 0.208312 0
6340.930000 0.226772 0
6342.590000 0.217894 0
6344.250000 0.247918 0
6345.910000 0.199997 0
6347.570000 0.209404 0
6349.230000 0.218581 0
6350.890000 0.201971 0
6352.550000 0.227817 0
6354.210000 0.199676 0
6355.870000 0.221875 0
6357.530000 0.195940 0
6359.190000 0.198144 0
6360.850000 0.195761 0
6362.510000 0.191589 0
6364.170000 0.224461 0
6365.830000 0.212388 0
6367.490000 0.185317 0
6369.150000 0.185161 0
6370.810000 0.172966 0
6372.470000 0.193104 0
6374.130000 0.190392 0
6375.790000 0.192118 0
6377.450000 0.205453 0
6379.110000 0.196772 0
6380.770000 0.223788 0
6382.430000 0.217125 0
6384.090000 0.215035 0
6385.750000 0.217725 0
6387.410000 0.214728 0
6389.070000 0.192849 0
6390.730000 0.198193 0
6392.390000 0.203994 0
6394.050000 0.197150 0
6395.710000 0.207226 0
6397.370000 0.229878 0
6399.030000 0.222251 0
6400.690000 0.224887 0
6402.350000 0.227914 0
6404.010000 0.235041 0
6405.670000 0.223874 0
6407.330000 0.237706 0
6408.990000 0.229603 0
6410.650000 0.211898 0
6412.310000 0.215789 0
6413.970000 0.221192 0
6415.630000 0.207705 0
6417.290000 0.195459 0
6418.950000 0.189210 0
6420.610000 0.201734 0
6422.270000 0.217826 0
6423.930000 0.219344 0
6425.590000 0.212363 0
6427.250000 0.226809 0
6428.910000 0.211003 0
6430.570000 0.209300 0
6432.230000 0.201318 0
6433.890000 0.211983 0
6435.550000 0.227335 0
6437.210000 0.202539 0
6438.870000 0.218275 0
6440.530000 0.203205 0
6442.190000 0.227896 0
6443.850000 0.208625 0
6445.510000 0.209051 0
6447.170000 0.193641 0
6448.830000 0.212446 0
6450.490000 0.169484 0
6452.150000 0.168793 0
6453.810000 0.166642 0
6455.470000 0.199630 0
6457.130000 0.192255 0
6458.790000 0.196491 0
6460.450000 0.198381 0
6462.110000 0.228199 0
6463.770000 0.200823 0
6465.430000 0.194851 0
6467.090000 0.215744 0
6468.750000 0.203209 0
6470.410000 0.210495 0
6472.070000 0.203255 0
6473.730000 0.192775 0
6475.390000 0.176471 0
6477.050000 0.164885 0
6478.710000 0.182374 0
6480.370000 0.181920 0
6482.030000 0.170337 0
6483.690000 0.182413 0
6485.350000 0.202402 0
6487.010000 0.194278 0
6488.670000 0.205672 0
6490.330000 0.184315 0
6491.990000 0.182782 0
6493.650000 0.175796 0
6495.310000 0.179777 0
6496.970000 0.187958 0
6498.630000 0.175575 0
6500.290000 0.177224 0
6501.950000 0.191295 0
6503.610000 0.212617 0
6505.270000 0.197774 0
6506.930000 0.183937 0
6508.590000 0.193904 0
6510.250000 0.199590 0
6511.910000 0.191581 0
6513.570000 0.185029 0
6515.230000 0.195595 0
6516.890000 0.211978 0
6518.550000 0.202598 0
6520.210000 0.179270 0
6521.870000 0.183653 0
6523.530000 0.185931 0
6525.190000 0.185210 0
6526.850000 0.180022 0
6528.510000 0.172977 0
6530.170000 0.169555 0
6531.830000 0.196740 0
6533.490000 0.212925 0
6535.150000 0.205898 0
6536.810000 0.230989 0
6538.470000 0.198625 0
6540.130000 0.175623 0
6541.790000 0.196429 0
6543.450000 0.198014 0
6545.110000 0.188835 0
6546.770000 0.223609 0
6548.430000 0.210799 0
6550.090000 0.215436 0
6551.750000 0.216233 0
6553.410000 0.237989 0
6555.070000 0.207486 0
6556.730000 0.220066 0
6558.390000 0.206731 0
6560.050000 0.195222 0
6561.710000 0.184229 0
6563.370000 0.195074 0
6565.030000 0.199951 0
6566.690000 0.188131 0
6568.350000 0.194029 0
6570.010000 0.184985 0
6571.670000 0.219056 0
6573.330000 0.189138 0
6574.990000 0.188777 0
6576.650000 0.169353 0
6578.310000 0.197884 0
6579.970000 0.169898 0
6581.630000 0.169801 0
6583.290000 0.194656 0
6584.950000 0.185220 0
6586.610000 0.206440 0
6588.270000 0.201853 0
6589.930000 0.192766 0
6591.590000 0.218235 0
6593.250000 0.219416 0
6594.910000 0.176542 0
6596.570000 0.191143 0
6598.230000 0.203861 0
6599.890000 0.185795 0
6601.550000 0.180667 0
6603.210000 0.183933 0
6604.870000 0.188455 0
6606.530000 0.184252 0
6608.190000 0.191661 0
6609.850000 0.173751 0
6611.510000 0.167978 0
6613.170000 0.188735 0
6614.830000 0.186776 0
6616.490000 0.186775 0
6618.150000 0.180497 0
6619.810000 0.183418 0
6621.470000 0.186978 0
6623.130000 0.198583 0
6624.790000 0.197911 0
6626.450000 0.186032 0
6628.110000 0.187504 0
6629.770000 0.191907 0
6631.430000 0.186630 0
6633.090000 0.183706 0
6634.750000 0.174417 0
6636.410000 0.178224 0
6638.070000 0.181406 0
6639.730000 0.168705 0
6641.390000 0.169880 0
6643.050000 0.198518 0
6644.710000 0.201867 0
6646.370000 0.185545 0
6648.030000 0.183394 0
6649.690000 0.188006 0
6651.350000 0.200349 0
6653.010000 0.182052 0
6654.670000 0.175449 0
6656.330000 0.174849 0
6657.990000 0.186151 0
6659.650000 0.193060 0
6661.310000 0.191920 0
6662.970000 0.193698 0
6664.630000 0.190735 0
6666.290000 0.186050 0
6667.950000 0.180807 0
6669.610000 0.182202 0
6671.270000 0.173256 0
6672.930000 0.176629 0
6674.590000 0.169695 0
6676.250000 0.185564 0
6677.910000 0.190870 0
6679.570000 0.189914 0
6681.230000 0.199856 0
6682.890000 0.201791 0
6684.550000 0.191388 0
6686.210000 0.172047 0
6687.870000 0.162677 0
6689.530000 0.157360 0
6691.190000 0.149954 0
6692.850000 0.150491 0
6694.510000 0.142212 0
6696.170000 0.140304 0
6697.830000 0.132747 0
6699.490000 0.157761 0
6701.150000 0.158279 0
6702.810000 0.166965 0
6704.470000 0.171734 0
6706.130000 0.149965 0
6707.790000 0.139461 0
6709.450000 0.136687 0
6711.110000 0.132669 0
6712.770000 0.141805 0
6714.430000 0.162564 0
6716.090000 0.162669 0
6717.750000 0.180978 0
6719.410000 0.191077 0
6721.070000 0.179171 0
6722.730000 0.175386 0
6724.390000 0.166297 0
6726.050000 0.172193 0
6727.710000 0.183415 0
6729.370000 0.194574 0
6731.030000 0.197296 0
6732.690000 0.201461 0
6734.350000 0.186419 0
6736.010000 0.174056 0
6737.670000 0.168010 0
6739.330000 0.167642 0
6740.990000 0.164368 0
6742.650000 0.140602 0
6744.310000 0.166226 0
6745.970000 0.178242 0
6747.630000 0.178273 0
6749.290000 0.183302 0
6750.950000 0.184753 0
6752.610000 0.189008 0
6754.270000 0.191202 0
6755.930000 0.205812 0
6757.590000 0.190729 0
6759.250000 0.188008 0
6760.910000 0.210865 0
6762.570000 0.189378 0
6764.230000 0.167022 0
6765.890000 0.163215 0
6767.550000 0.177898 0
6769.210000 0.177809 0
6770.870000 0.176972 0
6772.530000 0.184310 0
6774.190000 0.196515 0
6775.850000 0.192649 0
6777.510000 0.197283 0
6779.170000 0.200126 0
6780.830000 0.200766 0
6782.490000 0.196981 0
6784.150000 0.196120 0
6785.810000 0.211445 0
6787.470000 0.203860 0
6789.130000 0.210443 0
6790.790000 0.198986 0
6792.450000 0.203830 0
6794.110000 0.192773 0
6795.770000 0.183246 0
6797.430000 0.185507 0
6799.090000 0.200772 0
6800.750000 0.190703 0
6802.410000 0.180097 0
6804.070000 0.185634 0
6805.730000 0.207597 0
6807.390000 0.188354 0
6809.050000 0.182970 0
6810.710000 0.180913 0
6812.370000 0.190314 0
6814.030000 0.171362 0
6815.690000 0.155729 0
6817.350000 0.162893 0
6819.010000 0.163260 0
6820.670000 0.154972 0
6822.330000 0.154648 0
6823.990000 0.168928 0
6825.650000 0.159614 0
6827.310000 0.166733 0
6828.970000 0.170143 0
6830.630000 0.179844 0
6832.290000 0.199611 0
6833.950000 0.194632 0
6835.610000 0.205460 0
6837.270000 0.187643 0
6838.930000 0.184591 0
6840.590000 0.188457 0
6842.250000 0.190896 0
6843.910000 0.210981 0
6845.570000 0.205246 0
6847.230000 0.191818 0
6848.890000 0.209767 0
6850.550000 0.220377 0
6852.210000 0.207417 0
6853.870000 0.198398 0
6855.530000 0.191882 0
6857.190000 0.185200 0
6858.850000 0.199408 0
6860.510000 0.182162 0
6862.170000 0.179974 0
6863.830000 0.173685 0
6865.490000 0.184559 0
6867.150000 0.158098 0
6868.810000 0.147235 0
6870.470000 0.150432 0
6872.130000 0.165620 0
6873.790000 0.153428 0
6875.450000 0.156679 0
6877.110000 0.158592 0
6878.770000 0.169734 0
6880.430000 0.188097 0
6882.090000 0.180083 0
6883.750000 0.173953 0
6885.410000 0.186010 0
6887.070000 0.176007 0
6888.730000 0.166191 0
6890.390000 0.165987 0
6892.050000 0.154181 0
6893.710000 0.155515 0
6895.370000 0.166438 0
6897.030000 0.148111 0
6898.690000 0.156070 0
6900.350000 0.142397 0
6902.010000 0.168610 0
6903.670000 0.163943 0
6905.330000 0.173394 0
6906.990000 0.188689 0
6908.650000 0.206898 0
6910.310000 0.181998 0
6911.970000 0.179533 0
6913.630000 0.179260 0
6915.290000 0.190171 0
6916.950000 0.184809 0
6918.610000 0.183567 0
6920.270000 0.170947 0
6921.930000 0.174863 0
6923.590000 0.174088 0
6925.250000 0.174225 0
6926.910000 0.168261 0
6928.570000 0.187924 0
6930.230000 0.210069 0
6931.890000 0.180577 0
6933.550000 0.202416 0
6935.210000 0.210083 0
6936.870000 0.203098 0
6938.530000 0.206677 0
6940.190000 0.198247 0
6941.850000 0.202323 0
6943.510000 0.198508 0
6945.170000 0.195774 0
6946.830000 0.187550 0
6948.490000 0.199961 0
6950.150000 0.183818 0
6951.810000 0.199186 0
6953.470000 0.173936 0
6955.130000 0.166749 0
6956.790000 0.181158 0
6958.450000 0.190857 0
6960.110000 0.195363 0
6961.770000 0.209532 0
6963.430000 0.193337 0
6965.090000 0.215337 0
6966.750000 0.212245 0
6968.410000 0.190088 0
6970.070000 0.209465 0
6971.730000 0.189032 0
6973.390000 0.187681 0
6975.050000 0.194261 0
6976.710000 0.179675 0
6978.370000 0.183074 0
6980.030000 0.171747 0
6981.690000 0.174684 0
6983.350000 0.169679 0
6985.010000 0.183430 0
6986.670000 0.194126 0
6988.330000 0.175098 0
6989.990000 0.167507 0
6991.650000 0.169515 0
6993.310000 0.162327 0
6994.970000 0.175387 0
6996.630000 0.179358 0
6998.290000 0.160919 0
6999.950000 0.159729 0
7001.610000 0.165838 0
7003.270000 0.173855 0
7004.930000 0.174701 0
7006.590000 0.158833 0
7008.250000 0.167194 0
7009.910000 0.173526 0
7011.570000 0.187752 0
7013.230000 0.200794 0
7014.890000 0.199199 0
7016.550000 0.193727 0
7018.210000 0.187847 0
7019.870000 0.182911 0
7021.530000 0.176511 0
7023.190000 0.187907 0
7024.850000 0.192477 0
7026.510000 0.185734 0
7028.170000 0.187534 0
7029.830000 0.179120 0
7031.490000 0.182605 0
7033.150000 0.183628 0
7034.810000 0.183548 0
7036.470000 0.181468 0
7038.130000 0.191926 0
7039.790000 0.191479 0
7041.450000 0.181772 0
7043.110000 0.191882 0
7044.770000 0.201711 0
7046.430000 0.205825 0
7048.090000 0.197406 0
7049.750000 0.194861 0
7051.410000 0.190346 0
7053.070000 0.177316 0
7054.730000 0.171073 0
7056.390000 0.187773 0
7058.050000 0.188080 0
7059.710000 0.181650 0
7061.370000 0.164702 0
7063.030000 0.171155 0
7064.690000 0.175016 0
7066.350000 0.183243 0
7068.010000 0.178726 0
7069.670000 0.183180 0
7071.330000 0.185467 0
7072.990000 0.180147 0
7074.650000 0.181905 0
7076.310000 0.192189 0
7077.970000 0.186682 0
7079.630000 0.189615 0
7081.290000 0.186540 0
7082.950000 0.177729 0
7084.610000 0.173019 0
7086.270000 0.164878 0
7087.930000 0.179734 0
7089.590000 0.176025 0
7091.250000 0.172312 0
7092.910000 0.169545 0
7094.570000 0.162463 0
7096.230000 0.166759 0
7097.890000 0.161515 0
7099.550000 0.160033 0
7101.210000 0.184356 0
7102.870000 0.178548 0
7104.530000 0.166593 0
7106.190000 0.179450 0
7107.850000 0.183880 0
7109.510000 0.171067 0
7111.170000 0.172384 0
7112.830000 0.192423 0
7114.490000 0.178099 0
7116.150000 0.163915 0
7117.810000 0.176009 0
7119.470000 0.173026 0
7121.130000 0.166619 0
7122.790000 0.178632 0
7124.450000 0.164479 0
7126.110000 0.162949 0
7127.770000 0.171335 0
7129.430000 0.166827 0
7131.090000 0.174740 0
7132.750000 0.168949 0
7134.410000 0.185430 0
7136.070000 0.172402 0
7137.730000 0.161326 0
7139.390000 0.153503 0
7141.050000 0.190374 0
7142.710000 0.185862 0
7144.370000 0.177292 0
7146.030000 0.180212 0
7147.690000 0.187574 0
7149.350000 0.185484 0
7151.010000 0.185453 0
7152.670000 0.175487 0
7154.330000 0.186490 0
7155.990000 0.185108 0
7157.650000 0.164384 0
7159.310000 0.186705 0
7160.970000 0.171045 0
7162.630000 0.178431 0
7164.290000 0.160961 0
7165.950000 0.179043 0
7167.610000 0.172284 0
7169.270000 0.165540 0
7170.930000 0.174192 0
7172.590000 0.182566 0
7174.250000 0.182114 0
7175.910000 0.176770 0
7177.570000 0.169253 0
7179.230000 0.183172 0
7180.890000 0.176715 0
7182.550000 0.169998 0
7184.210000 0.164313 0
7185.870000 0.177302 0
7187.530000 0.174489 0
7189.190000 0.177715 0
7190.850000 0.175426 0
7192.510000 0.174785 0
7194.170000 0.168283 0
7195.830000 0.164054 0
7197.490000 0.166966 0
7199.150000 0.172337 0
7200.810000 0.172205 0
7202.470000 0.167051 0
7204.130000 0.164980 0
7205.790000 0.160077 0
7207.450000 0.176379 0
7209.110000 0.168425 0
7210.770000 0.164494 0
7212.430000 0.163747 0
7214.090000 0.175733 0
7215.750000 0.171655 0
7217.410000 0.168662 0
7219.070000 0.161653 0
7220.730000 0.171811 0
7222.390000 0.169511 0
7224.050000 0.187156 0
7225.710000 0.167725 0
7227.370000 0.167787 0
7229.030000 0.165974 0
7230.690000 0.162003 0
7232.350000 0.166665 0
7234.010000 0.173741 0
7235.670000 0.166538 0
7237.330000 0.159192 0
7238.990000 0.138703 0
7240.650000 0.155524 0
7242.310000 0.128206 0
7243.970000 0.145002 0
7245.630000 0.163479 0
7247.290000 0.157554 0
7248.950000 0.154249 0
7250.610000 0.156131 0
7252.270000 0.145977 0
7253.930000 0.166930 0
7255.590000 0.159820 0
7257.250000 0.170754 0
7258.910000 0.172045 0
7260.570000 0.170358 0
7262.230000 0.169956 0
7263.890000 0.175808 0
7265.550000 0.176457 0
7267.210000 0.174611 0
7268.870000 0.177752 0
7270.530000 0.169240 0
7272.190000 0.180375 0
7273.850000 0.160214 0
7275.510000 0.143589 0
7277.170000 0.150044 0
7278.830000 0.161144 0
7280.490000 0.161019 0
7282.150000 0.151563 0
7283.810000 0.168989 0
7285.470000 0.180159 0
7287.130000 0.154624 0
7288.790000 0.173680 0
7290.450000 0.168462 0
7292.110000 0.161000 0
7293.770000 0.149141 0
7295.430000 0.162645 0
7297.090000 0.168696 0
7298.750000 0.167739 0
7300.410000 0.171724 0
7302.070000 0.163779 0
7303.730000 0.160652 0
7305.390000 0.160983 0
7307.050000 0.154454 0
7308.710000 0.154304 0
7310.370000 0.160317 0
7312.030000 0.165126 0
7313.690000 0.160900 0
7315.350000 0.143080 0
7317.010000 0.171018 0
7318.670000 0.162966 0
7320.330000 0.159056 0
7321.990000 0.172441 0
7323.650000 0.168635 0
7325.310000 0.152063 0
7326.970000 0.152858 0
7328.630000 0.166432 0
7330.290000 0.167021 0
7331.950000 0.175670 0
7333.610000 0.162599 0
7335.270000 0.169005 0
7336.930000 0.171237 0
7338.590000 0.151288 0
7340.250000 0.184878 0
7341.910000 0.154885 0
7343.570000 0.147374 0
7345.230000 0.169633 0
7346.890000 0.172584 0
7348.550000 0.161488 0
7350.210000 0.167903 0
7351.870000 0.153432 0
7353.530000 0.167865 0
7355.190000 0.177989 0
7356.850000 0.186629 0
7358.510000 0.183187 0
7360.170000 0.153488 0
7361.830000 0.160423 0
7363.490000 0.183768 0
7365.150000 0.151424 0
7366.810000 0.136587 0
7368.470000 0.168497 0
7370.130000 0.183694 0
7371.790000 0.149215 0
7373.450000 0.168438 0
7375.110000 0.167977 0
7376.770000 0.173409 0
7378.430000 0.154835 0
7380.090000 0.154436 0
7381.750000 0.162580 0
7383.410000 0.145581 0
7385.070000 0.162060 0
7386.730000 0.160200 0
7388.390000 0.153621 0
7390.050000 0.153149 0
7391.710000 0.143113 0
7393.370000 0.134134 0
7395.030000 0.143278 0
7396.690000 0.168433 0
7398.350000 0.162809 0
7400.010000 0.186315 0
7401.670000 0.170836 0
7403.330000 0.134260 0
7404.990000 0.171269 0
7406.650000 0.167495 0
7408.310000 0.176170 0
7409.970000 0.165547 0
7411.630000 0.172183 0
7413.290000 0.174805 0
7414.950000 0.180285 0
7416.610000 0.178530 0
7418.270000 0.169881 0
7419.930000 0.175469 0
7421.590000 0.173379 0
7423.250000 0.174968 0
7424.910000 0.179300 0
7426.570000 0.173814 0
7428.230000 0.152748 0
7429.890000 0.154208 0
7431.550000 0.166166 0
7433.210000 0.163792 0
7434.870000 0.168555 0
7436.530000 0.175584 0
7438.190000 0.159150 0
7439.850000 0.165728 0
7441.510000 0.167965 0
7443.170000 0.148670 0
7444.830000 0.160267 0
7446.490000 0.165651 0
7448.150000 0.176406 0
7449.810000 0.164822 0
7451.470000 0.140405 0
7453.130000 0.156394 0
7454.790000 0.167689 0
7456.450000 0.164931 0
7458.110000 0.163253 0
7459.770000 0.163074 0
7461.430000 0.165827 0
7463.090000 0.173448 0
7464.750000 0.162428 0
7466.410000 0.165543 0
7468.070000 0.163328 0
7469.730000 0.182870 0
7471.390000 0.188894 0
7473.050000 0.165787 0
7474.710000 0.167896 0
7476.370000 0.167009 0
7478.030000 0.176293 0
7479.690000 0.160371 0
7481.350000 0.152351 0
7483.010000 0.158282 0
7484.670000 0.155837 0
7486.330000 0.142736 0
7487.990000 0.151549 0
7489.650000 0.139141 0
7491.310000 0.148398 0
7492.970000 0.165354 0
7494.630000 0.169374 0
7496.290000 0.174970 0
7497.950000 0.169021 0
7499.610000 0.174556 0
7501.270000 0.164859 0
7502.930000 0.151352 0
7504.590000 0.164160 0
7506.250000 0.170828 0
7507.910000 0.166918 0
7509.570000 0.159553 0
7511.230000 0.172831 0
7512.890000 0.177027 0
7514.550000 0.167886 0
7516.210000 0.168285 0
7517.870000 0.166932 0
7519.530000 0.155644 0
7521.190000 0.155138 0
7522.850000 0.157517 0
7524.510000 0.147512 0
7526.170000 0.180161 0
7527.830000 0.173642 0
7529.490000 0.150762 0
7531.150000 0.167321 0
7532.810000 0.167485 0
7534.470000 0.168684 0
7536.130000 0.164016 0
7537.790000 0.161196 0
7539.450000 0.163845 0
7541.110000 0.161665 0
7542.770000 0.164381 0
7544.430000 0.176123 0
7546.090000 0.168279 0
7547.750000 0.170270 0
7549.410000 0.171625 0
7551.070000 0.171009 0
7552.730000 0.168169 0
7554.390000 0.169978 0
7556.050000 0.165626 0
7557.710000 0.177696 0
7559.370000 0.166521 0
7561.030000 0.169886 0
7562.690000 0.171278 0
7564.350000 0.173031 0
7566.010000 0.162575 0
7567.670000 0.176028 0
7569.330000 0.184742 0
7570.990000 0.168239 0
7572.650000 0.145090 0
7574.310000 0.159216 0
7575.970000 0.160090 0
7577.630000 0.147754 0
7579.290000 0.138206 0
7580.950000 0.147521 0
7582.610000 0.165089 0
7584.270000 0.156429 0
7585.930000 0.140697 0
7587.590000 0.164595 0
7589.250000 0.167835 0
7590.910000 0.163524 0
7592.570000 0.167991 0
7594.230000 0.182483 0
7595.890000 0.183456 0
7597.550000 0.162477 0
7599.210000 0.178577 0
7600.870000 0.191507 0
7602.530000 0.158468 0
7604.190000 0.145169 0
7605.850000 0.152851 0
7607.510000 0.158639 0
7609.170000 0.160443 0
7610.830000 0.154711 0
7612.490000 0.155258 0
7614.150000 0.149487 0
7615.810000 0.142741 0
7617.470000 0.152547 0
7619.130000 0.169707 0
7620.790000 0.167549 0
7622.450000 0.159724 0
7624.110000 0.128144 0
7625.770000 0.110052 0
7627.430000 0.109453 0
7629.090000 0.102924 0
7630.750000 0.142691 0
7632.410000 0.119656 0
7634.070000 0.135386 0
7635.730000 0.133196 0
7637.390000 0.135411 0
7639.050000 0.153623 0
7640.710000 0.146308 0
7642.370000 0.165224 0
7644.030000 0.171216 0
7645.690000 0.140296 0
7647.350000 0.134499 0
7649.010000 0.159305 0
7650.670000 0.159341 0
7652.330000 0.154179 0
7653.990000 0.158665 0
7655.650000 0.162716 0
7657.310000 0.179568 0
7658.970000 0.182041 0
7660.630000 0.156164 0
7662.290000 0.144081 0
7663.950000 0.149114 0
7665.610000 0.136195 0
7667.270000 0.148492 0
7668.930000 0.168748 0
7670.590000 0.158083 0
7672.250000 0.169607 0
7673.910000 0.142541 0
7675.570000 0.140561 0
7677.230000 0.163358 0
7678.890000 0.158729 0
7680.550000 0.147450 0
7682.210000 0.153493 0
7683.870000 0.152086 0
7685.530000 0.150058 0
7687.190000 0.147249 0
7688.850000 0.170601 0
7690.510000 0.154191 0
7692.170000 0.152786 0
7693.830000 0.155107 0
7695.490000 0.142214 0
7697.150000 0.155953 0
7698.810000 0.159354 0
7700.470000 0.149056 0
7702.130000 0.147385 0
7703.790000 0.148391 0
7705.450000 0.141790 0
7707.110000 0.145395 0
7708.770000 0.148225 0
7710.430000 0.125928 0
7712.090000 0.126618 0
7713.750000 0.144433 0
7715.410000 0.134221 0
7717.070000 0.128970 0
7718.730000 0.145258 0
7720.390000 0.144853 0
7722.050000 0.146267 0
7723.710000 0.152994 0
7725.370000 0.151178 0
7727.030000 0.149651 0
7728.690000 0.167298 0
7730.350000 0.128371 0
7732.010000 0.000000 1
7733.670000 0.000000 1
7735.330000 0.000000 1
7736.990000 0.000000 1
7738.650000 0.000000 1
7740.310000 0.000000 1
7741.970000 0.000000 1
7743.630000 0.000000 1
7745.290000 0.000000 1
7746.950000 0.000000 1
7748.610000 0.000000 1
7750.270000 0.000000 1
7751.930000 0.000000 1
7753.590000 0.000000 1
7755.250000 0.000000 1
7756.910000 0.000000 1
7758.570000 0.000000 1
7760.230000 0.000000 1
7761.890000 0.000000 1
7763.550000 0.000000 1
7765.210000 0.000000 1
7766.870000 0.000000 1
7768.530000 0.000000 1
7770.190000 0.000000 1
7771.850000 0.000000 1
7773.510000 0.000000 1
7775.170000 0.000000 1
7776.830000 0.000000 1
7778.490000 0.000000 1
7780.150000 0.000000 1
7781.810000 0.000000 1
7783.470000 0.000000 1
7785.130000 0.000000 1
7786.790000 0.000000 1
7788.450000 0.000000 1
7790.110000 0.000000 1
7791.770000 0.000000 1
7793.430000 0.000000 1
7795.090000 0.000000 1
7796.750000 0.000000 1
7798.410000 0.000000 1
7800.070000 0.000000 1
7801.730000 0.000000 1
7803.390000 0.000000 1
7805.050000 0.000000 1
7806.710000 0.000000 1
7808.370000 0.000000 1
7810.030000 0.000000 1
7811.690000 0.000000 1
7813.350000 0.000000 1
7815.010000 0.000000 1
7816.670000 0.000000 1
7818.330000 0.000000 1
7819.990000 0.000000 1
7821.650000 0.000000 1
7823.310000 0.000000 1
7824.970000 0.000000 1
7826.630000 0.000000 1
7828.290000 0.000000 1
7829.950000 0.000000 1
7831.610000 0.000000 1
7833.270000 0.000000 1
7834.930000 0.000000 1
7836.590000 0.000000 1
7838.250000 0.000000 1
7839.910000 0.000000 1
7841.570000 0.000000 1
7843.230000 0.000000 1
7844.890000 0.000000 1
7846.550000 0.000000 1
7848.210000 0.000000 1
7849.870000 0.000000 1
7851.530000 0.000000 1
7853.190000 0.000000 1
7854.850000 0.000000 1
7856.510000 0.000000 1
7858.170000 0.000000 1
7859.830000 0.000000 1
7861.490000 0.000000 1
7863.150000 0.000000 1
7864.810000 0.000000 1
7866.470000 0.000000 1
7868.130000 0.000000 1
7869.790000 0.000000 1
7871.450000 0.000000 1
7873.110000 0.000000 1
7874.770000 0.000000 1
7876.430000 0.000000 1
7878.090000 0.000000 1
7879.750000 0.000000 1
7881.410000 0.000000 1
7883.070000 0.000000 1
7884.730000 0.000000 1
7886.390000 0.000000 1
7888.050000 0.000000 1
7889.710000 0.000000 1
7891.370000 0.000000 1
7893.030000 0.000000 1
7894.690000 0.000000 1
7896.350000 0.000000 1
7898.010000 0.000000 1
7899.670000 0.000000 1
7901.330000 0.000000 1
7902.990000 0.000000 1
7904.650000 0.000000 1
7906.310000 0.000000 1
7907.970000 0.000000 1
7909.630000 0.000000 1
7911.290000 0.000000 1
7912.950000 0.000000 1
7914.610000 0.000000 1
7916.270000 0.000000 1
7917.930000 0.000000 1
7919.590000 0.000000 1
7921.250000 0.000000 1
7922.910000 0.000000 1
7924.570000 0.000000 1
7926.230000 0.000000 1
7927.890000 0.000000 1
7929.550000 0.000000 1
7931.210000 0.000000 1
7932.870000 0.000000 1
7934.530000 0.000000 1
7936.190000 0.000000 1
7937.850000 0.000000 1
7939.510000 0.000000 1
7941.170000 0.000000 1
7942.830000 0.000000 1
7944.490000 0.000000 1
7946.150000 0.000000 1
7947.810000 0.000000 1
7949.470000 0.000000 1
7951.130000 0.000000 1
7952.790000 0.000000 1
7954.450000 0.000000 1
7956.110000 0.000000 1
7957.770000 0.000000 1
7959.430000 0.000000 1
7961.090000 0.000000 1
7962.750000 0.000000 1
7964.410000 0.000000 1
7966.070000 0.000000 1
7967.730000 0.000000 1
7969.390000 0.000000 1
7971.050000 0.000000 1
7972.710000 0.000000 1
7974.370000 0.000000 1
7976.030000 0.000000 1
7977.690000 0.000000 1
7979.350000 0.000000 1
7981.010000 0.000000 1
7982.670000 0.000000 1
7984.330000 0.000000 1
7985.990000 0.000000 1
7987.650000 0.000000 1
7989.310000 0.000000 1
7990.970000 0.000000 1
7992.630000 0.000000 1
7994.290000 0.000000 1
7995.950000 0.000000 1
7997.610000 0.000000 1
7999.270000 0.000000 1
8000.930000 0.000000 1
8002.590000 0.000000 1
8004.250000 0.000000 1
8005.910000 0.000000 1
8007.570000 0.000000 1
8009.230000 0.000000 1
8010.890000 0.000000 1
8012.550000 0.000000 1
8014.210000 0.000000 1
8015.870000 0.000000 1
8017.530000 0.000000 1
8019.190000 0.000000 1
8020.850000 0.000000 1
8022.510000 0.000000 1
8024.170000 0.000000 1
8025.830000 0.000000 1
8027.490000 0.000000 1
8029.150000 0.000000 1
8030.810000 0.000000 1
8032.470000 0.000000 1
8034.130000 0.000000 1
8035.790000 0.000000 1
8037.450000 0.000000 1
8039.110000 0.000000 1
8040.770000 0.000000 1
8042.430000 0.000000 1
8044.090000 0.000000 1
8045.750000 0.000000 1
8047.410000 0.000000 1
8049.070000 0.000000 1
8050.730000 0.000000 1
8052.390000 0.000000 1
8054.050000 0.000000 1
8055.710000 0.000000 1
8057.370000 0.000000 1
8059.030000 0.000000 1
8060.690000 0.000000 1
8062.350000 0.000000 1
8064.010000 0.000000 1
8065.670000 0.000000 1
8067.330000 0.000000 1
8068.990000 0.000000 1
8070.650000 0.000000 1
8072.310000 0.000000 1
8073.970000 0.000000 1
8075.630000 0.000000 1
8077.290000 0.000000 1
8078.950000 0.000000 1
8080.610000 0.000000 1
8082.270000 0.000000 1
8083.930000 0.000000 1
8085.590000 0.000000 1
8087.250000 0.000000 1
8088.910000 0.000000 1
8090.570000 0.000000 1
8092.230000 0.000000 1
8093.890000 0.000000 1
8095.550000 0.000000 1
8097.210000 0.000000 1
8098.870000 0.000000 1
8100.530000 0.000000 1
8102.190000 0.000000 1
8103.850000 0.000000 1
8105.510000 0.000000 1
8107.170000 0.000000 1
8108.830000 0.000000 1
8110.490000 0.000000 1
8112.150000 0.000000 1
8113.810000 0.000000 1
8115.470000 0.000000 1
8117.130000 0.000000 1
8118.790000 0.000000 1
8120.450000 0.000000 1
8122.110000 0.000000 1
8123.770000 0.000000 1
8125.430000 0.000000 1
8127.090000 0.000000 1
8128.750000 0.000000 1
8130.410000 0.000000 1
8132.070000 0.000000 1
8133.730000 0.000000 1
8135.390000 0.000000 1
8137.050000 0.000000 1
8138.710000 0.000000 1
8140.370000 0.000000 1
8142.030000 0.000000 1
8143.690000 0.000000 1
8145.350000 0.000000 1
8147.010000 0.000000 1
8148.670000 0.000000 1
8150.330000 0.000000 1
8151.990000 0.000000 1
8153.650000 0.000000 1
8155.310000 0.000000 1
8156.970000 0.000000 1
8158.630000 0.000000 1
8160.290000 0.000000 1
8161.950000 0.000000 1
8163.610000 0.000000 1
8165.270000 0.000000 1
8166.930000 0.000000 1
8168.590000 0.000000 1
8170.250000 0.000000 1
8171.910000 0.000000 1
8173.570000 0.000000 1
8175.230000 0.000000 1
8176.890000 0.000000 1
8178.550000 0.000000 1
8180.210000 0.000000 1
8181.870000 0.000000 1
8183.530000 0.000000 1
8185.190000 0.000000 1
8186.850000 0.000000 1
8188.510000 0.000000 1
8190.170000 0.000000 1
8191.830000 0.000000 1
8193.490000 0.000000 1
8195.150000 0.000000 1
8196.810000 0.000000 1
8198.470000 0.000000 1
8200.130000 0.000000 1
8201.790000 0.000000 1
8203.450000 0.000000 1
8205.110000 0.000000 1
8206.770000 0.000000 1
8208.430000 0.000000 1
8210.090000 0.000000 1
8211.750000 0.000000 1
8213.410000 0.000000 1
8215.070000 0.000000 1
8216.730000 0.000000 1
8218.390000 0.000000 1
8220.050000 0.000000 1
8221.710000 0.000000 1
8223.370000 0.000000 1
8225.030000 0.000000 1
8226.690000 0.000000 1
8228.350000 0.000000 1
8230.010000 0.000000 1
8231.670000 0.000000 1
8233.330000 0.000000 1
8234.990000 0.000000 1
8236.650000 0.000000 1
8238.310000 0.000000 1
8239.970000 0.000000 1
8241.630000 0.000000 1
8243.290000 0.000000 1
8244.950000 0.000000 1
8246.610000 0.000000 1
8248.270000 0.000000 1
8249.930000 0.000000 1
8251.590000 0.000000 1
8253.250000 0.000000 1
8254.910000 0.000000 1
8256.570000 0.000000 1
8258.230000 0.000000 1
8259.890000 0.000000 1
8261.550000 0.000000 1
8263.210000 0.000000 1
8264.870000 0.000000 1
8266.530000 0.000000 1
8268.190000 0.000000 1
8269.850000 0.000000 1
8271.510000 0.000000 1
8273.170000 0.000000 1
8274.830000 0.000000 1
8276.490000 0.000000 1
8278.150000 0.000000 1
8279.810000 0.000000 1
8281.470000 0.000000 1
8283.130000 0.000000 1
8284.790000 0.000000 1
8286.450000 0.000000 1
8288.110000 0.000000 1
8289.770000 0.000000 1
8291.430000 0.000000 1
8293.090000 0.000000 1
8294.750000 0.000000 1
8296.410000 0.000000 1
8298.070000 0.000000 1
8299.730000 0.000000 1
8301.390000 0.000000 1
8303.050000 0.000000 1
8304.710000 0.000000 1
8306.370000 0.000000 1
8308.030000 0.000000 1
8309.690000 0.000000 1
8311.350000 0.000000 1
8313.010000 0.000000 1
8314.670000 0.000000 1
8316.330000 0.000000 1
8317.990000 0.000000 1
8319.650000 0.000000 1
8321.310000 0.000000 1
8322.970000 0.000000 1
8324.630000 0.000000 1
8326.290000 0.000000 1
8327.950000 0.000000 1
8329.610000 0.000000 1
8331.270000 0.000000 1
8332.930000 0.000000 1
8334.590000 0.000000 1
8336.250000 0.000000 1
8337.910000 0.000000 1
8339.570000 0.000000 1
8341.230000 0.000000 1
8342.890000 0.000000 1
8344.550000 0.000000 1
8346.210000 0.000000 1
8347.870000 0.000000 1
8349.530000 0.000000 1
8351.190000 0.000000 1
8352.850000 0.000000 1
8354.510000 0.000000 1
8356.170000 0.000000 1
8357.830000 0.000000 1
8359.490000 0.000000 1
8361.150000 0.000000 1
8362.810000 0.000000 1
8364.470000 0.000000 1
8366.130000 0.000000 1
8367.790000 0.000000 1
8369.450000 0.000000 1
8371.110000 0.000000 1
8372.770000 0.000000 1
8374.430000 0.000000 1
8376.090000 0.000000 1
8377.750000 0.000000 1
8379.410000 0.000000 1
8381.070000 0.000000 1
8382.730000 0.000000 1
8384.390000 0.000000 1
8386.050000 0.000000 1
8387.710000 0.000000 1
8389.370000 0.000000 1
8391.030000 0.000000 1
8392.690000 0.000000 1
8394.350000 0.000000 1
8396.010000 0.000000 1
8397.670000 0.000000 1
8399.330000 0.000000 1
8400.990000 0.000000 1
8402.650000 0.000000 1
8404.310000 0.000000 1
8405.970000 0.000000 1
8407.630000 0.000000 1
8409.290000 0.000000 1
8410.950000 0.000000 1
8412.610000 0.000000 1
8414.270000 0.000000 1
8415.930000 0.000000 1
8417.590000 0.000000 1
8419.250000 0.000000 1
8420.910000 0.000000 1
8422.570000 0.000000 1
8424.230000 0.000000 1
8425.890000 0.000000 1
8427.550000 0.000000 1
8429.210000 0.000000 1
8430.870000 0.000000 1
8432.530000 0.000000 1
8434.190000 0.000000 1
8435.850000 0.000000 1
8437.510000 0.000000 1
8439.170000 0.000000 1
8440.830000 0.000000 1
8442.490000 0.000000 1
8444.150000 0.000000 1
8445.810000 0.000000 1
8447.470000 0.000000 1
8449.130000 0.000000 1
8450.790000 0.000000 1
8452.450000 0.000000 1
8454.110000 0.000000 1
8455.770000 0.000000 1
8457.430000 0.000000 1
8459.090000 0.000000 1
8460.750000 0.000000 1
8462.410000 0.000000 1
8464.070000 0.000000 1
8465.730000 0.000000 1
8467.390000 0.000000 1
8469.050000 0.000000 1
8470.710000 0.000000 1
8472.370000 0.000000 1
8474.030000 0.000000 1
8475.690000 0.000000 1
8477.350000 0.000000 1
