# obs: 255728
# slit: 33
# z: 0.29383
# lines: H{beta},Mgb,E
# spec: 504
5152.370000 0.000000 1
5154.030000 0.000000 1
5155.690000 0.000000 1
5157.350000 0.000000 1
5159.010000 0.000000 1
5160.670000 0.000000 1
5162.330000 0.000000 1
5163.990000 0.000000 1
5165.650000 0.000000 1
5167.310000 0.000000 1
5168.970000 0.000000 1
5170.630000 0.000000 1
5172.290000 0.000000 1
5173.950000 0.000000 1
5175.610000 0.000000 1
5177.270000 0.000000 1
5178.930000 0.000000 1
5180.590000 0.000000 1
5182.250000 0.000000 1
5183.910000 0.000000 1
5185.570000 0.000000 1
5187.230000 0.000000 1
5188.890000 0.000000 1
5190.550000 0.000000 1
5192.210000 0.000000 1
5193.870000 0.000000 1
5195.530000 0.000000 1
5197.190000 0.000000 1
5198.850000 0.000000 1
5200.510000 0.000000 1
5202.170000 0.000000 1
5203.830000 0.000000 1
5205.490000 0.000000 1
5207.150000 0.000000 1
5208.810000 0.000000 1
5210.470000 0.000000 1
5212.130000 0.000000 1
5213.790000 0.000000 1
5215.450000 0.000000 1
5217.110000 0.000000 1
5218.770000 0.000000 1
5220.430000 0.000000 1
5222.090000 0.000000 1
5223.750000 0.000000 1
5225.410000 0.000000 1
5227.070000 0.000000 1
5228.730000 0.000000 1
5230.390000 0.000000 1
5232.050000 0.000000 1
5233.710000 0.000000 1
5235.370000 0.000000 1
5237.030000 0.000000 1
5238.690000 0.000000 1
5240.350000 0.000000 1
5242.010000 0.000000 1
5243.670000 0.000000 1
5245.330000 0.000000 1
5246.990000 0.000000 1
5248.650000 0.000000 1
5250.310000 0.000000 1
5251.970000 0.000000 1
5253.630000 0.000000 1
5255.290000 0.000000 1
5256.950000 0.000000 1
5258.610000 0.000000 1
5260.270000 0.000000 1
5261.930000 0.000000 1
5263.590000 0.000000 1
5265.250000 0.000000 1
5266.910000 0.000000 1
5268.570000 0.000000 1
5270.230000 0.000000 1
5271.890000 0.000000 1
5273.550000 0.000000 1
5275.210000 0.000000 1
5276.870000 0.000000 1
5278.530000 0.000000 1
5280.190000 0.000000 1
5281.850000 0.000000 1
5283.510000 0.000000 1
5285.170000 0.000000 1
5286.830000 0.000000 1
5288.490000 0.000000 1
5290.150000 0.000000 1
5291.810000 0.000000 1
5293.470000 0.000000 1
5295.130000 0.000000 1
5296.790000 0.000000 1
5298.450000 0.000000 1
5300.110000 0.000000 1
5301.770000 0.000000 1
5303.430000 0.000000 1
5305.090000 0.000000 1
5306.750000 0.000000 1
5308.410000 0.000000 1
5310.070000 0.000000 1
5311.730000 0.000000 1
5313.390000 0.000000 1
5315.050000 0.000000 1
5316.710000 0.000000 1
5318.370000 0.000000 1
5320.030000 0.000000 1
5321.690000 0.000000 1
5323.350000 0.000000 1
5325.010000 0.000000 1
5326.670000 0.000000 1
5328.330000 0.000000 1
5329.990000 0.000000 1
5331.650000 0.000000 1
5333.310000 0.000000 1
5334.970000 0.000000 1
5336.630000 0.000000 1
5338.290000 0.000000 1
5339.950000 0.000000 1
5341.610000 0.000000 1
5343.270000 0.000000 1
5344.930000 0.000000 1
5346.590000 0.000000 1
5348.250000 0.000000 1
5349.910000 0.000000 1
5351.570000 0.000000 1
5353.230000 0.000000 1
5354.890000 0.000000 1
5356.550000 0.000000 1
5358.210000 0.000000 1
5359.870000 0.000000 1
5361.530000 0.000000 1
5363.190000 0.000000 1
5364.850000 0.000000 1
5366.510000 0.000000 1
5368.170000 0.000000 1
5369.830000 0.000000 1
5371.490000 0.000000 1
5373.150000 0.000000 1
5374.810000 0.000000 1
5376.470000 0.000000 1
5378.130000 0.000000 1
5379.790000 0.000000 1
5381.450000 0.000000 1
5383.110000 0.000000 1
5384.770000 0.000000 1
5386.430000 0.000000 1
5388.090000 0.000000 1
5389.750000 0.000000 1
5391.410000 0.000000 1
5393.070000 0.000000 1
5394.730000 0.000000 1
5396.390000 0.000000 1
5398.050000 0.000000 1
5399.710000 0.000000 1
5401.370000 0.000000 1
5403.030000 0.000000 1
5404.690000 0.000000 1
5406.350000 0.000000 1
5408.010000 0.000000 1
5409.670000 0.000000 1
5411.330000 0.000000 1
5412.990000 0.000000 1
5414.650000 0.000000 1
5416.310000 0.000000 1
5417.970000 0.000000 1
5419.630000 0.000000 1
5421.290000 0.000000 1
5422.950000 0.000000 1
5424.610000 0.000000 1
5426.270000 0.000000 1
5427.930000 0.000000 1
5429.590000 0.000000 1
5431.250000 0.000000 1
5432.910000 0.000000 1
5434.570000 0.000000 1
5436.230000 0.000000 1
5437.890000 0.000000 1
5439.550000 0.000000 1
5441.210000 0.000000 1
5442.870000 0.000000 1
5444.530000 0.000000 1
5446.190000 0.000000 1
5447.850000 0.000000 1
5449.510000 0.000000 1
5451.170000 0.000000 1
5452.830000 0.000000 1
5454.490000 0.000000 1
5456.150000 0.000000 1
5457.810000 0.000000 1
5459.470000 0.000000 1
5461.130000 0.000000 1
5462.790000 0.000000 1
5464.450000 0.000000 1
5466.110000 0.000000 1
5467.770000 0.000000 1
5469.430000 0.000000 1
5471.090000 0.000000 1
5472.750000 0.000000 1
5474.410000 0.000000 1
5476.070000 0.000000 1
5477.730000 0.000000 1
5479.390000 0.000000 1
5481.050000 0.000000 1
5482.710000 0.000000 1
5484.370000 0.000000 1
5486.030000 0.000000 1
5487.690000 0.000000 1
5489.350000 0.000000 1
5491.010000 0.000000 1
5492.670000 0.000000 1
5494.330000 0.000000 1
5495.990000 0.000000 1
5497.650000 0.000000 1
5499.310000 0.000000 1
5500.970000 0.000000 1
5502.630000 0.000000 1
5504.290000 0.000000 1
5505.950000 0.000000 1
5507.610000 0.000000 1
5509.270000 0.000000 1
5510.930000 0.000000 1
5512.590000 0.000000 1
5514.250000 0.000000 1
5515.910000 0.000000 1
5517.570000 0.000000 1
5519.230000 0.000000 1
5520.890000 0.000000 1
5522.550000 0.000000 1
5524.210000 0.000000 1
5525.870000 0.000000 1
5527.530000 0.000000 1
5529.190000 0.000000 1
5530.850000 0.000000 1
5532.510000 0.000000 1
5534.170000 0.000000 1
5535.830000 0.000000 1
5537.490000 0.000000 1
5539.150000 0.000000 1
5540.810000 0.000000 1
5542.470000 0.000000 1
5544.130000 0.000000 1
5545.790000 0.000000 1
5547.450000 0.000000 1
5549.110000 0.000000 1
5550.770000 0.000000 1
5552.430000 0.000000 1
5554.090000 0.000000 1
5555.750000 0.000000 1
5557.410000 0.000000 1
5559.070000 0.000000 1
5560.730000 0.000000 1
5562.390000 0.000000 1
5564.050000 0.000000 1
5565.710000 0.000000 1
5567.370000 0.000000 1
5569.030000 0.000000 1
5570.690000 0.000000 1
5572.350000 0.000000 1
5574.010000 0.000000 1
5575.670000 0.000000 1
5577.330000 0.000000 1
5578.990000 0.000000 1
5580.650000 0.000000 1
5582.310000 0.000000 1
5583.970000 0.000000 1
5585.630000 0.000000 1
5587.290000 0.000000 1
5588.950000 0.000000 1
5590.610000 0.000000 1
5592.270000 0.000000 1
5593.930000 0.000000 1
5595.590000 0.000000 1
5597.250000 0.000000 1
5598.910000 0.000000 1
5600.570000 0.000000 1
5602.230000 0.000000 1
5603.890000 0.000000 1
5605.550000 0.000000 1
5607.210000 0.000000 1
5608.870000 0.000000 1
5610.530000 0.000000 1
5612.190000 0.000000 1
5613.850000 0.000000 1
5615.510000 0.000000 1
5617.170000 0.000000 1
5618.830000 0.000000 1
5620.490000 0.000000 1
5622.150000 0.000000 1
5623.810000 0.000000 1
5625.470000 0.000000 1
5627.130000 0.000000 1
5628.790000 0.000000 1
5630.450000 0.000000 1
5632.110000 0.000000 1
5633.770000 0.000000 1
5635.430000 0.000000 1
5637.090000 0.000000 1
5638.750000 0.000000 1
5640.410000 0.000000 1
5642.070000 0.000000 1
5643.730000 0.000000 1
5645.390000 0.000000 1
5647.050000 0.000000 1
5648.710000 0.000000 1
5650.370000 0.000000 1
5652.030000 0.000000 1
5653.690000 0.000000 1
5655.350000 0.000000 1
5657.010000 0.000000 1
5658.670000 0.000000 1
5660.330000 0.000000 1
5661.990000 0.000000 1
5663.650000 0.000000 1
5665.310000 0.000000 1
5666.970000 0.000000 1
5668.630000 0.000000 1
5670.290000 0.000000 1
5671.950000 0.000000 1
5673.610000 0.000000 1
5675.270000 0.000000 1
5676.930000 0.089293 0
5678.590000 0.106116 0
5680.250000 0.078587 0
5681.910000 0.094109 0
5683.570000 0.103658 0
5685.230000 0.089870 0
5686.890000 0.098902 0
5688.550000 0.098211 0
5690.210000 0.121364 0
5691.870000 0.103033 0
5693.530000 0.089380 0
5695.190000 0.118113 0
5696.850000 0.121152 0
5698.510000 0.091698 0
5700.170000 0.102118 0
5701.830000 0.101587 0
5703.490000 0.075999 0
5705.150000 0.108449 0
5706.810000 0.103939 0
5708.470000 0.105375 0
5710.130000 0.107712 0
5711.790000 0.107428 0
5713.450000 0.133161 0
5715.110000 0.119329 0
5716.770000 0.098596 0
5718.430000 0.107619 0
5720.090000 0.095859 0
5721.750000 0.106493 0
5723.410000 0.102184 0
5725.070000 0.090712 0
5726.730000 0.106115 0
5728.390000 0.116353 0
5730.050000 0.094169 0
5731.710000 0.090520 0
5733.370000 0.101900 0
5735.030000 0.102830 0
5736.690000 0.087004 0
5738.350000 0.099478 0
5740.010000 0.109224 0
5741.670000 0.107569 0
5743.330000 0.105888 0
5744.990000 0.102283 0
5746.650000 0.114083 0
5748.310000 0.107871 0
5749.970000 0.111662 0
5751.630000 0.121131 0
5753.290000 0.108716 0
5754.950000 0.115070 0
5756.610000 0.121973 0
5758.270000 0.113877 0
5759.930000 0.112874 0
5761.590000 0.116101 0
5763.250000 0.116768 0
5764.910000 0.096009 0
5766.570000 0.100554 0
5768.230000 0.108863 0
5769.890000 0.101739 0
5771.550000 0.118501 0
5773.210000 0.105214 0
5774.870000 0.102153 0
5776.530000 0.097095 0
5778.190000 0.097327 0
5779.850000 0.117257 0
5781.510000 0.124147 0
5783.170000 0.118567 0
5784.830000 0.106625 0
5786.490000 0.115822 0
5788.150000 0.123195 0
5789.810000 0.130801 0
5791.470000 0.128424 0
5793.130000 0.120297 0
5794.790000 0.100164 0
5796.450000 0.112609 0
5798.110000 0.112889 0
5799.770000 0.107819 0
5801.430000 0.123093 0
5803.090000 0.133348 0
5804.750000 0.106939 0
5806.410000 0.122313 0
5808.070000 0.118421 0
5809.730000 0.116263 0
5811.390000 0.111123 0
5813.050000 0.130272 0
5814.710000 0.105602 0
5816.370000 0.113083 0
5818.030000 0.108687 0
5819.690000 0.112965 0
5821.350000 0.121577 0
5823.010000 0.128128 0
5824.670000 0.125645 0
5826.330000 0.118588 0
5827.990000 0.116257 0
5829.650000 0.125248 0
5831.310000 0.123032 0
5832.970000 0.134483 0
5834.630000 0.129002 0
5836.290000 0.141325 0
5837.950000 0.132318 0
5839.610000 0.131568 0
5841.270000 0.125453 0
5842.930000 0.129433 0
5844.590000 0.118298 0
5846.250000 0.117984 0
5847.910000 0.135131 0
5849.570000 0.122125 0
5851.230000 0.107942 0
5852.890000 0.146718 0
5854.550000 0.122025 0
5856.210000 0.125566 0
5857.870000 0.098317 0
5859.530000 0.103734 0
5861.190000 0.107707 0
5862.850000 0.128991 0
5864.510000 0.122286 0
5866.170000 0.112144 0
5867.830000 0.091263 0
5869.490000 0.098325 0
5871.150000 0.115382 0
5872.810000 0.117805 0
5874.470000 0.133363 0
5876.130000 0.102452 0
5877.790000 0.094057 0
5879.450000 0.122376 0
5881.110000 0.120132 0
5882.770000 0.123227 0
5884.430000 0.121018 0
5886.090000 0.100938 0
5887.750000 0.151592 0
5889.410000 0.090047 0
5891.070000 0.117611 0
5892.730000 0.094196 0
5894.390000 0.115283 0
5896.050000 0.146173 0
5897.710000 0.146764 0
5899.370000 0.124292 0
5901.030000 0.128755 0
5902.690000 0.141316 0
5904.350000 0.121186 0
5906.010000 0.139908 0
5907.670000 0.133598 0
5909.330000 0.126920 0
5910.990000 0.123655 0
5912.650000 0.134723 0
5914.310000 0.123839 0
5915.970000 0.124049 0
5917.630000 0.138941 0
5919.290000 0.126854 0
5920.950000 0.129686 0
5922.610000 0.127335 0
5924.270000 0.151900 0
5925.930000 0.143371 0
5927.590000 0.113176 0
5929.250000 0.107903 0
5930.910000 0.114377 0
5932.570000 0.133373 0
5934.230000 0.136798 0
5935.890000 0.123675 0
5937.550000 0.134924 0
5939.210000 0.141034 0
5940.870000 0.124943 0
5942.530000 0.119161 0
5944.190000 0.121894 0
5945.850000 0.135379 0
5947.510000 0.121373 0
5949.170000 0.116585 0
5950.830000 0.126070 0
5952.490000 0.114003 0
5954.150000 0.119503 0
5955.810000 0.116178 0
5957.470000 0.112608 0
5959.130000 0.130069 0
5960.790000 0.107429 0
5962.450000 0.129458 0
5964.110000 0.144684 0
5965.770000 0.128241 0
5967.430000 0.138526 0
5969.090000 0.145501 0
5970.750000 0.130450 0
5972.410000 0.128240 0
5974.070000 0.127512 0
5975.730000 0.136342 0
5977.390000 0.162684 0
5979.050000 0.151794 0
5980.710000 0.129319 0
5982.370000 0.135430 0
5984.030000 0.138848 0
5985.690000 0.152793 0
5987.350000 0.161155 0
5989.010000 0.147312 0
5990.670000 0.127482 0
5992.330000 0.134613 0
5993.990000 0.127445 0
5995.650000 0.119881 0
5997.310000 0.141717 0
5998.970000 0.115365 0
6000.630000 0.113486 0
6002.290000 0.121031 0
6003.950000 0.129110 0
6005.610000 0.143113 0
6007.270000 0.135844 0
6008.930000 0.125351 0
6010.590000 0.128686 0
6012.250000 0.116617 0
6013.910000 0.115106 0
6015.570000 0.105994 0
6017.230000 0.122309 0
6018.890000 0.133941 0
6020.550000 0.121675 0
6022.210000 0.115256 0
6023.870000 0.129650 0
6025.530000 0.150890 0
6027.190000 0.139918 0
6028.850000 0.125373 0
6030.510000 0.155550 0
6032.170000 0.132846 0
6033.830000 0.132481 0
6035.490000 0.144196 0
6037.150000 0.136788 0
6038.810000 0.130208 0
6040.470000 0.125958 0
6042.130000 0.118409 0
6043.790000 0.120922 0
6045.450000 0.128678 0
6047.110000 0.111383 0
6048.770000 0.116923 0
6050.430000 0.136224 0
6052.090000 0.128067 0
6053.750000 0.152073 0
6055.410000 0.126505 0
6057.070000 0.116737 0
6058.730000 0.117758 0
6060.390000 0.124156 0
6062.050000 0.127320 0
6063.710000 0.141485 0
6065.370000 0.132560 0
6067.030000 0.129603 0
6068.690000 0.133876 0
6070.350000 0.149638 0
6072.010000 0.140355 0
6073.670000 0.131369 0
6075.330000 0.113614 0
6076.990000 0.135886 0
6078.650000 0.133046 0
6080.310000 0.144499 0
6081.970000 0.126959 0
6083.630000 0.130084 0
6085.290000 0.125512 0
6086.950000 0.130144 0
6088.610000 0.104489 0
6090.270000 0.135589 0
6091.930000 0.122763 0
6093.590000 0.149477 0
6095.250000 0.120128 0
6096.910000 0.121868 0
6098.570000 0.131074 0
6100.230000 0.120577 0
6101.890000 0.123318 0
6103.550000 0.141615 0
6105.210000 0.123455 0
6106.870000 0.144634 0
6108.530000 0.137934 0
6110.190000 0.141502 0
6111.850000 0.121456 0
6113.510000 0.135164 0
6115.170000 0.145248 0
6116.830000 0.137316 0
6118.490000 0.116125 0
6120.150000 0.136364 0
6121.810000 0.129821 0
6123.470000 0.122433 0
6125.130000 0.135899 0
6126.790000 0.130978 0
6128.450000 0.131717 0
6130.110000 0.146350 0
6131.770000 0.133586 0
6133.430000 0.128827 0
6135.090000 0.136975 0
6136.750000 0.143310 0
6138.410000 0.130039 0
6140.070000 0.127561 0
6141.730000 0.151258 0
6143.390000 0.149825 0
6145.050000 0.159533 0
6146.710000 0.162139 0
6148.370000 0.158475 0
6150.030000 0.127338 0
6151.690000 0.148418 0
6153.350000 0.140494 0
6155.010000 0.139427 0
6156.670000 0.117110 0
6158.330000 0.131704 0
6159.990000 0.141709 0
6161.650000 0.140583 0
6163.310000 0.132357 0
6164.970000 0.139849 0
6166.630000 0.152162 0
6168.290000 0.134444 0
6169.950000 0.128091 0
6171.610000 0.145177 0
6173.270000 0.156874 0
6174.930000 0.151984 0
6176.590000 0.159384 0
6178.250000 0.155466 0
6179.910000 0.159013 0
6181.570000 0.149199 0
6183.230000 0.139146 0
6184.890000 0.146124 0
6186.550000 0.130323 0
6188.210000 0.137345 0
6189.870000 0.130732 0
6191.530000 0.132741 0
6193.190000 0.143426 0
6194.850000 0.146761 0
6196.510000 0.127617 0
6198.170000 0.147800 0
6199.830000 0.157281 0
6201.490000 0.148471 0
6203.150000 0.158799 0
6204.810000 0.144031 0
6206.470000 0.160071 0
6208.130000 0.150323 0
6209.790000 0.128434 0
6211.450000 0.142448 0
6213.110000 0.140816 0
6214.770000 0.145965 0
6216.430000 0.143070 0
6218.090000 0.150088 0
6219.750000 0.153084 0
6221.410000 0.126204 0
6223.070000 0.137067 0
6224.730000 0.164483 0
6226.390000 0.153611 0
6228.050000 0.130890 0
6229.710000 0.152707 0
6231.370000 0.155291 0
6233.030000 0.152689 0
6234.690000 0.161959 0
6236.350000 0.169600 0
6238.010000 0.141430 0
6239.670000 0.151985 0
6241.330000 0.143038 0
6242.990000 0.144558 0
6244.650000 0.146394 0
6246.310000 0.143216 0
6247.970000 0.137726 0
6249.630000 0.144817 0
6251.290000 0.141490 0
6252.950000 0.154726 0
6254.610000 0.139120 0
6256.270000 0.133093 0
6257.930000 0.153661 0
6259.590000 0.131536 0
6261.250000 0.159768 0
6262.910000 0.124169 0
6264.570000 0.138543 0
6266.230000 0.148241 0
6267.890000 0.144627 0
6269.550000 0.139070 0
6271.210000 0.131509 0
6272.870000 0.142397 0
6274.530000 0.128397 0
6276.190000 0.131129 0
6277.850000 0.137746 0
6279.510000 0.117356 0
6281.170000 0.129061 0
6282.830000 0.132922 0
6284.490000 0.134361 0
6286.150000 0.121887 0
6287.810000 0.134573 0
6289.470000 0.124946 0
6291.130000 0.116243 0
6292.790000 0.119921 0
6294.450000 0.115853 0
6296.110000 0.124090 0
6297.770000 0.111343 0
6299.430000 0.132321 0
6301.090000 0.136497 0
6302.750000 0.114203 0
6304.410000 0.113406 0
6306.070000 0.119759 0
6307.730000 0.134199 0
6309.390000 0.143817 0
6311.050000 0.126034 0
6312.710000 0.129172 0
6314.370000 0.140041 0
6316.030000 0.139800 0
6317.690000 0.138888 0
6319.350000 0.145287 0
6321.010000 0.132971 0
6322.670000 0.135086 0
6324.330000 0.140246 0
6325.990000 0.137574 0
6327.650000 0.125882 0
6329.310000 0.147001 0
6330.970000 0.151153 0
6332.630000 0.152145 0
6334.290000 0.144185 0
6335.950000 0.135553 0
6337.610000 0.145239 0
6339.270000 0.155168 0
6340.930000 0.149462 0
6342.590000 0.167150 0
6344.250000 0.140944 0
6345.910000 0.157062 0
6347.570000 0.145104 0
6349.230000 0.154738 0
6350.890000 0.135810 0
6352.550000 0.145562 0
6354.210000 0.138841 0
6355.870000 0.137147 0
6357.530000 0.150119 0
6359.190000 0.160348 0
6360.850000 0.139956 0
6362.510000 0.105918 0
6364.170000 0.143181 0
6365.830000 0.147405 0
6367.490000 0.125369 0
6369.150000 0.132503 0
6370.810000 0.139943 0
6372.470000 0.141128 0
6374.130000 0.151918 0
6375.790000 0.157801 0
6377.450000 0.156983 0
6379.110000 0.150360 0
6380.770000 0.147592 0
6382.430000 0.153111 0
6384.090000 0.148642 0
6385.750000 0.127837 0
6387.410000 0.142248 0
6389.070000 0.144195 0
6390.730000 0.145417 0
6392.390000 0.134291 0
6394.050000 0.134693 0
6395.710000 0.140403 0
6397.370000 0.148907 0
6399.030000 0.155604 0
6400.690000 0.151138 0
6402.350000 0.138270 0
6404.010000 0.159060 0
6405.670000 0.155518 0
6407.330000 0.143949 0
6408.990000 0.162746 0
6410.650000 0.150764 0
6412.310000 0.144490 0
6413.970000 0.144110 0
6415.630000 0.141284 0
6417.290000 0.155159 0
6418.950000 0.159010 0
6420.610000 0.149963 0
6422.270000 0.156321 0
6423.930000 0.164585 0
6425.590000 0.154066 0
6427.250000 0.146650 0
6428.910000 0.149764 0
6430.570000 0.145180 0
6432.230000 0.143697 0
6433.890000 0.136717 0
6435.550000 0.157674 0
6437.210000 0.149972 0
6438.870000 0.150953 0
6440.530000 0.146203 0
6442.190000 0.151351 0
6443.850000 0.148969 0
6445.510000 0.126388 0
6447.170000 0.128523 0
6448.830000 0.138213 0
6450.490000 0.151251 0
6452.150000 0.146655 0
6453.810000 0.145431 0
6455.470000 0.152821 0
6457.130000 0.141563 0
6458.790000 0.131812 0
6460.450000 0.131429 0
6462.110000 0.114541 0
6463.770000 0.159556 0
6465.430000 0.151902 0
6467.090000 0.140311 0
6468.750000 0.140065 0
6470.410000 0.144883 0
6472.070000 0.150292 0
6473.730000 0.136032 0
6475.390000 0.162255 0
6477.050000 0.157883 0
6478.710000 0.142757 0
6480.370000 0.172133 0
6482.030000 0.144375 0
6483.690000 0.139187 0
6485.350000 0.140152 0
6487.010000 0.143293 0
6488.670000 0.143066 0
6490.330000 0.129201 0
6491.990000 0.126260 0
6493.650000 0.132551 0
6495.310000 0.118601 0
6496.970000 0.137452 0
6498.630000 0.138937 0
6500.290000 0.147992 0
6501.950000 0.148005 0
6503.610000 0.151797 0
6505.270000 0.140498 0
6506.930000 0.139197 0
6508.590000 0.144712 0
6510.250000 0.142290 0
6511.910000 0.138132 0
6513.570000 0.143232 0
6515.230000 0.143673 0
6516.890000 0.157678 0
6518.550000 0.144994 0
6520.210000 0.139547 0
6521.870000 0.142010 0
6523.530000 0.129351 0
6525.190000 0.131584 0
6526.850000 0.136011 0
6528.510000 0.130599 0
6530.170000 0.158761 0
6531.830000 0.135873 0
6533.490000 0.153519 0
6535.150000 0.149201 0
6536.810000 0.132375 0
6538.470000 0.142526 0
6540.130000 0.131472 0
6541.790000 0.172762 0
6543.450000 0.157858 0
6545.110000 0.155292 0
6546.770000 0.152542 0
6548.430000 0.153084 0
6550.090000 0.154370 0
6551.750000 0.169349 0
6553.410000 0.164522 0
6555.070000 0.145946 0
6556.730000 0.151854 0
6558.390000 0.134914 0
6560.050000 0.141608 0
6561.710000 0.155901 0
6563.370000 0.151255 0
6565.030000 0.152776 0
6566.690000 0.149712 0
6568.350000 0.158413 0
6570.010000 0.155370 0
6571.670000 0.143361 0
6573.330000 0.126937 0
6574.990000 0.145950 0
6576.650000 0.167483 0
6578.310000 0.157121 0
6579.970000 0.134846 0
6581.630000 0.143227 0
6583.290000 0.145568 0
6584.950000 0.149691 0
6586.610000 0.146978 0
6588.270000 0.132091 0
6589.930000 0.142213 0
6591.590000 0.140389 0
6593.250000 0.141437 0
6594.910000 0.155450 0
6596.570000 0.163013 0
6598.230000 0.144699 0
6599.890000 0.131911 0
6601.550000 0.138421 0
6603.210000 0.136117 0
6604.870000 0.152864 0
6606.530000 0.143467 0
6608.190000 0.146324 0
6609.850000 0.143312 0
6611.510000 0.138513 0
6613.170000 0.145682 0
6614.830000 0.145162 0
6616.490000 0.140968 0
6618.150000 0.153810 0
6619.810000 0.149456 0
6621.470000 0.156379 0
6623.130000 0.161866 0
6624.790000 0.147167 0
6626.450000 0.162399 0
6628.110000 0.153317 0
6629.770000 0.139964 0
6631.430000 0.149532 0
6633.090000 0.126888 0
6634.750000 0.137270 0
6636.410000 0.137657 0
6638.070000 0.119184 0
6639.730000 0.147234 0
6641.390000 0.143589 0
6643.050000 0.134492 0
6644.710000 0.140484 0
6646.370000 0.138720 0
6648.030000 0.138697 0
6649.690000 0.136909 0
6651.350000 0.140967 0
6653.010000 0.148095 0
6654.670000 0.145228 0
6656.330000 0.139781 0
6657.990000 0.143930 0
6659.650000 0.139177 0
6661.310000 0.133409 0
6662.970000 0.135139 0
6664.630000 0.149148 0
6666.290000 0.141930 0
6667.950000 0.130171 0
6669.610000 0.128104 0
6671.270000 0.141293 0
6672.930000 0.150544 0
6674.590000 0.123653 0
6676.250000 0.125425 0
6677.910000 0.144826 0
6679.570000 0.145116 0
6681.230000 0.137549 0
6682.890000 0.123648 0
6684.550000 0.121243 0
6686.210000 0.125442 0
6687.870000 0.117061 0
6689.530000 0.106582 0
6691.190000 0.118074 0
6692.850000 0.109183 0
6694.510000 0.106822 0
6696.170000 0.111876 0
6697.830000 0.108937 0
6699.490000 0.114293 0
6701.150000 0.135227 0
6702.810000 0.129579 0
6704.470000 0.119541 0
6706.130000 0.103894 0
6707.790000 0.122651 0
6709.450000 0.113290 0
6711.110000 0.121364 0
6712.770000 0.120647 0
6714.430000 0.141365 0
6716.090000 0.139263 0
6717.750000 0.161457 0
6719.410000 0.145452 0
6721.070000 0.131035 0
6722.730000 0.150910 0
6724.390000 0.154160 0
6726.050000 0.150443 0
6727.710000 0.157657 0
6729.370000 0.160372 0
6731.030000 0.147865 0
6732.690000 0.155117 0
6734.350000 0.147228 0
6736.010000 0.134876 0
6737.670000 0.140493 0
6739.330000 0.148983 0
6740.990000 0.140908 0
6742.650000 0.153214 0
6744.310000 0.142832 0
6745.970000 0.142978 0
6747.630000 0.136514 0
6749.290000 0.154031 0
6750.950000 0.155941 0
6752.610000 0.152181 0
6754.270000 0.168246 0
6755.930000 0.164152 0
6757.590000 0.149756 0
6759.250000 0.148677 0
6760.910000 0.153929 0
6762.570000 0.146153 0
6764.230000 0.138862 0
6765.890000 0.148029 0
6767.550000 0.160086 0
6769.210000 0.147275 0
6770.870000 0.160010 0
6772.530000 0.156465 0
6774.190000 0.153429 0
6775.850000 0.150072 0
6777.510000 0.153093 0
6779.170000 0.158068 0
6780.830000 0.161914 0
6782.490000 0.157618 0
6784.150000 0.167484 0
6785.810000 0.161424 0
6787.470000 0.174441 0
6789.130000 0.154105 0
6790.790000 0.158640 0
6792.450000 0.146610 0
6794.110000 0.142975 0
6795.770000 0.167163 0
6797.430000 0.158933 0
6799.090000 0.164789 0
6800.750000 0.131707 0
6802.410000 0.149679 0
6804.070000 0.169353 0
6805.730000 0.162308 0
6807.390000 0.154794 0
6809.050000 0.141673 0
6810.710000 0.146933 0
6812.370000 0.141219 0
6814.030000 0.133476 0
6815.690000 0.125977 0
6817.350000 0.130340 0
6819.010000 0.139514 0
6820.670000 0.142462 0
6822.330000 0.140537 0
6823.990000 0.133226 0
6825.650000 0.151562 0
6827.310000 0.143679 0
6828.970000 0.148924 0
6830.630000 0.163591 0
6832.290000 0.171809 0
6833.950000 0.184969 0
6835.610000 0.170302 0
6837.270000 0.154266 0
6838.930000 0.164467 0
6840.590000 0.159004 0
6842.250000 0.159387 0
6843.910000 0.177868 0
6845.570000 0.181782 0
6847.230000 0.161127 0
6848.890000 0.171714 0
6850.550000 0.174794 0
6852.210000 0.168565 0
6853.870000 0.162143 0
6855.530000 0.154842 0
6857.190000 0.156530 0
6858.850000 0.146718 0
6860.510000 0.149948 0
6862.170000 0.163625 0
6863.830000 0.158990 0
6865.490000 0.172617 0
6867.150000 0.159663 0
6868.810000 0.127803 0
6870.470000 0.120056 0
6872.130000 0.144795 0
6873.790000 0.141053 0
6875.450000 0.151975 0
6877.110000 0.141806 0
6878.770000 0.155102 0
6880.430000 0.179303 0
6882.090000 0.167208 0
6883.750000 0.160266 0
6885.410000 0.158351 0
6887.070000 0.146202 0
6888.730000 0.147505 0
6890.390000 0.154122 0
6892.050000 0.137093 0
6893.710000 0.126941 0
6895.370000 0.141413 0
6897.030000 0.148384 0
6898.690000 0.146143 0
6900.350000 0.138609 0
6902.010000 0.145287 0
6903.670000 0.155509 0
6905.330000 0.159546 0
6906.990000 0.149777 0
6908.650000 0.137395 0
6910.310000 0.152156 0
6911.970000 0.156042 0
6913.630000 0.152615 0
6915.290000 0.150716 0
6916.950000 0.157018 0
6918.610000 0.158370 0
6920.270000 0.157506 0
6921.930000 0.162757 0
6923.590000 0.175510 0
6925.250000 0.174613 0
6926.910000 0.177082 0
6928.570000 0.172152 0
6930.230000 0.173568 0
6931.890000 0.173956 0
6933.550000 0.178694 0
6935.210000 0.181055 0
6936.870000 0.161951 0
6938.530000 0.178856 0
6940.190000 0.191012 0
6941.850000 0.174388 0
6943.510000 0.159241 0
6945.170000 0.162657 0
6946.830000 0.160172 0
6948.490000 0.153132 0
6950.150000 0.148296 0
6951.810000 0.166258 0
6953.470000 0.175408 0
6955.130000 0.183043 0
6956.790000 0.165003 0
6958.450000 0.168059 0
6960.110000 0.178597 0
6961.770000 0.170656 0
6963.430000 0.168094 0
6965.090000 0.170811 0
6966.750000 0.184153 0
6968.410000 0.190805 0
6970.070000 0.166071 0
6971.730000 0.160481 0
6973.390000 0.150641 0
6975.050000 0.159128 0
6976.710000 0.161558 0
6978.370000 0.176370 0
6980.030000 0.183907 0
6981.690000 0.164178 0
6983.350000 0.168064 0
6985.010000 0.170590 0
6986.670000 0.157974 0
6988.330000 0.168982 0
6989.990000 0.163795 0
6991.650000 0.148222 0
6993.310000 0.160640 0
6994.970000 0.165089 0
6996.630000 0.153407 0
6998.290000 0.159349 0
6999.950000 0.138987 0
7001.610000 0.171134 0
7003.270000 0.161335 0
7004.930000 0.151205 0
7006.590000 0.179069 0
7008.250000 0.167039 0
7009.910000 0.179188 0
7011.570000 0.165851 0
7013.230000 0.178057 0
7014.890000 0.159099 0
7016.550000 0.158149 0
7018.210000 0.163078 0
7019.870000 0.182577 0
7021.530000 0.166517 0
7023.190000 0.179651 0
7024.850000 0.183500 0
7026.510000 0.160261 0
7028.170000 0.166639 0
7029.830000 0.175030 0
7031.490000 0.179944 0
7033.150000 0.188407 0
7034.810000 0.162787 0
7036.470000 0.161114 0
7038.130000 0.160020 0
7039.790000 0.177906 0
7041.450000 0.170375 0
7043.110000 0.177904 0
7044.770000 0.179268 0
7046.430000 0.184839 0
7048.090000 0.178225 0
7049.750000 0.160849 0
7051.410000 0.170322 0
7053.070000 0.153449 0
7054.730000 0.155560 0
7056.390000 0.160889 0
7058.050000 0.166774 0
7059.710000 0.167310 0
7061.370000 0.170264 0
7063.030000 0.171967 0
7064.690000 0.176445 0
7066.350000 0.174083 0
7068.010000 0.168688 0
7069.670000 0.176560 0
7071.330000 0.181089 0
7072.990000 0.174297 0
7074.650000 0.179365 0
7076.310000 0.177379 0
7077.970000 0.168598 0
7079.630000 0.174344 0
7081.290000 0.179760 0
7082.950000 0.159405 0
7084.610000 0.160683 0
7086.270000 0.160826 0
7087.930000 0.161336 0
7089.590000 0.163605 0
7091.250000 0.155992 0
7092.910000 0.161004 0
7094.570000 0.164394 0
7096.230000 0.178358 0
7097.890000 0.182594 0
7099.550000 0.185099 0
7101.210000 0.164442 0
7102.870000 0.168954 0
7104.530000 0.173529 0
7106.190000 0.183497 0
7107.850000 0.169628 0
7109.510000 0.168906 0
7111.170000 0.173300 0
7112.830000 0.174789 0
7114.490000 0.181637 0
7116.150000 0.177266 0
7117.810000 0.179970 0
7119.470000 0.173350 0
7121.130000 0.167602 0
7122.790000 0.173558 0
7124.450000 0.174372 0
7126.110000 0.163743 0
7127.770000 0.168503 0
7129.430000 0.174784 0
7131.090000 0.167274 0
7132.750000 0.164799 0
7134.410000 0.178618 0
7136.070000 0.167231 0
7137.730000 0.160039 0
7139.390000 0.166583 0
7141.050000 0.181332 0
7142.710000 0.157456 0
7144.370000 0.181630 0
7146.030000 0.164835 0
7147.690000 0.168243 0
7149.350000 0.192353 0
7151.010000 0.174109 0
7152.670000 0.162871 0
7154.330000 0.167132 0
7155.990000 0.172556 0
7157.650000 0.170664 0
7159.310000 0.188937 0
7160.970000 0.165035 0
7162.630000 0.168034 0
7164.290000 0.183121 0
7165.950000 0.182125 0
7167.610000 0.184343 0
7169.270000 0.176117 0
7170.930000 0.177921 0
7172.590000 0.171958 0
7174.250000 0.178357 0
7175.910000 0.168781 0
7177.570000 0.175531 0
7179.230000 0.178254 0
7180.890000 0.188392 0
7182.550000 0.166201 0
7184.210000 0.176693 0
7185.870000 0.187568 0
7187.530000 0.173668 0
7189.190000 0.175551 0
7190.850000 0.179332 0
7192.510000 0.166688 0
7194.170000 0.165462 0
7195.830000 0.172012 0
7197.490000 0.177637 0
7199.150000 0.181632 0
7200.810000 0.158676 0
7202.470000 0.167011 0
7204.130000 0.166168 0
7205.790000 0.163816 0
7207.450000 0.182242 0
7209.110000 0.179425 0
7210.770000 0.167435 0
7212.430000 0.181878 0
7214.090000 0.169315 0
7215.750000 0.177952 0
7217.410000 0.180457 0
7219.070000 0.172225 0
7220.730000 0.191469 0
7222.390000 0.190128 0
7224.050000 0.171180 0
7225.710000 0.174022 0
7227.370000 0.187447 0
7229.030000 0.180235 0
7230.690000 0.164601 0
7232.350000 0.155942 0
7234.010000 0.157821 0
7235.670000 0.159212 0
7237.330000 0.180891 0
7238.990000 0.185879 0
7240.650000 0.162620 0
7242.310000 0.155501 0
7243.970000 0.180875 0
7245.630000 0.184970 0
7247.290000 0.164460 0
7248.950000 0.167597 0
7250.610000 0.180664 0
7252.270000 0.160790 0
7253.930000 0.175428 0
7255.590000 0.197132 0
7257.250000 0.191940 0
7258.910000 0.186404 0
7260.570000 0.173792 0
7262.230000 0.186566 0
7263.890000 0.176265 0
7265.550000 0.173362 0
7267.210000 0.183140 0
7268.870000 0.177960 0
7270.530000 0.168156 0
7272.190000 0.178766 0
7273.850000 0.195296 0
7275.510000 0.183424 0
7277.170000 0.182951 0
7278.830000 0.182809 0
7280.490000 0.181953 0
7282.150000 0.175742 0
7283.810000 0.154060 0
7285.470000 0.188007 0
7287.130000 0.190531 0
7288.790000 0.171429 0
7290.450000 0.179354 0
7292.110000 0.170507 0
7293.770000 0.167719 0
7295.430000 0.178682 0
7297.090000 0.191765 0
7298.750000 0.182583 0
7300.410000 0.166362 0
7302.070000 0.172181 0
7303.730000 0.181475 0
7305.390000 0.170893 0
7307.050000 0.168649 0
7308.710000 0.180379 0
7310.370000 0.198115 0
7312.030000 0.180148 0
7313.690000 0.187220 0
7315.350000 0.168170 0
7317.010000 0.183339 0
7318.670000 0.169204 0
7320.330000 0.158454 0
7321.990000 0.176512 0
7323.650000 0.173321 0
7325.310000 0.154781 0
7326.970000 0.167451 0
7328.630000 0.186211 0
7330.290000 0.165097 0
7331.950000 0.183793 0
7333.610000 0.186364 0
7335.270000 0.186355 0
7336.930000 0.143060 0
7338.590000 0.176155 0
7340.250000 0.178491 0
7341.910000 0.194952 0
7343.570000 0.186999 0
7345.230000 0.189143 0
7346.890000 0.193796 0
7348.550000 0.189617 0
7350.210000 0.184516 0
7351.870000 0.174930 0
7353.530000 0.183393 0
7355.190000 0.183417 0
7356.850000 0.196560 0
7358.510000 0.180395 0
7360.170000 0.173727 0
7361.830000 0.183974 0
7363.490000 0.180340 0
7365.150000 0.180363 0
7366.810000 0.187573 0
7368.470000 0.189699 0
7370.130000 0.204721 0
7371.790000 0.196897 0
7373.450000 0.197424 0
7375.110000 0.181526 0
7376.770000 0.184294 0
7378.430000 0.185014 0
7380.090000 0.174908 0
7381.750000 0.184084 0
7383.410000 0.173951 0
7385.070000 0.172399 0
7386.730000 0.163160 0
7388.390000 0.170430 0
7390.050000 0.183873 0
7391.710000 0.170074 0
7393.370000 0.187755 0
7395.030000 0.165136 0
7396.690000 0.176259 0
7398.350000 0.170821 0
7400.010000 0.174996 0
7401.670000 0.204162 0
7403.330000 0.195915 0
7404.990000 0.194945 0
7406.650000 0.191144 0
7408.310000 0.202534 0
7409.970000 0.203704 0
7411.630000 0.198040 0
7413.290000 0.193397 0
7414.950000 0.179891 0
7416.610000 0.194058 0
7418.270000 0.201726 0
7419.930000 0.189486 0
7421.590000 0.198175 0
7423.250000 0.189878 0
7424.910000 0.187708 0
7426.570000 0.197569 0
7428.230000 0.193025 0
7429.890000 0.213986 0
7431.550000 0.200549 0
7433.210000 0.187756 0
7434.870000 0.182583 0
7436.530000 0.194489 0
7438.190000 0.205330 0
7439.850000 0.208610 0
7441.510000 0.192576 0
7443.170000 0.189127 0
7444.830000 0.194351 0
7446.490000 0.206626 0
7448.150000 0.192104 0
7449.810000 0.196349 0
7451.470000 0.212537 0
7453.130000 0.200383 0
7454.790000 0.192915 0
7456.450000 0.194284 0
7458.110000 0.183615 0
7459.770000 0.184332 0
7461.430000 0.186306 0
7463.090000 0.196361 0
7464.750000 0.195929 0
7466.410000 0.186204 0
7468.070000 0.189151 0
7469.730000 0.200109 0
7471.390000 0.196947 0
7473.050000 0.197684 0
7474.710000 0.186426 0
7476.370000 0.187560 0
7478.030000 0.205349 0
7479.690000 0.207448 0
7481.350000 0.191925 0
7483.010000 0.184504 0
7484.670000 0.178086 0
7486.330000 0.180232 0
7487.990000 0.180755 0
7489.650000 0.191747 0
7491.310000 0.184344 0
7492.970000 0.185305 0
7494.630000 0.194147 0
7496.290000 0.191808 0
7497.950000 0.187246 0
7499.610000 0.190326 0
7501.270000 0.203124 0
7502.930000 0.200282 0
7504.590000 0.212642 0
7506.250000 0.215899 0
7507.910000 0.196250 0
7509.570000 0.188424 0
7511.230000 0.207305 0
7512.890000 0.211259 0
7514.550000 0.189305 0
7516.210000 0.184437 0
7517.870000 0.202222 0
7519.530000 0.191332 0
7521.190000 0.170438 0
7522.850000 0.199319 0
7524.510000 0.211839 0
7526.170000 0.194189 0
7527.830000 0.198890 0
7529.490000 0.181920 0
7531.150000 0.205032 0
7532.810000 0.211765 0
7534.470000 0.188253 0
7536.130000 0.188556 0
7537.790000 0.199490 0
7539.450000 0.193758 0
7541.110000 0.191275 0
7542.770000 0.208836 0
7544.430000 0.222387 0
7546.090000 0.198619 0
7547.750000 0.192744 0
7549.410000 0.207562 0
7551.070000 0.195598 0
7552.730000 0.196214 0
7554.390000 0.190375 0
7556.050000 0.186280 0
7557.710000 0.204627 0
7559.370000 0.202452 0
7561.030000 0.212506 0
7562.690000 0.204915 0
7564.350000 0.190390 0
7566.010000 0.191494 0
7567.670000 0.183818 0
7569.330000 0.188771 0
7570.990000 0.210962 0
7572.650000 0.217445 0
7574.310000 0.211970 0
7575.970000 0.200009 0
7577.630000 0.194904 0
7579.290000 0.191312 0
7580.950000 0.197285 0
7582.610000 0.177373 0
7584.270000 0.188472 0
7585.930000 0.204214 0
7587.590000 0.193458 0
7589.250000 0.191522 0
7590.910000 0.198485 0
7592.570000 0.197284 0
7594.230000 0.195972 0
7595.890000 0.174205 0
7597.550000 0.150010 0
7599.210000 0.205330 0
7600.870000 0.232547 0
7602.530000 0.220298 0
7604.190000 0.236032 0
7605.850000 0.219574 0
7607.510000 0.187893 0
7609.170000 0.219622 0
7610.830000 0.206061 0
7612.490000 0.205680 0
7614.150000 0.182971 0
7615.810000 0.202468 0
7617.470000 0.201348 0
7619.130000 0.196376 0
7620.790000 0.192378 0
7622.450000 0.158194 0
7624.110000 0.141615 0
7625.770000 0.168293 0
7627.430000 0.167054 0
7629.090000 0.142192 0
7630.750000 0.171415 0
7632.410000 0.160970 0
7634.070000 0.168847 0
7635.730000 0.190230 0
7637.390000 0.192561 0
7639.050000 0.188848 0
7640.710000 0.193435 0
7642.370000 0.203590 0
7644.030000 0.206012 0
7645.690000 0.195774 0
7647.350000 0.187529 0
7649.010000 0.201034 0
7650.670000 0.181430 0
7652.330000 0.210324 0
7653.990000 0.231022 0
7655.650000 0.186672 0
7657.310000 0.192136 0
7658.970000 0.215257 0
7660.630000 0.215685 0
7662.290000 0.208729 0
7663.950000 0.219385 0
7665.610000 0.205493 0
7667.270000 0.186678 0
7668.930000 0.197872 0
7670.590000 0.195051 0
7672.250000 0.197310 0
7673.910000 0.203802 0
7675.570000 0.209875 0
7677.230000 0.209000 0
7678.890000 0.202772 0
7680.550000 0.194441 0
7682.210000 0.196218 0
7683.870000 0.195644 0
7685.530000 0.207319 0
7687.190000 0.193897 0
7688.850000 0.202594 0
7690.510000 0.187321 0
7692.170000 0.212423 0
7693.830000 0.237777 0
7695.490000 0.199472 0
7697.150000 0.193105 0
7698.810000 0.185956 0
7700.470000 0.199620 0
7702.130000 0.179552 0
7703.790000 0.199702 0
7705.450000 0.196342 0
7707.110000 0.195979 0
7708.770000 0.198227 0
7710.430000 0.195128 0
7712.090000 0.211318 0
7713.750000 0.181727 0
7715.410000 0.180282 0
7717.070000 0.227135 0
7718.730000 0.216767 0
7720.390000 0.190952 0
7722.050000 0.209590 0
7723.710000 0.217156 0
7725.370000 0.194960 0
7727.030000 0.185321 0
7728.690000 0.196400 0
7730.350000 0.216636 0
7732.010000 0.204111 0
7733.670000 0.204380 0
7735.330000 0.198833 0
7736.990000 0.200590 0
7738.650000 0.201608 0
7740.310000 0.209273 0
7741.970000 0.199440 0
7743.630000 0.190545 0
7745.290000 0.199496 0
7746.950000 0.187287 0
7748.610000 0.186255 0
7750.270000 0.202325 0
7751.930000 0.209892 0
7753.590000 0.199813 0
7755.250000 0.214928 0
7756.910000 0.210514 0
7758.570000 0.202291 0
7760.230000 0.208530 0
7761.890000 0.200794 0
7763.550000 0.206930 0
7765.210000 0.193839 0
7766.870000 0.204362 0
7768.530000 0.205864 0
7770.190000 0.205421 0
7771.850000 0.194671 0
7773.510000 0.194247 0
7775.170000 0.205483 0
7776.830000 0.187319 0
7778.490000 0.188688 0
7780.150000 0.199323 0
7781.810000 0.222478 0
7783.470000 0.211793 0
7785.130000 0.179951 0
7786.790000 0.195260 0
7788.450000 0.205056 0
7790.110000 0.192761 0
7791.770000 0.199634 0
7793.430000 0.207575 0
7795.090000 0.213056 0
7796.750000 0.223346 0
7798.410000 0.187612 0
7800.070000 0.192522 0
7801.730000 0.208592 0
7803.390000 0.204056 0
7805.050000 0.203250 0
7806.710000 0.203139 0
7808.370000 0.202974 0
7810.030000 0.209003 0
7811.690000 0.202287 0
7813.350000 0.204590 0
7815.010000 0.200515 0
7816.670000 0.185899 0
7818.330000 0.203744 0
7819.990000 0.187465 0
7821.650000 0.225814 0
7823.310000 0.226939 0
7824.970000 0.205515 0
7826.630000 0.208010 0
7828.290000 0.214711 0
7829.950000 0.212886 0
7831.610000 0.209119 0
7833.270000 0.190990 0
7834.930000 0.203895 0
7836.590000 0.213373 0
7838.250000 0.216279 0
7839.910000 0.207339 0
7841.570000 0.216557 0
7843.230000 0.185779 0
7844.890000 0.197875 0
7846.550000 0.206654 0
7848.210000 0.187425 0
7849.870000 0.176046 0
7851.530000 0.196544 0
7853.190000 0.217329 0
7854.850000 0.218728 0
7856.510000 0.222819 0
7858.170000 0.224192 0
7859.830000 0.205016 0
7861.490000 0.206010 0
7863.150000 0.206740 0
7864.810000 0.220308 0
7866.470000 0.215950 0
7868.130000 0.218591 0
7869.790000 0.214583 0
7871.450000 0.218590 0
7873.110000 0.232119 0
7874.770000 0.202411 0
7876.430000 0.211319 0
7878.090000 0.203095 0
7879.750000 0.199142 0
7881.410000 0.216506 0
7883.070000 0.204214 0
7884.730000 0.190981 0
7886.390000 0.198540 0
7888.050000 0.201395 0
7889.710000 0.195563 0
7891.370000 0.216354 0
7893.030000 0.215031 0
7894.690000 0.200171 0
7896.350000 0.211037 0
7898.010000 0.204645 0
7899.670000 0.184870 0
7901.330000 0.198994 0
7902.990000 0.218096 0
7904.650000 0.215627 0
7906.310000 0.198180 0
7907.970000 0.212774 0
7909.630000 0.196873 0
7911.290000 0.205722 0
7912.950000 0.193052 0
7914.610000 0.229106 0
7916.270000 0.223217 0
7917.930000 0.215337 0
7919.590000 0.196391 0
7921.250000 0.176796 0
7922.910000 0.188249 0
7924.570000 0.211956 0
7926.230000 0.192586 0
7927.890000 0.194154 0
7929.550000 0.195243 0
7931.210000 0.208971 0
7932.870000 0.215694 0
7934.530000 0.210365 0
7936.190000 0.204687 0
7937.850000 0.197482 0
7939.510000 0.201792 0
7941.170000 0.187715 0
7942.830000 0.204035 0
7944.490000 0.213257 0
7946.150000 0.179850 0
7947.810000 0.189514 0
7949.470000 0.200159 0
7951.130000 0.214239 0
7952.790000 0.219115 0
7954.450000 0.217481 0
7956.110000 0.217322 0
7957.770000 0.197814 0
7959.430000 0.194439 0
7961.090000 0.174568 0
7962.750000 0.208877 0
7964.410000 0.219804 0
7966.070000 0.220949 0
7967.730000 0.190641 0
7969.390000 0.185913 0
7971.050000 0.183109 0
7972.710000 0.172197 0
7974.370000 0.191061 0
7976.030000 0.183464 0
7977.690000 0.185288 0
7979.350000 0.210549 0
7981.010000 0.204376 0
7982.670000 0.208600 0
7984.330000 0.195932 0
7985.990000 0.197214 0
7987.650000 0.196208 0
7989.310000 0.168243 0
7990.970000 0.250113 0
7992.630000 0.246628 0
7994.290000 0.204856 0
7995.950000 0.192913 0
7997.610000 0.205367 0
7999.270000 0.200018 0
8000.930000 0.209199 0
8002.590000 0.217675 0
8004.250000 0.197404 0
8005.910000 0.186138 0
8007.570000 0.196953 0
8009.230000 0.196980 0
8010.890000 0.191075 0
8012.550000 0.187696 0
8014.210000 0.201676 0
8015.870000 0.209798 0
8017.530000 0.183817 0
8019.190000 0.194336 0
8020.850000 0.187646 0
8022.510000 0.186965 0
8024.170000 0.198814 0
8025.830000 0.215675 0
8027.490000 0.202527 0
8029.150000 0.181552 0
8030.810000 0.205058 0
8032.470000 0.196981 0
8034.130000 0.191561 0
8035.790000 0.211410 0
8037.450000 0.215707 0
8039.110000 0.205729 0
8040.770000 0.188779 0
8042.430000 0.190735 0
8044.090000 0.188701 0
8045.750000 0.196754 0
8047.410000 0.182628 0
8049.070000 0.182871 0
8050.730000 0.186106 0
8052.390000 0.177891 0
8054.050000 0.202687 0
8055.710000 0.213324 0
8057.370000 0.201292 0
8059.030000 0.217151 0
8060.690000 0.195900 0
8062.350000 0.182044 0
8064.010000 0.191538 0
8065.670000 0.204806 0
8067.330000 0.198897 0
8068.990000 0.193517 0
8070.650000 0.186412 0
8072.310000 0.185337 0
8073.970000 0.192783 0
8075.630000 0.180960 0
8077.290000 0.204187 0
8078.950000 0.198298 0
8080.610000 0.191384 0
8082.270000 0.188753 0
8083.930000 0.190183 0
8085.590000 0.185330 0
8087.250000 0.201584 0
8088.910000 0.205996 0
8090.570000 0.196913 0
8092.230000 0.199114 0
8093.890000 0.200363 0
8095.550000 0.197262 0
8097.210000 0.189699 0
8098.870000 0.210818 0
8100.530000 0.215714 0
8102.190000 0.196183 0
8103.850000 0.182132 0
8105.510000 0.197352 0
8107.170000 0.210442 0
8108.830000 0.188243 0
8110.490000 0.198703 0
8112.150000 0.205645 0
8113.810000 0.212323 0
8115.470000 0.221912 0
8117.130000 0.198478 0
8118.790000 0.192093 0
8120.450000 0.200151 0
8122.110000 0.186372 0
8123.770000 0.194219 0
8125.430000 0.203292 0
8127.090000 0.196336 0
8128.750000 0.201273 0
8130.410000 0.202005 0
8132.070000 0.205355 0
8133.730000 0.212765 0
8135.390000 0.207226 0
8137.050000 0.194814 0
8138.710000 0.206984 0
8140.370000 0.200047 0
8142.030000 0.197113 0
8143.690000 0.209557 0
8145.350000 0.210115 0
8147.010000 0.191746 0
8148.670000 0.199977 0
8150.330000 0.191301 0
8151.990000 0.195626 0
8153.650000 0.190645 0
8155.310000 0.186338 0
8156.970000 0.205059 0
8158.630000 0.195262 0
8160.290000 0.197986 0
8161.950000 0.202574 0
8163.610000 0.187215 0
8165.270000 0.188310 0
8166.930000 0.182972 0
8168.590000 0.198390 0
8170.250000 0.198937 0
8171.910000 0.194110 0
8173.570000 0.190253 0
8175.230000 0.192848 0
8176.890000 0.204563 0
8178.550000 0.183770 0
8180.210000 0.191769 0
8181.870000 0.188573 0
8183.530000 0.193634 0
8185.190000 0.218677 0
8186.850000 0.203281 0
8188.510000 0.204922 0
8190.170000 0.204661 0
8191.830000 0.196208 0
8193.490000 0.216448 0
8195.150000 0.202710 0
8196.810000 0.204078 0
8198.470000 0.190309 0
8200.130000 0.182225 0
8201.790000 0.197583 0
8203.450000 0.200731 0
8205.110000 0.194482 0
8206.770000 0.213187 0
8208.430000 0.203496 0
8210.090000 0.203247 0
8211.750000 0.198585 0
8213.410000 0.216091 0
8215.070000 0.226370 0
8216.730000 0.199664 0
8218.390000 0.185155 0
8220.050000 0.208324 0
8221.710000 0.205810 0
8223.370000 0.186460 0
8225.030000 0.185758 0
8226.690000 0.195767 0
8228.350000 0.183550 0
8230.010000 0.180581 0
8231.670000 0.180830 0
8233.330000 0.175413 0
8234.990000 0.181386 0
8236.650000 0.205837 0
8238.310000 0.198922 0
8239.970000 0.186603 0
8241.630000 0.177976 0
8243.290000 0.194588 0
8244.950000 0.204053 0
8246.610000 0.212928 0
8248.270000 0.218694 0
8249.930000 0.205580 0
8251.590000 0.199404 0
8253.250000 0.195741 0
8254.910000 0.205509 0
8256.570000 0.212705 0
8258.230000 0.208532 0
8259.890000 0.205552 0
8261.550000 0.206802 0
8263.210000 0.206139 0
8264.870000 0.213094 0
8266.530000 0.207506 0
8268.190000 0.194379 0
8269.850000 0.193151 0
8271.510000 0.201096 0
8273.170000 0.187757 0
8274.830000 0.194672 0
8276.490000 0.181496 0
8278.150000 0.188418 0
8279.810000 0.213694 0
8281.470000 0.177251 0
8283.130000 0.155686 0
8284.790000 0.199783 0
8286.450000 0.224920 0
8288.110000 0.197306 0
8289.770000 0.204912 0
8291.430000 0.224816 0
8293.090000 0.195697 0
8294.750000 0.176055 0
8296.410000 0.180000 0
8298.070000 0.175873 0
8299.730000 0.189435 0
8301.390000 0.209283 0
8303.050000 0.206618 0
8304.710000 0.196370 0
8306.370000 0.184922 0
8308.030000 0.182901 0
8309.690000 0.170679 0
8311.350000 0.191401 0
8313.010000 0.198836 0
8314.670000 0.208403 0
8316.330000 0.196538 0
8317.990000 0.196540 0
8319.650000 0.191008 0
8321.310000 0.193367 0
8322.970000 0.192193 0
8324.630000 0.195432 0
8326.290000 0.202000 0
8327.950000 0.203985 0
8329.610000 0.189504 0
8331.270000 0.195341 0
8332.930000 0.195269 0
8334.590000 0.215954 0
8336.250000 0.202832 0
8337.910000 0.191598 0
8339.570000 0.182953 0
8341.230000 0.186027 0
8342.890000 0.192560 0
8344.550000 0.203263 0
8346.210000 0.213549 0
8347.870000 0.199331 0
8349.530000 0.206581 0
8351.190000 0.184383 0
8352.850000 0.204299 0
8354.510000 0.199696 0
8356.170000 0.212226 0
8357.830000 0.206539 0
8359.490000 0.220180 0
8361.150000 0.207271 0
8362.810000 0.209418 0
8364.470000 0.205899 0
8366.130000 0.185929 0
8367.790000 0.202104 0
8369.450000 0.199311 0
8371.110000 0.209025 0
8372.770000 0.212788 0
8374.430000 0.203315 0
8376.090000 0.206106 0
8377.750000 0.203218 0
8379.410000 0.211244 0
8381.070000 0.207189 0
8382.730000 0.173761 0
8384.390000 0.210288 0
8386.050000 0.205658 0
8387.710000 0.205889 0
8389.370000 0.209194 0
8391.030000 0.214951 0
8392.690000 0.198455 0
8394.350000 0.216843 0
8396.010000 0.229002 0
8397.670000 0.210741 0
8399.330000 0.217885 0
8400.990000 0.192051 0
8402.650000 0.185177 0
8404.310000 0.191477 0
8405.970000 0.177492 0
8407.630000 0.185833 0
8409.290000 0.184319 0
8410.950000 0.189928 0
8412.610000 0.212514 0
8414.270000 0.208334 0
8415.930000 0.196550 0
8417.590000 0.228518 0
8419.250000 0.218620 0
8420.910000 0.192357 0
8422.570000 0.192990 0
8424.230000 0.199323 0
8425.890000 0.185773 0
8427.550000 0.197953 0
8429.210000 0.184003 0
8430.870000 0.217574 0
8432.530000 0.202218 0
8434.190000 0.205193 0
8435.850000 0.215367 0
8437.510000 0.212783 0
8439.170000 0.202231 0
8440.830000 0.208314 0
8442.490000 0.208445 0
8444.150000 0.207623 0
8445.810000 0.179346 0
8447.470000 0.189551 0
8449.130000 0.199826 0
8450.790000 0.187802 0
8452.450000 0.205471 0
8454.110000 0.212377 0
8455.770000 0.187404 0
8457.430000 0.206251 0
8459.090000 0.189972 0
8460.750000 0.200274 0
8462.410000 0.223875 0
8464.070000 0.217718 0
8465.730000 0.219715 0
8467.390000 0.215745 0
8469.050000 0.205403 1
8470.710000 0.217088 1
8472.370000 0.210242 1
8474.030000 0.263806 1
8475.690000 0.394586 1
8477.350000 0.573646 1
