# obs: 255708
# slit: 9
# z: 0.44699
# lines: K,H,G
# spec: 432
4451.680000 0.000000 1
4455.040000 0.000000 1
4458.400000 0.000000 1
4461.760000 0.000000 1
4465.120000 0.000000 1
4468.480000 0.000000 1
4471.840000 0.000000 1
4475.200000 0.000000 1
4478.560000 0.000000 1
4481.920000 0.000000 1
4485.280000 0.000000 1
4488.640000 0.004377 0
4492.000000 0.040908 0
4495.360000 0.057153 0
4498.720000 0.033644 0
4502.080000 0.026547 0
4505.440000 0.019865 0
4508.800000 0.008506 0
4512.160000 0.033330 0
4515.520000 0.024785 0
4518.880000 0.017682 0
4522.240000 0.006021 0
4525.600000 0.027732 0
4528.960000 0.027247 0
4532.320000 0.032451 0
4535.680000 0.034076 0
4539.040000 0.047073 0
4542.400000 0.037705 0
4545.760000 0.022265 0
4549.120000 0.019269 0
4552.480000 0.018340 0
4555.840000 0.033346 0
4559.200000 0.032353 0
4562.560000 0.036546 0
4565.920000 0.013895 0
4569.280000 0.018782 0
4572.640000 0.021133 0
4576.000000 0.021463 0
4579.360000 0.024965 0
4582.720000 0.008224 0
4586.080000 0.033892 0
4589.440000 0.029276 0
4592.800000 0.040206 0
4596.160000 0.030817 0
4599.520000 0.025070 0
4602.880000 0.018586 0
4606.240000 0.031312 0
4609.600000 0.037677 0
4612.960000 0.039528 0
4616.320000 0.015841 0
4619.680000 0.027705 0
4623.040000 0.017243 0
4626.400000 0.029599 0
4629.760000 0.015792 0
4633.120000 0.036165 0
4636.480000 0.050340 0
4639.840000 0.049878 0
4643.200000 0.034155 0
4646.560000 0.027856 0
4649.920000 0.058161 0
4653.280000 0.039243 0
4656.640000 0.041738 0
4660.000000 0.051574 0
4663.360000 0.023012 0
4666.720000 0.018083 0
4670.080000 0.032788 0
4673.440000 0.028119 0
4676.800000 0.030408 0
4680.160000 0.021765 0
4683.520000 0.036103 0
4686.880000 0.027217 0
4690.240000 0.042970 0
4693.600000 0.054396 0
4696.960000 0.058575 0
4700.320000 0.027306 0
4703.680000 0.038537 0
4707.040000 0.056772 0
4710.400000 0.050904 0
4713.760000 0.020710 0
4717.120000 0.043230 0
4720.480000 0.059908 0
4723.840000 0.040186 0
4727.200000 0.033962 0
4730.560000 0.029608 0
4733.920000 0.040831 0
4737.280000 0.065195 0
4740.640000 0.040292 0
4744.000000 0.047946 0
4747.360000 0.020973 0
4750.720000 0.024160 0
4754.080000 0.045513 0
4757.440000 0.046930 0
4760.800000 0.058335 0
4764.160000 0.044250 0
4767.520000 0.048998 0
4770.880000 0.030301 0
4774.240000 0.049601 0
4777.600000 0.073443 0
4780.960000 0.047406 0
4784.320000 0.059610 0
4787.680000 0.033123 0
4791.040000 0.042978 0
4794.400000 0.027026 0
4797.760000 0.043034 0
4801.120000 0.042328 0
4804.480000 0.049673 0
4807.840000 0.072851 0
4811.200000 0.042774 0
4814.560000 0.050746 0
4817.920000 0.033084 0
4821.280000 0.036303 0
4824.640000 0.049887 0
4828.000000 0.045272 0
4831.360000 0.037326 0
4834.720000 0.049151 0
4838.080000 0.049371 0
4841.440000 0.040768 0
4844.800000 0.045955 0
4848.160000 0.043544 0
4851.520000 0.043320 0
4854.880000 0.038765 0
4858.240000 0.045580 0
4861.600000 0.051567 0
4864.960000 0.040289 0
4868.320000 0.027771 0
4871.680000 0.033140 0
4875.040000 0.026166 0
4878.400000 0.026390 0
4881.760000 0.016876 0
4885.120000 0.036417 0
4888.480000 0.061524 0
4891.840000 0.047028 0
4895.200000 0.054256 0
4898.560000 0.060671 0
4901.920000 0.051351 0
4905.280000 0.047763 0
4908.640000 0.055653 0
4912.000000 0.059131 0
4915.360000 0.033675 0
4918.720000 0.041894 0
4922.080000 0.041660 0
4925.440000 0.062854 0
4928.800000 0.042486 0
4932.160000 0.031858 0
4935.520000 0.051384 0
4938.880000 0.041363 0
4942.240000 0.039327 0
4945.600000 0.043399 0
4948.960000 0.030179 0
4952.320000 0.050954 0
4955.680000 0.051943 0
4959.040000 0.065486 0
4962.400000 0.047405 0
4965.760000 0.047559 0
4969.120000 0.051453 0
4972.480000 0.071499 0
4975.840000 0.049632 0
4979.200000 0.037752 0
4982.560000 0.049119 0
4985.920000 0.050375 0
4989.280000 0.045735 0
4992.640000 0.064440 0
4996.000000 0.043800 0
4999.360000 0.039762 0
5002.720000 0.052562 0
5006.080000 0.046620 0
5009.440000 0.036082 0
5012.800000 0.054792 0
5016.160000 0.060867 0
5019.520000 0.059075 0
5022.880000 0.060426 0
5026.240000 0.062019 0
5029.600000 0.063567 0
5032.960000 0.061852 0
5036.320000 0.049822 0
5039.680000 0.049964 0
5043.040000 0.045579 0
5046.400000 0.053658 0
5049.760000 0.053498 0
5053.120000 0.065935 0
5056.480000 0.047805 0
5059.840000 0.059967 0
5063.200000 0.062078 0
5066.560000 0.059939 0
5069.920000 0.064325 0
5073.280000 0.040657 0
5076.640000 0.052132 0
5080.000000 0.044506 0
5083.360000 0.031230 0
5086.720000 0.041163 0
5090.080000 0.058070 0
5093.440000 0.041241 0
5096.800000 0.033721 0
5100.160000 0.035297 0
5103.520000 0.036166 0
5106.880000 0.064049 0
5110.240000 0.038293 0
5113.600000 0.047415 0
5116.960000 0.042683 0
5120.320000 0.050070 0
5123.680000 0.056706 0
5127.040000 0.087446 0
5130.400000 0.078671 0
5133.760000 0.065985 0
5137.120000 0.065620 0
5140.480000 0.054636 0
5143.840000 0.049423 0
5147.200000 0.045162 0
5150.560000 0.066626 0
5153.920000 0.055711 0
5157.280000 0.066052 0
5160.640000 0.065018 0
5164.000000 0.042476 0
5167.360000 0.026404 0
5170.720000 0.044179 0
5174.080000 0.050073 0
5177.440000 0.051537 0
5180.800000 0.048907 0
5184.160000 0.048795 0
5187.520000 0.030115 0
5190.880000 0.058774 0
5194.240000 0.049392 0
5197.600000 0.048963 0
5200.960000 0.047769 0
5204.320000 0.051870 0
5207.680000 0.068374 0
5211.040000 0.052922 0
5214.400000 0.057019 0
5217.760000 0.060720 0
5221.120000 0.038140 0
5224.480000 0.056853 0
5227.840000 0.050457 0
5231.200000 0.044124 0
5234.560000 0.048260 0
5237.920000 0.058528 0
5241.280000 0.076082 0
5244.640000 0.068588 0
5248.000000 0.060377 0
5251.360000 0.078199 0
5254.720000 0.069836 0
5258.080000 0.050224 0
5261.440000 0.069154 0
5264.800000 0.072867 0
5268.160000 0.071584 0
5271.520000 0.068795 0
5274.880000 0.056812 0
5278.240000 0.036760 0
5281.600000 0.073133 0
5284.960000 0.068632 0
5288.320000 0.051479 0
5291.680000 0.066153 0
5295.040000 0.079382 0
5298.400000 0.081562 0
5301.760000 0.053438 0
5305.120000 0.055658 0
5308.480000 0.063133 0
5311.840000 0.076746 0
5315.200000 0.067481 0
5318.560000 0.062166 0
5321.920000 0.056519 0
5325.280000 0.056438 0
5328.640000 0.051927 0
5332.000000 0.077026 0
5335.360000 0.077097 0
5338.720000 0.072353 0
5342.080000 0.070638 0
5345.440000 0.063377 0
5348.800000 0.068148 0
5352.160000 0.071012 0
5355.520000 0.060670 0
5358.880000 0.059606 0
5362.240000 0.055916 0
5365.600000 0.072746 0
5368.960000 0.067911 0
5372.320000 0.055328 0
5375.680000 0.070420 0
5379.040000 0.061347 0
5382.400000 0.076831 0
5385.760000 0.049814 0
5389.120000 0.045120 0
5392.480000 0.044989 0
5395.840000 0.072047 0
5399.200000 0.058320 0
5402.560000 0.065440 0
5405.920000 0.076066 0
5409.280000 0.050855 0
5412.640000 0.056125 0
5416.000000 0.050478 0
5419.360000 0.056844 0
5422.720000 0.042620 0
5426.080000 0.050328 0
5429.440000 0.062242 0
5432.800000 0.062697 0
5436.160000 0.064428 0
5439.520000 0.072572 0
5442.880000 0.067623 0
5446.240000 0.047393 0
5449.600000 0.042018 0
5452.960000 0.049903 0
5456.320000 0.078464 0
5459.680000 0.072342 0
5463.040000 0.049044 0
5466.400000 0.072645 0
5469.760000 0.085769 0
5473.120000 0.073840 0
5476.480000 0.086614 0
5479.840000 0.082076 0
5483.200000 0.063261 0
5486.560000 0.064471 0
5489.920000 0.043916 0
5493.280000 0.042981 0
5496.640000 0.052668 0
5500.000000 0.061041 0
5503.360000 0.068536 0
5506.720000 0.060084 0
5510.080000 0.068428 0
5513.440000 0.071169 0
5516.800000 0.053899 0
5520.160000 0.059879 0
5523.520000 0.072921 0
5526.880000 0.057532 0
5530.240000 0.047699 0
5533.600000 0.049994 0
5536.960000 0.042882 0
5540.320000 0.047168 0
5543.680000 0.035037 0
5547.040000 0.025695 0
5550.400000 0.047050 0
5553.760000 0.040855 0
5557.120000 0.044346 1
5560.480000 0.054534 1
5563.840000 0.060856 1
5567.200000 0.049717 1
5570.560000 0.205590 1
5573.920000 0.156001 1
5577.280000 0.064448 1
5580.640000 -0.103776 1
5584.000000 -0.150429 1
5587.360000 0.061479 1
5590.720000 0.059191 1
5594.080000 0.060799 0
5597.440000 0.052874 0
5600.800000 0.063647 0
5604.160000 0.061026 0
5607.520000 0.054827 0
5610.880000 0.054423 0
5614.240000 0.076034 0
5617.600000 0.068580 0
5620.960000 0.059398 0
5624.320000 0.046307 0
5627.680000 0.052029 0
5631.040000 0.078903 0
5634.400000 0.066087 0
5637.760000 0.075346 0
5641.120000 0.085474 0
5644.480000 0.070921 0
5647.840000 0.075088 0
5651.200000 0.076811 0
5654.560000 0.068357 0
5657.920000 0.088105 0
5661.280000 0.090151 0
5664.640000 0.063565 0
5668.000000 0.083336 0
5671.360000 0.075900 0
5674.720000 0.065595 0
5678.080000 0.080457 0
5681.440000 0.055443 0
5684.800000 0.054258 0
5688.160000 0.040484 0
5691.520000 0.024287 0
5694.880000 0.029240 0
5698.240000 0.037154 0
5701.600000 0.065562 0
5704.960000 0.057349 0
5708.320000 0.063141 0
5711.680000 0.070376 0
5715.040000 0.074544 0
5718.400000 0.094015 0
5721.760000 0.091213 0
5725.120000 0.076144 0
5728.480000 0.061287 0
5731.840000 0.051507 0
5735.200000 0.050577 0
5738.560000 0.046783 0
5741.920000 0.062725 0
5745.280000 0.039498 0
5748.640000 0.038025 0
5752.000000 0.058926 0
5755.360000 0.062821 0
5758.720000 0.057047 0
5762.080000 0.098745 0
5765.440000 0.098267 0
5768.800000 0.094002 0
5772.160000 0.099959 0
5775.520000 0.099753 0
5778.880000 0.101773 0
5782.240000 0.116540 0
5785.600000 0.116113 0
5788.960000 0.104075 0
5792.320000 0.096564 0
5795.680000 0.107285 0
5799.040000 0.114969 0
5802.400000 0.136082 0
5805.760000 0.105908 0
5809.120000 0.122649 0
5812.480000 0.117948 0
5815.840000 0.108066 0
5819.200000 0.124530 0
5822.560000 0.126912 0
5825.920000 0.102642 0
5829.280000 0.099588 0
5832.640000 0.087570 0
5836.000000 0.097827 0
5839.360000 0.099532 0
5842.720000 0.106990 0
5846.080000 0.101318 0
5849.440000 0.092687 0
5852.800000 0.116831 0
5856.160000 0.111893 0
5859.520000 0.112191 0
5862.880000 0.084179 0
5866.240000 0.078959 0
5869.600000 0.103770 0
5872.960000 0.102537 0
5876.320000 0.092649 0
5879.680000 0.094767 0
5883.040000 0.121595 0
5886.400000 0.104573 0
5889.760000 0.130751 0
5893.120000 0.090582 0
5896.480000 0.075042 0
5899.840000 0.115657 0
5903.200000 0.088044 0
5906.560000 0.104533 0
5909.920000 0.103245 0
5913.280000 0.102983 0
5916.640000 0.098955 0
5920.000000 0.112296 0
5923.360000 0.106487 0
5926.720000 0.106390 0
5930.080000 0.090116 0
5933.440000 0.100816 0
5936.800000 0.108653 0
5940.160000 0.096493 0
5943.520000 0.087490 0
5946.880000 0.104127 0
5950.240000 0.107505 0
5953.600000 0.117157 0
5956.960000 0.119256 0
5960.320000 0.108216 0
5963.680000 0.095921 0
5967.040000 0.108993 0
5970.400000 0.114197 0
5973.760000 0.093567 0
5977.120000 0.101072 0
5980.480000 0.095943 0
5983.840000 0.107359 0
5987.200000 0.095257 0
5990.560000 0.105801 0
5993.920000 0.108482 0
5997.280000 0.114235 0
6000.640000 0.101187 0
6004.000000 0.104261 0
6007.360000 0.098777 0
6010.720000 0.100974 0
6014.080000 0.100123 0
6017.440000 0.098830 0
6020.800000 0.099791 0
6024.160000 0.132347 0
6027.520000 0.129589 0
6030.880000 0.106564 0
6034.240000 0.109615 0
6037.600000 0.119677 0
6040.960000 0.117649 0
6044.320000 0.095962 0
6047.680000 0.116791 0
6051.040000 0.116299 0
6054.400000 0.108596 0
6057.760000 0.116790 0
6061.120000 0.117891 0
6064.480000 0.097520 0
6067.840000 0.088679 0
6071.200000 0.092340 0
6074.560000 0.119168 0
6077.920000 0.099641 0
6081.280000 0.103090 0
6084.640000 0.113153 0
6088.000000 0.081224 0
6091.360000 0.119217 0
6094.720000 0.097111 0
6098.080000 0.103505 0
6101.440000 0.108175 0
6104.800000 0.119353 0
6108.160000 0.118787 0
6111.520000 0.095601 0
6114.880000 0.094668 0
6118.240000 0.092629 0
6121.600000 0.095032 0
6124.960000 0.101225 0
6128.320000 0.101311 0
6131.680000 0.107514 0
6135.040000 0.101517 0
6138.400000 0.115291 0
6141.760000 0.126322 0
6145.120000 0.121758 0
6148.480000 0.106789 0
6151.840000 0.103397 0
6155.200000 0.099632 0
6158.560000 0.105562 0
6161.920000 0.100811 0
6165.280000 0.145557 0
6168.640000 0.111559 0
6172.000000 0.109802 0
6175.360000 0.107170 0
6178.720000 0.093523 0
6182.080000 0.104768 0
6185.440000 0.109859 0
6188.800000 0.113157 0
6192.160000 0.113302 0
6195.520000 0.118851 0
6198.880000 0.103082 0
6202.240000 0.080453 0
6205.600000 0.108688 0
6208.960000 0.117878 0
6212.320000 0.110536 0
6215.680000 0.095306 0
6219.040000 0.096300 0
6222.400000 0.066279 0
6225.760000 0.076470 0
6229.120000 0.083017 0
6232.480000 0.055453 0
6235.840000 0.097961 0
6239.200000 0.082181 0
6242.560000 0.089761 0
6245.920000 0.102198 0
6249.280000 0.128543 0
6252.640000 0.108791 0
6256.000000 0.107336 0
6259.360000 0.109568 0
6262.720000 0.111986 0
6266.080000 0.121725 0
6269.440000 0.118157 0
6272.800000 0.123591 0
6276.160000 0.119424 0
6279.520000 0.112111 0
6282.880000 0.108730 0
6286.240000 0.101196 0
6289.600000 0.107113 0
6292.960000 0.134424 0
6296.320000 0.163479 0
6299.680000 0.077271 0
6303.040000 0.079195 0
6306.400000 0.106454 0
6309.760000 0.115854 0
6313.120000 0.111915 0
6316.480000 0.128231 0
6319.840000 0.134420 0
6323.200000 0.121428 0
6326.560000 0.111900 0
6329.920000 0.114598 0
6333.280000 0.125681 0
6336.640000 0.112421 0
6340.000000 0.116662 0
6343.360000 0.098791 0
6346.720000 0.104287 0
6350.080000 0.101947 0
6353.440000 0.101860 0
6356.800000 0.121950 0
6360.160000 0.106383 0
6363.520000 0.100836 0
6366.880000 0.121859 0
6370.240000 0.117482 0
6373.600000 0.104240 0
6376.960000 0.121127 0
6380.320000 0.107112 0
6383.680000 0.129732 0
6387.040000 0.122142 0
6390.400000 0.119051 0
6393.760000 0.122112 0
6397.120000 0.137519 0
6400.480000 0.138286 0
6403.840000 0.133597 0
6407.200000 0.137404 0
6410.560000 0.136382 0
6413.920000 0.129609 0
6417.280000 0.125216 0
6420.640000 0.136937 0
6424.000000 0.140042 0
6427.360000 0.129519 0
6430.720000 0.147358 0
6434.080000 0.135503 0
6437.440000 0.121812 0
6440.800000 0.134879 0
6444.160000 0.124083 0
6447.520000 0.123136 0
6450.880000 0.124787 0
6454.240000 0.112492 0
6457.600000 0.120965 0
6460.960000 0.126447 0
6464.320000 0.130533 0
6467.680000 0.133026 0
6471.040000 0.149670 0
6474.400000 0.156156 0
6477.760000 0.139052 0
6481.120000 0.116384 0
6484.480000 0.151350 0
6487.840000 0.132638 0
6491.200000 0.124571 0
6494.560000 0.123922 0
6497.920000 0.132924 0
6501.280000 0.141179 0
6504.640000 0.123885 0
6508.000000 0.119060 0
6511.360000 0.133115 0
6514.720000 0.149782 0
6518.080000 0.158328 0
6521.440000 0.153199 0
6524.800000 0.140571 0
6528.160000 0.134273 0
6531.520000 0.136112 0
6534.880000 0.139287 0
6538.240000 0.145305 0
6541.600000 0.157994 0
6544.960000 0.129580 0
6548.320000 0.114606 0
6551.680000 0.112914 0
6555.040000 0.121381 0
6558.400000 0.121439 0
6561.760000 0.120278 0
6565.120000 0.132769 0
6568.480000 0.137292 0
6571.840000 0.129092 0
6575.200000 0.147404 0
6578.560000 0.131192 0
6581.920000 0.124368 0
6585.280000 0.132283 0
6588.640000 0.131502 0
6592.000000 0.128672 0
6595.360000 0.143701 0
6598.720000 0.146116 0
6602.080000 0.136706 0
6605.440000 0.144218 0
6608.800000 0.149265 0
6612.160000 0.136242 0
6615.520000 0.131566 0
6618.880000 0.139039 0
6622.240000 0.145256 0
6625.600000 0.134299 0
6628.960000 0.143475 0
6632.320000 0.148092 0
6635.680000 0.149620 0
6639.040000 0.135997 0
6642.400000 0.130600 0
6645.760000 0.139788 0
6649.120000 0.142284 0
6652.480000 0.135654 0
6655.840000 0.133284 0
6659.200000 0.148591 0
6662.560000 0.149751 0
6665.920000 0.127007 0
6669.280000 0.126544 0
6672.640000 0.139950 0
6676.000000 0.127149 0
6679.360000 0.140031 0
6682.720000 0.148979 0
6686.080000 0.141109 0
6689.440000 0.147974 0
6692.800000 0.152653 0
6696.160000 0.143719 0
6699.520000 0.137701 0
6702.880000 0.147423 0
6706.240000 0.158301 0
6709.600000 0.140510 0
6712.960000 0.137083 0
6716.320000 0.144036 0
6719.680000 0.150264 0
6723.040000 0.135776 0
6726.400000 0.133076 0
6729.760000 0.118121 0
6733.120000 0.130658 0
6736.480000 0.146208 0
6739.840000 0.123706 0
6743.200000 0.136716 0
6746.560000 0.161923 0
6749.920000 0.141366 0
6753.280000 0.115208 0
6756.640000 0.148975 0
6760.000000 0.129056 0
6763.360000 0.134436 0
6766.720000 0.134539 0
6770.080000 0.123922 0
6773.440000 0.123578 0
6776.800000 0.149343 0
6780.160000 0.140544 0
6783.520000 0.141718 0
6786.880000 0.110578 0
6790.240000 0.102173 0
6793.600000 0.123344 0
6796.960000 0.136604 0
6800.320000 0.144741 0
6803.680000 0.129813 0
6807.040000 0.122941 0
6810.400000 0.133327 0
6813.760000 0.126537 0
6817.120000 0.132336 0
6820.480000 0.128960 0
6823.840000 0.122303 0
6827.200000 0.121320 0
6830.560000 0.133995 0
6833.920000 0.126248 0
6837.280000 0.145085 0
6840.640000 0.133391 0
6844.000000 0.142948 0
6847.360000 0.145255 0
6850.720000 0.128454 0
6854.080000 0.130561 0
6857.440000 0.163278 0
6860.800000 0.146120 0
6864.160000 0.122656 0
6867.520000 0.125386 0
6870.880000 0.128802 0
6874.240000 0.109835 0
6877.600000 0.111225 0
6880.960000 0.136746 0
6884.320000 0.143708 0
6887.680000 0.126135 0
6891.040000 0.128050 0
6894.400000 0.127429 0
6897.760000 0.122318 0
6901.120000 0.133640 0
6904.480000 0.114761 0
6907.840000 0.131342 0
6911.200000 0.156813 0
6914.560000 0.142032 0
6917.920000 0.144108 0
6921.280000 0.145308 0
6924.640000 0.136256 0
6928.000000 0.149668 0
6931.360000 0.142459 0
6934.720000 0.127158 0
6938.080000 0.122097 0
6941.440000 0.151179 0
6944.800000 0.141481 0
6948.160000 0.152920 0
6951.520000 0.157071 0
6954.880000 0.172739 0
6958.240000 0.153543 0
6961.600000 0.139288 0
6964.960000 0.146441 0
6968.320000 0.140518 0
6971.680000 0.144333 0
6975.040000 0.136990 0
6978.400000 0.146633 0
6981.760000 0.139618 0
6985.120000 0.144162 0
6988.480000 0.132014 0
6991.840000 0.134396 0
6995.200000 0.143171 0
6998.560000 0.126029 0
7001.920000 0.129068 0
7005.280000 0.143665 0
7008.640000 0.117123 0
7012.000000 0.128102 0
7015.360000 0.131913 0
7018.720000 0.130137 0
7022.080000 0.127670 0
7025.440000 0.127061 0
7028.800000 0.129309 0
7032.160000 0.125862 0
7035.520000 0.115789 0
7038.880000 0.112020 0
7042.240000 0.115739 0
7045.600000 0.118911 0
7048.960000 0.115956 0
7052.320000 0.122364 0
7055.680000 0.122686 0
7059.040000 0.126769 0
7062.400000 0.148038 0
7065.760000 0.116214 0
7069.120000 0.128244 0
7072.480000 0.149529 0
7075.840000 0.143737 0
7079.200000 0.119054 0
7082.560000 0.108774 0
7085.920000 0.121316 0
7089.280000 0.124763 0
7092.640000 0.125955 0
7096.000000 0.138864 0
7099.360000 0.128632 0
7102.720000 0.118422 0
7106.080000 0.144853 0
7109.440000 0.125086 0
7112.800000 0.121443 0
7116.160000 0.141226 0
7119.520000 0.136535 0
7122.880000 0.115641 0
7126.240000 0.115147 0
7129.600000 0.111992 0
7132.960000 0.119860 0
7136.320000 0.130503 0
7139.680000 0.132965 0
7143.040000 0.135848 0
7146.400000 0.134664 0
7149.760000 0.123944 0
7153.120000 0.126843 0
7156.480000 0.126736 0
7159.840000 0.147128 0
7163.200000 0.132702 0
7166.560000 0.135040 0
7169.920000 0.140767 0
7173.280000 0.122089 0
7176.640000 0.115137 0
7180.000000 0.121892 0
7183.360000 0.115049 0
7186.720000 0.122887 0
7190.080000 0.117280 0
7193.440000 0.124519 0
7196.800000 0.122746 0
7200.160000 0.111006 0
7203.520000 0.107919 0
7206.880000 0.112317 0
7210.240000 0.110412 0
7213.600000 0.099506 0
7216.960000 0.114199 0
7220.320000 0.118322 0
7223.680000 0.111558 0
7227.040000 0.091889 0
7230.400000 0.095649 0
7233.760000 0.094242 0
7237.120000 0.116078 0
7240.480000 0.110124 0
7243.840000 0.141580 0
7247.200000 0.128975 0
7250.560000 0.143989 0
7253.920000 0.115428 0
7257.280000 0.123558 0
7260.640000 0.107217 0
7264.000000 0.091119 0
7267.360000 0.075263 0
7270.720000 0.084001 0
7274.080000 0.109928 0
7277.440000 0.100049 0
7280.800000 0.164757 0
7284.160000 0.138253 0
7287.520000 0.117688 0
7290.880000 0.117992 0
7294.240000 0.112160 0
7297.600000 0.119995 0
7300.960000 0.123008 0
7304.320000 0.111478 0
7307.680000 0.083217 0
7311.040000 0.109018 0
7314.400000 0.123558 0
7317.760000 0.107801 0
7321.120000 0.126779 0
7324.480000 0.127283 0
7327.840000 0.103149 0
7331.200000 0.099292 0
7334.560000 0.069793 0
7337.920000 0.082274 0
7341.280000 0.093512 0
7344.640000 0.102278 0
7348.000000 0.121758 0
7351.360000 0.083871 0
7354.720000 0.117487 0
7358.080000 0.099440 0
7361.440000 0.092780 0
7364.800000 0.083314 0
7368.160000 0.088466 0
7371.520000 0.108692 0
7374.880000 0.133465 0
7378.240000 0.111644 0
7381.600000 0.094670 0
7384.960000 0.088220 0
7388.320000 0.095437 0
7391.680000 0.089231 0
7395.040000 0.066898 0
7398.400000 0.112914 0
7401.760000 0.091584 0
7405.120000 0.096257 0
7408.480000 0.091771 0
7411.840000 0.093116 0
7415.200000 0.082152 0
7418.560000 0.078057 0
7421.920000 0.100598 0
7425.280000 0.094114 0
7428.640000 0.093192 0
7432.000000 0.082715 0
7435.360000 0.090748 0
7438.720000 0.099294 0
7442.080000 0.090379 0
7445.440000 0.099083 0
7448.800000 0.090482 0
7452.160000 0.086185 0
7455.520000 0.075136 0
7458.880000 0.062461 0
7462.240000 0.096719 0
7465.600000 0.096588 0
7468.960000 0.091886 0
7472.320000 0.075252 0
7475.680000 0.077640 0
7479.040000 0.072174 0
7482.400000 0.073623 0
7485.760000 0.062569 0
7489.120000 0.081398 0
7492.480000 0.070192 0
7495.840000 0.076697 0
7499.200000 0.085433 0
7502.560000 0.085585 0
7505.920000 0.083932 0
7509.280000 0.080801 0
7512.640000 0.074276 0
7516.000000 0.089634 0
7519.360000 0.068190 0
7522.720000 0.071982 0
7526.080000 0.103326 0
7529.440000 0.065047 0
7532.800000 0.084158 0
7536.160000 0.083970 0
7539.520000 0.087301 0
7542.880000 0.078009 0
7546.240000 0.070360 0
7549.600000 0.084897 0
7552.960000 0.079750 0
7556.320000 0.087094 0
7559.680000 0.103153 0
7563.040000 0.072919 0
7566.400000 0.080075 0
7569.760000 0.099055 0
7573.120000 0.083985 0
7576.480000 0.061628 0
7579.840000 0.098191 0
7583.200000 0.100609 0
7586.560000 0.103719 0
7589.920000 0.099291 0
7593.280000 0.091675 0
7596.640000 0.106697 0
7600.000000 0.088659 0
7603.360000 0.062700 0
7606.720000 0.101996 0
7610.080000 0.083706 0
7613.440000 0.095297 0
7616.800000 0.095096 0
7620.160000 0.101682 0
7623.520000 0.102282 0
7626.880000 0.065566 0
7630.240000 0.073292 0
7633.600000 0.109236 0
7636.960000 0.064270 0
7640.320000 0.081623 0
7643.680000 0.086811 0
7647.040000 0.096040 0
7650.400000 0.097859 0
7653.760000 0.089401 0
7657.120000 0.107109 0
7660.480000 0.075303 0
7663.840000 0.059328 0
7667.200000 0.087761 0
7670.560000 0.095340 0
7673.920000 0.058873 0
7677.280000 0.077011 0
7680.640000 0.077499 0
7684.000000 0.087053 0
7687.360000 0.088606 0
7690.720000 0.070556 0
7694.080000 0.093354 0
7697.440000 0.085856 0
7700.800000 0.078292 0
7704.160000 0.072075 0
7707.520000 0.091707 0
7710.880000 0.073605 0
7714.240000 0.029920 0
7717.600000 0.083928 0
7720.960000 0.092074 0
7724.320000 0.066913 0
7727.680000 0.084284 0
7731.040000 0.084458 0
7734.400000 0.067892 0
7737.760000 0.074555 0
7741.120000 0.084710 0
7744.480000 0.070662 0
7747.840000 0.067290 0
7751.200000 0.071761 0
7754.560000 0.067229 0
7757.920000 0.051380 0
7761.280000 0.075749 0
7764.640000 0.079001 0
7768.000000 0.069221 0
7771.360000 0.071827 0
7774.720000 0.085680 0
7778.080000 0.080630 0
7781.440000 0.087284 0
7784.800000 0.075227 0
7788.160000 0.079774 0
7791.520000 0.061240 0
7794.880000 0.061253 0
7798.240000 0.065463 0
7801.600000 0.066857 0
7804.960000 0.070308 0
7808.320000 0.067712 0
7811.680000 0.076048 0
7815.040000 0.100326 0
7818.400000 0.057186 0
7821.760000 0.053625 0
7825.120000 0.080127 0
7828.480000 0.070211 0
7831.840000 0.069210 0
7835.200000 0.054167 0
7838.560000 0.061701 0
7841.920000 0.052924 0
7845.280000 0.049094 0
7848.640000 0.072120 0
7852.000000 0.055846 0
7855.360000 0.027034 0
7858.720000 0.069909 0
7862.080000 0.082666 0
7865.440000 0.043821 0
7868.800000 0.081520 0
7872.160000 0.052703 0
7875.520000 0.040573 0
7878.880000 0.081837 0
7882.240000 0.074539 0
7885.600000 0.085329 0
7888.960000 0.060148 0
7892.320000 0.076175 0
7895.680000 0.060957 0
7899.040000 0.056357 0
7902.400000 0.059649 0
7905.760000 0.078908 0
7909.120000 0.089839 0
7912.480000 0.103394 0
7915.840000 0.056921 0
7919.200000 0.053991 0
7922.560000 0.061372 0
7925.920000 0.064236 0
7929.280000 0.045563 0
7932.640000 0.056279 0
7936.000000 0.050151 0
7939.360000 0.063412 0
7942.720000 0.064187 0
7946.080000 0.052231 0
7949.440000 0.059743 0
7952.800000 0.089884 0
7956.160000 0.070402 0
7959.520000 0.046583 0
7962.880000 0.079737 0
7966.240000 0.084832 0
7969.600000 0.053661 0
7972.960000 0.056033 0
7976.320000 0.064322 0
7979.680000 0.067269 0
7983.040000 0.066429 0
7986.400000 0.043246 0
7989.760000 0.065499 0
7993.120000 0.036613 0
7996.480000 0.062702 0
7999.840000 0.058400 0
8003.200000 0.053286 0
8006.560000 0.063461 0
8009.920000 0.050905 0
8013.280000 0.031631 0
8016.640000 0.035898 0
8020.000000 0.059260 0
8023.360000 0.057687 0
8026.720000 0.045876 0
8030.080000 0.037669 0
8033.440000 0.048455 0
8036.800000 0.051748 0
8040.160000 0.053773 0
8043.520000 0.053952 0
8046.880000 0.062769 0
8050.240000 0.070719 0
8053.600000 0.065169 0
8056.960000 0.035443 0
8060.320000 0.055194 0
8063.680000 0.072770 0
8067.040000 0.050760 0
8070.400000 0.037060 0
8073.760000 0.035415 0
8077.120000 0.064846 0
8080.480000 0.064002 0
8083.840000 0.046304 0
8087.200000 0.043163 0
8090.560000 0.040560 0
8093.920000 0.047621 0
8097.280000 0.046528 0
8100.640000 0.052919 0
8104.000000 0.053631 0
8107.360000 0.031753 0
8110.720000 0.058042 0
8114.080000 0.050790 0
8117.440000 0.050007 0
8120.800000 0.051359 0
8124.160000 0.054648 0
8127.520000 0.066146 0
8130.880000 0.037147 0
8134.240000 0.033226 0
8137.600000 0.029201 0
8140.960000 0.044874 0
8144.320000 0.072212 0
8147.680000 0.049894 0
8151.040000 0.029601 0
8154.400000 0.041477 0
8157.760000 0.045362 0
8161.120000 0.037985 0
8164.480000 0.048509 0
8167.840000 0.045894 0
8171.200000 0.050487 0
8174.560000 0.041459 0
8177.920000 0.036671 0
8181.280000 0.041301 0
8184.640000 0.052938 0
8188.000000 0.051098 0
8191.360000 0.056623 0
8194.720000 0.040390 0
8198.080000 0.055297 0
8201.440000 0.027644 0
8204.800000 0.053063 0
8208.160000 0.044982 0
8211.520000 0.052283 0
8214.880000 0.052756 0
8218.240000 0.041956 0
8221.600000 0.029458 0
8224.960000 0.041367 0
8228.320000 0.045191 0
8231.680000 0.031143 1
8235.040000 0.030368 1
8238.400000 0.030610 1
8241.760000 0.022972 1
8245.120000 0.035996 1
8248.480000 0.026687 1
8251.840000 0.022231 1
8255.200000 0.045842 1
8258.560000 0.033030 1
8261.920000 0.046918 1
8265.280000 0.037928 1
8268.640000 0.044417 1
8272.000000 0.006239 1
8275.360000 0.004118 1
8278.720000 0.027152 1
8282.080000 0.006628 1
8285.440000 0.044199 1
8288.800000 0.048173 1
8292.160000 0.011026 1
8295.520000 0.042762 1
8298.880000 0.047084 1
8302.240000 0.068327 1
8305.600000 0.063427 1
8308.960000 0.041936 1
8312.320000 0.026214 1
8315.680000 0.046729 1
8319.040000 0.058732 1
8322.400000 0.036849 1
8325.760000 0.048236 1
8329.120000 0.040651 1
8332.480000 0.033984 1
8335.840000 -0.030867 1
8339.200000 -0.039480 1
8342.560000 0.060077 1
8345.920000 0.007389 1
8349.280000 0.018428 1
8352.640000 0.103838 1
8356.000000 0.072243 1
8359.360000 0.074464 1
8362.720000 0.020623 1
8366.080000 0.016612 1
8369.440000 0.010589 1
8372.800000 0.041169 1
8376.160000 0.012416 1
8379.520000 0.021082 1
8382.880000 0.034564 1
8386.240000 0.046681 1
8389.600000 0.007812 1
8392.960000 -0.059714 1
8396.320000 -0.044147 1
8399.680000 0.004938 1
8403.040000 0.075248 1
8406.400000 0.114972 1
8409.760000 0.054747 1
8413.120000 0.029563 1
8416.480000 0.038511 1
8419.840000 0.016369 1
8423.200000 -0.089511 1
8426.560000 -0.076479 1
8429.920000 0.018218 1
8433.280000 0.067538 1
8436.640000 0.148098 1
8440.000000 0.061100 1
8443.360000 0.006786 1
8446.720000 -0.037931 1
8450.080000 0.009704 1
8453.440000 0.000229 1
8456.800000 -0.071071 1
8460.160000 0.029707 1
8463.520000 0.471555 1
8466.880000 0.000000 1
8470.240000 0.000000 1
8473.600000 0.000000 1
8476.960000 0.000000 1
8480.320000 0.000000 1
8483.680000 0.000000 1
8487.040000 0.000000 1
8490.400000 0.000000 1
8493.760000 0.000000 1
8497.120000 0.000000 1
8500.480000 0.000000 1
8503.840000 0.000000 1
8507.200000 0.000000 1
8510.560000 0.000000 1
8513.920000 0.000000 1
8517.280000 0.000000 1
8520.640000 0.000000 1
8524.000000 0.000000 1
8527.360000 0.000000 1
8530.720000 0.000000 1
8534.080000 0.000000 1
8537.440000 0.000000 1
8540.800000 0.000000 1
8544.160000 0.000000 1
8547.520000 0.000000 1
8550.880000 0.000000 1
8554.240000 0.000000 1
8557.600000 0.000000 1
8560.960000 0.000000 1
8564.320000 0.000000 1
8567.680000 0.000000 1
8571.040000 0.000000 1
8574.400000 0.000000 1
8577.760000 0.000000 1
8581.120000 0.000000 1
8584.480000 0.000000 1
8587.840000 0.000000 1
8591.200000 0.000000 1
8594.560000 0.000000 1
8597.920000 0.000000 1
8601.280000 0.000000 1
8604.640000 0.000000 1
8608.000000 0.000000 1
8611.360000 0.000000 1
8614.720000 0.000000 1
8618.080000 0.000000 1
8621.440000 0.000000 1
8624.800000 0.000000 1
8628.160000 0.000000 1
8631.520000 0.000000 1
8634.880000 0.000000 1
8638.240000 0.000000 1
8641.600000 0.000000 1
8644.960000 0.000000 1
8648.320000 0.000000 1
8651.680000 0.000000 1
8655.040000 0.000000 1
8658.400000 0.000000 1
8661.760000 0.000000 1
8665.120000 0.000000 1
8668.480000 0.000000 1
8671.840000 0.000000 1
8675.200000 0.000000 1
8678.560000 0.000000 1
8681.920000 0.000000 1
8685.280000 0.000000 1
8688.640000 0.000000 1
8692.000000 0.000000 1
8695.360000 0.000000 1
8698.720000 0.000000 1
8702.080000 0.000000 1
8705.440000 0.000000 1
8708.800000 0.000000 1
8712.160000 0.000000 1
8715.520000 0.000000 1
8718.880000 0.000000 1
8722.240000 0.000000 1
8725.600000 0.000000 1
8728.960000 0.000000 1
8732.320000 0.000000 1
8735.680000 0.000000 1
8739.040000 0.000000 1
8742.400000 0.000000 1
8745.760000 0.000000 1
8749.120000 0.000000 1
8752.480000 0.000000 1
8755.840000 0.000000 1
8759.200000 0.000000 1
8762.560000 0.000000 1
8765.920000 0.000000 1
8769.280000 0.000000 1
8772.640000 0.000000 1
8776.000000 0.000000 1
8779.360000 0.000000 1
8782.720000 0.000000 1
8786.080000 0.000000 1
8789.440000 0.000000 1
8792.800000 0.000000 1
8796.160000 0.000000 1
8799.520000 0.000000 1
8802.880000 0.000000 1
8806.240000 0.000000 1
8809.600000 0.000000 1
8812.960000 0.000000 1
8816.320000 0.000000 1
8819.680000 0.000000 1
8823.040000 0.000000 1
8826.400000 0.000000 1
8829.760000 0.000000 1
8833.120000 0.000000 1
8836.480000 0.000000 1
8839.840000 0.000000 1
8843.200000 0.000000 1
8846.560000 0.000000 1
8849.920000 0.000000 1
8853.280000 0.000000 1
8856.640000 0.000000 1
8860.000000 0.000000 1
8863.360000 0.000000 1
8866.720000 0.000000 1
8870.080000 0.000000 1
8873.440000 0.000000 1
8876.800000 0.000000 1
8880.160000 0.000000 1
8883.520000 0.000000 1
8886.880000 0.000000 1
8890.240000 0.000000 1
8893.600000 0.000000 1
8896.960000 0.000000 1
8900.320000 0.000000 1
8903.680000 0.000000 1
8907.040000 0.000000 1
8910.400000 0.000000 1
8913.760000 0.000000 1
8917.120000 0.000000 1
8920.480000 0.000000 1
8923.840000 0.000000 1
8927.200000 0.000000 1
8930.560000 0.000000 1
8933.920000 0.000000 1
8937.280000 0.000000 1
8940.640000 0.000000 1
8944.000000 0.000000 1
8947.360000 0.000000 1
8950.720000 0.000000 1
8954.080000 0.000000 1
8957.440000 0.000000 1
8960.800000 0.000000 1
8964.160000 0.000000 1
8967.520000 0.000000 1
8970.880000 0.000000 1
8974.240000 0.000000 1
8977.600000 0.000000 1
8980.960000 0.000000 1
8984.320000 0.000000 1
8987.680000 0.000000 1
8991.040000 0.000000 1
8994.400000 0.000000 1
8997.760000 0.000000 1
9001.120000 0.000000 1
9004.480000 0.000000 1
9007.840000 0.000000 1
9011.200000 0.000000 1
9014.560000 0.000000 1
9017.920000 0.000000 1
9021.280000 0.000000 1
9024.640000 0.000000 1
9028.000000 0.000000 1
9031.360000 0.000000 1
9034.720000 0.000000 1
9038.080000 0.000000 1
9041.440000 0.000000 1
9044.800000 0.000000 1
9048.160000 0.000000 1
9051.520000 0.000000 1
9054.880000 0.000000 1
9058.240000 0.000000 1
9061.600000 0.000000 1
9064.960000 0.000000 1
9068.320000 0.000000 1
9071.680000 0.000000 1
9075.040000 0.000000 1
9078.400000 0.000000 1
9081.760000 0.000000 1
9085.120000 0.000000 1
9088.480000 0.000000 1
9091.840000 0.000000 1
9095.200000 0.000000 1
9098.560000 0.000000 1
9101.920000 0.000000 1
9105.280000 0.000000 1
9108.640000 0.000000 1
9112.000000 0.000000 1
9115.360000 0.000000 1
9118.720000 0.000000 1
9122.080000 0.000000 1
9125.440000 0.000000 1
9128.800000 0.000000 1
9132.160000 0.000000 1
9135.520000 0.000000 1
9138.880000 0.000000 1
9142.240000 0.000000 1
9145.600000 0.000000 1
9148.960000 0.000000 1
9152.320000 0.000000 1
9155.680000 0.000000 1
9159.040000 0.000000 1
9162.400000 0.000000 1
9165.760000 0.000000 1
9169.120000 0.000000 1
9172.480000 0.000000 1
9175.840000 0.000000 1
9179.200000 0.000000 1
9182.560000 0.000000 1
9185.920000 0.000000 1
9189.280000 0.000000 1
9192.640000 0.000000 1
9196.000000 0.000000 1
9199.360000 0.000000 1
9202.720000 0.000000 1
9206.080000 0.000000 1
9209.440000 0.000000 1
9212.800000 0.000000 1
9216.160000 0.000000 1
9219.520000 0.000000 1
9222.880000 0.000000 1
9226.240000 0.000000 1
9229.600000 0.000000 1
9232.960000 0.000000 1
9236.320000 0.000000 1
9239.680000 0.000000 1
9243.040000 0.000000 1
9246.400000 0.000000 1
9249.760000 0.000000 1
