# obs: 255754-58fits
# slit: 6
# z: -1.00000
# lines: not in catalog
# spec: 247
4451.680000 0.000000 1
4455.040000 0.000000 1
4458.400000 0.000000 1
4461.760000 0.000000 1
4465.120000 0.000000 1
4468.480000 0.000000 1
4471.840000 -0.002000 1
4475.200000 0.000227 1
4478.560000 0.001381 1
4481.920000 -0.002482 1
4485.280000 -0.004637 1
4488.640000 -0.003036 1
4492.000000 0.007290 1
4495.360000 -0.005550 1
4498.720000 -0.001973 0
4502.080000 -0.006667 0
4505.440000 -0.008345 0
4508.800000 -0.002082 0
4512.160000 -0.001358 0
4515.520000 -0.002831 0
4518.880000 -0.004767 0
4522.240000 0.000736 0
4525.600000 -0.001466 0
4528.960000 -0.003751 0
4532.320000 -0.000233 0
4535.680000 0.002261 0
4539.040000 -0.005938 0
4542.400000 -0.000612 0
4545.760000 -0.001887 0
4549.120000 -0.006904 0
4552.480000 -0.002834 0
4555.840000 -0.005284 0
4559.200000 -0.001290 0
4562.560000 0.004212 0
4565.920000 0.003592 0
4569.280000 0.002224 0
4572.640000 -0.003890 0
4576.000000 -0.002547 0
4579.360000 0.002915 0
4582.720000 -0.001235 0
4586.080000 -0.001400 0
4589.440000 -0.002725 0
4592.800000 0.000096 0
4596.160000 -0.000853 0
4599.520000 -0.001258 0
4602.880000 -0.004636 0
4606.240000 -0.008715 0
4609.600000 -0.000927 0
4612.960000 -0.001596 0
4616.320000 -0.004871 0
4619.680000 -0.008461 0
4623.040000 -0.001572 0
4626.400000 -0.004224 0
4629.760000 -0.000001 0
4633.120000 -0.001125 0
4636.480000 0.002781 0
4639.840000 -0.000354 0
4643.200000 -0.000689 0
4646.560000 -0.006316 0
4649.920000 -0.003587 0
4653.280000 0.002896 0
4656.640000 0.001474 0
4660.000000 -0.003212 0
4663.360000 -0.005632 0
4666.720000 -0.003865 0
4670.080000 -0.001510 0
4673.440000 0.001894 0
4676.800000 -0.000646 0
4680.160000 -0.000825 0
4683.520000 0.002726 0
4686.880000 0.005618 0
4690.240000 -0.001299 0
4693.600000 -0.006790 0
4696.960000 0.003887 0
4700.320000 0.004420 0
4703.680000 0.002204 0
4707.040000 0.001163 0
4710.400000 -0.000624 0
4713.760000 0.001461 0
4717.120000 0.001188 0
4720.480000 0.004872 0
4723.840000 0.000582 0
4727.200000 0.001331 0
4730.560000 0.003939 0
4733.920000 -0.002233 0
4737.280000 0.000255 0
4740.640000 0.005173 0
4744.000000 -0.001728 0
4747.360000 0.001022 0
4750.720000 0.004413 0
4754.080000 0.002588 0
4757.440000 0.000933 0
4760.800000 0.000839 0
4764.160000 0.001065 0
4767.520000 0.007092 0
4770.880000 0.004297 0
4774.240000 0.001374 0
4777.600000 -0.000598 0
4780.960000 -0.000053 0
4784.320000 0.002389 0
4787.680000 0.002186 0
4791.040000 0.002986 0
4794.400000 0.000761 0
4797.760000 0.005242 0
4801.120000 0.008164 0
4804.480000 -0.001836 0
4807.840000 -0.000779 0
4811.200000 -0.001978 0
4814.560000 0.001236 0
4817.920000 0.003857 0
4821.280000 0.002007 0
4824.640000 -0.002088 0
4828.000000 0.000634 0
4831.360000 -0.004026 0
4834.720000 0.001504 0
4838.080000 0.007807 0
4841.440000 0.003253 0
4844.800000 0.000457 0
4848.160000 0.003396 0
4851.520000 0.003165 0
4854.880000 0.001317 0
4858.240000 -0.000129 0
4861.600000 0.001941 0
4864.960000 -0.000961 0
4868.320000 0.000991 0
4871.680000 -0.003653 0
4875.040000 -0.004116 0
4878.400000 -0.003096 0
4881.760000 0.001426 0
4885.120000 -0.002424 0
4888.480000 0.003623 0
4891.840000 0.004724 0
4895.200000 0.002103 0
4898.560000 -0.003247 0
4901.920000 -0.002338 0
4905.280000 -0.004041 0
4908.640000 -0.000666 0
4912.000000 0.001646 0
4915.360000 0.000138 0
4918.720000 -0.000540 0
4922.080000 0.001248 0
4925.440000 0.000751 0
4928.800000 -0.001807 0
4932.160000 -0.005965 0
4935.520000 -0.004720 0
4938.880000 -0.000118 0
4942.240000 -0.003917 0
4945.600000 0.001777 0
4948.960000 0.002073 0
4952.320000 -0.000562 0
4955.680000 -0.000597 0
4959.040000 0.000091 0
4962.400000 0.001154 0
4965.760000 -0.002759 0
4969.120000 -0.003889 0
4972.480000 0.003564 0
4975.840000 -0.001177 0
4979.200000 -0.002055 0
4982.560000 -0.000967 0
4985.920000 -0.008208 0
4989.280000 -0.004226 0
4992.640000 0.000130 0
4996.000000 0.002857 0
4999.360000 -0.002283 0
5002.720000 0.002317 0
5006.080000 -0.002613 0
5009.440000 -0.001577 0
5012.800000 -0.000742 0
5016.160000 -0.003309 0
5019.520000 0.002085 0
5022.880000 0.002094 0
5026.240000 -0.000146 0
5029.600000 -0.000270 0
5032.960000 -0.003319 0
5036.320000 0.000284 0
5039.680000 -0.002726 0
5043.040000 -0.003902 0
5046.400000 -0.002990 0
5049.760000 -0.006063 0
5053.120000 -0.000862 0
5056.480000 0.000234 0
5059.840000 0.001136 0
5063.200000 0.001179 0
5066.560000 -0.002284 0
5069.920000 -0.000046 0
5073.280000 -0.000922 0
5076.640000 -0.001005 0
5080.000000 -0.000235 0
5083.360000 -0.001833 0
5086.720000 -0.000001 0
5090.080000 -0.001472 0
5093.440000 0.004681 0
5096.800000 -0.004398 0
5100.160000 0.005731 0
5103.520000 -0.003478 0
5106.880000 0.001951 0
5110.240000 0.003111 0
5113.600000 -0.000603 0
5116.960000 -0.001025 0
5120.320000 -0.002893 0
5123.680000 -0.000860 0
5127.040000 -0.000487 0
5130.400000 0.001610 0
5133.760000 -0.001076 0
5137.120000 -0.005061 0
5140.480000 -0.000265 0
5143.840000 0.001515 0
5147.200000 0.003703 0
5150.560000 0.005856 0
5153.920000 -0.000928 0
5157.280000 -0.002567 0
5160.640000 -0.001899 0
5164.000000 0.003199 0
5167.360000 0.003652 0
5170.720000 0.004689 0
5174.080000 0.004205 0
5177.440000 0.006729 0
5180.800000 0.002080 0
5184.160000 0.002384 0
5187.520000 0.000753 0
5190.880000 0.003818 0
5194.240000 0.001339 0
5197.600000 0.003397 0
5200.960000 0.005399 0
5204.320000 0.001267 0
5207.680000 0.002906 0
5211.040000 0.002209 0
5214.400000 -0.000702 0
5217.760000 0.003257 0
5221.120000 -0.001196 0
5224.480000 0.001686 0
5227.840000 0.002204 0
5231.200000 -0.002387 0
5234.560000 0.001691 0
5237.920000 0.000024 0
5241.280000 0.004953 0
5244.640000 0.003778 0
5248.000000 -0.004114 0
5251.360000 0.003136 0
5254.720000 -0.000123 0
5258.080000 0.000478 0
5261.440000 -0.002089 0
5264.800000 -0.004048 0
5268.160000 -0.001831 0
5271.520000 -0.000653 0
5274.880000 0.005752 0
5278.240000 0.005080 0
5281.600000 0.001131 0
5284.960000 0.001755 0
5288.320000 0.006524 0
5291.680000 -0.000074 0
5295.040000 0.001447 0
5298.400000 -0.000568 0
5301.760000 -0.003990 0
5305.120000 -0.000364 0
5308.480000 -0.001166 0
5311.840000 -0.000619 0
5315.200000 -0.006718 0
5318.560000 -0.007616 0
5321.920000 0.000254 0
5325.280000 0.001057 0
5328.640000 0.000074 0
5332.000000 -0.003260 0
5335.360000 0.000429 0
5338.720000 -0.002324 0
5342.080000 -0.001154 0
5345.440000 -0.000188 0
5348.800000 -0.001458 0
5352.160000 -0.003832 0
5355.520000 0.002675 0
5358.880000 -0.002710 0
5362.240000 0.002275 0
5365.600000 -0.001630 0
5368.960000 -0.006462 0
5372.320000 -0.005483 0
5375.680000 0.002116 0
5379.040000 -0.001253 0
5382.400000 -0.006568 0
5385.760000 -0.003100 0
5389.120000 0.000394 0
5392.480000 -0.000460 0
5395.840000 -0.005811 0
5399.200000 -0.006205 0
5402.560000 -0.000683 0
5405.920000 -0.001533 0
5409.280000 -0.003634 0
5412.640000 -0.001112 0
5416.000000 0.001297 0
5419.360000 -0.002853 0
5422.720000 -0.000376 0
5426.080000 -0.003518 0
5429.440000 -0.004101 0
5432.800000 -0.004306 0
5436.160000 -0.000687 0
5439.520000 0.001405 0
5442.880000 -0.001678 0
5446.240000 0.000772 0
5449.600000 0.001267 0
5452.960000 -0.001593 0
5456.320000 -0.005192 0
5459.680000 -0.002460 0
5463.040000 -0.004685 0
5466.400000 -0.002236 0
5469.760000 0.004651 0
5473.120000 0.004093 0
5476.480000 0.002078 0
5479.840000 -0.001689 0
5483.200000 0.003844 0
5486.560000 0.001784 0
5489.920000 0.000594 0
5493.280000 -0.003040 0
5496.640000 0.001066 0
5500.000000 -0.000665 0
5503.360000 0.002840 0
5506.720000 -0.001063 0
5510.080000 -0.003571 0
5513.440000 0.001237 0
5516.800000 -0.001457 0
5520.160000 -0.000448 0
5523.520000 -0.001916 0
5526.880000 -0.004336 0
5530.240000 -0.001575 0
5533.600000 -0.003595 0
5536.960000 -0.005334 0
5540.320000 0.001397 0
5543.680000 -0.002655 0
5547.040000 -0.003556 0
5550.400000 0.004699 0
5553.760000 0.002075 0
5557.120000 -0.002079 0
5560.480000 -0.008091 1
5563.840000 0.001208 1
5567.200000 -0.002504 1
5570.560000 -0.004142 1
5573.920000 -0.002541 1
5577.280000 -0.003178 1
5580.640000 0.015918 1
5584.000000 -0.024611 1
5587.360000 -0.008837 1
5590.720000 -0.005570 1
5594.080000 0.000054 1
5597.440000 -0.001630 0
5600.800000 -0.004824 0
5604.160000 -0.000470 0
5607.520000 0.003616 0
5610.880000 0.003256 0
5614.240000 -0.002406 0
5617.600000 -0.004945 0
5620.960000 0.002051 0
5624.320000 -0.004460 0
5627.680000 -0.002482 0
5631.040000 -0.003356 0
5634.400000 -0.001790 0
5637.760000 0.001275 0
5641.120000 -0.003470 0
5644.480000 -0.000470 0
5647.840000 0.001803 0
5651.200000 -0.004834 0
5654.560000 -0.000302 0
5657.920000 0.003330 0
5661.280000 -0.001129 0
5664.640000 -0.003374 0
5668.000000 -0.005162 0
5671.360000 -0.001893 0
5674.720000 -0.002116 0
5678.080000 -0.004692 0
5681.440000 -0.004791 0
5684.800000 0.000024 0
5688.160000 -0.004253 0
5691.520000 0.000191 0
5694.880000 -0.002057 0
5698.240000 -0.003660 0
5701.600000 -0.002499 0
5704.960000 0.003424 0
5708.320000 -0.001439 0
5711.680000 -0.000673 0
5715.040000 -0.005717 0
5718.400000 -0.001734 0
5721.760000 -0.001414 0
5725.120000 -0.001995 0
5728.480000 -0.002520 0
5731.840000 -0.001406 0
5735.200000 0.001640 0
5738.560000 -0.003107 0
5741.920000 -0.010970 0
5745.280000 -0.003169 0
5748.640000 0.000544 0
5752.000000 -0.001280 0
5755.360000 -0.006245 0
5758.720000 -0.001527 0
5762.080000 -0.002458 0
5765.440000 -0.005104 0
5768.800000 -0.006971 0
5772.160000 -0.008524 0
5775.520000 -0.002708 0
5778.880000 -0.001053 0
5782.240000 -0.007102 0
5785.600000 -0.002695 0
5788.960000 0.001209 0
5792.320000 0.001778 0
5795.680000 -0.004196 0
5799.040000 -0.000296 0
5802.400000 -0.004985 0
5805.760000 -0.005560 0
5809.120000 -0.005172 0
5812.480000 -0.000614 0
5815.840000 -0.000427 0
5819.200000 -0.004724 0
5822.560000 -0.003265 0
5825.920000 -0.006415 0
5829.280000 -0.003625 0
5832.640000 0.000387 0
5836.000000 0.000802 0
5839.360000 -0.004590 0
5842.720000 -0.001630 0
5846.080000 -0.004175 0
5849.440000 -0.002693 0
5852.800000 0.000831 0
5856.160000 -0.005294 0
5859.520000 -0.001824 0
5862.880000 -0.007400 0
5866.240000 -0.004032 0
5869.600000 -0.009454 0
5872.960000 -0.005634 0
5876.320000 -0.005097 0
5879.680000 0.000605 0
5883.040000 0.008111 0
5886.400000 0.001799 0
5889.760000 -0.006118 0
5893.120000 0.006045 0
5896.480000 -0.004074 0
5899.840000 -0.003345 0
5903.200000 -0.006392 0
5906.560000 -0.005290 0
5909.920000 -0.004277 0
5913.280000 -0.005987 0
5916.640000 -0.003551 0
5920.000000 -0.004649 0
5923.360000 -0.003348 0
5926.720000 -0.006097 0
5930.080000 -0.002486 0
5933.440000 -0.003368 0
5936.800000 -0.008245 0
5940.160000 -0.003532 0
5943.520000 -0.005411 0
5946.880000 -0.002092 0
5950.240000 -0.005051 0
5953.600000 -0.007373 0
5956.960000 0.002001 0
5960.320000 -0.001258 0
5963.680000 -0.007282 0
5967.040000 -0.003834 0
5970.400000 -0.005670 0
5973.760000 0.000358 0
5977.120000 -0.000778 0
5980.480000 -0.006688 0
5983.840000 -0.007942 0
5987.200000 0.000925 0
5990.560000 -0.000890 0
5993.920000 -0.003347 0
5997.280000 -0.001891 0
6000.640000 -0.004146 0
6004.000000 0.005529 0
6007.360000 0.000782 0
6010.720000 -0.002220 0
6014.080000 -0.005434 0
6017.440000 -0.006909 0
6020.800000 -0.004509 0
6024.160000 0.001439 0
6027.520000 -0.002352 0
6030.880000 -0.002648 0
6034.240000 0.001876 0
6037.600000 -0.003864 0
6040.960000 -0.008282 0
6044.320000 -0.006851 0
6047.680000 -0.002410 0
6051.040000 -0.004732 0
6054.400000 -0.004381 0
6057.760000 0.000577 0
6061.120000 -0.005614 0
6064.480000 -0.002187 0
6067.840000 -0.002936 0
6071.200000 -0.002207 0
6074.560000 -0.000462 0
6077.920000 -0.000289 0
6081.280000 -0.001028 0
6084.640000 -0.001515 0
6088.000000 -0.003540 0
6091.360000 0.002820 0
6094.720000 -0.002568 0
6098.080000 -0.006769 0
6101.440000 -0.002421 0
6104.800000 -0.004139 0
6108.160000 -0.006883 0
6111.520000 -0.003105 0
6114.880000 -0.002431 0
6118.240000 0.000677 0
6121.600000 -0.000821 0
6124.960000 -0.002153 0
6128.320000 0.001134 0
6131.680000 0.000641 0
6135.040000 0.001263 0
6138.400000 0.000442 0
6141.760000 -0.002448 0
6145.120000 -0.000417 0
6148.480000 0.000572 0
6151.840000 -0.001848 0
6155.200000 -0.004055 0
6158.560000 -0.000252 0
6161.920000 0.003831 0
6165.280000 0.000397 0
6168.640000 -0.000699 0
6172.000000 -0.000627 0
6175.360000 0.001014 0
6178.720000 0.001346 0
6182.080000 -0.004096 0
6185.440000 0.000960 0
6188.800000 -0.002836 0
6192.160000 0.003366 0
6195.520000 0.001944 0
6198.880000 -0.000136 0
6202.240000 0.007476 0
6205.600000 -0.000210 0
6208.960000 0.002260 0
6212.320000 -0.000041 0
6215.680000 0.002282 0
6219.040000 0.004044 0
6222.400000 -0.002058 0
6225.760000 0.002567 0
6229.120000 0.000103 0
6232.480000 0.000251 0
6235.840000 0.005072 0
6239.200000 0.001924 0
6242.560000 0.003112 0
6245.920000 -0.002140 0
6249.280000 0.001886 0
6252.640000 -0.000637 0
6256.000000 -0.006725 0
6259.360000 0.001536 0
6262.720000 -0.001937 0
6266.080000 0.001069 0
6269.440000 -0.000300 0
6272.800000 0.002181 0
6276.160000 0.001697 0
6279.520000 0.005818 0
6282.880000 -0.000135 0
6286.240000 -0.002808 0
6289.600000 -0.003674 0
6292.960000 -0.006512 0
6296.320000 -0.008643 0
6299.680000 0.002122 0
6303.040000 -0.008260 0
6306.400000 -0.001163 0
6309.760000 -0.002806 0
6313.120000 0.000957 0
6316.480000 0.000853 0
6319.840000 -0.005406 0
6323.200000 -0.001691 0
6326.560000 -0.000680 0
6329.920000 -0.008635 0
6333.280000 -0.005109 0
6336.640000 -0.004471 0
6340.000000 -0.003592 0
6343.360000 -0.002968 0
6346.720000 -0.010539 0
6350.080000 -0.002006 0
6353.440000 -0.006953 0
6356.800000 -0.005997 0
6360.160000 0.002707 0
6363.520000 -0.000093 0
6366.880000 -0.004462 0
6370.240000 0.004228 0
6373.600000 -0.004507 0
6376.960000 0.001230 0
6380.320000 -0.001596 0
6383.680000 -0.002436 0
6387.040000 -0.007763 0
6390.400000 -0.008327 0
6393.760000 -0.009756 0
6397.120000 -0.007374 0
6400.480000 -0.004581 0
6403.840000 -0.002726 0
6407.200000 0.000785 0
6410.560000 -0.003502 0
6413.920000 -0.000959 0
6417.280000 -0.001710 0
6420.640000 0.000256 0
6424.000000 -0.007353 0
6427.360000 -0.001379 0
6430.720000 -0.003207 0
6434.080000 -0.005008 0
6437.440000 -0.009698 0
6440.800000 -0.006690 0
6444.160000 -0.004374 0
6447.520000 -0.004974 0
6450.880000 -0.004258 0
6454.240000 -0.007760 0
6457.600000 -0.007289 0
6460.960000 -0.010138 0
6464.320000 -0.004686 0
6467.680000 -0.009164 0
6471.040000 -0.010027 0
6474.400000 -0.009523 0
6477.760000 -0.007023 0
6481.120000 -0.002380 0
6484.480000 -0.002841 0
6487.840000 -0.002432 0
6491.200000 -0.004831 0
6494.560000 -0.001978 0
6497.920000 -0.008218 0
6501.280000 -0.003321 0
6504.640000 -0.003532 0
6508.000000 -0.006494 0
6511.360000 -0.008957 0
6514.720000 -0.001659 0
6518.080000 0.001462 0
6521.440000 0.001144 0
6524.800000 -0.002065 0
6528.160000 0.000433 0
6531.520000 -0.002384 0
6534.880000 0.002429 0
6538.240000 -0.009497 0
6541.600000 -0.009542 0
6544.960000 -0.003195 0
6548.320000 -0.011895 0
6551.680000 -0.003720 0
6555.040000 -0.003417 0
6558.400000 -0.001917 0
6561.760000 -0.003330 0
6565.120000 -0.010473 0
6568.480000 -0.008989 0
6571.840000 -0.006427 0
6575.200000 -0.004915 0
6578.560000 -0.007516 0
6581.920000 -0.008276 0
6585.280000 -0.000995 0
6588.640000 -0.009049 0
6592.000000 -0.001454 0
6595.360000 -0.002064 0
6598.720000 0.001644 0
6602.080000 0.001681 0
6605.440000 0.003676 0
6608.800000 -0.001961 0
6612.160000 -0.006067 0
6615.520000 -0.007226 0
6618.880000 -0.009773 0
6622.240000 -0.008468 0
6625.600000 -0.001299 0
6628.960000 -0.001225 0
6632.320000 -0.010096 0
6635.680000 -0.005392 0
6639.040000 -0.001663 0
6642.400000 -0.003019 0
6645.760000 -0.003633 0
6649.120000 -0.004044 0
6652.480000 -0.005160 0
6655.840000 -0.005847 0
6659.200000 -0.003564 0
6662.560000 -0.005418 0
6665.920000 -0.006461 0
6669.280000 -0.006905 0
6672.640000 -0.010023 0
6676.000000 -0.007655 0
6679.360000 -0.001649 0
6682.720000 -0.003740 0
6686.080000 -0.008710 0
6689.440000 -0.006115 0
6692.800000 -0.003590 0
6696.160000 -0.003644 0
6699.520000 -0.008765 0
6702.880000 -0.007736 0
6706.240000 -0.005092 0
6709.600000 -0.008625 0
6712.960000 -0.008120 0
6716.320000 -0.003832 0
6719.680000 -0.003750 0
6723.040000 -0.001878 0
6726.400000 -0.001227 0
6729.760000 -0.002859 0
6733.120000 -0.004301 0
6736.480000 -0.004069 0
6739.840000 -0.005366 0
6743.200000 -0.002628 0
6746.560000 -0.003053 0
6749.920000 -0.002067 0
6753.280000 -0.003319 0
6756.640000 -0.001005 0
6760.000000 0.002720 0
6763.360000 -0.001326 0
6766.720000 -0.002122 0
6770.080000 -0.002261 0
6773.440000 0.003760 0
6776.800000 -0.001645 0
6780.160000 0.000028 0
6783.520000 -0.004601 0
6786.880000 -0.005434 0
6790.240000 -0.004353 0
6793.600000 -0.002839 0
6796.960000 -0.002309 0
6800.320000 -0.007950 0
6803.680000 -0.004970 0
6807.040000 -0.002378 0
6810.400000 -0.003042 0
6813.760000 -0.006466 0
6817.120000 -0.006872 1
6820.480000 -0.005185 1
6823.840000 -0.002528 1
6827.200000 0.007623 1
6830.560000 -0.002961 1
6833.920000 -0.004233 1
6837.280000 -0.007381 1
6840.640000 -0.003727 0
6844.000000 0.004369 0
6847.360000 -0.003028 0
6850.720000 -0.000251 0
6854.080000 0.001620 0
6857.440000 -0.002259 0
6860.800000 -0.006138 0
6864.160000 -0.008682 0
6867.520000 -0.004646 0
6870.880000 -0.003483 0
6874.240000 -0.003142 0
6877.600000 -0.004898 0
6880.960000 -0.007450 0
6884.320000 -0.004066 0
6887.680000 -0.003268 0
6891.040000 -0.000116 0
6894.400000 -0.002755 0
6897.760000 -0.001934 0
6901.120000 -0.001714 0
6904.480000 -0.011089 0
6907.840000 -0.000580 0
6911.200000 -0.003138 0
6914.560000 -0.001427 0
6917.920000 -0.006990 0
6921.280000 -0.002393 0
6924.640000 -0.005546 0
6928.000000 -0.004956 0
6931.360000 -0.005787 0
6934.720000 0.000809 0
6938.080000 -0.005408 0
6941.440000 0.000121 0
6944.800000 0.000814 0
6948.160000 -0.005868 0
6951.520000 -0.003546 0
6954.880000 -0.001552 0
6958.240000 -0.001644 0
6961.600000 -0.005381 0
6964.960000 -0.004785 0
6968.320000 0.000092 0
6971.680000 0.002251 0
6975.040000 -0.004962 0
6978.400000 -0.004191 0
6981.760000 -0.005874 0
6985.120000 -0.001415 0
6988.480000 -0.003129 0
6991.840000 -0.004539 0
6995.200000 -0.003692 0
6998.560000 -0.007561 0
7001.920000 -0.008318 0
7005.280000 -0.007574 0
7008.640000 -0.002713 0
7012.000000 0.000045 0
7015.360000 -0.001061 0
7018.720000 0.000026 0
7022.080000 -0.001004 0
7025.440000 -0.000944 0
7028.800000 0.003219 0
7032.160000 0.000050 0
7035.520000 -0.003798 0
7038.880000 -0.004099 0
7042.240000 -0.005431 0
7045.600000 -0.002362 0
7048.960000 0.001561 0
7052.320000 0.000941 0
7055.680000 0.001947 0
7059.040000 0.000756 0
7062.400000 -0.001304 0
7065.760000 0.001114 0
7069.120000 -0.002314 0
7072.480000 -0.000859 0
7075.840000 -0.001241 0
7079.200000 -0.001739 0
7082.560000 0.000911 0
7085.920000 0.000161 0
7089.280000 -0.002899 0
7092.640000 -0.006117 0
7096.000000 -0.006410 0
7099.360000 -0.005128 0
7102.720000 -0.008897 0
7106.080000 -0.006553 0
7109.440000 -0.005175 0
7112.800000 -0.003992 0
7116.160000 -0.007966 0
7119.520000 -0.008974 0
7122.880000 -0.001052 0
7126.240000 -0.007641 0
7129.600000 -0.003460 0
7132.960000 -0.002933 0
7136.320000 -0.005799 0
7139.680000 -0.000578 0
7143.040000 -0.006267 0
7146.400000 -0.003054 0
7149.760000 -0.002375 0
7153.120000 -0.006323 0
7156.480000 -0.004506 0
7159.840000 -0.005023 0
7163.200000 -0.006833 0
7166.560000 -0.005058 0
7169.920000 -0.009176 0
7173.280000 -0.003780 0
7176.640000 -0.006909 0
7180.000000 -0.007876 0
7183.360000 -0.001507 0
7186.720000 -0.005849 0
7190.080000 -0.010025 0
7193.440000 -0.003486 0
7196.800000 -0.002154 0
7200.160000 -0.006982 0
7203.520000 -0.005604 0
7206.880000 -0.009958 0
7210.240000 -0.005209 0
7213.600000 -0.001936 0
7216.960000 -0.000416 0
7220.320000 -0.002804 0
7223.680000 -0.006521 0
7227.040000 -0.005572 0
7230.400000 -0.003111 0
7233.760000 -0.011090 0
7237.120000 -0.004025 0
7240.480000 -0.003642 0
7243.840000 -0.013667 0
7247.200000 -0.001660 0
7250.560000 -0.011048 0
7253.920000 0.001384 0
7257.280000 -0.011139 0
7260.640000 -0.004749 0
7264.000000 -0.004215 0
7267.360000 -0.007365 0
7270.720000 -0.013618 0
7274.080000 -0.005853 0
7277.440000 -0.007829 0
7280.800000 0.009391 0
7284.160000 -0.004990 0
7287.520000 -0.004664 0
7290.880000 -0.000116 0
7294.240000 -0.005025 0
7297.600000 -0.001079 0
7300.960000 -0.006021 0
7304.320000 -0.006382 0
7307.680000 -0.011031 0
7311.040000 -0.001960 0
7314.400000 -0.005248 0
7317.760000 0.000214 0
7321.120000 0.003621 0
7324.480000 0.005226 0
7327.840000 0.003736 0
7331.200000 -0.000438 0
7334.560000 -0.006093 0
7337.920000 -0.001900 0
7341.280000 -0.000133 0
7344.640000 -0.003290 0
7348.000000 -0.003672 0
7351.360000 -0.008835 0
7354.720000 -0.004879 0
7358.080000 -0.008608 0
7361.440000 -0.011175 0
7364.800000 -0.003438 0
7368.160000 0.002600 0
7371.520000 0.001947 0
7374.880000 -0.000047 0
7378.240000 -0.003140 0
7381.600000 -0.006742 0
7384.960000 0.001598 0
7388.320000 -0.002182 0
7391.680000 0.001788 0
7395.040000 -0.000460 0
7398.400000 0.002272 0
7401.760000 0.001107 0
7405.120000 0.003859 0
7408.480000 -0.009139 0
7411.840000 -0.005096 0
7415.200000 -0.007478 0
7418.560000 -0.006665 0
7421.920000 -0.009076 0
7425.280000 -0.001687 0
7428.640000 0.001719 0
7432.000000 -0.001001 0
7435.360000 0.000803 0
7438.720000 0.000521 0
7442.080000 -0.002670 0
7445.440000 -0.000493 0
7448.800000 -0.004074 0
7452.160000 -0.004606 0
7455.520000 -0.003172 0
7458.880000 -0.005284 0
7462.240000 -0.005531 0
7465.600000 -0.006349 0
7468.960000 -0.007070 0
7472.320000 -0.005511 0
7475.680000 -0.010035 0
7479.040000 -0.008087 0
7482.400000 -0.005168 0
7485.760000 -0.006877 0
7489.120000 -0.009910 0
7492.480000 -0.008050 0
7495.840000 -0.005850 0
7499.200000 -0.006651 0
7502.560000 -0.003658 0
7505.920000 -0.005689 0
7509.280000 -0.012287 0
7512.640000 -0.008962 0
7516.000000 -0.008712 0
7519.360000 -0.002007 0
7522.720000 -0.002002 0
7526.080000 -0.002522 0
7529.440000 0.000641 0
7532.800000 -0.008218 0
7536.160000 -0.003245 0
7539.520000 -0.000102 0
7542.880000 -0.004685 0
7546.240000 -0.004283 0
7549.600000 -0.002062 0
7552.960000 -0.003489 0
7556.320000 -0.003946 0
7559.680000 -0.000598 0
7563.040000 -0.005390 0
7566.400000 -0.005032 0
7569.760000 -0.000759 0
7573.120000 -0.005076 0
7576.480000 -0.011663 0
7579.840000 -0.017861 0
7583.200000 -0.015539 0
7586.560000 -0.010070 0
7589.920000 -0.014402 0
7593.280000 -0.007980 0
7596.640000 -0.011600 0
7600.000000 -0.008603 0
7603.360000 -0.017169 0
7606.720000 -0.021624 0
7610.080000 -0.022139 0
7613.440000 -0.025491 0
7616.800000 -0.004367 0
7620.160000 -0.007018 0
7623.520000 -0.008511 0
7626.880000 -0.007706 0
7630.240000 -0.016265 0
7633.600000 -0.014582 0
7636.960000 -0.007008 0
7640.320000 -0.010163 0
7643.680000 -0.019811 0
7647.040000 -0.019300 0
7650.400000 -0.013566 0
7653.760000 -0.015513 0
7657.120000 -0.011573 0
7660.480000 -0.011172 0
7663.840000 -0.014155 0
7667.200000 -0.015216 0
7670.560000 -0.003503 0
7673.920000 -0.011615 0
7677.280000 -0.014986 0
7680.640000 -0.002735 0
7684.000000 -0.007009 0
7687.360000 -0.009568 0
7690.720000 -0.006493 0
7694.080000 -0.010351 0
7697.440000 -0.008180 0
7700.800000 -0.015077 0
7704.160000 -0.014613 0
7707.520000 -0.009653 0
7710.880000 -0.000833 0
7714.240000 -0.001279 0
7717.600000 -0.006954 0
7720.960000 -0.007802 0
7724.320000 -0.012528 0
7727.680000 -0.015398 0
7731.040000 -0.013478 0
7734.400000 -0.015915 0
7737.760000 -0.017953 0
7741.120000 -0.018244 0
7744.480000 -0.016426 0
7747.840000 -0.010444 0
7751.200000 0.000000 1
7754.560000 0.000000 1
7757.920000 0.000000 1
7761.280000 0.000000 1
7764.640000 0.000000 1
7768.000000 0.000000 1
7771.360000 0.000000 1
7774.720000 0.000000 1
7778.080000 0.000000 1
7781.440000 0.000000 1
7784.800000 0.000000 1
7788.160000 0.000000 1
7791.520000 0.000000 1
7794.880000 0.000000 1
7798.240000 0.000000 1
7801.600000 0.000000 1
7804.960000 0.000000 1
7808.320000 0.000000 1
7811.680000 0.000000 1
7815.040000 0.000000 1
7818.400000 0.000000 1
7821.760000 0.000000 1
7825.120000 0.000000 1
7828.480000 0.000000 1
7831.840000 0.000000 1
7835.200000 0.000000 1
7838.560000 0.000000 1
7841.920000 0.000000 1
7845.280000 0.000000 1
7848.640000 0.000000 1
7852.000000 0.000000 1
7855.360000 0.000000 1
7858.720000 0.000000 1
7862.080000 0.000000 1
7865.440000 0.000000 1
7868.800000 0.000000 1
7872.160000 0.000000 1
7875.520000 0.000000 1
7878.880000 0.000000 1
7882.240000 0.000000 1
7885.600000 0.000000 1
7888.960000 0.000000 1
7892.320000 0.000000 1
7895.680000 0.000000 1
7899.040000 0.000000 1
7902.400000 0.000000 1
7905.760000 0.000000 1
7909.120000 0.000000 1
7912.480000 0.000000 1
7915.840000 0.000000 1
7919.200000 0.000000 1
7922.560000 0.000000 1
7925.920000 0.000000 1
7929.280000 0.000000 1
7932.640000 0.000000 1
7936.000000 0.000000 1
7939.360000 0.000000 1
7942.720000 0.000000 1
7946.080000 0.000000 1
7949.440000 0.000000 1
7952.800000 0.000000 1
7956.160000 0.000000 1
7959.520000 0.000000 1
7962.880000 0.000000 1
7966.240000 0.000000 1
7969.600000 0.000000 1
7972.960000 0.000000 1
7976.320000 0.000000 1
7979.680000 0.000000 1
7983.040000 0.000000 1
7986.400000 0.000000 1
7989.760000 0.000000 1
7993.120000 0.000000 1
7996.480000 0.000000 1
7999.840000 0.000000 1
8003.200000 0.000000 1
8006.560000 0.000000 1
8009.920000 0.000000 1
8013.280000 0.000000 1
8016.640000 0.000000 1
8020.000000 0.000000 1
8023.360000 0.000000 1
8026.720000 0.000000 1
8030.080000 0.000000 1
8033.440000 0.000000 1
8036.800000 0.000000 1
8040.160000 0.000000 1
8043.520000 0.000000 1
8046.880000 0.000000 1
8050.240000 0.000000 1
8053.600000 0.000000 1
8056.960000 0.000000 1
8060.320000 0.000000 1
8063.680000 0.000000 1
8067.040000 0.000000 1
8070.400000 0.000000 1
8073.760000 0.000000 1
8077.120000 0.000000 1
8080.480000 0.000000 1
8083.840000 0.000000 1
8087.200000 0.000000 1
8090.560000 0.000000 1
8093.920000 0.000000 1
8097.280000 0.000000 1
8100.640000 0.000000 1
8104.000000 0.000000 1
8107.360000 0.000000 1
8110.720000 0.000000 1
8114.080000 0.000000 1
8117.440000 0.000000 1
8120.800000 0.000000 1
8124.160000 0.000000 1
8127.520000 0.000000 1
8130.880000 0.000000 1
8134.240000 0.000000 1
8137.600000 0.000000 1
8140.960000 0.000000 1
8144.320000 0.000000 1
8147.680000 0.000000 1
8151.040000 0.000000 1
8154.400000 0.000000 1
8157.760000 0.000000 1
8161.120000 0.000000 1
8164.480000 0.000000 1
8167.840000 0.000000 1
8171.200000 0.000000 1
8174.560000 0.000000 1
8177.920000 0.000000 1
8181.280000 0.000000 1
8184.640000 0.000000 1
8188.000000 0.000000 1
8191.360000 0.000000 1
8194.720000 0.000000 1
8198.080000 0.000000 1
8201.440000 0.000000 1
8204.800000 0.000000 1
8208.160000 0.000000 1
8211.520000 0.000000 1
8214.880000 0.000000 1
8218.240000 0.000000 1
8221.600000 0.000000 1
8224.960000 0.000000 1
8228.320000 0.000000 1
8231.680000 0.000000 1
8235.040000 0.000000 1
8238.400000 0.000000 1
8241.760000 0.000000 1
8245.120000 0.000000 1
8248.480000 0.000000 1
8251.840000 0.000000 1
8255.200000 0.000000 1
8258.560000 0.000000 1
8261.920000 0.000000 1
8265.280000 0.000000 1
8268.640000 0.000000 1
8272.000000 0.000000 1
8275.360000 0.000000 1
8278.720000 0.000000 1
8282.080000 0.000000 1
8285.440000 0.000000 1
8288.800000 0.000000 1
8292.160000 0.000000 1
8295.520000 0.000000 1
8298.880000 0.000000 1
8302.240000 0.000000 1
8305.600000 0.000000 1
8308.960000 0.000000 1
8312.320000 0.000000 1
8315.680000 0.000000 1
8319.040000 0.000000 1
8322.400000 0.000000 1
8325.760000 0.000000 1
8329.120000 0.000000 1
8332.480000 0.000000 1
8335.840000 0.000000 1
8339.200000 0.000000 1
8342.560000 0.000000 1
8345.920000 0.000000 1
8349.280000 0.000000 1
8352.640000 0.000000 1
8356.000000 0.000000 1
8359.360000 0.000000 1
8362.720000 0.000000 1
8366.080000 0.000000 1
8369.440000 0.000000 1
8372.800000 0.000000 1
8376.160000 0.000000 1
8379.520000 0.000000 1
8382.880000 0.000000 1
8386.240000 0.000000 1
8389.600000 0.000000 1
8392.960000 0.000000 1
8396.320000 0.000000 1
8399.680000 0.000000 1
8403.040000 0.000000 1
8406.400000 0.000000 1
8409.760000 0.000000 1
8413.120000 0.000000 1
8416.480000 0.000000 1
8419.840000 0.000000 1
8423.200000 0.000000 1
8426.560000 0.000000 1
8429.920000 0.000000 1
8433.280000 0.000000 1
8436.640000 0.000000 1
8440.000000 0.000000 1
8443.360000 0.000000 1
8446.720000 0.000000 1
8450.080000 0.000000 1
8453.440000 0.000000 1
8456.800000 0.000000 1
8460.160000 0.000000 1
8463.520000 0.000000 1
8466.880000 0.000000 1
8470.240000 0.000000 1
8473.600000 0.000000 1
8476.960000 0.000000 1
8480.320000 0.000000 1
8483.680000 0.000000 1
8487.040000 0.000000 1
8490.400000 0.000000 1
8493.760000 0.000000 1
8497.120000 0.000000 1
8500.480000 0.000000 1
8503.840000 0.000000 1
8507.200000 0.000000 1
8510.560000 0.000000 1
8513.920000 0.000000 1
8517.280000 0.000000 1
8520.640000 0.000000 1
8524.000000 0.000000 1
8527.360000 0.000000 1
8530.720000 0.000000 1
8534.080000 0.000000 1
8537.440000 0.000000 1
8540.800000 0.000000 1
8544.160000 0.000000 1
8547.520000 0.000000 1
8550.880000 0.000000 1
8554.240000 0.000000 1
8557.600000 0.000000 1
8560.960000 0.000000 1
8564.320000 0.000000 1
8567.680000 0.000000 1
8571.040000 0.000000 1
8574.400000 0.000000 1
8577.760000 0.000000 1
8581.120000 0.000000 1
8584.480000 0.000000 1
8587.840000 0.000000 1
8591.200000 0.000000 1
8594.560000 0.000000 1
8597.920000 0.000000 1
8601.280000 0.000000 1
8604.640000 0.000000 1
8608.000000 0.000000 1
8611.360000 0.000000 1
8614.720000 0.000000 1
8618.080000 0.000000 1
8621.440000 0.000000 1
8624.800000 0.000000 1
8628.160000 0.000000 1
8631.520000 0.000000 1
8634.880000 0.000000 1
8638.240000 0.000000 1
8641.600000 0.000000 1
8644.960000 0.000000 1
8648.320000 0.000000 1
8651.680000 0.000000 1
8655.040000 0.000000 1
8658.400000 0.000000 1
8661.760000 0.000000 1
8665.120000 0.000000 1
8668.480000 0.000000 1
8671.840000 0.000000 1
8675.200000 0.000000 1
8678.560000 0.000000 1
8681.920000 0.000000 1
8685.280000 0.000000 1
8688.640000 0.000000 1
8692.000000 0.000000 1
8695.360000 0.000000 1
8698.720000 0.000000 1
8702.080000 0.000000 1
8705.440000 0.000000 1
8708.800000 0.000000 1
8712.160000 0.000000 1
8715.520000 0.000000 1
8718.880000 0.000000 1
8722.240000 0.000000 1
8725.600000 0.000000 1
8728.960000 0.000000 1
8732.320000 0.000000 1
8735.680000 0.000000 1
8739.040000 0.000000 1
8742.400000 0.000000 1
8745.760000 0.000000 1
8749.120000 0.000000 1
8752.480000 0.000000 1
8755.840000 0.000000 1
8759.200000 0.000000 1
8762.560000 0.000000 1
8765.920000 0.000000 1
8769.280000 0.000000 1
8772.640000 0.000000 1
8776.000000 0.000000 1
8779.360000 0.000000 1
8782.720000 0.000000 1
8786.080000 0.000000 1
8789.440000 0.000000 1
8792.800000 0.000000 1
8796.160000 0.000000 1
8799.520000 0.000000 1
8802.880000 0.000000 1
8806.240000 0.000000 1
8809.600000 0.000000 1
8812.960000 0.000000 1
8816.320000 0.000000 1
8819.680000 0.000000 1
8823.040000 0.000000 1
8826.400000 0.000000 1
8829.760000 0.000000 1
8833.120000 0.000000 1
8836.480000 0.000000 1
8839.840000 0.000000 1
8843.200000 0.000000 1
8846.560000 0.000000 1
8849.920000 0.000000 1
8853.280000 0.000000 1
8856.640000 0.000000 1
8860.000000 0.000000 1
8863.360000 0.000000 1
8866.720000 0.000000 1
8870.080000 0.000000 1
8873.440000 0.000000 1
8876.800000 0.000000 1
8880.160000 0.000000 1
8883.520000 0.000000 1
8886.880000 0.000000 1
8890.240000 0.000000 1
8893.600000 0.000000 1
8896.960000 0.000000 1
8900.320000 0.000000 1
8903.680000 0.000000 1
8907.040000 0.000000 1
8910.400000 0.000000 1
8913.760000 0.000000 1
8917.120000 0.000000 1
8920.480000 0.000000 1
8923.840000 0.000000 1
8927.200000 0.000000 1
8930.560000 0.000000 1
8933.920000 0.000000 1
8937.280000 0.000000 1
8940.640000 0.000000 1
8944.000000 0.000000 1
8947.360000 0.000000 1
8950.720000 0.000000 1
8954.080000 0.000000 1
8957.440000 0.000000 1
8960.800000 0.000000 1
8964.160000 0.000000 1
8967.520000 0.000000 1
8970.880000 0.000000 1
8974.240000 0.000000 1
8977.600000 0.000000 1
8980.960000 0.000000 1
8984.320000 0.000000 1
8987.680000 0.000000 1
8991.040000 0.000000 1
8994.400000 0.000000 1
8997.760000 0.000000 1
9001.120000 0.000000 1
9004.480000 0.000000 1
9007.840000 0.000000 1
9011.200000 0.000000 1
9014.560000 0.000000 1
9017.920000 0.000000 1
9021.280000 0.000000 1
9024.640000 0.000000 1
9028.000000 0.000000 1
9031.360000 0.000000 1
9034.720000 0.000000 1
9038.080000 0.000000 1
9041.440000 0.000000 1
9044.800000 0.000000 1
9048.160000 0.000000 1
9051.520000 0.000000 1
9054.880000 0.000000 1
9058.240000 0.000000 1
9061.600000 0.000000 1
9064.960000 0.000000 1
9068.320000 0.000000 1
9071.680000 0.000000 1
9075.040000 0.000000 1
9078.400000 0.000000 1
9081.760000 0.000000 1
9085.120000 0.000000 1
9088.480000 0.000000 1
9091.840000 0.000000 1
9095.200000 0.000000 1
9098.560000 0.000000 1
9101.920000 0.000000 1
9105.280000 0.000000 1
9108.640000 0.000000 1
9112.000000 0.000000 1
9115.360000 0.000000 1
9118.720000 0.000000 1
9122.080000 0.000000 1
9125.440000 0.000000 1
9128.800000 0.000000 1
9132.160000 0.000000 1
9135.520000 0.000000 1
9138.880000 0.000000 1
9142.240000 0.000000 1
9145.600000 0.000000 1
9148.960000 0.000000 1
9152.320000 0.000000 1
9155.680000 0.000000 1
9159.040000 0.000000 1
9162.400000 0.000000 1
9165.760000 0.000000 1
9169.120000 0.000000 1
9172.480000 0.000000 1
9175.840000 0.000000 1
9179.200000 0.000000 1
9182.560000 0.000000 1
9185.920000 0.000000 1
9189.280000 0.000000 1
9192.640000 0.000000 1
9196.000000 0.000000 1
9199.360000 0.000000 1
9202.720000 0.000000 1
9206.080000 0.000000 1
9209.440000 0.000000 1
9212.800000 0.000000 1
9216.160000 0.000000 1
9219.520000 0.000000 1
9222.880000 0.000000 1
9226.240000 0.000000 1
9229.600000 0.000000 1
9232.960000 0.000000 1
9236.320000 0.000000 1
9239.680000 0.000000 1
9243.040000 0.000000 1
9246.400000 0.000000 1
9249.760000 0.000000 1
