# obs: 255718
# slit: 31
# z: 0.95893
# lines: MgII,[OII]
# spec: 627
4451.680000 0.000000 1
4455.040000 0.000000 1
4458.400000 0.000000 1
4461.760000 0.000000 1
4465.120000 0.000000 1
4468.479999 0.000000 1
4471.839999 0.000000 1
4475.199999 0.000000 1
4478.559999 0.000000 1
4481.919999 0.000000 1
4485.279999 0.000000 1
4488.639999 0.000000 1
4491.999999 0.000000 1
4495.359999 0.000000 1
4498.719999 0.000000 1
4502.079998 0.000000 1
4505.439998 0.000000 1
4508.799998 0.000000 1
4512.159998 0.000000 1
4515.519998 0.000000 1
4518.879998 0.000000 1
4522.239998 0.022414 0
4525.599998 0.056535 0
4528.959998 0.042382 0
4532.319997 0.027703 0
4535.679997 0.014120 0
4539.039997 0.005379 0
4542.399997 0.019902 0
4545.759997 0.025642 0
4549.119997 0.044814 0
4552.479997 0.045055 0
4555.839997 0.026487 0
4559.199997 0.031247 0
4562.559997 0.022575 0
4565.919996 0.021357 0
4569.279996 0.022118 0
4572.639996 0.012413 0
4575.999996 0.025728 0
4579.359996 0.042717 0
4582.719996 0.036439 0
4586.079996 0.016815 0
4589.439996 0.035201 0
4592.799996 0.011926 0
4596.159995 0.044280 0
4599.519995 0.034602 0
4602.879995 0.026209 0
4606.239995 0.041663 0
4609.599995 0.052414 0
4612.959995 0.036166 0
4616.319995 0.015174 0
4619.679995 0.016012 0
4623.039995 0.025928 0
4626.399995 0.009854 0
4629.759994 0.032458 0
4633.119994 0.025008 0
4636.479994 0.021725 0
4639.839994 0.039394 0
4643.199994 0.033390 0
4646.559994 0.003320 0
4649.919994 0.027372 0
4653.279994 0.038277 0
4656.639994 0.018887 0
4659.999993 0.000200 0
4663.359993 0.017243 0
4666.719993 -0.008577 0
4670.079993 0.062840 0
4673.439993 0.021798 0
4676.799993 0.036203 0
4680.159993 0.014550 0
4683.519993 0.032205 0
4686.879993 0.012228 0
4690.239993 0.023503 0
4693.599992 0.033050 0
4696.959992 0.025384 0
4700.319992 0.018248 0
4703.679992 0.013915 0
4707.039992 0.005481 0
4710.399992 0.021360 0
4713.759992 0.024857 0
4717.119992 0.016771 0
4720.479992 0.016473 0
4723.839992 0.033180 0
4727.199991 0.027083 0
4730.559991 0.013628 0
4733.919991 0.011655 0
4737.279991 0.011285 0
4740.639991 0.021915 0
4743.999991 0.033437 0
4747.359991 0.032184 0
4750.719991 0.021135 0
4754.079991 0.044971 0
4757.439990 0.036687 0
4760.799990 0.036897 0
4764.159990 0.023712 0
4767.519990 0.023262 0
4770.879990 0.023133 0
4774.239990 0.024269 0
4777.599990 0.024876 0
4780.959990 0.040441 0
4784.319990 0.025586 0
4787.679990 0.005431 0
4791.039989 0.026373 0
4794.399989 0.028357 0
4797.759989 0.028089 0
4801.119989 0.021509 0
4804.479989 0.037237 0
4807.839989 0.015656 0
4811.199989 0.033302 0
4814.559989 0.026198 0
4817.919989 0.017273 0
4821.279988 0.021188 0
4824.639988 0.031818 0
4827.999988 0.017337 0
4831.359988 -0.003394 0
4834.719988 0.002981 0
4838.079988 0.034739 0
4841.439988 0.024880 0
4844.799988 0.028570 0
4848.159988 0.021999 0
4851.519988 0.026906 0
4854.879987 0.042090 0
4858.239987 0.028402 0
4861.599987 0.029764 0
4864.959987 0.031646 0
4868.319987 0.038010 0
4871.679987 0.037582 0
4875.039987 0.047536 0
4878.399987 0.026767 0
4881.759987 0.024665 0
4885.119986 0.017779 0
4888.479986 0.013075 0
4891.839986 0.005907 0
4895.199986 0.022299 0
4898.559986 0.029070 0
4901.919986 0.015239 0
4905.279986 0.021535 0
4908.639986 0.018337 0
4911.999986 0.035035 0
4915.359986 0.035657 0
4918.719985 0.037104 0
4922.079985 0.034875 0
4925.439985 0.032117 0
4928.799985 0.026778 0
4932.159985 0.021699 0
4935.519985 0.020700 0
4938.879985 0.013978 0
4942.239985 0.027337 0
4945.599985 0.022667 0
4948.959984 0.037286 0
4952.319984 0.025348 0
4955.679984 0.024256 0
4959.039984 0.038197 0
4962.399984 0.029299 0
4965.759984 0.023933 0
4969.119984 0.022316 0
4972.479984 0.025553 0
4975.839984 0.021557 0
4979.199984 0.029762 0
4982.559983 0.021459 0
4985.919983 0.029437 0
4989.279983 0.027673 0
4992.639983 0.030366 0
4995.999983 0.026311 0
4999.359983 0.007930 0
5002.719983 0.011016 0
5006.079983 0.033855 0
5009.439983 0.035390 0
5012.799982 0.016141 0
5016.159982 0.019312 0
5019.519982 0.025001 0
5022.879982 0.024965 0
5026.239982 0.025390 0
5029.599982 0.037687 0
5032.959982 0.033267 0
5036.319982 0.030022 0
5039.679982 0.046396 0
5043.039982 0.044636 0
5046.399981 0.042313 0
5049.759981 0.017614 0
5053.119981 0.016297 0
5056.479981 0.036833 0
5059.839981 0.028027 0
5063.199981 0.039902 0
5066.559981 0.016259 0
5069.919981 0.033100 0
5073.279981 0.037356 0
5076.639980 0.012976 0
5079.999980 0.035947 0
5083.359980 0.019513 0
5086.719980 0.006731 0
5090.079980 0.014875 0
5093.439980 0.032911 0
5096.799980 0.028447 0
5100.159980 0.029632 0
5103.519980 0.009300 0
5106.879980 0.019463 0
5110.239979 0.021535 0
5113.599979 0.026751 0
5116.959979 0.020484 0
5120.319979 0.036287 0
5123.679979 0.020237 0
5127.039979 0.024876 0
5130.399979 0.023529 0
5133.759979 0.014471 0
5137.119979 0.040373 0
5140.479978 0.008886 0
5143.839978 0.021608 0
5147.199978 0.052678 0
5150.559978 0.045064 0
5153.919978 0.042842 0
5157.279978 0.018088 0
5160.639978 0.015670 0
5163.999978 0.018132 0
5167.359978 0.030984 0
5170.719978 0.023412 0
5174.079977 0.027066 0
5177.439977 0.038469 0
5180.799977 0.018580 0
5184.159977 0.014616 0
5187.519977 0.017015 0
5190.879977 0.046841 0
5194.239977 0.057184 0
5197.599977 0.017691 0
5200.959977 0.002850 0
5204.319977 0.005277 0
5207.679976 0.025921 0
5211.039976 0.037647 0
5214.399976 0.032892 0
5217.759976 0.009726 0
5221.119976 0.021125 0
5224.479976 0.026824 0
5227.839976 0.014599 0
5231.199976 0.021720 0
5234.559976 0.015378 0
5237.919975 0.012545 0
5241.279975 0.033337 0
5244.639975 0.026414 0
5247.999975 0.045161 0
5251.359975 0.030696 0
5254.719975 0.012023 0
5258.079975 0.028058 0
5261.439975 0.035159 0
5264.799975 0.030305 0
5268.159975 0.014864 0
5271.519974 0.016803 0
5274.879974 0.026074 0
5278.239974 0.038834 0
5281.599974 0.037166 0
5284.959974 0.020078 0
5288.319974 0.021035 0
5291.679974 0.031199 0
5295.039974 0.018327 0
5298.399974 0.030706 0
5301.759973 0.027848 0
5305.119973 0.035529 0
5308.479973 0.022535 0
5311.839973 0.029298 0
5315.199973 0.037872 0
5318.559973 0.026099 0
5321.919973 0.039037 0
5325.279973 0.028619 0
5328.639973 0.026801 0
5331.999973 0.024752 0
5335.359972 0.012346 0
5338.719972 0.039730 0
5342.079972 0.040882 0
5345.439972 0.011185 0
5348.799972 0.019683 0
5352.159972 0.038684 0
5355.519972 0.023745 0
5358.879972 0.024756 0
5362.239972 0.017328 0
5365.599971 0.007028 0
5368.959971 0.032839 0
5372.319971 0.026798 0
5375.679971 0.021970 0
5379.039971 0.015928 0
5382.399971 0.016115 0
5385.759971 0.019254 0
5389.119971 0.028773 0
5392.479971 0.032644 0
5395.839971 0.032399 0
5399.199970 0.026547 0
5402.559970 0.025560 0
5405.919970 0.020685 0
5409.279970 0.020110 0
5412.639970 0.011338 0
5415.999970 0.022980 0
5419.359970 0.022549 0
5422.719970 0.024895 0
5426.079970 0.029048 0
5429.439969 0.015002 0
5432.799969 0.048270 0
5436.159969 0.024681 0
5439.519969 0.032141 0
5442.879969 0.026091 0
5446.239969 0.009147 0
5449.599969 0.029051 0
5452.959969 0.029310 0
5456.319969 0.024849 0
5459.679969 0.006168 0
5463.039968 0.014426 0
5466.399968 0.029518 0
5469.759968 0.003110 0
5473.119968 0.015253 0
5476.479968 0.026107 0
5479.839968 0.001743 0
5483.199968 0.004427 0
5486.559968 0.012790 0
5489.919968 0.020065 0
5493.279967 0.029425 0
5496.639967 0.017593 0
5499.999967 0.018591 0
5503.359967 0.005169 0
5506.719967 0.027391 0
5510.079967 0.040962 0
5513.439967 0.031798 0
5516.799967 0.025972 0
5520.159967 0.026183 0
5523.519967 0.035162 0
5526.879966 0.015900 0
5530.239966 0.012578 0
5533.599966 0.030669 0
5536.959966 0.046152 0
5540.319966 0.021786 0
5543.679966 0.018607 0
5547.039966 0.027630 0
5550.399966 0.011930 0
5553.759966 0.031104 0
5557.119965 0.027220 0
5560.479965 0.030004 1
5563.839965 0.016562 1
5567.199965 0.035351 1
5570.559965 -0.003087 1
5573.919965 0.019718 1
5577.279965 0.097385 1
5580.639965 0.105513 1
5583.999965 -0.010436 1
5587.359965 0.025771 1
5590.719964 0.017658 1
5594.079964 0.018254 1
5597.439964 0.027328 1
5600.799964 0.022403 1
5604.159964 0.034779 1
5607.519964 0.032403 1
5610.879964 0.007857 0
5614.239964 0.031681 0
5617.599964 0.036780 0
5620.959963 0.020709 0
5624.319963 0.039389 0
5627.679963 0.038210 0
5631.039963 0.035187 0
5634.399963 0.016151 0
5637.759963 0.033362 0
5641.119963 0.043064 0
5644.479963 0.014172 0
5647.839963 0.025554 0
5651.199963 0.029316 0
5654.559962 0.033060 0
5657.919962 0.051463 0
5661.279962 0.042570 0
5664.639962 0.010092 0
5667.999962 0.010700 0
5671.359962 0.036496 0
5674.719962 0.056270 0
5678.079962 0.034431 0
5681.439962 0.013834 0
5684.799962 0.011711 0
5688.159961 0.012020 0
5691.519961 0.017314 0
5694.879961 0.016623 0
5698.239961 0.015519 0
5701.599961 0.036500 0
5704.959961 0.020928 0
5708.319961 0.044612 0
5711.679961 0.022562 0
5715.039961 0.024542 0
5718.399960 0.022851 0
5721.759960 0.024521 0
5725.119960 0.035102 0
5728.479960 0.026516 0
5731.839960 0.028419 0
5735.199960 0.029484 0
5738.559960 0.027521 0
5741.919960 0.005113 0
5745.279960 0.023021 0
5748.639960 0.022344 0
5751.999959 0.027897 0
5755.359959 0.016236 0
5758.719959 0.027093 0
5762.079959 0.021624 0
5765.439959 0.024432 0
5768.799959 0.042280 0
5772.159959 0.013585 0
5775.519959 0.015795 0
5778.879959 0.020617 0
5782.239958 0.019277 0
5785.599958 0.030466 0
5788.959958 0.021345 0
5792.319958 0.034692 0
5795.679958 0.031794 0
5799.039958 0.012168 0
5802.399958 0.011777 0
5805.759958 0.023491 0
5809.119958 0.036108 0
5812.479958 0.029083 0
5815.839957 0.007521 0
5819.199957 0.016988 0
5822.559957 0.036161 0
5825.919957 0.020748 0
5829.279957 0.015083 0
5832.639957 0.026019 0
5835.999957 0.037447 0
5839.359957 0.016921 0
5842.719957 0.023799 0
5846.079956 0.025291 0
5849.439956 0.017745 0
5852.799956 0.032789 0
5856.159956 0.036330 0
5859.519956 0.029038 0
5862.879956 0.011118 0
5866.239956 0.034348 0
5869.599956 0.018421 0
5872.959956 0.008634 0
5876.319956 0.025159 0
5879.679955 0.034768 0
5883.039955 0.027649 0
5886.399955 0.047926 0
5889.759955 0.009835 0
5893.119955 0.001895 0
5896.479955 0.019793 0
5899.839955 -0.003285 0
5903.199955 0.012176 0
5906.559955 0.028416 0
5909.919954 0.014322 0
5913.279954 0.000032 0
5916.639954 0.006461 0
5919.999954 0.036928 0
5923.359954 0.042523 0
5926.719954 0.024030 0
5930.079954 0.026263 0
5933.439954 0.028249 0
5936.799954 0.041240 0
5940.159954 0.024864 0
5943.519953 0.015977 0
5946.879953 0.027334 0
5950.239953 0.029006 0
5953.599953 0.030379 0
5956.959953 0.030775 0
5960.319953 0.008917 0
5963.679953 0.018831 0
5967.039953 0.036777 0
5970.399953 0.036786 0
5973.759952 0.035961 0
5977.119952 0.034062 0
5980.479952 0.018354 0
5983.839952 0.011968 0
5987.199952 0.028123 0
5990.559952 0.016494 0
5993.919952 0.016414 0
5997.279952 0.038432 0
6000.639952 0.026621 0
6003.999952 0.021485 0
6007.359951 0.013963 0
6010.719951 0.019567 0
6014.079951 0.023896 0
6017.439951 0.013757 0
6020.799951 0.033999 0
6024.159951 0.017872 0
6027.519951 0.021645 0
6030.879951 0.023995 0
6034.239951 0.016215 0
6037.599950 0.003322 0
6040.959950 0.014414 0
6044.319950 0.020793 0
6047.679950 0.042676 0
6051.039950 0.023636 0
6054.399950 0.020561 0
6057.759950 0.023710 0
6061.119950 0.020188 0
6064.479950 0.023822 0
6067.839950 0.030331 0
6071.199949 0.037583 0
6074.559949 0.021375 0
6077.919949 0.019356 0
6081.279949 0.008830 0
6084.639949 0.019110 0
6087.999949 0.024741 0
6091.359949 0.032071 0
6094.719949 0.049072 0
6098.079949 0.028786 0
6101.439948 -0.001365 0
6104.799948 0.023969 0
6108.159948 0.009905 0
6111.519948 0.006727 0
6114.879948 0.023807 0
6118.239948 0.026906 0
6121.599948 0.012452 0
6124.959948 0.034653 0
6128.319948 0.028910 0
6131.679948 0.010789 0
6135.039947 0.035612 0
6138.399947 0.023560 0
6141.759947 0.010536 0
6145.119947 0.019360 0
6148.479947 0.030602 0
6151.839947 0.032580 0
6155.199947 0.020896 0
6158.559947 0.016905 0
6161.919947 0.020798 0
6165.279947 0.040337 0
6168.639946 0.027073 0
6171.999946 0.025986 0
6175.359946 0.031111 0
6178.719946 0.036182 0
6182.079946 0.030113 0
6185.439946 0.022872 0
6188.799946 0.015633 0
6192.159946 0.025539 0
6195.519946 0.041986 0
6198.879945 0.035426 0
6202.239945 0.035679 0
6205.599945 0.020815 0
6208.959945 0.034333 0
6212.319945 0.029718 0
6215.679945 0.023597 0
6219.039945 0.030060 0
6222.399945 0.035497 0
6225.759945 0.009851 0
6229.119945 0.018643 0
6232.479944 0.036774 0
6235.839944 0.025888 0
6239.199944 0.030258 0
6242.559944 0.016752 0
6245.919944 0.006779 0
6249.279944 0.024671 0
6252.639944 0.027780 0
6255.999944 0.025323 0
6259.359944 0.038973 0
6262.719943 0.028136 0
6266.079943 0.034769 0
6269.439943 0.019381 0
6272.799943 0.024963 0
6276.159943 0.035222 0
6279.519943 0.025362 0
6282.879943 0.014194 0
6286.239943 0.029919 0
6289.599943 0.020253 0
6292.959943 0.027514 0
6296.319942 0.025592 0
6299.679942 0.030493 0
6303.039942 0.036296 0
6306.399942 0.014654 0
6309.759942 0.009350 0
6313.119942 0.010864 0
6316.479942 0.015742 0
6319.839942 0.018437 0
6323.199942 0.050458 0
6326.559941 0.044148 0
6329.919941 0.023798 0
6333.279941 0.010303 0
6336.639941 0.026805 0
6339.999941 0.014358 0
6343.359941 0.015644 0
6346.719941 0.030108 0
6350.079941 0.027315 0
6353.439941 0.004833 0
6356.799941 0.031534 0
6360.159940 0.018525 0
6363.519940 0.010216 0
6366.879940 0.028720 0
6370.239940 0.017935 0
6373.599940 0.019633 0
6376.959940 0.025342 0
6380.319940 0.019590 0
6383.679940 0.010658 0
6387.039940 0.024651 0
6390.399939 0.029588 0
6393.759939 0.043881 0
6397.119939 0.030185 0
6400.479939 0.010915 0
6403.839939 0.019502 0
6407.199939 0.022807 0
6410.559939 0.023792 0
6413.919939 0.025729 0
6417.279939 0.022946 0
6420.639939 0.025815 0
6423.999938 0.019076 0
6427.359938 0.023510 0
6430.719938 0.027925 0
6434.079938 0.035723 0
6437.439938 0.034111 0
6440.799938 0.008818 0
6444.159938 0.007487 0
6447.519938 0.004624 0
6450.879938 0.014048 0
6454.239937 0.031429 0
6457.599937 0.025571 0
6460.959937 0.033750 0
6464.319937 0.022016 0
6467.679937 0.002465 0
6471.039937 -0.003385 0
6474.399937 0.010364 0
6477.759937 0.028417 0
6481.119937 0.021768 0
6484.479937 0.030179 0
6487.839936 0.025891 0
6491.199936 0.023750 0
6494.559936 0.026035 0
6497.919936 0.031618 0
6501.279936 0.034336 0
6504.639936 0.021228 0
6507.999936 0.032573 0
6511.359936 0.021721 0
6514.719936 0.024716 0
6518.079935 0.031293 0
6521.439935 0.020965 0
6524.799935 0.031569 0
6528.159935 0.045402 0
6531.519935 0.002048 0
6534.879935 -0.003566 0
6538.239935 0.021313 0
6541.599935 0.013891 0
6544.959935 0.037763 0
6548.319935 0.021983 0
6551.679934 0.019418 0
6555.039934 0.027973 0
6558.399934 0.009170 0
6561.759934 0.013374 0
6565.119934 0.022290 0
6568.479934 0.025575 0
6571.839934 0.026844 0
6575.199934 0.019153 0
6578.559934 0.008394 0
6581.919933 0.014821 0
6585.279933 0.012261 0
6588.639933 0.031971 0
6591.999933 0.021100 0
6595.359933 0.024128 0
6598.719933 0.024341 0
6602.079933 0.010748 0
6605.439933 0.038701 0
6608.799933 0.023884 0
6612.159933 0.018231 0
6615.519932 0.010754 0
6618.879932 0.031721 0
6622.239932 0.019654 0
6625.599932 0.014924 0
6628.959932 0.019631 0
6632.319932 0.032157 0
6635.679932 0.017858 0
6639.039932 0.014085 0
6642.399932 0.026466 0
6645.759932 0.024508 0
6649.119931 0.022127 0
6652.479931 0.021251 0
6655.839931 0.021374 0
6659.199931 0.028628 0
6662.559931 0.015467 0
6665.919931 0.015384 0
6669.279931 0.043459 0
6672.639931 0.015776 0
6675.999931 0.024228 0
6679.359930 0.022495 0
6682.719930 0.005495 0
6686.079930 0.021061 0
6689.439930 0.009392 0
6692.799930 0.027033 0
6696.159930 0.028851 0
6699.519930 0.026478 0
6702.879930 0.044500 0
6706.239930 0.027402 0
6709.599930 0.020971 0
6712.959929 0.035011 0
6716.319929 0.019426 0
6719.679929 0.010963 0
6723.039929 0.014221 0
6726.399929 0.018528 0
6729.759929 0.021251 0
6733.119929 0.031578 0
6736.479929 0.043143 0
6739.839929 0.035569 0
6743.199928 0.025581 0
6746.559928 0.022792 0
6749.919928 0.013426 0
6753.279928 0.021955 0
6756.639928 0.023130 0
6759.999928 0.044124 0
6763.359928 0.016110 0
6766.719928 0.014530 0
6770.079928 0.009334 0
6773.439928 0.031365 0
6776.799927 0.036179 0
6780.159927 0.043021 0
6783.519927 0.032073 0
6786.879927 0.026229 0
6790.239927 0.019886 0
6793.599927 0.019311 0
6796.959927 0.023333 0
6800.319927 0.025219 0
6803.679927 0.024716 0
6807.039926 0.018647 0
6810.399926 0.028047 0
6813.759926 0.041494 0
6817.119926 0.025027 0
6820.479926 0.014340 0
6823.839926 0.025097 0
6827.199926 0.037512 0
6830.559926 0.012997 0
6833.919926 0.037876 0
6837.279926 -0.000769 0
6840.639925 0.023842 0
6843.999925 0.016774 0
6847.359925 0.009652 0
6850.719925 0.021347 0
6854.079925 0.034458 0
6857.439925 0.036679 0
6860.799925 0.042402 0
6864.159925 0.013156 0
6867.519925 0.023695 0
6870.879924 0.002484 0
6874.239924 0.009123 0
6877.599924 0.011170 0
6880.959924 0.031100 0
6884.319924 0.024322 0
6887.679924 0.019623 0
6891.039924 0.016034 0
6894.399924 0.030326 0
6897.759924 0.027228 0
6901.119924 0.029451 0
6904.479923 0.018684 0
6907.839923 0.025156 0
6911.199923 0.022368 0
6914.559923 0.026236 0
6917.919923 0.029123 0
6921.279923 0.039323 0
6924.639923 0.020228 0
6927.999923 0.016406 0
6931.359923 0.022217 0
6934.719922 0.023885 0
6938.079922 0.029044 0
6941.439922 0.023794 0
6944.799922 0.030471 0
6948.159922 0.016308 0
6951.519922 0.020107 0
6954.879922 0.004905 0
6958.239922 0.010327 0
6961.599922 0.028924 0
6964.959922 0.015045 0
6968.319921 0.026166 0
6971.679921 0.022729 0
6975.039921 0.028519 0
6978.399921 0.013507 0
6981.759921 0.021051 0
6985.119921 -0.000147 0
6988.479921 0.016837 0
6991.839921 0.021815 0
6995.199921 0.016817 0
6998.559920 0.005345 0
7001.919920 0.010563 0
7005.279920 0.022583 0
7008.639920 0.009237 0
7011.999920 0.022655 0
7015.359920 0.023183 0
7018.719920 -0.001803 0
7022.079920 0.021644 0
7025.439920 0.018671 0
7028.799920 0.015212 0
7032.159919 0.013234 0
7035.519919 0.018574 0
7038.879919 0.027630 0
7042.239919 0.025276 0
7045.599919 0.021670 0
7048.959919 0.027681 0
7052.319919 0.024228 0
7055.679919 0.029731 0
7059.039919 0.009376 0
7062.399918 0.008999 0
7065.759918 0.025392 0
7069.119918 0.038867 0
7072.479918 0.007337 0
7075.839918 -0.004980 0
7079.199918 0.027387 0
7082.559918 0.026256 0
7085.919918 0.028542 0
7089.279918 0.001277 0
7092.639918 0.012600 0
7095.999917 0.018345 0
7099.359917 0.018675 0
7102.719917 0.027236 0
7106.079917 0.018481 0
7109.439917 0.024539 0
7112.799917 0.011427 0
7116.159917 0.008075 0
7119.519917 0.005297 0
7122.879917 0.023395 0
7126.239916 0.024620 0
7129.599916 0.024699 0
7132.959916 0.018797 0
7136.319916 0.019866 0
7139.679916 0.034024 0
7143.039916 0.022976 0
7146.399916 0.035005 0
7149.759916 0.035419 0
7153.119916 0.019003 0
7156.479916 0.022363 0
7159.839915 0.016536 0
7163.199915 0.022030 0
7166.559915 0.018895 0
7169.919915 0.032010 0
7173.279915 0.016680 0
7176.639915 0.014031 0
7179.999915 0.017480 0
7183.359915 0.033102 0
7186.719915 0.018953 0
7190.079915 0.036255 0
7193.439914 0.023967 0
7196.799914 0.032044 0
7200.159914 0.015120 0
7203.519914 0.013958 0
7206.879914 0.050075 0
7210.239914 0.021378 0
7213.599914 0.025546 0
7216.959914 0.017231 0
7220.319914 0.015240 0
7223.679913 0.010036 0
7227.039913 0.024008 0
7230.399913 0.029770 0
7233.759913 0.041439 0
7237.119913 0.032135 0
7240.479913 0.020335 0
7243.839913 0.057571 0
7247.199913 0.021780 0
7250.559913 0.019839 0
7253.919913 0.023797 0
7257.279912 0.025629 0
7260.639912 0.037542 0
7263.999912 0.026007 0
7267.359912 0.022704 0
7270.719912 0.042921 0
7274.079912 0.015495 0
7277.439912 0.041272 0
7280.799912 0.035291 0
7284.159912 0.025561 0
7287.519911 0.037245 0
7290.879911 0.048805 0
7294.239911 0.072437 0
7297.599911 0.077114 0
7300.959911 0.057060 0
7304.319911 0.061390 0
7307.679911 0.033995 0
7311.039911 0.031495 0
7314.399911 0.023837 0
7317.759911 0.006873 0
7321.119910 0.028748 0
7324.479910 0.032615 0
7327.839910 -0.003582 0
7331.199910 0.015232 0
7334.559910 0.017199 0
7337.919910 0.010241 0
7341.279910 0.060270 0
7344.639910 0.033367 0
7347.999910 0.040941 0
7351.359909 0.017512 0
7354.719909 0.013991 0
7358.079909 0.018026 0
7361.439909 0.055754 0
7364.799909 0.068462 0
7368.159909 0.036786 0
7371.519909 0.023991 0
7374.879909 0.017541 0
7378.239909 0.036829 0
7381.599909 0.027570 0
7384.959908 0.014178 0
7388.319908 0.026593 0
7391.679908 0.031870 0
7395.039908 0.043816 0
7398.399908 0.020929 0
7401.759908 0.051604 0
7405.119908 0.057885 0
7408.479908 0.029074 0
7411.839908 0.034958 0
7415.199907 0.024829 0
7418.559907 0.020451 0
7421.919907 0.034481 0
7425.279907 0.014411 0
7428.639907 0.037352 0
7431.999907 0.038007 0
7435.359907 0.007763 0
7438.719907 0.038530 0
7442.079907 0.034934 0
7445.439907 0.031202 0
7448.799906 0.020302 0
7452.159906 0.029781 0
7455.519906 0.025126 0
7458.879906 0.038738 0
7462.239906 0.021914 0
7465.599906 0.004547 0
7468.959906 0.009931 0
7472.319906 0.029965 0
7475.679906 0.053926 0
7479.039905 0.049709 0
7482.399905 0.023607 0
7485.759905 0.029083 0
7489.119905 0.053630 0
7492.479905 0.030868 0
7495.839905 0.038067 0
7499.199905 0.035105 0
7502.559905 0.033363 0
7505.919905 0.015571 0
7509.279905 0.027931 0
7512.639904 0.027008 0
7515.999904 0.027687 0
7519.359904 0.016498 0
7522.719904 0.016828 0
7526.079904 0.011967 0
7529.439904 0.022912 0
7532.799904 0.020567 0
7536.159904 0.046769 0
7539.519904 0.028701 0
7542.879903 0.027249 0
7546.239903 0.044498 0
7549.599903 0.038443 0
7552.959903 0.032932 0
7556.319903 0.031422 0
7559.679903 0.036105 0
7563.039903 0.049651 0
7566.399903 0.031019 0
7569.759903 0.028887 0
7573.119903 0.043190 0
7576.479902 0.046539 0
7579.839902 0.052790 0
7583.199902 0.033391 0
7586.559902 0.037423 0
7589.919902 0.046020 0
7593.279902 0.011491 0
7596.639902 0.016318 0
7599.999902 0.023576 0
7603.359902 0.014321 0
7606.719901 -0.002101 0
7610.079901 0.007707 0
7613.439901 0.020378 0
7616.799901 0.043507 0
7620.159901 0.002233 0
7623.519901 0.006155 0
7626.879901 0.041145 0
7630.239901 0.028910 0
7633.599901 0.039800 0
7636.959901 0.051974 0
7640.319900 0.002874 0
7643.679900 0.030471 0
7647.039900 0.041669 0
7650.399900 0.044852 0
7653.759900 0.038657 0
7657.119900 0.030917 0
7660.479900 0.041932 0
7663.839900 0.033807 0
7667.199900 0.043248 0
7670.559900 0.043321 0
7673.919899 0.006468 0
7677.279899 0.021062 0
7680.639899 0.025145 0
7683.999899 0.034229 0
7687.359899 0.036060 0
7690.719899 0.019014 0
7694.079899 0.019618 0
7697.439899 0.038435 0
7700.799899 0.013982 0
7704.159898 0.002940 0
7707.519898 -0.000408 0
7710.879898 0.042310 0
7714.239898 0.028976 0
7717.599898 0.010446 0
7720.959898 0.030832 0
7724.319898 0.072165 0
7727.679898 0.026572 0
7731.039898 0.030933 0
7734.399898 0.017267 0
7737.759897 0.053070 0
7741.119897 0.039759 0
7744.479897 0.026319 0
7747.839897 0.037320 0
7751.199897 0.048735 0
7754.559897 0.006345 0
7757.919897 0.060964 0
7761.279897 0.001577 0
7764.639897 0.021651 0
7767.999896 0.038635 0
7771.359896 0.009809 0
7774.719896 0.016265 0
7778.079896 0.014738 0
7781.439896 0.027654 0
7784.799896 0.019190 0
7788.159896 0.009253 0
7791.519896 0.015030 0
7794.879896 0.017080 0
7798.239896 0.035868 0
7801.599895 0.035922 0
7804.959895 0.027728 0
7808.319895 0.050987 0
7811.679895 0.039309 0
7815.039895 0.010367 0
7818.399895 -0.009096 0
7821.759895 0.031497 0
7825.119895 0.021297 0
7828.479895 0.047989 0
7831.839894 0.046928 0
7835.199894 0.033204 0
7838.559894 0.018142 0
7841.919894 0.018839 0
7845.279894 0.050190 0
7848.639894 0.067155 0
7851.999894 0.054005 0
7855.359894 0.001165 0
7858.719894 0.040854 0
7862.079894 0.056381 0
7865.439893 0.022886 0
7868.799893 0.024579 0
7872.159893 0.052292 0
7875.519893 0.029239 0
7878.879893 0.048701 0
7882.239893 0.034912 0
7885.599893 0.038037 0
7888.959893 0.050781 0
7892.319893 0.055526 0
7895.679892 0.064069 0
7899.039892 0.023654 0
7902.399892 0.024549 0
7905.759892 0.027843 0
7909.119892 -0.003827 0
7912.479892 -0.002512 0
7915.839892 0.046418 0
7919.199892 0.064962 0
7922.559892 0.023032 0
7925.919892 0.081034 0
7929.279891 0.024500 0
7932.639891 0.053639 0
7935.999891 0.041624 0
7939.359891 0.028410 0
7942.719891 0.022549 0
7946.079891 0.022222 0
7949.439891 0.025581 0
7952.799891 0.021113 0
7956.159891 0.043960 0
7959.519890 0.044347 0
7962.879890 0.017771 0
7966.239890 0.006333 0
7969.599890 0.050120 0
7972.959890 0.039947 0
7976.319890 0.049500 0
7979.679890 0.038030 0
7983.039890 0.041211 0
7986.399890 0.030292 0
7989.759890 0.045961 0
7993.119889 0.014419 0
7996.479889 0.054186 0
7999.839889 0.025798 0
8003.199889 0.032671 0
8006.559889 0.042952 0
8009.919889 0.023325 0
8013.279889 0.032021 0
8016.639889 0.039346 0
8019.999889 0.015684 0
8023.359888 0.005554 0
8026.719888 0.040841 0
8030.079888 0.057457 0
8033.439888 0.042721 0
8036.799888 0.012323 0
8040.159888 0.025601 0
8043.519888 0.029130 0
8046.879888 0.026640 0
8050.239888 0.043389 0
8053.599888 0.038040 0
8056.959887 0.050921 0
8060.319887 0.038699 0
8063.679887 0.053029 0
8067.039887 0.042661 0
8070.399887 0.040704 0
8073.759887 0.031359 0
8077.119887 0.026211 0
8080.479887 0.022491 0
8083.839887 0.024492 0
8087.199886 0.026963 0
8090.559886 0.034432 0
8093.919886 0.032880 0
8097.279886 0.015414 0
8100.639886 0.046362 0
8103.999886 0.046882 0
8107.359886 0.030745 0
8110.719886 0.026725 0
8114.079886 0.016083 0
8117.439886 0.026835 0
8120.799885 0.035609 0
8124.159885 0.020329 0
8127.519885 0.028779 0
8130.879885 0.047437 0
8134.239885 0.035137 0
8137.599885 0.044754 0
8140.959885 0.028972 0
8144.319885 0.015776 0
8147.679885 0.034560 0
8151.039885 0.043397 0
8154.399884 0.050643 0
8157.759884 0.041286 0
8161.119884 0.033511 0
8164.479884 0.045022 0
8167.839884 0.041100 0
8171.199884 0.029999 0
8174.559884 0.030709 0
8177.919884 0.045466 0
8181.279884 0.037191 0
8184.639883 0.029922 0
8187.999883 0.024081 0
8191.359883 0.054907 0
8194.719883 0.044269 0
8198.079883 0.024918 0
8201.439883 0.047156 0
8204.799883 0.030950 0
8208.159883 0.023100 0
8211.519883 0.042907 0
8214.879883 0.024243 0
8218.239882 0.034910 0
8221.599882 0.024183 0
8224.959882 0.029030 0
8228.319882 0.045792 0
8231.679882 0.027342 0
8235.039882 0.049397 0
8238.399882 0.034108 0
8241.759882 0.037440 0
8245.119882 0.038319 0
8248.479881 0.053392 0
8251.839881 0.036297 0
8255.199881 0.029198 0
8258.559881 0.028243 0
8261.919881 0.048701 0
8265.279881 0.048826 0
8268.639881 0.029063 0
8271.999881 0.037254 0
8275.359881 0.015330 0
8278.719881 0.043386 0
8282.079880 0.011475 0
8285.439880 0.047099 0
8288.799880 0.054809 0
8292.159880 0.021419 0
8295.519880 0.028704 0
8298.879880 0.020368 0
8302.239880 0.050560 0
8305.599880 0.060559 0
8308.959880 0.046612 0
8312.319879 0.033153 0
8315.679879 0.044063 0
8319.039879 0.034016 0
8322.399879 0.025207 0
8325.759879 0.039316 0
8329.119879 0.053566 0
8332.479879 0.041624 0
8335.839879 -0.006346 0
8339.199879 -0.020540 0
8342.559879 0.073239 0
8345.919878 0.026018 0
8349.279878 0.043333 0
8352.639878 0.033961 0
8355.999878 0.052651 0
8359.359878 0.050567 0
8362.719878 0.048276 0
8366.079878 0.019424 0
8369.439878 0.035617 0
8372.799878 0.030041 0
8376.159877 0.006269 0
8379.519877 0.010910 0
8382.879877 0.029172 0
8386.239877 0.024443 0
8389.599877 0.022542 0
8392.959877 0.055640 0
8396.319877 0.048939 0
8399.679877 0.043617 0
8403.039877 0.023888 0
8406.399877 0.025502 0
8409.759876 0.015176 0
8413.119876 -0.001244 0
8416.479876 0.010616 0
8419.839876 0.061165 0
8423.199876 0.026973 0
8426.559876 0.001667 0
8429.919876 0.010707 0
8433.279876 0.041391 0
8436.639876 0.066925 0
8439.999875 0.074387 0
8443.359875 0.026302 0
8446.719875 0.018149 0
8450.079875 0.016380 0
8453.439875 0.039623 0
8456.799875 0.020482 0
8460.159875 -0.013169 0
8463.519875 0.061755 0
8466.879875 0.022736 0
8470.239875 0.074403 0
8473.599874 0.070344 0
8476.959874 0.020449 0
8480.319874 0.022884 0
8483.679874 0.021844 0
8487.039874 0.010557 0
8490.399874 0.023021 0
8493.759874 0.002936 0
8497.119874 0.027409 0
8500.479874 0.035025 0
8503.839873 0.063882 0
8507.199873 0.029784 0
8510.559873 -0.001891 0
8513.919873 0.022185 0
8517.279873 0.028811 0
8520.639873 0.039740 0
8523.999873 0.027488 0
8527.359873 0.040543 0
8530.719873 0.026588 0
8534.079873 0.030497 0
8537.439872 0.060815 0
8540.799872 0.030842 0
8544.159872 0.050053 0
8547.519872 0.063805 0
8550.879872 0.010368 0
8554.239872 0.011165 0
8557.599872 0.054594 0
8560.959872 0.049133 0
8564.319872 0.021883 0
8567.679871 0.041257 0
8571.039871 0.039816 0
8574.399871 0.036039 0
8577.759871 0.029992 0
8581.119871 0.021469 0
8584.479871 0.019860 0
8587.839871 0.036957 0
8591.199871 0.037092 0
8594.559871 0.047254 0
8597.919871 0.038905 0
8601.279870 0.032231 0
8604.639870 0.030613 0
8607.999870 0.023874 0
8611.359870 0.027705 0
8614.719870 0.040540 0
8618.079870 0.019580 0
8621.439870 0.016389 0
8624.799870 0.017063 0
8628.159870 0.024241 0
8631.519870 0.036616 0
8634.879869 0.004273 0
8638.239869 0.056790 0
8641.599869 0.043001 0
8644.959869 0.061152 0
8648.319869 0.013784 0
8651.679869 0.027473 0
8655.039869 0.016486 0
8658.399869 0.025487 0
8661.759869 0.001204 0
8665.119868 0.038094 0
8668.479868 0.061126 0
8671.839868 0.059858 0
8675.199868 0.033460 0
8678.559868 0.043627 0
8681.919868 0.020802 0
8685.279868 0.040489 0
8688.639868 0.023506 0
8691.999868 0.033296 0
8695.359868 0.026252 0
8698.719867 0.033619 0
8702.079867 0.030104 0
8705.439867 0.033540 0
8708.799867 0.018939 0
8712.159867 0.030009 0
8715.519867 0.048073 0
8718.879867 0.030469 0
8722.239867 0.040256 0
8725.599867 0.042911 0
8728.959866 0.028944 0
8732.319866 0.020873 0
8735.679866 0.037355 0
8739.039866 0.014764 0
8742.399866 0.019293 0
8745.759866 0.051864 0
8749.119866 0.036930 0
8752.479866 0.027602 0
8755.839866 0.033556 0
8759.199866 0.087880 0
8762.559865 0.049943 0
8765.919865 0.022986 0
8769.279865 -0.010651 0
8772.639865 0.033755 0
8775.999865 -0.019325 0
8779.359865 0.010626 0
8782.719865 -0.015713 0
8786.079865 0.021371 0
8789.439865 0.062811 0
8792.799864 0.074059 0
8796.159864 0.001882 0
8799.519864 0.034390 0
8802.879864 0.050999 0
8806.239864 0.042986 0
8809.599864 0.007311 0
8812.959864 0.036715 0
8816.319864 0.066609 0
8819.679864 0.078438 0
8823.039864 0.106466 0
8826.399863 0.066020 0
8829.759863 0.158018 0
8833.119863 0.018106 0
8836.479863 0.033452 0
8839.839863 -0.014414 0
8843.199863 0.038077 0
8846.559863 0.019332 0
8849.919863 0.031934 0
8853.279863 0.056278 0
8856.639862 0.031464 0
8859.999862 0.041207 0
8863.359862 0.046790 0
8866.719862 0.009994 0
8870.079862 0.001360 0
8873.439862 0.045748 0
8876.799862 0.037201 0
8880.159862 0.075376 0
8883.519862 0.119327 0
8886.879862 0.031782 0
8890.239861 0.051560 0
8893.599861 0.081155 0
8896.959861 0.041268 0
8900.319861 0.090562 0
8903.679861 -0.002516 0
8907.039861 -0.012517 0
8910.399861 0.072881 0
8913.759861 0.036525 0
8917.119861 0.088903 0
8920.479860 -0.003289 0
8923.839860 0.004292 0
8927.199860 0.020617 0
8930.559860 0.060192 0
8933.919860 0.045899 0
8937.279860 0.026913 0
8940.639860 0.046009 0
8943.999860 0.038426 0
8947.359860 0.014046 0
8950.719860 0.020934 0
8954.079859 0.053110 0
8957.439859 0.063943 0
8960.799859 0.035748 0
8964.159859 -0.023496 0
8967.519859 0.043399 0
8970.879859 0.041525 0
8974.239859 0.042490 0
8977.599859 0.047527 0
8980.959859 0.042848 0
8984.319858 0.027157 0
8987.679858 -0.024382 0
8991.039858 0.000840 0
8994.399858 0.032975 0
8997.759858 -0.007122 0
9001.119858 0.043306 0
9004.479858 0.084145 0
9007.839858 0.057487 0
9011.199858 0.026341 0
9014.559858 0.015752 0
9017.919857 0.048107 0
9021.279857 0.042637 0
9024.639857 0.033455 0
9027.999857 0.019341 0
9031.359857 0.027820 0
9034.719857 0.034064 0
9038.079857 0.025369 0
9041.439857 0.038192 0
9044.799857 0.051850 0
9048.159856 0.021351 0
9051.519856 0.041278 0
9054.879856 0.024489 0
9058.239856 0.060514 0
9061.599856 0.067188 0
9064.959856 0.063180 0
9068.319856 0.050517 0
9071.679856 0.053960 0
9075.039856 0.058279 0
9078.399856 0.035628 0
9081.759855 0.032852 0
9085.119855 0.027736 0
9088.479855 0.017161 0
9091.839855 0.034032 0
9095.199855 0.060615 0
9098.559855 0.008962 0
9101.919855 0.000102 0
9105.279855 0.026660 0
9108.639855 0.005517 0
9111.999855 0.026574 0
9115.359854 0.045695 0
9118.719854 0.035252 0
9122.079854 0.041843 0
9125.439854 0.036592 0
9128.799854 0.020716 0
9132.159854 0.016384 0
9135.519854 0.033757 0
9138.879854 0.028813 0
9142.239854 0.046434 0
9145.599853 0.030861 0
9148.959853 0.065144 0
9152.319853 0.072372 0
9155.679853 0.037216 0
9159.039853 0.053555 0
9162.399853 0.036185 0
9165.759853 0.028545 0
9169.119853 0.015179 0
9172.479853 0.029067 0
9175.839853 0.053134 0
9179.199852 0.032910 0
9182.559852 0.047113 0
9185.919852 0.033040 0
9189.279852 0.053273 0
9192.639852 0.043836 0
9195.999852 0.011380 0
9199.359852 0.036827 0
9202.719852 0.035254 0
9206.079852 0.028333 0
9209.439851 0.059374 0
9212.799851 0.024410 0
9216.159851 0.035591 0
9219.519851 0.016533 0
9222.879851 0.025657 0
9226.239851 0.037368 0
9229.599851 0.047439 0
9232.959851 0.036233 0
9236.319851 0.039396 0
9239.679851 0.069823 0
9243.039850 0.042602 0
9246.399850 0.043394 0
9249.759850 0.043151 0
