# obs: 255738
# slit: 33
# z: 0.63716
# lines: [OII],H9,H8,H,H{delta},H{beta},[OIII]
# spec: 191
4451.680000 0.000000 1
4455.040000 0.000000 1
4458.400000 0.000000 1
4461.760000 0.000000 1
4465.120000 0.000000 1
4468.480000 0.000000 1
4471.840000 0.000000 1
4475.200000 0.000000 1
4478.560000 0.000000 1
4481.920000 0.000000 1
4485.280000 0.000000 1
4488.640000 0.000000 1
4492.000000 0.000000 1
4495.360000 0.011892 0
4498.720000 0.046369 0
4502.080000 0.040945 0
4505.440000 0.037226 0
4508.800000 0.040927 0
4512.160000 0.029062 0
4515.520000 0.037139 0
4518.880000 0.025926 0
4522.240000 0.047560 0
4525.600000 0.040876 0
4528.960000 0.019446 0
4532.320000 0.031878 0
4535.680000 0.031899 0
4539.040000 0.033167 0
4542.400000 0.039323 0
4545.760000 0.031388 0
4549.120000 0.026284 0
4552.480000 0.036187 0
4555.840000 0.042296 0
4559.200000 0.032796 0
4562.560000 0.027725 0
4565.920000 0.039356 0
4569.280000 0.034574 0
4572.640000 0.021569 0
4576.000000 0.011862 0
4579.360000 0.021747 0
4582.720000 0.020306 0
4586.080000 0.013709 0
4589.440000 0.006774 0
4592.800000 0.020016 0
4596.160000 0.030289 0
4599.520000 0.022961 0
4602.880000 0.041092 0
4606.240000 0.045913 0
4609.600000 0.041931 0
4612.960000 0.037216 0
4616.320000 0.029559 0
4619.680000 0.025730 0
4623.040000 0.034241 0
4626.400000 0.039408 0
4629.760000 0.010644 0
4633.120000 0.041538 0
4636.480000 0.041822 0
4639.840000 0.024994 0
4643.200000 0.040100 0
4646.560000 0.039184 0
4649.920000 0.018318 0
4653.280000 0.007594 0
4656.640000 0.027955 0
4660.000000 0.033047 0
4663.360000 0.035291 0
4666.720000 0.039531 0
4670.080000 0.036637 0
4673.440000 0.035244 0
4676.800000 0.027717 0
4680.160000 0.027989 0
4683.520000 0.037229 0
4686.880000 0.025367 0
4690.240000 0.017778 0
4693.600000 0.025213 0
4696.960000 0.027876 0
4700.320000 0.034324 0
4703.680000 0.035740 0
4707.040000 0.041416 0
4710.400000 0.037797 0
4713.760000 0.039537 0
4717.120000 0.045603 0
4720.480000 0.036064 0
4723.840000 0.023576 0
4727.200000 0.029317 0
4730.560000 0.018986 0
4733.920000 0.041647 0
4737.280000 0.038932 0
4740.640000 0.039782 0
4744.000000 0.034690 0
4747.360000 0.041205 0
4750.720000 0.024350 0
4754.080000 0.025490 0
4757.440000 0.042683 0
4760.800000 0.045762 0
4764.160000 0.037336 0
4767.520000 0.024233 0
4770.880000 0.047332 0
4774.240000 0.039127 0
4777.600000 0.035579 0
4780.960000 0.037119 0
4784.320000 0.039124 0
4787.680000 0.036831 0
4791.040000 0.019752 0
4794.400000 0.029373 0
4797.760000 0.043024 0
4801.120000 0.050429 0
4804.480000 0.031714 0
4807.840000 0.037926 0
4811.200000 0.044928 0
4814.560000 0.045923 0
4817.920000 0.044439 0
4821.280000 0.039708 0
4824.640000 0.038214 0
4828.000000 0.040747 0
4831.360000 0.041826 0
4834.720000 0.053861 0
4838.080000 0.041698 0
4841.440000 0.040710 0
4844.800000 0.054640 0
4848.160000 0.048013 0
4851.520000 0.056046 0
4854.880000 0.037647 0
4858.240000 0.023887 0
4861.600000 0.034752 0
4864.960000 0.040186 0
4868.320000 0.028868 0
4871.680000 0.037069 0
4875.040000 0.037617 0
4878.400000 0.040301 0
4881.760000 0.028531 0
4885.120000 0.042015 0
4888.480000 0.029842 0
4891.840000 0.034256 0
4895.200000 0.042167 0
4898.560000 0.039999 0
4901.920000 0.041201 0
4905.280000 0.043774 0
4908.640000 0.033039 0
4912.000000 0.037561 0
4915.360000 0.041280 0
4918.720000 0.041795 0
4922.080000 0.040319 0
4925.440000 0.027778 0
4928.800000 0.031172 0
4932.160000 0.026269 0
4935.520000 0.039935 0
4938.880000 0.040622 0
4942.240000 0.049332 0
4945.600000 0.033177 0
4948.960000 0.037126 0
4952.320000 0.035936 0
4955.680000 0.040780 0
4959.040000 0.037155 0
4962.400000 0.030951 0
4965.760000 0.037654 0
4969.120000 0.043723 0
4972.480000 0.033077 0
4975.840000 0.030457 0
4979.200000 0.043988 0
4982.560000 0.046589 0
4985.920000 0.037427 0
4989.280000 0.036974 0
4992.640000 0.019740 0
4996.000000 0.038847 0
4999.360000 0.047299 0
5002.720000 0.036251 0
5006.080000 0.044794 0
5009.440000 0.049195 0
5012.800000 0.028100 0
5016.160000 0.033744 0
5019.520000 0.038037 0
5022.880000 0.043684 0
5026.240000 0.044718 0
5029.600000 0.042833 0
5032.960000 0.022936 0
5036.320000 0.042418 0
5039.680000 0.044705 0
5043.040000 0.031840 0
5046.400000 0.043176 0
5049.760000 0.040402 0
5053.120000 0.037022 0
5056.480000 0.046158 0
5059.840000 0.040691 0
5063.200000 0.040258 0
5066.560000 0.030905 0
5069.920000 0.024308 0
5073.280000 0.029535 0
5076.640000 0.041247 0
5080.000000 0.036374 0
5083.360000 0.030355 0
5086.720000 0.033446 0
5090.080000 0.034302 0
5093.440000 0.043612 0
5096.800000 0.051121 0
5100.160000 0.038605 0
5103.520000 0.032037 0
5106.880000 0.031798 0
5110.240000 0.041699 0
5113.600000 0.043398 0
5116.960000 0.041800 0
5120.320000 0.033442 0
5123.680000 0.047278 0
5127.040000 0.046785 0
5130.400000 0.040415 0
5133.760000 0.043151 0
5137.120000 0.040830 0
5140.480000 0.039216 0
5143.840000 0.040392 0
5147.200000 0.037557 0
5150.560000 0.040489 0
5153.920000 0.036455 0
5157.280000 0.043028 0
5160.640000 0.039423 0
5164.000000 0.030591 0
5167.360000 0.034353 0
5170.720000 0.022848 0
5174.080000 0.036902 0
5177.440000 0.045813 0
5180.800000 0.034442 0
5184.160000 0.036106 0
5187.520000 0.036481 0
5190.880000 0.045366 0
5194.240000 0.030110 0
5197.600000 0.016679 0
5200.960000 0.039798 0
5204.320000 0.042339 0
5207.680000 0.044295 0
5211.040000 0.028356 0
5214.400000 0.038699 0
5217.760000 0.027848 0
5221.120000 0.034013 0
5224.480000 0.038350 0
5227.840000 0.042547 0
5231.200000 0.037998 0
5234.560000 0.039118 0
5237.920000 0.031695 0
5241.280000 0.053533 0
5244.640000 0.042242 0
5248.000000 0.034017 0
5251.360000 0.026814 0
5254.720000 0.036140 0
5258.080000 0.039963 0
5261.440000 0.050145 0
5264.800000 0.040356 0
5268.160000 0.034403 0
5271.520000 0.047971 0
5274.880000 0.050808 0
5278.240000 0.044988 0
5281.600000 0.037807 0
5284.960000 0.024828 0
5288.320000 0.036124 0
5291.680000 0.030085 0
5295.040000 0.026689 0
5298.400000 0.033965 0
5301.760000 0.042303 0
5305.120000 0.038304 0
5308.480000 0.036372 0
5311.840000 0.034498 0
5315.200000 0.040464 0
5318.560000 0.031538 0
5321.920000 0.036296 0
5325.280000 0.043346 0
5328.640000 0.038653 0
5332.000000 0.036498 0
5335.360000 0.029524 0
5338.720000 0.038562 0
5342.080000 0.049358 0
5345.440000 0.051679 0
5348.800000 0.053054 0
5352.160000 0.045317 0
5355.520000 0.037804 0
5358.880000 0.051243 0
5362.240000 0.054585 0
5365.600000 0.037710 0
5368.960000 0.046007 0
5372.320000 0.038188 0
5375.680000 0.047144 0
5379.040000 0.034689 0
5382.400000 0.042926 0
5385.760000 0.038432 0
5389.120000 0.028301 0
5392.480000 0.032541 0
5395.840000 0.045809 0
5399.200000 0.036739 0
5402.560000 0.037361 0
5405.920000 0.040713 0
5409.280000 0.040696 0
5412.640000 0.030645 0
5416.000000 0.046964 0
5419.360000 0.028032 0
5422.720000 0.038758 0
5426.080000 0.042564 0
5429.440000 0.045381 0
5432.800000 0.046658 0
5436.160000 0.028573 0
5439.520000 0.042141 0
5442.880000 0.038914 0
5446.240000 0.033823 0
5449.600000 0.033742 0
5452.960000 0.041215 0
5456.320000 0.041724 0
5459.680000 0.042022 0
5463.040000 0.051368 0
5466.400000 0.034522 0
5469.760000 0.047646 0
5473.120000 0.057412 0
5476.480000 0.044067 0
5479.840000 0.044869 0
5483.200000 0.043136 0
5486.560000 0.044151 0
5489.920000 0.048789 0
5493.280000 0.045763 0
5496.640000 0.042844 0
5500.000000 0.048907 0
5503.360000 0.037328 0
5506.720000 0.027205 0
5510.080000 0.040256 0
5513.440000 0.017419 0
5516.800000 0.034244 0
5520.160000 0.043993 0
5523.520000 0.027040 0
5526.880000 0.040620 0
5530.240000 0.049248 0
5533.600000 0.042179 0
5536.960000 0.028561 0
5540.320000 0.022550 0
5543.680000 0.037769 0
5547.040000 0.035518 0
5550.400000 0.042244 0
5553.760000 0.042608 0
5557.120000 0.037811 0
5560.480000 0.036874 0
5563.840000 0.023889 1
5567.200000 0.045709 1
5570.560000 0.029577 1
5573.920000 0.019360 1
5577.280000 -0.003344 1
5580.640000 0.003048 1
5584.000000 0.025159 1
5587.360000 0.039276 1
5590.720000 0.027856 1
5594.080000 0.046711 1
5597.440000 0.032021 1
5600.800000 0.043849 0
5604.160000 0.037879 0
5607.520000 0.032130 0
5610.880000 0.035580 0
5614.240000 0.029741 0
5617.600000 0.045114 0
5620.960000 0.040716 0
5624.320000 0.033214 0
5627.680000 0.040835 0
5631.040000 0.038555 0
5634.400000 0.033448 0
5637.760000 0.034710 0
5641.120000 0.040785 0
5644.480000 0.039461 0
5647.840000 0.033519 0
5651.200000 0.043744 0
5654.560000 0.042525 0
5657.920000 0.037472 0
5661.280000 0.038035 0
5664.640000 0.041276 0
5668.000000 0.044973 0
5671.360000 0.040656 0
5674.720000 0.037587 0
5678.080000 0.042333 0
5681.440000 0.045298 0
5684.800000 0.039934 0
5688.160000 0.036385 0
5691.520000 0.029099 0
5694.880000 0.034156 0
5698.240000 0.030882 0
5701.600000 0.039495 0
5704.960000 0.035627 0
5708.320000 0.040455 0
5711.680000 0.034685 0
5715.040000 0.037114 0
5718.400000 0.041297 0
5721.760000 0.045335 0
5725.120000 0.031597 0
5728.480000 0.031399 0
5731.840000 0.041085 0
5735.200000 0.042606 0
5738.560000 0.036701 0
5741.920000 0.032690 0
5745.280000 0.039146 0
5748.640000 0.043356 0
5752.000000 0.051902 0
5755.360000 0.037697 0
5758.720000 0.031255 0
5762.080000 0.044487 0
5765.440000 0.039088 0
5768.800000 0.037228 0
5772.160000 0.036851 0
5775.520000 0.037669 0
5778.880000 0.039326 0
5782.240000 0.032938 0
5785.600000 0.032390 0
5788.960000 0.038847 0
5792.320000 0.028963 0
5795.680000 0.037485 0
5799.040000 0.038288 0
5802.400000 0.038104 0
5805.760000 0.051419 0
5809.120000 0.046141 0
5812.480000 0.039371 0
5815.840000 0.026501 0
5819.200000 0.024128 0
5822.560000 0.034667 0
5825.920000 0.047984 0
5829.280000 0.040313 0
5832.640000 0.038655 0
5836.000000 0.035345 0
5839.360000 0.043058 0
5842.720000 0.036653 0
5846.080000 0.046002 0
5849.440000 0.042030 0
5852.800000 0.042981 0
5856.160000 0.043261 0
5859.520000 0.041935 0
5862.880000 0.035210 0
5866.240000 0.041314 0
5869.600000 0.025613 0
5872.960000 0.034578 0
5876.320000 0.037000 0
5879.680000 0.044835 0
5883.040000 0.040514 0
5886.400000 0.025559 0
5889.760000 0.035452 0
5893.120000 0.036900 0
5896.480000 0.042529 0
5899.840000 0.027332 0
5903.200000 0.040880 0
5906.560000 0.038546 0
5909.920000 0.028358 0
5913.280000 0.029051 0
5916.640000 0.044757 0
5920.000000 0.052634 0
5923.360000 0.044211 0
5926.720000 0.037400 0
5930.080000 0.036304 0
5933.440000 0.040004 0
5936.800000 0.051562 0
5940.160000 0.035727 0
5943.520000 0.034928 0
5946.880000 0.037683 0
5950.240000 0.032849 0
5953.600000 0.028498 0
5956.960000 0.031010 0
5960.320000 0.021367 0
5963.680000 0.032210 0
5967.040000 0.038124 0
5970.400000 0.040984 0
5973.760000 0.040677 0
5977.120000 0.038441 0
5980.480000 0.031195 0
5983.840000 0.035639 0
5987.200000 0.034139 0
5990.560000 0.036689 0
5993.920000 0.046594 0
5997.280000 0.041213 0
6000.640000 0.041496 0
6004.000000 0.044074 0
6007.360000 0.034517 0
6010.720000 0.037829 0
6014.080000 0.045268 0
6017.440000 0.043538 0
6020.800000 0.046868 0
6024.160000 0.040094 0
6027.520000 0.040813 0
6030.880000 0.045015 0
6034.240000 0.033753 0
6037.600000 0.037638 0
6040.960000 0.041327 0
6044.320000 0.036680 0
6047.680000 0.034072 0
6051.040000 0.043623 0
6054.400000 0.041990 0
6057.760000 0.038786 0
6061.120000 0.033522 0
6064.480000 0.032705 0
6067.840000 0.030217 0
6071.200000 0.036949 0
6074.560000 0.039645 0
6077.920000 0.039326 0
6081.280000 0.030588 0
6084.640000 0.048465 0
6088.000000 0.049641 0
6091.360000 0.037557 0
6094.720000 0.059793 0
6098.080000 0.133566 0
6101.440000 0.193529 0
6104.800000 0.217742 0
6108.160000 0.163475 0
6111.520000 0.063456 0
6114.880000 0.044124 0
6118.240000 0.033898 0
6121.600000 0.039280 0
6124.960000 0.050604 0
6128.320000 0.041913 0
6131.680000 0.050827 0
6135.040000 0.050208 0
6138.400000 0.035715 0
6141.760000 0.039477 0
6145.120000 0.044702 0
6148.480000 0.049614 0
6151.840000 0.049721 0
6155.200000 0.044037 0
6158.560000 0.049914 0
6161.920000 0.050089 0
6165.280000 0.037012 0
6168.640000 0.048306 0
6172.000000 0.054239 0
6175.360000 0.052244 0
6178.720000 0.055023 0
6182.080000 0.062812 0
6185.440000 0.064160 0
6188.800000 0.070831 0
6192.160000 0.078410 0
6195.520000 0.072068 0
6198.880000 0.067615 0
6202.240000 0.071183 0
6205.600000 0.064555 0
6208.960000 0.061847 0
6212.320000 0.052573 0
6215.680000 0.054374 0
6219.040000 0.032738 0
6222.400000 0.041330 0
6225.760000 0.054478 0
6229.120000 0.052968 0
6232.480000 0.058883 0
6235.840000 0.064924 0
6239.200000 0.081452 0
6242.560000 0.066437 0
6245.920000 0.072802 0
6249.280000 0.084085 0
6252.640000 0.063253 0
6256.000000 0.059008 0
6259.360000 0.072533 0
6262.720000 0.073660 0
6266.080000 0.051147 0
6269.440000 0.040276 0
6272.800000 0.042767 0
6276.160000 0.041653 0
6279.520000 0.037122 0
6282.880000 0.036756 0
6286.240000 0.041707 0
6289.600000 0.046784 0
6292.960000 0.056198 0
6296.320000 0.050770 0
6299.680000 0.044879 0
6303.040000 0.044942 0
6306.400000 0.060421 0
6309.760000 0.067105 0
6313.120000 0.061631 0
6316.480000 0.062371 0
6319.840000 0.066561 0
6323.200000 0.074403 0
6326.560000 0.068147 0
6329.920000 0.083345 0
6333.280000 0.090361 0
6336.640000 0.082357 0
6340.000000 0.069563 0
6343.360000 0.069984 0
6346.720000 0.070674 0
6350.080000 0.066201 0
6353.440000 0.069317 0
6356.800000 0.063380 0
6360.160000 0.051997 0
6363.520000 0.041561 0
6366.880000 0.038655 0
6370.240000 0.037861 0
6373.600000 0.035647 0
6376.960000 0.055297 0
6380.320000 0.054882 0
6383.680000 0.063162 0
6387.040000 0.072743 0
6390.400000 0.067134 0
6393.760000 0.074091 0
6397.120000 0.065850 0
6400.480000 0.072643 0
6403.840000 0.087683 0
6407.200000 0.072537 0
6410.560000 0.077441 0
6413.920000 0.067541 0
6417.280000 0.079258 0
6420.640000 0.080208 0
6424.000000 0.066035 0
6427.360000 0.074805 0
6430.720000 0.070578 0
6434.080000 0.065157 0
6437.440000 0.057684 0
6440.800000 0.053739 0
6444.160000 0.052820 0
6447.520000 0.058594 0
6450.880000 0.066191 0
6454.240000 0.071997 0
6457.600000 0.069341 0
6460.960000 0.076615 0
6464.320000 0.071422 0
6467.680000 0.061200 0
6471.040000 0.068030 0
6474.400000 0.075000 0
6477.760000 0.066899 0
6481.120000 0.072678 0
6484.480000 0.060859 0
6487.840000 0.054148 0
6491.200000 0.053288 0
6494.560000 0.037291 0
6497.920000 0.032996 0
6501.280000 0.041803 0
6504.640000 0.047595 0
6508.000000 0.053922 0
6511.360000 0.051979 0
6514.720000 0.066226 0
6518.080000 0.065018 0
6521.440000 0.075281 0
6524.800000 0.080837 0
6528.160000 0.064813 0
6531.520000 0.073034 0
6534.880000 0.078264 0
6538.240000 0.073899 0
6541.600000 0.068784 0
6544.960000 0.075500 0
6548.320000 0.067907 0
6551.680000 0.061060 0
6555.040000 0.067611 0
6558.400000 0.074534 0
6561.760000 0.074220 0
6565.120000 0.083112 0
6568.480000 0.077564 0
6571.840000 0.077473 0
6575.200000 0.089087 0
6578.560000 0.078914 0
6581.920000 0.088038 0
6585.280000 0.083012 0
6588.640000 0.075748 0
6592.000000 0.069557 0
6595.360000 0.074245 0
6598.720000 0.077832 0
6602.080000 0.073339 0
6605.440000 0.062269 0
6608.800000 0.072034 0
6612.160000 0.082712 0
6615.520000 0.073074 0
6618.880000 0.062867 0
6622.240000 0.073051 0
6625.600000 0.076205 0
6628.960000 0.078522 0
6632.320000 0.088029 0
6635.680000 0.079703 0
6639.040000 0.075017 0
6642.400000 0.073392 0
6645.760000 0.075191 0
6649.120000 0.074910 0
6652.480000 0.076945 0
6655.840000 0.083449 0
6659.200000 0.073214 0
6662.560000 0.085305 0
6665.920000 0.088446 0
6669.280000 0.086101 0
6672.640000 0.077009 0
6676.000000 0.071713 0
6679.360000 0.075824 0
6682.720000 0.081599 0
6686.080000 0.084564 0
6689.440000 0.062534 0
6692.800000 0.071151 0
6696.160000 0.081239 0
6699.520000 0.067873 0
6702.880000 0.071128 0
6706.240000 0.064941 0
6709.600000 0.055361 0
6712.960000 0.058399 0
6716.320000 0.051120 0
6719.680000 0.040371 0
6723.040000 0.046172 0
6726.400000 0.047907 0
6729.760000 0.058554 0
6733.120000 0.062074 0
6736.480000 0.067566 0
6739.840000 0.068170 0
6743.200000 0.078559 0
6746.560000 0.076479 0
6749.920000 0.074626 0
6753.280000 0.064223 0
6756.640000 0.050785 0
6760.000000 0.063846 0
6763.360000 0.067063 0
6766.720000 0.072986 0
6770.080000 0.079815 0
6773.440000 0.071055 0
6776.800000 0.071450 0
6780.160000 0.075034 0
6783.520000 0.074258 0
6786.880000 0.069587 0
6790.240000 0.065263 0
6793.600000 0.066563 0
6796.960000 0.081843 0
6800.320000 0.091088 0
6803.680000 0.078473 0
6807.040000 0.080395 0
6810.400000 0.075748 0
6813.760000 0.071459 0
6817.120000 0.065368 0
6820.480000 0.063893 0
6823.840000 0.071181 0
6827.200000 0.085676 0
6830.560000 0.076100 0
6833.920000 0.063063 0
6837.280000 0.083892 0
6840.640000 0.073667 0
6844.000000 0.067802 0
6847.360000 0.080893 0
6850.720000 0.076595 0
6854.080000 0.081368 0
6857.440000 0.061247 0
6860.800000 0.075414 0
6864.160000 0.060279 0
6867.520000 0.067262 0
6870.880000 0.050676 0
6874.240000 0.061615 0
6877.600000 0.075567 0
6880.960000 0.061959 0
6884.320000 0.070533 0
6887.680000 0.062637 0
6891.040000 0.068852 0
6894.400000 0.075212 0
6897.760000 0.080631 0
6901.120000 0.061264 0
6904.480000 0.052780 0
6907.840000 0.055074 0
6911.200000 0.072942 0
6914.560000 0.087377 0
6917.920000 0.081947 0
6921.280000 0.074669 0
6924.640000 0.080244 0
6928.000000 0.065273 0
6931.360000 0.081805 0
6934.720000 0.071418 0
6938.080000 0.076297 0
6941.440000 0.058470 0
6944.800000 0.066109 0
6948.160000 0.060762 0
6951.520000 0.075229 0
6954.880000 0.073837 0
6958.240000 0.068130 0
6961.600000 0.071975 0
6964.960000 0.082820 0
6968.320000 0.086130 0
6971.680000 0.088846 0
6975.040000 0.057973 0
6978.400000 0.067264 0
6981.760000 0.086921 0
6985.120000 0.087639 0
6988.480000 0.081382 0
6991.840000 0.069547 0
6995.200000 0.061234 0
6998.560000 0.075899 0
7001.920000 0.072319 0
7005.280000 0.070053 0
7008.640000 0.065561 0
7012.000000 0.069384 0
7015.360000 0.074231 0
7018.720000 0.071967 0
7022.080000 0.068904 0
7025.440000 0.067950 0
7028.800000 0.066907 0
7032.160000 0.074825 0
7035.520000 0.085083 0
7038.880000 0.069595 0
7042.240000 0.074859 0
7045.600000 0.074898 0
7048.960000 0.066243 0
7052.320000 0.065482 0
7055.680000 0.065562 0
7059.040000 0.073030 0
7062.400000 0.057608 0
7065.760000 0.058913 0
7069.120000 0.079664 0
7072.480000 0.075906 0
7075.840000 0.072710 0
7079.200000 0.073573 0
7082.560000 0.053914 0
7085.920000 0.050849 0
7089.280000 0.050940 0
7092.640000 0.060153 0
7096.000000 0.061644 0
7099.360000 0.056586 0
7102.720000 0.057026 0
7106.080000 0.074168 0
7109.440000 0.082522 0
7112.800000 0.064348 0
7116.160000 0.051447 0
7119.520000 0.059961 0
7122.880000 0.057897 0
7126.240000 0.061201 0
7129.600000 0.062752 0
7132.960000 0.068874 0
7136.320000 0.072661 0
7139.680000 0.068070 0
7143.040000 0.078507 0
7146.400000 0.079997 0
7149.760000 0.061027 0
7153.120000 0.063909 0
7156.480000 0.068194 0
7159.840000 0.072490 0
7163.200000 0.075170 0
7166.560000 0.069256 0
7169.920000 0.071931 0
7173.280000 0.072665 0
7176.640000 0.062336 0
7180.000000 0.063144 0
7183.360000 0.071444 0
7186.720000 0.070064 0
7190.080000 0.060151 0
7193.440000 0.067917 0
7196.800000 0.071748 0
7200.160000 0.063264 0
7203.520000 0.072499 0
7206.880000 0.063808 0
7210.240000 0.062593 0
7213.600000 0.068001 0
7216.960000 0.075337 0
7220.320000 0.075505 0
7223.680000 0.080471 0
7227.040000 0.063382 0
7230.400000 0.057506 0
7233.760000 0.061433 0
7237.120000 0.055405 0
7240.480000 0.072013 0
7243.840000 0.069968 0
7247.200000 0.068729 0
7250.560000 0.069709 0
7253.920000 0.054390 0
7257.280000 0.073772 0
7260.640000 0.076016 0
7264.000000 0.051908 0
7267.360000 0.048874 0
7270.720000 0.074780 0
7274.080000 0.061742 0
7277.440000 0.070092 0
7280.800000 0.080072 0
7284.160000 0.066879 0
7287.520000 0.061870 0
7290.880000 0.063850 0
7294.240000 0.058894 0
7297.600000 0.060305 0
7300.960000 0.068723 0
7304.320000 0.064602 0
7307.680000 0.052166 0
7311.040000 0.058911 0
7314.400000 0.069947 0
7317.760000 0.064785 0
7321.120000 0.087481 0
7324.480000 0.089259 0
7327.840000 0.072390 0
7331.200000 0.058015 0
7334.560000 0.058567 0
7337.920000 0.057540 0
7341.280000 0.050336 0
7344.640000 0.056324 0
7348.000000 0.074643 0
7351.360000 0.069338 0
7354.720000 0.074832 0
7358.080000 0.076030 0
7361.440000 0.057058 0
7364.800000 0.051299 0
7368.160000 0.058806 0
7371.520000 0.067908 0
7374.880000 0.072763 0
7378.240000 0.083704 0
7381.600000 0.081141 0
7384.960000 0.069696 0
7388.320000 0.063900 0
7391.680000 0.070748 0
7395.040000 0.066905 0
7398.400000 0.072470 0
7401.760000 0.091970 0
7405.120000 0.072982 0
7408.480000 0.057556 0
7411.840000 0.061305 0
7415.200000 0.070698 0
7418.560000 0.069758 0
7421.920000 0.070797 0
7425.280000 0.071300 0
7428.640000 0.069755 0
7432.000000 0.059353 0
7435.360000 0.071599 0
7438.720000 0.076609 0
7442.080000 0.075902 0
7445.440000 0.065602 0
7448.800000 0.068521 0
7452.160000 0.074669 0
7455.520000 0.069268 0
7458.880000 0.057458 0
7462.240000 0.069747 0
7465.600000 0.080607 0
7468.960000 0.065712 0
7472.320000 0.083796 0
7475.680000 0.074958 0
7479.040000 0.039922 0
7482.400000 0.069833 0
7485.760000 0.070389 0
7489.120000 0.073205 0
7492.480000 0.059486 0
7495.840000 0.077544 0
7499.200000 0.076870 0
7502.560000 0.069469 0
7505.920000 0.072085 0
7509.280000 0.069169 0
7512.640000 0.062468 0
7516.000000 0.060668 0
7519.360000 0.081832 0
7522.720000 0.077717 0
7526.080000 0.067168 0
7529.440000 0.068421 0
7532.800000 0.071051 0
7536.160000 0.061913 0
7539.520000 0.068561 0
7542.880000 0.082277 0
7546.240000 0.076302 0
7549.600000 0.083111 0
7552.960000 0.054776 0
7556.320000 0.054785 0
7559.680000 0.060291 0
7563.040000 0.078198 0
7566.400000 0.072507 0
7569.760000 0.061883 0
7573.120000 0.059507 0
7576.480000 0.072837 0
7579.840000 0.067709 0
7583.200000 0.075568 0
7586.560000 0.076652 0
7589.920000 0.076671 0
7593.280000 0.067991 0
7596.640000 0.049498 0
7600.000000 0.051978 0
7603.360000 0.035184 0
7606.720000 0.051344 0
7610.080000 0.044564 0
7613.440000 0.071730 0
7616.800000 0.082044 0
7620.160000 0.076521 0
7623.520000 0.039740 0
7626.880000 0.047858 0
7630.240000 0.050365 0
7633.600000 0.060703 0
7636.960000 0.070868 0
7640.320000 0.070562 0
7643.680000 0.061348 0
7647.040000 0.064803 0
7650.400000 0.058101 0
7653.760000 0.055881 0
7657.120000 0.063315 0
7660.480000 0.061659 0
7663.840000 0.061153 0
7667.200000 0.072999 0
7670.560000 0.067834 0
7673.920000 0.057569 0
7677.280000 0.063414 0
7680.640000 0.071858 0
7684.000000 0.068387 0
7687.360000 0.068540 0
7690.720000 0.074132 0
7694.080000 0.067662 0
7697.440000 0.078795 0
7700.800000 0.056798 0
7704.160000 0.074030 0
7707.520000 0.060881 0
7710.880000 0.080917 0
7714.240000 0.078385 0
7717.600000 0.041611 0
7720.960000 0.039446 0
7724.320000 0.054504 0
7727.680000 0.062871 0
7731.040000 0.048481 0
7734.400000 0.050967 0
7737.760000 0.063426 0
7741.120000 0.062377 0
7744.480000 0.043352 0
7747.840000 0.077745 0
7751.200000 0.038350 0
7754.560000 0.060785 0
7757.920000 0.089819 0
7761.280000 0.065048 0
7764.640000 0.064069 0
7768.000000 0.052511 0
7771.360000 0.071280 0
7774.720000 0.061212 0
7778.080000 0.075287 0
7781.440000 0.064172 0
7784.800000 0.062178 0
7788.160000 0.059360 0
7791.520000 0.072451 0
7794.880000 0.072452 0
7798.240000 0.037542 0
7801.600000 0.046035 0
7804.960000 0.057652 0
7808.320000 0.063327 0
7811.680000 0.045973 0
7815.040000 0.053565 0
7818.400000 0.057101 0
7821.760000 0.057600 0
7825.120000 0.061121 0
7828.480000 0.066561 0
7831.840000 0.067406 0
7835.200000 0.072051 0
7838.560000 0.062584 0
7841.920000 0.051344 0
7845.280000 0.061705 0
7848.640000 0.059639 0
7852.000000 0.047174 0
7855.360000 0.039207 0
7858.720000 0.065026 0
7862.080000 0.066629 0
7865.440000 0.066004 0
7868.800000 0.061270 0
7872.160000 0.065617 0
7875.520000 0.064901 0
7878.880000 0.075037 0
7882.240000 0.093049 0
7885.600000 0.057767 0
7888.960000 0.045752 0
7892.320000 0.065938 0
7895.680000 0.064118 0
7899.040000 0.067102 0
7902.400000 0.057861 0
7905.760000 0.061800 0
7909.120000 0.070448 0
7912.480000 0.053101 0
7915.840000 0.048995 0
7919.200000 0.071513 0
7922.560000 0.083228 0
7925.920000 0.083001 0
7929.280000 0.064015 0
7932.640000 0.053410 0
7936.000000 0.069897 0
7939.360000 0.055315 0
7942.720000 0.046602 0
7946.080000 0.055309 0
7949.440000 0.047002 0
7952.800000 0.064141 0
7956.160000 0.093609 0
7959.520000 0.120507 0
7962.880000 0.100705 0
7966.240000 0.067287 0
7969.600000 0.057187 0
7972.960000 0.041755 0
7976.320000 0.057774 0
7979.680000 0.072178 0
7983.040000 0.045252 0
7986.400000 0.040400 0
7989.760000 0.080712 0
7993.120000 0.045321 0
7996.480000 0.067055 0
7999.840000 0.061716 0
8003.200000 0.069793 0
8006.560000 0.067566 0
8009.920000 0.039633 0
8013.280000 0.062101 0
8016.640000 0.050543 0
8020.000000 0.040478 0
8023.360000 0.056543 0
8026.720000 0.074592 0
8030.080000 0.067481 0
8033.440000 0.057898 0
8036.800000 0.065624 0
8040.160000 0.074263 0
8043.520000 0.064459 0
8046.880000 0.050634 0
8050.240000 0.070532 0
8053.600000 0.067954 0
8056.960000 0.065864 0
8060.320000 0.055021 0
8063.680000 0.046603 0
8067.040000 0.057742 0
8070.400000 0.063131 0
8073.760000 0.066333 0
8077.120000 0.068022 0
8080.480000 0.061605 0
8083.840000 0.062895 0
8087.200000 0.073979 0
8090.560000 0.070978 0
8093.920000 0.073676 0
8097.280000 0.069907 0
8100.640000 0.070922 0
8104.000000 0.053277 0
8107.360000 0.062035 0
8110.720000 0.062141 0
8114.080000 0.070580 0
8117.440000 0.083903 0
8120.800000 0.078765 0
8124.160000 0.064997 0
8127.520000 0.064848 0
8130.880000 0.058246 0
8134.240000 0.061553 0
8137.600000 0.053607 0
8140.960000 0.064307 0
8144.320000 0.065376 0
8147.680000 0.067269 0
8151.040000 0.056842 0
8154.400000 0.052213 0
8157.760000 0.059760 0
8161.120000 0.056856 0
8164.480000 0.048365 0
8167.840000 0.062221 0
8171.200000 0.061120 0
8174.560000 0.055238 0
8177.920000 0.046827 0
8181.280000 0.046716 0
8184.640000 0.065023 0
8188.000000 0.054378 0
8191.360000 0.073863 0
8194.720000 0.104831 0
8198.080000 0.130777 0
8201.440000 0.105732 0
8204.800000 0.081403 0
8208.160000 0.072145 0
8211.520000 0.044234 0
8214.880000 0.085568 0
8218.240000 0.064704 0
8221.600000 0.065965 0
8224.960000 0.053762 0
8228.320000 0.052005 0
8231.680000 0.032846 0
8235.040000 0.035524 0
8238.400000 0.061749 0
8241.760000 0.064110 0
8245.120000 0.041715 0
8248.480000 0.047230 0
8251.840000 0.054812 0
8255.200000 0.060344 0
8258.560000 0.050217 0
8261.920000 0.052337 0
8265.280000 0.060811 0
8268.640000 0.067168 0
8272.000000 0.065843 0
8275.360000 0.057709 0
8278.720000 0.031461 0
8282.080000 0.041215 0
8285.440000 0.049678 0
8288.800000 0.046777 0
8292.160000 0.075690 0
8295.520000 0.077833 0
8298.880000 0.048844 0
8302.240000 0.052365 0
8305.600000 0.063676 0
8308.960000 0.055967 0
8312.320000 0.041351 0
8315.680000 0.058187 0
8319.040000 0.057603 0
8322.400000 0.048727 0
8325.760000 0.072565 0
8329.120000 0.063433 0
8332.480000 0.040287 0
8335.840000 0.035120 0
8339.200000 0.063079 0
8342.560000 0.052313 0
8345.920000 0.012560 0
8349.280000 0.060242 0
8352.640000 0.043192 0
8356.000000 0.059998 0
8359.360000 0.052229 0
8362.720000 0.044940 0
8366.080000 0.053112 0
8369.440000 0.060237 0
8372.800000 0.052125 0
8376.160000 0.049056 0
8379.520000 0.064649 0
8382.880000 0.048727 0
8386.240000 0.078020 0
8389.600000 0.058617 0
8392.960000 0.040703 0
8396.320000 0.075482 0
8399.680000 0.055305 0
8403.040000 0.045689 0
8406.400000 0.064901 0
8409.760000 0.067637 0
8413.120000 0.072812 0
8416.480000 0.054844 0
8419.840000 0.037588 0
8423.200000 0.030395 0
8426.560000 0.059503 0
8429.920000 0.069092 0
8433.280000 0.052234 0
8436.640000 0.042613 0
8440.000000 0.056151 0
8443.360000 0.040295 0
8446.720000 0.055375 0
8450.080000 0.073219 0
8453.440000 0.045287 0
8456.800000 0.058611 0
8460.160000 0.050833 0
8463.520000 0.047456 0
8466.880000 0.041864 0
8470.240000 0.054976 0
8473.600000 0.064110 0
8476.960000 0.059615 0
8480.320000 0.071175 0
8483.680000 0.060911 0
8487.040000 0.051673 0
8490.400000 0.050639 0
8493.760000 0.055466 0
8497.120000 0.056374 0
8500.480000 0.046410 0
8503.840000 0.047641 0
8507.200000 0.043549 0
8510.560000 0.060423 0
8513.920000 0.070620 0
8517.280000 0.063402 0
8520.640000 0.057985 0
8524.000000 0.060387 0
8527.360000 0.055742 0
8530.720000 0.053976 0
8534.080000 0.045005 0
8537.440000 0.044225 0
8540.800000 0.065523 0
8544.160000 0.053960 0
8547.520000 0.052342 0
8550.880000 0.054666 0
8554.240000 0.055514 0
8557.600000 0.054379 0
8560.960000 0.052746 0
8564.320000 0.056600 0
8567.680000 0.070009 0
8571.040000 0.070660 0
8574.400000 0.050406 0
8577.760000 0.049713 0
8581.120000 0.049415 0
8584.480000 0.057862 0
8587.840000 0.049290 0
8591.200000 0.044019 0
8594.560000 0.050444 0
8597.920000 0.050718 0
8601.280000 0.050634 0
8604.640000 0.040286 0
8608.000000 0.058038 0
8611.360000 0.050288 0
8614.720000 0.050032 0
8618.080000 0.043423 0
8621.440000 0.061874 0
8624.800000 0.055222 0
8628.160000 0.032767 0
8631.520000 0.060535 0
8634.880000 0.045748 0
8638.240000 0.066420 0
8641.600000 0.059311 0
8644.960000 0.062999 0
8648.320000 0.066924 0
8651.680000 0.040532 0
8655.040000 0.054704 0
8658.400000 0.048685 0
8661.760000 0.050588 0
8665.120000 0.068998 0
8668.480000 0.053697 0
8671.840000 0.047159 0
8675.200000 0.055491 0
8678.560000 0.059977 0
8681.920000 0.054502 0
8685.280000 0.058020 0
8688.640000 0.042857 0
8692.000000 0.067798 0
8695.360000 0.062904 0
8698.720000 0.049314 0
8702.080000 0.064808 0
8705.440000 0.059750 0
8708.800000 0.065491 0
8712.160000 0.071105 0
8715.520000 0.071851 0
8718.880000 0.066857 0
8722.240000 0.049319 0
8725.600000 0.057468 0
8728.960000 0.063807 0
8732.320000 0.063666 0
8735.680000 0.053547 0
8739.040000 0.062552 0
8742.400000 0.060772 0
8745.760000 0.060777 0
8749.120000 0.063531 0
8752.480000 0.075903 0
8755.840000 0.039026 0
8759.200000 0.029172 0
8762.560000 0.061217 0
8765.920000 0.044280 0
8769.280000 0.092816 0
8772.640000 0.087753 0
8776.000000 0.067920 0
8779.360000 0.067129 0
8782.720000 0.052027 0
8786.080000 0.046226 0
8789.440000 0.039886 0
8792.800000 0.055732 0
8796.160000 0.058654 0
8799.520000 0.053273 0
8802.880000 0.056607 0
8806.240000 0.066076 0
8809.600000 0.082506 0
8812.960000 0.062551 0
8816.320000 0.068084 0
8819.680000 0.058392 0
8823.040000 0.023517 0
8826.400000 0.036585 0
8829.760000 0.053098 0
8833.120000 0.040502 0
8836.480000 0.065053 0
8839.840000 0.081668 0
8843.200000 0.039460 0
8846.560000 0.031141 0
8849.920000 0.078668 0
8853.280000 0.048785 0
8856.640000 0.043550 0
8860.000000 0.047978 0
8863.360000 0.056963 0
8866.720000 0.054456 0
8870.080000 0.069193 0
8873.440000 0.052153 0
8876.800000 0.040885 0
8880.160000 0.033042 0
8883.520000 0.074356 0
8886.880000 0.065099 0
8890.240000 0.042109 0
8893.600000 0.059429 0
8896.960000 0.039089 0
8900.320000 0.054983 0
8903.680000 0.096054 0
8907.040000 0.068902 0
8910.400000 0.049415 0
8913.760000 0.076788 0
8917.120000 0.088061 0
8920.480000 0.055161 0
8923.840000 0.063999 0
8927.200000 0.069334 0
8930.560000 0.047300 0
8933.920000 0.044703 0
8937.280000 0.043850 0
8940.640000 0.052776 0
8944.000000 0.042168 0
8947.360000 0.062359 0
8950.720000 0.091565 0
8954.080000 0.051591 0
8957.440000 0.057763 0
8960.800000 0.085963 0
8964.160000 0.048970 0
8967.520000 0.039969 0
8970.880000 0.064397 0
8974.240000 0.066642 0
8977.600000 0.054678 0
8980.960000 0.044482 0
8984.320000 0.064006 0
8987.680000 0.062586 0
8991.040000 0.039372 0
8994.400000 0.036989 0
8997.760000 0.058700 0
9001.120000 0.044105 0
9004.480000 0.071126 0
9007.840000 0.049855 0
9011.200000 0.056001 0
9014.560000 0.058639 0
9017.920000 0.045239 0
9021.280000 0.057931 0
9024.640000 0.055455 0
9028.000000 0.065078 0
9031.360000 0.041388 0
9034.720000 0.049299 0
9038.080000 0.052229 0
9041.440000 0.037793 0
9044.800000 0.070341 0
9048.160000 0.036450 0
9051.520000 0.026334 0
9054.880000 0.049829 0
9058.240000 0.040708 0
9061.600000 0.047472 0
9064.960000 0.060110 0
9068.320000 0.035043 0
9071.680000 0.045751 0
9075.040000 0.045385 0
9078.400000 0.045436 0
9081.760000 0.043875 0
9085.120000 0.050871 0
9088.480000 0.051998 0
9091.840000 0.055622 0
9095.200000 0.035272 0
9098.560000 0.066504 0
9101.920000 0.048007 0
9105.280000 0.061159 0
9108.640000 0.069141 0
9112.000000 0.045815 0
9115.360000 0.074930 0
9118.720000 0.067887 0
9122.080000 0.062370 0
9125.440000 0.042533 0
9128.800000 0.056019 0
9132.160000 0.057457 0
9135.520000 0.041357 0
9138.880000 0.038390 0
9142.240000 0.036642 0
9145.600000 0.042520 0
9148.960000 0.043726 0
9152.320000 0.041395 0
9155.680000 0.056658 0
9159.040000 0.061959 0
9162.400000 0.056793 0
9165.760000 0.051575 0
9169.120000 0.046900 0
9172.480000 0.055612 0
9175.840000 0.037777 0
9179.200000 0.054651 0
9182.560000 0.065176 0
9185.920000 0.050880 0
9189.280000 0.062561 0
9192.640000 0.042078 0
9196.000000 0.047261 0
9199.360000 0.059095 0
9202.720000 0.059271 0
9206.080000 0.055272 0
9209.440000 0.052611 0
9212.800000 0.050992 0
9216.160000 0.049973 0
9219.520000 0.048301 0
9222.880000 0.080875 0
9226.240000 0.072403 0
9229.600000 0.062094 0
9232.960000 0.054784 0
9236.320000 0.040818 0
9239.680000 0.059506 0
9243.040000 0.036797 0
9246.400000 0.056405 0
9249.760000 0.052820 0
