# obs: 255710
# slit: 39
# z: 0.32478
# lines: K,H,G
# spec: 378
4451.680000 0.000000 1
4455.040000 0.000000 1
4458.400000 0.000000 1
4461.760000 0.000000 1
4465.120000 0.000000 1
4468.480000 0.000000 1
4471.840000 0.000000 1
4475.200000 0.000000 1
4478.560000 0.000000 1
4481.920000 0.000000 1
4485.280000 0.000000 1
4488.640000 0.000000 1
4492.000000 0.000000 1
4495.360000 0.000000 1
4498.720000 0.000000 1
4502.080000 0.000000 1
4505.440000 0.000000 1
4508.800000 0.032635 0
4512.160000 0.063967 0
4515.520000 0.055433 0
4518.880000 0.049045 0
4522.240000 0.052572 0
4525.600000 0.069596 0
4528.960000 0.067890 0
4532.320000 0.055574 0
4535.680000 0.043096 0
4539.040000 0.082124 0
4542.400000 0.063446 0
4545.760000 0.072218 0
4549.120000 0.054898 0
4552.480000 0.054488 0
4555.840000 0.047176 0
4559.200000 0.058827 0
4562.560000 0.044815 0
4565.920000 0.057971 0
4569.280000 0.063035 0
4572.640000 0.056190 0
4576.000000 0.046205 0
4579.360000 0.087086 0
4582.720000 0.081528 0
4586.080000 0.056325 0
4589.440000 0.075885 0
4592.800000 0.068811 0
4596.160000 0.072291 0
4599.520000 0.051176 0
4602.880000 0.063705 0
4606.240000 0.053762 0
4609.600000 0.047072 0
4612.960000 0.061071 0
4616.320000 0.049147 0
4619.680000 0.072087 0
4623.040000 0.051623 0
4626.400000 0.055398 0
4629.760000 0.053045 0
4633.120000 0.033237 0
4636.480000 0.077791 0
4639.840000 0.062257 0
4643.200000 0.067302 0
4646.560000 0.059588 0
4649.920000 0.062417 0
4653.280000 0.059927 0
4656.640000 0.067872 0
4660.000000 0.073670 0
4663.360000 0.070680 0
4666.720000 0.059409 0
4670.080000 0.049751 0
4673.440000 0.070981 0
4676.800000 0.059683 0
4680.160000 0.067113 0
4683.520000 0.068461 0
4686.880000 0.064739 0
4690.240000 0.062762 0
4693.600000 0.099485 0
4696.960000 0.080881 0
4700.320000 0.082051 0
4703.680000 0.064850 0
4707.040000 0.067595 0
4710.400000 0.060452 0
4713.760000 0.065840 0
4717.120000 0.043672 0
4720.480000 0.066997 0
4723.840000 0.051581 0
4727.200000 0.068041 0
4730.560000 0.037994 0
4733.920000 0.065922 0
4737.280000 0.055687 0
4740.640000 0.062526 0
4744.000000 0.043163 0
4747.360000 0.043714 0
4750.720000 0.050355 0
4754.080000 0.059826 0
4757.440000 0.063917 0
4760.800000 0.079487 0
4764.160000 0.059768 0
4767.520000 0.061932 0
4770.880000 0.077096 0
4774.240000 0.069121 0
4777.600000 0.070521 0
4780.960000 0.046553 0
4784.320000 0.070913 0
4787.680000 0.067594 0
4791.040000 0.066828 0
4794.400000 0.041670 0
4797.760000 0.064972 0
4801.120000 0.075164 0
4804.480000 0.090642 0
4807.840000 0.077197 0
4811.200000 0.058847 0
4814.560000 0.063704 0
4817.920000 0.053823 0
4821.280000 0.062803 0
4824.640000 0.077526 0
4828.000000 0.072196 0
4831.360000 0.065781 0
4834.720000 0.071023 0
4838.080000 0.073867 0
4841.440000 0.088835 0
4844.800000 0.068786 0
4848.160000 0.083857 0
4851.520000 0.095290 0
4854.880000 0.081476 0
4858.240000 0.079636 0
4861.600000 0.087323 0
4864.960000 0.079792 0
4868.320000 0.073497 0
4871.680000 0.065248 0
4875.040000 0.067744 0
4878.400000 0.091146 0
4881.760000 0.071090 0
4885.120000 0.050527 0
4888.480000 0.081495 0
4891.840000 0.061153 0
4895.200000 0.071267 0
4898.560000 0.081540 0
4901.920000 0.094055 0
4905.280000 0.098168 0
4908.640000 0.081543 0
4912.000000 0.067723 0
4915.360000 0.083342 0
4918.720000 0.100821 0
4922.080000 0.089709 0
4925.440000 0.061398 0
4928.800000 0.067197 0
4932.160000 0.078219 0
4935.520000 0.071604 0
4938.880000 0.079370 0
4942.240000 0.065396 0
4945.600000 0.054106 0
4948.960000 0.040003 0
4952.320000 0.056610 0
4955.680000 0.055876 0
4959.040000 0.060578 0
4962.400000 0.060643 0
4965.760000 0.042612 0
4969.120000 0.049625 0
4972.480000 0.075306 0
4975.840000 0.089512 0
4979.200000 0.075999 0
4982.560000 0.065367 0
4985.920000 0.079688 0
4989.280000 0.066267 0
4992.640000 0.063024 0
4996.000000 0.076752 0
4999.360000 0.096621 0
5002.720000 0.073870 0
5006.080000 0.101647 0
5009.440000 0.099140 0
5012.800000 0.101225 0
5016.160000 0.064407 0
5019.520000 0.083669 0
5022.880000 0.070848 0
5026.240000 0.062760 0
5029.600000 0.071113 0
5032.960000 0.067038 0
5036.320000 0.083345 0
5039.680000 0.088173 0
5043.040000 0.086621 0
5046.400000 0.103231 0
5049.760000 0.080887 0
5053.120000 0.066655 0
5056.480000 0.059439 0
5059.840000 0.052770 0
5063.200000 0.068355 0
5066.560000 0.049378 0
5069.920000 0.055739 0
5073.280000 0.058966 0
5076.640000 0.059681 0
5080.000000 0.046920 0
5083.360000 0.061446 0
5086.720000 0.053503 0
5090.080000 0.066829 0
5093.440000 0.074883 0
5096.800000 0.071897 0
5100.160000 0.089712 0
5103.520000 0.075679 0
5106.880000 0.067290 0
5110.240000 0.069006 0
5113.600000 0.064427 0
5116.960000 0.076492 0
5120.320000 0.074213 0
5123.680000 0.077106 0
5127.040000 0.060097 0
5130.400000 0.066939 0
5133.760000 0.077288 0
5137.120000 0.084380 0
5140.480000 0.077514 0
5143.840000 0.075789 0
5147.200000 0.085737 0
5150.560000 0.085418 0
5153.920000 0.080998 0
5157.280000 0.078681 0
5160.640000 0.095010 0
5164.000000 0.075628 0
5167.360000 0.097228 0
5170.720000 0.081906 0
5174.080000 0.095161 0
5177.440000 0.094561 0
5180.800000 0.092065 0
5184.160000 0.092756 0
5187.520000 0.098253 0
5190.880000 0.076084 0
5194.240000 0.078974 0
5197.600000 0.081075 0
5200.960000 0.067332 0
5204.320000 0.047974 0
5207.680000 0.036030 0
5211.040000 0.029850 0
5214.400000 0.019364 0
5217.760000 0.044917 0
5221.120000 0.050863 0
5224.480000 0.067327 0
5227.840000 0.083070 0
5231.200000 0.086628 0
5234.560000 0.082994 0
5237.920000 0.100198 0
5241.280000 0.086231 0
5244.640000 0.103369 0
5248.000000 0.073813 0
5251.360000 0.042379 0
5254.720000 0.047845 0
5258.080000 0.038099 0
5261.440000 0.040558 0
5264.800000 0.051310 0
5268.160000 0.084258 0
5271.520000 0.113335 0
5274.880000 0.120374 0
5278.240000 0.097709 0
5281.600000 0.111337 0
5284.960000 0.132224 0
5288.320000 0.121833 0
5291.680000 0.116597 0
5295.040000 0.110997 0
5298.400000 0.143965 0
5301.760000 0.125034 0
5305.120000 0.115322 0
5308.480000 0.130741 0
5311.840000 0.118572 0
5315.200000 0.134471 0
5318.560000 0.117254 0
5321.920000 0.145501 0
5325.280000 0.128649 0
5328.640000 0.128465 0
5332.000000 0.138343 0
5335.360000 0.135942 0
5338.720000 0.121677 0
5342.080000 0.113502 0
5345.440000 0.111839 0
5348.800000 0.137370 0
5352.160000 0.132347 0
5355.520000 0.125931 0
5358.880000 0.128566 0
5362.240000 0.133936 0
5365.600000 0.138305 0
5368.960000 0.141096 0
5372.320000 0.127280 0
5375.680000 0.118455 0
5379.040000 0.119962 0
5382.400000 0.115726 0
5385.760000 0.131792 0
5389.120000 0.119116 0
5392.480000 0.118390 0
5395.840000 0.111582 0
5399.200000 0.115097 0
5402.560000 0.120684 0
5405.920000 0.116609 0
5409.280000 0.124835 0
5412.640000 0.149234 0
5416.000000 0.125579 0
5419.360000 0.152455 0
5422.720000 0.141336 0
5426.080000 0.134494 0
5429.440000 0.113733 0
5432.800000 0.099017 0
5436.160000 0.103813 0
5439.520000 0.128258 0
5442.880000 0.119237 0
5446.240000 0.125159 0
5449.600000 0.133787 0
5452.960000 0.137390 0
5456.320000 0.126437 0
5459.680000 0.136786 0
5463.040000 0.119735 0
5466.400000 0.125126 0
5469.760000 0.124844 0
5473.120000 0.112900 0
5476.480000 0.135449 0
5479.840000 0.135584 0
5483.200000 0.119818 0
5486.560000 0.117737 0
5489.920000 0.130979 0
5493.280000 0.127736 0
5496.640000 0.140614 0
5500.000000 0.127924 0
5503.360000 0.119425 0
5506.720000 0.131076 0
5510.080000 0.132866 0
5513.440000 0.128526 0
5516.800000 0.139798 0
5520.160000 0.131570 0
5523.520000 0.112592 0
5526.880000 0.109297 0
5530.240000 0.101940 0
5533.600000 0.094651 0
5536.960000 0.134734 0
5540.320000 0.106329 0
5543.680000 0.130539 0
5547.040000 0.140394 0
5550.400000 0.124194 0
5553.760000 0.125209 0
5557.120000 0.120536 0
5560.480000 0.130143 0
5563.840000 0.115998 1
5567.200000 0.114030 1
5570.560000 0.082259 1
5573.920000 0.130785 1
5577.280000 0.105636 1
5580.640000 0.098520 1
5584.000000 0.154732 1
5587.360000 0.114882 1
5590.720000 0.124537 1
5594.080000 0.117176 1
5597.440000 0.096410 1
5600.800000 0.114253 1
5604.160000 0.135701 0
5607.520000 0.122087 0
5610.880000 0.129889 0
5614.240000 0.141070 0
5617.600000 0.141255 0
5620.960000 0.137210 0
5624.320000 0.160619 0
5627.680000 0.167502 0
5631.040000 0.129806 0
5634.400000 0.124974 0
5637.760000 0.125525 0
5641.120000 0.141447 0
5644.480000 0.131312 0
5647.840000 0.142385 0
5651.200000 0.129765 0
5654.560000 0.126012 0
5657.920000 0.114212 0
5661.280000 0.139376 0
5664.640000 0.139763 0
5668.000000 0.117225 0
5671.360000 0.157148 0
5674.720000 0.134653 0
5678.080000 0.134031 0
5681.440000 0.118011 0
5684.800000 0.123976 0
5688.160000 0.144165 0
5691.520000 0.120621 0
5694.880000 0.105493 0
5698.240000 0.110729 0
5701.600000 0.091480 0
5704.960000 0.089102 0
5708.320000 0.117328 0
5711.680000 0.128796 0
5715.040000 0.137100 0
5718.400000 0.154714 0
5721.760000 0.158092 0
5725.120000 0.142606 0
5728.480000 0.127809 0
5731.840000 0.152793 0
5735.200000 0.143065 0
5738.560000 0.161644 0
5741.920000 0.158848 0
5745.280000 0.132191 0
5748.640000 0.127765 0
5752.000000 0.150296 0
5755.360000 0.158093 0
5758.720000 0.153230 0
5762.080000 0.147538 0
5765.440000 0.152454 0
5768.800000 0.155891 0
5772.160000 0.167712 0
5775.520000 0.181929 0
5778.880000 0.180692 0
5782.240000 0.155557 0
5785.600000 0.144734 0
5788.960000 0.148265 0
5792.320000 0.125798 0
5795.680000 0.136467 0
5799.040000 0.147511 0
5802.400000 0.141281 0
5805.760000 0.111191 0
5809.120000 0.124433 0
5812.480000 0.137832 0
5815.840000 0.157603 0
5819.200000 0.142980 0
5822.560000 0.161959 0
5825.920000 0.167132 0
5829.280000 0.155919 0
5832.640000 0.149636 0
5836.000000 0.154050 0
5839.360000 0.166694 0
5842.720000 0.139820 0
5846.080000 0.139103 0
5849.440000 0.168653 0
5852.800000 0.161759 0
5856.160000 0.162746 0
5859.520000 0.160371 0
5862.880000 0.164643 0
5866.240000 0.176590 0
5869.600000 0.142806 0
5872.960000 0.174326 0
5876.320000 0.174660 0
5879.680000 0.154292 0
5883.040000 0.153643 0
5886.400000 0.165320 0
5889.760000 0.142372 0
5893.120000 0.170242 0
5896.480000 0.185907 0
5899.840000 0.208774 0
5903.200000 0.168234 0
5906.560000 0.157647 0
5909.920000 0.158197 0
5913.280000 0.165036 0
5916.640000 0.176261 0
5920.000000 0.173585 0
5923.360000 0.155321 0
5926.720000 0.170638 0
5930.080000 0.167484 0
5933.440000 0.195504 0
5936.800000 0.188732 0
5940.160000 0.183988 0
5943.520000 0.176477 0
5946.880000 0.163379 0
5950.240000 0.171042 0
5953.600000 0.179135 0
5956.960000 0.193088 0
5960.320000 0.182357 0
5963.680000 0.167388 0
5967.040000 0.196185 0
5970.400000 0.226973 0
5973.760000 0.207634 0
5977.120000 0.202262 0
5980.480000 0.208967 0
5983.840000 0.185474 0
5987.200000 0.178590 0
5990.560000 0.191896 0
5993.920000 0.171562 0
5997.280000 0.184024 0
6000.640000 0.137308 0
6004.000000 0.186718 0
6007.360000 0.192947 0
6010.720000 0.187381 0
6014.080000 0.172163 0
6017.440000 0.184378 0
6020.800000 0.169536 0
6024.160000 0.158894 0
6027.520000 0.184120 0
6030.880000 0.182535 0
6034.240000 0.183234 0
6037.600000 0.189056 0
6040.960000 0.184210 0
6044.320000 0.209302 0
6047.680000 0.167962 0
6051.040000 0.192304 0
6054.400000 0.187137 0
6057.760000 0.199483 0
6061.120000 0.181318 0
6064.480000 0.197751 0
6067.840000 0.174300 0
6071.200000 0.174880 0
6074.560000 0.191484 0
6077.920000 0.201148 0
6081.280000 0.186088 0
6084.640000 0.197744 0
6088.000000 0.178843 0
6091.360000 0.172588 0
6094.720000 0.196645 0
6098.080000 0.186522 0
6101.440000 0.185238 0
6104.800000 0.191344 0
6108.160000 0.203258 0
6111.520000 0.205694 0
6114.880000 0.205878 0
6118.240000 0.195308 0
6121.600000 0.206553 0
6124.960000 0.197420 0
6128.320000 0.187461 0
6131.680000 0.194465 0
6135.040000 0.199877 0
6138.400000 0.186745 0
6141.760000 0.179634 0
6145.120000 0.184682 0
6148.480000 0.199901 0
6151.840000 0.200348 0
6155.200000 0.187917 0
6158.560000 0.174671 0
6161.920000 0.189665 0
6165.280000 0.200613 0
6168.640000 0.199942 0
6172.000000 0.188804 0
6175.360000 0.200312 0
6178.720000 0.177221 0
6182.080000 0.162176 0
6185.440000 0.177658 0
6188.800000 0.177667 0
6192.160000 0.176815 0
6195.520000 0.179087 0
6198.880000 0.177922 0
6202.240000 0.179945 0
6205.600000 0.184489 0
6208.960000 0.159940 0
6212.320000 0.172913 0
6215.680000 0.206620 0
6219.040000 0.186898 0
6222.400000 0.186652 0
6225.760000 0.185452 0
6229.120000 0.173368 0
6232.480000 0.186194 0
6235.840000 0.175854 0
6239.200000 0.177699 0
6242.560000 0.191857 0
6245.920000 0.200636 0
6249.280000 0.200318 0
6252.640000 0.203688 0
6256.000000 0.215536 0
6259.360000 0.207222 0
6262.720000 0.197842 0
6266.080000 0.162530 0
6269.440000 0.168903 0
6272.800000 0.185880 0
6276.160000 0.185038 0
6279.520000 0.182701 0
6282.880000 0.195598 0
6286.240000 0.177333 0
6289.600000 0.188035 0
6292.960000 0.185612 0
6296.320000 0.178653 0
6299.680000 0.200638 0
6303.040000 0.213516 0
6306.400000 0.209004 0
6309.760000 0.181770 0
6313.120000 0.199094 0
6316.480000 0.204974 0
6319.840000 0.193799 0
6323.200000 0.185349 0
6326.560000 0.190061 0
6329.920000 0.212679 0
6333.280000 0.210458 0
6336.640000 0.202294 0
6340.000000 0.178456 0
6343.360000 0.190977 0
6346.720000 0.216974 0
6350.080000 0.173122 0
6353.440000 0.189814 0
6356.800000 0.213362 0
6360.160000 0.202223 0
6363.520000 0.199892 0
6366.880000 0.183679 0
6370.240000 0.183870 0
6373.600000 0.204420 0
6376.960000 0.193624 0
6380.320000 0.198303 0
6383.680000 0.202417 0
6387.040000 0.205287 0
6390.400000 0.189663 0
6393.760000 0.194206 0
6397.120000 0.194644 0
6400.480000 0.190796 0
6403.840000 0.181742 0
6407.200000 0.196672 0
6410.560000 0.192929 0
6413.920000 0.185652 0
6417.280000 0.209179 0
6420.640000 0.213991 0
6424.000000 0.197671 0
6427.360000 0.200601 0
6430.720000 0.177187 0
6434.080000 0.145011 0
6437.440000 0.171347 0
6440.800000 0.175055 0
6444.160000 0.176874 0
6447.520000 0.181270 0
6450.880000 0.183889 0
6454.240000 0.176936 0
6457.600000 0.179888 0
6460.960000 0.183495 0
6464.320000 0.173866 0
6467.680000 0.179396 0
6471.040000 0.192101 0
6474.400000 0.184120 0
6477.760000 0.172645 0
6481.120000 0.194612 0
6484.480000 0.195887 0
6487.840000 0.182033 0
6491.200000 0.207489 0
6494.560000 0.207205 0
6497.920000 0.198796 0
6501.280000 0.202493 0
6504.640000 0.201129 0
6508.000000 0.196577 0
6511.360000 0.186687 0
6514.720000 0.181801 0
6518.080000 0.180549 0
6521.440000 0.175459 0
6524.800000 0.192528 0
6528.160000 0.186767 0
6531.520000 0.205437 0
6534.880000 0.194821 0
6538.240000 0.200902 0
6541.600000 0.196024 0
6544.960000 0.160169 0
6548.320000 0.203022 0
6551.680000 0.179686 0
6555.040000 0.215910 0
6558.400000 0.215713 0
6561.760000 0.193728 0
6565.120000 0.204074 0
6568.480000 0.181141 0
6571.840000 0.181001 0
6575.200000 0.189982 0
6578.560000 0.176283 0
6581.920000 0.182670 0
6585.280000 0.198199 0
6588.640000 0.202768 0
6592.000000 0.209699 0
6595.360000 0.187154 0
6598.720000 0.178952 0
6602.080000 0.187181 0
6605.440000 0.190793 0
6608.800000 0.199111 0
6612.160000 0.202138 0
6615.520000 0.193470 0
6618.880000 0.194594 0
6622.240000 0.197145 0
6625.600000 0.170260 0
6628.960000 0.184069 0
6632.320000 0.182486 0
6635.680000 0.189640 0
6639.040000 0.187599 0
6642.400000 0.161539 0
6645.760000 0.165847 0
6649.120000 0.189020 0
6652.480000 0.168344 0
6655.840000 0.181181 0
6659.200000 0.184763 0
6662.560000 0.185083 0
6665.920000 0.185307 0
6669.280000 0.177521 0
6672.640000 0.198297 0
6676.000000 0.172172 0
6679.360000 0.185906 0
6682.720000 0.205138 0
6686.080000 0.201024 0
6689.440000 0.203961 0
6692.800000 0.179696 0
6696.160000 0.185383 0
6699.520000 0.200449 0
6702.880000 0.191475 0
6706.240000 0.185491 0
6709.600000 0.192353 0
6712.960000 0.174764 0
6716.320000 0.191188 0
6719.680000 0.179696 0
6723.040000 0.173277 0
6726.400000 0.175013 0
6729.760000 0.184592 0
6733.120000 0.188957 0
6736.480000 0.195432 0
6739.840000 0.196562 0
6743.200000 0.189094 0
6746.560000 0.185532 0
6749.920000 0.183624 0
6753.280000 0.176900 0
6756.640000 0.184101 0
6760.000000 0.184836 0
6763.360000 0.166328 0
6766.720000 0.168663 0
6770.080000 0.203383 0
6773.440000 0.193875 0
6776.800000 0.187349 0
6780.160000 0.186162 0
6783.520000 0.199389 0
6786.880000 0.189210 0
6790.240000 0.195128 0
6793.600000 0.185018 0
6796.960000 0.173754 0
6800.320000 0.168943 0
6803.680000 0.174963 0
6807.040000 0.182312 0
6810.400000 0.168794 0
6813.760000 0.157538 0
6817.120000 0.184215 0
6820.480000 0.152565 0
6823.840000 0.162432 0
6827.200000 0.188466 0
6830.560000 0.188219 0
6833.920000 0.214792 0
6837.280000 0.159081 0
6840.640000 0.153785 0
6844.000000 0.133022 0
6847.360000 0.131254 0
6850.720000 0.136442 0
6854.080000 0.142639 0
6857.440000 0.161376 0
6860.800000 0.163706 0
6864.160000 0.149843 0
6867.520000 0.136500 0
6870.880000 0.156509 0
6874.240000 0.157287 0
6877.600000 0.153867 0
6880.960000 0.154621 0
6884.320000 0.175547 0
6887.680000 0.169466 0
6891.040000 0.155937 0
6894.400000 0.145080 0
6897.760000 0.163903 0
6901.120000 0.184104 0
6904.480000 0.173502 0
6907.840000 0.161055 0
6911.200000 0.192788 0
6914.560000 0.167415 0
6917.920000 0.162846 0
6921.280000 0.175579 0
6924.640000 0.198777 0
6928.000000 0.189914 0
6931.360000 0.176532 0
6934.720000 0.183805 0
6938.080000 0.201726 0
6941.440000 0.224162 0
6944.800000 0.185294 0
6948.160000 0.180830 0
6951.520000 0.208612 0
6954.880000 0.199282 0
6958.240000 0.182057 0
6961.600000 0.196845 0
6964.960000 0.196819 0
6968.320000 0.184526 0
6971.680000 0.176112 0
6975.040000 0.161266 0
6978.400000 0.174128 0
6981.760000 0.147909 0
6985.120000 0.195752 0
6988.480000 0.198641 0
6991.840000 0.189022 0
6995.200000 0.196147 0
6998.560000 0.225163 0
7001.920000 0.222156 0
7005.280000 0.197360 0
7008.640000 0.232453 0
7012.000000 0.217569 0
7015.360000 0.195927 0
7018.720000 0.186730 0
7022.080000 0.198153 0
7025.440000 0.217780 0
7028.800000 0.219565 0
7032.160000 0.209333 0
7035.520000 0.213701 0
7038.880000 0.206961 0
7042.240000 0.213801 0
7045.600000 0.214659 0
7048.960000 0.187410 0
7052.320000 0.192963 0
7055.680000 0.182454 0
7059.040000 0.182657 0
7062.400000 0.185941 0
7065.760000 0.204522 0
7069.120000 0.210048 0
7072.480000 0.200962 0
7075.840000 0.205229 0
7079.200000 0.202251 0
7082.560000 0.178351 0
7085.920000 0.208149 0
7089.280000 0.226079 0
7092.640000 0.220825 0
7096.000000 0.218996 0
7099.360000 0.212147 0
7102.720000 0.237369 0
7106.080000 0.211706 0
7109.440000 0.193528 0
7112.800000 0.182168 0
7116.160000 0.200479 0
7119.520000 0.212553 0
7122.880000 0.221208 0
7126.240000 0.220443 0
7129.600000 0.202509 0
7132.960000 0.228494 0
7136.320000 0.231720 0
7139.680000 0.200274 0
7143.040000 0.188355 0
7146.400000 0.205601 0
7149.760000 0.201096 0
7153.120000 0.186642 0
7156.480000 0.197064 0
7159.840000 0.202326 0
7163.200000 0.194594 0
7166.560000 0.189796 0
7169.920000 0.217884 0
7173.280000 0.221202 0
7176.640000 0.209018 0
7180.000000 0.208218 0
7183.360000 0.193683 0
7186.720000 0.201800 0
7190.080000 0.208925 0
7193.440000 0.199830 0
7196.800000 0.179918 0
7200.160000 0.179160 0
7203.520000 0.183317 0
7206.880000 0.208762 0
7210.240000 0.220394 0
7213.600000 0.210418 0
7216.960000 0.198508 0
7220.320000 0.211515 0
7223.680000 0.209584 0
7227.040000 0.195561 0
7230.400000 0.195809 0
7233.760000 0.181576 0
7237.120000 0.190582 0
7240.480000 0.244389 0
7243.840000 0.190601 0
7247.200000 0.231342 0
7250.560000 0.198810 0
7253.920000 0.187164 0
7257.280000 0.191182 0
7260.640000 0.199958 0
7264.000000 0.202593 0
7267.360000 0.196476 0
7270.720000 0.185695 0
7274.080000 0.179355 0
7277.440000 0.213883 0
7280.800000 0.191701 0
7284.160000 0.222634 0
7287.520000 0.214081 0
7290.880000 0.198414 0
7294.240000 0.193457 0
7297.600000 0.199406 0
7300.960000 0.177313 0
7304.320000 0.182766 0
7307.680000 0.211208 0
7311.040000 0.209851 0
7314.400000 0.209662 0
7317.760000 0.196719 0
7321.120000 0.182236 0
7324.480000 0.200459 0
7327.840000 0.192358 0
7331.200000 0.198891 0
7334.560000 0.216777 0
7337.920000 0.201034 0
7341.280000 0.250915 0
7344.640000 0.235989 0
7348.000000 0.212878 0
7351.360000 0.215445 0
7354.720000 0.224957 0
7358.080000 0.226459 0
7361.440000 0.206962 0
7364.800000 0.219115 0
7368.160000 0.193374 0
7371.520000 0.222137 0
7374.880000 0.190603 0
7378.240000 0.214611 0
7381.600000 0.212231 0
7384.960000 0.196749 0
7388.320000 0.215907 0
7391.680000 0.204668 0
7395.040000 0.218964 0
7398.400000 0.191911 0
7401.760000 0.191892 0
7405.120000 0.198534 0
7408.480000 0.206311 0
7411.840000 0.198385 0
7415.200000 0.186252 0
7418.560000 0.211011 0
7421.920000 0.223480 0
7425.280000 0.189487 0
7428.640000 0.196724 0
7432.000000 0.208674 0
7435.360000 0.208675 0
7438.720000 0.200934 0
7442.080000 0.176522 0
7445.440000 0.194940 0
7448.800000 0.208472 0
7452.160000 0.187551 0
7455.520000 0.185354 0
7458.880000 0.202094 0
7462.240000 0.211166 0
7465.600000 0.182728 0
7468.960000 0.205117 0
7472.320000 0.220296 0
7475.680000 0.216896 0
7479.040000 0.206411 0
7482.400000 0.183058 0
7485.760000 0.185742 0
7489.120000 0.204204 0
7492.480000 0.201235 0
7495.840000 0.207301 0
7499.200000 0.192232 0
7502.560000 0.196621 0
7505.920000 0.202544 0
7509.280000 0.212277 0
7512.640000 0.206758 0
7516.000000 0.189596 0
7519.360000 0.202718 0
7522.720000 0.206781 0
7526.080000 0.197076 0
7529.440000 0.187280 0
7532.800000 0.197105 0
7536.160000 0.202434 0
7539.520000 0.205978 0
7542.880000 0.184385 0
7546.240000 0.180285 0
7549.600000 0.196918 0
7552.960000 0.203582 0
7556.320000 0.204940 0
7559.680000 0.192004 0
7563.040000 0.171542 0
7566.400000 0.203633 0
7569.760000 0.201373 0
7573.120000 0.213820 0
7576.480000 0.243945 0
7579.840000 0.209462 0
7583.200000 0.207345 0
7586.560000 0.225424 0
7589.920000 0.199258 0
7593.280000 0.177554 0
7596.640000 0.121056 0
7600.000000 0.154658 0
7603.360000 0.126856 0
7606.720000 0.226830 0
7610.080000 0.233935 0
7613.440000 0.280031 0
7616.800000 0.271657 0
7620.160000 0.227519 0
7623.520000 0.183722 0
7626.880000 0.177589 0
7630.240000 0.236103 0
7633.600000 0.217996 0
7636.960000 0.204715 0
7640.320000 0.218647 0
7643.680000 0.224070 0
7647.040000 0.216270 0
7650.400000 0.227631 0
7653.760000 0.224817 0
7657.120000 0.238222 0
7660.480000 0.194542 0
7663.840000 0.181146 0
7667.200000 0.199611 0
7670.560000 0.232214 0
7673.920000 0.213213 0
7677.280000 0.197997 0
7680.640000 0.194624 0
7684.000000 0.194708 0
7687.360000 0.216112 0
7690.720000 0.193036 0
7694.080000 0.202688 0
7697.440000 0.197956 0
7700.800000 0.197903 0
7704.160000 0.191158 0
7707.520000 0.201970 0
7710.880000 0.248598 0
7714.240000 0.206995 0
7717.600000 0.196190 0
7720.960000 0.187593 0
7724.320000 0.191340 0
7727.680000 0.200818 0
7731.040000 0.191794 0
7734.400000 0.200831 0
7737.760000 0.206217 0
7741.120000 0.186296 0
7744.480000 0.167271 0
7747.840000 0.225803 0
7751.200000 0.220243 0
7754.560000 0.191034 0
7757.920000 0.194151 0
7761.280000 0.173293 0
7764.640000 0.195315 0
7768.000000 0.188577 0
7771.360000 0.205042 0
7774.720000 0.214332 0
7778.080000 0.226321 0
7781.440000 0.201955 0
7784.800000 0.193782 0
7788.160000 0.221233 0
7791.520000 0.177216 0
7794.880000 0.167089 0
7798.240000 0.178674 0
7801.600000 0.168655 0
7804.960000 0.148013 0
7808.320000 0.142253 0
7811.680000 0.161816 0
7815.040000 0.193796 0
7818.400000 0.211888 0
7821.760000 0.235558 0
7825.120000 0.230500 0
7828.480000 0.174666 0
7831.840000 0.179578 0
7835.200000 0.214481 0
7838.560000 0.176968 0
7841.920000 0.201855 0
7845.280000 0.187697 0
7848.640000 0.223761 0
7852.000000 0.200560 0
7855.360000 0.210931 0
7858.720000 0.186284 0
7862.080000 0.181354 0
7865.440000 0.211611 0
7868.800000 0.211336 0
7872.160000 0.207546 0
7875.520000 0.179109 0
7878.880000 0.209174 0
7882.240000 0.176578 0
7885.600000 0.205326 0
7888.960000 0.195313 0
7892.320000 0.230274 0
7895.680000 0.203751 0
7899.040000 0.190657 0
7902.400000 0.191983 0
7905.760000 0.219001 0
7909.120000 0.225573 0
7912.480000 0.215980 0
7915.840000 0.218744 0
7919.200000 0.192028 0
7922.560000 0.198240 0
7925.920000 0.191736 0
7929.280000 0.193521 0
7932.640000 0.186500 0
7936.000000 0.157068 0
7939.360000 0.188602 0
7942.720000 0.217176 0
7946.080000 0.199282 0
7949.440000 0.203607 0
7952.800000 0.197141 0
7956.160000 0.191004 0
7959.520000 0.209202 0
7962.880000 0.194174 0
7966.240000 0.201135 0
7969.600000 0.174418 0
7972.960000 0.191551 0
7976.320000 0.185252 0
7979.680000 0.198571 0
7983.040000 0.206739 0
7986.400000 0.194253 0
7989.760000 0.249244 0
7993.120000 0.214334 0
7996.480000 0.211049 0
7999.840000 0.220189 0
8003.200000 0.194293 0
8006.560000 0.207909 0
8009.920000 0.229473 0
8013.280000 0.212316 0
8016.640000 0.193970 0
8020.000000 0.198413 0
8023.360000 0.211194 0
8026.720000 0.226725 0
8030.080000 0.203197 0
8033.440000 0.209784 0
8036.800000 0.222923 0
8040.160000 0.207538 0
8043.520000 0.215655 0
8046.880000 0.231553 0
8050.240000 0.194251 0
8053.600000 0.200800 0
8056.960000 0.213942 0
8060.320000 0.228395 0
8063.680000 0.201145 0
8067.040000 0.190010 0
8070.400000 0.202422 0
8073.760000 0.201231 0
8077.120000 0.187914 0
8080.480000 0.195355 0
8083.840000 0.231165 0
8087.200000 0.258982 0
8090.560000 0.222719 0
8093.920000 0.219831 0
8097.280000 0.207410 0
8100.640000 0.225841 0
8104.000000 0.216775 0
8107.360000 0.225694 0
8110.720000 0.207769 0
8114.080000 0.204860 0
8117.440000 0.200600 0
8120.800000 0.193699 0
8124.160000 0.212484 0
8127.520000 0.214619 0
8130.880000 0.217836 0
8134.240000 0.195963 0
8137.600000 0.201532 0
8140.960000 0.215120 0
8144.320000 0.197406 0
8147.680000 0.186676 0
8151.040000 0.209182 0
8154.400000 0.201445 0
8157.760000 0.176190 0
8161.120000 0.174915 0
8164.480000 0.186108 0
8167.840000 0.179427 0
8171.200000 0.181943 0
8174.560000 0.180470 0
8177.920000 0.185746 0
8181.280000 0.178363 0
8184.640000 0.192547 0
8188.000000 0.212898 0
8191.360000 0.205265 0
8194.720000 0.186861 0
8198.080000 0.177468 0
8201.440000 0.194894 0
8204.800000 0.218316 0
8208.160000 0.199700 0
8211.520000 0.189224 0
8214.880000 0.199353 0
8218.240000 0.202553 0
8221.600000 0.187822 0
8224.960000 0.193617 0
8228.320000 0.189066 0
8231.680000 0.173996 0
8235.040000 0.172375 0
8238.400000 0.179466 0
8241.760000 0.189488 0
8245.120000 0.195973 0
8248.480000 0.198264 0
8251.840000 0.150252 0
8255.200000 0.176670 0
8258.560000 0.201561 0
8261.920000 0.178699 0
8265.280000 0.185278 0
8268.640000 0.194321 0
8272.000000 0.162729 0
8275.360000 0.180258 0
8278.720000 0.204130 0
8282.080000 0.207056 0
8285.440000 0.170299 0
8288.800000 0.126431 0
8292.160000 0.209173 0
8295.520000 0.151139 0
8298.880000 0.237424 0
8302.240000 0.166935 0
8305.600000 0.168927 0
8308.960000 0.214797 0
8312.320000 0.216676 0
8315.680000 0.195779 0
8319.040000 0.208473 0
8322.400000 0.214660 0
8325.760000 0.180456 0
8329.120000 0.206121 0
8332.480000 0.216278 0
8335.840000 0.167269 0
8339.200000 0.218306 0
8342.560000 0.201897 0
8345.920000 0.220728 0
8349.280000 0.194746 0
8352.640000 0.182948 0
8356.000000 0.225366 0
8359.360000 0.203814 0
8362.720000 0.185963 0
8366.080000 0.178424 0
8369.440000 0.222271 0
8372.800000 0.197246 0
8376.160000 0.182614 0
8379.520000 0.235613 0
8382.880000 0.215609 0
8386.240000 0.186661 0
8389.600000 0.188366 0
8392.960000 0.166365 0
8396.320000 0.270155 0
8399.680000 0.217017 0
8403.040000 0.173470 0
8406.400000 0.216258 0
8409.760000 0.176193 0
8413.120000 0.197225 0
8416.480000 0.210368 0
8419.840000 0.162018 0
8423.200000 0.135846 0
8426.560000 0.181046 0
8429.920000 0.145688 0
8433.280000 0.125359 0
8436.640000 0.199195 0
8440.000000 0.200508 0
8443.360000 0.210103 0
8446.720000 0.207182 0
8450.080000 0.192466 0
8453.440000 0.186552 0
8456.800000 0.157976 0
8460.160000 0.142637 0
8463.520000 0.162567 0
8466.880000 0.167015 0
8470.240000 0.214816 0
8473.600000 0.176516 0
8476.960000 0.193885 0
8480.320000 0.193344 0
8483.680000 0.186116 0
8487.040000 0.220512 0
8490.400000 0.207689 0
8493.760000 0.180233 0
8497.120000 0.176276 0
8500.480000 0.191315 0
8503.840000 0.220540 0
8507.200000 0.203964 0
8510.560000 0.164760 0
8513.920000 0.200555 0
8517.280000 0.182137 0
8520.640000 0.187887 0
8524.000000 0.175104 0
8527.360000 0.188829 0
8530.720000 0.202806 0
8534.080000 0.194754 0
8537.440000 0.207213 0
8540.800000 0.179577 0
8544.160000 0.166488 0
8547.520000 0.184528 0
8550.880000 0.228457 0
8554.240000 0.235722 0
8557.600000 0.205146 0
8560.960000 0.196736 0
8564.320000 0.197358 0
8567.680000 0.182503 0
8571.040000 0.169449 0
8574.400000 0.201461 0
8577.760000 0.196932 0
8581.120000 0.204191 0
8584.480000 0.217873 0
8587.840000 0.215063 0
8591.200000 0.156805 0
8594.560000 0.155835 0
8597.920000 0.171720 0
8601.280000 0.192059 0
8604.640000 0.205818 0
8608.000000 0.179478 0
8611.360000 0.203659 0
8614.720000 0.186557 0
8618.080000 0.166159 0
8621.440000 0.152876 0
8624.800000 0.179226 0
8628.160000 0.172423 0
8631.520000 0.187068 0
8634.880000 0.203303 0
8638.240000 0.218814 0
8641.600000 0.200191 0
8644.960000 0.186074 0
8648.320000 0.218522 0
8651.680000 0.199657 0
8655.040000 0.221142 0
8658.400000 0.211239 0
8661.760000 0.181401 0
8665.120000 0.174110 0
8668.480000 0.246043 0
8671.840000 0.215157 0
8675.200000 0.161075 0
8678.560000 0.169103 0
8681.920000 0.189415 0
8685.280000 0.184065 0
8688.640000 0.164414 0
8692.000000 0.162298 0
8695.360000 0.185057 0
8698.720000 0.185607 0
8702.080000 0.172951 0
8705.440000 0.166912 0
8708.800000 0.166315 0
8712.160000 0.185256 0
8715.520000 0.208038 0
8718.880000 0.213378 0
8722.240000 0.193759 0
8725.600000 0.201137 0
8728.960000 0.192351 0
8732.320000 0.208907 0
8735.680000 0.191518 0
8739.040000 0.183489 0
8742.400000 0.207323 0
8745.760000 0.196405 0
8749.120000 0.194618 0
8752.480000 0.141745 0
8755.840000 0.140628 0
8759.200000 0.179074 0
8762.560000 0.214800 0
8765.920000 0.264294 0
8769.280000 0.169730 0
8772.640000 0.157955 0
8776.000000 0.272406 0
8779.360000 0.282515 0
8782.720000 0.225429 0
8786.080000 0.209331 0
8789.440000 0.178940 0
8792.800000 0.142156 0
8796.160000 0.176997 0
8799.520000 0.201862 0
8802.880000 0.202264 0
8806.240000 0.208294 0
8809.600000 0.198612 0
8812.960000 0.190697 0
8816.320000 0.161077 0
8819.680000 0.079581 0
8823.040000 0.178804 0
8826.400000 0.160152 0
8829.760000 0.119319 0
8833.120000 0.193686 0
8836.480000 0.200267 0
8839.840000 0.210849 0
8843.200000 0.152461 0
8846.560000 0.199288 0
8849.920000 0.180911 0
8853.280000 0.213468 0
8856.640000 0.182948 0
8860.000000 0.145092 0
8863.360000 0.217796 0
8866.720000 0.187700 0
8870.080000 0.208238 0
8873.440000 0.161712 0
8876.800000 0.140600 0
8880.160000 0.172326 0
8883.520000 0.313414 0
8886.880000 0.183084 0
8890.240000 0.210091 0
8893.600000 0.225531 0
8896.960000 0.174463 0
8900.320000 0.207773 0
8903.680000 0.183450 0
8907.040000 0.154039 0
8910.400000 0.163474 0
8913.760000 0.099285 0
8917.120000 0.208194 0
8920.480000 0.145834 0
8923.840000 0.212967 0
8927.200000 0.204482 0
8930.560000 0.165989 0
8933.920000 0.172493 0
8937.280000 0.216582 0
8940.640000 0.234887 0
8944.000000 0.218184 0
8947.360000 0.139736 0
8950.720000 0.109787 0
8954.080000 0.182427 0
8957.440000 0.164783 0
8960.800000 0.180250 0
8964.160000 0.216564 0
8967.520000 0.194940 0
8970.880000 0.200528 0
8974.240000 0.194187 0
8977.600000 0.189551 0
8980.960000 0.137724 0
8984.320000 0.119687 0
8987.680000 0.200841 0
8991.040000 0.145708 0
8994.400000 0.156219 0
8997.760000 0.162060 0
9001.120000 0.144383 0
9004.480000 0.165456 0
9007.840000 0.238355 0
9011.200000 0.176932 0
9014.560000 0.189317 0
9017.920000 0.205536 0
9021.280000 0.175398 0
9024.640000 0.167229 0
9028.000000 0.179949 0
9031.360000 0.167124 0
9034.720000 0.175027 0
9038.080000 0.172036 0
9041.440000 0.184255 0
9044.800000 0.185967 0
9048.160000 0.237704 0
9051.520000 0.202649 0
9054.880000 0.177450 0
9058.240000 0.187500 0
9061.600000 0.176324 0
9064.960000 0.174616 0
9068.320000 0.172881 0
9071.680000 0.171940 0
9075.040000 0.166144 0
9078.400000 0.213587 0
9081.760000 0.186703 0
9085.120000 0.202702 0
9088.480000 0.202142 0
9091.840000 0.197889 0
9095.200000 0.190710 0
9098.560000 0.142381 0
9101.920000 0.157190 0
9105.280000 0.211175 0
9108.640000 0.177863 0
9112.000000 0.189530 0
9115.360000 0.189687 0
9118.720000 0.174584 0
9122.080000 0.164361 0
9125.440000 0.170022 0
9128.800000 0.200190 0
9132.160000 0.193649 0
9135.520000 0.165408 0
9138.880000 0.188996 0
9142.240000 0.214650 0
9145.600000 0.201260 0
9148.960000 0.188737 0
9152.320000 0.176867 0
9155.680000 0.205238 0
9159.040000 0.202417 0
9162.400000 0.177269 0
9165.760000 0.195815 0
9169.120000 0.186589 0
9172.480000 0.178442 0
9175.840000 0.163646 0
9179.200000 0.197134 0
9182.560000 0.197626 0
9185.920000 0.178011 0
9189.280000 0.188996 0
9192.640000 0.197746 0
9196.000000 0.195108 0
9199.360000 0.198458 0
9202.720000 0.202402 0
9206.080000 0.186548 0
9209.440000 0.158565 0
9212.800000 0.172826 0
9216.160000 0.177143 0
9219.520000 0.212594 0
9222.880000 0.196485 0
9226.240000 0.207391 0
9229.600000 0.188142 0
9232.960000 0.192587 0
9236.320000 0.188708 0
9239.680000 0.209516 0
9243.040000 0.181750 0
9246.400000 0.182139 0
9249.760000 0.193244 0
