# obs: 255738
# slit: 29
# z: 0.36317
# lines: H9,K,H,G
# spec: 188
4451.680000 0.000000 1
4455.040000 0.000000 1
4458.400000 0.000000 1
4461.760000 0.000000 1
4465.120000 0.000000 1
4468.480000 0.000000 1
4471.840000 0.000000 1
4475.200000 0.000000 1
4478.560000 0.000000 1
4481.920000 0.000000 1
4485.280000 0.000000 1
4488.640000 0.000000 1
4492.000000 0.000000 1
4495.360000 0.000000 1
4498.720000 0.001435 0
4502.080000 0.028753 0
4505.440000 0.026373 0
4508.800000 0.050168 0
4512.160000 0.041289 0
4515.520000 0.026908 0
4518.880000 0.018560 0
4522.240000 0.020741 0
4525.600000 0.021113 0
4528.960000 0.036554 0
4532.320000 0.024610 0
4535.680000 0.024106 0
4539.040000 0.017471 0
4542.400000 0.047397 0
4545.760000 0.020297 0
4549.120000 0.027321 0
4552.480000 0.014829 0
4555.840000 0.025701 0
4559.200000 0.031415 0
4562.560000 0.045012 0
4565.920000 0.025599 0
4569.280000 0.018330 0
4572.640000 0.022563 0
4576.000000 0.017666 0
4579.360000 0.034998 0
4582.720000 0.029138 0
4586.080000 0.015271 0
4589.440000 0.028984 0
4592.800000 0.014706 0
4596.160000 0.021540 0
4599.520000 0.021980 0
4602.880000 0.031223 0
4606.240000 0.027867 0
4609.600000 0.036576 0
4612.960000 0.017548 0
4616.320000 0.033627 0
4619.680000 0.040653 0
4623.040000 0.030711 0
4626.400000 0.028984 0
4629.760000 0.034476 0
4633.120000 0.043671 0
4636.480000 0.027054 0
4639.840000 0.036580 0
4643.200000 0.027491 0
4646.560000 0.027073 0
4649.920000 0.026869 0
4653.280000 0.013250 0
4656.640000 0.021583 0
4660.000000 0.021923 0
4663.360000 0.028607 0
4666.720000 0.030545 0
4670.080000 0.029876 0
4673.440000 0.034368 0
4676.800000 0.024040 0
4680.160000 0.028407 0
4683.520000 0.036951 0
4686.880000 -0.004370 0
4690.240000 0.023666 0
4693.600000 0.016906 0
4696.960000 0.030864 0
4700.320000 0.046569 0
4703.680000 0.034991 0
4707.040000 0.033086 0
4710.400000 0.020958 0
4713.760000 0.029427 0
4717.120000 0.028503 0
4720.480000 0.030054 0
4723.840000 0.036823 0
4727.200000 0.044578 0
4730.560000 0.014780 0
4733.920000 0.040885 0
4737.280000 0.034097 0
4740.640000 0.027551 0
4744.000000 0.028558 0
4747.360000 0.021419 0
4750.720000 0.033686 0
4754.080000 0.025343 0
4757.440000 0.024506 0
4760.800000 0.028659 0
4764.160000 0.020217 0
4767.520000 0.034926 0
4770.880000 0.033091 0
4774.240000 0.036742 0
4777.600000 0.032552 0
4780.960000 0.038199 0
4784.320000 0.035907 0
4787.680000 0.034628 0
4791.040000 0.033169 0
4794.400000 0.028668 0
4797.760000 0.040761 0
4801.120000 0.040175 0
4804.480000 0.033930 0
4807.840000 0.028155 0
4811.200000 0.018387 0
4814.560000 0.021530 0
4817.920000 0.037031 0
4821.280000 0.035150 0
4824.640000 0.018638 0
4828.000000 0.041139 0
4831.360000 0.040137 0
4834.720000 0.041104 0
4838.080000 0.028900 0
4841.440000 0.017361 0
4844.800000 0.037392 0
4848.160000 0.035905 0
4851.520000 0.038839 0
4854.880000 0.030541 0
4858.240000 0.052351 0
4861.600000 0.029669 0
4864.960000 0.024299 0
4868.320000 0.031866 0
4871.680000 0.021799 0
4875.040000 0.025947 0
4878.400000 0.029140 0
4881.760000 0.022239 0
4885.120000 0.013216 0
4888.480000 0.020470 0
4891.840000 0.028152 0
4895.200000 0.030542 0
4898.560000 0.037729 0
4901.920000 0.050070 0
4905.280000 0.036976 0
4908.640000 0.040326 0
4912.000000 0.045521 0
4915.360000 0.035532 0
4918.720000 0.028009 0
4922.080000 0.037694 0
4925.440000 0.037900 0
4928.800000 0.031612 0
4932.160000 0.041025 0
4935.520000 0.033333 0
4938.880000 0.040164 0
4942.240000 0.048133 0
4945.600000 0.048678 0
4948.960000 0.042638 0
4952.320000 0.035023 0
4955.680000 0.040237 0
4959.040000 0.028628 0
4962.400000 0.044817 0
4965.760000 0.039556 0
4969.120000 0.032677 0
4972.480000 0.037206 0
4975.840000 0.040494 0
4979.200000 0.044556 0
4982.560000 0.044272 0
4985.920000 0.041822 0
4989.280000 0.047427 0
4992.640000 0.038663 0
4996.000000 0.048195 0
4999.360000 0.066419 0
5002.720000 0.046125 0
5006.080000 0.060735 0
5009.440000 0.052599 0
5012.800000 0.053569 0
5016.160000 0.034305 0
5019.520000 0.034778 0
5022.880000 0.038224 0
5026.240000 0.052102 0
5029.600000 0.040731 0
5032.960000 0.035703 0
5036.320000 0.043617 0
5039.680000 0.047262 0
5043.040000 0.045507 0
5046.400000 0.054247 0
5049.760000 0.047276 0
5053.120000 0.039080 0
5056.480000 0.034952 0
5059.840000 0.044744 0
5063.200000 0.052804 0
5066.560000 0.043678 0
5069.920000 0.037031 0
5073.280000 0.046473 0
5076.640000 0.041757 0
5080.000000 0.060737 0
5083.360000 0.060817 0
5086.720000 0.059073 0
5090.080000 0.046479 0
5093.440000 0.035598 0
5096.800000 0.028051 0
5100.160000 0.040334 0
5103.520000 0.039126 0
5106.880000 0.032832 0
5110.240000 0.034823 0
5113.600000 0.034990 0
5116.960000 0.043593 0
5120.320000 0.038104 0
5123.680000 0.041709 0
5127.040000 0.046648 0
5130.400000 0.042826 0
5133.760000 0.034051 0
5137.120000 0.042024 0
5140.480000 0.036715 0
5143.840000 0.049421 0
5147.200000 0.054146 0
5150.560000 0.055872 0
5153.920000 0.060042 0
5157.280000 0.065887 0
5160.640000 0.059922 0
5164.000000 0.038861 0
5167.360000 0.043933 0
5170.720000 0.033279 0
5174.080000 0.040417 0
5177.440000 0.044662 0
5180.800000 0.049893 0
5184.160000 0.056258 0
5187.520000 0.064092 0
5190.880000 0.057855 0
5194.240000 0.048661 0
5197.600000 0.060824 0
5200.960000 0.045607 0
5204.320000 0.027936 0
5207.680000 0.034299 0
5211.040000 0.053304 0
5214.400000 0.035962 0
5217.760000 0.032630 0
5221.120000 0.038151 0
5224.480000 0.041239 0
5227.840000 0.027300 0
5231.200000 0.033263 0
5234.560000 0.019071 0
5237.920000 0.031631 0
5241.280000 0.050120 0
5244.640000 0.055999 0
5248.000000 0.057628 0
5251.360000 0.053816 0
5254.720000 0.049544 0
5258.080000 0.041512 0
5261.440000 0.038700 0
5264.800000 0.057264 0
5268.160000 0.047410 0
5271.520000 0.050041 0
5274.880000 0.046030 0
5278.240000 0.037577 0
5281.600000 0.039802 0
5284.960000 0.052066 0
5288.320000 0.048144 0
5291.680000 0.047078 0
5295.040000 0.043214 0
5298.400000 0.043597 0
5301.760000 0.056505 0
5305.120000 0.045459 0
5308.480000 0.051546 0
5311.840000 0.065249 0
5315.200000 0.054207 0
5318.560000 0.054351 0
5321.920000 0.042346 0
5325.280000 0.040017 0
5328.640000 0.059629 0
5332.000000 0.063626 0
5335.360000 0.064244 0
5338.720000 0.058598 0
5342.080000 0.052294 0
5345.440000 0.052354 0
5348.800000 0.049765 0
5352.160000 0.043467 0
5355.520000 0.028508 0
5358.880000 0.024008 0
5362.240000 0.016271 0
5365.600000 0.013205 0
5368.960000 0.027404 0
5372.320000 0.027426 0
5375.680000 0.036881 0
5379.040000 0.053214 0
5382.400000 0.053535 0
5385.760000 0.050223 0
5389.120000 0.051542 0
5392.480000 0.052043 0
5395.840000 0.056323 0
5399.200000 0.045025 0
5402.560000 0.042888 0
5405.920000 0.032687 0
5409.280000 0.015146 0
5412.640000 0.020441 0
5416.000000 0.032704 0
5419.360000 0.049593 0
5422.720000 0.057628 0
5426.080000 0.064313 0
5429.440000 0.079757 0
5432.800000 0.074194 0
5436.160000 0.059264 0
5439.520000 0.075454 0
5442.880000 0.058854 0
5446.240000 0.061471 0
5449.600000 0.063657 0
5452.960000 0.067592 0
5456.320000 0.081006 0
5459.680000 0.070142 0
5463.040000 0.071158 0
5466.400000 0.076868 0
5469.760000 0.077988 0
5473.120000 0.085492 0
5476.480000 0.085391 0
5479.840000 0.086805 0
5483.200000 0.083731 0
5486.560000 0.069137 0
5489.920000 0.074089 0
5493.280000 0.070509 0
5496.640000 0.063521 0
5500.000000 0.069581 0
5503.360000 0.075973 0
5506.720000 0.084698 0
5510.080000 0.093820 0
5513.440000 0.070474 0
5516.800000 0.054166 0
5520.160000 0.076484 0
5523.520000 0.072015 0
5526.880000 0.074694 0
5530.240000 0.067613 0
5533.600000 0.054073 0
5536.960000 0.073701 0
5540.320000 0.051141 0
5543.680000 0.066851 0
5547.040000 0.076266 0
5550.400000 0.079925 0
5553.760000 0.078769 0
5557.120000 0.066225 0
5560.480000 0.074252 0
5563.840000 0.068908 1
5567.200000 0.087881 1
5570.560000 0.068226 1
5573.920000 0.035156 1
5577.280000 0.054605 1
5580.640000 0.080573 1
5584.000000 0.075298 1
5587.360000 0.055435 1
5590.720000 0.067771 1
5594.080000 0.073597 1
5597.440000 0.074840 1
5600.800000 0.083350 0
5604.160000 0.071523 0
5607.520000 0.074616 0
5610.880000 0.080659 0
5614.240000 0.077551 0
5617.600000 0.078325 0
5620.960000 0.077190 0
5624.320000 0.083725 0
5627.680000 0.074899 0
5631.040000 0.063863 0
5634.400000 0.078797 0
5637.760000 0.089374 0
5641.120000 0.084230 0
5644.480000 0.072346 0
5647.840000 0.075257 0
5651.200000 0.073337 0
5654.560000 0.084402 0
5657.920000 0.078065 0
5661.280000 0.070388 0
5664.640000 0.072162 0
5668.000000 0.073279 0
5671.360000 0.073001 0
5674.720000 0.070469 0
5678.080000 0.085873 0
5681.440000 0.072676 0
5684.800000 0.065442 0
5688.160000 0.064577 0
5691.520000 0.066987 0
5694.880000 0.068594 0
5698.240000 0.068565 0
5701.600000 0.065772 0
5704.960000 0.085158 0
5708.320000 0.069888 0
5711.680000 0.080615 0
5715.040000 0.089215 0
5718.400000 0.066045 0
5721.760000 0.068915 0
5725.120000 0.073362 0
5728.480000 0.072787 0
5731.840000 0.076895 0
5735.200000 0.078683 0
5738.560000 0.080719 0
5741.920000 0.074934 0
5745.280000 0.074978 0
5748.640000 0.076388 0
5752.000000 0.086344 0
5755.360000 0.081590 0
5758.720000 0.061925 0
5762.080000 0.068073 0
5765.440000 0.073787 0
5768.800000 0.079949 0
5772.160000 0.083447 0
5775.520000 0.067414 0
5778.880000 0.064748 0
5782.240000 0.089685 0
5785.600000 0.090313 0
5788.960000 0.080741 0
5792.320000 0.072383 0
5795.680000 0.061658 0
5799.040000 0.064052 0
5802.400000 0.084307 0
5805.760000 0.081658 0
5809.120000 0.073838 0
5812.480000 0.092133 0
5815.840000 0.082342 0
5819.200000 0.080314 0
5822.560000 0.083108 0
5825.920000 0.074922 0
5829.280000 0.069778 0
5832.640000 0.078817 0
5836.000000 0.099033 0
5839.360000 0.084851 0
5842.720000 0.070031 0
5846.080000 0.070870 0
5849.440000 0.070490 0
5852.800000 0.084331 0
5856.160000 0.060231 0
5859.520000 0.062714 0
5862.880000 0.061902 0
5866.240000 0.056212 0
5869.600000 0.054982 0
5872.960000 0.046389 0
5876.320000 0.047629 0
5879.680000 0.072626 0
5883.040000 0.072029 0
5886.400000 0.058988 0
5889.760000 0.072927 0
5893.120000 0.067075 0
5896.480000 0.062224 0
5899.840000 0.072195 0
5903.200000 0.076144 0
5906.560000 0.086181 0
5909.920000 0.084008 0
5913.280000 0.083003 0
5916.640000 0.057494 0
5920.000000 0.068506 0
5923.360000 0.078010 0
5926.720000 0.077968 0
5930.080000 0.057493 0
5933.440000 0.081357 0
5936.800000 0.089566 0
5940.160000 0.072787 0
5943.520000 0.092573 0
5946.880000 0.089580 0
5950.240000 0.089527 0
5953.600000 0.090801 0
5956.960000 0.094721 0
5960.320000 0.085591 0
5963.680000 0.070710 0
5967.040000 0.087588 0
5970.400000 0.090084 0
5973.760000 0.076560 0
5977.120000 0.058490 0
5980.480000 0.073901 0
5983.840000 0.085816 0
5987.200000 0.088623 0
5990.560000 0.090497 0
5993.920000 0.084882 0
5997.280000 0.075436 0
6000.640000 0.077497 0
6004.000000 0.067210 0
6007.360000 0.067521 0
6010.720000 0.092161 0
6014.080000 0.094714 0
6017.440000 0.098625 0
6020.800000 0.088545 0
6024.160000 0.083136 0
6027.520000 0.087157 0
6030.880000 0.078303 0
6034.240000 0.086640 0
6037.600000 0.103067 0
6040.960000 0.102282 0
6044.320000 0.094742 0
6047.680000 0.090247 0
6051.040000 0.090259 0
6054.400000 0.079126 0
6057.760000 0.103872 0
6061.120000 0.106233 0
6064.480000 0.085945 0
6067.840000 0.095044 0
6071.200000 0.092035 0
6074.560000 0.093672 0
6077.920000 0.086200 0
6081.280000 0.083712 0
6084.640000 0.086049 0
6088.000000 0.099704 0
6091.360000 0.097206 0
6094.720000 0.104568 0
6098.080000 0.099866 0
6101.440000 0.089692 0
6104.800000 0.107191 0
6108.160000 0.105898 0
6111.520000 0.090639 0
6114.880000 0.083843 0
6118.240000 0.091009 0
6121.600000 0.098402 0
6124.960000 0.102222 0
6128.320000 0.097327 0
6131.680000 0.098684 0
6135.040000 0.100701 0
6138.400000 0.091420 0
6141.760000 0.098137 0
6145.120000 0.105946 0
6148.480000 0.106676 0
6151.840000 0.109067 0
6155.200000 0.107466 0
6158.560000 0.092731 0
6161.920000 0.090094 0
6165.280000 0.094140 0
6168.640000 0.090220 0
6172.000000 0.086865 0
6175.360000 0.090463 0
6178.720000 0.093096 0
6182.080000 0.091857 0
6185.440000 0.090767 0
6188.800000 0.107901 0
6192.160000 0.109733 0
6195.520000 0.103788 0
6198.880000 0.096862 0
6202.240000 0.093308 0
6205.600000 0.091113 0
6208.960000 0.101027 0
6212.320000 0.112860 0
6215.680000 0.107706 0
6219.040000 0.109005 0
6222.400000 0.102117 0
6225.760000 0.113114 0
6229.120000 0.104278 0
6232.480000 0.095282 0
6235.840000 0.094223 0
6239.200000 0.109633 0
6242.560000 0.101984 0
6245.920000 0.097513 0
6249.280000 0.099141 0
6252.640000 0.105866 0
6256.000000 0.112416 0
6259.360000 0.100354 0
6262.720000 0.088022 0
6266.080000 0.097663 0
6269.440000 0.091696 0
6272.800000 0.099907 0
6276.160000 0.101622 0
6279.520000 0.096898 0
6282.880000 0.107616 0
6286.240000 0.110184 0
6289.600000 0.096276 0
6292.960000 0.091683 0
6296.320000 0.098551 0
6299.680000 0.097611 0
6303.040000 0.101407 0
6306.400000 0.091227 0
6309.760000 0.115400 0
6313.120000 0.123086 0
6316.480000 0.100816 0
6319.840000 0.107387 0
6323.200000 0.115452 0
6326.560000 0.099102 0
6329.920000 0.103088 0
6333.280000 0.105618 0
6336.640000 0.115198 0
6340.000000 0.097619 0
6343.360000 0.086297 0
6346.720000 0.098200 0
6350.080000 0.110570 0
6353.440000 0.105341 0
6356.800000 0.099473 0
6360.160000 0.080761 0
6363.520000 0.083656 0
6366.880000 0.117497 0
6370.240000 0.113104 0
6373.600000 0.109731 0
6376.960000 0.108192 0
6380.320000 0.101343 0
6383.680000 0.109197 0
6387.040000 0.102944 0
6390.400000 0.103364 0
6393.760000 0.110201 0
6397.120000 0.106416 0
6400.480000 0.100521 0
6403.840000 0.102016 0
6407.200000 0.105986 0
6410.560000 0.089675 0
6413.920000 0.084261 0
6417.280000 0.105791 0
6420.640000 0.106262 0
6424.000000 0.093509 0
6427.360000 0.094487 0
6430.720000 0.106388 0
6434.080000 0.112894 0
6437.440000 0.109098 0
6440.800000 0.109983 0
6444.160000 0.104529 0
6447.520000 0.080825 0
6450.880000 0.083285 0
6454.240000 0.104102 0
6457.600000 0.098218 0
6460.960000 0.103729 0
6464.320000 0.094407 0
6467.680000 0.100538 0
6471.040000 0.107340 0
6474.400000 0.094898 0
6477.760000 0.099199 0
6481.120000 0.110415 0
6484.480000 0.116182 0
6487.840000 0.102464 0
6491.200000 0.109823 0
6494.560000 0.100213 0
6497.920000 0.099218 0
6501.280000 0.099206 0
6504.640000 0.100260 0
6508.000000 0.119849 0
6511.360000 0.114079 0
6514.720000 0.099808 0
6518.080000 0.113175 0
6521.440000 0.112690 0
6524.800000 0.096712 0
6528.160000 0.110277 0
6531.520000 0.122780 0
6534.880000 0.108414 0
6538.240000 0.117318 0
6541.600000 0.101581 0
6544.960000 0.095343 0
6548.320000 0.104426 0
6551.680000 0.108173 0
6555.040000 0.105935 0
6558.400000 0.114566 0
6561.760000 0.118809 0
6565.120000 0.112454 0
6568.480000 0.112205 0
6571.840000 0.100406 0
6575.200000 0.100521 0
6578.560000 0.103566 0
6581.920000 0.107725 0
6585.280000 0.099698 0
6588.640000 0.110195 0
6592.000000 0.108581 0
6595.360000 0.107444 0
6598.720000 0.104652 0
6602.080000 0.098505 0
6605.440000 0.108836 0
6608.800000 0.110396 0
6612.160000 0.109712 0
6615.520000 0.105407 0
6618.880000 0.093985 0
6622.240000 0.098592 0
6625.600000 0.095377 0
6628.960000 0.083458 0
6632.320000 0.084735 0
6635.680000 0.098546 0
6639.040000 0.113186 0
6642.400000 0.102432 0
6645.760000 0.094323 0
6649.120000 0.101129 0
6652.480000 0.092372 0
6655.840000 0.100153 0
6659.200000 0.100688 0
6662.560000 0.094923 0
6665.920000 0.102393 0
6669.280000 0.099016 0
6672.640000 0.119788 0
6676.000000 0.132652 0
6679.360000 0.119492 0
6682.720000 0.107159 0
6686.080000 0.107122 0
6689.440000 0.111540 0
6692.800000 0.108078 0
6696.160000 0.104533 0
6699.520000 0.111682 0
6702.880000 0.109845 0
6706.240000 0.096287 0
6709.600000 0.097346 0
6712.960000 0.104690 0
6716.320000 0.111175 0
6719.680000 0.111244 0
6723.040000 0.117255 0
6726.400000 0.096718 0
6729.760000 0.099801 0
6733.120000 0.115968 0
6736.480000 0.107562 0
6739.840000 0.112962 0
6743.200000 0.112759 0
6746.560000 0.115436 0
6749.920000 0.109139 0
6753.280000 0.101573 0
6756.640000 0.099526 0
6760.000000 0.110828 0
6763.360000 0.110687 0
6766.720000 0.118137 0
6770.080000 0.106088 0
6773.440000 0.106324 0
6776.800000 0.098343 0
6780.160000 0.113183 0
6783.520000 0.110386 0
6786.880000 0.109851 0
6790.240000 0.100630 0
6793.600000 0.087417 0
6796.960000 0.102903 0
6800.320000 0.108363 0
6803.680000 0.099015 0
6807.040000 0.109178 0
6810.400000 0.113114 0
6813.760000 0.107668 0
6817.120000 0.104747 0
6820.480000 0.095384 0
6823.840000 0.093811 0
6827.200000 0.108150 0
6830.560000 0.116877 0
6833.920000 0.083868 0
6837.280000 0.102551 0
6840.640000 0.089756 0
6844.000000 0.098293 0
6847.360000 0.097546 0
6850.720000 0.102380 0
6854.080000 0.111269 0
6857.440000 0.116515 0
6860.800000 0.122764 0
6864.160000 0.091581 0
6867.520000 0.079950 0
6870.880000 0.076880 0
6874.240000 0.069600 0
6877.600000 0.083018 0
6880.960000 0.091312 0
6884.320000 0.076648 0
6887.680000 0.085869 0
6891.040000 0.102999 0
6894.400000 0.085253 0
6897.760000 0.088413 0
6901.120000 0.109514 0
6904.480000 0.101092 0
6907.840000 0.102154 0
6911.200000 0.114736 0
6914.560000 0.112070 0
6917.920000 0.107411 0
6921.280000 0.101088 0
6924.640000 0.095227 0
6928.000000 0.093073 0
6931.360000 0.094457 0
6934.720000 0.098354 0
6938.080000 0.097946 0
6941.440000 0.100785 0
6944.800000 0.107704 0
6948.160000 0.100186 0
6951.520000 0.090348 0
6954.880000 0.090810 0
6958.240000 0.096533 0
6961.600000 0.098981 0
6964.960000 0.105257 0
6968.320000 0.109786 0
6971.680000 0.091681 0
6975.040000 0.104685 0
6978.400000 0.106013 0
6981.760000 0.103381 0
6985.120000 0.088093 0
6988.480000 0.097439 0
6991.840000 0.089201 0
6995.200000 0.105524 0
6998.560000 0.119112 0
7001.920000 0.088606 0
7005.280000 0.096799 0
7008.640000 0.103763 0
7012.000000 0.094422 0
7015.360000 0.097933 0
7018.720000 0.106080 0
7022.080000 0.108093 0
7025.440000 0.104638 0
7028.800000 0.108687 0
7032.160000 0.106927 0
7035.520000 0.094371 0
7038.880000 0.094128 0
7042.240000 0.085607 0
7045.600000 0.083633 0
7048.960000 0.072855 0
7052.320000 0.076220 0
7055.680000 0.090712 0
7059.040000 0.099447 0
7062.400000 0.094647 0
7065.760000 0.077684 0
7069.120000 0.082663 0
7072.480000 0.094324 0
7075.840000 0.107179 0
7079.200000 0.106346 0
7082.560000 0.100920 0
7085.920000 0.098935 0
7089.280000 0.093704 0
7092.640000 0.097922 0
7096.000000 0.093092 0
7099.360000 0.092381 0
7102.720000 0.100044 0
7106.080000 0.094873 0
7109.440000 0.096333 0
7112.800000 0.114171 0
7116.160000 0.117457 0
7119.520000 0.103766 0
7122.880000 0.096637 0
7126.240000 0.099411 0
7129.600000 0.087738 0
7132.960000 0.103200 0
7136.320000 0.094275 0
7139.680000 0.104945 0
7143.040000 0.103299 0
7146.400000 0.118266 0
7149.760000 0.115673 0
7153.120000 0.100415 0
7156.480000 0.103080 0
7159.840000 0.110592 0
7163.200000 0.107819 0
7166.560000 0.098565 0
7169.920000 0.099430 0
7173.280000 0.089443 0
7176.640000 0.086638 0
7180.000000 0.078411 0
7183.360000 0.078248 0
7186.720000 0.078720 0
7190.080000 0.078862 0
7193.440000 0.091102 0
7196.800000 0.074573 0
7200.160000 0.086612 0
7203.520000 0.089365 0
7206.880000 0.096093 0
7210.240000 0.103237 0
7213.600000 0.118277 0
7216.960000 0.114974 0
7220.320000 0.095025 0
7223.680000 0.101270 0
7227.040000 0.091968 0
7230.400000 0.100558 0
7233.760000 0.099378 0
7237.120000 0.098514 0
7240.480000 0.082751 0
7243.840000 0.114057 0
7247.200000 0.094484 0
7250.560000 0.098123 0
7253.920000 0.098605 0
7257.280000 0.099591 0
7260.640000 0.092656 0
7264.000000 0.089617 0
7267.360000 0.098866 0
7270.720000 0.101857 0
7274.080000 0.103386 0
7277.440000 0.092226 0
7280.800000 0.106193 0
7284.160000 0.107453 0
7287.520000 0.101027 0
7290.880000 0.092068 0
7294.240000 0.095246 0
7297.600000 0.117270 0
7300.960000 0.117547 0
7304.320000 0.112443 0
7307.680000 0.101815 0
7311.040000 0.116647 0
7314.400000 0.118213 0
7317.760000 0.111743 0
7321.120000 0.110596 0
7324.480000 0.105348 0
7327.840000 0.114409 0
7331.200000 0.130016 0
7334.560000 0.117868 0
7337.920000 0.102957 0
7341.280000 0.107231 0
7344.640000 0.102793 0
7348.000000 0.096989 0
7351.360000 0.103231 0
7354.720000 0.117271 0
7358.080000 0.099773 0
7361.440000 0.109393 0
7364.800000 0.125204 0
7368.160000 0.113722 0
7371.520000 0.119145 0
7374.880000 0.124551 0
7378.240000 0.108238 0
7381.600000 0.114227 0
7384.960000 0.107102 0
7388.320000 0.114021 0
7391.680000 0.110899 0
7395.040000 0.107881 0
7398.400000 0.140414 0
7401.760000 0.121232 0
7405.120000 0.076190 0
7408.480000 0.098275 0
7411.840000 0.112932 0
7415.200000 0.128432 0
7418.560000 0.122756 0
7421.920000 0.120112 0
7425.280000 0.123656 0
7428.640000 0.109485 0
7432.000000 0.095268 0
7435.360000 0.108317 0
7438.720000 0.109510 0
7442.080000 0.103258 0
7445.440000 0.107924 0
7448.800000 0.104410 0
7452.160000 0.115384 0
7455.520000 0.114692 0
7458.880000 0.103842 0
7462.240000 0.098125 0
7465.600000 0.101416 0
7468.960000 0.096732 0
7472.320000 0.111527 0
7475.680000 0.114139 0
7479.040000 0.113638 0
7482.400000 0.110945 0
7485.760000 0.110036 0
7489.120000 0.105513 0
7492.480000 0.109964 0
7495.840000 0.113755 0
7499.200000 0.116779 0
7502.560000 0.113901 0
7505.920000 0.109975 0
7509.280000 0.110711 0
7512.640000 0.111356 0
7516.000000 0.100480 0
7519.360000 0.108406 0
7522.720000 0.121952 0
7526.080000 0.097359 0
7529.440000 0.106023 0
7532.800000 0.116850 0
7536.160000 0.102274 0
7539.520000 0.101471 0
7542.880000 0.099326 0
7546.240000 0.112922 0
7549.600000 0.109813 0
7552.960000 0.123524 0
7556.320000 0.126013 0
7559.680000 0.107038 0
7563.040000 0.114633 0
7566.400000 0.123339 0
7569.760000 0.111307 0
7573.120000 0.108499 0
7576.480000 0.102146 0
7579.840000 0.100769 0
7583.200000 0.120520 0
7586.560000 0.114901 0
7589.920000 0.130544 0
7593.280000 0.124326 0
7596.640000 0.096106 0
7600.000000 0.071845 0
7603.360000 0.046977 0
7606.720000 0.085470 0
7610.080000 0.086902 0
7613.440000 0.108135 0
7616.800000 0.113797 0
7620.160000 0.119022 0
7623.520000 0.117119 0
7626.880000 0.103501 0
7630.240000 0.099378 0
7633.600000 0.103356 0
7636.960000 0.107844 0
7640.320000 0.097280 0
7643.680000 0.110000 0
7647.040000 0.120226 0
7650.400000 0.110984 0
7653.760000 0.108152 0
7657.120000 0.111621 0
7660.480000 0.082899 0
7663.840000 0.126445 0
7667.200000 0.110139 0
7670.560000 0.088054 0
7673.920000 0.116007 0
7677.280000 0.106413 0
7680.640000 0.091621 0
7684.000000 0.087625 0
7687.360000 0.109449 0
7690.720000 0.094676 0
7694.080000 0.104463 0
7697.440000 0.091633 0
7700.800000 0.110306 0
7704.160000 0.091400 0
7707.520000 0.083504 0
7710.880000 0.107040 0
7714.240000 0.096118 0
7717.600000 0.134155 0
7720.960000 0.084556 0
7724.320000 0.089358 0
7727.680000 0.102981 0
7731.040000 0.095181 0
7734.400000 0.109676 0
7737.760000 0.093621 0
7741.120000 0.083344 0
7744.480000 0.114616 0
7747.840000 0.104653 0
7751.200000 0.115652 0
7754.560000 0.114774 0
7757.920000 0.106754 0
7761.280000 0.113300 0
7764.640000 0.110496 0
7768.000000 0.098772 0
7771.360000 0.090440 0
7774.720000 0.097835 0
7778.080000 0.095920 0
7781.440000 0.096102 0
7784.800000 0.078503 0
7788.160000 0.087513 0
7791.520000 0.087087 0
7794.880000 0.077206 0
7798.240000 0.098732 0
7801.600000 0.104053 0
7804.960000 0.087465 0
7808.320000 0.094923 0
7811.680000 0.103906 0
7815.040000 0.110985 0
7818.400000 0.111002 0
7821.760000 0.121692 0
7825.120000 0.117747 0
7828.480000 0.101289 0
7831.840000 0.100707 0
7835.200000 0.099523 0
7838.560000 0.103327 0
7841.920000 0.101086 0
7845.280000 0.115786 0
7848.640000 0.108656 0
7852.000000 0.107794 0
7855.360000 0.108599 0
7858.720000 0.073809 0
7862.080000 0.093516 0
7865.440000 0.093589 0
7868.800000 0.097753 0
7872.160000 0.091780 0
7875.520000 0.109905 0
7878.880000 0.109049 0
7882.240000 0.105744 0
7885.600000 0.105296 0
7888.960000 0.099783 0
7892.320000 0.068548 0
7895.680000 0.077446 0
7899.040000 0.087642 0
7902.400000 0.091747 0
7905.760000 0.091967 0
7909.120000 0.108548 0
7912.480000 0.107787 0
7915.840000 0.095307 0
7919.200000 0.107608 0
7922.560000 0.110420 0
7925.920000 0.080164 0
7929.280000 0.091766 0
7932.640000 0.105428 0
7936.000000 0.094468 0
7939.360000 0.110375 0
7942.720000 0.079821 0
7946.080000 0.112056 0
7949.440000 0.123201 0
7952.800000 0.102408 0
7956.160000 0.101256 0
7959.520000 0.116525 0
7962.880000 0.099604 0
7966.240000 0.110105 0
7969.600000 0.097496 0
7972.960000 0.112825 0
7976.320000 0.093031 0
7979.680000 0.093332 0
7983.040000 0.115763 0
7986.400000 0.122806 0
7989.760000 0.096351 0
7993.120000 0.107737 0
7996.480000 0.100717 0
7999.840000 0.108901 0
8003.200000 0.104261 0
8006.560000 0.102098 0
8009.920000 0.115347 0
8013.280000 0.091635 0
8016.640000 0.114113 0
8020.000000 0.112156 0
8023.360000 0.098211 0
8026.720000 0.099377 0
8030.080000 0.068435 0
8033.440000 0.075866 0
8036.800000 0.089423 0
8040.160000 0.081650 0
8043.520000 0.094569 0
8046.880000 0.107053 0
8050.240000 0.109892 0
8053.600000 0.110758 0
8056.960000 0.123397 0
8060.320000 0.106822 0
8063.680000 0.086882 0
8067.040000 0.103567 0
8070.400000 0.088570 0
8073.760000 0.093237 0
8077.120000 0.098465 0
8080.480000 0.101935 0
8083.840000 0.112434 0
8087.200000 0.113210 0
8090.560000 0.106711 0
8093.920000 0.119500 0
8097.280000 0.100120 0
8100.640000 0.113518 0
8104.000000 0.122281 0
8107.360000 0.108192 0
8110.720000 0.111935 0
8114.080000 0.104247 0
8117.440000 0.098155 0
8120.800000 0.125624 0
8124.160000 0.094294 0
8127.520000 0.124332 0
8130.880000 0.125496 0
8134.240000 0.093751 0
8137.600000 0.109605 0
8140.960000 0.113260 0
8144.320000 0.088170 0
8147.680000 0.080766 0
8151.040000 0.113878 0
8154.400000 0.119117 0
8157.760000 0.085079 0
8161.120000 0.080226 0
8164.480000 0.109816 0
8167.840000 0.087799 0
8171.200000 0.101454 0
8174.560000 0.088760 0
8177.920000 0.089742 0
8181.280000 0.095288 0
8184.640000 0.097302 0
8188.000000 0.100558 0
8191.360000 0.104832 0
8194.720000 0.091740 0
8198.080000 0.091495 0
8201.440000 0.097607 0
8204.800000 0.096551 0
8208.160000 0.097350 0
8211.520000 0.103078 0
8214.880000 0.101693 0
8218.240000 0.099292 0
8221.600000 0.101751 0
8224.960000 0.098742 0
8228.320000 0.067704 0
8231.680000 0.077566 0
8235.040000 0.099385 0
8238.400000 0.105062 0
8241.760000 0.104825 0
8245.120000 0.091175 0
8248.480000 0.099118 0
8251.840000 0.104739 0
8255.200000 0.103947 0
8258.560000 0.114586 0
8261.920000 0.096011 0
8265.280000 0.105570 0
8268.640000 0.123753 0
8272.000000 0.100524 0
8275.360000 0.095285 0
8278.720000 0.112420 0
8282.080000 0.109101 0
8285.440000 0.086245 0
8288.800000 0.100104 0
8292.160000 0.116349 0
8295.520000 0.110914 0
8298.880000 0.107737 0
8302.240000 0.111431 0
8305.600000 0.085359 0
8308.960000 0.106202 0
8312.320000 0.086626 0
8315.680000 0.096597 0
8319.040000 0.102307 0
8322.400000 0.098422 0
8325.760000 0.090876 0
8329.120000 0.080672 0
8332.480000 0.106068 0
8335.840000 0.100239 0
8339.200000 0.100324 0
8342.560000 0.117475 0
8345.920000 0.053298 0
8349.280000 0.130046 0
8352.640000 0.099036 0
8356.000000 0.108736 0
8359.360000 0.094521 0
8362.720000 0.082877 0
8366.080000 0.079193 0
8369.440000 0.076876 0
8372.800000 0.106079 0
8376.160000 0.099092 0
8379.520000 0.097224 0
8382.880000 0.116848 0
8386.240000 0.103473 0
8389.600000 0.107434 0
8392.960000 0.092398 0
8396.320000 0.120108 0
8399.680000 0.087305 0
8403.040000 0.098550 0
8406.400000 0.108307 0
8409.760000 0.105451 0
8413.120000 0.098943 0
8416.480000 0.077867 0
8419.840000 0.060712 0
8423.200000 0.075530 0
8426.560000 0.089202 0
8429.920000 0.082654 0
8433.280000 0.089629 0
8436.640000 0.088818 0
8440.000000 0.090976 0
8443.360000 0.094247 0
8446.720000 0.085150 0
8450.080000 0.097973 0
8453.440000 0.099841 0
8456.800000 0.104172 0
8460.160000 0.084051 0
8463.520000 0.075639 0
8466.880000 0.097294 0
8470.240000 0.117960 0
8473.600000 0.108966 0
8476.960000 0.100291 0
8480.320000 0.091200 0
8483.680000 0.106174 0
8487.040000 0.106008 0
8490.400000 0.087478 0
8493.760000 0.096387 0
8497.120000 0.091203 0
8500.480000 0.101781 0
8503.840000 0.085284 0
8507.200000 0.085954 0
8510.560000 0.095898 0
8513.920000 0.104433 0
8517.280000 0.102511 0
8520.640000 0.102512 0
8524.000000 0.073380 0
8527.360000 0.072445 0
8530.720000 0.077069 0
8534.080000 0.085651 0
8537.440000 0.092011 0
8540.800000 0.098912 0
8544.160000 0.098794 0
8547.520000 0.104644 0
8550.880000 0.120476 0
8554.240000 0.096603 0
8557.600000 0.084177 0
8560.960000 0.077178 0
8564.320000 0.089390 0
8567.680000 0.106616 0
8571.040000 0.094602 0
8574.400000 0.088640 0
8577.760000 0.099526 0
8581.120000 0.088352 0
8584.480000 0.100296 0
8587.840000 0.104330 0
8591.200000 0.099615 0
8594.560000 0.099840 0
8597.920000 0.100296 0
8601.280000 0.094397 0
8604.640000 0.104262 0
8608.000000 0.090586 0
8611.360000 0.091407 0
8614.720000 0.078325 0
8618.080000 0.097242 0
8621.440000 0.111814 0
8624.800000 0.113828 0
8628.160000 0.116357 0
8631.520000 0.101609 0
8634.880000 0.104715 0
8638.240000 0.107627 0
8641.600000 0.105300 0
8644.960000 0.100745 0
8648.320000 0.100270 0
8651.680000 0.118393 0
8655.040000 0.139827 0
8658.400000 0.088115 0
8661.760000 0.101045 0
8665.120000 0.098859 0
8668.480000 0.091975 0
8671.840000 0.085799 0
8675.200000 0.096621 0
8678.560000 0.089580 0
8681.920000 0.088020 0
8685.280000 0.107632 0
8688.640000 0.113906 0
8692.000000 0.089025 0
8695.360000 0.072932 0
8698.720000 0.111849 0
8702.080000 0.107089 0
8705.440000 0.099624 0
8708.800000 0.108047 0
8712.160000 0.094204 0
8715.520000 0.090803 0
8718.880000 0.086428 0
8722.240000 0.104907 0
8725.600000 0.095594 0
8728.960000 0.112285 0
8732.320000 0.113870 0
8735.680000 0.099576 0
8739.040000 0.081287 0
8742.400000 0.098676 0
8745.760000 0.100442 0
8749.120000 0.109821 0
8752.480000 0.125017 0
8755.840000 0.123567 0
8759.200000 0.099890 0
8762.560000 0.111589 0
8765.920000 0.081417 0
8769.280000 0.104607 0
8772.640000 0.152508 0
8776.000000 0.104944 0
8779.360000 0.095628 0
8782.720000 0.112796 0
8786.080000 0.094428 0
8789.440000 0.116753 0
8792.800000 0.115858 0
8796.160000 0.089822 0
8799.520000 0.092756 0
8802.880000 0.098689 0
8806.240000 0.106717 0
8809.600000 0.101911 0
8812.960000 0.098542 0
8816.320000 0.115560 0
8819.680000 0.117995 0
8823.040000 0.134852 0
8826.400000 0.161537 0
8829.760000 0.117906 0
8833.120000 0.131594 0
8836.480000 0.128744 0
8839.840000 0.122527 0
8843.200000 0.107505 0
8846.560000 0.083912 0
8849.920000 0.072363 0
8853.280000 0.056424 0
8856.640000 0.076254 0
8860.000000 0.104441 0
8863.360000 0.137052 0
8866.720000 0.120490 0
8870.080000 0.123849 0
8873.440000 0.124345 0
8876.800000 0.128112 0
8880.160000 0.134826 0
8883.520000 0.081135 0
8886.880000 0.135094 0
8890.240000 0.130439 0
8893.600000 0.113878 0
8896.960000 0.075097 0
8900.320000 0.102387 0
8903.680000 0.158410 0
8907.040000 0.103300 0
8910.400000 0.098606 0
8913.760000 0.132888 0
8917.120000 0.132286 0
8920.480000 0.132501 0
8923.840000 0.081300 0
8927.200000 0.100124 0
8930.560000 0.117098 0
8933.920000 0.110664 0
8937.280000 0.102278 0
8940.640000 0.122483 0
8944.000000 0.114895 0
8947.360000 0.074145 0
8950.720000 0.083992 0
8954.080000 0.119765 0
8957.440000 0.112741 0
8960.800000 0.086255 0
8964.160000 0.078459 0
8967.520000 0.083220 0
8970.880000 0.112401 0
8974.240000 0.125486 0
8977.600000 0.114582 0
8980.960000 0.080338 0
8984.320000 0.078959 0
8987.680000 0.077370 0
8991.040000 0.081907 0
8994.400000 0.093996 0
8997.760000 0.092280 0
9001.120000 0.083545 0
9004.480000 0.042743 0
9007.840000 0.061055 0
9011.200000 0.098358 0
9014.560000 0.084962 0
9017.920000 0.079836 0
9021.280000 0.097522 0
9024.640000 0.087557 0
9028.000000 0.088461 0
9031.360000 0.084567 0
9034.720000 0.105178 0
9038.080000 0.100488 0
9041.440000 0.089720 0
9044.800000 0.078951 0
9048.160000 0.103293 0
9051.520000 0.079170 0
9054.880000 0.084792 0
9058.240000 0.087622 0
9061.600000 0.097918 0
9064.960000 0.094148 0
9068.320000 0.081522 0
9071.680000 0.103843 0
9075.040000 0.080052 0
9078.400000 0.072331 0
9081.760000 0.091085 0
9085.120000 0.108029 0
9088.480000 0.099239 0
9091.840000 0.101676 0
9095.200000 0.085776 0
9098.560000 0.103292 0
9101.920000 0.065883 0
9105.280000 0.124058 0
9108.640000 0.074415 0
9112.000000 0.086624 0
9115.360000 0.093953 0
9118.720000 0.092544 0
9122.080000 0.093302 0
9125.440000 0.116865 0
9128.800000 0.098859 0
9132.160000 0.083121 0
9135.520000 0.084301 0
9138.880000 0.099045 0
9142.240000 0.108959 0
9145.600000 0.104882 0
9148.960000 0.086979 0
9152.320000 0.085535 0
9155.680000 0.073314 0
9159.040000 0.062236 0
9162.400000 0.095865 0
9165.760000 0.085714 0
9169.120000 0.080334 0
9172.480000 0.085431 0
9175.840000 0.092898 0
9179.200000 0.082270 0
9182.560000 0.082210 0
9185.920000 0.080533 0
9189.280000 0.083883 0
9192.640000 0.103318 0
9196.000000 0.120207 0
9199.360000 0.124772 0
9202.720000 0.107385 0
9206.080000 0.070891 0
9209.440000 0.072385 0
9212.800000 0.092637 0
9216.160000 0.094644 0
9219.520000 0.116180 0
9222.880000 0.110549 0
9226.240000 0.097682 0
9229.600000 0.077967 0
9232.960000 0.101212 0
9236.320000 0.102014 0
9239.680000 0.102194 0
9243.040000 0.090174 0
9246.400000 0.076951 0
9249.760000 0.107626 0
