# obs: 255716
# slit: 41
# z: 0.34425
# lines: [OII],K,H,H{beta},[OIII]
# spec: 687
4451.680000 0.000000 1
4455.040000 0.000000 1
4458.400000 0.000000 1
4461.760000 0.000000 1
4465.120000 0.000000 1
4468.479999 0.000000 1
4471.839999 0.000000 1
4475.199999 0.000000 1
4478.559999 0.000630 1
4481.919999 0.079430 1
4485.279999 0.081943 1
4488.639999 0.092117 0
4491.999999 0.072978 0
4495.359999 0.106990 0
4498.719999 0.085166 0
4502.079998 0.083019 0
4505.439998 0.079161 0
4508.799998 0.074778 0
4512.159998 0.075321 0
4515.519998 0.080576 0
4518.879998 0.065248 0
4522.239998 0.058482 0
4525.599998 0.085813 0
4528.959998 0.099134 0
4532.319997 0.095550 0
4535.679997 0.084790 0
4539.039997 0.077410 0
4542.399997 0.086149 0
4545.759997 0.060732 0
4549.119997 0.065731 0
4552.479997 0.044999 0
4555.839997 0.050976 0
4559.199997 0.080792 0
4562.559997 0.069281 0
4565.919996 0.101895 0
4569.279996 0.101551 0
4572.639996 0.094911 0
4575.999996 0.081711 0
4579.359996 0.086529 0
4582.719996 0.104388 0
4586.079996 0.088120 0
4589.439996 0.122097 0
4592.799996 0.084608 0
4596.159995 0.085716 0
4599.519995 0.077625 0
4602.879995 0.084342 0
4606.239995 0.105450 0
4609.599995 0.052699 0
4612.959995 0.080482 0
4616.319995 0.095704 0
4619.679995 0.099558 0
4623.039995 0.105192 0
4626.399995 0.079489 0
4629.759994 0.071313 0
4633.119994 0.082815 0
4636.479994 0.103069 0
4639.839994 0.100304 0
4643.199994 0.087451 0
4646.559994 0.091763 0
4649.919994 0.094853 0
4653.279994 0.117012 0
4656.639994 0.086671 0
4659.999993 0.063330 0
4663.359993 0.072787 0
4666.719993 0.066768 0
4670.079993 0.102350 0
4673.439993 0.078736 0
4676.799993 0.080117 0
4680.159993 0.111903 0
4683.519993 0.099675 0
4686.879993 0.101900 0
4690.239993 0.096809 0
4693.599992 0.089033 0
4696.959992 0.087819 0
4700.319992 0.085573 0
4703.679992 0.085905 0
4707.039992 0.099919 0
4710.399992 0.087302 0
4713.759992 0.110666 0
4717.119992 0.111759 0
4720.479992 0.107213 0
4723.839992 0.086875 0
4727.199991 0.092378 0
4730.559991 0.069099 0
4733.919991 0.049129 0
4737.279991 0.100380 0
4740.639991 0.087429 0
4743.999991 0.099786 0
4747.359991 0.087844 0
4750.719991 0.071285 0
4754.079991 0.109793 0
4757.439990 0.083050 0
4760.799990 0.105451 0
4764.159990 0.097511 0
4767.519990 0.088863 0
4770.879990 0.114912 0
4774.239990 0.095434 0
4777.599990 0.099669 0
4780.959990 0.116030 0
4784.319990 0.096762 0
4787.679990 0.084914 0
4791.039989 0.084062 0
4794.399989 0.097014 0
4797.759989 0.097727 0
4801.119989 0.084304 0
4804.479989 0.099693 0
4807.839989 0.103298 0
4811.199989 0.082552 0
4814.559989 0.091051 0
4817.919989 0.082874 0
4821.279988 0.056793 0
4824.639988 0.093202 0
4827.999988 0.085483 0
4831.359988 0.090494 0
4834.719988 0.106798 0
4838.079988 0.086273 0
4841.439988 0.103177 0
4844.799988 0.113460 0
4848.159988 0.092466 0
4851.519988 0.113608 0
4854.879987 0.065748 0
4858.239987 0.086688 0
4861.599987 0.075487 0
4864.959987 0.068817 0
4868.319987 0.086341 0
4871.679987 0.087247 0
4875.039987 0.100340 0
4878.399987 0.085482 0
4881.759987 0.085898 0
4885.119986 0.108437 0
4888.479986 0.098525 0
4891.839986 0.103199 0
4895.199986 0.094437 0
4898.559986 0.088487 0
4901.919986 0.091511 0
4905.279986 0.097614 0
4908.639986 0.085450 0
4911.999986 0.099243 0
4915.359986 0.097401 0
4918.719985 0.091316 0
4922.079985 0.122317 0
4925.439985 0.118727 0
4928.799985 0.085795 0
4932.159985 0.106746 0
4935.519985 0.088891 0
4938.879985 0.084673 0
4942.239985 0.097741 0
4945.599985 0.082793 0
4948.959984 0.091953 0
4952.319984 0.099543 0
4955.679984 0.094655 0
4959.039984 0.085544 0
4962.399984 0.088556 0
4965.759984 0.079651 0
4969.119984 0.093157 0
4972.479984 0.098790 0
4975.839984 0.086371 0
4979.199984 0.089620 0
4982.559983 0.080152 0
4985.919983 0.099986 0
4989.279983 0.103017 0
4992.639983 0.072221 0
4995.999983 0.083592 0
4999.359983 0.114430 0
5002.719983 0.135047 0
5006.079983 0.162089 0
5009.439983 0.248128 0
5012.799982 0.329927 0
5016.159982 0.252272 0
5019.519982 0.188353 0
5022.879982 0.123854 0
5026.239982 0.077707 0
5029.599982 0.102549 0
5032.959982 0.114695 0
5036.319982 0.107551 0
5039.679982 0.091059 0
5043.039982 0.099916 0
5046.399981 0.109402 0
5049.759981 0.108393 0
5053.119981 0.101647 0
5056.479981 0.114975 0
5059.839981 0.121253 0
5063.199981 0.111126 0
5066.559981 0.104187 0
5069.919981 0.104843 0
5073.279981 0.124847 0
5076.639980 0.103774 0
5079.999980 0.106262 0
5083.359980 0.137713 0
5086.719980 0.138868 0
5090.079980 0.122876 0
5093.439980 0.146461 0
5096.799980 0.143091 0
5100.159980 0.114230 0
5103.519980 0.106099 0
5106.879980 0.104790 0
5110.239979 0.099377 0
5113.599979 0.108262 0
5116.959979 0.123705 0
5120.319979 0.116199 0
5123.679979 0.131581 0
5127.039979 0.151282 0
5130.399979 0.136155 0
5133.759979 0.131125 0
5137.119979 0.145168 0
5140.479978 0.131260 0
5143.839978 0.135830 0
5147.199978 0.107765 0
5150.559978 0.120857 0
5153.919978 0.099680 0
5157.279978 0.113281 0
5160.639978 0.096853 0
5163.999978 0.080872 0
5167.359978 0.115422 0
5170.719978 0.135674 0
5174.079977 0.133989 0
5177.439977 0.141810 0
5180.799977 0.117051 0
5184.159977 0.155628 0
5187.519977 0.138047 0
5190.879977 0.139116 0
5194.239977 0.146755 0
5197.599977 0.145076 0
5200.959977 0.212622 0
5204.319977 0.186908 0
5207.679976 0.173302 0
5211.039976 0.159483 0
5214.399976 0.147998 0
5217.759976 0.156263 0
5221.119976 0.139716 0
5224.479976 0.103659 0
5227.839976 0.117235 0
5231.199976 0.131163 0
5234.559976 0.126834 0
5237.919975 0.093314 0
5241.279975 0.130754 0
5244.639975 0.108192 0
5247.999975 0.126716 0
5251.359975 0.130251 0
5254.719975 0.148252 0
5258.079975 0.166650 0
5261.439975 0.137834 0
5264.799975 0.154776 0
5268.159975 0.163661 0
5271.519974 0.135146 0
5274.879974 0.124116 0
5278.239974 0.138608 0
5281.599974 0.139168 0
5284.959974 0.130626 0
5288.319974 0.111183 0
5291.679974 0.107828 0
5295.039974 0.105008 0
5298.399974 0.115388 0
5301.759973 0.149514 0
5305.119973 0.161634 0
5308.479973 0.165638 0
5311.839973 0.151740 0
5315.199973 0.134808 0
5318.559973 0.142143 0
5321.919973 0.158656 0
5325.279973 0.135891 0
5328.639973 0.127299 0
5331.999973 0.141379 0
5335.359972 0.110700 0
5338.719972 0.099259 0
5342.079972 0.116216 0
5345.439972 0.111009 0
5348.799972 0.114392 0
5352.159972 0.141453 0
5355.519972 0.158305 0
5358.879972 0.139166 0
5362.239972 0.166822 0
5365.599971 0.167586 0
5368.959971 0.162926 0
5372.319971 0.196696 0
5375.679971 0.161413 0
5379.039971 0.163845 0
5382.399971 0.161639 0
5385.759971 0.156630 0
5389.119971 0.163391 0
5392.479971 0.163670 0
5395.839971 0.156587 0
5399.199970 0.151747 0
5402.559970 0.166677 0
5405.919970 0.187824 0
5409.279970 0.177905 0
5412.639970 0.173998 0
5415.999970 0.158139 0
5419.359970 0.164260 0
5422.719970 0.161996 0
5426.079970 0.169765 0
5429.439969 0.158197 0
5432.799969 0.160729 0
5436.159969 0.160529 0
5439.519969 0.154909 0
5442.879969 0.161132 0
5446.239969 0.178347 0
5449.599969 0.160668 0
5452.959969 0.171232 0
5456.319969 0.174210 0
5459.679969 0.173106 0
5463.039968 0.170900 0
5466.399968 0.167152 0
5469.759968 0.190320 0
5473.119968 0.178804 0
5476.479968 0.160477 0
5479.839968 0.170089 0
5483.199968 0.151692 0
5486.559968 0.157400 0
5489.919968 0.158241 0
5493.279967 0.149488 0
5496.639967 0.159689 0
5499.999967 0.157826 0
5503.359967 0.164504 0
5506.719967 0.148006 0
5510.079967 0.136318 0
5513.439967 0.134721 0
5516.799967 0.155248 0
5520.159967 0.132146 0
5523.519967 0.139604 0
5526.879966 0.142390 0
5530.239966 0.148811 0
5533.599966 0.158639 0
5536.959966 0.160894 0
5540.319966 0.148845 0
5543.679966 0.148304 0
5547.039966 0.182397 0
5550.399966 0.169403 0
5553.759966 0.145038 0
5557.119965 0.141872 0
5560.479965 0.140060 0
5563.839965 0.162167 0
5567.199965 0.169833 1
5570.559965 0.102761 1
5573.919965 -0.050994 1
5577.279965 0.108548 1
5580.639965 0.162612 1
5583.999965 0.189259 1
5587.359965 0.274728 0
5590.719964 0.186089 0
5594.079964 0.175231 0
5597.439964 0.162715 0
5600.799964 0.154904 0
5604.159964 0.165080 0
5607.519964 0.149294 0
5610.879964 0.160189 0
5614.239964 0.150694 0
5617.599964 0.150932 0
5620.959963 0.166091 0
5624.319963 0.156460 0
5627.679963 0.175844 0
5631.039963 0.148459 0
5634.399963 0.154297 0
5637.759963 0.147618 0
5641.119963 0.179895 0
5644.479963 0.153017 0
5647.839963 0.150258 0
5651.199963 0.141255 0
5654.559962 0.151871 0
5657.919962 0.168548 0
5661.279962 0.150782 0
5664.639962 0.162667 0
5667.999962 0.177529 0
5671.359962 0.164692 0
5674.719962 0.172364 0
5678.079962 0.169195 0
5681.439962 0.149792 0
5684.799962 0.147156 0
5688.159961 0.137315 0
5691.519961 0.160637 0
5694.879961 0.167040 0
5698.239961 0.165016 0
5701.599961 0.164868 0
5704.959961 0.162398 0
5708.319961 0.165057 0
5711.679961 0.152592 0
5715.039961 0.129011 0
5718.399960 0.139672 0
5721.759960 0.158389 0
5725.119960 0.147476 0
5728.479960 0.123320 0
5731.839960 0.147806 0
5735.199960 0.182033 0
5738.559960 0.162406 0
5741.919960 0.147341 0
5745.279960 0.142304 0
5748.639960 0.139960 0
5751.999959 0.161542 0
5755.359959 0.142360 0
5758.719959 0.143302 0
5762.079959 0.148983 0
5765.439959 0.147856 0
5768.799959 0.148811 0
5772.159959 0.150460 0
5775.519959 0.149123 0
5778.879959 0.153292 0
5782.239958 0.142224 0
5785.599958 0.130941 0
5788.959958 0.140463 0
5792.319958 0.130949 0
5795.679958 0.124515 0
5799.039958 0.118094 0
5802.399958 0.147235 0
5805.759958 0.180952 0
5809.119958 0.162798 0
5812.479958 0.145879 0
5815.839957 0.141110 0
5819.199957 0.129425 0
5822.559957 0.135647 0
5825.919957 0.158569 0
5829.279957 0.171706 0
5832.639957 0.189384 0
5835.999957 0.205893 0
5839.359957 0.193376 0
5842.719957 0.159412 0
5846.079956 0.150261 0
5849.439956 0.136361 0
5852.799956 0.124158 0
5856.159956 0.130162 0
5859.519956 0.138696 0
5862.879956 0.167015 0
5866.239956 0.188760 0
5869.599956 0.189786 0
5872.959956 0.163471 0
5876.319956 0.154061 0
5879.679955 0.151557 0
5883.039955 0.166247 0
5886.399955 0.155307 0
5889.759955 0.169350 0
5893.119955 0.165876 0
5896.479955 0.138466 0
5899.839955 0.146058 0
5903.199955 0.133155 0
5906.559955 0.162951 0
5909.919954 0.160000 0
5913.279954 0.164390 0
5916.639954 0.160110 0
5919.999954 0.150583 0
5923.359954 0.159969 0
5926.719954 0.131611 0
5930.079954 0.189368 0
5933.439954 0.181346 0
5936.799954 0.167796 0
5940.159954 0.180989 0
5943.519953 0.171022 0
5946.879953 0.169597 0
5950.239953 0.144616 0
5953.599953 0.193543 0
5956.959953 0.173556 0
5960.319953 0.179322 0
5963.679953 0.165358 0
5967.039953 0.153553 0
5970.399953 0.164624 0
5973.759952 0.180397 0
5977.119952 0.191978 0
5980.479952 0.183309 0
5983.839952 0.167540 0
5987.199952 0.192891 0
5990.559952 0.172188 0
5993.919952 0.141423 0
5997.279952 0.172458 0
6000.639952 0.171173 0
6003.999952 0.154215 0
6007.359951 0.156122 0
6010.719951 0.166508 0
6014.079951 0.160339 0
6017.439951 0.166965 0
6020.799951 0.189604 0
6024.159951 0.178707 0
6027.519951 0.155974 0
6030.879951 0.159555 0
6034.239951 0.166933 0
6037.599950 0.149704 0
6040.959950 0.180545 0
6044.319950 0.159277 0
6047.679950 0.169496 0
6051.039950 0.151977 0
6054.399950 0.171051 0
6057.759950 0.184451 0
6061.119950 0.172613 0
6064.479950 0.193409 0
6067.839950 0.177687 0
6071.199949 0.167569 0
6074.559949 0.174000 0
6077.919949 0.168313 0
6081.279949 0.168927 0
6084.639949 0.165922 0
6087.999949 0.154964 0
6091.359949 0.149894 0
6094.719949 0.158917 0
6098.079949 0.166988 0
6101.439948 0.146688 0
6104.799948 0.156700 0
6108.159948 0.145065 0
6111.519948 0.167102 0
6114.879948 0.176520 0
6118.239948 0.149814 0
6121.599948 0.124045 0
6124.959948 0.162966 0
6128.319948 0.176838 0
6131.679948 0.168417 0
6135.039947 0.188011 0
6138.399947 0.154398 0
6141.759947 0.161885 0
6145.119947 0.158090 0
6148.479947 0.187902 0
6151.839947 0.205733 0
6155.199947 0.176789 0
6158.559947 0.165460 0
6161.919947 0.168070 0
6165.279947 0.159209 0
6168.639946 0.174636 0
6171.999946 0.162140 0
6175.359946 0.160093 0
6178.719946 0.164022 0
6182.079946 0.152104 0
6185.439946 0.165936 0
6188.799946 0.162815 0
6192.159946 0.181341 0
6195.519946 0.177196 0
6198.879945 0.171952 0
6202.239945 0.177177 0
6205.599945 0.160544 0
6208.959945 0.173353 0
6212.319945 0.167834 0
6215.679945 0.152488 0
6219.039945 0.165881 0
6222.399945 0.164919 0
6225.759945 0.180432 0
6229.119945 0.175354 0
6232.479944 0.162820 0
6235.839944 0.172288 0
6239.199944 0.158427 0
6242.559944 0.165470 0
6245.919944 0.161894 0
6249.279944 0.166230 0
6252.639944 0.152664 0
6255.999944 0.158120 0
6259.359944 0.145910 0
6262.719943 0.170911 0
6266.079943 0.175644 0
6269.439943 0.157213 0
6272.799943 0.159639 0
6276.159943 0.157781 0
6279.519943 0.168257 0
6282.879943 0.158484 0
6286.239943 0.166640 0
6289.599943 0.209772 0
6292.959943 0.138319 1
6296.319942 0.129589 1
6299.679942 0.118576 1
6303.039942 0.104472 1
6306.399942 0.256956 1
6309.759942 0.191569 1
6313.119942 0.169982 1
6316.479942 0.154743 1
6319.839942 0.161361 0
6323.199942 0.159649 0
6326.559941 0.164722 0
6329.919941 0.159136 0
6333.279941 0.154916 0
6336.639941 0.157451 0
6339.999941 0.149694 0
6343.359941 0.177008 0
6346.719941 0.187620 0
6350.079941 0.185938 0
6353.439941 0.163060 0
6356.799941 0.158828 0
6360.159940 0.163719 0
6363.519940 0.135891 0
6366.879940 0.132874 0
6370.239940 0.182288 0
6373.599940 0.190202 0
6376.959940 0.180998 0
6380.319940 0.171629 0
6383.679940 0.149612 0
6387.039940 0.155675 0
6390.399939 0.168153 0
6393.759939 0.169201 0
6397.119939 0.162829 0
6400.479939 0.143605 0
6403.839939 0.185616 0
6407.199939 0.178223 0
6410.559939 0.150644 0
6413.919939 0.160966 0
6417.279939 0.181671 0
6420.639939 0.169604 0
6423.999938 0.176252 0
6427.359938 0.158894 0
6430.719938 0.165895 0
6434.079938 0.164197 0
6437.439938 0.162806 0
6440.799938 0.160715 0
6444.159938 0.153135 0
6447.519938 0.169587 0
6450.879938 0.172360 0
6454.239937 0.157948 0
6457.599937 0.185834 0
6460.959937 0.166017 0
6464.319937 0.140102 0
6467.679937 0.165533 0
6471.039937 0.155967 0
6474.399937 0.163402 0
6477.759937 0.166925 0
6481.119937 0.160850 0
6484.479937 0.185501 0
6487.839936 0.172196 0
6491.199936 0.145917 0
6494.559936 0.140148 0
6497.919936 0.163376 0
6501.279936 0.184198 0
6504.639936 0.134699 0
6507.999936 0.139818 0
6511.359936 0.130093 0
6514.719936 0.135622 0
6518.079935 0.158046 0
6521.439935 0.156252 0
6524.799935 0.133959 0
6528.159935 0.141608 0
6531.519935 0.199883 0
6534.879935 0.283288 0
6538.239935 0.299991 0
6541.599935 0.207942 0
6544.959935 0.140812 0
6548.319935 0.113035 0
6551.679934 0.130925 0
6555.039934 0.140462 0
6558.399934 0.165516 0
6561.759934 0.146931 0
6565.119934 0.148483 0
6568.479934 0.157477 0
6571.839934 0.149115 0
6575.199934 0.151346 0
6578.559934 0.147581 0
6581.919933 0.132161 0
6585.279933 0.149213 0
6588.639933 0.158848 0
6591.999933 0.188774 0
6595.359933 0.169647 0
6598.719933 0.134534 0
6602.079933 0.131330 0
6605.439933 0.147750 0
6608.799933 0.139864 0
6612.159933 0.139806 0
6615.519932 0.142990 0
6618.879932 0.153601 0
6622.239932 0.170588 0
6625.599932 0.168933 0
6628.959932 0.164929 0
6632.319932 0.154508 0
6635.679932 0.157646 0
6639.039932 0.155601 0
6642.399932 0.157616 0
6645.759932 0.187718 0
6649.119931 0.172246 0
6652.479931 0.168105 0
6655.839931 0.182748 0
6659.199931 0.196699 0
6662.559931 0.247235 0
6665.919931 0.275532 0
6669.279931 0.259436 0
6672.639931 0.198343 0
6675.999931 0.172764 0
6679.359930 0.171803 0
6682.719930 0.155846 0
6686.079930 0.154135 0
6689.439930 0.145336 0
6692.799930 0.158129 0
6696.159930 0.152942 0
6699.519930 0.143825 0
6702.879930 0.167461 0
6706.239930 0.167608 0
6709.599930 0.168603 0
6712.959929 0.166134 0
6716.319929 0.180412 0
6719.679929 0.207348 0
6723.039929 0.265818 0
6726.399929 0.402325 0
6729.759929 0.501869 0
6733.119929 0.489245 0
6736.479929 0.360009 0
6739.839929 0.209990 0
6743.199928 0.182353 0
6746.559928 0.164023 0
6749.919928 0.169172 0
6753.279928 0.153786 0
6756.639928 0.146689 0
6759.999928 0.153610 0
6763.359928 0.163150 0
6766.719928 0.161815 0
6770.079928 0.123969 0
6773.439928 0.143063 0
6776.799927 0.148083 0
6780.159927 0.135922 0
6783.519927 0.131965 0
6786.879927 0.151032 0
6790.239927 0.138850 0
6793.599927 0.168084 0
6796.959927 0.170186 0
6800.319927 0.158015 0
6803.679927 0.162512 0
6807.039926 0.159270 0
6810.399926 0.157402 0
6813.759926 0.150651 0
6817.119926 0.156086 0
6820.479926 0.154414 0
6823.839926 0.128786 0
6827.199926 0.145500 0
6830.559926 0.148452 0
6833.919926 0.151751 0
6837.279926 0.142833 0
6840.639925 0.151357 0
6843.999925 0.155472 0
6847.359925 0.155849 0
6850.719925 0.153700 0
6854.079925 0.140143 0
6857.439925 0.117159 0
6860.799925 0.153934 0
6864.159925 0.119386 0
6867.519925 0.104572 0
6870.879924 0.092256 0
6874.239924 0.123206 0
6877.599924 0.154590 0
6880.959924 0.136036 0
6884.319924 0.138263 0
6887.679924 0.118866 0
6891.039924 0.131790 0
6894.399924 0.139549 0
6897.759924 0.128050 0
6901.119924 0.133832 0
6904.479923 0.125452 0
6907.839923 0.133508 0
6911.199923 0.137394 0
6914.559923 0.125997 0
6917.919923 0.131902 0
6921.279923 0.152277 0
6924.639923 0.129650 0
6927.999923 0.131367 0
6931.359923 0.159037 0
6934.719922 0.132062 0
6938.079922 0.147787 0
6941.439922 0.149413 0
6944.799922 0.155328 0
6948.159922 0.135904 0
6951.519922 0.107318 0
6954.879922 0.129409 0
6958.239922 0.125062 0
6961.599922 0.125080 0
6964.959922 0.145814 0
6968.319921 0.112329 0
6971.679921 0.133829 0
6975.039921 0.135701 0
6978.399921 0.153290 0
6981.759921 0.149497 0
6985.119921 0.128427 0
6988.479921 0.158154 0
6991.839921 0.152223 0
6995.199921 0.161848 0
6998.559920 0.146466 0
7001.919920 0.142675 0
7005.279920 0.140297 0
7008.639920 0.134522 0
7011.999920 0.137274 0
7015.359920 0.135920 0
7018.719920 0.131824 0
7022.079920 0.149193 0
7025.439920 0.137297 0
7028.799920 0.139693 0
7032.159919 0.145667 0
7035.519919 0.135084 0
7038.879919 0.130090 0
7042.239919 0.127959 0
7045.599919 0.148807 0
7048.959919 0.148383 0
7052.319919 0.160725 0
7055.679919 0.158076 0
7059.039919 0.135714 0
7062.399918 0.141069 0
7065.759918 0.160595 0
7069.119918 0.151997 0
7072.479918 0.146304 0
7075.839918 0.130871 0
7079.199918 0.122475 0
7082.559918 0.143267 0
7085.919918 0.142217 0
7089.279918 0.133947 0
7092.639918 0.142514 0
7095.999917 0.146068 0
7099.359917 0.156942 0
7102.719917 0.156475 0
7106.079917 0.137612 0
7109.439917 0.129489 0
7112.799917 0.138844 0
7116.159917 0.157222 0
7119.519917 0.165893 0
7122.879917 0.161354 0
7126.239916 0.149535 0
7129.599916 0.120483 0
7132.959916 0.142839 0
7136.319916 0.168699 0
7139.679916 0.158191 0
7143.039916 0.149704 0
7146.399916 0.153418 0
7149.759916 0.160995 0
7153.119916 0.154701 0
7156.479916 0.178254 0
7159.839915 0.143614 0
7163.199915 0.130101 0
7166.559915 0.143694 0
7169.919915 0.142444 0
7173.279915 0.140451 0
7176.639915 0.135518 0
7179.999915 0.138169 0
7183.359915 0.128425 0
7186.719915 0.123224 0
7190.079915 0.135948 0
7193.439914 0.136780 0
7196.799914 0.146249 0
7200.159914 0.137677 0
7203.519914 0.131983 0
7206.879914 0.141850 0
7210.239914 0.151082 0
7213.599914 0.144243 0
7216.959914 0.142323 0
7220.319914 0.139008 0
7223.679913 0.134741 0
7227.039913 0.150947 0
7230.399913 0.148482 0
7233.759913 0.148589 0
7237.119913 0.174205 0
7240.479913 0.171449 0
7243.839913 0.129486 0
7247.199913 0.163211 0
7250.559913 0.126901 0
7253.919913 0.161141 0
7257.279912 0.159531 0
7260.639912 0.121340 0
7263.999912 0.151323 0
7267.359912 0.145230 0
7270.719912 0.148530 0
7274.079912 0.123751 1
7277.439912 0.119648 1
7280.799912 0.076816 1
7284.159912 0.118734 1
7287.519911 0.126686 1
7290.879911 0.153629 1
7294.239911 0.138351 1
7297.599911 0.113452 1
7300.959911 0.106203 1
7304.319911 0.114574 1
7307.679911 0.116905 1
7311.039911 0.102828 1
7314.399911 0.114193 1
7317.759911 0.092078 1
7321.119910 0.085753 1
7324.479910 0.095080 1
7327.839910 0.098980 1
7331.199910 0.103124 1
7334.559910 0.077429 1
7337.919910 0.093872 1
7341.279910 0.059926 1
7344.639910 0.039656 1
7347.999910 0.047293 1
7351.359909 0.065768 1
7354.719909 0.069034 1
7358.079909 0.088702 1
7361.439909 0.099700 1
7364.799909 0.071566 1
7368.159909 0.068046 1
7371.519909 0.063078 1
7374.879909 0.049419 1
7378.239909 0.030492 1
7381.599909 0.068822 1
7384.959908 0.085423 1
7388.319908 0.089172 1
7391.679908 0.091277 1
7395.039908 0.078515 1
7398.399908 0.060661 1
7401.759908 0.056410 1
7405.119908 0.038518 1
7408.479908 0.054906 1
7411.839908 0.029972 1
7415.199907 0.039665 1
7418.559907 0.067029 1
7421.919907 0.073521 1
7425.279907 0.063494 1
7428.639907 0.061779 1
7431.999907 0.067081 1
7435.359907 0.055521 1
7438.719907 0.051536 1
7442.079907 0.048497 1
7445.439907 0.048951 1
7448.799906 0.068794 1
7452.159906 0.057046 1
7455.519906 0.048714 1
7458.879906 0.057318 1
7462.239906 0.044826 1
7465.599906 0.044001 1
7468.959906 0.030463 1
7472.319906 0.035769 1
7475.679906 0.010599 1
7479.039905 0.012615 1
7482.399905 0.022874 1
7485.759905 -0.000160 1
7489.119905 0.008398 1
7492.479905 0.017234 1
7495.839905 0.025886 1
7499.199905 0.016720 1
7502.559905 0.016144 1
7505.919905 0.014710 1
7509.279905 0.016146 1
7512.639904 0.027912 1
7515.999904 0.026432 1
7519.359904 0.012851 1
7522.719904 -0.005460 1
7526.079904 -0.010828 1
7529.439904 -0.024788 1
7532.799904 0.002584 1
7536.159904 0.013277 1
7539.519904 -0.008121 1
7542.879903 0.004452 1
7546.239903 0.003227 1
7549.599903 0.007416 1
7552.959903 0.011005 1
7556.319903 -0.000251 1
7559.679903 -0.007187 1
7563.039903 -0.001711 1
7566.399903 -0.001370 1
7569.759903 -0.018308 1
7573.119903 -0.012599 1
7576.479902 -0.015756 1
7579.839902 -0.004310 1
7583.199902 -0.001865 1
7586.559902 -0.012497 1
7589.919902 -0.012627 1
7593.279902 -0.007444 1
7596.639902 -0.023777 1
7599.999902 -0.027509 1
7603.359902 -0.012418 1
7606.719901 0.006352 1
7610.079901 -0.001696 1
7613.439901 -0.019095 1
7616.799901 0.000000 1
7620.159901 0.000000 1
7623.519901 0.000000 1
7626.879901 0.000000 1
7630.239901 0.000000 1
7633.599901 0.000000 1
7636.959901 0.000000 1
7640.319900 0.000000 1
7643.679900 0.000000 1
7647.039900 0.000000 1
7650.399900 0.000000 1
7653.759900 0.000000 1
7657.119900 0.000000 1
7660.479900 0.000000 1
7663.839900 0.000000 1
7667.199900 0.000000 1
7670.559900 0.000000 1
7673.919899 0.000000 1
7677.279899 0.000000 1
7680.639899 0.000000 1
7683.999899 0.000000 1
7687.359899 0.000000 1
7690.719899 0.000000 1
7694.079899 0.000000 1
7697.439899 0.000000 1
7700.799899 0.000000 1
7704.159898 0.000000 1
7707.519898 0.000000 1
7710.879898 0.000000 1
7714.239898 0.000000 1
7717.599898 0.000000 1
7720.959898 0.000000 1
7724.319898 0.000000 1
7727.679898 0.000000 1
7731.039898 0.000000 1
7734.399898 0.000000 1
7737.759897 0.000000 1
7741.119897 0.000000 1
7744.479897 0.000000 1
7747.839897 0.000000 1
7751.199897 0.000000 1
7754.559897 0.000000 1
7757.919897 0.000000 1
7761.279897 0.000000 1
7764.639897 0.000000 1
7767.999896 0.000000 1
7771.359896 0.000000 1
7774.719896 0.000000 1
7778.079896 0.000000 1
7781.439896 0.000000 1
7784.799896 0.000000 1
7788.159896 0.000000 1
7791.519896 0.000000 1
7794.879896 0.000000 1
7798.239896 0.000000 1
7801.599895 0.000000 1
7804.959895 0.000000 1
7808.319895 0.000000 1
7811.679895 0.000000 1
7815.039895 0.000000 1
7818.399895 0.000000 1
7821.759895 0.000000 1
7825.119895 0.000000 1
7828.479895 0.000000 1
7831.839894 0.000000 1
7835.199894 0.000000 1
7838.559894 0.000000 1
7841.919894 0.000000 1
7845.279894 0.000000 1
7848.639894 0.000000 1
7851.999894 0.000000 1
7855.359894 0.000000 1
7858.719894 0.000000 1
7862.079894 0.000000 1
7865.439893 0.000000 1
7868.799893 0.000000 1
7872.159893 0.000000 1
7875.519893 0.000000 1
7878.879893 0.000000 1
7882.239893 0.000000 1
7885.599893 0.000000 1
7888.959893 0.000000 1
7892.319893 0.000000 1
7895.679892 0.000000 1
7899.039892 0.000000 1
7902.399892 0.000000 1
7905.759892 0.000000 1
7909.119892 0.000000 1
7912.479892 0.000000 1
7915.839892 0.000000 1
7919.199892 0.000000 1
7922.559892 0.000000 1
7925.919892 0.000000 1
7929.279891 0.000000 1
7932.639891 0.000000 1
7935.999891 0.000000 1
7939.359891 0.000000 1
7942.719891 0.000000 1
7946.079891 0.000000 1
7949.439891 0.000000 1
7952.799891 0.000000 1
7956.159891 0.000000 1
7959.519890 0.000000 1
7962.879890 0.000000 1
7966.239890 0.000000 1
7969.599890 0.000000 1
7972.959890 0.000000 1
7976.319890 0.000000 1
7979.679890 0.000000 1
7983.039890 0.000000 1
7986.399890 0.000000 1
7989.759890 0.000000 1
7993.119889 0.000000 1
7996.479889 0.000000 1
7999.839889 0.000000 1
8003.199889 0.000000 1
8006.559889 0.000000 1
8009.919889 0.000000 1
8013.279889 0.000000 1
8016.639889 0.000000 1
8019.999889 0.000000 1
8023.359888 0.000000 1
8026.719888 0.000000 1
8030.079888 0.000000 1
8033.439888 0.000000 1
8036.799888 0.000000 1
8040.159888 0.000000 1
8043.519888 0.000000 1
8046.879888 0.000000 1
8050.239888 0.000000 1
8053.599888 0.000000 1
8056.959887 0.000000 1
8060.319887 0.000000 1
8063.679887 0.000000 1
8067.039887 0.000000 1
8070.399887 0.000000 1
8073.759887 0.000000 1
8077.119887 0.000000 1
8080.479887 0.000000 1
8083.839887 0.000000 1
8087.199886 0.000000 1
8090.559886 0.000000 1
8093.919886 0.000000 1
8097.279886 0.000000 1
8100.639886 0.000000 1
8103.999886 0.000000 1
8107.359886 0.000000 1
8110.719886 0.000000 1
8114.079886 0.000000 1
8117.439886 0.000000 1
8120.799885 0.000000 1
8124.159885 0.000000 1
8127.519885 0.000000 1
8130.879885 0.000000 1
8134.239885 0.000000 1
8137.599885 0.000000 1
8140.959885 0.000000 1
8144.319885 0.000000 1
8147.679885 0.000000 1
8151.039885 0.000000 1
8154.399884 0.000000 1
8157.759884 0.000000 1
8161.119884 0.000000 1
8164.479884 0.000000 1
8167.839884 0.000000 1
8171.199884 0.000000 1
8174.559884 0.000000 1
8177.919884 0.000000 1
8181.279884 0.000000 1
8184.639883 0.000000 1
8187.999883 0.000000 1
8191.359883 0.000000 1
8194.719883 0.000000 1
8198.079883 0.000000 1
8201.439883 0.000000 1
8204.799883 0.000000 1
8208.159883 0.000000 1
8211.519883 0.000000 1
8214.879883 0.000000 1
8218.239882 0.000000 1
8221.599882 0.000000 1
8224.959882 0.000000 1
8228.319882 0.000000 1
8231.679882 0.000000 1
8235.039882 0.000000 1
8238.399882 0.000000 1
8241.759882 0.000000 1
8245.119882 0.000000 1
8248.479881 0.000000 1
8251.839881 0.000000 1
8255.199881 0.000000 1
8258.559881 0.000000 1
8261.919881 0.000000 1
8265.279881 0.000000 1
8268.639881 0.000000 1
8271.999881 0.000000 1
8275.359881 0.000000 1
8278.719881 0.000000 1
8282.079880 0.000000 1
8285.439880 0.000000 1
8288.799880 0.000000 1
8292.159880 0.000000 1
8295.519880 0.000000 1
8298.879880 0.000000 1
8302.239880 0.000000 1
8305.599880 0.000000 1
8308.959880 0.000000 1
8312.319879 0.000000 1
8315.679879 0.000000 1
8319.039879 0.000000 1
8322.399879 0.000000 1
8325.759879 0.000000 1
8329.119879 0.000000 1
8332.479879 0.000000 1
8335.839879 0.000000 1
8339.199879 0.000000 1
8342.559879 0.000000 1
8345.919878 0.000000 1
8349.279878 0.000000 1
8352.639878 0.000000 1
8355.999878 0.000000 1
8359.359878 0.000000 1
8362.719878 0.000000 1
8366.079878 0.000000 1
8369.439878 0.000000 1
8372.799878 0.000000 1
8376.159877 0.000000 1
8379.519877 0.000000 1
8382.879877 0.000000 1
8386.239877 0.000000 1
8389.599877 0.000000 1
8392.959877 0.000000 1
8396.319877 0.000000 1
8399.679877 0.000000 1
8403.039877 0.000000 1
8406.399877 0.000000 1
8409.759876 0.000000 1
8413.119876 0.000000 1
8416.479876 0.000000 1
8419.839876 0.000000 1
8423.199876 0.000000 1
8426.559876 0.000000 1
8429.919876 0.000000 1
8433.279876 0.000000 1
8436.639876 0.000000 1
8439.999875 0.000000 1
8443.359875 0.000000 1
8446.719875 0.000000 1
8450.079875 0.000000 1
8453.439875 0.000000 1
8456.799875 0.000000 1
8460.159875 0.000000 1
8463.519875 0.000000 1
8466.879875 0.000000 1
8470.239875 0.000000 1
8473.599874 0.000000 1
8476.959874 0.000000 1
8480.319874 0.000000 1
8483.679874 0.000000 1
8487.039874 0.000000 1
8490.399874 0.000000 1
8493.759874 0.000000 1
8497.119874 0.000000 1
8500.479874 0.000000 1
8503.839873 0.000000 1
8507.199873 0.000000 1
8510.559873 0.000000 1
8513.919873 0.000000 1
8517.279873 0.000000 1
8520.639873 0.000000 1
8523.999873 0.000000 1
8527.359873 0.000000 1
8530.719873 0.000000 1
8534.079873 0.000000 1
8537.439872 0.000000 1
8540.799872 0.000000 1
8544.159872 0.000000 1
8547.519872 0.000000 1
8550.879872 0.000000 1
8554.239872 0.000000 1
8557.599872 0.000000 1
8560.959872 0.000000 1
8564.319872 0.000000 1
8567.679871 0.000000 1
8571.039871 0.000000 1
8574.399871 0.000000 1
8577.759871 0.000000 1
8581.119871 0.000000 1
8584.479871 0.000000 1
8587.839871 0.000000 1
8591.199871 0.000000 1
8594.559871 0.000000 1
8597.919871 0.000000 1
8601.279870 0.000000 1
8604.639870 0.000000 1
8607.999870 0.000000 1
8611.359870 0.000000 1
8614.719870 0.000000 1
8618.079870 0.000000 1
8621.439870 0.000000 1
8624.799870 0.000000 1
8628.159870 0.000000 1
8631.519870 0.000000 1
8634.879869 0.000000 1
8638.239869 0.000000 1
8641.599869 0.000000 1
8644.959869 0.000000 1
8648.319869 0.000000 1
8651.679869 0.000000 1
8655.039869 0.000000 1
8658.399869 0.000000 1
8661.759869 0.000000 1
8665.119868 0.000000 1
8668.479868 0.000000 1
8671.839868 0.000000 1
8675.199868 0.000000 1
8678.559868 0.000000 1
8681.919868 0.000000 1
8685.279868 0.000000 1
8688.639868 0.000000 1
8691.999868 0.000000 1
8695.359868 0.000000 1
8698.719867 0.000000 1
8702.079867 0.000000 1
8705.439867 0.000000 1
8708.799867 0.000000 1
8712.159867 0.000000 1
8715.519867 0.000000 1
8718.879867 0.000000 1
8722.239867 0.000000 1
8725.599867 0.000000 1
8728.959866 0.000000 1
8732.319866 0.000000 1
8735.679866 0.000000 1
8739.039866 0.000000 1
8742.399866 0.000000 1
8745.759866 0.000000 1
8749.119866 0.000000 1
8752.479866 0.000000 1
8755.839866 0.000000 1
8759.199866 0.000000 1
8762.559865 0.000000 1
8765.919865 0.000000 1
8769.279865 0.000000 1
8772.639865 0.000000 1
8775.999865 0.000000 1
8779.359865 0.000000 1
8782.719865 0.000000 1
8786.079865 0.000000 1
8789.439865 0.000000 1
8792.799864 0.000000 1
8796.159864 0.000000 1
8799.519864 0.000000 1
8802.879864 0.000000 1
8806.239864 0.000000 1
8809.599864 0.000000 1
8812.959864 0.000000 1
8816.319864 0.000000 1
8819.679864 0.000000 1
8823.039864 0.000000 1
8826.399863 0.000000 1
8829.759863 0.000000 1
8833.119863 0.000000 1
8836.479863 0.000000 1
8839.839863 0.000000 1
8843.199863 0.000000 1
8846.559863 0.000000 1
8849.919863 0.000000 1
8853.279863 0.000000 1
8856.639862 0.000000 1
8859.999862 0.000000 1
8863.359862 0.000000 1
8866.719862 0.000000 1
8870.079862 0.000000 1
8873.439862 0.000000 1
8876.799862 0.000000 1
8880.159862 0.000000 1
8883.519862 0.000000 1
8886.879862 0.000000 1
8890.239861 0.000000 1
8893.599861 0.000000 1
8896.959861 0.000000 1
8900.319861 0.000000 1
8903.679861 0.000000 1
8907.039861 0.000000 1
8910.399861 0.000000 1
8913.759861 0.000000 1
8917.119861 0.000000 1
8920.479860 0.000000 1
8923.839860 0.000000 1
8927.199860 0.000000 1
8930.559860 0.000000 1
8933.919860 0.000000 1
8937.279860 0.000000 1
8940.639860 0.000000 1
8943.999860 0.000000 1
8947.359860 0.000000 1
8950.719860 0.000000 1
8954.079859 0.000000 1
8957.439859 0.000000 1
8960.799859 0.000000 1
8964.159859 0.000000 1
8967.519859 0.000000 1
8970.879859 0.000000 1
8974.239859 0.000000 1
8977.599859 0.000000 1
8980.959859 0.000000 1
8984.319858 0.000000 1
8987.679858 0.000000 1
8991.039858 0.000000 1
8994.399858 0.000000 1
8997.759858 0.000000 1
9001.119858 0.000000 1
9004.479858 0.000000 1
9007.839858 0.000000 1
9011.199858 0.000000 1
9014.559858 0.000000 1
9017.919857 0.000000 1
9021.279857 0.000000 1
9024.639857 0.000000 1
9027.999857 0.000000 1
9031.359857 0.000000 1
9034.719857 0.000000 1
9038.079857 0.000000 1
9041.439857 0.000000 1
9044.799857 0.000000 1
9048.159856 0.000000 1
9051.519856 0.000000 1
9054.879856 0.000000 1
9058.239856 0.000000 1
9061.599856 0.000000 1
9064.959856 0.000000 1
9068.319856 0.000000 1
9071.679856 0.000000 1
9075.039856 0.000000 1
9078.399856 0.000000 1
9081.759855 0.000000 1
9085.119855 0.000000 1
9088.479855 0.000000 1
9091.839855 0.000000 1
9095.199855 0.000000 1
9098.559855 0.000000 1
9101.919855 0.000000 1
9105.279855 0.000000 1
9108.639855 0.000000 1
9111.999855 0.000000 1
9115.359854 0.000000 1
9118.719854 0.000000 1
9122.079854 0.000000 1
9125.439854 0.000000 1
9128.799854 0.000000 1
9132.159854 0.000000 1
9135.519854 0.000000 1
9138.879854 0.000000 1
9142.239854 0.000000 1
9145.599853 0.000000 1
9148.959853 0.000000 1
9152.319853 0.000000 1
9155.679853 0.000000 1
9159.039853 0.000000 1
9162.399853 0.000000 1
9165.759853 0.000000 1
9169.119853 0.000000 1
9172.479853 0.000000 1
9175.839853 0.000000 1
9179.199852 0.000000 1
9182.559852 0.000000 1
9185.919852 0.000000 1
9189.279852 0.000000 1
9192.639852 0.000000 1
9195.999852 0.000000 1
9199.359852 0.000000 1
9202.719852 0.000000 1
9206.079852 0.000000 1
9209.439851 0.000000 1
9212.799851 0.000000 1
9216.159851 0.000000 1
9219.519851 0.000000 1
9222.879851 0.000000 1
9226.239851 0.000000 1
9229.599851 0.000000 1
9232.959851 0.000000 1
9236.319851 0.000000 1
9239.679851 0.000000 1
9243.039850 0.000000 1
9246.399850 0.000000 1
9249.759850 0.000000 1
