# obs: 255706
# slit: 36
# z: 0.30150
# lines: [OII],H9,H,H{beta},[OIII]
# spec: 587
4451.680000 0.000000 1
4455.040000 0.000000 1
4458.400000 0.000000 1
4461.760000 0.000000 1
4465.120000 0.000000 1
4468.479999 0.000000 1
4471.839999 0.000000 1
4475.199999 0.000000 1
4478.559999 0.000000 1
4481.919999 -0.000929 1
4485.279999 -0.039559 1
4488.639999 0.077598 1
4491.999999 0.063510 0
4495.359999 0.058238 0
4498.719999 0.064501 0
4502.079998 0.064138 0
4505.439998 0.067262 0
4508.799998 0.053490 0
4512.159998 0.063691 0
4515.519998 0.078937 0
4518.879998 0.077274 0
4522.239998 0.052196 0
4525.599998 0.066473 0
4528.959998 0.065674 0
4532.319997 0.060053 0
4535.679997 0.043977 0
4539.039997 0.071479 0
4542.399997 0.063824 0
4545.759997 0.066164 0
4549.119997 0.063636 0
4552.479997 0.057095 0
4555.839997 0.056229 0
4559.199997 0.053222 0
4562.559997 0.065446 0
4565.919996 0.079389 0
4569.279996 0.067701 0
4572.639996 0.055905 0
4575.999996 0.062986 0
4579.359996 0.047190 0
4582.719996 0.056904 0
4586.079996 0.071258 0
4589.439996 0.081072 0
4592.799996 0.075698 0
4596.159995 0.068894 0
4599.519995 0.052711 0
4602.879995 0.054445 0
4606.239995 0.067575 0
4609.599995 0.047572 0
4612.959995 0.056917 0
4616.319995 0.070263 0
4619.679995 0.053724 0
4623.039995 0.070129 0
4626.399995 0.062393 0
4629.759994 0.070599 0
4633.119994 0.075382 0
4636.479994 0.068064 0
4639.839994 0.071916 0
4643.199994 0.055425 0
4646.559994 0.073218 0
4649.919994 0.061792 0
4653.279994 0.055867 0
4656.639994 0.066840 0
4659.999993 0.070286 0
4663.359993 0.076672 0
4666.719993 0.066147 0
4670.079993 0.057807 0
4673.439993 0.044531 0
4676.799993 0.067218 0
4680.159993 0.065880 0
4683.519993 0.057385 0
4686.879993 0.044043 0
4690.239993 0.044985 0
4693.599992 0.072763 0
4696.959992 0.073145 0
4700.319992 0.037300 0
4703.679992 0.042887 0
4707.039992 0.042865 0
4710.399992 0.058976 0
4713.759992 0.069299 0
4717.119992 0.053929 0
4720.479992 0.062274 0
4723.839992 0.085892 0
4727.199991 0.067406 0
4730.559991 0.061627 0
4733.919991 0.054871 0
4737.279991 0.058860 0
4740.639991 0.053139 0
4743.999991 0.063693 0
4747.359991 0.049334 0
4750.719991 0.073058 0
4754.079991 0.067204 0
4757.439990 0.050110 0
4760.799990 0.060341 0
4764.159990 0.081637 0
4767.519990 0.079058 0
4770.879990 0.056973 0
4774.239990 0.062366 0
4777.599990 0.049162 0
4780.959990 0.048270 0
4784.319990 0.051070 0
4787.679990 0.060205 0
4791.039989 0.062568 0
4794.399989 0.060407 0
4797.759989 0.070004 0
4801.119989 0.053955 0
4804.479989 0.049181 0
4807.839989 0.060916 0
4811.199989 0.043009 0
4814.559989 0.065951 0
4817.919989 0.088904 0
4821.279988 0.070647 0
4824.639988 0.047005 0
4827.999988 0.049861 0
4831.359988 0.093686 0
4834.719988 0.044769 0
4838.079988 0.052771 0
4841.439988 0.063992 0
4844.799988 0.075117 0
4848.159988 0.176698 0
4851.519988 0.308050 0
4854.879987 0.356559 0
4858.239987 0.272396 0
4861.599987 0.103257 0
4864.959987 0.059008 0
4868.319987 0.059372 0
4871.679987 0.081622 0
4875.039987 0.063450 0
4878.399987 0.073625 0
4881.759987 0.065725 0
4885.119986 0.045676 0
4888.479986 0.064991 0
4891.839986 0.051474 0
4895.199986 0.060285 0
4898.559986 0.061842 0
4901.919986 0.070570 0
4905.279986 0.075922 0
4908.639986 0.052035 0
4911.999986 0.071304 0
4915.359986 0.047990 0
4918.719985 0.081846 0
4922.079985 0.066640 0
4925.439985 0.084378 0
4928.799985 0.085322 0
4932.159985 0.081416 0
4935.519985 0.072129 0
4938.879985 0.062559 0
4942.239985 0.070297 0
4945.599985 0.041241 0
4948.959984 0.046835 0
4952.319984 0.079234 0
4955.679984 0.075628 0
4959.039984 0.087092 0
4962.399984 0.090903 0
4965.759984 0.090875 0
4969.119984 0.078311 0
4972.479984 0.078750 0
4975.839984 0.088108 0
4979.199984 0.089487 0
4982.559983 0.080838 0
4985.919983 0.072960 0
4989.279983 0.053481 0
4992.639983 0.055043 0
4995.999983 0.055286 0
4999.359983 0.067755 0
5002.719983 0.066305 0
5006.079983 0.088670 0
5009.439983 0.077681 0
5012.799982 0.098984 0
5016.159982 0.090321 0
5019.519982 0.069331 0
5022.879982 0.087017 0
5026.239982 0.093109 0
5029.599982 0.106812 0
5032.959982 0.109054 0
5036.319982 0.071124 0
5039.679982 0.086193 0
5043.039982 0.084139 0
5046.399981 0.081982 0
5049.759981 0.078020 0
5053.119981 0.068112 0
5056.479981 0.073923 0
5059.839981 0.076237 0
5063.199981 0.092735 0
5066.559981 0.060012 0
5069.919981 0.070634 0
5073.279981 0.064499 0
5076.639980 0.066335 0
5079.999980 0.081411 0
5083.359980 0.091283 0
5086.719980 0.090131 0
5090.079980 0.077883 0
5093.439980 0.084935 0
5096.799980 0.089529 0
5100.159980 0.076084 0
5103.519980 0.080009 0
5106.879980 0.087138 0
5110.239979 0.086564 0
5113.599979 0.073365 0
5116.959979 0.063745 0
5120.319979 0.069495 0
5123.679979 0.065009 0
5127.039979 0.086882 0
5130.399979 0.080006 0
5133.759979 0.087712 0
5137.119979 0.100432 0
5140.479978 0.098917 0
5143.839978 0.097151 0
5147.199978 0.077633 0
5150.559978 0.084495 0
5153.919978 0.079180 0
5157.279978 0.073522 0
5160.639978 0.058508 0
5163.999978 0.061624 0
5167.359978 0.065494 0
5170.719978 0.065382 0
5174.079977 0.049052 0
5177.439977 0.087608 0
5180.799977 0.083193 0
5184.159977 0.094540 0
5187.519977 0.079159 0
5190.879977 0.079451 0
5194.239977 0.088895 0
5197.599977 0.088122 0
5200.959977 0.107298 0
5204.319977 0.072712 0
5207.679976 0.086564 0
5211.039976 0.089144 0
5214.399976 0.100932 0
5217.759976 0.072703 0
5221.119976 0.079509 0
5224.479976 0.095703 0
5227.839976 0.089870 0
5231.199976 0.105725 0
5234.559976 0.107116 0
5237.919975 0.091710 0
5241.279975 0.094495 0
5244.639975 0.084857 0
5247.999975 0.084993 0
5251.359975 0.099367 0
5254.719975 0.090082 0
5258.079975 0.083996 0
5261.439975 0.106477 0
5264.799975 0.106994 0
5268.159975 0.081916 0
5271.519974 0.109977 0
5274.879974 0.112833 0
5278.239974 0.076476 0
5281.599974 0.084118 0
5284.959974 0.083449 0
5288.319974 0.084412 0
5291.679974 0.092736 0
5295.039974 0.081579 0
5298.399974 0.095949 0
5301.759973 0.109155 0
5305.119973 0.103125 0
5308.479973 0.069521 0
5311.839973 0.078906 0
5315.199973 0.083308 0
5318.559973 0.079924 0
5321.919973 0.093209 0
5325.279973 0.081006 0
5328.639973 0.067697 0
5331.999973 0.070403 0
5335.359972 0.074369 0
5338.719972 0.062282 0
5342.079972 0.075032 0
5345.439972 0.086996 0
5348.799972 0.087613 0
5352.159972 0.071890 0
5355.519972 0.082068 0
5358.879972 0.089462 0
5362.239972 0.089638 0
5365.599971 0.069972 0
5368.959971 0.084979 0
5372.319971 0.080519 0
5375.679971 0.094027 0
5379.039971 0.070119 0
5382.399971 0.082782 0
5385.759971 0.095130 0
5389.119971 0.086020 0
5392.479971 0.079799 0
5395.839971 0.077409 0
5399.199970 0.087606 0
5402.559970 0.090519 0
5405.919970 0.106296 0
5409.279970 0.106067 0
5412.639970 0.089105 0
5415.999970 0.094048 0
5419.359970 0.093682 0
5422.719970 0.075904 0
5426.079970 0.107860 0
5429.439969 0.093053 0
5432.799969 0.069612 0
5436.159969 0.096590 0
5439.519969 0.095814 0
5442.879969 0.100606 0
5446.239969 0.085382 0
5449.599969 0.084430 0
5452.959969 0.093088 0
5456.319969 0.073204 0
5459.679969 0.080444 0
5463.039968 0.093868 0
5466.399968 0.078486 0
5469.759968 0.078288 0
5473.119968 0.091249 0
5476.479968 0.084131 0
5479.839968 0.096028 0
5483.199968 0.093554 0
5486.559968 0.077722 0
5489.919968 0.079905 0
5493.279967 0.093325 0
5496.639967 0.086773 0
5499.999967 0.096854 0
5503.359967 0.079464 0
5506.719967 0.063996 0
5510.079967 0.079384 0
5513.439967 0.094502 0
5516.799967 0.088568 0
5520.159967 0.109972 0
5523.519967 0.088286 0
5526.879966 0.080513 0
5530.239966 0.085190 0
5533.599966 0.085285 0
5536.959966 0.095040 0
5540.319966 0.077361 0
5543.679966 0.084214 0
5547.039966 0.070354 0
5550.399966 0.081877 0
5553.759966 0.065052 0
5557.119965 0.074856 0
5560.479965 0.083324 0
5563.839965 0.086547 0
5567.199965 0.084475 0
5570.559965 0.180081 1
5573.919965 0.076248 1
5577.279965 0.138086 1
5580.639965 0.021022 1
5583.999965 -0.013749 1
5587.359965 0.091524 0
5590.719964 0.104403 0
5594.079964 0.086034 0
5597.439964 0.093065 0
5600.799964 0.094497 0
5604.159964 0.080369 0
5607.519964 0.085810 0
5610.879964 0.102754 0
5614.239964 0.086969 0
5617.599964 0.094063 0
5620.959963 0.078718 0
5624.319963 0.084071 0
5627.679963 0.085073 0
5631.039963 0.060848 0
5634.399963 0.076675 0
5637.759963 0.086344 0
5641.119963 0.092530 0
5644.479963 0.073724 0
5647.839963 0.089922 0
5651.199963 0.099007 0
5654.559962 0.100967 0
5657.919962 0.086298 0
5661.279962 0.056187 0
5664.639962 0.074243 0
5667.999962 0.077455 0
5671.359962 0.075355 0
5674.719962 0.077205 0
5678.079962 0.083579 0
5681.439962 0.079202 0
5684.799962 0.101312 0
5688.159961 0.086776 0
5691.519961 0.063707 0
5694.879961 0.097252 0
5698.239961 0.092259 0
5701.599961 0.070620 0
5704.959961 0.081741 0
5708.319961 0.082233 0
5711.679961 0.112052 0
5715.039961 0.103626 0
5718.399960 0.081579 0
5721.759960 0.086402 0
5725.119960 0.087621 0
5728.479960 0.073466 0
5731.839960 0.084513 0
5735.199960 0.110869 0
5738.559960 0.097751 0
5741.919960 0.096027 0
5745.279960 0.090499 0
5748.639960 0.099860 0
5751.999959 0.082132 0
5755.359959 0.074955 0
5758.719959 0.083213 0
5762.079959 0.092167 0
5765.439959 0.094428 0
5768.799959 0.069790 0
5772.159959 0.078429 0
5775.519959 0.104361 0
5778.879959 0.086098 0
5782.239958 0.079260 0
5785.599958 0.072404 0
5788.959958 0.083708 0
5792.319958 0.094387 0
5795.679958 0.077620 0
5799.039958 0.080534 0
5802.399958 0.067042 0
5805.759958 0.070319 0
5809.119958 0.087936 0
5812.479958 0.102019 0
5815.839957 0.082000 0
5819.199957 0.095576 0
5822.559957 0.094441 0
5825.919957 0.076920 0
5829.279957 0.083616 0
5832.639957 0.074971 0
5835.999957 0.057817 0
5839.359957 0.077351 0
5842.719957 0.094657 0
5846.079956 0.095686 0
5849.439956 0.087755 0
5852.799956 0.085284 0
5856.159956 0.088391 0
5859.519956 0.093215 0
5862.879956 0.053600 0
5866.239956 0.064493 0
5869.599956 0.087785 0
5872.959956 0.066122 0
5876.319956 0.080264 0
5879.679955 0.091182 0
5883.039955 0.088954 0
5886.399955 0.102297 0
5889.759955 0.108997 0
5893.119955 0.124375 0
5896.479955 0.126833 0
5899.839955 0.077451 0
5903.199955 0.069558 0
5906.559955 0.093368 0
5909.919954 0.102669 0
5913.279954 0.090410 0
5916.639954 0.081747 0
5919.999954 0.089544 0
5923.359954 0.108278 0
5926.719954 0.097235 0
5930.079954 0.094250 0
5933.439954 0.088550 0
5936.799954 0.091704 0
5940.159954 0.098824 0
5943.519953 0.082982 0
5946.879953 0.087893 0
5950.239953 0.096495 0
5953.599953 0.106303 0
5956.959953 0.087478 0
5960.319953 0.063930 0
5963.679953 0.076919 0
5967.039953 0.079218 0
5970.399953 0.091054 0
5973.759952 0.087561 0
5977.119952 0.076137 0
5980.479952 0.081524 0
5983.839952 0.076491 0
5987.199952 0.102495 0
5990.559952 0.092796 0
5993.919952 0.092805 0
5997.279952 0.091658 0
6000.639952 0.063952 0
6003.999952 0.083739 0
6007.359951 0.082416 0
6010.719951 0.091492 0
6014.079951 0.094143 0
6017.439951 0.089770 0
6020.799951 0.077522 0
6024.159951 0.081970 0
6027.519951 0.084812 0
6030.879951 0.094554 0
6034.239951 0.103579 0
6037.599950 0.083813 0
6040.959950 0.077157 0
6044.319950 0.073503 0
6047.679950 0.089090 0
6051.039950 0.097358 0
6054.399950 0.080720 0
6057.759950 0.082075 0
6061.119950 0.069990 0
6064.479950 0.077963 0
6067.839950 0.075507 0
6071.199949 0.085659 0
6074.559949 0.087731 0
6077.919949 0.068943 0
6081.279949 0.089402 0
6084.639949 0.065147 0
6087.999949 0.082201 0
6091.359949 0.069465 0
6094.719949 0.068433 0
6098.079949 0.083199 0
6101.439948 0.080177 0
6104.799948 0.088160 0
6108.159948 0.103554 0
6111.519948 0.084034 0
6114.879948 0.075665 0
6118.239948 0.075653 0
6121.599948 0.072930 0
6124.959948 0.078202 0
6128.319948 0.087584 0
6131.679948 0.095830 0
6135.039947 0.075151 0
6138.399947 0.095189 0
6141.759947 0.094218 0
6145.119947 0.089927 0
6148.479947 0.075317 0
6151.839947 0.068887 0
6155.199947 0.084522 0
6158.559947 0.073605 0
6161.919947 0.072406 0
6165.279947 0.082038 0
6168.639946 0.074909 0
6171.999946 0.068827 0
6175.359946 0.086774 0
6178.719946 0.080202 0
6182.079946 0.082090 0
6185.439946 0.072455 0
6188.799946 0.078286 0
6192.159946 0.100148 0
6195.519946 0.083059 0
6198.879945 0.075065 0
6202.239945 0.081771 0
6205.599945 0.071643 0
6208.959945 0.087239 0
6212.319945 0.061567 0
6215.679945 0.076721 0
6219.039945 0.094206 0
6222.399945 0.068390 0
6225.759945 0.061389 0
6229.119945 0.074031 0
6232.479944 0.095884 0
6235.839944 0.100096 0
6239.199944 0.113487 0
6242.559944 0.082911 0
6245.919944 0.075125 0
6249.279944 0.089351 0
6252.639944 0.105616 0
6255.999944 0.106504 0
6259.359944 0.055814 0
6262.719943 0.067001 0
6266.079943 0.093595 0
6269.439943 0.090543 0
6272.799943 0.088306 0
6276.159943 0.068387 0
6279.519943 0.078245 0
6282.879943 0.086089 0
6286.239943 0.083576 0
6289.599943 0.075443 0
6292.959943 0.109522 0
6296.319942 0.085628 0
6299.679942 0.074327 0
6303.039942 0.057127 0
6306.399942 0.038389 0
6309.759942 0.063464 0
6313.119942 0.075628 0
6316.479942 0.045500 0
6319.839942 0.049822 0
6323.199942 0.093063 0
6326.559941 0.150560 0
6329.919941 0.160606 0
6333.279941 0.094500 0
6336.639941 0.060653 0
6339.999941 0.077384 0
6343.359941 0.068149 0
6346.719941 0.055309 0
6350.079941 0.068289 0
6353.439941 0.059017 0
6356.799941 0.074603 0
6360.159940 0.097921 0
6363.519940 0.092931 0
6366.879940 0.105467 0
6370.239940 0.089667 0
6373.599940 0.076232 0
6376.959940 0.076438 0
6380.319940 0.065050 0
6383.679940 0.087836 0
6387.039940 0.081409 0
6390.399939 0.089914 0
6393.759939 0.085425 0
6397.119939 0.066578 0
6400.479939 0.075119 0
6403.839939 0.071468 0
6407.199939 0.072542 0
6410.559939 0.068319 0
6413.919939 0.070973 0
6417.279939 0.081067 0
6420.639939 0.074566 0
6423.999938 0.074199 0
6427.359938 0.065709 0
6430.719938 0.066696 0
6434.079938 0.076232 0
6437.439938 0.089712 0
6440.799938 0.094552 0
6444.159938 0.084825 0
6447.519938 0.091678 0
6450.879938 0.115399 0
6454.239937 0.133668 0
6457.599937 0.119383 0
6460.959937 0.087048 0
6464.319937 0.074781 0
6467.679937 0.070751 0
6471.039937 0.059587 0
6474.399937 0.078947 0
6477.759937 0.080682 0
6481.119937 0.074762 0
6484.479937 0.077706 0
6487.839936 0.073323 0
6491.199936 0.076301 0
6494.559936 0.069708 0
6497.919936 0.086639 0
6501.279936 0.094808 0
6504.639936 0.081206 0
6507.999936 0.085227 0
6511.359936 0.120023 0
6514.719936 0.192884 0
6518.079935 0.235329 0
6521.439935 0.172092 0
6524.799935 0.092902 0
6528.159935 0.071591 0
6531.519935 0.063275 0
6534.879935 0.080156 0
6538.239935 0.079550 0
6541.599935 0.074446 0
6544.959935 0.059474 0
6548.319935 0.065268 0
6551.679934 0.067787 0
6555.039934 0.071844 0
6558.399934 0.102737 0
6561.759934 0.076055 0
6565.119934 0.061958 0
6568.479934 0.072727 0
6571.839934 0.072022 0
6575.199934 0.070785 0
6578.559934 0.058104 0
6581.919933 0.091292 0
6585.279933 0.085596 0
6588.639933 0.066054 0
6591.999933 0.062583 0
6595.359933 0.085833 0
6598.719933 0.074781 0
6602.079933 0.086793 0
6605.439933 0.084183 0
6608.799933 0.089963 0
6612.159933 0.081993 0
6615.519932 0.072597 0
6618.879932 0.081600 0
6622.239932 0.091147 0
6625.599932 0.076889 0
6628.959932 0.077619 0
6632.319932 0.088052 0
6635.679932 0.063130 0
6639.039932 0.071484 0
6642.399932 0.075639 0
6645.759932 0.078359 0
6649.119931 0.081162 0
6652.479931 0.068997 0
6655.839931 0.082912 0
6659.199931 0.081373 0
6662.559931 0.076296 0
6665.919931 0.071543 0
6669.279931 0.088506 0
6672.639931 0.076967 0
6675.999931 0.077230 0
6679.359930 0.084977 0
6682.719930 0.044749 0
6686.079930 0.069088 0
6689.439930 0.072718 0
6692.799930 0.075195 0
6696.159930 0.084965 0
6699.519930 0.081980 0
6702.879930 0.083097 0
6706.239930 0.072128 0
6709.599930 0.066328 0
6712.959929 0.070410 0
6716.319929 0.078395 0
6719.679929 0.073739 0
6723.039929 0.062585 0
6726.399929 0.042539 0
6729.759929 0.058807 0
6733.119929 0.069406 0
6736.479929 0.071270 0
6739.839929 0.092113 0
6743.199928 0.072635 0
6746.559928 0.066552 0
6749.919928 0.059967 0
6753.279928 0.078071 0
6756.639928 0.073705 0
6759.999928 0.070716 0
6763.359928 0.064643 0
6766.719928 0.080509 0
6770.079928 0.086328 0
6773.439928 0.064671 0
6776.799927 0.059903 0
6780.159927 0.067785 0
6783.519927 0.085251 0
6786.879927 0.075855 0
6790.239927 0.070279 0
6793.599927 0.072339 0
6796.959927 0.074249 0
6800.319927 0.076814 0
6803.679927 0.075697 0
6807.039926 0.060879 0
6810.399926 0.059057 0
6813.759926 0.086540 0
6817.119926 0.059123 0
6820.479926 0.087368 0
6823.839926 0.082270 0
6827.199926 0.087452 0
6830.559926 0.101621 0
6833.919926 0.103647 0
6837.279926 0.057948 0
6840.639925 0.059607 0
6843.999925 0.064165 0
6847.359925 0.085598 0
6850.719925 0.072271 0
6854.079925 0.072668 0
6857.439925 0.042934 0
6860.799925 0.056418 0
6864.159925 0.080430 0
6867.519925 0.070784 0
6870.879924 0.079907 0
6874.239924 0.039694 0
6877.599924 0.047634 0
6880.959924 0.061961 0
6884.319924 0.064957 0
6887.679924 0.062865 0
6891.039924 0.073303 0
6894.399924 0.058097 0
6897.759924 0.066769 0
6901.119924 0.070294 0
6904.479923 0.059421 0
6907.839923 0.046956 0
6911.199923 0.073727 0
6914.559923 0.071413 0
6917.919923 0.055338 0
6921.279923 0.090581 0
6924.639923 0.095190 0
6927.999923 0.084582 0
6931.359923 0.085452 0
6934.719922 0.074933 0
6938.079922 0.087012 0
6941.439922 0.082074 0
6944.799922 0.078982 0
6948.159922 0.090122 0
6951.519922 0.086107 0
6954.879922 0.089639 0
6958.239922 0.071748 0
6961.599922 0.067195 0
6964.959922 0.062283 0
6968.319921 0.069359 0
6971.679921 0.062191 0
6975.039921 0.083683 0
6978.399921 0.075230 0
6981.759921 0.062109 0
6985.119921 0.079740 0
6988.479921 0.055728 0
6991.839921 0.056850 0
6995.199921 0.073804 0
6998.559920 0.083591 0
7001.919920 0.067821 0
7005.279920 0.076555 0
7008.639920 0.068052 0
7011.999920 0.069542 0
7015.359920 0.068879 0
7018.719920 0.064519 0
7022.079920 0.069808 0
7025.439920 0.077110 0
7028.799920 0.074165 0
7032.159919 0.068792 0
7035.519919 0.071775 0
7038.879919 0.074127 0
7042.239919 0.075706 0
7045.599919 0.062007 0
7048.959919 0.067855 0
7052.319919 0.056662 0
7055.679919 0.071071 0
7059.039919 0.062325 0
7062.399918 0.082409 0
7065.759918 0.073214 0
7069.119918 0.078421 0
7072.479918 0.052701 0
7075.839918 0.072041 0
7079.199918 0.064494 0
7082.559918 0.070992 0
7085.919918 0.078870 0
7089.279918 0.069259 0
7092.639918 0.098567 0
7095.999917 0.068367 0
7099.359917 0.071218 0
7102.719917 0.049910 0
7106.079917 0.049659 0
7109.439917 0.077240 0
7112.799917 0.069647 0
7116.159917 0.071449 0
7119.519917 0.075578 0
7122.879917 0.081576 0
7126.239916 0.059678 0
7129.599916 0.052175 0
7132.959916 0.055374 0
7136.319916 0.062576 0
7139.679916 0.072513 0
7143.039916 0.059605 0
7146.399916 0.078722 0
7149.759916 0.060417 0
7153.119916 0.068919 0
7156.479916 0.088732 0
7159.839915 0.072816 0
7163.199915 0.081696 0
7166.559915 0.079836 0
7169.919915 0.057167 0
7173.279915 0.063090 0
7176.639915 0.061999 0
7179.999915 0.046785 0
7183.359915 0.082948 0
7186.719915 0.063791 0
7190.079915 0.068504 0
7193.439914 0.067076 0
7196.799914 0.078579 0
7200.159914 0.067905 0
7203.519914 0.067522 0
7206.879914 0.059775 0
7210.239914 0.065025 0
7213.599914 0.072109 0
7216.959914 0.083103 0
7220.319914 0.100276 0
7223.679913 0.082496 0
7227.039913 0.080733 0
7230.399913 0.077742 0
7233.759913 0.034455 0
7237.119913 0.048113 0
7240.479913 0.071738 0
7243.839913 0.100223 0
7247.199913 0.086971 0
7250.559913 0.050772 0
7253.919913 0.048766 0
7257.279912 0.042248 0
7260.639912 0.044456 0
7263.999912 0.063624 0
7267.359912 0.081133 0
7270.719912 0.070588 0
7274.079912 0.059305 0
7277.439912 0.086489 0
7280.799912 0.128451 0
7284.159912 0.067758 0
7287.519911 0.064484 0
7290.879911 0.093564 0
7294.239911 0.055335 0
7297.599911 0.042565 0
7300.959911 0.050585 0
7304.319911 0.063919 0
7307.679911 0.063057 0
7311.039911 0.081854 0
7314.399911 0.090090 0
7317.759911 0.064678 0
7321.119910 0.049606 0
7324.479910 0.069729 0
7327.839910 0.080403 0
7331.199910 0.067438 0
7334.559910 0.051572 0
7337.919910 0.046350 0
7341.279910 0.050342 0
7344.639910 0.074115 0
7347.999910 0.089524 0
7351.359909 0.062450 0
7354.719909 0.056527 0
7358.079909 0.081113 0
7361.439909 0.080052 0
7364.799909 0.063147 0
7368.159909 0.073864 0
7371.519909 0.047860 0
7374.879909 0.067392 0
7378.239909 0.073704 0
7381.599909 0.067678 0
7384.959908 0.058129 0
7388.319908 0.067650 0
7391.679908 0.055060 0
7395.039908 0.064709 0
7398.399908 0.041564 0
7401.759908 0.059984 0
7405.119908 0.062390 0
7408.479908 0.089691 0
7411.839908 0.068986 0
7415.199907 0.053209 0
7418.559907 0.069361 0
7421.919907 0.060746 0
7425.279907 0.071639 0
7428.639907 0.044258 0
7431.999907 0.056790 0
7435.359907 0.067733 0
7438.719907 0.047628 0
7442.079907 0.055243 0
7445.439907 0.073023 0
7448.799906 0.076014 0
7452.159906 0.057566 0
7455.519906 0.075442 0
7458.879906 0.047564 0
7462.239906 0.068689 0
7465.599906 0.091186 0
7468.959906 0.092787 0
7472.319906 0.058377 0
7475.679906 0.063787 0
7479.039905 0.088836 0
7482.399905 0.053967 0
7485.759905 0.056835 0
7489.119905 0.075298 0
7492.479905 0.074830 0
7495.839905 0.051732 0
7499.199905 0.049969 0
7502.559905 0.077078 0
7505.919905 0.071360 0
7509.279905 0.065269 0
7512.639904 0.075004 0
7515.999904 0.057118 0
7519.359904 0.057710 0
7522.719904 0.048938 0
7526.079904 0.056273 0
7529.439904 0.061741 0
7532.799904 0.069163 0
7536.159904 0.066354 0
7539.519904 0.080303 0
7542.879903 0.082562 0
7546.239903 0.076407 0
7549.599903 0.071616 0
7552.959903 0.050658 0
7556.319903 0.064831 0
7559.679903 0.079555 0
7563.039903 0.084209 0
7566.399903 0.071359 0
7569.759903 0.091403 0
7573.119903 0.080864 0
7576.479902 0.064063 0
7579.839902 0.070107 0
7583.199902 0.067504 0
7586.559902 0.072025 0
7589.919902 0.070546 0
7593.279902 0.065774 0
7596.639902 0.068475 0
7599.999902 0.058760 0
7603.359902 0.046110 0
7606.719901 0.064784 0
7610.079901 0.053090 0
7613.439901 0.060870 0
7616.799901 0.090952 0
7620.159901 0.097651 0
7623.519901 0.079946 0
7626.879901 0.106781 0
7630.239901 0.077374 0
7633.599901 0.073902 0
7636.959901 0.091096 0
7640.319900 0.068848 0
7643.679900 0.081680 0
7647.039900 0.086264 0
7650.399900 0.089470 0
7653.759900 0.087029 0
7657.119900 0.041577 0
7660.479900 0.069248 0
7663.839900 0.087780 0
7667.199900 0.067954 0
7670.559900 0.080778 0
7673.919899 0.078461 0
7677.279899 0.063647 0
7680.639899 0.066639 0
7683.999899 0.061888 0
7687.359899 0.058500 0
7690.719899 0.055519 0
7694.079899 0.057394 0
7697.439899 0.056159 0
7700.799899 0.062389 0
7704.159898 0.052358 0
7707.519898 0.075376 0
7710.879898 0.044275 0
7714.239898 0.051693 0
7717.599898 0.060346 0
7720.959898 0.071032 0
7724.319898 0.107177 0
7727.679898 0.070508 0
7731.039898 0.040211 0
7734.399898 0.062230 0
7737.759897 0.049234 0
7741.119897 0.044679 0
7744.479897 0.009909 0
7747.839897 0.047853 0
7751.199897 0.048542 0
7754.559897 0.076517 0
7757.919897 0.075085 0
7761.279897 0.065178 0
7764.639897 0.057163 0
7767.999896 0.058422 0
7771.359896 0.057357 0
7774.719896 0.061325 0
7778.079896 0.078345 0
7781.439896 0.064987 0
7784.799896 0.055487 0
7788.159896 0.053658 0
7791.519896 0.078412 0
7794.879896 0.074915 0
7798.239896 0.040678 0
7801.599895 0.072055 0
7804.959895 0.055171 0
7808.319895 0.062193 0
7811.679895 0.053553 0
7815.039895 0.038363 0
7818.399895 0.039121 0
7821.759895 0.067414 0
7825.119895 0.089400 0
7828.479895 0.114231 0
7831.839894 0.068081 0
7835.199894 0.056656 0
7838.559894 0.062353 0
7841.919894 0.048214 0
7845.279894 0.054563 0
7848.639894 0.058146 0
7851.999894 0.049618 0
7855.359894 0.074805 0
7858.719894 0.135272 0
7862.079894 0.102862 0
7865.439893 0.037403 0
7868.799893 0.008135 0
7872.159893 0.057028 0
7875.519893 0.058643 0
7878.879893 0.043864 0
7882.239893 0.017798 0
7885.599893 0.068653 0
7888.959893 0.065397 0
7892.319893 0.086505 0
7895.679892 0.106314 0
7899.039892 0.046393 0
7902.399892 0.040683 0
7905.759892 0.038224 0
7909.119892 0.003515 0
7912.479892 0.040445 0
7915.839892 0.020305 0
7919.199892 0.100866 0
7922.559892 0.151342 0
7925.919892 0.067963 0
7929.279891 0.062380 0
7932.639891 0.099959 0
7935.999891 0.085902 0
7939.359891 0.078996 0
7942.719891 0.072201 0
7946.079891 0.060189 0
7949.439891 0.059726 0
7952.799891 0.081350 0
7956.159891 0.069881 0
7959.519890 0.012681 0
7962.879890 0.064643 0
7966.239890 0.081842 0
7969.599890 0.074483 0
7972.959890 0.097342 0
7976.319890 0.099329 0
7979.679890 0.065033 0
7983.039890 0.079774 0
7986.399890 0.029456 0
7989.759890 0.016355 0
7993.119889 0.062226 0
7996.479889 0.046702 0
7999.839889 0.091505 0
8003.199889 0.079740 0
8006.559889 0.055085 0
8009.919889 0.060844 0
8013.279889 0.043425 0
8016.639889 0.028992 0
8019.999889 0.071945 0
8023.359888 0.059131 0
8026.719888 0.055700 0
8030.079888 0.130018 0
8033.439888 0.094194 0
8036.799888 0.042974 0
8040.159888 0.065568 0
8043.519888 0.056335 0
8046.879888 0.036387 0
8050.239888 0.066311 0
8053.599888 0.067522 0
8056.959887 0.052592 0
8060.319887 0.063808 0
8063.679887 0.062957 0
8067.039887 0.072235 0
8070.399887 0.080221 0
8073.759887 0.061745 0
8077.119887 0.056068 0
8080.479887 0.028423 0
8083.839887 0.064605 0
8087.199886 0.096005 0
8090.559886 0.000000 1
8093.919886 0.000000 1
8097.279886 0.000000 1
8100.639886 0.000000 1
8103.999886 0.000000 1
8107.359886 0.000000 1
8110.719886 0.000000 1
8114.079886 0.000000 1
8117.439886 0.000000 1
8120.799885 0.000000 1
8124.159885 0.000000 1
8127.519885 0.000000 1
8130.879885 0.000000 1
8134.239885 0.000000 1
8137.599885 0.000000 1
8140.959885 0.000000 1
8144.319885 0.000000 1
8147.679885 0.000000 1
8151.039885 0.000000 1
8154.399884 0.000000 1
8157.759884 0.000000 1
8161.119884 0.000000 1
8164.479884 0.000000 1
8167.839884 0.000000 1
8171.199884 0.000000 1
8174.559884 0.000000 1
8177.919884 0.000000 1
8181.279884 0.000000 1
8184.639883 0.000000 1
8187.999883 0.000000 1
8191.359883 0.000000 1
8194.719883 0.000000 1
8198.079883 0.000000 1
8201.439883 0.000000 1
8204.799883 0.000000 1
8208.159883 0.000000 1
8211.519883 0.000000 1
8214.879883 0.000000 1
8218.239882 0.000000 1
8221.599882 0.000000 1
8224.959882 0.000000 1
8228.319882 0.000000 1
8231.679882 0.000000 1
8235.039882 0.000000 1
8238.399882 0.000000 1
8241.759882 0.000000 1
8245.119882 0.000000 1
8248.479881 0.000000 1
8251.839881 0.000000 1
8255.199881 0.000000 1
8258.559881 0.000000 1
8261.919881 0.000000 1
8265.279881 0.000000 1
8268.639881 0.000000 1
8271.999881 0.000000 1
8275.359881 0.000000 1
8278.719881 0.000000 1
8282.079880 0.000000 1
8285.439880 0.000000 1
8288.799880 0.000000 1
8292.159880 0.000000 1
8295.519880 0.000000 1
8298.879880 0.000000 1
8302.239880 0.000000 1
8305.599880 0.000000 1
8308.959880 0.000000 1
8312.319879 0.000000 1
8315.679879 0.000000 1
8319.039879 0.000000 1
8322.399879 0.000000 1
8325.759879 0.000000 1
8329.119879 0.000000 1
8332.479879 0.000000 1
8335.839879 0.000000 1
8339.199879 0.000000 1
8342.559879 0.000000 1
8345.919878 0.000000 1
8349.279878 0.000000 1
8352.639878 0.000000 1
8355.999878 0.000000 1
8359.359878 0.000000 1
8362.719878 0.000000 1
8366.079878 0.000000 1
8369.439878 0.000000 1
8372.799878 0.000000 1
8376.159877 0.000000 1
8379.519877 0.000000 1
8382.879877 0.000000 1
8386.239877 0.000000 1
8389.599877 0.000000 1
8392.959877 0.000000 1
8396.319877 0.000000 1
8399.679877 0.000000 1
8403.039877 0.000000 1
8406.399877 0.000000 1
8409.759876 0.000000 1
8413.119876 0.000000 1
8416.479876 0.000000 1
8419.839876 0.000000 1
8423.199876 0.000000 1
8426.559876 0.000000 1
8429.919876 0.000000 1
8433.279876 0.000000 1
8436.639876 0.000000 1
8439.999875 0.000000 1
8443.359875 0.000000 1
8446.719875 0.000000 1
8450.079875 0.000000 1
8453.439875 0.000000 1
8456.799875 0.000000 1
8460.159875 0.000000 1
8463.519875 0.000000 1
8466.879875 0.000000 1
8470.239875 0.000000 1
8473.599874 0.000000 1
8476.959874 0.000000 1
8480.319874 0.000000 1
8483.679874 0.000000 1
8487.039874 0.000000 1
8490.399874 0.000000 1
8493.759874 0.000000 1
8497.119874 0.000000 1
8500.479874 0.000000 1
8503.839873 0.000000 1
8507.199873 0.000000 1
8510.559873 0.000000 1
8513.919873 0.000000 1
8517.279873 0.000000 1
8520.639873 0.000000 1
8523.999873 0.000000 1
8527.359873 0.000000 1
8530.719873 0.000000 1
8534.079873 0.000000 1
8537.439872 0.000000 1
8540.799872 0.000000 1
8544.159872 0.000000 1
8547.519872 0.000000 1
8550.879872 0.000000 1
8554.239872 0.000000 1
8557.599872 0.000000 1
8560.959872 0.000000 1
8564.319872 0.000000 1
8567.679871 0.000000 1
8571.039871 0.000000 1
8574.399871 0.000000 1
8577.759871 0.000000 1
8581.119871 0.000000 1
8584.479871 0.000000 1
8587.839871 0.000000 1
8591.199871 0.000000 1
8594.559871 0.000000 1
8597.919871 0.000000 1
8601.279870 0.000000 1
8604.639870 0.000000 1
8607.999870 0.000000 1
8611.359870 0.000000 1
8614.719870 0.000000 1
8618.079870 0.000000 1
8621.439870 0.000000 1
8624.799870 0.000000 1
8628.159870 0.000000 1
8631.519870 0.000000 1
8634.879869 0.000000 1
8638.239869 0.000000 1
8641.599869 0.000000 1
8644.959869 0.000000 1
8648.319869 0.000000 1
8651.679869 0.000000 1
8655.039869 0.000000 1
8658.399869 0.000000 1
8661.759869 0.000000 1
8665.119868 0.000000 1
8668.479868 0.000000 1
8671.839868 0.000000 1
8675.199868 0.000000 1
8678.559868 0.000000 1
8681.919868 0.000000 1
8685.279868 0.000000 1
8688.639868 0.000000 1
8691.999868 0.000000 1
8695.359868 0.000000 1
8698.719867 0.000000 1
8702.079867 0.000000 1
8705.439867 0.000000 1
8708.799867 0.000000 1
8712.159867 0.000000 1
8715.519867 0.000000 1
8718.879867 0.000000 1
8722.239867 0.000000 1
8725.599867 0.000000 1
8728.959866 0.000000 1
8732.319866 0.000000 1
8735.679866 0.000000 1
8739.039866 0.000000 1
8742.399866 0.000000 1
8745.759866 0.000000 1
8749.119866 0.000000 1
8752.479866 0.000000 1
8755.839866 0.000000 1
8759.199866 0.000000 1
8762.559865 0.000000 1
8765.919865 0.000000 1
8769.279865 0.000000 1
8772.639865 0.000000 1
8775.999865 0.000000 1
8779.359865 0.000000 1
8782.719865 0.000000 1
8786.079865 0.000000 1
8789.439865 0.000000 1
8792.799864 0.000000 1
8796.159864 0.000000 1
8799.519864 0.000000 1
8802.879864 0.000000 1
8806.239864 0.000000 1
8809.599864 0.000000 1
8812.959864 0.000000 1
8816.319864 0.000000 1
8819.679864 0.000000 1
8823.039864 0.000000 1
8826.399863 0.000000 1
8829.759863 0.000000 1
8833.119863 0.000000 1
8836.479863 0.000000 1
8839.839863 0.000000 1
8843.199863 0.000000 1
8846.559863 0.000000 1
8849.919863 0.000000 1
8853.279863 0.000000 1
8856.639862 0.000000 1
8859.999862 0.000000 1
8863.359862 0.000000 1
8866.719862 0.000000 1
8870.079862 0.000000 1
8873.439862 0.000000 1
8876.799862 0.000000 1
8880.159862 0.000000 1
8883.519862 0.000000 1
8886.879862 0.000000 1
8890.239861 0.000000 1
8893.599861 0.000000 1
8896.959861 0.000000 1
8900.319861 0.000000 1
8903.679861 0.000000 1
8907.039861 0.000000 1
8910.399861 0.000000 1
8913.759861 0.000000 1
8917.119861 0.000000 1
8920.479860 0.000000 1
8923.839860 0.000000 1
8927.199860 0.000000 1
8930.559860 0.000000 1
8933.919860 0.000000 1
8937.279860 0.000000 1
8940.639860 0.000000 1
8943.999860 0.000000 1
8947.359860 0.000000 1
8950.719860 0.000000 1
8954.079859 0.000000 1
8957.439859 0.000000 1
8960.799859 0.000000 1
8964.159859 0.000000 1
8967.519859 0.000000 1
8970.879859 0.000000 1
8974.239859 0.000000 1
8977.599859 0.000000 1
8980.959859 0.000000 1
8984.319858 0.000000 1
8987.679858 0.000000 1
8991.039858 0.000000 1
8994.399858 0.000000 1
8997.759858 0.000000 1
9001.119858 0.000000 1
9004.479858 0.000000 1
9007.839858 0.000000 1
9011.199858 0.000000 1
9014.559858 0.000000 1
9017.919857 0.000000 1
9021.279857 0.000000 1
9024.639857 0.000000 1
9027.999857 0.000000 1
9031.359857 0.000000 1
9034.719857 0.000000 1
9038.079857 0.000000 1
9041.439857 0.000000 1
9044.799857 0.000000 1
9048.159856 0.000000 1
9051.519856 0.000000 1
9054.879856 0.000000 1
9058.239856 0.000000 1
9061.599856 0.000000 1
9064.959856 0.000000 1
9068.319856 0.000000 1
9071.679856 0.000000 1
9075.039856 0.000000 1
9078.399856 0.000000 1
9081.759855 0.000000 1
9085.119855 0.000000 1
9088.479855 0.000000 1
9091.839855 0.000000 1
9095.199855 0.000000 1
9098.559855 0.000000 1
9101.919855 0.000000 1
9105.279855 0.000000 1
9108.639855 0.000000 1
9111.999855 0.000000 1
9115.359854 0.000000 1
9118.719854 0.000000 1
9122.079854 0.000000 1
9125.439854 0.000000 1
9128.799854 0.000000 1
9132.159854 0.000000 1
9135.519854 0.000000 1
9138.879854 0.000000 1
9142.239854 0.000000 1
9145.599853 0.000000 1
9148.959853 0.000000 1
9152.319853 0.000000 1
9155.679853 0.000000 1
9159.039853 0.000000 1
9162.399853 0.000000 1
9165.759853 0.000000 1
9169.119853 0.000000 1
9172.479853 0.000000 1
9175.839853 0.000000 1
9179.199852 0.000000 1
9182.559852 0.000000 1
9185.919852 0.000000 1
9189.279852 0.000000 1
9192.639852 0.000000 1
9195.999852 0.000000 1
9199.359852 0.000000 1
9202.719852 0.000000 1
9206.079852 0.000000 1
9209.439851 0.000000 1
9212.799851 0.000000 1
9216.159851 0.000000 1
9219.519851 0.000000 1
9222.879851 0.000000 1
9226.239851 0.000000 1
9229.599851 0.000000 1
9232.959851 0.000000 1
9236.319851 0.000000 1
9239.679851 0.000000 1
9243.039850 0.000000 1
9246.399850 0.000000 1
9249.759850 0.000000 1
