# obs: 255718
# slit: 23
# z: 0.36360
# lines: 
# spec: 618
4451.680000 0.000000 1
4455.040000 0.000000 1
4458.400000 0.000000 1
4461.760000 0.000000 1
4465.120000 0.000000 1
4468.479999 0.000000 1
4471.839999 0.000000 1
4475.199999 0.000000 1
4478.559999 0.000000 1
4481.919999 0.000000 1
4485.279999 -0.002856 0
4488.639999 0.035112 0
4491.999999 -0.002131 0
4495.359999 0.018076 0
4498.719999 0.011750 0
4502.079998 0.036465 0
4505.439998 0.050671 0
4508.799998 0.023916 0
4512.159998 0.029237 0
4515.519998 0.032597 0
4518.879998 0.044427 0
4522.239998 0.039386 0
4525.599998 0.036952 0
4528.959998 0.042928 0
4532.319997 0.021571 0
4535.679997 0.033145 0
4539.039997 0.041396 0
4542.399997 0.040239 0
4545.759997 0.029603 0
4549.119997 0.027714 0
4552.479997 0.049356 0
4555.839997 0.057671 0
4559.199997 0.039610 0
4562.559997 0.049041 0
4565.919996 0.033036 0
4569.279996 0.022336 0
4572.639996 0.034537 0
4575.999996 0.040065 0
4579.359996 0.027542 0
4582.719996 0.026080 0
4586.079996 0.030890 0
4589.439996 0.026983 0
4592.799996 0.040185 0
4596.159995 0.043704 0
4599.519995 0.036633 0
4602.879995 0.038683 0
4606.239995 0.023106 0
4609.599995 0.047962 0
4612.959995 0.052342 0
4616.319995 0.024631 0
4619.679995 0.039402 0
4623.039995 0.042683 0
4626.399995 0.032349 0
4629.759994 0.027592 0
4633.119994 0.016714 0
4636.479994 0.021295 0
4639.839994 0.041868 0
4643.199994 0.037386 0
4646.559994 0.041655 0
4649.919994 0.031832 0
4653.279994 0.032946 0
4656.639994 0.032269 0
4659.999993 0.051578 0
4663.359993 0.059384 0
4666.719993 0.053310 0
4670.079993 0.037780 0
4673.439993 0.037078 0
4676.799993 0.027632 0
4680.159993 0.023745 0
4683.519993 0.027151 0
4686.879993 0.038150 0
4690.239993 0.033991 0
4693.599992 0.042425 0
4696.959992 0.034091 0
4700.319992 0.032558 0
4703.679992 0.067085 0
4707.039992 0.055707 0
4710.399992 0.031150 0
4713.759992 0.036867 0
4717.119992 0.031458 0
4720.479992 0.054937 0
4723.839992 0.044544 0
4727.199991 0.023454 0
4730.559991 0.041110 0
4733.919991 0.021602 0
4737.279991 0.043090 0
4740.639991 0.032978 0
4743.999991 0.038838 0
4747.359991 0.032980 0
4750.719991 0.031213 0
4754.079991 0.027403 0
4757.439990 0.045278 0
4760.799990 0.049042 0
4764.159990 0.043285 0
4767.519990 0.040715 0
4770.879990 0.034224 0
4774.239990 0.034379 0
4777.599990 0.034053 0
4780.959990 0.044270 0
4784.319990 0.034234 0
4787.679990 0.043973 0
4791.039989 0.039758 0
4794.399989 0.023387 0
4797.759989 0.042119 0
4801.119989 0.053773 0
4804.479989 0.039545 0
4807.839989 0.029790 0
4811.199989 0.036695 0
4814.559989 0.021080 0
4817.919989 0.046241 0
4821.279988 0.037156 0
4824.639988 0.034977 0
4827.999988 0.032963 0
4831.359988 0.045581 0
4834.719988 0.040696 0
4838.079988 0.039423 0
4841.439988 0.046472 0
4844.799988 0.041834 0
4848.159988 0.033033 0
4851.519988 0.026236 0
4854.879987 0.032681 0
4858.239987 0.031585 0
4861.599987 0.037976 0
4864.959987 0.031744 0
4868.319987 0.039687 0
4871.679987 0.030311 0
4875.039987 0.035443 0
4878.399987 0.050249 0
4881.759987 0.037530 0
4885.119986 0.041694 0
4888.479986 0.038354 0
4891.839986 0.034205 0
4895.199986 0.047647 0
4898.559986 0.034583 0
4901.919986 0.022735 0
4905.279986 0.037294 0
4908.639986 0.038084 0
4911.999986 0.028975 0
4915.359986 0.024727 0
4918.719985 0.031060 0
4922.079985 0.054953 0
4925.439985 0.050065 0
4928.799985 0.045488 0
4932.159985 0.049760 0
4935.519985 0.042924 0
4938.879985 0.036725 0
4942.239985 0.031173 0
4945.599985 0.042997 0
4948.959984 0.043903 0
4952.319984 0.043003 0
4955.679984 0.029791 0
4959.039984 0.047919 0
4962.399984 0.043579 0
4965.759984 0.023107 0
4969.119984 0.047450 0
4972.479984 0.048368 0
4975.839984 0.050843 0
4979.199984 0.020291 0
4982.559983 0.032188 0
4985.919983 0.047658 0
4989.279983 0.039102 0
4992.639983 0.032261 0
4995.999983 0.045150 0
4999.359983 0.029005 0
5002.719983 0.035968 0
5006.079983 0.040079 0
5009.439983 0.057735 0
5012.799982 0.051756 0
5016.159982 0.042276 0
5019.519982 0.041391 0
5022.879982 0.049822 0
5026.239982 0.060008 0
5029.599982 0.057625 0
5032.959982 0.045166 0
5036.319982 0.042160 0
5039.679982 0.053043 0
5043.039982 0.057413 0
5046.399981 0.051293 0
5049.759981 0.034912 0
5053.119981 0.027370 0
5056.479981 0.026743 0
5059.839981 0.056973 0
5063.199981 0.042584 0
5066.559981 0.043903 0
5069.919981 0.042398 0
5073.279981 0.048117 0
5076.639980 0.048594 0
5079.999980 0.047046 0
5083.359980 0.041406 0
5086.719980 0.060907 0
5090.079980 0.048921 0
5093.439980 0.050612 0
5096.799980 0.046648 0
5100.159980 0.042707 0
5103.519980 0.047986 0
5106.879980 0.033716 0
5110.239979 0.049047 0
5113.599979 0.056764 0
5116.959979 0.054817 0
5120.319979 0.042978 0
5123.679979 0.044186 0
5127.039979 0.051881 0
5130.399979 0.047093 0
5133.759979 0.046141 0
5137.119979 0.056600 0
5140.479978 0.052912 0
5143.839978 0.044861 0
5147.199978 0.045650 0
5150.559978 0.057247 0
5153.919978 0.060842 0
5157.279978 0.050880 0
5160.639978 0.054498 0
5163.999978 0.042103 0
5167.359978 0.055481 0
5170.719978 0.049480 0
5174.079977 0.052153 0
5177.439977 0.045411 0
5180.799977 0.041583 0
5184.159977 0.053509 0
5187.519977 0.049228 0
5190.879977 0.046228 0
5194.239977 0.052464 0
5197.599977 0.059596 0
5200.959977 0.051180 0
5204.319977 0.037248 0
5207.679976 0.037324 0
5211.039976 0.038989 0
5214.399976 0.039299 0
5217.759976 0.049212 0
5221.119976 0.053454 0
5224.479976 0.063018 0
5227.839976 0.048501 0
5231.199976 0.044604 0
5234.559976 0.050627 0
5237.919975 0.048856 0
5241.279975 0.040998 0
5244.639975 0.040138 0
5247.999975 0.050324 0
5251.359975 0.067425 0
5254.719975 0.057461 0
5258.079975 0.039990 0
5261.439975 0.049015 0
5264.799975 0.032277 0
5268.159975 0.041961 0
5271.519974 0.036529 0
5274.879974 0.047710 0
5278.239974 0.051141 0
5281.599974 0.062141 0
5284.959974 0.042220 0
5288.319974 0.046316 0
5291.679974 0.056563 0
5295.039974 0.038648 0
5298.399974 0.041856 0
5301.759973 0.043089 0
5305.119973 0.054913 0
5308.479973 0.034156 0
5311.839973 0.040494 0
5315.199973 0.052647 0
5318.559973 0.064456 0
5321.919973 0.050478 0
5325.279973 0.058123 0
5328.639973 0.041804 0
5331.999973 0.046264 0
5335.359972 0.062115 0
5338.719972 0.061981 0
5342.079972 0.049784 0
5345.439972 0.054230 0
5348.799972 0.049315 0
5352.159972 0.035270 0
5355.519972 0.035162 0
5358.879972 0.051012 0
5362.239972 0.043881 0
5365.599971 0.042273 0
5368.959971 0.053362 0
5372.319971 0.058090 0
5375.679971 0.052514 0
5379.039971 0.059192 0
5382.399971 0.049220 0
5385.759971 0.045798 0
5389.119971 0.048043 0
5392.479971 0.046755 0
5395.839971 0.053796 0
5399.199970 0.045576 0
5402.559970 0.048875 0
5405.919970 0.050952 0
5409.279970 0.050563 0
5412.639970 0.054705 0
5415.999970 0.057571 0
5419.359970 0.041815 0
5422.719970 0.054584 0
5426.079970 0.057121 0
5429.439969 0.049356 0
5432.799969 0.026522 0
5436.159969 0.056183 0
5439.519969 0.051211 0
5442.879969 0.045222 0
5446.239969 0.056449 0
5449.599969 0.063669 0
5452.959969 0.067651 0
5456.319969 0.033754 0
5459.679969 0.058983 0
5463.039968 0.051632 0
5466.399968 0.045551 0
5469.759968 0.046518 0
5473.119968 0.067498 0
5476.479968 0.054471 0
5479.839968 0.055026 0
5483.199968 0.045574 0
5486.559968 0.050242 0
5489.919968 0.045669 0
5493.279967 0.029360 0
5496.639967 0.043558 0
5499.999967 0.053599 0
5503.359967 0.040092 0
5506.719967 0.049557 0
5510.079967 0.053099 0
5513.439967 0.041040 0
5516.799967 0.062204 0
5520.159967 0.060505 0
5523.519967 0.048459 0
5526.879966 0.056965 0
5530.239966 0.060961 0
5533.599966 0.044604 0
5536.959966 0.044849 0
5540.319966 0.052556 0
5543.679966 0.040188 0
5547.039966 0.050856 0
5550.399966 0.053025 0
5553.759966 0.038650 0
5557.119965 0.045144 0
5560.479965 0.050702 1
5563.839965 0.054123 1
5567.199965 0.052248 1
5570.559965 0.053681 1
5573.919965 0.038005 1
5577.279965 0.033680 1
5580.639965 0.031955 1
5583.999965 0.059941 1
5587.359965 0.045638 1
5590.719964 0.050293 1
5594.079964 0.058090 1
5597.439964 0.058730 1
5600.799964 0.042122 1
5604.159964 0.052328 1
5607.519964 0.044176 1
5610.879964 0.045787 0
5614.239964 0.057165 0
5617.599964 0.047942 0
5620.959963 0.035458 0
5624.319963 0.048587 0
5627.679963 0.050065 0
5631.039963 0.041659 0
5634.399963 0.065481 0
5637.759963 0.054262 0
5641.119963 0.054700 0
5644.479963 0.058814 0
5647.839963 0.048577 0
5651.199963 0.050624 0
5654.559962 0.055864 0
5657.919962 0.048051 0
5661.279962 0.046919 0
5664.639962 0.047041 0
5667.999962 0.045239 0
5671.359962 0.043236 0
5674.719962 0.043172 0
5678.079962 0.054505 0
5681.439962 0.046017 0
5684.799962 0.051543 0
5688.159961 0.053959 0
5691.519961 0.063543 0
5694.879961 0.045792 0
5698.239961 0.060955 0
5701.599961 0.040867 0
5704.959961 0.042173 0
5708.319961 0.044545 0
5711.679961 0.053677 0
5715.039961 0.046853 0
5718.399960 0.031505 0
5721.759960 0.042858 0
5725.119960 0.048131 0
5728.479960 0.058240 0
5731.839960 0.063421 0
5735.199960 0.056068 0
5738.559960 0.041673 0
5741.919960 0.059924 0
5745.279960 0.047710 0
5748.639960 0.051732 0
5751.999959 0.054624 0
5755.359959 0.050066 0
5758.719959 0.031255 0
5762.079959 0.068574 0
5765.439959 0.060675 0
5768.799959 0.037588 0
5772.159959 0.040781 0
5775.519959 0.049452 0
5778.879959 0.051727 0
5782.239958 0.051194 0
5785.599958 0.043263 0
5788.959958 0.046518 0
5792.319958 0.057356 0
5795.679958 0.056868 0
5799.039958 0.043137 0
5802.399958 0.042615 0
5805.759958 0.028356 0
5809.119958 0.052180 0
5812.479958 0.059145 0
5815.839957 0.054697 0
5819.199957 0.034811 0
5822.559957 0.049235 0
5825.919957 0.054301 0
5829.279957 0.045283 0
5832.639957 0.061766 0
5835.999957 0.051511 0
5839.359957 0.046381 0
5842.719957 0.049716 0
5846.079956 0.049288 0
5849.439956 0.051902 0
5852.799956 0.042005 0
5856.159956 0.043758 0
5859.519956 0.050101 0
5862.879956 0.043629 0
5866.239956 0.038872 0
5869.599956 0.041856 0
5872.959956 0.057951 0
5876.319956 0.048938 0
5879.679955 0.051640 0
5883.039955 0.061608 0
5886.399955 0.047534 0
5889.759955 0.032942 0
5893.119955 0.046669 0
5896.479955 0.070640 0
5899.839955 0.038925 0
5903.199955 0.041920 0
5906.559955 0.043847 0
5909.919954 0.045337 0
5913.279954 0.061588 0
5916.639954 0.058608 0
5919.999954 0.043801 0
5923.359954 0.051784 0
5926.719954 0.059398 0
5930.079954 0.064953 0
5933.439954 0.049005 0
5936.799954 0.036067 0
5940.159954 0.042153 0
5943.519953 0.041971 0
5946.879953 0.052862 0
5950.239953 0.048536 0
5953.599953 0.032886 0
5956.959953 0.037027 0
5960.319953 0.064290 0
5963.679953 0.060569 0
5967.039953 0.059961 0
5970.399953 0.053732 0
5973.759952 0.038405 0
5977.119952 0.054955 0
5980.479952 0.058552 0
5983.839952 0.050502 0
5987.199952 0.049700 0
5990.559952 0.046642 0
5993.919952 0.056510 0
5997.279952 0.056370 0
6000.639952 0.047498 0
6003.999952 0.045678 0
6007.359951 0.047924 0
6010.719951 0.047870 0
6014.079951 0.055702 0
6017.439951 0.048361 0
6020.799951 0.036204 0
6024.159951 0.046518 0
6027.519951 0.055252 0
6030.879951 0.045540 0
6034.239951 0.062310 0
6037.599950 0.065419 0
6040.959950 0.058326 0
6044.319950 0.044068 0
6047.679950 0.054108 0
6051.039950 0.054165 0
6054.399950 0.063030 0
6057.759950 0.055348 0
6061.119950 0.055065 0
6064.479950 0.059247 0
6067.839950 0.056143 0
6071.199949 0.056437 0
6074.559949 0.051012 0
6077.919949 0.045627 0
6081.279949 0.062794 0
6084.639949 0.072379 0
6087.999949 0.065434 0
6091.359949 0.056848 0
6094.719949 0.051449 0
6098.079949 0.056618 0
6101.439948 0.050143 0
6104.799948 0.048024 0
6108.159948 0.053080 0
6111.519948 0.051469 0
6114.879948 0.065130 0
6118.239948 0.053601 0
6121.599948 0.051571 0
6124.959948 0.053222 0
6128.319948 0.050156 0
6131.679948 0.058178 0
6135.039947 0.054450 0
6138.399947 0.047490 0
6141.759947 0.066253 0
6145.119947 0.050636 0
6148.479947 0.045438 0
6151.839947 0.062015 0
6155.199947 0.047715 0
6158.559947 0.064645 0
6161.919947 0.066086 0
6165.279947 0.058816 0
6168.639946 0.061209 0
6171.999946 0.050734 0
6175.359946 0.050020 0
6178.719946 0.047696 0
6182.079946 0.061414 0
6185.439946 0.071299 0
6188.799946 0.058891 0
6192.159946 0.054718 0
6195.519946 0.041080 0
6198.879945 0.042374 0
6202.239945 0.055922 0
6205.599945 0.057849 0
6208.959945 0.069529 0
6212.319945 0.063614 0
6215.679945 0.039572 0
6219.039945 0.054724 0
6222.399945 0.061950 0
6225.759945 0.053452 0
6229.119945 0.061619 0
6232.479944 0.032059 0
6235.839944 0.039842 0
6239.199944 0.050913 0
6242.559944 0.052769 0
6245.919944 0.056172 0
6249.279944 0.051617 0
6252.639944 0.066340 0
6255.999944 0.061796 0
6259.359944 0.055174 0
6262.719943 0.064781 0
6266.079943 0.052377 0
6269.439943 0.055299 0
6272.799943 0.048695 0
6276.159943 0.054825 0
6279.519943 0.064117 0
6282.879943 0.059768 0
6286.239943 0.047525 0
6289.599943 0.046689 0
6292.959943 0.053789 0
6296.319942 0.048452 0
6299.679942 0.093167 0
6303.039942 0.091837 0
6306.399942 0.051844 0
6309.759942 0.068396 0
6313.119942 0.060248 0
6316.479942 0.046307 0
6319.839942 0.049923 0
6323.199942 0.058513 0
6326.559941 0.056318 0
6329.919941 0.062642 0
6333.279941 0.054918 0
6336.639941 0.038267 0
6339.999941 0.053645 0
6343.359941 0.057854 0
6346.719941 0.054836 0
6350.079941 0.060304 0
6353.439941 0.061861 0
6356.799941 0.076641 0
6360.159940 0.046869 0
6363.519940 0.046957 0
6366.879940 0.068408 0
6370.239940 0.052894 0
6373.599940 0.047365 0
6376.959940 0.056286 0
6380.319940 0.063002 0
6383.679940 0.051404 0
6387.039940 0.041906 0
6390.399939 0.045643 0
6393.759939 0.044451 0
6397.119939 0.038324 0
6400.479939 0.052758 0
6403.839939 0.048945 0
6407.199939 0.054944 0
6410.559939 0.051451 0
6413.919939 0.052694 0
6417.279939 0.055349 0
6420.639939 0.057122 0
6423.999938 0.053732 0
6427.359938 0.042006 0
6430.719938 0.053952 0
6434.079938 0.064539 0
6437.439938 0.067521 0
6440.799938 0.055118 0
6444.159938 0.055131 0
6447.519938 0.046335 0
6450.879938 0.059663 0
6454.239937 0.065680 0
6457.599937 0.049804 0
6460.959937 0.041679 0
6464.319937 0.057668 0
6467.679937 0.050855 0
6471.039937 0.058315 0
6474.399937 0.054399 0
6477.759937 0.052541 0
6481.119937 0.056749 0
6484.479937 0.056947 0
6487.839936 0.050368 0
6491.199936 0.055805 0
6494.559936 0.045458 0
6497.919936 0.042017 0
6501.279936 0.061916 0
6504.639936 0.048327 0
6507.999936 0.061085 0
6511.359936 0.055819 0
6514.719936 0.046726 0
6518.079935 0.057156 0
6521.439935 0.041299 0
6524.799935 0.047630 0
6528.159935 0.047892 0
6531.519935 0.055069 0
6534.879935 0.045258 0
6538.239935 0.037886 0
6541.599935 0.049159 0
6544.959935 0.051008 0
6548.319935 0.060419 0
6551.679934 0.063657 0
6555.039934 0.044742 0
6558.399934 0.055025 0
6561.759934 0.058474 0
6565.119934 0.054876 0
6568.479934 0.058603 0
6571.839934 0.058183 0
6575.199934 0.058424 0
6578.559934 0.052929 0
6581.919933 0.057274 0
6585.279933 0.057962 0
6588.639933 0.067040 0
6591.999933 0.062240 0
6595.359933 0.050416 0
6598.719933 0.047714 0
6602.079933 0.049864 0
6605.439933 0.068011 0
6608.799933 0.056620 0
6612.159933 0.053440 0
6615.519932 0.040602 0
6618.879932 0.049972 0
6622.239932 0.073868 0
6625.599932 0.047132 0
6628.959932 0.060712 0
6632.319932 0.060555 0
6635.679932 0.053122 0
6639.039932 0.041919 0
6642.399932 0.049462 0
6645.759932 0.058659 0
6649.119931 0.055927 0
6652.479931 0.041115 0
6655.839931 0.044980 0
6659.199931 0.050600 0
6662.559931 0.056464 0
6665.919931 0.053402 0
6669.279931 0.046048 0
6672.639931 0.048088 0
6675.999931 0.061894 0
6679.359930 0.055686 0
6682.719930 0.049829 0
6686.079930 0.038322 0
6689.439930 0.041703 0
6692.799930 0.056271 0
6696.159930 0.049997 0
6699.519930 0.053555 0
6702.879930 0.054630 0
6706.239930 0.054138 0
6709.599930 0.061054 0
6712.959929 0.042499 0
6716.319929 0.058159 0
6719.679929 0.047238 0
6723.039929 0.065900 0
6726.399929 0.055240 0
6729.759929 0.049286 0
6733.119929 0.051975 0
6736.479929 0.059958 0
6739.839929 0.059863 0
6743.199928 0.041891 0
6746.559928 0.058532 0
6749.919928 0.059891 0
6753.279928 0.042242 0
6756.639928 0.046584 0
6759.999928 0.047228 0
6763.359928 0.050268 0
6766.719928 0.056487 0
6770.079928 0.075156 0
6773.439928 0.058653 0
6776.799927 0.051432 0
6780.159927 0.055965 0
6783.519927 0.051820 0
6786.879927 0.055064 0
6790.239927 0.058879 0
6793.599927 0.055432 0
6796.959927 0.050394 0
6800.319927 0.059055 0
6803.679927 0.069787 0
6807.039926 0.054830 0
6810.399926 0.049487 0
6813.759926 0.063012 0
6817.119926 0.063327 0
6820.479926 0.053673 0
6823.839926 0.055633 0
6827.199926 0.062571 0
6830.559926 0.059885 0
6833.919926 0.049632 0
6837.279926 0.040713 0
6840.639925 0.054831 0
6843.999925 0.056973 0
6847.359925 0.064279 0
6850.719925 0.054989 0
6854.079925 0.048601 0
6857.439925 0.057481 0
6860.799925 0.055207 0
6864.159925 0.051478 0
6867.519925 0.052971 0
6870.879924 0.034018 0
6874.239924 0.033663 0
6877.599924 0.061741 0
6880.959924 0.042834 0
6884.319924 0.033573 0
6887.679924 0.034669 0
6891.039924 0.045085 0
6894.399924 0.047519 0
6897.759924 0.029014 0
6901.119924 0.036541 0
6904.479923 0.038439 0
6907.839923 0.039490 0
6911.199923 0.068024 0
6914.559923 0.050781 0
6917.919923 0.039259 0
6921.279923 0.052974 0
6924.639923 0.047339 0
6927.999923 0.053279 0
6931.359923 0.050273 0
6934.719922 0.055277 0
6938.079922 0.041302 0
6941.439922 0.061262 0
6944.799922 0.075175 0
6948.159922 0.057864 0
6951.519922 0.048248 0
6954.879922 0.071176 0
6958.239922 0.044442 0
6961.599922 0.047845 0
6964.959922 0.062420 0
6968.319921 0.053530 0
6971.679921 0.048568 0
6975.039921 0.037785 0
6978.399921 0.057431 0
6981.759921 0.057637 0
6985.119921 0.055860 0
6988.479921 0.049422 0
6991.839921 0.049051 0
6995.199921 0.039800 0
6998.559920 0.049547 0
7001.919920 0.046745 0
7005.279920 0.046056 0
7008.639920 0.052546 0
7011.999920 0.067133 0
7015.359920 0.033268 0
7018.719920 0.058267 0
7022.079920 0.056777 0
7025.439920 0.055941 0
7028.799920 0.048859 0
7032.159919 0.039502 0
7035.519919 0.039621 0
7038.879919 0.038435 0
7042.239919 0.059140 0
7045.599919 0.046487 0
7048.959919 0.056425 0
7052.319919 0.050732 0
7055.679919 0.062369 0
7059.039919 0.055206 0
7062.399918 0.052565 0
7065.759918 0.056210 0
7069.119918 0.051775 0
7072.479918 0.043992 0
7075.839918 0.032087 0
7079.199918 0.043559 0
7082.559918 0.045005 0
7085.919918 0.045217 0
7089.279918 0.056248 0
7092.639918 0.057657 0
7095.999917 0.048516 0
7099.359917 0.059954 0
7102.719917 0.043447 0
7106.079917 0.050197 0
7109.439917 0.054204 0
7112.799917 0.046938 0
7116.159917 0.048720 0
7119.519917 0.055787 0
7122.879917 0.060051 0
7126.239916 0.056592 0
7129.599916 0.056418 0
7132.959916 0.045439 0
7136.319916 0.052853 0
7139.679916 0.045572 0
7143.039916 0.042164 0
7146.399916 0.054335 0
7149.759916 0.067678 0
7153.119916 0.060034 0
7156.479916 0.056885 0
7159.839915 0.053691 0
7163.199915 0.043682 0
7166.559915 0.047974 0
7169.919915 0.054898 0
7173.279915 0.060365 0
7176.639915 0.057488 0
7179.999915 0.066568 0
7183.359915 0.066625 0
7186.719915 0.046450 0
7190.079915 0.041890 0
7193.439914 0.053194 0
7196.799914 0.043357 0
7200.159914 0.047447 0
7203.519914 0.058387 0
7206.879914 0.051529 0
7210.239914 0.052893 0
7213.599914 0.054451 0
7216.959914 0.045153 0
7220.319914 0.049111 0
7223.679913 0.050438 0
7227.039913 0.051955 0
7230.399913 0.049717 0
7233.759913 0.037501 0
7237.119913 0.035857 0
7240.479913 0.056625 0
7243.839913 0.071635 0
7247.199913 0.050594 0
7250.559913 0.069438 0
7253.919913 0.051704 0
7257.279912 0.045832 0
7260.639912 0.048007 0
7263.999912 0.042611 0
7267.359912 0.054665 0
7270.719912 0.063416 0
7274.079912 0.034286 0
7277.439912 0.077214 0
7280.799912 0.045322 0
7284.159912 0.053182 0
7287.519911 0.061081 0
7290.879911 0.045244 0
7294.239911 0.023178 0
7297.599911 0.039447 0
7300.959911 0.071168 0
7304.319911 0.067759 0
7307.679911 0.067853 0
7311.039911 0.057162 0
7314.399911 0.045204 0
7317.759911 0.058934 0
7321.119910 0.058226 0
7324.479910 0.055144 0
7327.839910 0.060990 0
7331.199910 0.052429 0
7334.559910 0.051305 0
7337.919910 0.045037 0
7341.279910 0.081462 0
7344.639910 0.062461 0
7347.999910 0.035606 0
7351.359909 0.049790 0
7354.719909 0.058243 0
7358.079909 0.062566 0
7361.439909 0.056617 0
7364.799909 0.052022 0
7368.159909 0.036857 0
7371.519909 0.034160 0
7374.879909 0.053176 0
7378.239909 0.054478 0
7381.599909 0.054188 0
7384.959908 0.059884 0
7388.319908 0.053180 0
7391.679908 0.045944 0
7395.039908 0.042054 0
7398.399908 0.043842 0
7401.759908 0.056650 0
7405.119908 0.048589 0
7408.479908 0.054912 0
7411.839908 0.058578 0
7415.199907 0.045046 0
7418.559907 0.045664 0
7421.919907 0.054313 0
7425.279907 0.050173 0
7428.639907 0.047797 0
7431.999907 0.047729 0
7435.359907 0.039242 0
7438.719907 0.046452 0
7442.079907 0.050052 0
7445.439907 0.056268 0
7448.799906 0.054104 0
7452.159906 0.046412 0
7455.519906 0.047780 0
7458.879906 0.035956 0
7462.239906 0.047009 0
7465.599906 0.056672 0
7468.959906 0.039885 0
7472.319906 0.047673 0
7475.679906 0.063852 0
7479.039905 0.057050 0
7482.399905 0.033682 0
7485.759905 0.042630 0
7489.119905 0.054699 0
7492.479905 0.048973 0
7495.839905 0.053693 0
7499.199905 0.077230 0
7502.559905 0.050722 0
7505.919905 0.053904 0
7509.279905 0.051844 0
7512.639904 0.052783 0
7515.999904 0.072400 0
7519.359904 0.025913 0
7522.719904 0.062280 0
7526.079904 0.044428 0
7529.439904 0.047997 0
7532.799904 0.063730 0
7536.159904 0.048352 0
7539.519904 0.046679 0
7542.879903 0.051096 0
7546.239903 0.063600 0
7549.599903 0.048894 0
7552.959903 0.061033 0
7556.319903 0.035789 0
7559.679903 0.049376 0
7563.039903 0.053595 0
7566.399903 0.059912 0
7569.759903 0.049049 0
7573.119903 0.043984 0
7576.479902 0.048193 0
7579.839902 0.058761 0
7583.199902 0.048690 0
7586.559902 0.036691 0
7589.919902 0.048341 0
7593.279902 0.058754 0
7596.639902 0.057059 0
7599.999902 0.026266 0
7603.359902 0.025851 0
7606.719901 0.039545 0
7610.079901 0.043208 0
7613.439901 0.087387 0
7616.799901 0.069164 0
7620.159901 0.064779 0
7623.519901 0.047806 0
7626.879901 0.061432 0
7630.239901 0.047774 0
7633.599901 0.056572 0
7636.959901 0.053413 0
7640.319900 0.048981 0
7643.679900 0.058208 0
7647.039900 0.060993 0
7650.399900 0.054894 0
7653.759900 0.057795 0
7657.119900 0.030901 0
7660.479900 0.043999 0
7663.839900 0.050829 0
7667.199900 0.044976 0
7670.559900 0.046479 0
7673.919899 0.041198 0
7677.279899 0.043718 0
7680.639899 0.055349 0
7683.999899 0.050169 0
7687.359899 0.051709 0
7690.719899 0.046285 0
7694.079899 0.053894 0
7697.439899 0.051547 0
7700.799899 0.053517 0
7704.159898 0.059047 0
7707.519898 0.057693 0
7710.879898 0.046190 0
7714.239898 0.043580 0
7717.599898 0.054179 0
7720.959898 0.016526 0
7724.319898 0.050692 0
7727.679898 0.050396 0
7731.039898 0.042396 0
7734.399898 0.042997 0
7737.759897 0.038410 0
7741.119897 0.028709 0
7744.479897 0.076361 0
7747.839897 0.031520 0
7751.199897 0.049904 0
7754.559897 0.009737 0
7757.919897 0.030578 0
7761.279897 0.047363 0
7764.639897 0.053014 0
7767.999896 0.035340 0
7771.359896 0.045695 0
7774.719896 0.039269 0
7778.079896 0.042153 0
7781.439896 0.056017 0
7784.799896 0.045833 0
7788.159896 0.033095 0
7791.519896 0.034888 0
7794.879896 0.020243 0
7798.239896 -0.004394 0
7801.599895 0.022970 0
7804.959895 0.042764 0
7808.319895 0.045082 0
7811.679895 0.045077 0
7815.039895 0.049120 0
7818.399895 0.052425 0
7821.759895 0.050798 0
7825.119895 0.060325 0
7828.479895 0.059436 0
7831.839894 0.032220 0
7835.199894 0.037984 0
7838.559894 0.040198 0
7841.919894 0.046230 0
7845.279894 0.053553 0
7848.639894 0.027907 0
7851.999894 0.024619 0
7855.359894 0.049066 0
7858.719894 0.049196 0
7862.079894 0.052401 0
7865.439893 0.037356 0
7868.799893 0.049150 0
7872.159893 0.060442 0
7875.519893 0.044106 0
7878.879893 0.035784 0
7882.239893 0.033097 0
7885.599893 0.034660 0
7888.959893 0.027954 0
7892.319893 0.046294 0
7895.679892 0.068683 0
7899.039892 0.050154 0
7902.399892 0.049171 0
7905.759892 0.051765 0
7909.119892 0.041208 0
7912.479892 0.049157 0
7915.839892 0.019144 0
7919.199892 0.088353 0
7922.559892 0.070481 0
7925.919892 0.040277 0
7929.279891 0.041640 0
7932.639891 0.052365 0
7935.999891 0.051565 0
7939.359891 0.048987 0
7942.719891 0.053623 0
7946.079891 0.081059 0
7949.439891 0.064310 0
7952.799891 0.034496 0
7956.159891 0.060318 0
7959.519890 0.032330 0
7962.879890 0.055355 0
7966.239890 0.043760 0
7969.599890 0.044673 0
7972.959890 0.036724 0
7976.319890 0.033795 0
7979.679890 0.031854 0
7983.039890 0.037021 0
7986.399890 0.061995 0
7989.759890 0.063419 0
7993.119889 0.071275 0
7996.479889 0.078453 0
7999.839889 0.057606 0
8003.199889 0.043260 0
8006.559889 0.043229 0
8009.919889 0.048259 0
8013.279889 0.036787 0
8016.639889 0.034050 0
8019.999889 0.063087 0
8023.359888 0.043419 0
8026.719888 0.034500 0
8030.079888 0.035062 0
8033.439888 0.047152 0
8036.799888 0.044611 0
8040.159888 0.031232 0
8043.519888 0.050183 0
8046.879888 0.058922 0
8050.239888 0.045389 0
8053.599888 0.058302 0
8056.959887 0.063578 0
8060.319887 0.031925 0
8063.679887 0.023437 0
8067.039887 0.046221 0
8070.399887 0.047552 0
8073.759887 0.046520 0
8077.119887 0.041254 0
8080.479887 0.054760 0
8083.839887 0.051762 0
8087.199886 0.053112 0
8090.559886 0.038490 0
8093.919886 0.049232 0
8097.279886 0.064852 0
8100.639886 0.038163 0
8103.999886 0.033617 0
8107.359886 0.041407 0
8110.719886 0.041289 0
8114.079886 0.050023 0
8117.439886 0.049203 0
8120.799885 0.058648 0
8124.159885 0.056454 0
8127.519885 0.040351 0
8130.879885 0.046828 0
8134.239885 0.037927 0
8137.599885 0.053530 0
8140.959885 0.038954 0
8144.319885 0.050840 0
8147.679885 0.060174 0
8151.039885 0.037438 0
8154.399884 0.036492 0
8157.759884 0.056560 0
8161.119884 0.052569 0
8164.479884 0.042124 0
8167.839884 0.047760 0
8171.199884 0.039221 0
8174.559884 0.032589 0
8177.919884 0.048808 0
8181.279884 0.054633 0
8184.639883 0.053405 0
8187.999883 0.051983 0
8191.359883 0.040931 0
8194.719883 0.059279 0
8198.079883 0.046804 0
8201.439883 0.042618 0
8204.799883 0.043891 0
8208.159883 0.048889 0
8211.519883 0.041063 0
8214.879883 0.049034 0
8218.239882 0.042696 0
8221.599882 0.044241 0
8224.959882 0.061726 0
8228.319882 0.057011 0
8231.679882 0.054413 0
8235.039882 0.057177 0
8238.399882 0.050493 0
8241.759882 0.053623 0
8245.119882 0.049886 0
8248.479881 0.036536 0
8251.839881 0.043214 0
8255.199881 0.047717 0
8258.559881 0.043588 0
8261.919881 0.044147 0
8265.279881 0.048970 0
8268.639881 0.040639 0
8271.999881 0.058536 0
8275.359881 0.044677 0
8278.719881 0.073798 0
8282.079880 0.049695 0
8285.439880 0.026684 0
8288.799880 0.045455 0
8292.159880 0.058843 0
8295.519880 0.043726 0
8298.879880 0.046636 0
8302.239880 0.037943 0
8305.599880 0.039850 0
8308.959880 0.042100 0
8312.319879 0.039278 0
8315.679879 0.044241 0
8319.039879 0.067184 0
8322.399879 0.048839 0
8325.759879 0.045759 0
8329.119879 0.043545 0
8332.479879 0.044105 0
8335.839879 0.075310 0
8339.199879 0.094271 0
8342.559879 0.078534 0
8345.919878 0.024553 0
8349.279878 0.040700 0
8352.639878 0.026535 0
8355.999878 0.082269 0
8359.359878 0.040404 0
8362.719878 0.048980 0
8366.079878 0.032124 0
8369.439878 0.047888 0
8372.799878 0.051535 0
8376.159877 0.056373 0
8379.519877 0.037254 0
8382.879877 0.041836 0
8386.239877 0.035100 0
8389.599877 0.047413 0
8392.959877 0.032677 0
8396.319877 0.007021 0
8399.679877 0.024210 0
8403.039877 0.041588 0
8406.399877 0.047394 0
8409.759876 0.037456 0
8413.119876 0.045974 0
8416.479876 0.055663 0
8419.839876 0.043648 0
8423.199876 0.046059 0
8426.559876 0.058835 0
8429.919876 0.043020 0
8433.279876 0.013127 0
8436.639876 0.000698 0
8439.999875 0.048944 0
8443.359875 0.057766 0
8446.719875 0.053368 0
8450.079875 0.055127 0
8453.439875 0.051495 0
8456.799875 0.043777 0
8460.159875 0.046363 0
8463.519875 0.060857 0
8466.879875 0.038895 0
8470.239875 0.017762 0
8473.599874 0.028926 0
8476.959874 0.044912 0
8480.319874 0.036421 0
8483.679874 0.040794 0
8487.039874 0.048238 0
8490.399874 0.054208 0
8493.759874 0.051225 0
8497.119874 0.055183 0
8500.479874 0.042119 0
8503.839873 0.055470 0
8507.199873 0.056984 0
8510.559873 0.038043 0
8513.919873 0.030517 0
8517.279873 0.047703 0
8520.639873 0.047738 0
8523.999873 0.033018 0
8527.359873 0.053301 0
8530.719873 0.044181 0
8534.079873 0.042394 0
8537.439872 0.053184 0
8540.799872 0.055774 0
8544.159872 0.065270 0
8547.519872 0.054814 0
8550.879872 0.042221 0
8554.239872 0.036907 0
8557.599872 0.034651 0
8560.959872 0.048423 0
8564.319872 0.051193 0
8567.679871 0.044456 0
8571.039871 0.050055 0
8574.399871 0.046334 0
8577.759871 0.045470 0
8581.119871 0.039648 0
8584.479871 0.037871 0
8587.839871 0.058807 0
8591.199871 0.042040 0
8594.559871 0.053224 0
8597.919871 0.044156 0
8601.279870 0.032733 0
8604.639870 0.053925 0
8607.999870 0.051707 0
8611.359870 0.040622 0
8614.719870 0.026136 0
8618.079870 0.031849 0
8621.439870 0.055625 0
8624.799870 0.077093 0
8628.159870 0.068327 0
8631.519870 0.043910 0
8634.879869 0.031281 0
8638.239869 0.034283 0
8641.599869 0.029946 0
8644.959869 0.043137 0
8648.319869 0.042911 0
8651.679869 0.043531 0
8655.039869 0.064953 0
8658.399869 0.049064 0
8661.759869 0.020869 0
8665.119868 0.032221 0
8668.479868 0.039143 0
8671.839868 0.013035 0
8675.199868 0.035963 0
8678.559868 0.062173 0
8681.919868 0.047710 0
8685.279868 0.042799 0
8688.639868 -0.002853 0
8691.999868 0.032872 0
8695.359868 0.052653 0
8698.719867 0.043504 0
8702.079867 0.042817 0
8705.439867 0.048273 0
8708.799867 0.046548 0
8712.159867 0.039003 0
8715.519867 0.057904 0
8718.879867 0.034314 0
8722.239867 0.037688 0
8725.599867 0.037030 0
8728.959866 0.032210 0
8732.319866 0.033768 0
8735.679866 0.030440 0
8739.039866 0.066995 0
8742.399866 0.042876 0
8745.759866 0.034780 0
8749.119866 0.055238 0
8752.479866 0.060566 0
8755.839866 0.083947 0
8759.199866 0.069284 0
8762.559865 0.096272 0
8765.919865 -0.020675 0
8769.279865 0.037594 0
8772.639865 0.091549 0
8775.999865 0.021693 0
8779.359865 0.048307 0
8782.719865 0.036438 0
8786.079865 0.032332 0
8789.439865 0.068796 0
8792.799864 0.028080 0
8796.159864 0.018209 0
8799.519864 0.042460 0
8802.879864 0.061094 0
8806.239864 0.036961 0
8809.599864 0.040749 0
8812.959864 0.056469 0
8816.319864 0.067542 0
8819.679864 0.119420 0
8823.039864 0.051076 0
8826.399863 0.049656 0
8829.759863 0.060880 0
8833.119863 -0.049825 0
8836.479863 0.023106 0
8839.839863 0.023814 0
8843.199863 0.047111 0
8846.559863 0.051272 0
8849.919863 0.032455 0
8853.279863 0.016361 0
8856.639862 0.038308 0
8859.999862 0.071313 0
8863.359862 0.022514 0
8866.719862 0.025576 0
8870.079862 0.033998 0
8873.439862 -0.029193 0
8876.799862 0.078574 0
8880.159862 0.125933 0
8883.519862 0.035404 0
8886.879862 0.006807 0
8890.239861 -0.033634 0
8893.599861 0.026620 0
8896.959861 0.025527 0
8900.319861 0.039145 0
8903.679861 0.033179 0
8907.039861 -0.026024 0
8910.399861 0.080632 0
8913.759861 0.139744 0
8917.119861 0.057497 0
8920.479860 0.054981 0
8923.839860 -0.103922 0
8927.199860 -0.042244 0
8930.559860 0.041652 0
8933.919860 0.070995 0
8937.279860 0.093716 0
8940.639860 0.028054 0
8943.999860 0.047178 0
8947.359860 0.046636 0
8950.719860 0.115603 0
8954.079859 0.120890 0
8957.439859 0.077303 0
8960.799859 0.007650 0
8964.159859 -0.043456 0
8967.519859 0.005522 0
8970.879859 0.028240 0
8974.239859 0.034190 0
8977.599859 0.054106 0
8980.959859 0.074330 0
8984.319858 0.053635 0
8987.679858 0.024332 0
8991.039858 0.023697 0
8994.399858 0.096157 0
8997.759858 0.071738 0
9001.119858 0.028868 0
9004.479858 0.012684 0
9007.839858 -0.011966 0
9011.199858 0.022329 0
9014.559858 0.027760 0
9017.919857 0.028655 0
9021.279857 0.033522 0
9024.639857 0.056791 0
9027.999857 0.057689 0
9031.359857 0.071827 0
9034.719857 0.046536 0
9038.079857 0.041152 0
9041.439857 0.055365 0
9044.799857 0.024010 0
9048.159856 0.009919 0
9051.519856 0.037526 0
9054.879856 0.018587 0
9058.239856 0.043456 0
9061.599856 0.046297 0
9064.959856 0.056931 0
9068.319856 0.057425 0
9071.679856 0.033205 0
9075.039856 0.039177 0
9078.399856 0.018974 0
9081.759855 0.021062 0
9085.119855 0.059562 0
9088.479855 0.058424 0
9091.839855 0.059615 0
9095.199855 0.071513 0
9098.559855 0.059151 0
9101.919855 0.055906 0
9105.279855 0.055919 0
9108.639855 0.038915 0
9111.999855 0.027778 0
9115.359854 0.057689 0
9118.719854 0.043247 0
9122.079854 0.049503 0
9125.439854 0.072089 0
9128.799854 0.071468 0
9132.159854 0.007184 0
9135.519854 0.015415 0
9138.879854 0.000000 1
9142.239854 0.000000 1
9145.599853 0.000000 1
9148.959853 0.000000 1
9152.319853 0.000000 1
9155.679853 0.000000 1
9159.039853 0.000000 1
9162.399853 0.000000 1
9165.759853 0.000000 1
9169.119853 0.000000 1
9172.479853 0.000000 1
9175.839853 0.000000 1
9179.199852 0.000000 1
9182.559852 0.000000 1
9185.919852 0.000000 1
9189.279852 0.000000 1
9192.639852 0.000000 1
9195.999852 0.000000 1
9199.359852 0.000000 1
9202.719852 0.000000 1
9206.079852 0.000000 1
9209.439851 0.000000 1
9212.799851 0.000000 1
9216.159851 0.000000 1
9219.519851 0.000000 1
9222.879851 0.000000 1
9226.239851 0.000000 1
9229.599851 0.000000 1
9232.959851 0.000000 1
9236.319851 0.000000 1
9239.679851 0.000000 1
9243.039850 0.000000 1
9246.399850 0.000000 1
9249.759850 0.000000 1
