# obs: 255712
# slit: 40
# z: 0.80840
# lines: [OII],K,H
# spec: 352
4451.680000 0.000000 1
4455.040000 0.000000 1
4458.400000 0.000000 1
4461.760000 0.000000 1
4465.120000 0.000000 1
4468.480000 0.000000 1
4471.840000 0.000000 1
4475.200000 0.000000 1
4478.560000 0.000000 1
4481.920000 0.000000 1
4485.280000 0.000000 1
4488.640000 0.018372 0
4492.000000 0.044354 0
4495.360000 0.003547 0
4498.720000 0.037085 0
4502.080000 0.023337 0
4505.440000 0.019277 0
4508.800000 0.023931 0
4512.160000 0.020339 0
4515.520000 0.020736 0
4518.880000 0.020198 0
4522.240000 0.037512 0
4525.600000 0.021688 0
4528.960000 0.020090 0
4532.320000 0.033163 0
4535.680000 0.011786 0
4539.040000 0.018611 0
4542.400000 0.006897 0
4545.760000 0.001610 0
4549.120000 0.014742 0
4552.480000 0.014535 0
4555.840000 0.041884 0
4559.200000 0.019581 0
4562.560000 0.002887 0
4565.920000 0.011197 0
4569.280000 0.027014 0
4572.640000 0.030628 0
4576.000000 0.048416 0
4579.360000 0.045235 0
4582.720000 0.011824 0
4586.080000 0.012412 0
4589.440000 0.010258 0
4592.800000 0.016003 0
4596.160000 0.049824 0
4599.520000 0.017015 0
4602.880000 0.021684 0
4606.240000 0.023152 0
4609.600000 0.011254 0
4612.960000 0.003952 0
4616.320000 0.019156 0
4619.680000 0.008609 0
4623.040000 0.026176 0
4626.400000 0.031907 0
4629.760000 0.038977 0
4633.120000 0.021174 0
4636.480000 0.020119 0
4639.840000 0.012114 0
4643.200000 0.035576 0
4646.560000 -0.001011 0
4649.920000 0.018113 0
4653.280000 0.035896 0
4656.640000 0.020154 0
4660.000000 0.026416 0
4663.360000 0.036449 0
4666.720000 0.031544 0
4670.080000 0.037049 0
4673.440000 0.018332 0
4676.800000 -0.012492 0
4680.160000 -0.006103 0
4683.520000 0.029406 0
4686.880000 0.025772 0
4690.240000 0.003774 0
4693.600000 0.034911 0
4696.960000 -0.005251 0
4700.320000 0.020033 0
4703.680000 0.005441 0
4707.040000 0.002854 0
4710.400000 -0.005937 0
4713.760000 0.007955 0
4717.120000 0.019377 0
4720.480000 0.024954 0
4723.840000 0.033485 0
4727.200000 0.035847 0
4730.560000 0.004456 0
4733.920000 0.009726 0
4737.280000 0.031102 0
4740.640000 0.034936 0
4744.000000 0.011984 0
4747.360000 0.018135 0
4750.720000 0.044222 0
4754.080000 0.023692 0
4757.440000 0.009988 0
4760.800000 0.038237 0
4764.160000 0.030227 0
4767.520000 0.027115 0
4770.880000 0.012873 0
4774.240000 0.014865 0
4777.600000 0.009090 0
4780.960000 0.018401 0
4784.320000 0.019547 0
4787.680000 0.037070 0
4791.040000 0.026531 0
4794.400000 0.026646 0
4797.760000 0.016704 0
4801.120000 0.017487 0
4804.480000 0.018050 0
4807.840000 0.046678 0
4811.200000 0.027989 0
4814.560000 0.033224 0
4817.920000 0.023788 0
4821.280000 0.022013 0
4824.640000 0.013767 0
4828.000000 0.010314 0
4831.360000 0.019916 0
4834.720000 0.025744 0
4838.080000 0.008062 0
4841.440000 0.018661 0
4844.800000 0.031801 0
4848.160000 0.014816 0
4851.520000 0.027018 0
4854.880000 0.046390 0
4858.240000 0.015824 0
4861.600000 0.022117 0
4864.960000 0.028396 0
4868.320000 0.012572 0
4871.680000 0.017276 0
4875.040000 0.042247 0
4878.400000 0.038761 0
4881.760000 0.027377 0
4885.120000 0.029205 0
4888.480000 0.012516 0
4891.840000 0.019044 0
4895.200000 0.025459 0
4898.560000 0.028622 0
4901.920000 0.034110 0
4905.280000 0.017499 0
4908.640000 0.027254 0
4912.000000 0.027137 0
4915.360000 0.036172 0
4918.720000 0.030377 0
4922.080000 0.029326 0
4925.440000 0.027481 0
4928.800000 0.019709 0
4932.160000 0.008806 0
4935.520000 0.012175 0
4938.880000 0.018467 0
4942.240000 0.013738 0
4945.600000 0.037556 0
4948.960000 0.015138 0
4952.320000 0.006179 0
4955.680000 0.017179 0
4959.040000 0.025241 0
4962.400000 0.035792 0
4965.760000 0.009772 0
4969.120000 0.015790 0
4972.480000 0.016730 0
4975.840000 0.027693 0
4979.200000 0.026527 0
4982.560000 0.005191 0
4985.920000 0.017299 0
4989.280000 0.027009 0
4992.640000 0.027306 0
4996.000000 0.013505 0
4999.360000 0.015560 0
5002.720000 0.000913 0
5006.080000 0.026718 0
5009.440000 0.025527 0
5012.800000 0.025223 0
5016.160000 0.016383 0
5019.520000 0.016500 0
5022.880000 0.029274 0
5026.240000 0.024952 0
5029.600000 0.032241 0
5032.960000 0.037838 0
5036.320000 0.021168 0
5039.680000 0.017198 0
5043.040000 0.006981 0
5046.400000 0.024014 0
5049.760000 0.025889 0
5053.120000 0.013980 0
5056.480000 0.026887 0
5059.840000 0.000753 0
5063.200000 0.012129 0
5066.560000 0.019322 0
5069.920000 0.019260 0
5073.280000 0.004649 0
5076.640000 0.032613 0
5080.000000 0.038884 0
5083.360000 0.002233 0
5086.720000 0.006498 0
5090.080000 0.032639 0
5093.440000 0.043241 0
5096.800000 0.027190 0
5100.160000 0.011166 0
5103.520000 0.037080 0
5106.880000 0.035064 0
5110.240000 0.031052 0
5113.600000 0.026621 0
5116.960000 0.023736 0
5120.320000 0.032205 0
5123.680000 0.015634 0
5127.040000 0.009081 0
5130.400000 0.016901 0
5133.760000 0.031243 0
5137.120000 0.032961 0
5140.480000 0.038790 0
5143.840000 0.040528 0
5147.200000 0.026916 0
5150.560000 0.010718 0
5153.920000 0.023178 0
5157.280000 0.013706 0
5160.640000 0.040518 0
5164.000000 0.019247 0
5167.360000 0.032284 0
5170.720000 0.035223 0
5174.080000 0.023670 0
5177.440000 0.011788 0
5180.800000 0.023070 0
5184.160000 0.020589 0
5187.520000 0.035452 0
5190.880000 0.031196 0
5194.240000 0.023767 0
5197.600000 0.035482 0
5200.960000 0.014804 0
5204.320000 0.030517 0
5207.680000 0.040498 0
5211.040000 0.027966 0
5214.400000 0.010670 0
5217.760000 0.002776 0
5221.120000 0.040300 0
5224.480000 0.028032 0
5227.840000 0.023840 0
5231.200000 0.026207 0
5234.560000 0.017107 0
5237.920000 0.009470 0
5241.280000 0.005412 0
5244.640000 0.020525 0
5248.000000 0.022586 0
5251.360000 0.026083 0
5254.720000 0.030507 0
5258.080000 0.017140 0
5261.440000 0.030768 0
5264.800000 0.033936 0
5268.160000 0.019225 0
5271.520000 0.018640 0
5274.880000 0.025077 0
5278.240000 0.022648 0
5281.600000 0.032673 0
5284.960000 0.010946 0
5288.320000 0.028290 0
5291.680000 0.016460 0
5295.040000 0.030612 0
5298.400000 0.013129 0
5301.760000 0.039589 0
5305.120000 0.033960 0
5308.480000 0.036613 0
5311.840000 0.024776 0
5315.200000 0.020175 0
5318.560000 0.005238 0
5321.920000 0.006791 0
5325.280000 0.027521 0
5328.640000 0.017751 0
5332.000000 0.032146 0
5335.360000 0.028334 0
5338.720000 0.036972 0
5342.080000 0.029136 0
5345.440000 0.022443 0
5348.800000 0.020234 0
5352.160000 0.021832 0
5355.520000 0.013541 0
5358.880000 0.018053 0
5362.240000 0.025099 0
5365.600000 0.037037 0
5368.960000 0.025435 0
5372.320000 0.011114 0
5375.680000 0.005289 0
5379.040000 0.010468 0
5382.400000 0.044924 0
5385.760000 0.036763 0
5389.120000 0.021704 0
5392.480000 0.024139 0
5395.840000 0.022834 0
5399.200000 0.023678 0
5402.560000 0.031495 0
5405.920000 0.017379 0
5409.280000 0.010517 0
5412.640000 0.024451 0
5416.000000 0.033421 0
5419.360000 0.015016 0
5422.720000 0.020280 0
5426.080000 0.029287 0
5429.440000 0.036291 0
5432.800000 0.038849 0
5436.160000 0.027015 0
5439.520000 0.005231 0
5442.880000 0.043215 0
5446.240000 0.030329 0
5449.600000 0.012609 0
5452.960000 0.024893 0
5456.320000 0.031462 0
5459.680000 0.021769 0
5463.040000 0.032225 0
5466.400000 0.035600 0
5469.760000 0.026264 0
5473.120000 0.030665 0
5476.480000 0.021690 0
5479.840000 0.025819 0
5483.200000 0.015815 0
5486.560000 0.025883 0
5489.920000 0.027768 0
5493.280000 0.027623 0
5496.640000 0.028406 0
5500.000000 0.017759 0
5503.360000 0.017711 0
5506.720000 0.014765 0
5510.080000 0.016828 0
5513.440000 0.036798 0
5516.800000 0.046742 0
5520.160000 0.024591 0
5523.520000 0.007335 0
5526.880000 0.021678 0
5530.240000 0.023903 0
5533.600000 0.012853 0
5536.960000 0.014300 0
5540.320000 0.006777 0
5543.680000 0.013872 0
5547.040000 0.021221 0
5550.400000 0.032610 0
5553.760000 0.020114 0
5557.120000 0.036462 0
5560.480000 0.035847 1
5563.840000 0.026627 1
5567.200000 0.019267 1
5570.560000 -0.264253 1
5573.920000 0.014753 1
5577.280000 -0.018024 1
5580.640000 0.002285 1
5584.000000 0.289589 1
5587.360000 0.033045 1
5590.720000 0.019510 0
5594.080000 0.003620 0
5597.440000 0.027977 0
5600.800000 0.006276 0
5604.160000 0.012970 0
5607.520000 0.012998 0
5610.880000 0.034603 0
5614.240000 0.043377 0
5617.600000 0.019534 0
5620.960000 0.019522 0
5624.320000 0.023451 0
5627.680000 0.015244 0
5631.040000 0.015616 0
5634.400000 0.020056 0
5637.760000 0.031564 0
5641.120000 0.026565 0
5644.480000 0.020551 0
5647.840000 0.028514 0
5651.200000 0.027233 0
5654.560000 0.025695 0
5657.920000 0.023557 0
5661.280000 0.018543 0
5664.640000 0.012481 0
5668.000000 0.032614 0
5671.360000 0.027232 0
5674.720000 0.034015 0
5678.080000 0.037169 0
5681.440000 0.017654 0
5684.800000 0.022565 0
5688.160000 0.029804 0
5691.520000 0.039599 0
5694.880000 0.027259 0
5698.240000 0.028514 0
5701.600000 0.030048 0
5704.960000 0.023547 0
5708.320000 0.026598 0
5711.680000 0.016776 0
5715.040000 0.020650 0
5718.400000 0.006395 0
5721.760000 0.036999 0
5725.120000 0.017532 0
5728.480000 -0.007490 0
5731.840000 0.025247 0
5735.200000 0.006593 0
5738.560000 0.020150 0
5741.920000 0.014041 0
5745.280000 0.005007 0
5748.640000 0.038807 0
5752.000000 0.030228 0
5755.360000 0.022362 0
5758.720000 0.030821 0
5762.080000 0.044979 0
5765.440000 0.034694 0
5768.800000 0.022584 0
5772.160000 0.013967 0
5775.520000 0.021341 0
5778.880000 0.005982 0
5782.240000 0.019758 0
5785.600000 0.038419 0
5788.960000 0.043446 0
5792.320000 0.020517 0
5795.680000 0.025992 0
5799.040000 0.027329 0
5802.400000 0.015469 0
5805.760000 0.028194 0
5809.120000 0.029630 0
5812.480000 0.033679 0
5815.840000 0.020795 0
5819.200000 0.028162 0
5822.560000 0.059222 0
5825.920000 0.031550 0
5829.280000 0.045022 0
5832.640000 0.060218 0
5836.000000 0.010118 0
5839.360000 0.028809 0
5842.720000 0.020837 0
5846.080000 0.022998 0
5849.440000 0.037295 0
5852.800000 0.029690 0
5856.160000 0.032851 0
5859.520000 0.007434 0
5862.880000 -0.031776 0
5866.240000 0.001840 0
5869.600000 0.038420 0
5872.960000 0.003077 0
5876.320000 0.016326 0
5879.680000 0.015572 0
5883.040000 -0.038653 0
5886.400000 0.021956 0
5889.760000 -0.017047 0
5893.120000 0.078850 0
5896.480000 0.084330 0
5899.840000 0.023418 0
5903.200000 0.033366 0
5906.560000 0.035342 0
5909.920000 0.030236 0
5913.280000 0.024807 0
5916.640000 0.024444 0
5920.000000 0.014162 0
5923.360000 0.019095 0
5926.720000 0.021005 0
5930.080000 0.018955 0
5933.440000 0.057659 0
5936.800000 0.065794 0
5940.160000 0.031929 0
5943.520000 0.032346 0
5946.880000 0.037029 0
5950.240000 0.031095 0
5953.600000 0.030579 0
5956.960000 0.026248 0
5960.320000 0.005119 0
5963.680000 0.027037 0
5967.040000 0.022754 0
5970.400000 0.026004 0
5973.760000 0.044716 0
5977.120000 0.031861 0
5980.480000 0.047354 0
5983.840000 0.024405 0
5987.200000 0.007295 0
5990.560000 0.003841 0
5993.920000 0.016351 0
5997.280000 0.006094 0
6000.640000 0.014174 0
6004.000000 0.043086 0
6007.360000 0.050759 0
6010.720000 0.015356 0
6014.080000 0.020039 0
6017.440000 0.047355 0
6020.800000 0.045385 0
6024.160000 0.022494 0
6027.520000 0.023839 0
6030.880000 0.011088 0
6034.240000 0.027582 0
6037.600000 0.004160 0
6040.960000 0.032850 0
6044.320000 0.025346 0
6047.680000 0.017650 0
6051.040000 0.020277 0
6054.400000 0.026455 0
6057.760000 0.022869 0
6061.120000 0.030500 0
6064.480000 0.016298 0
6067.840000 0.023751 0
6071.200000 0.040986 0
6074.560000 0.025613 0
6077.920000 0.034022 0
6081.280000 0.028356 0
6084.640000 0.032291 0
6088.000000 0.035038 0
6091.360000 0.032289 0
6094.720000 0.036383 0
6098.080000 0.039855 0
6101.440000 0.037471 0
6104.800000 0.025939 0
6108.160000 0.030836 0
6111.520000 0.024891 0
6114.880000 0.024280 0
6118.240000 0.032799 0
6121.600000 0.024019 0
6124.960000 0.033563 0
6128.320000 0.028593 0
6131.680000 0.017195 0
6135.040000 0.021259 0
6138.400000 0.028124 0
6141.760000 0.036949 0
6145.120000 0.030628 0
6148.480000 0.023701 0
6151.840000 0.027164 0
6155.200000 0.020942 0
6158.560000 0.030035 0
6161.920000 0.046531 0
6165.280000 0.040215 0
6168.640000 0.025359 0
6172.000000 0.031791 0
6175.360000 0.016862 0
6178.720000 0.044305 0
6182.080000 0.043451 0
6185.440000 0.019697 0
6188.800000 0.016408 0
6192.160000 0.025284 0
6195.520000 0.024302 0
6198.880000 0.036353 0
6202.240000 0.029840 0
6205.600000 0.011763 0
6208.960000 0.045285 0
6212.320000 0.026555 0
6215.680000 -0.008271 0
6219.040000 0.023580 0
6222.400000 0.020884 0
6225.760000 0.023862 0
6229.120000 0.006046 0
6232.480000 0.002904 0
6235.840000 0.039941 0
6239.200000 0.048834 0
6242.560000 0.055466 0
6245.920000 0.036345 0
6249.280000 0.017430 0
6252.640000 0.015398 0
6256.000000 0.000447 0
6259.360000 0.062972 0
6262.720000 0.050503 0
6266.080000 0.028917 0
6269.440000 0.025015 0
6272.800000 0.032448 0
6276.160000 0.017050 0
6279.520000 0.027769 0
6282.880000 0.044476 0
6286.240000 0.021331 1
6289.600000 0.024205 1
6292.960000 -0.035285 1
6296.320000 0.012012 1
6299.680000 0.015510 1
6303.040000 -0.005305 1
6306.400000 0.166712 1
6309.760000 0.024677 1
6313.120000 0.034170 1
6316.480000 0.004921 1
6319.840000 0.023898 1
6323.200000 0.021425 0
6326.560000 0.029755 0
6329.920000 0.037695 0
6333.280000 0.017973 0
6336.640000 0.031853 0
6340.000000 0.029167 0
6343.360000 0.033626 0
6346.720000 0.020631 0
6350.080000 0.030965 0
6353.440000 0.042650 0
6356.800000 0.037613 0
6360.160000 0.020739 0
6363.520000 0.032128 0
6366.880000 0.033550 0
6370.240000 0.058707 0
6373.600000 0.023832 0
6376.960000 0.023386 0
6380.320000 0.014825 0
6383.680000 0.010632 0
6387.040000 0.025992 0
6390.400000 0.008934 0
6393.760000 0.001482 0
6397.120000 0.026312 0
6400.480000 0.037734 0
6403.840000 0.029946 0
6407.200000 0.024627 0
6410.560000 0.015751 0
6413.920000 0.019078 0
6417.280000 0.038890 0
6420.640000 0.034146 0
6424.000000 0.031776 0
6427.360000 0.028117 0
6430.720000 0.029669 0
6434.080000 0.016374 0
6437.440000 0.021876 0
6440.800000 0.024573 0
6444.160000 0.033398 0
6447.520000 0.041624 0
6450.880000 0.033132 0
6454.240000 0.019138 0
6457.600000 0.023762 0
6460.960000 0.006885 0
6464.320000 0.026332 0
6467.680000 0.031499 0
6471.040000 0.014178 0
6474.400000 -0.000411 0
6477.760000 0.012982 0
6481.120000 0.025358 0
6484.480000 0.029612 0
6487.840000 0.031430 0
6491.200000 0.018994 0
6494.560000 0.022644 0
6497.920000 0.044211 0
6501.280000 0.034633 0
6504.640000 0.037655 0
6508.000000 0.033709 0
6511.360000 0.030855 0
6514.720000 0.036403 0
6518.080000 0.033361 0
6521.440000 0.029334 0
6524.800000 0.048193 0
6528.160000 0.050448 0
6531.520000 0.036295 0
6534.880000 0.031172 0
6538.240000 0.053722 0
6541.600000 0.021847 0
6544.960000 0.017839 0
6548.320000 0.009373 0
6551.680000 0.014173 0
6555.040000 0.044902 0
6558.400000 0.048844 0
6561.760000 0.040355 0
6565.120000 0.026428 0
6568.480000 0.014395 0
6571.840000 0.015600 0
6575.200000 0.021338 0
6578.560000 0.040319 0
6581.920000 0.035848 0
6585.280000 0.018457 0
6588.640000 0.036759 0
6592.000000 0.044655 0
6595.360000 0.018887 0
6598.720000 0.010513 0
6602.080000 0.036214 0
6605.440000 0.042978 0
6608.800000 0.024231 0
6612.160000 0.017931 0
6615.520000 0.027916 0
6618.880000 0.031842 0
6622.240000 0.030543 0
6625.600000 0.040782 0
6628.960000 0.010561 0
6632.320000 0.027303 0
6635.680000 0.034689 0
6639.040000 0.041369 0
6642.400000 0.018302 0
6645.760000 0.016292 0
6649.120000 0.018751 0
6652.480000 0.024427 0
6655.840000 0.009530 0
6659.200000 0.024300 0
6662.560000 0.023918 0
6665.920000 0.022693 0
6669.280000 0.031127 0
6672.640000 0.022756 0
6676.000000 0.028898 0
6679.360000 0.018644 0
6682.720000 0.019007 0
6686.080000 0.023478 0
6689.440000 0.007697 0
6692.800000 0.031551 0
6696.160000 0.029470 0
6699.520000 0.034782 0
6702.880000 0.018035 0
6706.240000 0.027571 0
6709.600000 0.036536 0
6712.960000 0.023777 0
6716.320000 0.029218 0
6719.680000 0.026941 0
6723.040000 0.016350 0
6726.400000 0.034711 0
6729.760000 0.033048 0
6733.120000 0.038837 0
6736.480000 0.044130 0
6739.840000 0.046191 0
6743.200000 0.058762 0
6746.560000 0.057305 0
6749.920000 0.048175 0
6753.280000 0.045144 0
6756.640000 0.031433 0
6760.000000 0.034830 0
6763.360000 0.020100 0
6766.720000 0.014503 0
6770.080000 0.037750 0
6773.440000 0.030003 0
6776.800000 0.027623 0
6780.160000 0.023342 0
6783.520000 0.029547 0
6786.880000 0.039679 0
6790.240000 0.029187 0
6793.600000 0.026728 0
6796.960000 0.034178 0
6800.320000 0.040427 0
6803.680000 0.026068 0
6807.040000 0.038352 0
6810.400000 0.038139 0
6813.760000 0.019842 0
6817.120000 0.026190 0
6820.480000 0.018192 0
6823.840000 0.016601 0
6827.200000 -0.007269 0
6830.560000 0.015874 0
6833.920000 0.030494 0
6837.280000 0.054637 0
6840.640000 0.026378 0
6844.000000 0.046635 0
6847.360000 0.046461 0
6850.720000 0.041510 0
6854.080000 0.038571 0
6857.440000 0.053181 0
6860.800000 0.001727 0
6864.160000 0.012816 0
6867.520000 0.021369 0
6870.880000 0.004933 0
6874.240000 -0.000222 0
6877.600000 0.040080 0
6880.960000 0.013950 0
6884.320000 0.017779 0
6887.680000 0.031340 0
6891.040000 0.013074 0
6894.400000 0.019765 0
6897.760000 0.014457 0
6901.120000 0.030352 0
6904.480000 0.045427 0
6907.840000 0.025323 0
6911.200000 0.023880 0
6914.560000 0.021340 0
6917.920000 0.024854 0
6921.280000 0.038536 0
6924.640000 0.016054 0
6928.000000 0.021616 0
6931.360000 0.046763 0
6934.720000 0.034335 0
6938.080000 0.029525 0
6941.440000 0.033781 0
6944.800000 0.045297 0
6948.160000 0.020161 0
6951.520000 0.026935 0
6954.880000 0.034069 0
6958.240000 0.044908 0
6961.600000 0.044298 0
6964.960000 0.057556 0
6968.320000 0.058417 0
6971.680000 0.063387 0
6975.040000 0.051561 0
6978.400000 0.035640 0
6981.760000 0.040508 0
6985.120000 0.029336 0
6988.480000 0.047499 0
6991.840000 0.038576 0
6995.200000 0.046648 0
6998.560000 0.041551 0
7001.920000 0.053206 0
7005.280000 0.044579 0
7008.640000 0.046394 0
7012.000000 0.039258 0
7015.360000 0.027468 0
7018.720000 0.028402 0
7022.080000 0.030012 0
7025.440000 0.011499 0
7028.800000 0.030705 0
7032.160000 0.041788 0
7035.520000 0.043176 0
7038.880000 0.032392 0
7042.240000 0.026766 0
7045.600000 0.035195 0
7048.960000 0.034861 0
7052.320000 0.051007 0
7055.680000 0.049953 0
7059.040000 0.045868 0
7062.400000 0.032798 0
7065.760000 0.041941 0
7069.120000 0.058249 0
7072.480000 0.042570 0
7075.840000 0.034726 0
7079.200000 0.039975 0
7082.560000 0.040335 0
7085.920000 0.053788 0
7089.280000 0.034687 0
7092.640000 0.032918 0
7096.000000 0.046782 0
7099.360000 0.045355 0
7102.720000 0.042810 0
7106.080000 0.039962 0
7109.440000 0.026447 0
7112.800000 0.021925 0
7116.160000 0.037637 0
7119.520000 0.041760 0
7122.880000 0.046770 0
7126.240000 0.029018 0
7129.600000 0.020449 0
7132.960000 0.039752 0
7136.320000 0.027124 0
7139.680000 0.039941 0
7143.040000 0.039877 0
7146.400000 0.046218 0
7149.760000 0.033418 0
7153.120000 0.036602 0
7156.480000 0.049122 0
7159.840000 0.029627 0
7163.200000 0.024358 0
7166.560000 0.041840 0
7169.920000 0.030102 0
7173.280000 0.031367 0
7176.640000 0.025955 0
7180.000000 0.027136 0
7183.360000 0.018651 0
7186.720000 0.045098 0
7190.080000 0.035386 0
7193.440000 0.048499 0
7196.800000 0.033774 0
7200.160000 0.032105 0
7203.520000 0.045908 0
7206.880000 0.049868 0
7210.240000 0.050069 0
7213.600000 0.046805 0
7216.960000 0.031631 0
7220.320000 0.036295 0
7223.680000 0.052021 0
7227.040000 0.040466 0
7230.400000 0.054451 0
7233.760000 0.096981 0
7237.120000 0.015165 0
7240.480000 0.032363 0
7243.840000 0.060471 0
7247.200000 0.042118 0
7250.560000 0.027401 0
7253.920000 0.003057 0
7257.280000 0.037728 0
7260.640000 0.054207 0
7264.000000 0.033736 0
7267.360000 0.077427 0
7270.720000 0.098254 0
7274.080000 0.070191 0
7277.440000 0.083865 0
7280.800000 0.104498 0
7284.160000 0.078439 0
7287.520000 0.052768 0
7290.880000 0.032785 0
7294.240000 0.046386 0
7297.600000 0.060716 0
7300.960000 0.055616 0
7304.320000 0.037110 0
7307.680000 0.077914 0
7311.040000 0.085250 0
7314.400000 0.062161 0
7317.760000 0.054412 0
7321.120000 0.025574 0
7324.480000 0.026742 0
7327.840000 0.021102 0
7331.200000 0.047217 0
7334.560000 0.039787 0
7337.920000 0.039538 0
7341.280000 0.060669 0
7344.640000 0.079128 0
7348.000000 0.027040 0
7351.360000 0.099813 0
7354.720000 0.071677 0
7358.080000 0.051915 0
7361.440000 0.039387 0
7364.800000 0.044768 0
7368.160000 0.056416 0
7371.520000 0.033196 0
7374.880000 -0.013175 0
7378.240000 0.043832 0
7381.600000 0.050421 0
7384.960000 0.060802 0
7388.320000 0.029861 0
7391.680000 0.033338 0
7395.040000 0.039738 0
7398.400000 0.071902 0
7401.760000 0.042431 0
7405.120000 0.034761 0
7408.480000 -0.000516 0
7411.840000 0.042029 0
7415.200000 0.042478 0
7418.560000 0.027924 0
7421.920000 0.044772 0
7425.280000 0.030382 0
7428.640000 0.026113 0
7432.000000 0.043055 0
7435.360000 0.049241 0
7438.720000 0.054254 0
7442.080000 0.071680 0
7445.440000 0.036199 0
7448.800000 0.052374 0
7452.160000 0.047665 0
7455.520000 0.027863 0
7458.880000 0.064215 0
7462.240000 0.046628 0
7465.600000 0.080467 0
7468.960000 0.049883 0
7472.320000 0.062695 0
7475.680000 0.082539 0
7479.040000 0.022311 0
7482.400000 0.047288 0
7485.760000 0.039572 0
7489.120000 0.047566 0
7492.480000 0.066311 0
7495.840000 0.047823 0
7499.200000 0.040468 0
7502.560000 0.040664 0
7505.920000 0.042337 0
7509.280000 0.042572 0
7512.640000 0.055914 0
7516.000000 0.089279 0
7519.360000 0.040099 0
7522.720000 0.029968 0
7526.080000 0.025126 0
7529.440000 0.042009 0
7532.800000 0.040259 0
7536.160000 0.041854 0
7539.520000 0.052207 0
7542.880000 0.049135 0
7546.240000 0.047308 0
7549.600000 0.052095 0
7552.960000 0.030824 0
7556.320000 0.031411 0
7559.680000 0.034347 0
7563.040000 0.057746 0
7566.400000 0.031837 0
7569.760000 0.027840 0
7573.120000 0.064216 0
7576.480000 0.045586 0
7579.840000 0.022813 0
7583.200000 0.069249 0
7586.560000 0.078502 0
7589.920000 0.074704 0
7593.280000 0.046048 0
7596.640000 -0.007445 0
7600.000000 -0.000308 0
7603.360000 0.052565 0
7606.720000 0.001585 0
7610.080000 0.055443 0
7613.440000 0.073363 0
7616.800000 0.068889 0
7620.160000 0.074274 0
7623.520000 0.074420 0
7626.880000 0.079902 0
7630.240000 0.031147 0
7633.600000 0.018748 0
7636.960000 0.043270 0
7640.320000 0.055226 0
7643.680000 0.043170 0
7647.040000 0.039687 0
7650.400000 0.009891 0
7653.760000 0.056762 0
7657.120000 0.089959 0
7660.480000 0.079495 0
7663.840000 0.046567 0
7667.200000 0.052484 0
7670.560000 0.057761 0
7673.920000 0.040882 0
7677.280000 0.053368 0
7680.640000 0.048091 0
7684.000000 0.037470 0
7687.360000 0.037988 0
7690.720000 0.049414 0
7694.080000 0.042553 0
7697.440000 0.041924 0
7700.800000 0.053424 0
7704.160000 0.037347 0
7707.520000 -0.000688 0
7710.880000 0.013989 0
7714.240000 0.110323 0
7717.600000 0.075717 0
7720.960000 -0.006220 0
7724.320000 -0.015855 0
7727.680000 0.073256 0
7731.040000 0.060276 0
7734.400000 0.029485 0
7737.760000 0.018190 0
7741.120000 0.044208 0
7744.480000 0.069869 0
7747.840000 0.046558 0
7751.200000 0.049040 0
7754.560000 0.023573 0
7757.920000 0.021788 0
7761.280000 0.025303 0
7764.640000 0.008587 0
7768.000000 0.013183 0
7771.360000 0.038868 0
7774.720000 0.082454 0
7778.080000 0.039450 0
7781.440000 0.035448 0
7784.800000 0.065260 0
7788.160000 0.035151 0
7791.520000 0.079989 0
7794.880000 0.079452 0
7798.240000 0.003872 0
7801.600000 0.040269 0
7804.960000 0.091430 0
7808.320000 0.059710 0
7811.680000 0.023093 0
7815.040000 0.035798 0
7818.400000 0.029237 0
7821.760000 0.020751 0
7825.120000 0.030464 0
7828.480000 0.029642 0
7831.840000 0.034966 0
7835.200000 0.031373 0
7838.560000 0.032530 0
7841.920000 0.018048 0
7845.280000 0.089683 0
7848.640000 0.071117 0
7852.000000 0.030803 0
7855.360000 0.019980 0
7858.720000 0.058441 0
7862.080000 0.068814 0
7865.440000 0.038157 0
7868.800000 0.021653 0
7872.160000 0.051348 0
7875.520000 0.047759 0
7878.880000 0.054141 0
7882.240000 0.053578 0
7885.600000 0.066539 0
7888.960000 0.067039 0
7892.320000 0.045404 0
7895.680000 0.058423 0
7899.040000 0.050139 0
7902.400000 0.041780 0
7905.760000 0.073894 0
7909.120000 0.017018 0
7912.480000 0.040741 0
7915.840000 0.045305 0
7919.200000 0.054476 0
7922.560000 0.003913 0
7925.920000 0.008426 0
7929.280000 0.039472 0
7932.640000 0.065129 0
7936.000000 0.044428 0
7939.360000 0.041277 0
7942.720000 0.025642 0
7946.080000 0.080440 0
7949.440000 0.068512 0
7952.800000 0.080877 0
7956.160000 0.035768 0
7959.520000 0.003274 0
7962.880000 0.065336 0
7966.240000 -0.032377 0
7969.600000 0.008219 0
7972.960000 0.040814 0
7976.320000 0.080902 0
7979.680000 0.033516 0
7983.040000 0.010797 0
7986.400000 0.030341 0
7989.760000 0.040188 0
7993.120000 0.109231 0
7996.480000 0.069268 0
7999.840000 0.058688 0
8003.200000 0.054938 0
8006.560000 0.040756 0
8009.920000 0.037766 0
8013.280000 0.087042 0
8016.640000 0.038736 0
8020.000000 0.003939 0
8023.360000 0.059214 0
8026.720000 0.055665 0
8030.080000 0.040470 0
8033.440000 0.102618 0
8036.800000 0.067280 0
8040.160000 0.040350 0
8043.520000 0.040818 0
8046.880000 0.025816 0
8050.240000 0.066426 0
8053.600000 0.100218 0
8056.960000 0.029524 0
8060.320000 0.030901 0
8063.680000 0.062819 0
8067.040000 0.076920 0
8070.400000 0.067333 0
8073.760000 0.059721 0
8077.120000 0.041842 0
8080.480000 0.040835 0
8083.840000 0.034737 0
8087.200000 0.043882 0
8090.560000 0.051839 0
8093.920000 0.032317 0
8097.280000 -0.005046 0
8100.640000 0.026197 0
8104.000000 0.039240 0
8107.360000 0.033263 0
8110.720000 0.042976 0
8114.080000 0.049154 0
8117.440000 0.033870 0
8120.800000 0.021130 0
8124.160000 0.045015 0
8127.520000 0.035809 0
8130.880000 0.033671 0
8134.240000 0.038410 0
8137.600000 0.039584 0
8140.960000 0.051684 0
8144.320000 0.055561 0
8147.680000 0.040881 0
8151.040000 0.041106 0
8154.400000 0.041566 0
8157.760000 0.049623 0
8161.120000 0.048301 0
8164.480000 0.050519 0
8167.840000 0.042464 0
8171.200000 0.037539 0
8174.560000 0.058445 0
8177.920000 0.050992 0
8181.280000 0.044193 0
8184.640000 0.035991 0
8188.000000 0.035966 0
8191.360000 0.075089 0
8194.720000 0.040535 0
8198.080000 0.038860 0
8201.440000 0.028552 0
8204.800000 0.054250 0
8208.160000 0.050690 0
8211.520000 0.032882 0
8214.880000 0.050812 0
8218.240000 0.044138 0
8221.600000 0.028704 0
8224.960000 0.041848 0
8228.320000 0.042262 0
8231.680000 0.048504 0
8235.040000 0.045088 0
8238.400000 0.055737 0
8241.760000 0.064268 0
8245.120000 0.056369 0
8248.480000 0.040406 0
8251.840000 0.059701 0
8255.200000 0.064896 0
8258.560000 0.049147 0
8261.920000 0.037698 0
8265.280000 0.054662 0
8268.640000 0.047494 0
8272.000000 0.016448 0
8275.360000 -0.044054 0
8278.720000 -0.003777 0
8282.080000 -0.013198 0
8285.440000 0.080138 0
8288.800000 0.029107 0
8292.160000 -0.036432 0
8295.520000 0.028797 0
8298.880000 0.010641 0
8302.240000 -0.009906 0
8305.600000 0.034918 0
8308.960000 0.030109 0
8312.320000 0.063059 0
8315.680000 0.051010 0
8319.040000 0.028461 0
8322.400000 0.030620 0
8325.760000 0.062964 0
8329.120000 0.047658 0
8332.480000 0.039386 0
8335.840000 0.019767 0
8339.200000 0.050074 0
8342.560000 0.114198 0
8345.920000 0.046033 0
8349.280000 0.088940 0
8352.640000 0.050010 0
8356.000000 0.050592 0
8359.360000 0.107202 0
8362.720000 0.060268 0
8366.080000 0.036692 0
8369.440000 0.057990 0
8372.800000 0.061813 0
8376.160000 -0.004831 0
8379.520000 0.083007 0
8382.880000 0.079108 0
8386.240000 0.032934 0
8389.600000 0.026750 0
8392.960000 0.048058 0
8396.320000 0.008541 0
8399.680000 -0.021133 0
8403.040000 0.071244 0
8406.400000 0.105356 0
8409.760000 0.043232 0
8413.120000 0.064719 0
8416.480000 0.040439 0
8419.840000 0.042472 0
8423.200000 -0.057851 0
8426.560000 -0.002352 0
8429.920000 0.009494 0
8433.280000 0.015189 0
8436.640000 0.022163 0
8440.000000 0.031449 0
8443.360000 0.006569 0
8446.720000 0.013070 0
8450.080000 0.074495 0
8453.440000 0.135429 0
8456.800000 0.064150 0
8460.160000 0.040785 0
8463.520000 0.054455 0
8466.880000 0.083087 0
8470.240000 0.070404 0
8473.600000 0.081105 0
8476.960000 0.039391 0
8480.320000 0.044450 0
8483.680000 0.068583 0
8487.040000 0.035181 0
8490.400000 0.032355 0
8493.760000 0.049354 0
8497.120000 -0.025278 0
8500.480000 0.031687 0
8503.840000 0.050985 0
8507.200000 0.049379 0
8510.560000 0.064459 0
8513.920000 0.062352 0
8517.280000 0.038567 0
8520.640000 0.045152 0
8524.000000 0.032920 0
8527.360000 0.054461 0
8530.720000 0.036409 0
8534.080000 0.052689 0
8537.440000 0.056442 0
8540.800000 0.036225 0
8544.160000 -0.015990 0
8547.520000 0.024119 0
8550.880000 0.051082 0
8554.240000 0.074040 0
8557.600000 0.054481 0
8560.960000 0.055920 0
8564.320000 0.045200 0
8567.680000 0.045973 0
8571.040000 0.029000 0
8574.400000 0.041189 0
8577.760000 0.055966 0
8581.120000 0.028414 0
8584.480000 0.058804 0
8587.840000 0.038267 0
8591.200000 0.018192 0
8594.560000 0.052200 0
8597.920000 0.055997 0
8601.280000 0.038067 0
8604.640000 0.059023 0
8608.000000 0.053217 0
8611.360000 0.048361 0
8614.720000 0.047025 0
8618.080000 0.035448 0
8621.440000 0.047185 0
8624.800000 0.005060 0
8628.160000 0.028284 0
8631.520000 0.029808 0
8634.880000 0.041295 0
8638.240000 0.026688 0
8641.600000 0.046798 0
8644.960000 0.059560 0
8648.320000 0.074517 0
8651.680000 0.085030 0
8655.040000 0.080264 0
8658.400000 0.050664 0
8661.760000 0.019454 0
8665.120000 0.052008 0
8668.480000 0.075418 0
8671.840000 0.074165 0
8675.200000 0.049567 0
8678.560000 0.026614 0
8681.920000 0.052232 0
8685.280000 0.063555 0
8688.640000 0.062617 0
8692.000000 0.042885 0
8695.360000 0.054524 0
8698.720000 0.039115 0
8702.080000 0.016703 0
8705.440000 0.051298 0
8708.800000 0.053975 0
8712.160000 0.032720 0
8715.520000 0.033378 0
8718.880000 0.059518 0
8722.240000 0.049137 0
8725.600000 0.070041 0
8728.960000 0.073556 0
8732.320000 0.046149 0
8735.680000 0.026340 0
8739.040000 0.020146 0
8742.400000 0.041833 0
8745.760000 0.030068 0
8749.120000 0.049729 1
8752.480000 0.132878 1
8755.840000 0.081593 1
8759.200000 0.307529 1
8762.560000 -0.074350 1
8765.920000 -1.506507 1
8769.280000 0.000000 1
8772.640000 0.000000 1
8776.000000 0.000000 1
8779.360000 0.000000 1
8782.720000 0.000000 1
8786.080000 0.000000 1
8789.440000 0.000000 1
8792.800000 0.000000 1
8796.160000 0.000000 1
8799.520000 0.000000 1
8802.880000 0.000000 1
8806.240000 0.000000 1
8809.600000 0.000000 1
8812.960000 0.000000 1
8816.320000 0.000000 1
8819.680000 0.000000 1
8823.040000 0.000000 1
8826.400000 0.000000 1
8829.760000 0.000000 1
8833.120000 0.000000 1
8836.480000 0.000000 1
8839.840000 0.000000 1
8843.200000 0.000000 1
8846.560000 0.000000 1
8849.920000 0.000000 1
8853.280000 0.000000 1
8856.640000 0.000000 1
8860.000000 0.000000 1
8863.360000 0.000000 1
8866.720000 0.000000 1
8870.080000 0.000000 1
8873.440000 0.000000 1
8876.800000 0.000000 1
8880.160000 0.000000 1
8883.520000 0.000000 1
8886.880000 0.000000 1
8890.240000 0.000000 1
8893.600000 0.000000 1
8896.960000 0.000000 1
8900.320000 0.000000 1
8903.680000 0.000000 1
8907.040000 0.000000 1
8910.400000 0.000000 1
8913.760000 0.000000 1
8917.120000 0.000000 1
8920.480000 0.000000 1
8923.840000 0.000000 1
8927.200000 0.000000 1
8930.560000 0.000000 1
8933.920000 0.000000 1
8937.280000 0.000000 1
8940.640000 0.000000 1
8944.000000 0.000000 1
8947.360000 0.000000 1
8950.720000 0.000000 1
8954.080000 0.000000 1
8957.440000 0.000000 1
8960.800000 0.000000 1
8964.160000 0.000000 1
8967.520000 0.000000 1
8970.880000 0.000000 1
8974.240000 0.000000 1
8977.600000 0.000000 1
8980.960000 0.000000 1
8984.320000 0.000000 1
8987.680000 0.000000 1
8991.040000 0.000000 1
8994.400000 0.000000 1
8997.760000 0.000000 1
9001.120000 0.000000 1
9004.480000 0.000000 1
9007.840000 0.000000 1
9011.200000 0.000000 1
9014.560000 0.000000 1
9017.920000 0.000000 1
9021.280000 0.000000 1
9024.640000 0.000000 1
9028.000000 0.000000 1
9031.360000 0.000000 1
9034.720000 0.000000 1
9038.080000 0.000000 1
9041.440000 0.000000 1
9044.800000 0.000000 1
9048.160000 0.000000 1
9051.520000 0.000000 1
9054.880000 0.000000 1
9058.240000 0.000000 1
9061.600000 0.000000 1
9064.960000 0.000000 1
9068.320000 0.000000 1
9071.680000 0.000000 1
9075.040000 0.000000 1
9078.400000 0.000000 1
9081.760000 0.000000 1
9085.120000 0.000000 1
9088.480000 0.000000 1
9091.840000 0.000000 1
9095.200000 0.000000 1
9098.560000 0.000000 1
9101.920000 0.000000 1
9105.280000 0.000000 1
9108.640000 0.000000 1
9112.000000 0.000000 1
9115.360000 0.000000 1
9118.720000 0.000000 1
9122.080000 0.000000 1
9125.440000 0.000000 1
9128.800000 0.000000 1
9132.160000 0.000000 1
9135.520000 0.000000 1
9138.880000 0.000000 1
9142.240000 0.000000 1
9145.600000 0.000000 1
9148.960000 0.000000 1
9152.320000 0.000000 1
9155.680000 0.000000 1
9159.040000 0.000000 1
9162.400000 0.000000 1
9165.760000 0.000000 1
9169.120000 0.000000 1
9172.480000 0.000000 1
9175.840000 0.000000 1
9179.200000 0.000000 1
9182.560000 0.000000 1
9185.920000 0.000000 1
9189.280000 0.000000 1
9192.640000 0.000000 1
9196.000000 0.000000 1
9199.360000 0.000000 1
9202.720000 0.000000 1
9206.080000 0.000000 1
9209.440000 0.000000 1
9212.800000 0.000000 1
9216.160000 0.000000 1
9219.520000 0.000000 1
9222.880000 0.000000 1
9226.240000 0.000000 1
9229.600000 0.000000 1
9232.960000 0.000000 1
9236.320000 0.000000 1
9239.680000 0.000000 1
9243.040000 0.000000 1
9246.400000 0.000000 1
9249.760000 0.000000 1
