# obs: 255710
# slit: 32
# z: 0.76382
# lines: [OII],H9,H8,K,H
# spec: 371
4451.680000 0.000000 1
4455.040000 0.000000 1
4458.400000 0.000000 1
4461.760000 0.000000 1
4465.120000 0.000000 1
4468.480000 0.000000 1
4471.840000 0.000000 1
4475.200000 0.000000 1
4478.560000 0.000000 1
4481.920000 0.000000 1
4485.280000 0.000000 1
4488.640000 0.000000 1
4492.000000 0.000000 1
4495.360000 0.011940 0
4498.720000 0.054143 0
4502.080000 0.047917 0
4505.440000 0.023852 0
4508.800000 0.052675 0
4512.160000 0.020942 0
4515.520000 0.043237 0
4518.880000 0.061594 0
4522.240000 0.056123 0
4525.600000 0.053791 0
4528.960000 0.044847 0
4532.320000 0.051568 0
4535.680000 0.067834 0
4539.040000 0.051164 0
4542.400000 0.029168 0
4545.760000 0.044467 0
4549.120000 0.042344 0
4552.480000 0.058153 0
4555.840000 0.031947 0
4559.200000 0.018999 0
4562.560000 0.032986 0
4565.920000 0.034513 0
4569.280000 0.038074 0
4572.640000 0.056772 0
4576.000000 0.064529 0
4579.360000 0.031558 0
4582.720000 0.027799 0
4586.080000 0.030279 0
4589.440000 0.012024 0
4592.800000 0.044305 0
4596.160000 0.050983 0
4599.520000 0.042422 0
4602.880000 0.054021 0
4606.240000 0.024716 0
4609.600000 0.049161 0
4612.960000 0.059951 0
4616.320000 0.040245 0
4619.680000 0.044361 0
4623.040000 0.059928 0
4626.400000 0.027447 0
4629.760000 0.050736 0
4633.120000 0.061817 0
4636.480000 0.052733 0
4639.840000 0.037708 0
4643.200000 0.056837 0
4646.560000 0.057841 0
4649.920000 0.064842 0
4653.280000 0.056799 0
4656.640000 0.053599 0
4660.000000 0.053076 0
4663.360000 0.053897 0
4666.720000 0.051676 0
4670.080000 0.055064 0
4673.440000 0.039741 0
4676.800000 0.042047 0
4680.160000 0.050306 0
4683.520000 0.032788 0
4686.880000 0.047437 0
4690.240000 0.050876 0
4693.600000 0.047595 0
4696.960000 0.047809 0
4700.320000 0.044342 0
4703.680000 0.030488 0
4707.040000 0.027275 0
4710.400000 0.035773 0
4713.760000 0.035582 0
4717.120000 0.050102 0
4720.480000 0.052244 0
4723.840000 0.041487 0
4727.200000 0.043162 0
4730.560000 0.049187 0
4733.920000 0.055974 0
4737.280000 0.065461 0
4740.640000 0.044849 0
4744.000000 0.041874 0
4747.360000 0.048599 0
4750.720000 0.045041 0
4754.080000 0.048320 0
4757.440000 0.040006 0
4760.800000 0.029261 0
4764.160000 0.038691 0
4767.520000 0.046065 0
4770.880000 0.056819 0
4774.240000 0.052041 0
4777.600000 0.037897 0
4780.960000 0.041713 0
4784.320000 0.060847 0
4787.680000 0.053391 0
4791.040000 0.042911 0
4794.400000 0.028313 0
4797.760000 0.034317 0
4801.120000 0.036100 0
4804.480000 0.050875 0
4807.840000 0.055989 0
4811.200000 0.057525 0
4814.560000 0.051175 0
4817.920000 0.062355 0
4821.280000 0.041275 0
4824.640000 0.039645 0
4828.000000 0.047680 0
4831.360000 0.044793 0
4834.720000 0.020728 0
4838.080000 0.048208 0
4841.440000 0.056928 0
4844.800000 0.048159 0
4848.160000 0.060513 0
4851.520000 0.045571 0
4854.880000 0.033856 0
4858.240000 0.064187 0
4861.600000 0.045723 0
4864.960000 0.047443 0
4868.320000 0.055559 0
4871.680000 0.050263 0
4875.040000 0.041220 0
4878.400000 0.046057 0
4881.760000 0.058834 0
4885.120000 0.053167 0
4888.480000 0.057423 0
4891.840000 0.040264 0
4895.200000 0.058502 0
4898.560000 0.041432 0
4901.920000 0.067328 0
4905.280000 0.058640 0
4908.640000 0.045874 0
4912.000000 0.028913 0
4915.360000 0.043931 0
4918.720000 0.043883 0
4922.080000 0.037144 0
4925.440000 0.041926 0
4928.800000 0.031241 0
4932.160000 0.020283 0
4935.520000 0.029803 0
4938.880000 0.019613 0
4942.240000 0.022323 0
4945.600000 0.033131 0
4948.960000 0.020286 0
4952.320000 0.043833 0
4955.680000 0.065027 0
4959.040000 0.034688 0
4962.400000 0.041249 0
4965.760000 0.048743 0
4969.120000 0.046947 0
4972.480000 0.067893 0
4975.840000 0.042745 0
4979.200000 0.055859 0
4982.560000 0.051582 0
4985.920000 0.046050 0
4989.280000 0.039853 0
4992.640000 0.031784 0
4996.000000 0.049742 0
4999.360000 0.048682 0
5002.720000 0.047558 0
5006.080000 0.037626 0
5009.440000 0.035171 0
5012.800000 0.046221 0
5016.160000 0.043656 0
5019.520000 0.048170 0
5022.880000 0.043306 0
5026.240000 0.032465 0
5029.600000 0.036503 0
5032.960000 0.044364 0
5036.320000 0.043889 0
5039.680000 0.049649 0
5043.040000 0.051401 0
5046.400000 0.063025 0
5049.760000 0.052975 0
5053.120000 0.039986 0
5056.480000 0.038431 0
5059.840000 0.043632 0
5063.200000 0.046937 0
5066.560000 0.038118 0
5069.920000 0.050812 0
5073.280000 0.038941 0
5076.640000 0.028167 0
5080.000000 0.045435 0
5083.360000 0.066700 0
5086.720000 0.046528 0
5090.080000 0.051405 0
5093.440000 0.038316 0
5096.800000 0.038026 0
5100.160000 0.059616 0
5103.520000 0.060477 0
5106.880000 0.041740 0
5110.240000 0.059420 0
5113.600000 0.068393 0
5116.960000 0.034585 0
5120.320000 0.067603 0
5123.680000 0.036405 0
5127.040000 0.030672 0
5130.400000 0.059401 0
5133.760000 0.035748 0
5137.120000 0.028784 0
5140.480000 0.057950 0
5143.840000 0.037804 0
5147.200000 0.048538 0
5150.560000 0.065107 0
5153.920000 0.056172 0
5157.280000 0.045764 0
5160.640000 0.052630 0
5164.000000 0.067090 0
5167.360000 0.048872 0
5170.720000 0.065600 0
5174.080000 0.058350 0
5177.440000 0.056164 0
5180.800000 0.042730 0
5184.160000 0.034606 0
5187.520000 0.038020 0
5190.880000 0.031919 0
5194.240000 0.040885 0
5197.600000 0.054536 0
5200.960000 0.045290 0
5204.320000 0.044248 0
5207.680000 0.047483 0
5211.040000 0.056350 0
5214.400000 0.064075 0
5217.760000 0.038048 0
5221.120000 0.040785 0
5224.480000 0.059005 0
5227.840000 0.028606 0
5231.200000 0.048724 0
5234.560000 0.052995 0
5237.920000 0.043687 0
5241.280000 0.060785 0
5244.640000 0.046495 0
5248.000000 0.050927 0
5251.360000 0.059670 0
5254.720000 0.052611 0
5258.080000 0.049304 0
5261.440000 0.036208 0
5264.800000 0.043486 0
5268.160000 0.041181 0
5271.520000 0.033916 0
5274.880000 0.050161 0
5278.240000 0.048657 0
5281.600000 0.055740 0
5284.960000 0.061634 0
5288.320000 0.059333 0
5291.680000 0.058144 0
5295.040000 0.048604 0
5298.400000 0.052169 0
5301.760000 0.059586 0
5305.120000 0.040302 0
5308.480000 0.034100 0
5311.840000 0.073817 0
5315.200000 0.051496 0
5318.560000 0.041942 0
5321.920000 0.053900 0
5325.280000 0.036405 0
5328.640000 0.055895 0
5332.000000 0.037890 0
5335.360000 0.052937 0
5338.720000 0.051741 0
5342.080000 0.054803 0
5345.440000 0.062737 0
5348.800000 0.054234 0
5352.160000 0.039931 0
5355.520000 0.069057 0
5358.880000 0.063768 0
5362.240000 0.068747 0
5365.600000 0.058501 0
5368.960000 0.052002 0
5372.320000 0.041745 0
5375.680000 0.047769 0
5379.040000 0.043271 0
5382.400000 0.054727 0
5385.760000 0.072309 0
5389.120000 0.053098 0
5392.480000 0.034983 0
5395.840000 0.048474 0
5399.200000 0.043262 0
5402.560000 0.043205 0
5405.920000 0.058798 0
5409.280000 0.056190 0
5412.640000 0.035409 0
5416.000000 0.041877 0
5419.360000 0.042991 0
5422.720000 0.047682 0
5426.080000 0.043539 0
5429.440000 0.054016 0
5432.800000 0.061387 0
5436.160000 0.046701 0
5439.520000 0.051975 0
5442.880000 0.057375 0
5446.240000 0.039362 0
5449.600000 0.051864 0
5452.960000 0.061442 0
5456.320000 0.049762 0
5459.680000 0.055835 0
5463.040000 0.048068 0
5466.400000 0.061370 0
5469.760000 0.058719 0
5473.120000 0.059180 0
5476.480000 0.041368 0
5479.840000 0.051989 0
5483.200000 0.043937 0
5486.560000 0.065158 0
5489.920000 0.055776 0
5493.280000 0.076662 0
5496.640000 0.062061 0
5500.000000 0.048812 0
5503.360000 0.066777 0
5506.720000 0.052076 0
5510.080000 0.044571 0
5513.440000 0.062553 0
5516.800000 0.052491 0
5520.160000 0.067154 0
5523.520000 0.076539 0
5526.880000 0.045015 0
5530.240000 0.042067 0
5533.600000 0.037578 0
5536.960000 0.042692 0
5540.320000 0.042976 0
5543.680000 0.062959 0
5547.040000 0.054374 0
5550.400000 0.062942 0
5553.760000 0.060272 0
5557.120000 0.050215 0
5560.480000 0.044952 0
5563.840000 0.039223 1
5567.200000 0.046763 1
5570.560000 0.021989 1
5573.920000 0.007417 1
5577.280000 0.005157 1
5580.640000 0.037207 1
5584.000000 0.133857 1
5587.360000 0.053492 1
5590.720000 0.063113 1
5594.080000 0.053371 1
5597.440000 0.041346 1
5600.800000 0.039436 1
5604.160000 0.053813 0
5607.520000 0.052164 0
5610.880000 0.056257 0
5614.240000 0.046008 0
5617.600000 0.058264 0
5620.960000 0.068021 0
5624.320000 0.075294 0
5627.680000 0.039937 0
5631.040000 0.056666 0
5634.400000 0.060278 0
5637.760000 0.058623 0
5641.120000 0.050994 0
5644.480000 0.056078 0
5647.840000 0.045853 0
5651.200000 0.047770 0
5654.560000 0.062087 0
5657.920000 0.035185 0
5661.280000 0.049495 0
5664.640000 0.048353 0
5668.000000 0.047968 0
5671.360000 0.044940 0
5674.720000 0.065161 0
5678.080000 0.049007 0
5681.440000 0.069792 0
5684.800000 0.053632 0
5688.160000 0.037368 0
5691.520000 0.038559 0
5694.880000 0.043902 0
5698.240000 0.040414 0
5701.600000 0.040714 0
5704.960000 0.054396 0
5708.320000 0.040060 0
5711.680000 0.041090 0
5715.040000 0.059374 0
5718.400000 0.060654 0
5721.760000 0.062447 0
5725.120000 0.040689 0
5728.480000 0.040782 0
5731.840000 0.063272 0
5735.200000 0.059553 0
5738.560000 0.050408 0
5741.920000 0.047320 0
5745.280000 0.048022 0
5748.640000 0.036919 0
5752.000000 0.053357 0
5755.360000 0.067790 0
5758.720000 0.041330 0
5762.080000 0.048446 0
5765.440000 0.075722 0
5768.800000 0.057055 0
5772.160000 0.038466 0
5775.520000 0.055833 0
5778.880000 0.043267 0
5782.240000 0.052585 0
5785.600000 0.034795 0
5788.960000 0.037500 0
5792.320000 0.048517 0
5795.680000 0.033592 0
5799.040000 0.049876 0
5802.400000 0.043793 0
5805.760000 0.063134 0
5809.120000 0.051398 0
5812.480000 0.062211 0
5815.840000 0.042117 0
5819.200000 0.054580 0
5822.560000 0.067590 0
5825.920000 0.058196 0
5829.280000 0.051494 0
5832.640000 0.041272 0
5836.000000 0.051530 0
5839.360000 0.042313 0
5842.720000 0.051066 0
5846.080000 0.028504 0
5849.440000 0.052412 0
5852.800000 0.041349 0
5856.160000 0.043481 0
5859.520000 0.037339 0
5862.880000 0.030168 0
5866.240000 0.062267 0
5869.600000 0.044253 0
5872.960000 0.056085 0
5876.320000 0.048637 0
5879.680000 0.050011 0
5883.040000 0.001792 0
5886.400000 0.039756 0
5889.760000 -0.027295 0
5893.120000 0.068129 0
5896.480000 0.101896 0
5899.840000 0.072553 0
5903.200000 0.067343 0
5906.560000 0.057398 0
5909.920000 0.045343 0
5913.280000 0.069209 0
5916.640000 0.029226 0
5920.000000 0.087580 0
5923.360000 0.050190 0
5926.720000 0.052342 0
5930.080000 0.034047 0
5933.440000 0.056648 0
5936.800000 0.062045 0
5940.160000 0.071099 0
5943.520000 0.041623 0
5946.880000 0.050801 0
5950.240000 0.074480 0
5953.600000 0.046694 0
5956.960000 0.027157 0
5960.320000 0.037356 0
5963.680000 0.056969 0
5967.040000 0.056797 0
5970.400000 0.054520 0
5973.760000 0.049817 0
5977.120000 0.050700 0
5980.480000 0.049507 0
5983.840000 0.060109 0
5987.200000 0.052050 0
5990.560000 0.056737 0
5993.920000 0.053657 0
5997.280000 0.068126 0
6000.640000 0.077156 0
6004.000000 0.053622 0
6007.360000 0.058897 0
6010.720000 0.046133 0
6014.080000 0.045553 0
6017.440000 0.074072 0
6020.800000 0.051258 0
6024.160000 0.054975 0
6027.520000 0.063402 0
6030.880000 0.066694 0
6034.240000 0.060908 0
6037.600000 0.049562 0
6040.960000 0.056020 0
6044.320000 0.070317 0
6047.680000 0.057707 0
6051.040000 0.066808 0
6054.400000 0.062091 0
6057.760000 0.049843 0
6061.120000 0.058351 0
6064.480000 0.052271 0
6067.840000 0.047041 0
6071.200000 0.045422 0
6074.560000 0.050437 0
6077.920000 0.051667 0
6081.280000 0.065641 0
6084.640000 0.059853 0
6088.000000 0.048801 0
6091.360000 0.032758 0
6094.720000 0.051859 0
6098.080000 0.040870 0
6101.440000 0.055620 0
6104.800000 0.058020 0
6108.160000 0.039733 0
6111.520000 0.058512 0
6114.880000 0.045358 0
6118.240000 0.034430 0
6121.600000 0.053437 0
6124.960000 0.050535 0
6128.320000 0.033221 0
6131.680000 0.041093 0
6135.040000 0.071729 0
6138.400000 0.033670 0
6141.760000 0.052764 0
6145.120000 0.057748 0
6148.480000 0.046225 0
6151.840000 0.065672 0
6155.200000 0.052795 0
6158.560000 0.043795 0
6161.920000 0.044190 0
6165.280000 0.045440 0
6168.640000 0.043758 0
6172.000000 0.049943 0
6175.360000 0.063150 0
6178.720000 0.069383 0
6182.080000 0.068204 0
6185.440000 0.044268 0
6188.800000 0.047975 0
6192.160000 0.072114 0
6195.520000 0.050702 0
6198.880000 0.034819 0
6202.240000 0.044789 0
6205.600000 0.060884 0
6208.960000 0.046154 0
6212.320000 0.048393 0
6215.680000 0.046347 0
6219.040000 0.060698 0
6222.400000 0.046424 0
6225.760000 0.056665 0
6229.120000 0.049766 0
6232.480000 0.044276 0
6235.840000 0.034746 0
6239.200000 0.042071 0
6242.560000 0.052429 0
6245.920000 0.051689 0
6249.280000 0.066274 0
6252.640000 0.051236 0
6256.000000 0.036620 0
6259.360000 0.049139 0
6262.720000 0.061609 0
6266.080000 0.053629 0
6269.440000 0.053463 0
6272.800000 0.055840 0
6276.160000 0.060219 0
6279.520000 0.070529 0
6282.880000 0.070734 0
6286.240000 0.067890 0
6289.600000 0.061584 0
6292.960000 0.030265 0
6296.320000 0.046227 0
6299.680000 0.057224 0
6303.040000 0.054441 0
6306.400000 0.056694 0
6309.760000 0.060126 0
6313.120000 0.073410 0
6316.480000 0.065251 0
6319.840000 0.052728 0
6323.200000 0.050851 0
6326.560000 0.083396 0
6329.920000 0.040772 0
6333.280000 0.042159 0
6336.640000 0.052664 0
6340.000000 0.055850 0
6343.360000 0.046499 0
6346.720000 0.054710 0
6350.080000 0.040443 0
6353.440000 0.042234 0
6356.800000 0.061450 0
6360.160000 0.045549 0
6363.520000 0.049452 0
6366.880000 0.065292 0
6370.240000 0.056199 0
6373.600000 0.035546 0
6376.960000 0.050588 0
6380.320000 0.063786 0
6383.680000 0.056291 0
6387.040000 0.054145 0
6390.400000 0.047825 0
6393.760000 0.054875 0
6397.120000 0.059446 0
6400.480000 0.056880 0
6403.840000 0.046913 0
6407.200000 0.045499 0
6410.560000 0.049209 0
6413.920000 0.065676 0
6417.280000 0.069660 0
6420.640000 0.051351 0
6424.000000 0.051681 0
6427.360000 0.051656 0
6430.720000 0.045099 0
6434.080000 0.052802 0
6437.440000 0.061486 0
6440.800000 0.052715 0
6444.160000 0.054506 0
6447.520000 0.050779 0
6450.880000 0.067579 0
6454.240000 0.048182 0
6457.600000 0.044132 0
6460.960000 0.046706 0
6464.320000 0.064870 0
6467.680000 0.067728 0
6471.040000 0.048938 0
6474.400000 0.056454 0
6477.760000 0.046849 0
6481.120000 0.048833 0
6484.480000 0.075094 0
6487.840000 0.054000 0
6491.200000 0.034943 0
6494.560000 0.051842 0
6497.920000 0.034304 0
6501.280000 0.045378 0
6504.640000 0.060907 0
6508.000000 0.042733 0
6511.360000 0.047459 0
6514.720000 0.048648 0
6518.080000 0.055849 0
6521.440000 0.061899 0
6524.800000 0.038412 0
6528.160000 0.061442 0
6531.520000 0.067457 0
6534.880000 0.058011 0
6538.240000 0.040353 0
6541.600000 0.040170 0
6544.960000 0.054331 0
6548.320000 0.050602 0
6551.680000 0.063883 0
6555.040000 0.040832 0
6558.400000 0.046087 0
6561.760000 0.059703 0
6565.120000 0.051363 0
6568.480000 0.064963 0
6571.840000 0.101880 0
6575.200000 0.101033 0
6578.560000 0.114588 0
6581.920000 0.087164 0
6585.280000 0.071637 0
6588.640000 0.059498 0
6592.000000 0.050683 0
6595.360000 0.049920 0
6598.720000 0.055279 0
6602.080000 0.056116 0
6605.440000 0.050752 0
6608.800000 0.044610 0
6612.160000 0.046367 0
6615.520000 0.054266 0
6618.880000 0.060019 0
6622.240000 0.055894 0
6625.600000 0.068271 0
6628.960000 0.050704 0
6632.320000 0.062623 0
6635.680000 0.077847 0
6639.040000 0.066480 0
6642.400000 0.053829 0
6645.760000 0.051539 0
6649.120000 0.053709 0
6652.480000 0.044555 0
6655.840000 0.058232 0
6659.200000 0.069306 0
6662.560000 0.070748 0
6665.920000 0.075722 0
6669.280000 0.079552 0
6672.640000 0.058284 0
6676.000000 0.073527 0
6679.360000 0.077767 0
6682.720000 0.067644 0
6686.080000 0.062840 0
6689.440000 0.068876 0
6692.800000 0.057419 0
6696.160000 0.045214 0
6699.520000 0.055130 0
6702.880000 0.062734 0
6706.240000 0.070507 0
6709.600000 0.066771 0
6712.960000 0.071087 0
6716.320000 0.084074 0
6719.680000 0.088789 0
6723.040000 0.085899 0
6726.400000 0.084628 0
6729.760000 0.079832 0
6733.120000 0.073233 0
6736.480000 0.067100 0
6739.840000 0.076182 0
6743.200000 0.069976 0
6746.560000 0.070598 0
6749.920000 0.068699 0
6753.280000 0.058737 0
6756.640000 0.064892 0
6760.000000 0.060770 0
6763.360000 0.047941 0
6766.720000 0.057994 0
6770.080000 0.062788 0
6773.440000 0.061824 0
6776.800000 0.076777 0
6780.160000 0.066124 0
6783.520000 0.082807 0
6786.880000 0.085982 0
6790.240000 0.076745 0
6793.600000 0.069872 0
6796.960000 0.061591 0
6800.320000 0.065552 0
6803.680000 0.074118 0
6807.040000 0.067647 0
6810.400000 0.080831 0
6813.760000 0.078756 0
6817.120000 0.081279 0
6820.480000 0.089105 0
6823.840000 0.100659 0
6827.200000 0.098389 0
6830.560000 0.061416 0
6833.920000 0.064350 0
6837.280000 0.072074 0
6840.640000 0.060949 0
6844.000000 0.078662 0
6847.360000 0.074011 0
6850.720000 0.053883 0
6854.080000 0.062094 0
6857.440000 0.076227 0
6860.800000 0.080255 0
6864.160000 0.069672 0
6867.520000 0.044269 0
6870.880000 0.043583 0
6874.240000 0.055292 0
6877.600000 0.061393 0
6880.960000 0.067873 0
6884.320000 0.069362 0
6887.680000 0.060872 0
6891.040000 0.080343 0
6894.400000 0.086838 0
6897.760000 0.079080 0
6901.120000 0.068917 0
6904.480000 0.071833 0
6907.840000 0.079477 0
6911.200000 0.092422 0
6914.560000 0.097537 0
6917.920000 0.077159 0
6921.280000 0.064555 0
6924.640000 0.059804 0
6928.000000 0.052899 0
6931.360000 0.078203 0
6934.720000 0.070909 0
6938.080000 0.059578 0
6941.440000 0.073422 0
6944.800000 0.054846 0
6948.160000 0.071315 0
6951.520000 0.078940 0
6954.880000 0.079039 0
6958.240000 0.094272 0
6961.600000 0.105493 0
6964.960000 0.083283 0
6968.320000 0.075715 0
6971.680000 0.078302 0
6975.040000 0.084989 0
6978.400000 0.077249 0
6981.760000 0.076161 0
6985.120000 0.052115 0
6988.480000 0.057699 0
6991.840000 0.062101 0
6995.200000 0.047300 0
6998.560000 0.055211 0
7001.920000 0.066851 0
7005.280000 0.054702 0
7008.640000 0.038880 0
7012.000000 0.056268 0
7015.360000 0.077210 0
7018.720000 0.077851 0
7022.080000 0.072176 0
7025.440000 0.088302 0
7028.800000 0.082452 0
7032.160000 0.090939 0
7035.520000 0.081942 0
7038.880000 0.068931 0
7042.240000 0.093291 0
7045.600000 0.097776 0
7048.960000 0.063092 0
7052.320000 0.067463 0
7055.680000 0.078607 0
7059.040000 0.093606 0
7062.400000 0.100530 0
7065.760000 0.091754 0
7069.120000 0.098702 0
7072.480000 0.096863 0
7075.840000 0.100811 0
7079.200000 0.085343 0
7082.560000 0.095631 0
7085.920000 0.094507 0
7089.280000 0.082593 0
7092.640000 0.088688 0
7096.000000 0.090698 0
7099.360000 0.090809 0
7102.720000 0.067857 0
7106.080000 0.081109 0
7109.440000 0.086411 0
7112.800000 0.084745 0
7116.160000 0.104567 0
7119.520000 0.095329 0
7122.880000 0.092385 0
7126.240000 0.102677 0
7129.600000 0.091683 0
7132.960000 0.080199 0
7136.320000 0.074031 0
7139.680000 0.095330 0
7143.040000 0.095549 0
7146.400000 0.092390 0
7149.760000 0.087705 0
7153.120000 0.092615 0
7156.480000 0.098460 0
7159.840000 0.088574 0
7163.200000 0.070848 0
7166.560000 0.094734 0
7169.920000 0.089982 0
7173.280000 0.085826 0
7176.640000 0.097602 0
7180.000000 0.081616 0
7183.360000 0.074503 0
7186.720000 0.076730 0
7190.080000 0.080462 0
7193.440000 0.083607 0
7196.800000 0.085813 0
7200.160000 0.083559 0
7203.520000 0.081014 0
7206.880000 0.088776 0
7210.240000 0.080819 0
7213.600000 0.086141 0
7216.960000 0.073271 0
7220.320000 0.077737 0
7223.680000 0.089426 0
7227.040000 0.073819 0
7230.400000 0.097813 0
7233.760000 0.120833 0
7237.120000 0.111283 0
7240.480000 0.087977 0
7243.840000 0.053153 0
7247.200000 0.082554 0
7250.560000 0.014846 0
7253.920000 0.033965 0
7257.280000 0.087533 0
7260.640000 0.073202 0
7264.000000 0.081209 0
7267.360000 0.126840 0
7270.720000 0.101562 0
7274.080000 0.108179 0
7277.440000 0.089390 0
7280.800000 0.009030 0
7284.160000 0.037382 0
7287.520000 0.095321 0
7290.880000 0.073387 0
7294.240000 0.095199 0
7297.600000 0.106654 0
7300.960000 0.094565 0
7304.320000 0.079848 0
7307.680000 0.113090 0
7311.040000 0.107471 0
7314.400000 0.091005 0
7317.760000 0.094968 0
7321.120000 0.047825 0
7324.480000 0.067666 0
7327.840000 0.100636 0
7331.200000 0.105514 0
7334.560000 0.142429 0
7337.920000 0.107051 0
7341.280000 0.109197 0
7344.640000 0.027334 0
7348.000000 0.017800 0
7351.360000 0.073387 0
7354.720000 0.115415 0
7358.080000 0.108429 0
7361.440000 0.103878 0
7364.800000 0.131867 0
7368.160000 0.076905 0
7371.520000 0.086431 0
7374.880000 0.052619 0
7378.240000 0.073550 0
7381.600000 0.077785 0
7384.960000 0.101107 0
7388.320000 0.098140 0
7391.680000 0.099966 0
7395.040000 0.108227 0
7398.400000 0.089072 0
7401.760000 0.076309 0
7405.120000 0.092512 0
7408.480000 0.069921 0
7411.840000 0.083735 0
7415.200000 0.090427 0
7418.560000 0.117206 0
7421.920000 0.098527 0
7425.280000 0.096461 0
7428.640000 0.113076 0
7432.000000 0.100343 0
7435.360000 0.073881 0
7438.720000 0.069349 0
7442.080000 0.074037 0
7445.440000 0.067623 0
7448.800000 0.086109 0
7452.160000 0.072453 0
7455.520000 0.078083 0
7458.880000 0.085152 0
7462.240000 0.075368 0
7465.600000 0.107159 0
7468.960000 0.087943 0
7472.320000 0.098979 0
7475.680000 0.107244 0
7479.040000 0.093913 0
7482.400000 0.095650 0
7485.760000 0.099134 0
7489.120000 0.076181 0
7492.480000 0.090389 0
7495.840000 0.089899 0
7499.200000 0.071597 0
7502.560000 0.081721 0
7505.920000 0.091672 0
7509.280000 0.075114 0
7512.640000 0.070859 0
7516.000000 0.122774 0
7519.360000 0.111016 0
7522.720000 0.135882 0
7526.080000 0.079712 0
7529.440000 0.054032 0
7532.800000 0.078215 0
7536.160000 0.080121 0
7539.520000 0.081030 0
7542.880000 0.077091 0
7546.240000 0.073383 0
7549.600000 0.100236 0
7552.960000 0.061683 0
7556.320000 0.105564 0
7559.680000 0.084507 0
7563.040000 0.090912 0
7566.400000 0.121923 0
7569.760000 0.090392 0
7573.120000 0.054696 0
7576.480000 0.080679 0
7579.840000 0.070753 0
7583.200000 0.091938 0
7586.560000 0.065622 0
7589.920000 0.073460 0
7593.280000 0.071192 0
7596.640000 0.081113 0
7600.000000 0.066868 0
7603.360000 0.043098 0
7606.720000 0.091062 0
7610.080000 0.157771 0
7613.440000 0.125261 0
7616.800000 0.109797 0
7620.160000 0.120247 0
7623.520000 0.077592 0
7626.880000 0.050522 0
7630.240000 0.055093 0
7633.600000 0.073048 0
7636.960000 0.063839 0
7640.320000 0.061668 0
7643.680000 0.068989 0
7647.040000 0.097341 0
7650.400000 0.090868 0
7653.760000 0.078165 0
7657.120000 0.094991 0
7660.480000 0.068113 0
7663.840000 0.076297 0
7667.200000 0.058341 0
7670.560000 0.062841 0
7673.920000 0.085584 0
7677.280000 0.070389 0
7680.640000 0.072077 0
7684.000000 0.070248 0
7687.360000 0.093780 0
7690.720000 0.103448 0
7694.080000 0.064624 0
7697.440000 0.073879 0
7700.800000 0.088504 0
7704.160000 0.138625 0
7707.520000 0.145913 0
7710.880000 0.107791 0
7714.240000 0.125224 0
7717.600000 0.128976 0
7720.960000 0.047100 0
7724.320000 0.056462 0
7727.680000 0.069369 0
7731.040000 0.046870 0
7734.400000 0.097315 0
7737.760000 0.091205 0
7741.120000 0.110751 0
7744.480000 0.128929 0
7747.840000 0.080992 0
7751.200000 0.159669 0
7754.560000 0.032314 0
7757.920000 0.059265 0
7761.280000 0.075085 0
7764.640000 0.071642 0
7768.000000 0.065738 0
7771.360000 0.092137 0
7774.720000 0.086475 0
7778.080000 0.077737 0
7781.440000 0.068550 0
7784.800000 0.075470 0
7788.160000 0.114868 0
7791.520000 0.061674 0
7794.880000 0.068191 0
7798.240000 0.052689 0
7801.600000 0.083147 0
7804.960000 0.083914 0
7808.320000 0.056555 0
7811.680000 0.088052 0
7815.040000 0.097468 0
7818.400000 0.102368 0
7821.760000 0.125852 0
7825.120000 0.104913 0
7828.480000 0.047522 0
7831.840000 0.094818 0
7835.200000 0.128893 0
7838.560000 0.101024 0
7841.920000 0.096579 0
7845.280000 0.140717 0
7848.640000 0.113397 0
7852.000000 0.069703 0
7855.360000 0.075866 0
7858.720000 0.060976 0
7862.080000 0.054559 0
7865.440000 0.068471 0
7868.800000 0.077331 0
7872.160000 0.122393 0
7875.520000 0.085668 0
7878.880000 0.063688 0
7882.240000 0.105324 0
7885.600000 0.080444 0
7888.960000 0.083905 0
7892.320000 0.108745 0
7895.680000 0.075291 0
7899.040000 0.092196 0
7902.400000 0.091235 0
7905.760000 0.126676 0
7909.120000 0.080763 0
7912.480000 0.086513 0
7915.840000 0.168906 0
7919.200000 0.082675 0
7922.560000 0.083952 0
7925.920000 0.059451 0
7929.280000 0.063275 0
7932.640000 0.093765 0
7936.000000 0.078806 0
7939.360000 0.094168 0
7942.720000 0.089224 0
7946.080000 0.072719 0
7949.440000 0.094693 0
7952.800000 0.064372 0
7956.160000 0.108599 0
7959.520000 0.117953 0
7962.880000 0.150595 0
7966.240000 0.113801 0
7969.600000 0.045182 0
7972.960000 0.099960 0
7976.320000 0.095397 0
7979.680000 0.082434 0
7983.040000 0.069167 0
7986.400000 0.158298 0
7989.760000 0.087717 0
7993.120000 0.054110 0
7996.480000 0.094985 0
7999.840000 0.044615 0
8003.200000 0.078605 0
8006.560000 0.106806 0
8009.920000 0.088422 0
8013.280000 0.082821 0
8016.640000 0.101789 0
8020.000000 0.122201 0
8023.360000 0.110206 0
8026.720000 0.098256 0
8030.080000 0.066307 0
8033.440000 0.067519 0
8036.800000 0.117565 0
8040.160000 0.094363 0
8043.520000 0.097161 0
8046.880000 0.096590 0
8050.240000 0.082667 0
8053.600000 0.104561 0
8056.960000 0.119216 0
8060.320000 0.096737 0
8063.680000 0.106847 0
8067.040000 0.085050 0
8070.400000 0.087903 0
8073.760000 0.089599 0
8077.120000 0.095412 0
8080.480000 0.100122 0
8083.840000 0.087096 0
8087.200000 0.077177 0
8090.560000 0.092848 0
8093.920000 0.092682 0
8097.280000 0.116455 0
8100.640000 0.119297 0
8104.000000 0.087760 0
8107.360000 0.066079 0
8110.720000 0.084290 0
8114.080000 0.069609 0
8117.440000 0.071903 0
8120.800000 0.105503 0
8124.160000 0.111586 0
8127.520000 0.082911 0
8130.880000 0.072820 0
8134.240000 0.085609 0
8137.600000 0.086534 0
8140.960000 0.096115 0
8144.320000 0.097480 0
8147.680000 0.093461 0
8151.040000 0.095467 0
8154.400000 0.091225 0
8157.760000 0.086245 0
8161.120000 0.077298 0
8164.480000 0.085702 0
8167.840000 0.094720 0
8171.200000 0.096086 0
8174.560000 0.099806 0
8177.920000 0.095778 0
8181.280000 0.094153 0
8184.640000 0.080007 0
8188.000000 0.085384 0
8191.360000 0.094418 0
8194.720000 0.085108 0
8198.080000 0.086034 0
8201.440000 0.074852 0
8204.800000 0.086941 0
8208.160000 0.109426 0
8211.520000 0.099032 0
8214.880000 0.083209 0
8218.240000 0.097448 0
8221.600000 0.091573 0
8224.960000 0.090855 0
8228.320000 0.075007 0
8231.680000 0.074569 0
8235.040000 0.085389 0
8238.400000 0.114813 0
8241.760000 0.078468 0
8245.120000 0.080609 0
8248.480000 0.081105 0
8251.840000 0.092610 0
8255.200000 0.085034 0
8258.560000 0.106623 0
8261.920000 0.089114 0
8265.280000 0.086697 0
8268.640000 0.108416 0
8272.000000 0.058965 0
8275.360000 0.040478 0
8278.720000 0.068485 0
8282.080000 0.058459 0
8285.440000 0.105263 0
8288.800000 0.048727 0
8292.160000 0.089758 0
8295.520000 0.144621 0
8298.880000 0.115468 0
8302.240000 0.085519 0
8305.600000 0.088645 0
8308.960000 0.072023 0
8312.320000 0.088024 0
8315.680000 0.092758 0
8319.040000 0.109906 0
8322.400000 0.111468 0
8325.760000 0.099787 0
8329.120000 0.081241 0
8332.480000 0.105894 0
8335.840000 0.021632 0
8339.200000 -0.020124 0
8342.560000 0.124011 0
8345.920000 0.020041 0
8349.280000 0.164341 0
8352.640000 0.216829 0
8356.000000 0.114001 0
8359.360000 0.111369 0
8362.720000 0.054513 0
8366.080000 0.078483 0
8369.440000 0.140282 0
8372.800000 0.093066 0
8376.160000 0.088728 0
8379.520000 0.112073 0
8382.880000 0.105724 0
8386.240000 0.127580 0
8389.600000 0.098893 0
8392.960000 0.015512 0
8396.320000 0.073834 0
8399.680000 0.121252 0
8403.040000 0.093174 0
8406.400000 0.228327 0
8409.760000 0.111578 0
8413.120000 0.080520 0
8416.480000 0.123467 0
8419.840000 0.119024 0
8423.200000 0.046312 0
8426.560000 0.027942 0
8429.920000 0.121830 0
8433.280000 0.145281 0
8436.640000 0.213563 0
8440.000000 0.140462 0
8443.360000 0.080142 0
8446.720000 0.023400 0
8450.080000 0.065260 0
8453.440000 0.087215 0
8456.800000 0.052929 0
8460.160000 0.034766 0
8463.520000 0.079802 0
8466.880000 0.082295 0
8470.240000 0.160648 0
8473.600000 0.153311 0
8476.960000 0.074364 0
8480.320000 0.096088 0
8483.680000 0.092068 0
8487.040000 0.063855 0
8490.400000 0.086876 0
8493.760000 0.073068 0
8497.120000 0.044246 0
8500.480000 0.105686 0
8503.840000 0.124677 0
8507.200000 0.106201 0
8510.560000 0.183453 0
8513.920000 0.140040 0
8517.280000 0.074969 0
8520.640000 0.091302 0
8524.000000 0.107029 0
8527.360000 0.097469 0
8530.720000 0.100909 0
8534.080000 0.078104 0
8537.440000 0.064524 0
8540.800000 0.047317 0
8544.160000 0.091427 0
8547.520000 0.099462 0
8550.880000 0.066076 0
8554.240000 0.103689 0
8557.600000 0.091801 0
8560.960000 0.071976 0
8564.320000 0.084568 0
8567.680000 0.098411 0
8571.040000 0.135205 0
8574.400000 0.135654 0
8577.760000 0.120874 0
8581.120000 0.114548 0
8584.480000 0.101319 0
8587.840000 0.078956 0
8591.200000 0.073232 0
8594.560000 0.101436 0
8597.920000 0.100664 0
8601.280000 0.116778 0
8604.640000 0.078617 0
8608.000000 0.112467 0
8611.360000 0.111477 0
8614.720000 0.068664 0
8618.080000 0.054250 0
8621.440000 0.078297 0
8624.800000 0.048782 0
8628.160000 0.107311 0
8631.520000 0.133976 0
8634.880000 0.133272 0
8638.240000 0.137693 0
8641.600000 0.135844 0
8644.960000 0.114732 0
8648.320000 0.095416 0
8651.680000 0.108042 0
8655.040000 0.071638 0
8658.400000 0.078842 0
8661.760000 0.105189 0
8665.120000 0.105362 0
8668.480000 0.113245 0
8671.840000 0.090820 0
8675.200000 0.131105 0
8678.560000 0.130682 0
8681.920000 0.125656 0
8685.280000 0.089428 0
8688.640000 0.087621 0
8692.000000 0.127718 0
8695.360000 0.117945 0
8698.720000 0.110965 0
8702.080000 0.096820 0
8705.440000 0.100245 0
8708.800000 0.097221 0
8712.160000 0.087650 0
8715.520000 0.103285 0
8718.880000 0.097323 0
8722.240000 0.096190 0
8725.600000 0.083738 0
8728.960000 0.105592 0
8732.320000 0.111956 0
8735.680000 0.093232 0
8739.040000 0.108509 0
8742.400000 0.092971 0
8745.760000 0.106142 0
8749.120000 0.100326 0
8752.480000 0.023733 0
8755.840000 0.033928 0
8759.200000 -0.093999 0
8762.560000 0.051624 0
8765.920000 0.262064 0
8769.280000 0.081268 0
8772.640000 0.103325 0
8776.000000 0.139643 0
8779.360000 0.139150 0
8782.720000 0.210572 0
8786.080000 0.185194 0
8789.440000 0.103970 0
8792.800000 0.091409 0
8796.160000 0.126408 0
8799.520000 0.135061 0
8802.880000 0.120277 0
8806.240000 0.111846 0
8809.600000 0.112452 0
8812.960000 0.112949 0
8816.320000 0.081075 0
8819.680000 -0.178170 0
8823.040000 -0.098563 0
8826.400000 0.068028 0
8829.760000 0.163333 0
8833.120000 0.427422 0
8836.480000 0.313616 0
8839.840000 0.129762 0
8843.200000 0.198491 0
8846.560000 0.106005 0
8849.920000 0.102101 0
8853.280000 0.135107 0
8856.640000 0.103344 0
8860.000000 0.041715 0
8863.360000 0.067109 0
8866.720000 0.064162 0
8870.080000 0.093939 0
8873.440000 0.138660 0
8876.800000 0.114542 0
8880.160000 -0.110206 0
8883.520000 0.025115 0
8886.880000 0.112476 0
8890.240000 0.291591 0
8893.600000 0.234373 0
8896.960000 0.058555 0
8900.320000 0.078447 0
8903.680000 0.121227 0
8907.040000 0.197605 0
8910.400000 0.149974 0
8913.760000 -0.029337 0
8917.120000 -0.017284 0
8920.480000 0.048499 0
8923.840000 0.320623 0
8927.200000 0.312904 0
8930.560000 0.121953 0
8933.920000 0.114464 0
8937.280000 0.019274 0
8940.640000 0.085688 0
8944.000000 0.079119 0
8947.360000 0.123455 0
8950.720000 0.038412 0
8954.080000 0.056207 0
8957.440000 0.105982 0
8960.800000 0.225169 0
8964.160000 0.281569 0
8967.520000 0.159166 0
8970.880000 0.113957 0
8974.240000 0.093998 0
8977.600000 0.076366 0
8980.960000 0.061032 0
8984.320000 0.063953 0
8987.680000 0.092293 0
8991.040000 0.040927 0
8994.400000 0.072243 0
8997.760000 0.093479 0
9001.120000 0.161354 0
9004.480000 0.160860 0
9007.840000 0.160169 0
9011.200000 0.143530 0
9014.560000 0.104678 0
9017.920000 0.090576 0
9021.280000 0.112874 0
9024.640000 0.106336 0
9028.000000 0.099520 0
9031.360000 0.073641 0
9034.720000 0.076563 0
9038.080000 0.115523 0
9041.440000 0.099091 0
9044.800000 0.061897 0
9048.160000 0.144702 0
9051.520000 0.100588 0
9054.880000 0.170622 0
9058.240000 0.118048 0
9061.600000 0.078182 0
9064.960000 0.074294 0
9068.320000 0.099203 0
9071.680000 0.108616 0
9075.040000 0.084747 0
9078.400000 0.081274 0
9081.760000 0.087224 0
9085.120000 0.070457 0
9088.480000 0.107249 0
9091.840000 0.077256 0
9095.200000 0.079667 0
9098.560000 0.099864 0
9101.920000 0.086673 0
9105.280000 0.068962 0
9108.640000 0.093575 0
9112.000000 0.101098 0
9115.360000 0.075671 0
9118.720000 0.088271 0
9122.080000 0.080577 0
9125.440000 0.078210 0
9128.800000 0.081679 0
9132.160000 0.082686 0
9135.520000 0.065988 0
9138.880000 0.090122 0
9142.240000 0.087449 0
9145.600000 0.085639 0
9148.960000 0.091306 0
9152.320000 0.064719 0
9155.680000 0.084239 0
9159.040000 0.084903 0
9162.400000 0.059229 0
9165.760000 0.087222 0
9169.120000 0.100385 0
9172.480000 0.075670 0
9175.840000 0.075059 0
9179.200000 0.080702 0
9182.560000 0.101391 0
9185.920000 0.108763 0
9189.280000 0.082936 0
9192.640000 0.061832 0
9196.000000 0.094952 0
9199.360000 0.112655 0
9202.720000 0.073508 0
9206.080000 0.083903 0
9209.440000 0.096205 0
9212.800000 0.100103 0
9216.160000 0.096050 0
9219.520000 0.109153 0
9222.880000 0.088154 0
9226.240000 0.083839 0
9229.600000 0.104781 0
9232.960000 0.097679 0
9236.320000 0.084677 0
9239.680000 0.075972 0
9243.040000 0.087596 0
9246.400000 0.117194 0
9249.760000 0.084101 0
