# obs: 255720-25fits
# slit: 27
# z: 0.99989
# lines: [OII],H10,H9,K,H,4000{AA}-break,H{delta}
# spec: 292
5120.830078 0.000000 1
5122.490078 0.000000 1
5124.150078 0.000000 1
5125.810078 0.000000 1
5127.470078 0.000000 1
5129.130078 0.000000 1
5130.790078 0.000000 1
5132.450078 0.000000 1
5134.110078 0.000000 1
5135.770078 0.000000 1
5137.430078 0.000000 1
5139.090078 0.000000 1
5140.750078 0.000000 1
5142.410078 0.000000 1
5144.070078 0.000000 1
5145.730078 0.000000 1
5147.390078 0.000000 1
5149.050078 0.000000 1
5150.710078 0.000000 1
5152.370078 0.000000 1
5154.030078 0.000000 1
5155.690078 0.000000 1
5157.350078 0.000000 1
5159.010078 0.000000 1
5160.670078 0.000000 1
5162.330078 0.000000 1
5163.990078 0.000000 1
5165.650078 0.000000 1
5167.310078 0.000000 1
5168.970078 0.000000 1
5170.630078 0.000000 1
5172.290078 0.000000 1
5173.950078 0.000000 1
5175.610078 0.000000 1
5177.270078 0.000000 1
5178.930078 0.000000 1
5180.590078 0.000000 1
5182.250078 0.000000 1
5183.910078 0.000000 1
5185.570078 0.000000 1
5187.230078 0.000000 1
5188.890078 0.000000 1
5190.550078 0.000000 1
5192.210078 0.000000 1
5193.870078 0.000000 1
5195.530078 0.000000 1
5197.190078 0.000000 1
5198.850078 0.000000 1
5200.510078 0.000000 1
5202.170078 0.000000 1
5203.830078 0.000000 1
5205.490078 0.000000 1
5207.150078 0.000000 1
5208.810078 0.000000 1
5210.470078 0.000000 1
5212.130078 0.000000 1
5213.790078 0.000000 1
5215.450078 0.000000 1
5217.110078 0.000000 1
5218.770078 0.000000 1
5220.430078 0.000000 1
5222.090078 0.000000 1
5223.750078 0.000000 1
5225.410078 0.000000 1
5227.070078 0.000000 1
5228.730078 0.000000 1
5230.390078 0.000000 1
5232.050078 0.000000 1
5233.710078 0.000000 1
5235.370078 0.000000 1
5237.030078 0.000000 1
5238.690078 0.000000 1
5240.350078 0.000000 1
5242.010078 0.000000 1
5243.670078 0.000000 1
5245.330078 0.000000 1
5246.990078 0.000000 1
5248.650078 0.000000 1
5250.310078 0.000000 1
5251.970078 0.000000 1
5253.630078 0.000000 1
5255.290078 0.000000 1
5256.950078 0.000000 1
5258.610078 0.000000 1
5260.270078 0.000000 1
5261.930078 0.000000 1
5263.590078 0.000000 1
5265.250078 0.000000 1
5266.910078 0.000000 1
5268.570078 0.000000 1
5270.230078 0.000000 1
5271.890078 0.000000 1
5273.550078 0.000000 1
5275.210078 0.000000 1
5276.870078 0.000000 1
5278.530078 0.000000 1
5280.190078 0.000000 1
5281.850078 0.000000 1
5283.510078 0.000000 1
5285.170078 0.000000 1
5286.830078 0.000000 1
5288.490078 0.000000 1
5290.150078 0.000000 1
5291.810078 0.000000 1
5293.470078 0.000000 1
5295.130078 0.000000 1
5296.790078 0.000000 1
5298.450078 0.000000 1
5300.110078 0.000000 1
5301.770078 0.000000 1
5303.430078 0.000000 1
5305.090078 0.000721 0
5306.750078 0.009782 0
5308.410078 0.013217 0
5310.070078 0.014177 0
5311.730078 0.007240 0
5313.390078 0.007523 0
5315.050078 0.004903 0
5316.710078 -0.000946 0
5318.370078 0.005147 0
5320.030078 0.007511 0
5321.690078 0.006821 0
5323.350078 0.005581 0
5325.010078 0.006462 0
5326.670078 0.006618 0
5328.330078 0.010626 0
5329.990078 0.009390 0
5331.650078 0.001861 0
5333.310078 0.008719 0
5334.970078 0.006566 0
5336.630078 0.005474 0
5338.290078 0.008899 0
5339.950078 0.003704 0
5341.610078 0.013959 0
5343.270078 0.002613 0
5344.930078 0.007388 0
5346.590078 0.012884 0
5348.250078 0.008715 0
5349.910078 0.014075 0
5351.570078 -0.000276 0
5353.230078 0.005828 0
5354.890078 0.008848 0
5356.550078 0.008896 0
5358.210078 0.006588 0
5359.870078 0.011572 0
5361.530078 0.001477 0
5363.190078 0.004774 0
5364.850078 -0.000517 0
5366.510078 0.008245 0
5368.170078 -0.005592 0
5369.830078 0.006989 0
5371.490078 0.014471 0
5373.150078 0.006588 0
5374.810078 0.007391 0
5376.470078 0.002147 0
5378.130078 0.011786 0
5379.790078 0.013128 0
5381.450078 0.011247 0
5383.110078 0.005920 0
5384.770078 0.010260 0
5386.430078 0.012911 0
5388.090078 0.004417 0
5389.750078 0.006286 0
5391.410078 0.007502 0
5393.070078 0.009534 0
5394.730078 0.003121 0
5396.390078 -0.005281 0
5398.050078 0.006663 0
5399.710078 0.002340 0
5401.370078 0.002955 0
5403.030078 0.011142 0
5404.690078 0.013260 0
5406.350078 0.003069 0
5408.010078 0.003725 0
5409.670078 0.007649 0
5411.330078 0.001379 0
5412.990078 -0.003345 0
5414.650078 0.001843 0
5416.310078 0.010667 0
5417.970078 -0.002312 0
5419.630078 0.007758 0
5421.290078 0.007350 0
5422.950078 0.005969 0
5424.610078 0.002201 0
5426.270078 -0.001913 0
5427.930078 0.009472 0
5429.590078 0.005163 0
5431.250078 0.003428 0
5432.910078 -0.000251 0
5434.570078 0.001400 0
5436.230078 0.010373 0
5437.890078 0.008183 0
5439.550078 0.015107 0
5441.210078 0.008928 0
5442.870078 0.003142 0
5444.530078 0.001099 0
5446.190078 0.006922 0
5447.850078 0.007287 0
5449.510078 0.001764 0
5451.170078 0.009580 0
5452.830078 0.005847 0
5454.490078 -0.002271 0
5456.150078 0.004970 0
5457.810078 0.012208 0
5459.470078 0.004059 0
5461.130078 0.011150 0
5462.790078 0.014491 0
5464.450078 0.001600 0
5466.110078 0.005183 0
5467.770078 0.011732 0
5469.430078 0.007885 0
5471.090078 0.004477 0
5472.750078 0.012966 0
5474.410078 0.014290 0
5476.070078 0.012254 0
5477.730078 0.000990 0
5479.390078 -0.000395 0
5481.050078 0.000021 0
5482.710078 0.011089 0
5484.370078 0.007551 0
5486.030078 0.005712 0
5487.690078 -0.000695 0
5489.350078 0.001589 0
5491.010078 0.003491 0
5492.670078 0.003969 0
5494.330078 0.001898 0
5495.990078 0.000479 0
5497.650078 -0.000649 0
5499.310078 0.003100 0
5500.970078 0.006351 0
5502.630078 0.015891 0
5504.290078 0.017302 0
5505.950078 0.004136 0
5507.610078 0.008174 0
5509.270078 0.002893 0
5510.930078 0.008765 0
5512.590078 0.003584 0
5514.250078 0.000830 0
5515.910078 0.010351 0
5517.570078 0.009842 0
5519.230078 0.010714 0
5520.890078 0.006672 0
5522.550078 0.002996 0
5524.210078 0.008429 0
5525.870078 0.005595 0
5527.530078 0.007405 0
5529.190078 0.006862 0
5530.850078 0.009248 0
5532.510078 0.002758 0
5534.170078 0.007902 0
5535.830078 0.004833 0
5537.490078 0.002816 0
5539.150078 0.009950 0
5540.810078 0.007146 0
5542.470078 -0.003153 0
5544.130078 0.003517 0
5545.790078 0.001981 0
5547.450078 0.000715 0
5549.110078 0.001871 0
5550.770078 0.007405 0
5552.430078 0.007106 0
5554.090078 0.005119 0
5555.750078 0.004035 0
5557.410078 0.010958 0
5559.070078 0.003965 0
5560.730078 0.008776 0
5562.390078 0.002128 0
5564.050078 0.006720 0
5565.710078 0.002017 0
5567.370078 0.020027 0
5569.030078 0.012614 0
5570.690078 0.002900 1
5572.350078 0.004959 1
5574.010078 -0.008443 1
5575.670078 -0.003258 1
5577.330078 0.066889 1
5578.990078 -0.000059 1
5580.650078 0.042494 1
5582.310078 0.005336 1
5583.970078 0.002988 1
5585.630078 0.003638 0
5587.290078 0.006836 0
5588.950078 0.002030 0
5590.610078 0.010079 0
5592.270078 0.008931 0
5593.930078 0.005504 0
5595.590078 0.004273 0
5597.250078 0.002814 0
5598.910078 0.000731 0
5600.570078 -0.000681 0
5602.230078 0.008326 0
5603.890078 0.006289 0
5605.550078 0.003902 0
5607.210078 0.016127 0
5608.870078 0.007955 0
5610.530078 0.012927 0
5612.190078 0.000459 0
5613.850078 0.009274 0
5615.510078 0.008532 0
5617.170078 0.000560 0
5618.830078 0.001988 0
5620.490078 0.012920 0
5622.150078 0.009162 0
5623.810078 0.015278 0
5625.470078 0.009412 0
5627.130078 0.009026 0
5628.790078 0.010943 0
5630.450078 0.012399 0
5632.110078 0.009633 0
5633.770078 0.013260 0
5635.430078 0.009297 0
5637.090078 0.006264 0
5638.750078 0.003788 0
5640.410078 0.008263 0
5642.070078 0.005300 0
5643.730078 0.000628 0
5645.390078 0.004488 0
5647.050078 0.002229 0
5648.710078 0.005039 0
5650.370078 0.007805 0
5652.030078 0.007463 0
5653.690078 0.003383 0
5655.350078 0.007804 0
5657.010078 0.006053 0
5658.670078 0.011984 0
5660.330078 0.002568 0
5661.990078 0.006806 0
5663.650078 0.010362 0
5665.310078 0.001955 0
5666.970078 0.004265 0
5668.630078 0.005205 0
5670.290078 0.009172 0
5671.950078 0.011004 0
5673.610078 0.005222 0
5675.270078 0.003957 0
5676.930078 0.000243 0
5678.590078 -0.002887 0
5680.250078 0.004582 0
5681.910078 -0.000219 0
5683.570078 0.005329 0
5685.230078 0.003170 0
5686.890078 0.010571 0
5688.550078 0.005869 0
5690.210078 -0.003199 0
5691.870078 0.008737 0
5693.530078 0.000319 0
5695.190078 0.006946 0
5696.850078 0.004732 0
5698.510078 0.002509 0
5700.170078 0.002945 0
5701.830078 0.006450 0
5703.490078 0.005110 0
5705.150078 0.007761 0
5706.810078 -0.008158 0
5708.470078 0.008145 0
5710.130078 0.008899 0
5711.790078 -0.000011 0
5713.450078 -0.000580 0
5715.110078 0.006380 0
5716.770078 0.008876 0
5718.430078 0.005661 0
5720.090078 0.004973 0
5721.750078 0.005788 0
5723.410078 0.001741 0
5725.070078 0.007603 0
5726.730078 0.003242 0
5728.390078 0.002929 0
5730.050078 0.005010 0
5731.710078 0.005245 0
5733.370078 0.004762 0
5735.030078 0.004739 0
5736.690078 0.009921 0
5738.350078 0.004030 0
5740.010078 0.002720 0
5741.670078 -0.003813 0
5743.330078 0.007142 0
5744.990078 0.003854 0
5746.650078 0.004350 0
5748.310078 0.010314 0
5749.970078 0.004763 0
5751.630078 0.007467 0
5753.290078 0.008743 0
5754.950078 0.009939 0
5756.610078 0.012819 0
5758.270078 0.008076 0
5759.930078 -0.001196 0
5761.590078 0.005894 0
5763.250078 0.008511 0
5764.910078 0.012294 0
5766.570078 0.008151 0
5768.230078 0.016853 0
5769.890078 0.010410 0
5771.550078 -0.001222 0
5773.210078 0.006826 0
5774.870078 0.004337 0
5776.530078 0.011109 0
5778.190078 0.004207 0
5779.850078 0.004006 0
5781.510078 0.003572 0
5783.170078 0.009302 0
5784.830078 0.011235 0
5786.490078 0.012544 0
5788.150078 0.014150 0
5789.810078 0.012176 0
5791.470078 0.006270 0
5793.130078 0.009855 0
5794.790078 -0.001985 0
5796.450078 0.003099 0
5798.110078 0.009201 0
5799.770078 0.009058 0
5801.430078 0.016545 0
5803.090078 0.005940 0
5804.750078 0.004796 0
5806.410078 0.012212 0
5808.070078 0.010265 0
5809.730078 0.003495 0
5811.390078 0.011510 0
5813.050078 0.010072 0
5814.710078 0.004643 0
5816.370078 0.002535 0
5818.030078 0.009101 0
5819.690078 0.010372 0
5821.350078 0.002686 0
5823.010078 0.006807 0
5824.670078 0.006824 0
5826.330078 0.002738 0
5827.990078 0.005290 0
5829.650078 0.012654 0
5831.310078 0.007363 0
5832.970078 0.008527 0
5834.630078 0.011939 0
5836.290078 0.012845 0
5837.950078 0.007188 0
5839.610078 0.012506 0
5841.270078 0.007223 0
5842.930078 0.011419 0
5844.590078 0.010311 0
5846.250078 0.000977 0
5847.910078 0.008199 0
5849.570078 0.004948 0
5851.230078 0.011562 0
5852.890078 0.007219 0
5854.550078 0.014801 0
5856.210078 0.009253 0
5857.870078 0.005510 0
5859.530078 -0.002365 0
5861.190078 0.015230 0
5862.850078 0.013091 0
5864.510078 0.010635 0
5866.170078 0.006710 0
5867.830078 0.006036 0
5869.490078 0.003520 0
5871.150078 0.006676 0
5872.810078 0.003937 0
5874.470078 0.006591 0
5876.130078 0.005890 0
5877.790078 0.004378 0
5879.450078 0.010426 0
5881.110078 0.006132 0
5882.770078 0.008946 0
5884.430078 0.009708 0
5886.090078 0.013483 0
5887.750078 0.001544 0
5889.410078 -0.013230 0
5891.070078 -0.000721 0
5892.730078 -0.005085 0
5894.390078 0.002903 0
5896.050078 0.021593 0
5897.710078 -0.002873 0
5899.370078 0.019679 0
5901.030078 0.007449 0
5902.690078 0.003969 0
5904.350078 0.011524 0
5906.010078 0.002976 0
5907.670078 0.008963 0
5909.330078 0.012202 0
5910.990078 0.006517 0
5912.650078 0.012624 0
5914.310078 0.010450 0
5915.970078 0.011273 0
5917.630078 0.011432 0
5919.290078 0.010051 0
5920.950078 0.008926 0
5922.610078 0.005176 0
5924.270078 0.008300 0
5925.930078 0.006132 0
5927.590078 0.006264 0
5929.250078 0.009916 0
5930.910078 0.012873 0
5932.570078 0.006475 0
5934.230078 0.001924 0
5935.890078 0.007499 0
5937.550078 0.009494 0
5939.210078 0.006651 0
5940.870078 0.003675 0
5942.530078 0.007863 0
5944.190078 0.009738 0
5945.850078 0.005469 0
5947.510078 -0.008666 0
5949.170078 0.007128 0
5950.830078 0.010687 0
5952.490078 0.010216 0
5954.150078 0.006521 0
5955.810078 0.001764 0
5957.470078 0.001748 0
5959.130078 0.004006 0
5960.790078 0.013536 0
5962.450078 0.008816 0
5964.110078 0.011323 0
5965.770078 0.014647 0
5967.430078 -0.000533 0
5969.090078 0.010191 0
5970.750078 0.004361 0
5972.410078 0.008606 0
5974.070078 0.006889 0
5975.730078 0.001518 0
5977.390078 0.003867 0
5979.050078 0.013771 0
5980.710078 0.015937 0
5982.370078 0.006050 0
5984.030078 0.009822 0
5985.690078 0.015220 0
5987.350078 0.011788 0
5989.010078 0.015958 0
5990.670078 0.011305 0
5992.330078 0.008444 0
5993.990078 0.009238 0
5995.650078 0.011306 0
5997.310078 0.008697 0
5998.970078 0.007691 0
6000.630078 0.007578 0
6002.290078 0.011033 0
6003.950078 0.005506 0
6005.610078 0.009483 0
6007.270078 0.008148 0
6008.930078 0.002010 0
6010.590078 0.007497 0
6012.250078 0.002615 0
6013.910078 0.019381 0
6015.570078 0.009976 0
6017.230078 0.003260 0
6018.890078 0.013931 0
6020.550078 0.010453 0
6022.210078 0.008772 0
6023.870078 0.015076 0
6025.530078 0.008590 0
6027.190078 0.008715 0
6028.850078 0.010081 0
6030.510078 0.007088 0
6032.170078 0.003919 0
6033.830078 0.005791 0
6035.490078 0.012142 0
6037.150078 0.010551 0
6038.810078 0.003792 0
6040.470078 0.002767 0
6042.130078 0.010374 0
6043.790078 0.002410 0
6045.450078 0.006317 0
6047.110078 0.009105 0
6048.770078 0.010440 0
6050.430078 0.009221 0
6052.090078 0.005589 0
6053.750078 0.001594 0
6055.410078 0.007053 0
6057.070078 0.011382 0
6058.730078 0.008441 0
6060.390078 0.009004 0
6062.050078 0.006425 0
6063.710078 0.006431 0
6065.370078 0.010081 0
6067.030078 0.007121 0
6068.690078 0.004696 0
6070.350078 0.012156 0
6072.010078 0.009934 0
6073.670078 0.008119 0
6075.330078 0.008775 0
6076.990078 0.013791 0
6078.650078 0.015003 0
6080.310078 0.012075 0
6081.970078 0.004277 0
6083.630078 0.017671 0
6085.290078 0.006503 0
6086.950078 0.013268 0
6088.610078 0.013526 0
6090.270078 0.003794 0
6091.930078 0.009707 0
6093.590078 0.005771 0
6095.250078 0.009850 0
6096.910078 0.009548 0
6098.570078 0.005722 0
6100.230078 0.007203 0
6101.890078 0.009154 0
6103.550078 0.008732 0
6105.210078 0.009239 0
6106.870078 0.011277 0
6108.530078 0.013456 0
6110.190078 0.008960 0
6111.850078 0.007554 0
6113.510078 0.009983 0
6115.170078 0.009193 0
6116.830078 0.004339 0
6118.490078 0.005128 0
6120.150078 0.011948 0
6121.810078 0.006779 0
6123.470078 0.009501 0
6125.130078 0.009047 0
6126.790078 0.008966 0
6128.450078 0.010635 0
6130.110078 0.013018 0
6131.770078 0.015853 0
6133.430078 0.007285 0
6135.090078 0.007604 0
6136.750078 0.009636 0
6138.410078 0.008257 0
6140.070078 0.010743 0
6141.730078 0.012420 0
6143.390078 0.012549 0
6145.050078 0.004123 0
6146.710078 0.006115 0
6148.370078 0.012006 0
6150.030078 0.005536 0
6151.690078 0.006992 0
6153.350078 0.013363 0
6155.010078 0.004460 0
6156.670078 0.012381 0
6158.330078 0.011747 0
6159.990078 0.013140 0
6161.650078 0.013755 0
6163.310078 0.011585 0
6164.970078 0.008482 0
6166.630078 0.006771 0
6168.290078 0.005476 0
6169.950078 0.007969 0
6171.610078 0.016028 0
6173.270078 0.010275 0
6174.930078 0.013944 0
6176.590078 0.007821 0
6178.250078 0.009347 0
6179.910078 0.011979 0
6181.570078 0.010803 0
6183.230078 0.007081 0
6184.890078 0.005122 0
6186.550078 0.002751 0
6188.210078 0.004871 0
6189.870078 0.009256 0
6191.530078 0.011166 0
6193.190078 0.012147 0
6194.850078 0.013070 0
6196.510078 0.012409 0
6198.170078 0.011151 0
6199.830078 0.011090 0
6201.490078 0.011642 0
6203.150078 0.011779 0
6204.810078 0.012445 0
6206.470078 0.011353 0
6208.130078 0.005424 0
6209.790078 0.007520 0
6211.450078 0.012030 0
6213.110078 0.009910 0
6214.770078 0.012227 0
6216.430078 0.015590 0
6218.090078 0.011263 0
6219.750078 0.011915 0
6221.410078 0.012161 0
6223.070078 0.010835 0
6224.730078 0.010809 0
6226.390078 0.009882 0
6228.050078 0.008932 0
6229.710078 0.004152 0
6231.370078 0.012791 0
6233.030078 0.004506 0
6234.690078 0.007934 0
6236.350078 0.015169 0
6238.010078 0.010211 0
6239.670078 0.010060 0
6241.330078 0.005716 0
6242.990078 0.015187 0
6244.650078 0.012503 0
6246.310078 0.009158 0
6247.970078 0.007635 0
6249.630078 0.008776 0
6251.290078 0.013571 0
6252.950078 0.008546 0
6254.610078 0.006739 0
6256.270078 0.015166 0
6257.930078 0.010925 0
6259.590078 0.011528 0
6261.250078 0.009832 0
6262.910078 0.007783 0
6264.570078 0.003242 0
6266.230078 0.011456 0
6267.890078 0.010985 0
6269.550078 0.011251 0
6271.210078 0.012096 0
6272.870078 0.013059 0
6274.530078 0.007240 0
6276.190078 0.011036 0
6277.850078 0.016738 0
6279.510078 0.008721 0
6281.170078 0.007381 0
6282.830078 0.003794 0
6284.490078 0.011099 0
6286.150078 0.019020 0
6287.810078 0.007414 0
6289.470078 0.007357 0
6291.130078 0.010271 0
6292.790078 0.005292 0
6294.450078 0.006074 1
6296.110078 0.007429 1
6297.770078 0.004883 1
6299.430078 0.014192 1
6301.090078 -0.004769 1
6302.750078 0.008488 1
6304.410078 0.011643 1
6306.070078 0.006460 1
6307.730078 0.012928 1
6309.390078 0.008870 0
6311.050078 0.013619 0
6312.710078 0.010470 0
6314.370078 0.008432 0
6316.030078 0.006130 0
6317.690078 0.008489 0
6319.350078 0.011699 0
6321.010078 0.007691 0
6322.670078 0.008776 0
6324.330078 0.011231 0
6325.990078 0.010080 0
6327.650078 0.015597 0
6329.310078 0.006229 0
6330.970078 0.011826 0
6332.630078 0.014928 0
6334.290078 0.011388 0
6335.950078 0.004345 0
6337.610078 0.014522 0
6339.270078 0.014051 0
6340.930078 0.014128 0
6342.590078 0.012767 0
6344.250078 0.007571 0
6345.910078 0.016582 0
6347.570078 0.013340 0
6349.230078 0.008968 0
6350.890078 0.010656 0
6352.550078 0.007930 0
6354.210078 0.015859 0
6355.870078 0.012390 0
6357.530078 0.009589 0
6359.190078 0.011408 0
6360.850078 0.011873 0
6362.510078 0.008985 0
6364.170078 0.007616 0
6365.830078 0.013889 0
6367.490078 0.017104 0
6369.150078 0.018940 0
6370.810078 0.015881 0
6372.470078 0.011664 0
6374.130078 0.013244 0
6375.790078 0.010723 0
6377.450078 0.010663 0
6379.110078 0.011008 0
6380.770078 0.006840 0
6382.430078 0.012361 0
6384.090078 0.011767 0
6385.750078 0.013163 0
6387.410078 0.015167 0
6389.070078 0.010566 0
6390.730078 0.012806 0
6392.390078 0.013637 0
6394.050078 0.008969 0
6395.710078 0.015779 0
6397.370078 0.014240 0
6399.030078 0.012291 0
6400.690078 0.008409 0
6402.350078 0.010965 0
6404.010078 0.012618 0
6405.670078 0.014216 0
6407.330078 0.015554 0
6408.990078 0.010979 0
6410.650078 0.008369 0
6412.310078 0.013377 0
6413.970078 0.007071 0
6415.630078 0.012618 0
6417.290078 0.011022 0
6418.950078 0.008009 0
6420.610078 0.010848 0
6422.270078 0.013578 0
6423.930078 0.011773 0
6425.590078 0.008723 0
6427.250078 0.003702 0
6428.910078 0.003339 0
6430.570078 0.007245 0
6432.230078 0.009818 0
6433.890078 0.009181 0
6435.550078 0.012319 0
6437.210078 0.013061 0
6438.870078 0.010826 0
6440.530078 0.011676 0
6442.190078 0.011176 0
6443.850078 0.008733 0
6445.510078 0.010892 0
6447.170078 0.011581 0
6448.830078 0.006940 0
6450.490078 0.008160 0
6452.150078 0.016751 0
6453.810078 0.012347 0
6455.470078 0.009765 0
6457.130078 0.010902 0
6458.790078 0.009902 0
6460.450078 0.008825 0
6462.110078 0.007716 0
6463.770078 0.010653 0
6465.430078 0.009237 0
6467.090078 0.003182 0
6468.750078 0.012914 0
6470.410078 0.010453 0
6472.070078 0.001225 0
6473.730078 0.010921 0
6475.390078 0.006351 0
6477.050078 0.015932 0
6478.710078 0.014727 0
6480.370078 0.011600 0
6482.030078 0.012062 0
6483.690078 0.011171 0
6485.350078 0.010228 0
6487.010078 0.010296 0
6488.670078 0.018033 0
6490.330078 0.013848 0
6491.990078 0.008153 0
6493.650078 0.009101 0
6495.310078 0.010514 0
6496.970078 0.011972 0
6498.630078 0.015102 0
6500.290078 0.011806 0
6501.950078 0.010723 0
6503.610078 0.012500 0
6505.270078 0.014093 0
6506.930078 0.014182 0
6508.590078 0.010141 0
6510.250078 0.012766 0
6511.910078 0.012760 0
6513.570078 0.013030 0
6515.230078 0.012904 0
6516.890078 0.016374 0
6518.550078 0.010337 0
6520.210078 0.007155 0
6521.870078 0.012913 0
6523.530078 0.012847 0
6525.190078 0.016522 0
6526.850078 0.007402 0
6528.510078 0.013611 0
6530.170078 0.013977 0
6531.830078 0.013744 0
6533.490078 0.011592 0
6535.150078 0.013550 0
6536.810078 0.010886 0
6538.470078 0.015094 0
6540.130078 0.014722 0
6541.790078 0.010526 0
6543.450078 0.016729 0
6545.110078 0.012487 0
6546.770078 0.013441 0
6548.430078 0.008889 0
6550.090078 0.010327 0
6551.750078 0.012744 0
6553.410078 0.009947 0
6555.070078 0.010857 0
6556.730078 0.010130 0
6558.390078 0.009712 0
6560.050078 0.010520 0
6561.710078 0.012018 0
6563.370078 0.010593 0
6565.030078 0.018981 0
6566.690078 0.014017 0
6568.350078 0.011537 0
6570.010078 0.015060 0
6571.670078 0.009026 0
6573.330078 0.012140 0
6574.990078 0.013979 0
6576.650078 0.008376 0
6578.310078 0.007617 0
6579.970078 0.006771 0
6581.630078 0.014572 0
6583.290078 0.014241 0
6584.950078 0.014654 0
6586.610078 0.008864 0
6588.270078 0.016222 0
6589.930078 0.011295 0
6591.590078 0.015840 0
6593.250078 0.013523 0
6594.910078 0.013989 0
6596.570078 0.016763 0
6598.230078 0.015662 0
6599.890078 0.016981 0
6601.550078 0.009870 0
6603.210078 0.011250 0
6604.870078 0.015263 0
6606.530078 0.015431 0
6608.190078 0.013280 0
6609.850078 0.014768 0
6611.510078 0.013091 0
6613.170078 0.016799 0
6614.830078 0.012143 0
6616.490078 0.009893 0
6618.150078 0.012319 0
6619.810078 0.014214 0
6621.470078 0.013451 0
6623.130078 0.012193 0
6624.790078 0.012864 0
6626.450078 0.011725 0
6628.110078 0.014405 0
6629.770078 0.012111 0
6631.430078 0.007265 0
6633.090078 0.015780 0
6634.750078 0.014549 0
6636.410078 0.013994 0
6638.070078 0.015930 0
6639.730078 0.015335 0
6641.390078 0.012741 0
6643.050078 0.012178 0
6644.710078 0.012928 0
6646.370078 0.013306 0
6648.030078 0.012767 0
6649.690078 0.014222 0
6651.350078 0.011924 0
6653.010078 0.013717 0
6654.670078 0.014040 0
6656.330078 0.011302 0
6657.990078 0.009307 0
6659.650078 0.012823 0
6661.310078 0.014699 0
6662.970078 0.014196 0
6664.630078 0.012165 0
6666.290078 0.012237 0
6667.950078 0.011934 0
6669.610078 0.011162 0
6671.270078 0.013727 0
6672.930078 0.017583 0
6674.590078 0.016763 0
6676.250078 0.013240 0
6677.910078 0.008226 0
6679.570078 0.009617 0
6681.230078 0.011172 0
6682.890078 0.017796 0
6684.550078 0.011753 0
6686.210078 0.011628 0
6687.870078 0.019758 0
6689.530078 0.012020 0
6691.190078 0.015488 0
6692.850078 0.015636 0
6694.510078 0.013452 0
6696.170078 0.011817 0
6697.830078 0.010844 0
6699.490078 0.014493 0
6701.150078 0.013155 0
6702.810078 0.013354 0
6704.470078 0.010597 0
6706.130078 0.014406 0
6707.790078 0.012831 0
6709.450078 0.011672 0
6711.110078 0.010917 0
6712.770078 0.012682 0
6714.430078 0.012239 0
6716.090078 0.010922 0
6717.750078 0.009956 0
6719.410078 0.009435 0
6721.070078 0.007872 0
6722.730078 0.006246 0
6724.390078 0.008202 0
6726.050078 0.015782 0
6727.710078 0.014397 0
6729.370078 0.013527 0
6731.030078 0.012437 0
6732.690078 0.015275 0
6734.350078 0.011681 0
6736.010078 0.009393 0
6737.670078 0.009268 0
6739.330078 0.015228 0
6740.990078 0.014178 0
6742.650078 0.010136 0
6744.310078 0.017157 0
6745.970078 0.015156 0
6747.630078 0.010552 0
6749.290078 0.015170 0
6750.950078 0.010251 0
6752.610078 0.012453 0
6754.270078 0.011284 0
6755.930078 0.010422 0
6757.590078 0.014385 0
6759.250078 0.011682 0
6760.910078 0.011234 0
6762.570078 0.011533 0
6764.230078 0.014215 0
6765.890078 0.015237 0
6767.550078 0.014878 0
6769.210078 0.008768 0
6770.870078 0.013632 0
6772.530078 0.009967 0
6774.190078 0.012468 0
6775.850078 0.011599 0
6777.510078 0.013661 0
6779.170078 0.012731 0
6780.830078 0.019340 0
6782.490078 0.014385 0
6784.150078 0.009200 0
6785.810078 0.013033 0
6787.470078 0.013648 0
6789.130078 0.015562 0
6790.790078 0.007882 0
6792.450078 0.009070 0
6794.110078 0.010915 0
6795.770078 0.017420 0
6797.430078 0.012255 0
6799.090078 0.011164 0
6800.750078 0.017473 0
6802.410078 0.014324 0
6804.070078 0.009700 0
6805.730078 0.013253 0
6807.390078 0.015383 0
6809.050078 0.014428 0
6810.710078 0.014645 0
6812.370078 0.014641 0
6814.030078 0.013311 0
6815.690078 0.008666 0
6817.350078 0.010941 0
6819.010078 0.014843 0
6820.670078 0.010341 0
6822.330078 0.011146 0
6823.990078 0.013826 0
6825.650078 0.017999 0
6827.310078 0.012787 0
6828.970078 0.008023 0
6830.630078 0.012542 0
6832.290078 0.014181 0
6833.950078 0.014315 0
6835.610078 0.014010 0
6837.270078 0.015917 0
6838.930078 0.012226 0
6840.590078 0.011414 0
6842.250078 0.017231 0
6843.910078 0.015365 0
6845.570078 0.013347 0
6847.230078 0.015411 0
6848.890078 0.012319 0
6850.550078 0.016872 0
6852.210078 0.021587 0
6853.870078 0.019779 0
6855.530078 0.016937 0
6857.190078 0.015662 0
6858.850078 0.016304 0
6860.510078 0.018806 0
6862.170078 0.013079 0
6863.830078 0.015490 0
6865.490078 0.019788 0
6867.150078 0.007233 0
6868.810078 0.010975 0
6870.470078 0.011691 0
6872.130078 0.009836 0
6873.790078 0.010529 0
6875.450078 0.009327 0
6877.110078 0.010921 0
6878.770078 0.014687 0
6880.430078 0.010503 0
6882.090078 0.007850 0
6883.750078 0.011789 0
6885.410078 0.010289 0
6887.070078 0.010380 0
6888.730078 0.012453 0
6890.390078 0.010745 0
6892.050078 0.006478 0
6893.710078 0.008241 0
6895.370078 0.012352 0
6897.030078 0.009503 0
6898.690078 0.014286 0
6900.350078 0.012967 0
6902.010078 0.010558 0
6903.670078 0.012493 0
6905.330078 0.012249 0
6906.990078 0.011773 0
6908.650078 0.011699 0
6910.310078 0.016419 0
6911.970078 0.009775 0
6913.630078 0.010007 0
6915.290078 0.007161 0
6916.950078 0.013416 0
6918.610078 0.009146 0
6920.270078 0.013858 0
6921.930078 0.018997 0
6923.590078 0.006966 0
6925.250078 0.012719 0
6926.910078 0.013273 0
6928.570078 0.015797 0
6930.230078 0.009872 0
6931.890078 0.011736 0
6933.550078 0.014228 0
6935.210078 0.014317 0
6936.870078 0.011253 0
6938.530078 0.016203 0
6940.190078 0.005124 0
6941.850078 0.013299 0
6943.510078 0.018268 0
6945.170078 0.012144 0
6946.830078 0.018077 0
6948.490078 0.011258 0
6950.150078 0.010229 0
6951.810078 0.018747 0
6953.470078 0.014584 0
6955.130078 0.011231 0
6956.790078 0.014073 0
6958.450078 0.014465 0
6960.110078 0.015809 0
6961.770078 0.013042 0
6963.430078 0.012538 0
6965.090078 0.014487 0
6966.750078 0.011611 0
6968.410078 0.011739 0
6970.070078 0.010297 0
6971.730078 0.012052 0
6973.390078 0.011051 0
6975.050078 0.006056 0
6976.710078 0.013349 0
6978.370078 0.014095 0
6980.030078 0.011300 0
6981.690078 0.012900 0
6983.350078 0.011571 0
6985.010078 0.008652 0
6986.670078 0.010403 0
6988.330078 0.011991 0
6989.990078 0.013435 0
6991.650078 0.009767 0
6993.310078 0.008362 0
6994.970078 0.012058 0
6996.630078 0.014430 0
6998.290078 0.009599 0
6999.950078 0.016247 0
7001.610078 0.010014 0
7003.270078 0.013291 0
7004.930078 0.013269 0
7006.590078 0.013994 0
7008.250078 0.016521 0
7009.910078 0.012573 0
7011.570078 0.011383 0
7013.230078 0.013873 0
7014.890078 0.010605 0
7016.550078 0.012550 0
7018.210078 0.013282 0
7019.870078 0.010414 0
7021.530078 0.011357 0
7023.190078 0.014881 0
7024.850078 0.015566 0
7026.510078 0.012632 0
7028.170078 0.010499 0
7029.830078 0.012531 0
7031.490078 0.014242 0
7033.150078 0.013251 0
7034.810078 0.013507 0
7036.470078 0.012344 0
7038.130078 0.015229 0
7039.790078 0.012433 0
7041.450078 0.010883 0
7043.110078 0.013090 0
7044.770078 0.012161 0
7046.430078 0.012054 0
7048.090078 0.010190 0
7049.750078 0.010077 0
7051.410078 0.008156 0
7053.070078 0.007504 0
7054.730078 0.016852 0
7056.390078 0.014234 0
7058.050078 0.010012 0
7059.710078 0.015299 0
7061.370078 0.013358 0
7063.030078 0.016020 0
7064.690078 0.011588 0
7066.350078 0.014277 0
7068.010078 0.015405 0
7069.670078 0.018075 0
7071.330078 0.018689 0
7072.990078 0.012402 0
7074.650078 0.016067 0
7076.310078 0.014048 0
7077.970078 0.014374 0
7079.630078 0.014704 0
7081.290078 0.013226 0
7082.950078 0.012708 0
7084.610078 0.016603 0
7086.270078 0.017024 0
7087.930078 0.013755 0
7089.590078 0.015969 0
7091.250078 0.014907 0
7092.910078 0.015476 0
7094.570078 0.011068 0
7096.230078 0.014629 0
7097.890078 0.016608 0
7099.550078 0.008370 0
7101.210078 0.011423 0
7102.870078 0.015932 0
7104.530078 0.016992 0
7106.190078 0.011458 0
7107.850078 0.009305 0
7109.510078 0.011856 0
7111.170078 0.015820 0
7112.830078 0.015095 0
7114.490078 0.011597 0
7116.150078 0.011566 0
7117.810078 0.015045 0
7119.470078 0.017469 0
7121.130078 0.014422 0
7122.790078 0.013099 0
7124.450078 0.016089 0
7126.110078 0.012497 0
7127.770078 0.014699 0
7129.430078 0.013755 0
7131.090078 0.011731 0
7132.750078 0.015566 0
7134.410078 0.012268 0
7136.070078 0.009824 0
7137.730078 0.017016 0
7139.390078 0.009899 0
7141.050078 0.013123 0
7142.710078 0.009262 0
7144.370078 0.009045 0
7146.030078 0.010639 0
7147.690078 0.013864 0
7149.350078 0.012632 0
7151.010078 0.015787 0
7152.670078 0.013478 0
7154.330078 0.013914 0
7155.990078 0.012949 0
7157.650078 0.014818 0
7159.310078 0.012707 0
7160.970078 0.013442 0
7162.630078 0.010016 0
7164.290078 0.012142 0
7165.950078 0.010211 0
7167.610078 0.005946 0
7169.270078 0.014892 0
7170.930078 0.007779 0
7172.590078 0.012557 0
7174.250078 0.012465 0
7175.910078 0.014135 0
7177.570078 0.010520 0
7179.230078 0.011240 0
7180.890078 0.009642 0
7182.550078 0.005976 0
7184.210078 0.008932 0
7185.870078 0.013433 0
7187.530078 0.013742 0
7189.190078 0.014311 0
7190.850078 0.012851 0
7192.510078 0.013849 0
7194.170078 0.016578 0
7195.830078 0.014602 0
7197.490078 0.015188 0
7199.150078 0.011319 0
7200.810078 0.009353 0
7202.470078 0.008562 0
7204.130078 0.012436 0
7205.790078 0.010333 0
7207.450078 0.012133 0
7209.110078 0.016115 0
7210.770078 0.013913 0
7212.430078 0.011776 0
7214.090078 0.013151 0
7215.750078 0.018636 0
7217.410078 0.013672 0
7219.070078 0.008497 0
7220.730078 0.011308 0
7222.390078 0.015222 0
7224.050078 0.013043 0
7225.710078 0.011821 0
7227.370078 0.014831 0
7229.030078 0.011499 0
7230.690078 0.015179 0
7232.350078 0.014243 0
7234.010078 0.011214 0
7235.670078 0.010502 0
7237.330078 0.014007 0
7238.990078 0.015269 0
7240.650078 0.005957 0
7242.310078 0.008496 0
7243.970078 0.000039 0
7245.630078 0.014906 0
7247.290078 0.020452 0
7248.950078 0.010910 0
7250.610078 0.012740 0
7252.270078 0.023831 0
7253.930078 0.024031 0
7255.590078 0.017437 0
7257.250078 0.008920 0
7258.910078 0.011073 0
7260.570078 0.012812 0
7262.230078 0.011390 0
7263.890078 0.012796 0
7265.550078 0.013105 0
7267.210078 0.012398 0
7268.870078 0.008943 0
7270.530078 0.011793 0
7272.190078 0.009734 0
7273.850078 0.028556 0
7275.510078 0.012631 0
7277.170078 0.017470 0
7278.830078 0.018959 0
7280.490078 0.018496 0
7282.150078 0.020652 0
7283.810078 0.018174 0
7285.470078 0.012031 0
7287.130078 0.015337 0
7288.790078 0.016638 0
7290.450078 0.013166 0
7292.110078 0.012565 0
7293.770078 0.014031 0
7295.430078 0.013192 0
7297.090078 0.008092 0
7298.750078 0.012775 0
7300.410078 0.012184 0
7302.070078 0.009846 0
7303.730078 0.011547 0
7305.390078 0.011960 0
7307.050078 0.009349 0
7308.710078 0.014554 0
7310.370078 0.015561 0
7312.030078 0.014702 0
7313.690078 0.013910 0
7315.350078 0.025098 0
7317.010078 0.009996 0
7318.670078 0.017429 0
7320.330078 0.015988 0
7321.990078 0.015148 0
7323.650078 0.012932 0
7325.310078 0.017121 0
7326.970078 0.017056 0
7328.630078 0.022973 0
7330.290078 0.019973 0
7331.950078 0.019290 0
7333.610078 0.015910 0
7335.270078 0.015832 1
7336.930078 0.009480 1
7338.590078 0.017330 1
7340.250078 0.025093 1
7341.910078 0.020083 1
7343.570078 0.011599 1
7345.230078 0.015282 1
7346.890078 0.014023 1
7348.550078 0.014416 0
7350.210078 0.019339 0
7351.870078 0.014799 0
7353.530078 0.013695 0
7355.190078 0.009912 0
7356.850078 0.011140 0
7358.510078 0.013877 0
7360.170078 0.007535 0
7361.830078 0.016698 0
7363.490078 0.014910 0
7365.150078 0.019105 0
7366.810078 0.020414 0
7368.470078 0.004511 0
7370.130078 0.020244 0
7371.790078 0.020577 0
7373.450078 0.014838 0
7375.110078 0.013186 0
7376.770078 0.013862 0
7378.430078 0.014997 0
7380.090078 0.010884 0
7381.750078 0.013474 0
7383.410078 0.018298 0
7385.070078 0.016737 0
7386.730078 0.013924 0
7388.390078 0.016039 0
7390.050078 0.020547 0
7391.710078 0.014299 0
7393.370078 0.017868 0
7395.030078 0.015552 0
7396.690078 0.015389 0
7398.350078 0.017316 0
7400.010078 0.017233 0
7401.670078 0.018114 0
7403.330078 0.017249 0
7404.990078 0.029590 0
7406.650078 0.014130 0
7408.310078 0.012173 0
7409.970078 0.010613 0
7411.630078 0.012532 0
7413.290078 0.015944 0
7414.950078 0.013508 0
7416.610078 0.006875 0
7418.270078 0.014484 0
7419.930078 0.015797 0
7421.590078 0.013604 0
7423.250078 0.019170 0
7424.910078 0.014247 0
7426.570078 0.018835 0
7428.230078 0.018560 0
7429.890078 0.017636 0
7431.550078 0.013355 0
7433.210078 0.016933 0
7434.870078 0.022612 0
7436.530078 0.022626 0
7438.190078 0.018693 0
7439.850078 0.015848 0
7441.510078 0.017988 0
7443.170078 0.025758 0
7444.830078 0.030016 0
7446.490078 0.035289 0
7448.150078 0.042920 0
7449.810078 0.050184 0
7451.470078 0.054690 0
7453.130078 0.063673 0
7454.790078 0.068052 0
7456.450078 0.064772 0
7458.110078 0.063387 0
7459.770078 0.061761 0
7461.430078 0.050038 0
7463.090078 0.041177 0
7464.750078 0.029081 0
7466.410078 0.026320 0
7468.070078 0.016818 0
7469.730078 0.021372 0
7471.390078 0.021877 0
7473.050078 0.013669 0
7474.710078 0.016038 0
7476.370078 0.019066 0
7478.030078 0.015022 0
7479.690078 0.010139 0
7481.350078 0.010977 0
7483.010078 0.017463 0
7484.670078 0.014847 0
7486.330078 0.020318 0
7487.990078 0.020248 0
7489.650078 0.018339 0
7491.310078 0.006835 0
7492.970078 0.015630 0
7494.630078 0.014438 0
7496.290078 0.016279 0
7497.950078 0.013670 0
7499.610078 0.015773 0
7501.270078 0.017900 0
7502.930078 0.014713 0
7504.590078 0.016443 0
7506.250078 0.016352 0
7507.910078 0.018750 0
7509.570078 0.013694 0
7511.230078 0.020448 0
7512.890078 0.020611 0
7514.550078 0.016855 0
7516.210078 0.022851 0
7517.870078 0.017598 0
7519.530078 0.016483 0
7521.190078 0.010753 0
7522.850078 0.014993 0
7524.510078 0.013027 0
7526.170078 0.015233 0
7527.830078 0.016825 0
7529.490078 0.017899 0
7531.150078 0.016806 0
7532.810078 0.015141 0
7534.470078 0.017172 0
7536.130078 0.013294 0
7537.790078 0.018328 0
7539.450078 0.019101 0
7541.110078 0.013225 0
7542.770078 0.016946 0
7544.430078 0.018458 0
7546.090078 0.018965 0
7547.750078 0.019506 0
7549.410078 0.018057 0
7551.070078 0.016185 0
7552.730078 0.022165 0
7554.390078 0.017376 0
7556.050078 0.021589 0
7557.710078 0.017337 0
7559.370078 0.018874 0
7561.030078 0.025283 0
7562.690078 0.023302 0
7564.350078 0.021601 0
7566.010078 0.022689 0
7567.670078 0.019282 0
7569.330078 0.015786 0
7570.990078 0.018773 0
7572.650078 0.014304 0
7574.310078 0.015588 0
7575.970078 0.014302 0
7577.630078 0.025000 0
7579.290078 0.021837 0
7580.950078 0.019444 0
7582.610078 0.016607 0
7584.270078 0.018835 0
7585.930078 0.019141 0
7587.590078 0.010878 0
7589.250078 0.013544 0
7590.910078 0.015839 0
7592.570078 0.014213 0
7594.230078 0.014269 0
7595.890078 0.011920 0
7597.550078 0.011443 0
7599.210078 0.003104 0
7600.870078 0.020795 0
7602.530078 0.012962 0
7604.190078 0.010844 0
7605.850078 0.027860 0
7607.510078 0.023072 0
7609.170078 0.019274 0
7610.830078 0.022390 0
7612.490078 0.022411 0
7614.150078 0.022894 0
7615.810078 0.019388 0
7617.470078 0.017620 0
7619.130078 0.016156 0
7620.790078 0.016798 0
7622.450078 0.028391 0
7624.110078 0.030933 0
7625.770078 0.020483 0
7627.430078 0.020264 0
7629.090078 0.022499 0
7630.750078 0.017435 0
7632.410078 0.016711 0
7634.070078 0.015581 0
7635.730078 0.025830 0
7637.390078 0.019438 0
7639.050078 0.016593 0
7640.710078 0.021335 0
7642.370078 0.013407 0
7644.030078 0.019895 0
7645.690078 0.020846 0
7647.350078 0.016192 0
7649.010078 0.019752 0
7650.670078 0.010525 0
7652.330078 0.015580 0
7653.990078 0.012669 0
7655.650078 0.015623 0
7657.310078 0.012415 0
7658.970078 0.014390 0
7660.630078 0.013779 0
7662.290078 0.013872 0
7663.950078 0.011148 0
7665.610078 0.013893 0
7667.270078 0.011806 0
7668.930078 0.014065 0
7670.590078 0.010612 0
7672.250078 0.009818 0
7673.910078 0.011557 0
7675.570078 0.015988 0
7677.230078 0.020457 0
7678.890078 0.017607 0
7680.550078 0.016369 0
7682.210078 0.015423 0
7683.870078 0.013513 0
7685.530078 0.019099 0
7687.190078 0.016351 0
7688.850078 0.021291 0
7690.510078 0.018854 0
7692.170078 0.022067 0
7693.830078 0.022357 0
7695.490078 0.013315 0
7697.150078 0.015914 0
7698.810078 0.020505 0
7700.470078 0.016253 0
7702.130078 0.017281 0
7703.790078 0.024828 0
7705.450078 0.019589 0
7707.110078 0.017767 0
7708.770078 0.015060 0
7710.430078 0.024380 0
7712.090078 0.009783 0
7713.750078 0.014664 0
7715.410078 0.014597 0
7717.070078 0.022038 0
7718.730078 0.017131 0
7720.390078 0.027868 0
7722.050078 0.020964 0
7723.710078 0.014694 0
7725.370078 0.023303 0
7727.030078 0.028069 0
7728.690078 0.020568 0
7730.350078 0.025847 0
7732.010078 0.031866 0
7733.670078 0.024895 0
7735.330078 0.030364 0
7736.990078 0.029868 0
7738.650078 0.028386 0
7740.310078 0.034839 0
7741.970078 0.033772 0
7743.630078 0.031094 0
7745.290078 0.021115 0
7746.950078 0.023490 0
7748.610078 0.020267 0
7750.270078 0.009025 0
7751.930078 0.023758 0
7753.590078 0.035725 0
7755.250078 0.025645 0
7756.910078 0.021315 0
7758.570078 0.024129 0
7760.230078 0.017086 0
7761.890078 0.017792 0
7763.550078 0.025803 0
7765.210078 0.009999 0
7766.870078 0.014478 0
7768.530078 0.020003 0
7770.190078 0.011438 0
7771.850078 0.014587 0
7773.510078 0.021554 0
7775.170078 0.014981 0
7776.830078 0.015291 0
7778.490078 0.017629 0
7780.150078 0.023401 0
7781.810078 0.024702 0
7783.470078 0.021287 0
7785.130078 0.016467 0
7786.790078 0.019329 0
7788.450078 0.021036 0
7790.110078 0.016006 0
7791.770078 0.002636 0
7793.430078 0.007849 0
7795.090078 0.018013 0
7796.750078 0.026385 0
7798.410078 0.023542 0
7800.070078 0.023003 0
7801.730078 0.023143 0
7803.390078 0.018757 0
7805.050078 0.017502 0
7806.710078 0.022517 0
7808.370078 0.018301 0
7810.030078 0.031929 0
7811.690078 0.028322 0
7813.350078 0.024417 0
7815.010078 0.026593 0
7816.670078 0.023838 0
7818.330078 0.017175 0
7819.990078 0.015173 0
7821.650078 0.013737 0
7823.310078 0.026630 0
7824.970078 0.036330 0
7826.630078 0.022168 0
7828.290078 0.018597 0
7829.950078 0.022185 0
7831.610078 0.024677 0
7833.270078 0.021220 0
7834.930078 0.023773 0
7836.590078 0.019250 0
7838.250078 0.023394 0
7839.910078 0.022953 0
7841.570078 0.021092 0
7843.230078 0.013235 0
7844.890078 0.025350 0
7846.550078 0.021480 0
7848.210078 0.022114 0
7849.870078 0.016959 0
7851.530078 0.013249 0
7853.190078 0.014174 0
7854.850078 0.024220 0
7856.510078 0.025201 0
7858.170078 0.020432 0
7859.830078 0.016705 0
7861.490078 0.019026 0
7863.150078 0.014866 0
7864.810078 0.015621 0
7866.470078 0.012124 0
7868.130078 0.007911 0
7869.790078 0.009567 0
7871.450078 0.010267 0
7873.110078 0.024943 0
7874.770078 0.015104 0
7876.430078 0.020727 0
7878.090078 0.012109 0
7879.750078 0.020824 0
7881.410078 0.016447 0
7883.070078 0.024468 0
7884.730078 0.016578 0
7886.390078 0.020965 0
7888.050078 0.028399 0
7889.710078 0.032085 0
7891.370078 0.026732 0
7893.030078 0.018322 0
7894.690078 0.023573 0
7896.350078 0.017114 0
7898.010078 0.014953 0
7899.670078 0.018217 0
7901.330078 0.020686 0
7902.990078 0.018676 0
7904.650078 0.016176 0
7906.310078 0.024550 0
7907.970078 0.026994 0
7909.630078 0.015212 0
7911.290078 0.020150 0
7912.950078 0.017002 0
7914.610078 0.014773 0
7916.270078 0.031093 0
7917.930078 0.029278 0
7919.590078 0.015082 0
7921.250078 0.022215 0
7922.910078 0.022299 0
7924.570078 0.030540 0
7926.230078 0.016154 0
7927.890078 0.016843 0
7929.550078 0.013273 0
7931.210078 0.014537 0
7932.870078 0.010639 0
7934.530078 0.010088 0
7936.190078 0.014428 0
7937.850078 0.016036 0
7939.510078 0.011980 0
7941.170078 0.020031 0
7942.830078 0.019980 0
7944.490078 0.016749 0
7946.150078 0.014350 0
7947.810078 0.021671 0
7949.470078 0.016652 0
7951.130078 0.014766 0
7952.790078 0.019691 0
7954.450078 0.018009 0
7956.110078 0.015119 0
7957.770078 0.020437 0
7959.430078 0.023261 0
7961.090078 0.018387 0
7962.750078 0.030838 0
7964.410078 0.007126 0
7966.070078 0.008047 0
7967.730078 0.022746 0
7969.390078 0.027124 0
7971.050078 0.021809 0
7972.710078 0.021353 0
7974.370078 0.021499 0
7976.030078 0.021065 0
7977.690078 0.028814 0
7979.350078 0.036696 0
7981.010078 0.032641 0
7982.670078 0.033033 0
7984.330078 0.025787 0
7985.990078 0.024451 0
7987.650078 0.022760 0
7989.310078 0.023830 0
7990.970078 0.021894 0
7992.630078 0.032410 0
7994.290078 0.030120 0
7995.950078 0.046587 0
7997.610078 0.031705 0
7999.270078 0.023996 0
8000.930078 0.026163 0
8002.590078 0.028392 0
8004.250078 0.025894 0
8005.910078 0.024065 0
8007.570078 0.018597 0
8009.230078 0.021051 0
8010.890078 0.022885 0
8012.550078 0.025597 0
8014.210078 0.029078 0
8015.870078 0.023182 0
8017.530078 0.025300 0
8019.190078 0.025268 0
8020.850078 0.025148 0
8022.510078 0.022349 0
8024.170078 0.019920 0
8025.830078 0.038647 0
8027.490078 0.039786 0
8029.150078 0.033552 0
8030.810078 0.029937 0
8032.470078 0.023905 0
8034.130078 0.027092 0
8035.790078 0.029461 0
8037.450078 0.030068 0
8039.110078 0.025160 0
8040.770078 0.026511 0
8042.430078 0.028929 0
8044.090078 0.029164 0
8045.750078 0.031649 0
8047.410078 0.025360 0
8049.070078 0.029022 0
8050.730078 0.030156 0
8052.390078 0.029951 0
8054.050078 0.031535 0
8055.710078 0.021883 0
8057.370078 0.021180 0
8059.030078 0.025687 0
8060.690078 0.030977 0
8062.350078 0.034280 0
8064.010078 0.026282 0
8065.670078 0.024190 0
8067.330078 0.026155 0
8068.990078 0.025368 0
8070.650078 0.026903 0
8072.310078 0.029194 0
8073.970078 0.026931 0
8075.630078 0.025474 0
8077.290078 0.027275 0
8078.950078 0.030011 0
8080.610078 0.025498 0
8082.270078 0.025471 0
8083.930078 0.025353 0
8085.590078 0.027219 0
8087.250078 0.025596 0
8088.910078 0.027821 0
8090.570078 0.028116 0
8092.230078 0.026948 0
8093.890078 0.025201 0
8095.550078 0.025643 0
8097.210078 0.027019 0
8098.870078 0.032192 0
8100.530078 0.037018 0
8102.190078 0.027540 0
8103.850078 0.031510 0
8105.510078 0.028036 0
8107.170078 0.032348 0
8108.830078 0.028556 0
8110.490078 0.022722 0
8112.150078 0.025274 0
8113.810078 0.025479 0
8115.470078 0.027403 0
8117.130078 0.026679 0
8118.790078 0.022321 0
8120.450078 0.031920 0
8122.110078 0.024541 0
8123.770078 0.021139 0
8125.430078 0.025919 0
8127.090078 0.023491 0
8128.750078 0.018588 0
8130.410078 0.022525 0
8132.070078 0.028009 0
8133.730078 0.028995 0
8135.390078 0.026986 0
8137.050078 0.028114 0
8138.710078 0.025501 0
8140.370078 0.021848 0
8142.030078 0.024639 0
8143.690078 0.027805 0
8145.350078 0.028238 0
8147.010078 0.029552 0
8148.670078 0.018785 0
8150.330078 0.026332 0
8151.990078 0.025174 0
8153.650078 0.030330 0
8155.310078 0.033165 0
8156.970078 0.028249 0
8158.630078 0.026886 0
8160.290078 0.025406 0
8161.950078 0.027691 0
8163.610078 0.027726 0
8165.270078 0.022028 0
8166.930078 0.021870 0
8168.590078 0.019134 0
8170.250078 0.022847 0
8171.910078 0.023537 0
8173.570078 0.027471 0
8175.230078 0.021193 0
8176.890078 0.025065 0
8178.550078 0.023932 0
8180.210078 0.019317 0
8181.870078 0.021860 0
8183.530078 0.019493 0
8185.190078 0.024110 0
8186.850078 0.024639 0
8188.510078 0.021448 0
8190.170078 0.019780 0
8191.830078 0.020586 0
8193.490078 0.023900 0
8195.150078 0.020840 0
8196.810078 0.023733 0
8198.470078 0.018564 0
8200.130078 0.017138 0
8201.790078 0.021189 0
8203.450078 0.018288 0
8205.110078 0.020466 0
8206.770078 0.025431 0
8208.430078 0.025730 0
8210.090078 0.027943 0
8211.750078 0.025809 0
8213.410078 0.021868 0
8215.070078 0.026383 0
8216.730078 0.026019 0
8218.390078 0.019936 0
8220.050078 0.026088 0
8221.710078 0.025719 0
8223.370078 0.020873 0
8225.030078 0.022532 0
8226.690078 0.025143 0
8228.350078 0.022902 0
8230.010078 0.019611 0
8231.670078 0.024541 0
8233.330078 0.024075 0
8234.990078 0.023946 0
8236.650078 0.026858 0
8238.310078 0.023439 0
8239.970078 0.026508 0
8241.630078 0.028225 0
8243.290078 0.026611 0
8244.950078 0.023860 0
8246.610078 0.030619 0
8248.270078 0.024858 0
8249.930078 0.021974 0
8251.590078 0.028407 0
8253.250078 0.023737 0
8254.910078 0.026383 0
8256.570078 0.022745 0
8258.230078 0.024861 0
8259.890078 0.025660 0
8261.550078 0.026426 0
8263.210078 0.027687 0
8264.870078 0.030967 0
8266.530078 0.027020 0
8268.190078 0.024994 0
8269.850078 0.024167 0
8271.510078 0.023382 0
8273.170078 0.025362 0
8274.830078 0.027836 0
8276.490078 0.028891 0
8278.150078 0.030985 0
8279.810078 0.029948 0
8281.470078 0.023551 0
8283.130078 0.023663 0
8284.790078 0.026109 0
8286.450078 0.015606 0
8288.110078 0.028650 0
8289.770078 0.049987 0
8291.430078 0.037219 0
8293.090078 0.014507 0
8294.750078 0.018800 0
8296.410078 0.040736 0
8298.070078 0.027834 0
8299.730078 0.019282 0
8301.390078 0.021515 0
8303.050078 0.022984 0
8304.710078 0.029854 0
8306.370078 0.029405 0
8308.030078 0.020232 0
8309.690078 0.022425 0
8311.350078 0.022326 0
8313.010078 0.022430 0
8314.670078 0.026965 0
8316.330078 0.023732 0
8317.990078 0.021975 0
8319.650078 0.022782 0
8321.310078 0.021008 0
8322.970078 0.021384 0
8324.630078 0.027599 0
8326.290078 0.021129 0
8327.950078 0.026929 0
8329.610078 0.028518 0
8331.270078 0.022960 0
8332.930078 0.025097 0
8334.590078 0.025758 0
8336.250078 0.024842 0
8337.910078 0.026443 0
8339.570078 0.024942 0
8341.230078 0.035367 0
8342.890078 0.020204 0
8344.550078 0.030648 0
8346.210078 0.021689 0
8347.870078 0.024204 0
8349.530078 0.042163 0
8351.190078 0.014176 0
8352.850078 0.015833 0
8354.510078 0.027229 0
8356.170078 0.021015 0
8357.830078 0.022895 0
8359.490078 0.023662 0
8361.150078 0.029232 0
8362.810078 0.032297 0
8364.470078 0.025553 0
8366.130078 0.020732 0
8367.790078 0.028841 0
8369.450078 0.024789 0
8371.110078 0.023715 0
8372.770078 0.026388 0
8374.430078 0.024768 0
8376.090078 0.025804 0
8377.750078 0.022794 0
8379.410078 0.027533 0
8381.070078 0.026361 0
8382.730078 0.031910 0
8384.390078 0.034387 0
8386.050078 0.016483 0
8387.710078 0.027870 0
8389.370078 0.024634 0
8391.030078 0.023426 0
8392.690078 0.024758 0
8394.350078 0.023610 0
8396.010078 0.048577 0
8397.670078 0.025252 0
8399.330078 0.011922 0
8400.990078 0.025343 0
8402.650078 0.016653 0
8404.310078 0.020331 0
8405.970078 0.026410 0
8407.630078 0.025247 0
8409.290078 0.026513 0
8410.950078 0.025484 0
8412.610078 0.018757 0
8414.270078 0.034292 0
8415.930078 0.036636 0
8417.590078 0.023969 0
8419.250078 0.023818 0
8420.910078 0.021436 0
8422.570078 0.029528 0
8424.230078 0.035438 0
8425.890078 0.038235 0
8427.550078 0.037899 0
8429.210078 0.048889 0
8430.870078 0.047435 0
8432.530078 0.002146 0
8434.190078 0.014343 0
8435.850078 0.027004 0
8437.510078 0.023318 0
8439.170078 0.020095 0
8440.830078 0.023546 0
8442.490078 0.024864 0
8444.150078 0.024753 0
8445.810078 0.023573 0
8447.470078 0.024894 0
8449.130078 0.035193 0
8450.790078 0.019195 0
8452.450078 0.015572 0
8454.110078 0.024581 0
8455.770078 0.015129 0
8457.430078 0.024483 0
8459.090078 0.026047 0
8460.750078 0.021659 0
8462.410078 0.031435 0
8464.070078 0.026762 0
8465.730078 0.036067 0
8467.390078 0.038731 0
8469.050078 0.008502 0
8470.710078 0.016616 0
8472.370078 0.019806 0
8474.030078 0.035486 0
8475.690078 0.047991 0
8477.350078 0.063502 0
8479.010078 0.000000 1
8480.670078 0.000000 1
8482.330078 0.000000 1
8483.990078 0.000000 1
8485.650078 0.000000 1
8487.310078 0.000000 1
8488.970078 0.000000 1
8490.630078 0.000000 1
8492.290078 0.000000 1
8493.950078 0.000000 1
8495.610078 0.000000 1
8497.270078 0.000000 1
8498.930078 0.000000 1
