# obs: 255704
# slit: 37
# z: 0.76563
# lines: [OII],H9,H8,K,H,H{delta}
# spec: 481
5120.830000 0.000000 1
5122.490000 0.000000 1
5124.150000 0.000000 1
5125.810000 0.000000 1
5127.470000 0.000000 1
5129.130000 0.000000 1
5130.790000 0.000000 1
5132.450000 0.000000 1
5134.110000 0.000000 1
5135.770000 0.000000 1
5137.430000 0.000000 1
5139.090000 0.000000 1
5140.750000 0.000000 1
5142.410000 0.000000 1
5144.070000 0.000000 1
5145.730000 0.000000 1
5147.390000 0.000000 1
5149.050000 0.000000 1
5150.710000 0.000000 1
5152.370000 0.000000 1
5154.030000 0.000000 1
5155.690000 0.000000 1
5157.350000 0.000000 1
5159.010000 0.000000 1
5160.670000 0.000000 1
5162.330000 0.000000 1
5163.990000 0.000000 1
5165.650000 0.000000 1
5167.310000 0.000000 1
5168.970000 0.000000 1
5170.630000 0.000000 1
5172.290000 0.000000 1
5173.950000 0.000000 1
5175.610000 0.000000 1
5177.270000 0.023314 0
5178.930000 0.012970 0
5180.590000 0.024985 0
5182.250000 0.007847 0
5183.910000 0.015725 0
5185.570000 0.050248 0
5187.230000 0.036278 0
5188.890000 0.033386 0
5190.550000 0.027893 0
5192.210000 0.042191 0
5193.870000 0.038534 0
5195.530000 0.038205 0
5197.190000 0.067945 0
5198.850000 0.001926 0
5200.510000 0.012566 0
5202.170000 0.002931 0
5203.830000 0.050233 0
5205.490000 0.044034 0
5207.150000 0.045506 0
5208.810000 0.000231 0
5210.470000 0.022492 0
5212.130000 0.037644 0
5213.790000 0.026673 0
5215.450000 0.027041 0
5217.110000 0.018644 0
5218.770000 0.011276 0
5220.430000 0.032185 0
5222.090000 0.042031 0
5223.750000 0.027877 0
5225.410000 0.037780 0
5227.070000 0.020898 0
5228.730000 0.033553 0
5230.390000 0.034857 0
5232.050000 0.024925 0
5233.710000 0.022021 0
5235.370000 0.028958 0
5237.030000 0.013017 0
5238.690000 0.012302 0
5240.350000 0.037120 0
5242.010000 0.026974 0
5243.670000 0.009460 0
5245.330000 0.044172 0
5246.990000 0.059794 0
5248.650000 0.027161 0
5250.310000 0.002850 0
5251.970000 0.018191 0
5253.630000 0.041033 0
5255.290000 0.014089 0
5256.950000 0.021035 0
5258.610000 0.033298 0
5260.270000 0.028036 0
5261.930000 0.010901 0
5263.590000 0.000912 0
5265.250000 -0.010942 0
5266.910000 0.006509 0
5268.570000 0.022020 0
5270.230000 0.036865 0
5271.890000 0.013867 0
5273.550000 0.018440 0
5275.210000 0.027711 0
5276.870000 0.037589 0
5278.530000 0.021249 0
5280.190000 0.017438 0
5281.850000 0.032075 0
5283.510000 0.021893 0
5285.170000 0.050854 0
5286.830000 0.038413 0
5288.490000 0.022405 0
5290.150000 0.028109 0
5291.810000 0.021439 0
5293.470000 0.054101 0
5295.130000 0.023192 0
5296.790000 0.047590 0
5298.450000 0.030911 0
5300.110000 0.041504 0
5301.770000 0.011872 0
5303.430000 0.007647 0
5305.090000 0.028749 0
5306.750000 0.015619 0
5308.410000 0.011442 0
5310.070000 0.016472 0
5311.730000 0.003725 0
5313.390000 0.003665 0
5315.050000 0.025280 0
5316.710000 0.039158 0
5318.370000 0.042340 0
5320.030000 0.029664 0
5321.690000 0.031570 0
5323.350000 0.009667 0
5325.010000 0.017112 0
5326.670000 0.025195 0
5328.330000 0.029035 0
5329.990000 0.011820 0
5331.650000 0.021254 0
5333.310000 0.028902 0
5334.970000 0.023022 0
5336.630000 0.002391 0
5338.290000 0.039570 0
5339.950000 0.022747 0
5341.610000 0.011336 0
5343.270000 0.050929 0
5344.930000 0.030981 0
5346.590000 0.024444 0
5348.250000 0.036720 0
5349.910000 0.014697 0
5351.570000 -0.004866 0
5353.230000 0.017532 0
5354.890000 0.026726 0
5356.550000 0.049312 0
5358.210000 0.023946 0
5359.870000 0.006336 0
5361.530000 0.020316 0
5363.190000 0.006965 0
5364.850000 0.013805 0
5366.510000 0.026379 0
5368.170000 0.022210 0
5369.830000 0.034318 0
5371.490000 0.038298 0
5373.150000 0.024581 0
5374.810000 0.003951 0
5376.470000 0.013310 0
5378.130000 0.019270 0
5379.790000 0.054556 0
5381.450000 0.025749 0
5383.110000 0.019472 0
5384.770000 0.007225 0
5386.430000 0.018353 0
5388.090000 0.032879 0
5389.750000 0.010083 0
5391.410000 0.022857 0
5393.070000 0.012031 0
5394.730000 0.026606 0
5396.390000 0.034964 0
5398.050000 0.008823 0
5399.710000 0.014341 0
5401.370000 0.021281 0
5403.030000 -0.000930 0
5404.690000 0.019940 0
5406.350000 0.026326 0
5408.010000 0.037566 0
5409.670000 0.042255 0
5411.330000 0.038039 0
5412.990000 0.016136 0
5414.650000 0.021275 0
5416.310000 0.023011 0
5417.970000 0.029572 0
5419.630000 0.011658 0
5421.290000 0.041641 0
5422.950000 0.028795 0
5424.610000 0.024864 0
5426.270000 0.036131 0
5427.930000 0.060640 0
5429.590000 0.053048 0
5431.250000 0.032492 0
5432.910000 0.012129 0
5434.570000 0.019244 0
5436.230000 0.024177 0
5437.890000 0.024193 0
5439.550000 0.018289 0
5441.210000 0.033583 0
5442.870000 0.035335 0
5444.530000 0.011126 0
5446.190000 0.036008 0
5447.850000 0.052076 0
5449.510000 0.035278 0
5451.170000 0.025854 0
5452.830000 0.007341 0
5454.490000 0.024292 0
5456.150000 0.030116 0
5457.810000 0.032727 0
5459.470000 0.018601 0
5461.130000 0.013971 0
5462.790000 0.033497 0
5464.450000 0.032221 0
5466.110000 0.008924 0
5467.770000 0.029708 0
5469.430000 0.028363 0
5471.090000 0.003193 0
5472.750000 0.023508 0
5474.410000 0.050628 0
5476.070000 0.032811 0
5477.730000 0.026752 0
5479.390000 0.034571 0
5481.050000 0.038601 0
5482.710000 0.045291 0
5484.370000 0.032377 0
5486.030000 0.019000 0
5487.690000 0.015783 0
5489.350000 0.010182 0
5491.010000 0.029830 0
5492.670000 0.035214 0
5494.330000 0.018232 0
5495.990000 0.025740 0
5497.650000 0.032504 0
5499.310000 0.029343 0
5500.970000 0.026263 0
5502.630000 0.019015 0
5504.290000 0.015804 0
5505.950000 0.041374 0
5507.610000 0.041557 0
5509.270000 0.019571 0
5510.930000 0.017238 0
5512.590000 0.037940 0
5514.250000 0.035820 0
5515.910000 0.019287 0
5517.570000 0.030996 0
5519.230000 0.036439 0
5520.890000 0.038172 0
5522.550000 0.036077 0
5524.210000 0.021583 0
5525.870000 0.026987 0
5527.530000 0.029287 0
5529.190000 0.046998 0
5530.850000 0.053304 0
5532.510000 0.041093 0
5534.170000 0.044407 0
5535.830000 0.043002 0
5537.490000 0.060150 0
5539.150000 0.047998 0
5540.810000 0.048438 0
5542.470000 0.056170 0
5544.130000 0.028032 0
5545.790000 0.024962 0
5547.450000 0.022739 0
5549.110000 0.025744 0
5550.770000 0.029947 0
5552.430000 0.033786 0
5554.090000 -0.001517 0
5555.750000 0.013133 0
5557.410000 0.050828 0
5559.070000 0.043603 0
5560.730000 0.012983 0
5562.390000 0.005058 0
5564.050000 0.043406 0
5565.710000 0.041625 0
5567.370000 0.049067 0
5569.030000 0.003957 0
5570.690000 0.026324 0
5572.350000 -0.019863 1
5574.010000 0.067759 1
5575.670000 -0.199353 1
5577.330000 -0.023531 1
5578.990000 0.191467 1
5580.650000 -0.084035 1
5582.310000 0.129687 1
5583.970000 0.045464 1
5585.630000 0.021121 0
5587.290000 0.007201 0
5588.950000 0.020686 0
5590.610000 0.021583 0
5592.270000 0.018589 0
5593.930000 0.040198 0
5595.590000 0.023557 0
5597.250000 0.017175 0
5598.910000 0.020762 0
5600.570000 0.076535 0
5602.230000 0.053402 0
5603.890000 0.033017 0
5605.550000 0.065297 0
5607.210000 0.047841 0
5608.870000 0.024256 0
5610.530000 0.031906 0
5612.190000 0.033748 0
5613.850000 0.029904 0
5615.510000 0.051602 0
5617.170000 0.036418 0
5618.830000 0.045543 0
5620.490000 0.025426 0
5622.150000 0.030705 0
5623.810000 0.026863 0
5625.470000 0.003393 0
5627.130000 0.046720 0
5628.790000 0.042314 0
5630.450000 0.034815 0
5632.110000 0.052885 0
5633.770000 0.030904 0
5635.430000 -0.000755 0
5637.090000 0.017994 0
5638.750000 0.044925 0
5640.410000 0.000997 0
5642.070000 0.035154 0
5643.730000 0.028746 0
5645.390000 -0.003939 0
5647.050000 0.024375 0
5648.710000 0.040436 0
5650.370000 0.036634 0
5652.030000 0.057335 0
5653.690000 0.037054 0
5655.350000 0.007878 0
5657.010000 0.030090 0
5658.670000 0.046726 0
5660.330000 0.032552 0
5661.990000 0.034765 0
5663.650000 0.047387 0
5665.310000 0.042550 0
5666.970000 0.026539 0
5668.630000 0.049076 0
5670.290000 0.055491 0
5671.950000 0.029090 0
5673.610000 0.021664 0
5675.270000 0.015405 0
5676.930000 0.032062 0
5678.590000 0.032776 0
5680.250000 0.032110 0
5681.910000 0.030848 0
5683.570000 0.014929 0
5685.230000 0.022433 0
5686.890000 0.017215 0
5688.550000 0.029869 0
5690.210000 0.021910 0
5691.870000 0.019247 0
5693.530000 0.062001 0
5695.190000 0.039290 0
5696.850000 0.035999 0
5698.510000 0.033299 0
5700.170000 0.035091 0
5701.830000 0.046367 0
5703.490000 0.027657 0
5705.150000 0.027483 0
5706.810000 0.029758 0
5708.470000 0.020860 0
5710.130000 0.030858 0
5711.790000 0.039659 0
5713.450000 0.052884 0
5715.110000 0.025772 0
5716.770000 0.008650 0
5718.430000 0.035560 0
5720.090000 0.040895 0
5721.750000 0.033959 0
5723.410000 0.028457 0
5725.070000 0.055128 0
5726.730000 0.037894 0
5728.390000 0.025677 0
5730.050000 0.039272 0
5731.710000 0.035549 0
5733.370000 0.049208 0
5735.030000 0.046302 0
5736.690000 0.035812 0
5738.350000 0.026590 0
5740.010000 0.028278 0
5741.670000 0.028373 0
5743.330000 0.058599 0
5744.990000 0.033289 0
5746.650000 0.044947 0
5748.310000 0.039824 0
5749.970000 0.036343 0
5751.630000 0.045851 0
5753.290000 0.034595 0
5754.950000 0.042301 0
5756.610000 0.044984 0
5758.270000 0.017001 0
5759.930000 0.010514 0
5761.590000 0.033012 0
5763.250000 0.036884 0
5764.910000 0.042956 0
5766.570000 0.049849 0
5768.230000 0.023036 0
5769.890000 0.008141 0
5771.550000 0.054894 0
5773.210000 0.032919 0
5774.870000 0.028699 0
5776.530000 0.052398 0
5778.190000 0.050675 0
5779.850000 0.036791 0
5781.510000 0.027584 0
5783.170000 0.054990 0
5784.830000 0.054564 0
5786.490000 0.034014 0
5788.150000 0.037066 0
5789.810000 0.032256 0
5791.470000 0.019159 0
5793.130000 0.035537 0
5794.790000 0.052563 0
5796.450000 0.024324 0
5798.110000 0.030855 0
5799.770000 0.023691 0
5801.430000 0.034070 0
5803.090000 0.034895 0
5804.750000 0.039035 0
5806.410000 0.041707 0
5808.070000 0.022493 0
5809.730000 0.022914 0
5811.390000 0.035736 0
5813.050000 0.035678 0
5814.710000 0.038883 0
5816.370000 0.049313 0
5818.030000 0.057332 0
5819.690000 0.041139 0
5821.350000 0.045125 0
5823.010000 0.015797 0
5824.670000 0.033007 0
5826.330000 0.036768 0
5827.990000 0.040083 0
5829.650000 0.031109 0
5831.310000 0.045493 0
5832.970000 0.038616 0
5834.630000 0.039302 0
5836.290000 0.053266 0
5837.950000 0.033348 0
5839.610000 0.043887 0
5841.270000 0.042978 0
5842.930000 0.052616 0
5844.590000 0.052076 0
5846.250000 0.041689 0
5847.910000 0.048862 0
5849.570000 0.027209 0
5851.230000 0.019062 0
5852.890000 0.017305 0
5854.550000 0.033530 0
5856.210000 0.015750 0
5857.870000 0.000320 0
5859.530000 0.016128 0
5861.190000 0.032351 0
5862.850000 0.038042 0
5864.510000 0.030120 0
5866.170000 0.047580 0
5867.830000 0.035786 0
5869.490000 0.034717 0
5871.150000 0.051920 0
5872.810000 0.028179 0
5874.470000 0.036848 0
5876.130000 0.050727 0
5877.790000 0.036139 0
5879.450000 0.050620 0
5881.110000 0.030426 0
5882.770000 0.026938 0
5884.430000 0.032851 0
5886.090000 -0.003651 0
5887.750000 0.049370 0
5889.410000 0.030505 0
5891.070000 0.048582 0
5892.730000 0.010042 0
5894.390000 0.017117 0
5896.050000 0.049907 0
5897.710000 0.054964 0
5899.370000 0.022692 0
5901.030000 0.041176 0
5902.690000 0.035733 0
5904.350000 0.028891 0
5906.010000 0.011560 0
5907.670000 0.038088 0
5909.330000 0.052602 0
5910.990000 0.020908 0
5912.650000 0.006188 0
5914.310000 0.043607 0
5915.970000 0.020200 0
5917.630000 0.036163 0
5919.290000 0.042063 0
5920.950000 0.037020 0
5922.610000 0.034622 0
5924.270000 0.030635 0
5925.930000 0.020394 0
5927.590000 0.052998 0
5929.250000 0.024852 0
5930.910000 0.023676 0
5932.570000 0.023703 0
5934.230000 0.012314 0
5935.890000 0.029605 0
5937.550000 0.026823 0
5939.210000 0.039098 0
5940.870000 0.037735 0
5942.530000 0.021344 0
5944.190000 0.023006 0
5945.850000 0.012400 0
5947.510000 0.045319 0
5949.170000 0.051210 0
5950.830000 0.008053 0
5952.490000 0.014946 0
5954.150000 0.053117 0
5955.810000 0.007046 0
5957.470000 0.027555 0
5959.130000 0.040560 0
5960.790000 0.023030 0
5962.450000 0.036025 0
5964.110000 0.040982 0
5965.770000 0.034377 0
5967.430000 0.028244 0
5969.090000 0.033414 0
5970.750000 0.049084 0
5972.410000 0.041256 0
5974.070000 0.025100 0
5975.730000 0.035414 0
5977.390000 0.023199 0
5979.050000 0.026207 0
5980.710000 0.028727 0
5982.370000 0.035006 0
5984.030000 0.051957 0
5985.690000 0.028550 0
5987.350000 0.033878 0
5989.010000 0.047367 0
5990.670000 0.033098 0
5992.330000 0.024646 0
5993.990000 0.026456 0
5995.650000 0.033989 0
5997.310000 0.029457 0
5998.970000 0.036462 0
6000.630000 0.048705 0
6002.290000 0.051395 0
6003.950000 0.042986 0
6005.610000 0.057618 0
6007.270000 0.049162 0
6008.930000 0.037807 0
6010.590000 0.020172 0
6012.250000 0.035512 0
6013.910000 0.042735 0
6015.570000 0.025134 0
6017.230000 0.022493 0
6018.890000 0.045867 0
6020.550000 0.042448 0
6022.210000 0.042516 0
6023.870000 0.022353 0
6025.530000 0.032576 0
6027.190000 0.042873 0
6028.850000 0.052515 0
6030.510000 0.040712 0
6032.170000 0.049402 0
6033.830000 0.046651 0
6035.490000 0.035399 0
6037.150000 0.026165 0
6038.810000 0.043481 0
6040.470000 0.058918 0
6042.130000 0.034125 0
6043.790000 0.039937 0
6045.450000 0.035398 0
6047.110000 0.034033 0
6048.770000 0.040565 0
6050.430000 0.037154 0
6052.090000 0.043431 0
6053.750000 0.060226 0
6055.410000 0.047804 0
6057.070000 0.041946 0
6058.730000 0.046615 0
6060.390000 0.057715 0
6062.050000 0.054896 0
6063.710000 0.047597 0
6065.370000 0.023733 0
6067.030000 0.028877 0
6068.690000 0.032320 0
6070.350000 0.026595 0
6072.010000 0.029967 0
6073.670000 0.028196 0
6075.330000 0.023479 0
6076.990000 0.028205 0
6078.650000 0.035749 0
6080.310000 0.031851 0
6081.970000 0.024012 0
6083.630000 0.037832 0
6085.290000 0.025155 0
6086.950000 0.024150 0
6088.610000 0.033798 0
6090.270000 0.044853 0
6091.930000 0.035587 0
6093.590000 0.032969 0
6095.250000 0.051896 0
6096.910000 0.040340 0
6098.570000 0.038190 0
6100.230000 0.032949 0
6101.890000 0.018596 0
6103.550000 0.051126 0
6105.210000 0.040341 0
6106.870000 0.022989 0
6108.530000 0.041569 0
6110.190000 0.038735 0
6111.850000 0.031425 0
6113.510000 0.037600 0
6115.170000 0.036341 0
6116.830000 0.031333 0
6118.490000 0.043186 0
6120.150000 0.031122 0
6121.810000 0.039451 0
6123.470000 0.032419 0
6125.130000 0.040784 0
6126.790000 0.050007 0
6128.450000 0.051277 0
6130.110000 0.036142 0
6131.770000 0.034035 0
6133.430000 0.035789 0
6135.090000 0.029324 0
6136.750000 0.034268 0
6138.410000 0.040750 0
6140.070000 0.037664 0
6141.730000 0.030342 0
6143.390000 0.037149 0
6145.050000 0.048812 0
6146.710000 0.049473 0
6148.370000 0.050772 0
6150.030000 0.037537 0
6151.690000 0.032037 0
6153.350000 0.049678 0
6155.010000 0.027814 0
6156.670000 0.057614 0
6158.330000 0.020606 0
6159.990000 0.021692 0
6161.650000 0.031504 0
6163.310000 0.033730 0
6164.970000 0.036631 0
6166.630000 0.052195 0
6168.290000 0.037389 0
6169.950000 0.041249 0
6171.610000 0.026493 0
6173.270000 0.037546 0
6174.930000 0.038950 0
6176.590000 0.039541 0
6178.250000 0.037824 0
6179.910000 0.042614 0
6181.570000 0.047214 0
6183.230000 0.034949 0
6184.890000 0.028375 0
6186.550000 0.040179 0
6188.210000 0.041666 0
6189.870000 0.037994 0
6191.530000 0.035976 0
6193.190000 0.050245 0
6194.850000 0.060616 0
6196.510000 0.031470 0
6198.170000 0.037805 0
6199.830000 0.039535 0
6201.490000 0.036120 0
6203.150000 0.042935 0
6204.810000 0.026077 0
6206.470000 0.030445 0
6208.130000 0.039335 0
6209.790000 0.055965 0
6211.450000 0.035327 0
6213.110000 0.044836 0
6214.770000 0.046080 0
6216.430000 0.039973 0
6218.090000 0.051849 0
6219.750000 0.035395 0
6221.410000 0.034873 0
6223.070000 0.029918 0
6224.730000 0.030579 0
6226.390000 0.021129 0
6228.050000 0.030276 0
6229.710000 0.047045 0
6231.370000 0.023912 0
6233.030000 0.032951 0
6234.690000 0.045790 0
6236.350000 0.041167 0
6238.010000 0.056707 0
6239.670000 0.026924 0
6241.330000 0.035665 0
6242.990000 0.041096 0
6244.650000 0.031683 0
6246.310000 0.051506 0
6247.970000 0.034447 0
6249.630000 0.032559 0
6251.290000 0.037308 0
6252.950000 0.030444 0
6254.610000 0.031796 0
6256.270000 0.030885 0
6257.930000 0.031515 0
6259.590000 0.038317 0
6261.250000 0.052397 0
6262.910000 0.038690 0
6264.570000 0.053676 0
6266.230000 0.061397 0
6267.890000 0.046623 0
6269.550000 0.028774 0
6271.210000 0.015113 0
6272.870000 0.049971 0
6274.530000 0.056850 0
6276.190000 0.041306 0
6277.850000 0.034346 0
6279.510000 0.027037 0
6281.170000 0.033445 0
6282.830000 0.037828 0
6284.490000 0.037474 0
6286.150000 -0.001357 0
6287.810000 0.029597 0
6289.470000 0.046202 0
6291.130000 0.034013 1
6292.790000 0.025454 1
6294.450000 0.037163 1
6296.110000 -0.042747 1
6297.770000 -0.155090 1
6299.430000 -0.010225 1
6301.090000 -0.020199 1
6302.750000 0.410910 1
6304.410000 0.073163 1
6306.070000 0.034154 1
6307.730000 0.039818 1
6309.390000 0.042080 1
6311.050000 0.041486 1
6312.710000 0.021962 0
6314.370000 0.038158 0
6316.030000 0.037075 0
6317.690000 0.041780 0
6319.350000 0.039598 0
6321.010000 0.038879 0
6322.670000 0.036765 0
6324.330000 0.040413 0
6325.990000 0.023797 0
6327.650000 0.022818 0
6329.310000 0.033943 0
6330.970000 0.027734 0
6332.630000 0.027207 0
6334.290000 0.030574 0
6335.950000 0.028286 0
6337.610000 0.041244 0
6339.270000 0.057974 0
6340.930000 0.043288 0
6342.590000 0.049126 0
6344.250000 0.028066 0
6345.910000 0.033961 0
6347.570000 0.052406 0
6349.230000 0.046315 0
6350.890000 0.036444 0
6352.550000 0.042358 0
6354.210000 0.046734 0
6355.870000 0.039107 0
6357.530000 0.046673 1
6359.190000 0.021989 1
6360.850000 0.014651 1
6362.510000 -0.006826 1
6364.170000 0.011291 1
6365.830000 0.109091 1
6367.490000 0.108864 1
6369.150000 0.045837 1
6370.810000 0.038742 0
6372.470000 0.034584 0
6374.130000 0.049780 0
6375.790000 0.024315 0
6377.450000 0.017335 0
6379.110000 0.037938 0
6380.770000 0.057563 0
6382.430000 0.037268 0
6384.090000 0.019331 0
6385.750000 0.038568 0
6387.410000 0.041335 0
6389.070000 0.035272 0
6390.730000 0.046717 0
6392.390000 0.037018 0
6394.050000 0.061918 0
6395.710000 0.035909 0
6397.370000 0.024593 0
6399.030000 0.029285 0
6400.690000 0.036982 0
6402.350000 0.037233 0
6404.010000 0.039921 0
6405.670000 0.043680 0
6407.330000 0.059157 0
6408.990000 0.045886 0
6410.650000 0.043531 0
6412.310000 0.047531 0
6413.970000 0.041138 0
6415.630000 0.048185 0
6417.290000 0.030852 0
6418.950000 0.036231 0
6420.610000 0.047627 0
6422.270000 0.033155 0
6423.930000 0.032311 0
6425.590000 0.038653 0
6427.250000 0.052431 0
6428.910000 0.045613 0
6430.570000 0.024726 0
6432.230000 0.028764 0
6433.890000 0.040650 0
6435.550000 0.050142 0
6437.210000 0.050660 0
6438.870000 0.046132 0
6440.530000 0.052640 0
6442.190000 0.028841 0
6443.850000 0.048253 0
6445.510000 0.052883 0
6447.170000 0.035718 0
6448.830000 0.032301 0
6450.490000 0.056052 0
6452.150000 0.048882 0
6453.810000 0.045925 0
6455.470000 0.034589 0
6457.130000 0.050127 0
6458.790000 0.055563 0
6460.450000 0.048830 0
6462.110000 0.037125 0
6463.770000 0.053231 0
6465.430000 0.042261 0
6467.090000 0.052578 0
6468.750000 0.079335 0
6470.410000 0.043303 0
6472.070000 0.031867 0
6473.730000 0.043888 0
6475.390000 0.035551 0
6477.050000 0.038767 0
6478.710000 0.034361 0
6480.370000 0.050868 0
6482.030000 0.041883 0
6483.690000 0.050172 0
6485.350000 0.045512 0
6487.010000 0.045586 0
6488.670000 0.047899 0
6490.330000 0.048100 0
6491.990000 0.034058 0
6493.650000 0.035486 0
6495.310000 0.024597 0
6496.970000 0.047120 0
6498.630000 0.054404 0
6500.290000 0.047247 0
6501.950000 0.059122 0
6503.610000 0.048438 0
6505.270000 0.044897 0
6506.930000 0.040599 0
6508.590000 0.032155 0
6510.250000 0.042102 0
6511.910000 0.038983 0
6513.570000 0.022400 0
6515.230000 0.038657 0
6516.890000 0.054692 0
6518.550000 0.036830 0
6520.210000 0.021270 0
6521.870000 0.043371 0
6523.530000 0.047506 0
6525.190000 0.047085 0
6526.850000 0.058264 0
6528.510000 0.047362 0
6530.170000 0.041603 0
6531.830000 0.043571 0
6533.490000 0.050886 0
6535.150000 0.046050 0
6536.810000 0.062788 0
6538.470000 0.053294 0
6540.130000 0.035636 0
6541.790000 0.042011 0
6543.450000 0.060799 0
6545.110000 0.057808 0
6546.770000 0.046546 0
6548.430000 0.048786 0
6550.090000 0.049092 0
6551.750000 0.048735 0
6553.410000 0.050022 0
6555.070000 0.064604 0
6556.730000 0.053006 0
6558.390000 0.046952 0
6560.050000 0.049148 0
6561.710000 0.044544 0
6563.370000 0.035913 0
6565.030000 0.043755 0
6566.690000 0.044964 0
6568.350000 0.043420 0
6570.010000 0.039937 0
6571.670000 0.038307 0
6573.330000 0.055641 0
6574.990000 0.059947 0
6576.650000 0.048153 0
6578.310000 0.064637 0
6579.970000 0.086894 0
6581.630000 0.081680 0
6583.290000 0.077148 0
6584.950000 0.058051 0
6586.610000 0.061299 0
6588.270000 0.058201 0
6589.930000 0.051505 0
6591.590000 0.038995 0
6593.250000 0.038214 0
6594.910000 0.029037 0
6596.570000 0.046301 0
6598.230000 0.035733 0
6599.890000 0.033663 0
6601.550000 0.041899 0
6603.210000 0.047126 0
6604.870000 0.047227 0
6606.530000 0.042963 0
6608.190000 0.038207 0
6609.850000 0.036797 0
6611.510000 0.030568 0
6613.170000 0.047077 0
6614.830000 0.047797 0
6616.490000 0.040835 0
6618.150000 0.035659 0
6619.810000 0.046163 0
6621.470000 0.053417 0
6623.130000 0.047163 0
6624.790000 0.033236 0
6626.450000 0.043902 0
6628.110000 0.050138 0
6629.770000 0.039417 0
6631.430000 0.039050 0
6633.090000 0.040941 0
6634.750000 0.069472 0
6636.410000 0.053213 0
6638.070000 0.049789 0
6639.730000 0.048289 0
6641.390000 0.042979 0
6643.050000 0.046687 0
6644.710000 0.046792 0
6646.370000 0.055763 0
6648.030000 0.049506 0
6649.690000 0.044291 0
6651.350000 0.045782 0
6653.010000 0.043202 0
6654.670000 0.034721 0
6656.330000 0.045313 0
6657.990000 0.051991 0
6659.650000 0.038234 0
6661.310000 0.052435 0
6662.970000 0.044749 0
6664.630000 0.038395 0
6666.290000 0.060465 0
6667.950000 0.050017 0
6669.610000 0.050062 0
6671.270000 0.048580 0
6672.930000 0.049528 0
6674.590000 0.068121 0
6676.250000 0.064326 0
6677.910000 0.065033 0
6679.570000 0.057069 0
6681.230000 0.051377 0
6682.890000 0.055714 0
6684.550000 0.059972 0
6686.210000 0.053545 0
6687.870000 0.064789 0
6689.530000 0.052850 0
6691.190000 0.054792 0
6692.850000 0.048389 0
6694.510000 0.056476 0
6696.170000 0.047793 0
6697.830000 0.033798 0
6699.490000 0.045064 0
6701.150000 0.047031 0
6702.810000 0.023598 0
6704.470000 0.039157 0
6706.130000 0.039638 0
6707.790000 0.042598 0
6709.450000 0.053845 0
6711.110000 0.047918 0
6712.770000 0.038652 0
6714.430000 0.060027 0
6716.090000 0.048289 0
6717.750000 0.041083 0
6719.410000 0.058776 0
6721.070000 0.045165 0
6722.730000 0.048439 0
6724.390000 0.058864 0
6726.050000 0.054276 0
6727.710000 0.052305 0
6729.370000 0.062589 0
6731.030000 0.054799 0
6732.690000 0.043580 0
6734.350000 0.054978 0
6736.010000 0.050586 0
6737.670000 0.043886 0
6739.330000 0.046319 0
6740.990000 0.045359 0
6742.650000 0.035287 0
6744.310000 0.038439 0
6745.970000 0.050088 0
6747.630000 0.037000 0
6749.290000 0.039740 0
6750.950000 0.055675 0
6752.610000 0.040534 0
6754.270000 0.043408 0
6755.930000 0.059450 0
6757.590000 0.044274 0
6759.250000 0.034967 0
6760.910000 0.045350 0
6762.570000 0.032820 0
6764.230000 0.029772 0
6765.890000 0.036759 0
6767.550000 0.032378 0
6769.210000 0.033980 0
6770.870000 0.033226 0
6772.530000 0.031881 0
6774.190000 0.041197 0
6775.850000 0.037774 0
6777.510000 0.030747 0
6779.170000 0.030559 0
6780.830000 0.052709 0
6782.490000 0.041305 0
6784.150000 0.037150 0
6785.810000 0.055068 0
6787.470000 0.045570 0
6789.130000 0.042057 0
6790.790000 0.045362 0
6792.450000 0.042983 0
6794.110000 0.052964 0
6795.770000 0.055927 0
6797.430000 0.048588 0
6799.090000 0.046225 0
6800.750000 0.052167 0
6802.410000 0.043839 0
6804.070000 0.057075 0
6805.730000 0.049771 0
6807.390000 0.048451 0
6809.050000 0.063228 0
6810.710000 0.047648 0
6812.370000 0.056222 0
6814.030000 0.057971 0
6815.690000 0.051933 0
6817.350000 0.080697 0
6819.010000 0.050018 0
6820.670000 0.057584 0
6822.330000 0.054388 0
6823.990000 0.068208 0
6825.650000 0.038537 0
6827.310000 0.048527 0
6828.970000 0.053014 0
6830.630000 0.045557 0
6832.290000 0.054292 0
6833.950000 0.041253 0
6835.610000 0.062645 0
6837.270000 0.064726 0
6838.930000 0.042230 0
6840.590000 0.044747 0
6842.250000 0.049148 0
6843.910000 0.057602 0
6845.570000 0.064176 0
6847.230000 0.050554 0
6848.890000 0.056794 0
6850.550000 0.044673 0
6852.210000 0.055120 0
6853.870000 0.047352 0
6855.530000 0.044322 0
6857.190000 0.041651 0
6858.850000 0.061789 0
6860.510000 0.030914 0
6862.170000 0.029163 0
6863.830000 0.042158 0
6865.490000 0.047607 0
6867.150000 0.038513 0
6868.810000 0.043072 0
6870.470000 0.049130 0
6872.130000 0.029585 0
6873.790000 0.026112 0
6875.450000 0.035142 0
6877.110000 0.042025 0
6878.770000 0.048220 0
6880.430000 0.053598 0
6882.090000 0.061341 0
6883.750000 0.045860 0
6885.410000 0.050249 0
6887.070000 0.059159 0
6888.730000 0.054564 0
6890.390000 0.058003 0
6892.050000 0.044276 0
6893.710000 0.043306 0
6895.370000 0.038912 0
6897.030000 0.048842 0
6898.690000 0.055590 0
6900.350000 0.065559 0
6902.010000 0.056136 0
6903.670000 0.056963 0
6905.330000 0.050966 0
6906.990000 0.051430 0
6908.650000 0.061740 0
6910.310000 0.061031 0
6911.970000 0.070764 0
6913.630000 0.058764 0
6915.290000 0.070832 0
6916.950000 0.060742 0
6918.610000 0.064036 0
6920.270000 0.054822 0
6921.930000 0.060808 0
6923.590000 0.062376 0
6925.250000 0.060178 0
6926.910000 0.071408 0
6928.570000 0.057462 0
6930.230000 0.056425 0
6931.890000 0.048491 0
6933.550000 0.044385 0
6935.210000 0.044549 0
6936.870000 0.048094 0
6938.530000 0.030557 0
6940.190000 0.032743 0
6941.850000 0.027575 0
6943.510000 0.034039 0
6945.170000 0.027913 0
6946.830000 0.004243 0
6948.490000 0.042378 0
6950.150000 0.040293 0
6951.810000 0.028380 0
6953.470000 0.066688 0
6955.130000 0.035988 0
6956.790000 0.037193 0
6958.450000 0.054121 0
6960.110000 0.047455 0
6961.770000 0.055456 0
6963.430000 0.051049 0
6965.090000 0.048845 0
6966.750000 0.049183 0
6968.410000 0.062075 0
6970.070000 0.055790 0
6971.730000 0.065068 0
6973.390000 0.062597 0
6975.050000 0.052419 0
6976.710000 0.053879 0
6978.370000 0.061644 0
6980.030000 0.067217 0
6981.690000 0.061849 0
6983.350000 0.057949 0
6985.010000 0.056012 0
6986.670000 0.069291 0
6988.330000 0.051498 0
6989.990000 0.060748 0
6991.650000 0.055468 0
6993.310000 0.053593 0
6994.970000 0.055530 0
6996.630000 0.035657 0
6998.290000 0.036156 0
6999.950000 0.047114 0
7001.610000 0.028936 0
7003.270000 0.031383 0
7004.930000 0.031675 0
7006.590000 0.035929 0
7008.250000 0.017556 0
7009.910000 0.027609 0
7011.570000 0.047588 0
7013.230000 0.040678 0
7014.890000 0.025313 0
7016.550000 0.044131 0
7018.210000 0.039077 0
7019.870000 0.043259 0
7021.530000 0.056849 0
7023.190000 0.054722 0
7024.850000 0.053459 0
7026.510000 0.039576 0
7028.170000 0.064482 0
7029.830000 0.054322 0
7031.490000 0.059849 0
7033.150000 0.069387 0
7034.810000 0.065960 0
7036.470000 0.054831 0
7038.130000 0.061944 0
7039.790000 0.058737 0
7041.450000 0.069286 0
7043.110000 0.077942 0
7044.770000 0.055894 0
7046.430000 0.056513 0
7048.090000 0.066771 0
7049.750000 0.061333 0
7051.410000 0.070077 0
7053.070000 0.074810 0
7054.730000 0.076123 0
7056.390000 0.073549 0
7058.050000 0.061777 0
7059.710000 0.065516 0
7061.370000 0.059669 0
7063.030000 0.060846 0
7064.690000 0.058944 0
7066.350000 0.062534 0
7068.010000 0.066194 0
7069.670000 0.067923 0
7071.330000 0.067675 0
7072.990000 0.069726 0
7074.650000 0.062104 0
7076.310000 0.052456 0
7077.970000 0.059451 0
7079.630000 0.070260 0
7081.290000 0.068920 0
7082.950000 0.071109 0
7084.610000 0.071608 0
7086.270000 0.065482 0
7087.930000 0.070925 0
7089.590000 0.069434 0
7091.250000 0.075915 0
7092.910000 0.075008 0
7094.570000 0.083096 0
7096.230000 0.095746 0
7097.890000 0.077900 0
7099.550000 0.084564 0
7101.210000 0.071514 0
7102.870000 0.071225 0
7104.530000 0.070669 0
7106.190000 0.061222 0
7107.850000 0.060102 0
7109.510000 0.072699 0
7111.170000 0.080962 0
7112.830000 0.067984 0
7114.490000 0.061716 0
7116.150000 0.079385 0
7117.810000 0.078795 0
7119.470000 0.067010 0
7121.130000 0.062929 0
7122.790000 0.071695 0
7124.450000 0.067758 0
7126.110000 0.074212 0
7127.770000 0.071462 0
7129.430000 0.069302 0
7131.090000 0.073334 0
7132.750000 0.068108 0
7134.410000 0.073587 0
7136.070000 0.075870 0
7137.730000 0.084075 0
7139.390000 0.075424 0
7141.050000 0.057548 0
7142.710000 0.071029 0
7144.370000 0.072774 0
7146.030000 0.073923 0
7147.690000 0.061480 0
7149.350000 0.067501 0
7151.010000 0.074054 0
7152.670000 0.074610 0
7154.330000 0.080298 0
7155.990000 0.065571 0
7157.650000 0.072455 0
7159.310000 0.067130 0
7160.970000 0.076684 0
7162.630000 0.077276 0
7164.290000 0.073718 0
7165.950000 0.066838 0
7167.610000 0.052741 0
7169.270000 0.073151 0
7170.930000 0.070129 0
7172.590000 0.048430 0
7174.250000 0.073401 0
7175.910000 0.064533 0
7177.570000 0.073021 0
7179.230000 0.063050 0
7180.890000 0.069293 0
7182.550000 0.052788 0
7184.210000 0.068380 0
7185.870000 0.060278 0
7187.530000 0.061119 0
7189.190000 0.058822 0
7190.850000 0.069238 0
7192.510000 0.063148 0
7194.170000 0.077484 0
7195.830000 0.074901 0
7197.490000 0.066946 0
7199.150000 0.059059 0
7200.810000 0.065773 0
7202.470000 0.061747 0
7204.130000 0.050023 0
7205.790000 0.071086 0
7207.450000 0.054712 0
7209.110000 0.059880 0
7210.770000 0.067920 0
7212.430000 0.059431 0
7214.090000 0.079332 0
7215.750000 0.075019 0
7217.410000 0.068587 0
7219.070000 0.070076 0
7220.730000 0.070081 0
7222.390000 0.079137 0
7224.050000 0.067052 0
7225.710000 0.066254 0
7227.370000 0.059418 0
7229.030000 0.068721 0
7230.690000 0.053117 0
7232.350000 0.060288 0
7234.010000 0.060020 0
7235.670000 0.060291 0
7237.330000 0.040958 0
7238.990000 0.041706 0
7240.650000 0.040742 0
7242.310000 0.035513 0
7243.970000 0.042867 0
7245.630000 0.047820 0
7247.290000 0.054987 0
7248.950000 0.040674 0
7250.610000 0.055705 0
7252.270000 0.048985 0
7253.930000 0.051827 0
7255.590000 0.060135 0
7257.250000 0.046177 0
7258.910000 0.081253 0
7260.570000 0.059653 0
7262.230000 0.049731 0
7263.890000 0.069264 0
7265.550000 0.060811 0
7267.210000 0.054942 0
7268.870000 0.054618 0
7270.530000 0.064064 0
7272.190000 0.074843 0
7273.850000 0.048098 0
7275.510000 0.067451 0
7277.170000 0.064906 0
7278.830000 0.069578 0
7280.490000 0.072373 0
7282.150000 0.052785 0
7283.810000 0.071710 0
7285.470000 0.089764 0
7287.130000 0.077191 0
7288.790000 0.068215 0
7290.450000 0.063997 0
7292.110000 0.054444 0
7293.770000 0.059049 0
7295.430000 0.067626 0
7297.090000 0.060627 0
7298.750000 0.062654 0
7300.410000 0.076476 0
7302.070000 0.067176 0
7303.730000 0.075579 0
7305.390000 0.082560 0
7307.050000 0.084882 0
7308.710000 0.070874 0
7310.370000 0.062000 0
7312.030000 0.061727 0
7313.690000 0.056196 0
7315.350000 0.069563 0
7317.010000 0.075555 0
7318.670000 0.062190 0
7320.330000 0.068357 0
7321.990000 0.066107 0
7323.650000 0.068699 0
7325.310000 0.066876 0
7326.970000 0.055253 0
7328.630000 0.070757 0
7330.290000 0.069176 0
7331.950000 0.060003 0
7333.610000 0.068014 0
7335.270000 0.076627 0
7336.930000 0.077982 0
7338.590000 0.029303 0
7340.250000 0.078317 0
7341.910000 0.063097 0
7343.570000 0.072040 0
7345.230000 0.089968 0
7346.890000 0.081853 0
7348.550000 0.071728 0
7350.210000 0.075356 0
7351.870000 0.074315 0
7353.530000 0.067091 0
7355.190000 0.063417 0
7356.850000 0.068069 0
7358.510000 0.069174 0
7360.170000 0.074132 0
7361.830000 0.077670 0
7363.490000 0.060275 0
7365.150000 0.038521 0
7366.810000 0.019274 0
7368.470000 0.059108 0
7370.130000 0.044253 0
7371.790000 0.073058 0
7373.450000 0.077294 0
7375.110000 0.064054 0
7376.770000 0.063454 0
7378.430000 0.053016 0
7380.090000 0.063971 0
7381.750000 0.071123 0
7383.410000 0.072220 0
7385.070000 0.080331 0
7386.730000 0.069183 0
7388.390000 0.067303 0
7390.050000 0.066586 0
7391.710000 0.062612 0
7393.370000 0.054948 0
7395.030000 0.076383 0
7396.690000 0.069453 0
7398.350000 0.064238 0
7400.010000 0.058765 0
7401.670000 0.046153 0
7403.330000 0.101024 0
7404.990000 0.076953 0
7406.650000 0.066423 0
7408.310000 0.072910 0
7409.970000 0.070664 0
7411.630000 0.067451 0
7413.290000 0.069134 0
7414.950000 0.070057 0
7416.610000 0.070377 0
7418.270000 0.051674 0
7419.930000 0.062381 0
7421.590000 0.059309 0
7423.250000 0.073436 0
7424.910000 0.065598 0
7426.570000 0.074785 0
7428.230000 0.066911 0
7429.890000 0.075660 0
7431.550000 0.071058 0
7433.210000 0.071425 0
7434.870000 0.079495 0
7436.530000 0.069880 0
7438.190000 0.074427 0
7439.850000 0.075716 0
7441.510000 0.064471 0
7443.170000 0.080174 0
7444.830000 0.073444 0
7446.490000 0.076345 0
7448.150000 0.083180 0
7449.810000 0.075271 0
7451.470000 0.079666 0
7453.130000 0.076269 0
7454.790000 0.069046 0
7456.450000 0.086891 0
7458.110000 0.072216 0
7459.770000 0.063625 0
7461.430000 0.062744 0
7463.090000 0.056858 0
7464.750000 0.056055 0
7466.410000 0.075558 0
7468.070000 0.078588 0
7469.730000 0.079126 0
7471.390000 0.065418 0
7473.050000 0.070730 0
7474.710000 0.078583 0
7476.370000 0.061731 0
7478.030000 0.063238 0
7479.690000 0.074129 0
7481.350000 0.066822 0
7483.010000 0.074970 0
7484.670000 0.071394 0
7486.330000 0.070139 0
7487.990000 0.071140 0
7489.650000 0.068756 0
7491.310000 0.071747 0
7492.970000 0.071133 0
7494.630000 0.081649 0
7496.290000 0.071683 0
7497.950000 0.080360 0
7499.610000 0.080450 0
7501.270000 0.070261 0
7502.930000 0.065722 0
7504.590000 0.070383 0
7506.250000 0.066146 0
7507.910000 0.064475 0
7509.570000 0.071618 0
7511.230000 0.070489 0
7512.890000 0.069732 0
7514.550000 0.077384 0
7516.210000 0.070786 0
7517.870000 0.064354 0
7519.530000 0.059343 0
7521.190000 0.059525 0
7522.850000 0.078132 0
7524.510000 0.075792 0
7526.170000 0.094973 0
7527.830000 0.085035 0
7529.490000 0.073797 0
7531.150000 0.051173 0
7532.810000 0.081883 0
7534.470000 0.072187 0
7536.130000 0.066589 0
7537.790000 0.065637 0
7539.450000 0.062919 0
7541.110000 0.075042 0
7542.770000 0.060592 0
7544.430000 0.053179 0
7546.090000 0.063934 0
7547.750000 0.061235 0
7549.410000 0.071071 0
7551.070000 0.063989 0
7552.730000 0.069265 0
7554.390000 0.068767 0
7556.050000 0.060973 0
7557.710000 0.063107 0
7559.370000 0.072859 0
7561.030000 0.074517 0
7562.690000 0.077733 0
7564.350000 0.057619 0
7566.010000 0.055055 0
7567.670000 0.067385 0
7569.330000 0.052405 0
7570.990000 0.083483 0
7572.650000 0.081216 0
7574.310000 0.049628 0
7575.970000 0.069154 0
7577.630000 0.069615 0
7579.290000 0.060864 0
7580.950000 0.059923 0
7582.610000 0.060232 0
7584.270000 0.061453 0
7585.930000 0.057133 0
7587.590000 0.062530 0
7589.250000 0.058467 0
7590.910000 0.053048 0
7592.570000 0.054253 0
7594.230000 0.058545 0
7595.890000 0.068207 0
7597.550000 0.070426 0
7599.210000 0.041427 0
7600.870000 0.110086 0
7602.530000 0.075198 0
7604.190000 0.051038 0
7605.850000 0.039983 0
7607.510000 0.059795 0
7609.170000 0.116153 0
7610.830000 0.082860 0
7612.490000 0.069031 0
7614.150000 0.062727 0
7615.810000 0.060793 0
7617.470000 0.078482 0
7619.130000 0.076728 0
7620.790000 0.067296 0
7622.450000 0.062477 0
7624.110000 0.090667 0
7625.770000 0.067441 0
7627.430000 0.067321 0
7629.090000 0.062583 0
7630.750000 0.095925 0
7632.410000 0.063913 0
7634.070000 0.065435 0
7635.730000 0.080145 0
7637.390000 0.071179 0
7639.050000 0.076537 0
7640.710000 0.087028 0
7642.370000 0.062438 0
7644.030000 0.081727 0
7645.690000 0.075238 0
7647.350000 0.066913 0
7649.010000 0.076493 0
7650.670000 0.074894 0
7652.330000 0.071320 0
7653.990000 0.082648 0
7655.650000 0.070396 0
7657.310000 0.087753 0
7658.970000 0.075108 0
7660.630000 0.070952 0
7662.290000 0.075106 0
7663.950000 0.063490 0
7665.610000 0.066544 0
7667.270000 0.057905 0
7668.930000 0.053834 0
7670.590000 0.052676 0
7672.250000 0.055178 0
7673.910000 0.067512 0
7675.570000 0.064139 0
7677.230000 0.068236 0
7678.890000 0.069951 0
7680.550000 0.076946 0
7682.210000 0.072815 0
7683.870000 0.060843 0
7685.530000 0.071465 0
7687.190000 0.064852 0
7688.850000 0.079740 0
7690.510000 0.077165 0
7692.170000 0.067458 0
7693.830000 0.075218 0
7695.490000 0.071173 0
7697.150000 0.072644 0
7698.810000 0.070148 0
7700.470000 0.087636 0
7702.130000 0.089980 0
7703.790000 0.081918 0
7705.450000 0.074578 0
7707.110000 0.076817 0
7708.770000 0.076646 0
7710.430000 0.070977 0
7712.090000 0.062478 0
7713.750000 0.040319 0
7715.410000 0.052508 0
7717.070000 0.090363 0
7718.730000 0.064643 0
7720.390000 0.067887 0
7722.050000 0.083784 0
7723.710000 0.083089 0
7725.370000 0.059745 0
7727.030000 0.064811 0
7728.690000 0.047329 0
7730.350000 0.066446 0
7732.010000 0.077827 0
7733.670000 0.062674 0
7735.330000 0.065400 0
7736.990000 0.059055 0
7738.650000 0.059373 0
7740.310000 0.058739 0
7741.970000 0.070697 0
7743.630000 0.058398 0
7745.290000 0.060335 0
7746.950000 0.063710 0
7748.610000 0.020451 0
7750.270000 0.052005 0
7751.930000 0.079367 0
7753.590000 0.067400 0
7755.250000 0.088847 0
7756.910000 0.075487 0
7758.570000 0.070850 0
7760.230000 0.069256 0
7761.890000 0.070021 0
7763.550000 0.081538 0
7765.210000 0.079198 0
7766.870000 0.073220 0
7768.530000 0.072397 0
7770.190000 0.057881 0
7771.850000 0.064068 0
7773.510000 0.056576 0
7775.170000 0.060476 0
7776.830000 0.077418 0
7778.490000 0.068859 0
7780.150000 0.059393 0
7781.810000 0.064410 0
7783.470000 0.080056 0
7785.130000 0.062709 0
7786.790000 0.069642 0
7788.450000 0.100061 0
7790.110000 0.095117 0
7791.770000 0.053957 0
7793.430000 0.054235 0
7795.090000 0.058662 0
7796.750000 0.067904 0
7798.410000 0.095654 0
7800.070000 0.079694 0
7801.730000 0.067825 0
7803.390000 0.073981 0
7805.050000 0.079990 0
7806.710000 0.071521 0
7808.370000 0.068339 0
7810.030000 0.066466 0
7811.690000 0.077996 0
7813.350000 0.082769 0
7815.010000 0.082826 0
7816.670000 0.108763 0
7818.330000 0.078481 0
7819.990000 0.077130 0
7821.650000 0.049274 0
7823.310000 0.031454 0
7824.970000 0.075016 0
7826.630000 0.094265 0
7828.290000 0.103808 0
7829.950000 0.076908 0
7831.610000 0.082055 0
7833.270000 0.067706 0
7834.930000 0.063057 0
7836.590000 0.098738 0
7838.250000 0.098090 0
7839.910000 0.074533 0
7841.570000 0.059149 0
7843.230000 0.058277 0
7844.890000 0.076419 0
7846.550000 0.066535 0
7848.210000 0.088790 0
7849.870000 0.091189 0
7851.530000 0.027414 0
7853.190000 0.055240 0
7854.850000 0.025103 0
7856.510000 0.053873 0
7858.170000 0.063522 0
7859.830000 0.066534 0
7861.490000 0.050249 0
7863.150000 0.056551 0
7864.810000 0.077986 0
7866.470000 0.084452 0
7868.130000 0.038051 0
7869.790000 0.043734 0
7871.450000 0.046184 0
7873.110000 0.055654 0
7874.770000 0.091004 0
7876.430000 0.073171 0
7878.090000 0.064907 0
7879.750000 0.042769 0
7881.410000 0.059831 0
7883.070000 0.092278 0
7884.730000 0.096404 0
7886.390000 0.104200 1
7888.050000 -0.004376 1
7889.710000 0.079005 1
7891.370000 0.000000 1
7893.030000 0.000000 1
7894.690000 0.000000 1
7896.350000 0.000000 1
7898.010000 0.000000 1
7899.670000 0.000000 1
7901.330000 0.000000 1
7902.990000 0.000000 1
7904.650000 0.000000 1
7906.310000 0.000000 1
7907.970000 0.000000 1
7909.630000 0.000000 1
7911.290000 0.000000 1
7912.950000 0.000000 1
7914.610000 0.000000 1
7916.270000 0.000000 1
7917.930000 0.000000 1
7919.590000 0.000000 1
7921.250000 0.000000 1
7922.910000 0.000000 1
7924.570000 0.000000 1
7926.230000 0.000000 1
7927.890000 0.000000 1
7929.550000 0.000000 1
7931.210000 0.000000 1
7932.870000 0.000000 1
7934.530000 0.000000 1
7936.190000 0.000000 1
7937.850000 0.000000 1
7939.510000 0.000000 1
7941.170000 0.000000 1
7942.830000 0.000000 1
7944.490000 0.000000 1
7946.150000 0.000000 1
7947.810000 0.000000 1
7949.470000 0.000000 1
7951.130000 0.000000 1
7952.790000 0.000000 1
7954.450000 0.000000 1
7956.110000 0.000000 1
7957.770000 0.000000 1
7959.430000 0.000000 1
7961.090000 0.000000 1
7962.750000 0.000000 1
7964.410000 0.000000 1
7966.070000 0.000000 1
7967.730000 0.000000 1
7969.390000 0.000000 1
7971.050000 0.000000 1
7972.710000 0.000000 1
7974.370000 0.000000 1
7976.030000 0.000000 1
7977.690000 0.000000 1
7979.350000 0.000000 1
7981.010000 0.000000 1
7982.670000 0.000000 1
7984.330000 0.000000 1
7985.990000 0.000000 1
7987.650000 0.000000 1
7989.310000 0.000000 1
7990.970000 0.000000 1
7992.630000 0.000000 1
7994.290000 0.000000 1
7995.950000 0.000000 1
7997.610000 0.000000 1
7999.270000 0.000000 1
8000.930000 0.000000 1
8002.590000 0.000000 1
8004.250000 0.000000 1
8005.910000 0.000000 1
8007.570000 0.000000 1
8009.230000 0.000000 1
8010.890000 0.000000 1
8012.550000 0.000000 1
8014.210000 0.000000 1
8015.870000 0.000000 1
8017.530000 0.000000 1
8019.190000 0.000000 1
8020.850000 0.000000 1
8022.510000 0.000000 1
8024.170000 0.000000 1
8025.830000 0.000000 1
8027.490000 0.000000 1
8029.150000 0.000000 1
8030.810000 0.000000 1
8032.470000 0.000000 1
8034.130000 0.000000 1
8035.790000 0.000000 1
8037.450000 0.000000 1
8039.110000 0.000000 1
8040.770000 0.000000 1
8042.430000 0.000000 1
8044.090000 0.000000 1
8045.750000 0.000000 1
8047.410000 0.000000 1
8049.070000 0.000000 1
8050.730000 0.000000 1
8052.390000 0.000000 1
8054.050000 0.000000 1
8055.710000 0.000000 1
8057.370000 0.000000 1
8059.030000 0.000000 1
8060.690000 0.000000 1
8062.350000 0.000000 1
8064.010000 0.000000 1
8065.670000 0.000000 1
8067.330000 0.000000 1
8068.990000 0.000000 1
8070.650000 0.000000 1
8072.310000 0.000000 1
8073.970000 0.000000 1
8075.630000 0.000000 1
8077.290000 0.000000 1
8078.950000 0.000000 1
8080.610000 0.000000 1
8082.270000 0.000000 1
8083.930000 0.000000 1
8085.590000 0.000000 1
8087.250000 0.000000 1
8088.910000 0.000000 1
8090.570000 0.000000 1
8092.230000 0.000000 1
8093.890000 0.000000 1
8095.550000 0.000000 1
8097.210000 0.000000 1
8098.870000 0.000000 1
8100.530000 0.000000 1
8102.190000 0.000000 1
8103.850000 0.000000 1
8105.510000 0.000000 1
8107.170000 0.000000 1
8108.830000 0.000000 1
8110.490000 0.000000 1
8112.150000 0.000000 1
8113.810000 0.000000 1
8115.470000 0.000000 1
8117.130000 0.000000 1
8118.790000 0.000000 1
8120.450000 0.000000 1
8122.110000 0.000000 1
8123.770000 0.000000 1
8125.430000 0.000000 1
8127.090000 0.000000 1
8128.750000 0.000000 1
8130.410000 0.000000 1
8132.070000 0.000000 1
8133.730000 0.000000 1
8135.390000 0.000000 1
8137.050000 0.000000 1
8138.710000 0.000000 1
8140.370000 0.000000 1
8142.030000 0.000000 1
8143.690000 0.000000 1
8145.350000 0.000000 1
8147.010000 0.000000 1
8148.670000 0.000000 1
8150.330000 0.000000 1
8151.990000 0.000000 1
8153.650000 0.000000 1
8155.310000 0.000000 1
8156.970000 0.000000 1
8158.630000 0.000000 1
8160.290000 0.000000 1
8161.950000 0.000000 1
8163.610000 0.000000 1
8165.270000 0.000000 1
8166.930000 0.000000 1
8168.590000 0.000000 1
8170.250000 0.000000 1
8171.910000 0.000000 1
8173.570000 0.000000 1
8175.230000 0.000000 1
8176.890000 0.000000 1
8178.550000 0.000000 1
8180.210000 0.000000 1
8181.870000 0.000000 1
8183.530000 0.000000 1
8185.190000 0.000000 1
8186.850000 0.000000 1
8188.510000 0.000000 1
8190.170000 0.000000 1
8191.830000 0.000000 1
8193.490000 0.000000 1
8195.150000 0.000000 1
8196.810000 0.000000 1
8198.470000 0.000000 1
8200.130000 0.000000 1
8201.790000 0.000000 1
8203.450000 0.000000 1
8205.110000 0.000000 1
8206.770000 0.000000 1
8208.430000 0.000000 1
8210.090000 0.000000 1
8211.750000 0.000000 1
8213.410000 0.000000 1
8215.070000 0.000000 1
8216.730000 0.000000 1
8218.390000 0.000000 1
8220.050000 0.000000 1
8221.710000 0.000000 1
8223.370000 0.000000 1
8225.030000 0.000000 1
8226.690000 0.000000 1
8228.350000 0.000000 1
8230.010000 0.000000 1
8231.670000 0.000000 1
8233.330000 0.000000 1
8234.990000 0.000000 1
8236.650000 0.000000 1
8238.310000 0.000000 1
8239.970000 0.000000 1
8241.630000 0.000000 1
8243.290000 0.000000 1
8244.950000 0.000000 1
8246.610000 0.000000 1
8248.270000 0.000000 1
8249.930000 0.000000 1
8251.590000 0.000000 1
8253.250000 0.000000 1
8254.910000 0.000000 1
8256.570000 0.000000 1
8258.230000 0.000000 1
8259.890000 0.000000 1
8261.550000 0.000000 1
8263.210000 0.000000 1
8264.870000 0.000000 1
8266.530000 0.000000 1
8268.190000 0.000000 1
8269.850000 0.000000 1
8271.510000 0.000000 1
8273.170000 0.000000 1
8274.830000 0.000000 1
8276.490000 0.000000 1
8278.150000 0.000000 1
8279.810000 0.000000 1
8281.470000 0.000000 1
8283.130000 0.000000 1
8284.790000 0.000000 1
8286.450000 0.000000 1
8288.110000 0.000000 1
8289.770000 0.000000 1
8291.430000 0.000000 1
8293.090000 0.000000 1
8294.750000 0.000000 1
8296.410000 0.000000 1
8298.070000 0.000000 1
8299.730000 0.000000 1
8301.390000 0.000000 1
8303.050000 0.000000 1
8304.710000 0.000000 1
8306.370000 0.000000 1
8308.030000 0.000000 1
8309.690000 0.000000 1
8311.350000 0.000000 1
8313.010000 0.000000 1
8314.670000 0.000000 1
8316.330000 0.000000 1
8317.990000 0.000000 1
8319.650000 0.000000 1
8321.310000 0.000000 1
8322.970000 0.000000 1
8324.630000 0.000000 1
8326.290000 0.000000 1
8327.950000 0.000000 1
8329.610000 0.000000 1
8331.270000 0.000000 1
8332.930000 0.000000 1
8334.590000 0.000000 1
8336.250000 0.000000 1
8337.910000 0.000000 1
8339.570000 0.000000 1
8341.230000 0.000000 1
8342.890000 0.000000 1
8344.550000 0.000000 1
8346.210000 0.000000 1
8347.870000 0.000000 1
8349.530000 0.000000 1
8351.190000 0.000000 1
8352.850000 0.000000 1
8354.510000 0.000000 1
8356.170000 0.000000 1
8357.830000 0.000000 1
8359.490000 0.000000 1
8361.150000 0.000000 1
8362.810000 0.000000 1
8364.470000 0.000000 1
8366.130000 0.000000 1
8367.790000 0.000000 1
8369.450000 0.000000 1
8371.110000 0.000000 1
8372.770000 0.000000 1
8374.430000 0.000000 1
8376.090000 0.000000 1
8377.750000 0.000000 1
8379.410000 0.000000 1
8381.070000 0.000000 1
8382.730000 0.000000 1
8384.390000 0.000000 1
8386.050000 0.000000 1
8387.710000 0.000000 1
8389.370000 0.000000 1
8391.030000 0.000000 1
8392.690000 0.000000 1
8394.350000 0.000000 1
8396.010000 0.000000 1
8397.670000 0.000000 1
8399.330000 0.000000 1
8400.990000 0.000000 1
8402.650000 0.000000 1
8404.310000 0.000000 1
8405.970000 0.000000 1
8407.630000 0.000000 1
8409.290000 0.000000 1
8410.950000 0.000000 1
8412.610000 0.000000 1
8414.270000 0.000000 1
8415.930000 0.000000 1
8417.590000 0.000000 1
8419.250000 0.000000 1
8420.910000 0.000000 1
8422.570000 0.000000 1
8424.230000 0.000000 1
8425.890000 0.000000 1
8427.550000 0.000000 1
8429.210000 0.000000 1
8430.870000 0.000000 1
8432.530000 0.000000 1
8434.190000 0.000000 1
8435.850000 0.000000 1
8437.510000 0.000000 1
8439.170000 0.000000 1
8440.830000 0.000000 1
8442.490000 0.000000 1
8444.150000 0.000000 1
8445.810000 0.000000 1
8447.470000 0.000000 1
8449.130000 0.000000 1
8450.790000 0.000000 1
8452.450000 0.000000 1
8454.110000 0.000000 1
8455.770000 0.000000 1
8457.430000 0.000000 1
8459.090000 0.000000 1
8460.750000 0.000000 1
8462.410000 0.000000 1
8464.070000 0.000000 1
8465.730000 0.000000 1
8467.390000 0.000000 1
8469.050000 0.000000 1
8470.710000 0.000000 1
8472.370000 0.000000 1
8474.030000 0.000000 1
8475.690000 0.000000 1
8477.350000 0.000000 1
8479.010000 0.000000 1
8480.670000 0.000000 1
8482.330000 0.000000 1
8483.990000 0.000000 1
8485.650000 0.000000 1
8487.310000 0.000000 1
8488.970000 0.000000 1
8490.630000 0.000000 1
8492.290000 0.000000 1
8493.950000 0.000000 1
8495.610000 0.000000 1
8497.270000 0.000000 1
8498.930000 0.000000 1
