# obs: 255728
# slit: 1
# z: -1.00000
# lines: not in catalog
# spec: 484
5152.370000 0.000000 1
5154.030000 0.000000 1
5155.690000 0.000000 1
5157.350000 0.000000 1
5159.010000 0.000000 1
5160.670000 0.000000 1
5162.330000 0.000000 1
5163.990000 0.000000 1
5165.650000 0.000000 1
5167.310000 0.000000 1
5168.970000 0.000000 1
5170.630000 0.000000 1
5172.290000 0.000000 1
5173.950000 0.000000 1
5175.610000 0.000000 1
5177.270000 0.000000 1
5178.930000 0.000000 1
5180.590000 0.000000 1
5182.250000 -0.028066 0
5183.910000 0.002180 0
5185.570000 0.079265 0
5187.230000 0.155431 0
5188.890000 0.148805 0
5190.550000 0.156038 0
5192.210000 0.166486 0
5193.870000 0.172223 0
5195.530000 0.148740 0
5197.190000 0.114578 0
5198.850000 0.130882 0
5200.510000 0.119066 0
5202.170000 0.108374 0
5203.830000 0.108564 0
5205.490000 0.099532 0
5207.150000 0.067459 0
5208.810000 0.073672 0
5210.470000 0.078755 0
5212.130000 0.120168 0
5213.790000 0.054241 0
5215.450000 0.090111 0
5217.110000 0.109213 0
5218.770000 0.125203 0
5220.430000 0.153100 0
5222.090000 0.154434 0
5223.750000 0.144165 0
5225.410000 0.140440 0
5227.070000 0.181044 0
5228.730000 0.172631 0
5230.390000 0.160901 0
5232.050000 0.146850 0
5233.710000 0.177656 0
5235.370000 0.163002 0
5237.030000 0.139207 0
5238.690000 0.167004 0
5240.350000 0.141895 0
5242.010000 0.134790 0
5243.670000 0.136860 0
5245.330000 0.124501 0
5246.990000 0.093434 0
5248.650000 0.085733 0
5250.310000 0.091155 0
5251.970000 0.055950 0
5253.630000 0.054982 0
5255.290000 0.062447 0
5256.950000 0.068051 0
5258.610000 0.079829 0
5260.270000 0.099196 0
5261.930000 0.135020 0
5263.590000 0.148863 0
5265.250000 0.118693 0
5266.910000 0.165430 0
5268.570000 0.146801 0
5270.230000 0.181320 0
5271.890000 0.172003 0
5273.550000 0.202376 0
5275.210000 0.192863 0
5276.870000 0.176552 0
5278.530000 0.197175 0
5280.190000 0.199348 0
5281.850000 0.180492 0
5283.510000 0.235673 0
5285.170000 0.198066 0
5286.830000 0.198628 0
5288.490000 0.206020 0
5290.150000 0.215234 0
5291.810000 0.203268 0
5293.470000 0.216812 0
5295.130000 0.208580 0
5296.790000 0.229229 0
5298.450000 0.211624 0
5300.110000 0.179852 0
5301.770000 0.219925 0
5303.430000 0.204561 0
5305.090000 0.193527 0
5306.750000 0.218130 0
5308.410000 0.216471 0
5310.070000 0.208393 0
5311.730000 0.209708 0
5313.390000 0.250255 0
5315.050000 0.186354 0
5316.710000 0.171999 0
5318.370000 0.243405 0
5320.030000 0.231354 0
5321.690000 0.212108 0
5323.350000 0.205848 0
5325.010000 0.190991 0
5326.670000 0.212880 0
5328.330000 0.217029 0
5329.990000 0.225847 0
5331.650000 0.209058 0
5333.310000 0.208625 0
5334.970000 0.191137 0
5336.630000 0.193297 0
5338.290000 0.181216 0
5339.950000 0.203242 0
5341.610000 0.202475 0
5343.270000 0.202686 0
5344.930000 0.203062 0
5346.590000 0.214898 0
5348.250000 0.204192 0
5349.910000 0.232449 0
5351.570000 0.224462 0
5353.230000 0.209414 0
5354.890000 0.222009 0
5356.550000 0.210926 0
5358.210000 0.210755 0
5359.870000 0.199612 0
5361.530000 0.214441 0
5363.190000 0.230987 0
5364.850000 0.211939 0
5366.510000 0.189976 0
5368.170000 0.195294 0
5369.830000 0.192888 0
5371.490000 0.219128 0
5373.150000 0.197811 0
5374.810000 0.187298 0
5376.470000 0.177390 0
5378.130000 0.177733 0
5379.790000 0.198852 0
5381.450000 0.210234 0
5383.110000 0.202289 0
5384.770000 0.207373 0
5386.430000 0.188155 0
5388.090000 0.210447 0
5389.750000 0.203647 0
5391.410000 0.165191 0
5393.070000 0.221812 0
5394.730000 0.205029 0
5396.390000 0.209787 0
5398.050000 0.186676 0
5399.710000 0.190849 0
5401.370000 0.180916 0
5403.030000 0.207760 0
5404.690000 0.233334 0
5406.350000 0.204340 0
5408.010000 0.193777 0
5409.670000 0.208814 0
5411.330000 0.227317 0
5412.990000 0.232727 0
5414.650000 0.239655 0
5416.310000 0.224918 0
5417.970000 0.207522 0
5419.630000 0.201462 0
5421.290000 0.210951 0
5422.950000 0.188172 0
5424.610000 0.178267 0
5426.270000 0.165688 0
5427.930000 0.159976 0
5429.590000 0.168896 0
5431.250000 0.142503 0
5432.910000 0.165980 0
5434.570000 0.174509 0
5436.230000 0.193630 0
5437.890000 0.190640 0
5439.550000 0.204864 0
5441.210000 0.214276 0
5442.870000 0.182554 0
5444.530000 0.182851 0
5446.190000 0.206792 0
5447.850000 0.233248 0
5449.510000 0.212931 0
5451.170000 0.182677 0
5452.830000 0.217013 0
5454.490000 0.211170 0
5456.150000 0.208836 0
5457.810000 0.198019 0
5459.470000 0.207187 0
5461.130000 0.204009 0
5462.790000 0.245700 0
5464.450000 0.219093 0
5466.110000 0.197900 0
5467.770000 0.171435 0
5469.430000 0.183994 0
5471.090000 0.180989 0
5472.750000 0.185136 0
5474.410000 0.196136 0
5476.070000 0.218427 0
5477.730000 0.211271 0
5479.390000 0.221601 0
5481.050000 0.194420 0
5482.710000 0.196022 0
5484.370000 0.197379 0
5486.030000 0.221372 0
5487.690000 0.175193 0
5489.350000 0.200659 0
5491.010000 0.188556 0
5492.670000 0.221007 0
5494.330000 0.196050 0
5495.990000 0.201197 0
5497.650000 0.162108 0
5499.310000 0.225057 0
5500.970000 0.201532 0
5502.630000 0.213023 0
5504.290000 0.209534 0
5505.950000 0.225629 0
5507.610000 0.233047 0
5509.270000 0.209429 0
5510.930000 0.228982 0
5512.590000 0.207484 0
5514.250000 0.238218 0
5515.910000 0.234682 0
5517.570000 0.200021 0
5519.230000 0.202402 0
5520.890000 0.208674 0
5522.550000 0.204018 0
5524.210000 0.195167 0
5525.870000 0.201349 0
5527.530000 0.200225 0
5529.190000 0.195114 0
5530.850000 0.192521 0
5532.510000 0.219207 0
5534.170000 0.222580 0
5535.830000 0.217160 0
5537.490000 0.196394 0
5539.150000 0.206689 0
5540.810000 0.200464 0
5542.470000 0.222140 0
5544.130000 0.193600 0
5545.790000 0.179132 0
5547.450000 0.202660 0
5549.110000 0.228633 0
5550.770000 0.215244 0
5552.430000 0.196685 0
5554.090000 0.210803 0
5555.750000 0.197681 0
5557.410000 0.183901 0
5559.070000 0.192917 0
5560.730000 0.216327 0
5562.390000 0.202993 0
5564.050000 0.171202 0
5565.710000 0.199120 0
5567.370000 0.187590 0
5569.030000 0.211450 0
5570.690000 0.219564 1
5572.350000 0.228498 1
5574.010000 0.205314 1
5575.670000 0.322399 1
5577.330000 0.106476 1
5578.990000 0.116727 1
5580.650000 0.148493 1
5582.310000 0.215260 1
5583.970000 0.227423 1
5585.630000 0.206392 1
5587.290000 0.226441 1
5588.950000 0.149156 1
5590.610000 0.134653 0
5592.270000 0.187962 0
5593.930000 0.173622 0
5595.590000 0.174100 0
5597.250000 0.173491 0
5598.910000 0.196794 0
5600.570000 0.218942 0
5602.230000 0.206106 0
5603.890000 0.235799 0
5605.550000 0.206315 0
5607.210000 0.174122 0
5608.870000 0.222397 0
5610.530000 0.234067 0
5612.190000 0.207907 0
5613.850000 0.221950 0
5615.510000 0.225399 0
5617.170000 0.214099 0
5618.830000 0.205980 0
5620.490000 0.218604 0
5622.150000 0.221234 0
5623.810000 0.184992 0
5625.470000 0.222911 0
5627.130000 0.195822 0
5628.790000 0.185815 0
5630.450000 0.216855 0
5632.110000 0.213107 0
5633.770000 0.211403 0
5635.430000 0.219247 0
5637.090000 0.198389 0
5638.750000 0.217744 0
5640.410000 0.225168 0
5642.070000 0.192615 0
5643.730000 0.227236 0
5645.390000 0.226585 0
5647.050000 0.195327 0
5648.710000 0.222091 0
5650.370000 0.223150 0
5652.030000 0.192910 0
5653.690000 0.184266 0
5655.350000 0.207485 0
5657.010000 0.185911 0
5658.670000 0.174291 0
5660.330000 0.199874 0
5661.990000 0.206252 0
5663.650000 0.205394 0
5665.310000 0.224911 0
5666.970000 0.209268 0
5668.630000 0.221663 0
5670.290000 0.235873 0
5671.950000 0.204371 0
5673.610000 0.212733 0
5675.270000 0.197798 0
5676.930000 0.170694 0
5678.590000 0.184958 0
5680.250000 0.197065 0
5681.910000 0.186036 0
5683.570000 0.203193 0
5685.230000 0.212725 0
5686.890000 0.209728 0
5688.550000 0.229680 0
5690.210000 0.175393 0
5691.870000 0.157179 0
5693.530000 0.143784 0
5695.190000 0.183930 0
5696.850000 0.184349 0
5698.510000 0.152490 0
5700.170000 0.167353 0
5701.830000 0.154574 0
5703.490000 0.160254 0
5705.150000 0.123533 0
5706.810000 0.186268 0
5708.470000 0.184736 0
5710.130000 0.199089 0
5711.790000 0.204265 0
5713.450000 0.225781 0
5715.110000 0.235402 0
5716.770000 0.229781 0
5718.430000 0.219416 0
5720.090000 0.233000 0
5721.750000 0.228199 0
5723.410000 0.207753 0
5725.070000 0.212971 0
5726.730000 0.213250 0
5728.390000 0.200494 0
5730.050000 0.227716 0
5731.710000 0.230050 0
5733.370000 0.248234 0
5735.030000 0.220255 0
5736.690000 0.248683 0
5738.350000 0.211054 0
5740.010000 0.227570 0
5741.670000 0.199499 0
5743.330000 0.204287 0
5744.990000 0.184471 0
5746.650000 0.202772 0
5748.310000 0.207469 0
5749.970000 0.178662 0
5751.630000 0.206998 0
5753.290000 0.250092 0
5754.950000 0.227710 0
5756.610000 0.252109 0
5758.270000 0.244840 0
5759.930000 0.218169 0
5761.590000 0.203929 0
5763.250000 0.218653 0
5764.910000 0.214182 0
5766.570000 0.194233 0
5768.230000 0.217763 0
5769.890000 0.220349 0
5771.550000 0.238677 0
5773.210000 0.263169 0
5774.870000 0.245967 0
5776.530000 0.242752 0
5778.190000 0.238464 0
5779.850000 0.276495 0
5781.510000 0.254409 0
5783.170000 0.239324 0
5784.830000 0.253872 0
5786.490000 0.231303 0
5788.150000 0.222035 0
5789.810000 0.209245 0
5791.470000 0.215233 0
5793.130000 0.217812 0
5794.790000 0.245308 0
5796.450000 0.236066 0
5798.110000 0.216764 0
5799.770000 0.211533 0
5801.430000 0.181553 0
5803.090000 0.183608 0
5804.750000 0.214080 0
5806.410000 0.203184 0
5808.070000 0.225294 0
5809.730000 0.236476 0
5811.390000 0.204926 0
5813.050000 0.208778 0
5814.710000 0.236728 0
5816.370000 0.233115 0
5818.030000 0.242227 0
5819.690000 0.231592 0
5821.350000 0.241792 0
5823.010000 0.258695 0
5824.670000 0.254130 0
5826.330000 0.229667 0
5827.990000 0.236523 0
5829.650000 0.207924 0
5831.310000 0.244120 0
5832.970000 0.231116 0
5834.630000 0.208080 0
5836.290000 0.246843 0
5837.950000 0.230540 0
5839.610000 0.243432 0
5841.270000 0.237313 0
5842.930000 0.225108 0
5844.590000 0.231041 0
5846.250000 0.242946 0
5847.910000 0.239152 0
5849.570000 0.242213 0
5851.230000 0.254089 0
5852.890000 0.238040 0
5854.550000 0.236293 0
5856.210000 0.266787 0
5857.870000 0.256902 0
5859.530000 0.259607 0
5861.190000 0.277865 0
5862.850000 0.256304 0
5864.510000 0.271707 0
5866.170000 0.263866 0
5867.830000 0.246751 0
5869.490000 0.251629 0
5871.150000 0.241011 0
5872.810000 0.256581 0
5874.470000 0.245144 0
5876.130000 0.259452 0
5877.790000 0.248398 0
5879.450000 0.260350 0
5881.110000 0.227554 0
5882.770000 0.262980 0
5884.430000 0.268895 0
5886.090000 0.311838 0
5887.750000 0.367631 0
5889.410000 0.255801 0
5891.070000 0.269966 0
5892.730000 0.246961 0
5894.390000 0.279778 0
5896.050000 0.236871 0
5897.710000 0.232423 0
5899.370000 0.213618 0
5901.030000 0.209999 0
5902.690000 0.234079 0
5904.350000 0.229704 0
5906.010000 0.268335 0
5907.670000 0.258750 0
5909.330000 0.239464 0
5910.990000 0.250510 0
5912.650000 0.276800 0
5914.310000 0.249541 0
5915.970000 0.258201 0
5917.630000 0.276159 0
5919.290000 0.247048 0
5920.950000 0.264294 0
5922.610000 0.287996 0
5924.270000 0.256608 0
5925.930000 0.251396 0
5927.590000 0.294746 0
5929.250000 0.276379 0
5930.910000 0.264427 0
5932.570000 0.276334 0
5934.230000 0.254732 0
5935.890000 0.235343 0
5937.550000 0.266898 0
5939.210000 0.268743 0
5940.870000 0.281527 0
5942.530000 0.285814 0
5944.190000 0.261675 0
5945.850000 0.256757 0
5947.510000 0.200537 0
5949.170000 0.232547 0
5950.830000 0.257996 0
5952.490000 0.235969 0
5954.150000 0.235598 0
5955.810000 0.247268 0
5957.470000 0.248534 0
5959.130000 0.279643 0
5960.790000 0.285644 0
5962.450000 0.273345 0
5964.110000 0.277426 0
5965.770000 0.323886 0
5967.430000 0.291917 0
5969.090000 0.291622 0
5970.750000 0.272640 0
5972.410000 0.283078 0
5974.070000 0.282559 0
5975.730000 0.272365 0
5977.390000 0.234576 0
5979.050000 0.258075 0
5980.710000 0.279154 0
5982.370000 0.265568 0
5984.030000 0.271459 0
5985.690000 0.268868 0
5987.350000 0.288314 0
5989.010000 0.271970 0
5990.670000 0.256035 0
5992.330000 0.226940 0
5993.990000 0.264183 0
5995.650000 0.262856 0
5997.310000 0.233925 0
5998.970000 0.215649 0
6000.630000 0.236373 0
6002.290000 0.225095 0
6003.950000 0.240715 0
6005.610000 0.258309 0
6007.270000 0.263422 0
6008.930000 0.234843 0
6010.590000 0.257353 0
6012.250000 0.296135 0
6013.910000 0.250983 0
6015.570000 0.287547 0
6017.230000 0.268952 0
6018.890000 0.220125 0
6020.550000 0.250365 0
6022.210000 0.242243 0
6023.870000 0.252268 0
6025.530000 0.272906 0
6027.190000 0.273779 0
6028.850000 0.277710 0
6030.510000 0.243916 0
6032.170000 0.270371 0
6033.830000 0.282093 0
6035.490000 0.283464 0
6037.150000 0.282592 0
6038.810000 0.258862 0
6040.470000 0.252287 0
6042.130000 0.272470 0
6043.790000 0.272184 0
6045.450000 0.270699 0
6047.110000 0.261867 0
6048.770000 0.300753 0
6050.430000 0.276787 0
6052.090000 0.254216 0
6053.750000 0.281850 0
6055.410000 0.285437 0
6057.070000 0.264349 0
6058.730000 0.286061 0
6060.390000 0.292113 0
6062.050000 0.254163 0
6063.710000 0.280835 0
6065.370000 0.251669 0
6067.030000 0.252035 0
6068.690000 0.228380 0
6070.350000 0.253867 0
6072.010000 0.255095 0
6073.670000 0.272450 0
6075.330000 0.273508 0
6076.990000 0.279755 0
6078.650000 0.245172 0
6080.310000 0.232916 0
6081.970000 0.247540 0
6083.630000 0.246692 0
6085.290000 0.239175 0
6086.950000 0.273729 0
6088.610000 0.275351 0
6090.270000 0.266063 0
6091.930000 0.249494 0
6093.590000 0.268967 0
6095.250000 0.279922 0
6096.910000 0.250557 0
6098.570000 0.251830 0
6100.230000 0.262742 0
6101.890000 0.276969 0
6103.550000 0.279857 0
6105.210000 0.280950 0
6106.870000 0.297314 0
6108.530000 0.285579 0
6110.190000 0.264841 0
6111.850000 0.282752 0
6113.510000 0.289415 0
6115.170000 0.308719 0
6116.830000 0.259581 0
6118.490000 0.234615 0
6120.150000 0.288058 0
6121.810000 0.275876 0
6123.470000 0.277967 0
6125.130000 0.246909 0
6126.790000 0.277750 0
6128.450000 0.272931 0
6130.110000 0.259387 0
6131.770000 0.261111 0
6133.430000 0.269553 0
6135.090000 0.251260 0
6136.750000 0.277454 0
6138.410000 0.273888 0
6140.070000 0.249075 0
6141.730000 0.252406 0
6143.390000 0.268020 0
6145.050000 0.246629 0
6146.710000 0.257196 0
6148.370000 0.266058 0
6150.030000 0.266629 0
6151.690000 0.246513 0
6153.350000 0.248209 0
6155.010000 0.246852 0
6156.670000 0.250691 0
6158.330000 0.261628 0
6159.990000 0.266733 0
6161.650000 0.285440 0
6163.310000 0.266061 0
6164.970000 0.255231 0
6166.630000 0.251563 0
6168.290000 0.259500 0
6169.950000 0.273226 0
6171.610000 0.262061 0
6173.270000 0.280777 0
6174.930000 0.273920 0
6176.590000 0.238814 0
6178.250000 0.255639 0
6179.910000 0.240098 0
6181.570000 0.236729 0
6183.230000 0.243813 0
6184.890000 0.240486 0
6186.550000 0.253283 0
6188.210000 0.235646 0
6189.870000 0.257315 0
6191.530000 0.247649 0
6193.190000 0.263219 0
6194.850000 0.248649 0
6196.510000 0.268600 0
6198.170000 0.260837 0
6199.830000 0.260936 0
6201.490000 0.286875 0
6203.150000 0.255910 0
6204.810000 0.252879 0
6206.470000 0.262325 0
6208.130000 0.263656 0
6209.790000 0.243267 0
6211.450000 0.255353 0
6213.110000 0.274059 0
6214.770000 0.286415 0
6216.430000 0.266359 0
6218.090000 0.243672 0
6219.750000 0.264635 0
6221.410000 0.256657 0
6223.070000 0.249592 0
6224.730000 0.262486 0
6226.390000 0.262974 0
6228.050000 0.269752 0
6229.710000 0.273145 0
6231.370000 0.250440 0
6233.030000 0.244157 0
6234.690000 0.219887 0
6236.350000 0.263057 0
6238.010000 0.262840 0
6239.670000 0.250686 0
6241.330000 0.247773 0
6242.990000 0.254370 0
6244.650000 0.272317 0
6246.310000 0.274394 0
6247.970000 0.272467 0
6249.630000 0.276190 0
6251.290000 0.263676 0
6252.950000 0.268897 0
6254.610000 0.265971 0
6256.270000 0.263316 0
6257.930000 0.265069 0
6259.590000 0.244514 0
6261.250000 0.260680 0
6262.910000 0.234024 0
6264.570000 0.267634 0
6266.230000 0.272769 0
6267.890000 0.257814 0
6269.550000 0.284450 0
6271.210000 0.262360 0
6272.870000 0.236597 0
6274.530000 0.255808 0
6276.190000 0.250319 0
6277.850000 0.250180 0
6279.510000 0.260256 0
6281.170000 0.243820 0
6282.830000 0.240068 0
6284.490000 0.270109 0
6286.150000 0.271464 0
6287.810000 0.269470 0
6289.470000 0.282495 0
6291.130000 0.279002 0
6292.790000 0.255122 0
6294.450000 0.253839 0
6296.110000 0.245883 0
6297.770000 0.237411 0
6299.430000 0.230768 0
6301.090000 0.249561 0
6302.750000 0.274495 0
6304.410000 0.283634 0
6306.070000 0.242239 0
6307.730000 0.271591 0
6309.390000 0.273940 0
6311.050000 0.245040 0
6312.710000 0.248791 0
6314.370000 0.259709 0
6316.030000 0.241311 0
6317.690000 0.290608 0
6319.350000 0.289201 0
6321.010000 0.254369 0
6322.670000 0.294133 0
6324.330000 0.293571 0
6325.990000 0.296083 0
6327.650000 0.265377 0
6329.310000 0.260256 0
6330.970000 0.252815 0
6332.630000 0.280885 0
6334.290000 0.251778 0
6335.950000 0.239934 0
6337.610000 0.232107 0
6339.270000 0.237996 0
6340.930000 0.263912 0
6342.590000 0.269492 0
6344.250000 0.257539 0
6345.910000 0.246022 0
6347.570000 0.258533 0
6349.230000 0.278985 0
6350.890000 0.282799 0
6352.550000 0.287319 0
6354.210000 0.271035 0
6355.870000 0.251105 0
6357.530000 0.263107 0
6359.190000 0.259465 0
6360.850000 0.254319 0
6362.510000 0.224693 0
6364.170000 0.261346 0
6365.830000 0.304940 0
6367.490000 0.256758 0
6369.150000 0.251964 0
6370.810000 0.245225 0
6372.470000 0.281938 0
6374.130000 0.289000 0
6375.790000 0.277255 0
6377.450000 0.269327 0
6379.110000 0.277278 0
6380.770000 0.279481 0
6382.430000 0.273896 0
6384.090000 0.260777 0
6385.750000 0.269783 0
6387.410000 0.278760 0
6389.070000 0.261367 0
6390.730000 0.267179 0
6392.390000 0.274155 0
6394.050000 0.275407 0
6395.710000 0.254856 0
6397.370000 0.258863 0
6399.030000 0.251884 0
6400.690000 0.246513 0
6402.350000 0.274599 0
6404.010000 0.267773 0
6405.670000 0.253372 0
6407.330000 0.255379 0
6408.990000 0.251436 0
6410.650000 0.249518 0
6412.310000 0.252772 0
6413.970000 0.246468 0
6415.630000 0.249939 0
6417.290000 0.251622 0
6418.950000 0.236722 0
6420.610000 0.246869 0
6422.270000 0.252701 0
6423.930000 0.245725 0
6425.590000 0.245941 0
6427.250000 0.255859 0
6428.910000 0.248082 0
6430.570000 0.217851 0
6432.230000 0.206895 0
6433.890000 0.222706 0
6435.550000 0.203695 0
6437.210000 0.199626 0
6438.870000 0.195561 0
6440.530000 0.207497 0
6442.190000 0.194632 0
6443.850000 0.209038 0
6445.510000 0.232816 0
6447.170000 0.212647 0
6448.830000 0.223949 0
6450.490000 0.230577 0
6452.150000 0.244710 0
6453.810000 0.254670 0
6455.470000 0.236187 0
6457.130000 0.242794 0
6458.790000 0.243800 0
6460.450000 0.254581 0
6462.110000 0.259452 0
6463.770000 0.229793 0
6465.430000 0.250944 0
6467.090000 0.249575 0
6468.750000 0.242438 0
6470.410000 0.234612 0
6472.070000 0.233186 0
6473.730000 0.240130 0
6475.390000 0.230363 0
6477.050000 0.257323 0
6478.710000 0.249119 0
6480.370000 0.270143 0
6482.030000 0.269253 0
6483.690000 0.283539 0
6485.350000 0.279864 0
6487.010000 0.249998 0
6488.670000 0.238713 0
6490.330000 0.264723 0
6491.990000 0.250343 0
6493.650000 0.245670 0
6495.310000 0.260319 0
6496.970000 0.215965 0
6498.630000 0.294958 0
6500.290000 0.278027 0
6501.950000 0.282362 0
6503.610000 0.251309 0
6505.270000 0.258012 0
6506.930000 0.241326 0
6508.590000 0.243965 0
6510.250000 0.224221 0
6511.910000 0.248724 0
6513.570000 0.229840 0
6515.230000 0.233094 0
6516.890000 0.229587 0
6518.550000 0.222620 0
6520.210000 0.240486 0
6521.870000 0.259300 0
6523.530000 0.271738 0
6525.190000 0.241749 0
6526.850000 0.267100 0
6528.510000 0.271423 0
6530.170000 0.227196 0
6531.830000 0.268983 0
6533.490000 0.262750 0
6535.150000 0.265891 0
6536.810000 0.242132 0
6538.470000 0.230603 0
6540.130000 0.253921 0
6541.790000 0.239970 0
6543.450000 0.238401 0
6545.110000 0.253943 0
6546.770000 0.266688 0
6548.430000 0.253925 0
6550.090000 0.247133 0
6551.750000 0.225275 0
6553.410000 0.261613 0
6555.070000 0.269095 0
6556.730000 0.245399 0
6558.390000 0.248641 0
6560.050000 0.237502 0
6561.710000 0.250819 0
6563.370000 0.231562 0
6565.030000 0.256217 0
6566.690000 0.247354 0
6568.350000 0.241712 0
6570.010000 0.250548 0
6571.670000 0.255503 0
6573.330000 0.238329 0
6574.990000 0.197193 0
6576.650000 0.235567 0
6578.310000 0.242758 0
6579.970000 0.256007 0
6581.630000 0.244019 0
6583.290000 0.279564 0
6584.950000 0.248533 0
6586.610000 0.231104 0
6588.270000 0.244102 0
6589.930000 0.220020 0
6591.590000 0.231790 0
6593.250000 0.247157 0
6594.910000 0.232847 0
6596.570000 0.211944 0
6598.230000 0.223317 0
6599.890000 0.221647 0
6601.550000 0.212507 0
6603.210000 0.215638 0
6604.870000 0.243412 0
6606.530000 0.243931 0
6608.190000 0.238796 0
6609.850000 0.245943 0
6611.510000 0.248488 0
6613.170000 0.223595 0
6614.830000 0.238003 0
6616.490000 0.226657 0
6618.150000 0.224912 0
6619.810000 0.226574 0
6621.470000 0.211438 0
6623.130000 0.231240 0
6624.790000 0.235990 0
6626.450000 0.232440 0
6628.110000 0.220479 0
6629.770000 0.213313 0
6631.430000 0.208931 0
6633.090000 0.202803 0
6634.750000 0.225812 0
6636.410000 0.227266 0
6638.070000 0.213219 0
6639.730000 0.217215 0
6641.390000 0.226318 0
6643.050000 0.217426 0
6644.710000 0.207633 0
6646.370000 0.206635 0
6648.030000 0.211468 0
6649.690000 0.225528 0
6651.350000 0.227654 0
6653.010000 0.218564 0
6654.670000 0.209799 0
6656.330000 0.222064 0
6657.990000 0.221815 0
6659.650000 0.228212 0
6661.310000 0.225445 0
6662.970000 0.242655 0
6664.630000 0.225497 0
6666.290000 0.219134 0
6667.950000 0.227330 0
6669.610000 0.219868 0
6671.270000 0.213908 0
6672.930000 0.224867 0
6674.590000 0.201461 0
6676.250000 0.194041 0
6677.910000 0.202216 0
6679.570000 0.220603 0
6681.230000 0.224681 0
6682.890000 0.220186 0
6684.550000 0.220547 0
6686.210000 0.222926 0
6687.870000 0.210638 0
6689.530000 0.230308 0
6691.190000 0.214646 0
6692.850000 0.258950 0
6694.510000 0.253431 0
6696.170000 0.248413 0
6697.830000 0.236954 0
6699.490000 0.230565 0
6701.150000 0.226188 0
6702.810000 0.229146 0
6704.470000 0.237337 0
6706.130000 0.228550 0
6707.790000 0.206847 0
6709.450000 0.224537 0
6711.110000 0.221572 0
6712.770000 0.224635 0
6714.430000 0.215093 0
6716.090000 0.218597 0
6717.750000 0.216358 0
6719.410000 0.211417 0
6721.070000 0.211391 0
6722.730000 0.216739 0
6724.390000 0.212752 0
6726.050000 0.225184 0
6727.710000 0.208690 0
6729.370000 0.194460 0
6731.030000 0.218445 0
6732.690000 0.209102 0
6734.350000 0.222891 0
6736.010000 0.223372 0
6737.670000 0.244895 0
6739.330000 0.213866 0
6740.990000 0.226014 0
6742.650000 0.237454 0
6744.310000 0.229484 0
6745.970000 0.216801 0
6747.630000 0.227928 0
6749.290000 0.211414 0
6750.950000 0.208865 0
6752.610000 0.227445 0
6754.270000 0.216996 0
6755.930000 0.203923 0
6757.590000 0.221862 0
6759.250000 0.222260 0
6760.910000 0.213588 0
6762.570000 0.227435 0
6764.230000 0.211125 0
6765.890000 0.211180 0
6767.550000 0.223975 0
6769.210000 0.226674 0
6770.870000 0.221708 0
6772.530000 0.234253 0
6774.190000 0.239616 0
6775.850000 0.219666 0
6777.510000 0.217163 0
6779.170000 0.215873 0
6780.830000 0.215162 0
6782.490000 0.208440 0
6784.150000 0.224868 0
6785.810000 0.211181 0
6787.470000 0.212195 0
6789.130000 0.216692 0
6790.790000 0.206845 0
6792.450000 0.201419 0
6794.110000 0.219168 0
6795.770000 0.208699 0
6797.430000 0.202054 0
6799.090000 0.218297 0
6800.750000 0.224629 0
6802.410000 0.202867 0
6804.070000 0.205784 0
6805.730000 0.211149 0
6807.390000 0.212947 0
6809.050000 0.220492 0
6810.710000 0.201172 0
6812.370000 0.200138 0
6814.030000 0.189278 0
6815.690000 0.214171 0
6817.350000 0.213839 0
6819.010000 0.198171 0
6820.670000 0.195585 0
6822.330000 0.195400 0
6823.990000 0.206431 0
6825.650000 0.194358 0
6827.310000 0.176086 0
6828.970000 0.223254 0
6830.630000 0.197841 0
6832.290000 0.219194 0
6833.950000 0.204554 0
6835.610000 0.214836 0
6837.270000 0.210466 0
6838.930000 0.187630 0
6840.590000 0.196606 0
6842.250000 0.169362 0
6843.910000 0.169012 0
6845.570000 0.151183 0
6847.230000 0.151419 0
6848.890000 0.164575 0
6850.550000 0.168715 0
6852.210000 0.186996 0
6853.870000 0.185351 0
6855.530000 0.199129 0
6857.190000 0.193727 0
6858.850000 0.187718 0
6860.510000 0.152894 0
6862.170000 0.177293 0
6863.830000 0.166323 0
6865.490000 0.174585 0
6867.150000 0.158599 0
6868.810000 0.128692 0
6870.470000 0.128532 0
6872.130000 0.151249 0
6873.790000 0.168968 0
6875.450000 0.167700 0
6877.110000 0.164716 0
6878.770000 0.166709 0
6880.430000 0.172618 0
6882.090000 0.174713 0
6883.750000 0.188563 0
6885.410000 0.182361 0
6887.070000 0.163200 0
6888.730000 0.180084 0
6890.390000 0.170143 0
6892.050000 0.173306 0
6893.710000 0.171595 0
6895.370000 0.166330 0
6897.030000 0.170141 0
6898.690000 0.161960 0
6900.350000 0.173569 0
6902.010000 0.180336 0
6903.670000 0.192476 0
6905.330000 0.192100 0
6906.990000 0.192960 0
6908.650000 0.184554 0
6910.310000 0.191286 0
6911.970000 0.204520 0
6913.630000 0.198100 0
6915.290000 0.202866 0
6916.950000 0.182359 0
6918.610000 0.184822 0
6920.270000 0.185586 0
6921.930000 0.145836 0
6923.590000 0.193465 0
6925.250000 0.193233 0
6926.910000 0.219751 0
6928.570000 0.201151 0
6930.230000 0.198528 0
6931.890000 0.198971 0
6933.550000 0.198525 0
6935.210000 0.211010 0
6936.870000 0.214639 0
6938.530000 0.194641 0
6940.190000 0.193854 0
6941.850000 0.198327 0
6943.510000 0.213870 0
6945.170000 0.198074 0
6946.830000 0.188415 0
6948.490000 0.188211 0
6950.150000 0.211590 0
6951.810000 0.221714 0
6953.470000 0.210562 0
6955.130000 0.196557 0
6956.790000 0.205358 0
6958.450000 0.184562 0
6960.110000 0.196964 0
6961.770000 0.197435 0
6963.430000 0.211275 0
6965.090000 0.190757 0
6966.750000 0.203972 0
6968.410000 0.202882 0
6970.070000 0.181135 0
6971.730000 0.190241 0
6973.390000 0.157531 0
6975.050000 0.181373 0
6976.710000 0.183777 0
6978.370000 0.162045 0
6980.030000 0.189876 0
6981.690000 0.184460 0
6983.350000 0.195547 0
6985.010000 0.192207 0
6986.670000 0.197687 0
6988.330000 0.190563 0
6989.990000 0.197992 0
6991.650000 0.202876 0
6993.310000 0.194152 0
6994.970000 0.208578 0
6996.630000 0.223137 0
6998.290000 0.202794 0
6999.950000 0.212284 0
7001.610000 0.227937 0
7003.270000 0.210463 0
7004.930000 0.194483 0
7006.590000 0.223005 0
7008.250000 0.220442 0
7009.910000 0.203854 0
7011.570000 0.196818 0
7013.230000 0.196834 0
7014.890000 0.199021 0
7016.550000 0.192958 0
7018.210000 0.174508 0
7019.870000 0.179995 0
7021.530000 0.203792 0
7023.190000 0.192783 0
7024.850000 0.199991 0
7026.510000 0.200780 0
7028.170000 0.204984 0
7029.830000 0.193256 0
7031.490000 0.200106 0
7033.150000 0.212252 0
7034.810000 0.209698 0
7036.470000 0.227354 0
7038.130000 0.211708 0
7039.790000 0.205371 0
7041.450000 0.212002 0
7043.110000 0.176920 0
7044.770000 0.187777 0
7046.430000 0.172222 0
7048.090000 0.185136 0
7049.750000 0.182901 0
7051.410000 0.180246 0
7053.070000 0.175591 0
7054.730000 0.169615 0
7056.390000 0.172734 0
7058.050000 0.180779 0
7059.710000 0.184578 0
7061.370000 0.195280 0
7063.030000 0.204293 0
7064.690000 0.205038 0
7066.350000 0.201129 0
7068.010000 0.181399 0
7069.670000 0.191449 0
7071.330000 0.194307 0
7072.990000 0.181410 0
7074.650000 0.188303 0
7076.310000 0.193280 0
7077.970000 0.173527 0
7079.630000 0.181992 0
7081.290000 0.185213 0
7082.950000 0.172665 0
7084.610000 0.203427 0
7086.270000 0.183710 0
7087.930000 0.199361 0
7089.590000 0.211576 0
7091.250000 0.210456 0
7092.910000 0.215255 0
7094.570000 0.185327 0
7096.230000 0.188616 0
7097.890000 0.198567 0
7099.550000 0.206540 0
7101.210000 0.207320 0
7102.870000 0.194550 0
7104.530000 0.186285 0
7106.190000 0.179208 0
7107.850000 0.188004 0
7109.510000 0.174377 0
7111.170000 0.164047 0
7112.830000 0.192163 0
7114.490000 0.176239 0
7116.150000 0.185888 0
7117.810000 0.178652 0
7119.470000 0.186387 0
7121.130000 0.172834 0
7122.790000 0.195113 0
7124.450000 0.190412 0
7126.110000 0.182473 0
7127.770000 0.186657 0
7129.430000 0.181486 0
7131.090000 0.186520 0
7132.750000 0.195242 0
7134.410000 0.198097 0
7136.070000 0.180181 0
7137.730000 0.177020 0
7139.390000 0.175524 0
7141.050000 0.175298 0
7142.710000 0.177417 0
7144.370000 0.172069 0
7146.030000 0.171941 0
7147.690000 0.178295 0
7149.350000 0.176835 0
7151.010000 0.173189 0
7152.670000 0.166452 0
7154.330000 0.180647 0
7155.990000 0.150632 0
7157.650000 0.163601 0
7159.310000 0.160599 0
7160.970000 0.169387 0
7162.630000 0.166791 0
7164.290000 0.163096 0
7165.950000 0.173410 0
7167.610000 0.174050 0
7169.270000 0.185321 0
7170.930000 0.186828 0
7172.590000 0.176332 0
7174.250000 0.192945 0
7175.910000 0.174693 0
7177.570000 0.165402 0
7179.230000 0.177080 0
7180.890000 0.186384 0
7182.550000 0.164115 0
7184.210000 0.155271 0
7185.870000 0.159579 0
7187.530000 0.157619 0
7189.190000 0.181251 0
7190.850000 0.173629 0
7192.510000 0.169402 0
7194.170000 0.163302 0
7195.830000 0.161059 0
7197.490000 0.174317 0
7199.150000 0.177554 0
7200.810000 0.177577 0
7202.470000 0.171429 0
7204.130000 0.168907 0
7205.790000 0.197557 0
7207.450000 0.187290 0
7209.110000 0.177615 0
7210.770000 0.180538 0
7212.430000 0.172426 0
7214.090000 0.171066 0
7215.750000 0.175264 0
7217.410000 0.171975 0
7219.070000 0.164735 0
7220.730000 0.174099 0
7222.390000 0.174363 0
7224.050000 0.166106 0
7225.710000 0.145780 0
7227.370000 0.171591 0
7229.030000 0.162975 0
7230.690000 0.164737 0
7232.350000 0.167762 0
7234.010000 0.151155 0
7235.670000 0.176265 0
7237.330000 0.165147 0
7238.990000 0.189084 0
7240.650000 0.177648 0
7242.310000 0.159288 0
7243.970000 0.162264 0
7245.630000 0.172269 0
7247.290000 0.124229 0
7248.950000 0.172581 0
7250.610000 0.195079 0
7252.270000 0.174006 0
7253.930000 0.158678 0
7255.590000 0.156948 0
7257.250000 0.154753 0
7258.910000 0.156985 0
7260.570000 0.157857 0
7262.230000 0.166218 0
7263.890000 0.171033 0
7265.550000 0.178621 0
7267.210000 0.166326 0
7268.870000 0.167097 0
7270.530000 0.172752 0
7272.190000 0.185726 0
7273.850000 0.212697 0
7275.510000 0.191467 0
7277.170000 0.177659 0
7278.830000 0.127582 0
7280.490000 0.159800 0
7282.150000 0.183240 0
7283.810000 0.173510 0
7285.470000 0.158045 0
7287.130000 0.141754 0
7288.790000 0.152868 0
7290.450000 0.156544 0
7292.110000 0.148547 0
7293.770000 0.160807 0
7295.430000 0.156099 0
7297.090000 0.142235 0
7298.750000 0.143327 0
7300.410000 0.152034 0
7302.070000 0.144172 0
7303.730000 0.148389 0
7305.390000 0.118229 0
7307.050000 0.133274 0
7308.710000 0.158766 0
7310.370000 0.164084 0
7312.030000 0.168755 0
7313.690000 0.212076 0
7315.350000 0.180046 0
7317.010000 0.156886 0
7318.670000 0.109145 0
7320.330000 0.126479 0
7321.990000 0.154620 0
7323.650000 0.160273 0
7325.310000 0.179942 0
7326.970000 0.164503 0
7328.630000 0.154855 0
7330.290000 0.152521 0
7331.950000 0.129518 0
7333.610000 0.149104 0
7335.270000 0.154897 0
7336.930000 0.179500 0
7338.590000 0.218180 0
7340.250000 0.174857 0
7341.910000 0.148352 0
7343.570000 0.086610 0
7345.230000 0.140850 0
7346.890000 0.149937 0
7348.550000 0.160816 0
7350.210000 0.153616 0
7351.870000 0.159961 0
7353.530000 0.154106 0
7355.190000 0.177989 0
7356.850000 0.181266 0
7358.510000 0.155407 0
7360.170000 0.145713 0
7361.830000 0.124887 0
7363.490000 0.143382 0
7365.150000 0.164053 0
7366.810000 0.212918 0
7368.470000 0.146984 0
7370.130000 0.130142 0
7371.790000 0.105366 0
7373.450000 0.135934 0
7375.110000 0.152237 0
7376.770000 0.159274 0
7378.430000 0.154124 0
7380.090000 0.145234 0
7381.750000 0.164996 0
7383.410000 0.153776 0
7385.070000 0.157314 0
7386.730000 0.150705 0
7388.390000 0.160660 0
7390.050000 0.162706 0
7391.710000 0.153842 0
7393.370000 0.161994 0
7395.030000 0.150954 0
7396.690000 0.147039 0
7398.350000 0.145407 0
7400.010000 0.168851 0
7401.670000 0.144587 0
7403.330000 0.128321 0
7404.990000 0.124362 0
7406.650000 0.144491 0
7408.310000 0.160042 0
7409.970000 0.141419 0
7411.630000 0.157074 0
7413.290000 0.160667 0
7414.950000 0.133248 0
7416.610000 0.137756 0
7418.270000 0.141773 0
7419.930000 0.157974 0
7421.590000 0.149780 0
7423.250000 0.146668 0
7424.910000 0.146140 0
7426.570000 0.156898 0
7428.230000 0.152733 0
7429.890000 0.149452 0
7431.550000 0.154073 0
7433.210000 0.148652 0
7434.870000 0.149159 0
7436.530000 0.171839 0
7438.190000 0.141860 0
7439.850000 0.129834 0
7441.510000 0.130153 0
7443.170000 0.147867 0
7444.830000 0.152618 0
7446.490000 0.137077 0
7448.150000 0.142321 0
7449.810000 0.145816 0
7451.470000 0.142741 0
7453.130000 0.140836 0
7454.790000 0.137012 0
7456.450000 0.131620 0
7458.110000 0.152154 0
7459.770000 0.160529 0
7461.430000 0.141211 0
7463.090000 0.137789 0
7464.750000 0.145569 0
7466.410000 0.144948 0
7468.070000 0.150128 0
7469.730000 0.149483 0
7471.390000 0.150303 0
7473.050000 0.134686 0
7474.710000 0.118734 0
7476.370000 0.139470 0
7478.030000 0.134096 0
7479.690000 0.155415 0
7481.350000 0.141776 0
7483.010000 0.153708 0
7484.670000 0.143513 0
7486.330000 0.128592 0
7487.990000 0.151978 0
7489.650000 0.136134 0
7491.310000 0.131250 0
7492.970000 0.120912 0
7494.630000 0.133373 0
7496.290000 0.134307 0
7497.950000 0.134994 0
7499.610000 0.146126 0
7501.270000 0.140741 0
7502.930000 0.137561 0
7504.590000 0.138976 0
7506.250000 0.133403 0
7507.910000 0.131613 0
7509.570000 0.136078 0
7511.230000 0.131363 0
7512.890000 0.138292 0
7514.550000 0.137157 0
7516.210000 0.148300 0
7517.870000 0.147786 0
7519.530000 0.143996 0
7521.190000 0.149569 0
7522.850000 0.117336 0
7524.510000 0.105740 0
7526.170000 0.122304 0
7527.830000 0.131240 0
7529.490000 0.130472 0
7531.150000 0.145194 0
7532.810000 0.126112 0
7534.470000 0.132739 0
7536.130000 0.130784 0
7537.790000 0.147620 0
7539.450000 0.136226 0
7541.110000 0.140829 0
7542.770000 0.133979 0
7544.430000 0.137625 0
7546.090000 0.122857 0
7547.750000 0.138583 0
7549.410000 0.135501 0
7551.070000 0.133701 0
7552.730000 0.118833 0
7554.390000 0.112682 0
7556.050000 0.136593 0
7557.710000 0.132836 0
7559.370000 0.126412 0
7561.030000 0.132374 0
7562.690000 0.133547 0
7564.350000 0.134224 0
7566.010000 0.149075 0
7567.670000 0.146782 0
7569.330000 0.136519 0
7570.990000 0.126911 0
7572.650000 0.138071 0
7574.310000 0.144230 0
7575.970000 0.119738 0
7577.630000 0.137514 0
7579.290000 0.143297 0
7580.950000 0.140682 0
7582.610000 0.138693 0
7584.270000 0.140475 0
7585.930000 0.133676 0
7587.590000 0.124943 0
7589.250000 0.135348 0
7590.910000 0.149449 0
7592.570000 0.135857 0
7594.230000 0.123442 0
7595.890000 0.147006 0
7597.550000 0.149145 0
7599.210000 0.137446 0
7600.870000 0.124632 1
7602.530000 0.125956 1
7604.190000 0.142151 1
7605.850000 0.146735 1
7607.510000 0.154024 1
7609.170000 0.147788 1
7610.830000 0.162251 1
7612.490000 0.151238 1
7614.150000 0.150927 1
7615.810000 0.129685 1
7617.470000 0.141391 1
7619.130000 0.143372 1
7620.790000 0.140239 1
7622.450000 0.122431 1
7624.110000 0.135353 1
7625.770000 0.117604 1
7627.430000 0.135223 1
7629.090000 0.131425 1
7630.750000 0.128837 1
7632.410000 0.152480 1
7634.070000 0.131670 1
7635.730000 0.129973 1
7637.390000 0.121509 1
7639.050000 0.115254 1
7640.710000 0.114290 1
7642.370000 0.137148 1
7644.030000 0.111601 1
7645.690000 0.113815 1
7647.350000 0.109805 1
7649.010000 0.101129 1
7650.670000 0.091365 1
7652.330000 0.101217 1
7653.990000 0.103401 1
7655.650000 0.102469 1
7657.310000 0.111243 1
7658.970000 0.076841 1
7660.630000 0.058198 1
7662.290000 0.075963 1
7663.950000 0.088534 1
7665.610000 0.088305 1
7667.270000 0.082483 1
7668.930000 0.090625 1
7670.590000 0.085948 1
7672.250000 0.082058 1
7673.910000 0.066475 1
7675.570000 0.075951 1
7677.230000 0.063709 1
7678.890000 0.066028 1
7680.550000 0.059383 1
7682.210000 0.067720 1
7683.870000 0.061569 1
7685.530000 0.054502 1
7687.190000 0.042427 1
7688.850000 0.038466 1
7690.510000 0.037554 1
7692.170000 0.043356 1
7693.830000 0.039999 1
7695.490000 0.036368 1
7697.150000 0.030134 1
7698.810000 0.037193 1
7700.470000 0.019225 1
7702.130000 0.024154 1
7703.790000 0.037396 1
7705.450000 0.021416 1
7707.110000 0.023292 1
7708.770000 0.014133 1
7710.430000 -0.029500 1
7712.090000 -0.076989 1
7713.750000 -0.083381 1
7715.410000 -0.096094 1
7717.070000 -0.067052 1
7718.730000 -0.035875 1
7720.390000 -0.022218 1
7722.050000 0.004056 1
7723.710000 -0.004206 1
7725.370000 0.003240 1
7727.030000 -0.007725 1
7728.690000 -0.008368 1
7730.350000 0.014697 1
7732.010000 0.009329 1
7733.670000 0.002633 1
7735.330000 -0.010982 1
7736.990000 -0.002109 1
7738.650000 -0.014083 1
7740.310000 -0.011827 1
7741.970000 -0.008916 1
7743.630000 -0.004034 1
7745.290000 -0.005245 1
7746.950000 -0.051277 1
7748.610000 -0.116858 1
7750.270000 -0.149282 1
7751.930000 -0.116870 1
7753.590000 -0.042767 1
7755.250000 -0.018801 1
7756.910000 -0.023320 1
7758.570000 -0.045152 1
7760.230000 -0.057349 1
7761.890000 -0.027083 1
7763.550000 -0.011856 1
7765.210000 -0.007698 1
7766.870000 -0.003469 1
7768.530000 -0.012910 1
7770.190000 -0.022461 1
7771.850000 -0.025654 1
7773.510000 -0.023662 1
7775.170000 -0.019406 1
7776.830000 -0.021585 1
7778.490000 -0.033959 1
7780.150000 -0.034593 1
7781.810000 -0.011734 1
7783.470000 -0.012319 1
7785.130000 -0.008512 1
7786.790000 -0.009398 1
7788.450000 -0.020835 1
7790.110000 -0.043387 1
7791.770000 -0.060726 1
7793.430000 -0.054440 1
7795.090000 -0.020942 1
7796.750000 -0.012307 1
7798.410000 -0.007969 1
7800.070000 -0.007582 1
7801.730000 -0.007374 1
7803.390000 -0.012130 1
7805.050000 -0.021643 1
7806.710000 -0.016512 1
7808.370000 -0.014458 1
7810.030000 -0.004186 1
7811.690000 -0.001315 1
7813.350000 -0.002227 1
7815.010000 -0.003830 1
7816.670000 -0.011287 1
7818.330000 -0.028468 1
7819.990000 -0.014765 1
7821.650000 -0.006927 1
7823.310000 -0.003471 1
7824.970000 -0.000364 1
7826.630000 -0.002389 1
7828.290000 -0.003551 1
7829.950000 -0.002234 1
7831.610000 -0.008464 1
7833.270000 -0.003363 1
7834.930000 0.000572 1
7836.590000 0.002638 1
7838.250000 -0.004942 1
7839.910000 0.005510 1
7841.570000 0.010922 1
7843.230000 -0.003440 1
7844.890000 -0.000164 1
7846.550000 -0.002247 1
7848.210000 0.003724 1
7849.870000 -0.003377 1
7851.530000 -0.003382 1
7853.190000 -0.003185 1
7854.850000 -0.005466 1
7856.510000 -0.006111 1
7858.170000 0.000271 1
7859.830000 -0.001372 1
7861.490000 0.002466 1
7863.150000 0.005710 1
7864.810000 0.004041 1
7866.470000 0.000818 1
7868.130000 0.000842 1
7869.790000 0.002453 1
7871.450000 0.003980 1
7873.110000 0.002871 1
7874.770000 -0.002721 1
7876.430000 -0.004870 1
7878.090000 -0.005206 1
7879.750000 0.000667 1
7881.410000 -0.005803 1
7883.070000 -0.005720 1
7884.730000 0.004719 1
7886.390000 -0.000845 1
7888.050000 -0.001173 1
7889.710000 -0.003548 1
7891.370000 0.005307 1
7893.030000 0.000191 1
7894.690000 0.004802 1
7896.350000 0.001210 1
7898.010000 0.004458 1
7899.670000 -0.001628 1
7901.330000 -0.001534 1
7902.990000 0.002759 1
7904.650000 -0.000790 1
7906.310000 0.002445 1
7907.970000 -0.004144 1
7909.630000 0.004628 1
7911.290000 0.002547 1
7912.950000 -0.003807 1
7914.610000 -0.004073 1
7916.270000 -0.000192 1
7917.930000 0.007568 1
7919.590000 0.000882 1
7921.250000 0.006628 1
7922.910000 -0.000010 1
7924.570000 -0.003949 1
7926.230000 0.000394 1
7927.890000 0.001137 1
7929.550000 -0.000644 1
7931.210000 -0.003023 1
7932.870000 -0.001278 1
7934.530000 -0.008693 1
7936.190000 0.000052 1
7937.850000 0.009498 1
7939.510000 0.000000 1
7941.170000 0.000000 1
7942.830000 0.000000 1
7944.490000 0.000000 1
7946.150000 0.000000 1
7947.810000 0.000000 1
7949.470000 0.000000 1
7951.130000 0.000000 1
7952.790000 0.000000 1
7954.450000 0.000000 1
7956.110000 0.000000 1
7957.770000 0.000000 1
7959.430000 0.000000 1
7961.090000 0.000000 1
7962.750000 0.000000 1
7964.410000 0.000000 1
7966.070000 0.000000 1
7967.730000 0.000000 1
7969.390000 0.000000 1
7971.050000 0.000000 1
7972.710000 0.000000 1
7974.370000 0.000000 1
7976.030000 0.000000 1
7977.690000 0.000000 1
7979.350000 0.000000 1
7981.010000 0.000000 1
7982.670000 0.000000 1
7984.330000 0.000000 1
7985.990000 0.000000 1
7987.650000 0.000000 1
7989.310000 0.000000 1
7990.970000 0.000000 1
7992.630000 0.000000 1
7994.290000 0.000000 1
7995.950000 0.000000 1
7997.610000 0.000000 1
7999.270000 0.000000 1
8000.930000 0.000000 1
8002.590000 0.000000 1
8004.250000 0.000000 1
8005.910000 0.000000 1
8007.570000 0.000000 1
8009.230000 0.000000 1
8010.890000 0.000000 1
8012.550000 0.000000 1
8014.210000 0.000000 1
8015.870000 0.000000 1
8017.530000 0.000000 1
8019.190000 0.000000 1
8020.850000 0.000000 1
8022.510000 0.000000 1
8024.170000 0.000000 1
8025.830000 0.000000 1
8027.490000 0.000000 1
8029.150000 0.000000 1
8030.810000 0.000000 1
8032.470000 0.000000 1
8034.130000 0.000000 1
8035.790000 0.000000 1
8037.450000 0.000000 1
8039.110000 0.000000 1
8040.770000 0.000000 1
8042.430000 0.000000 1
8044.090000 0.000000 1
8045.750000 0.000000 1
8047.410000 0.000000 1
8049.070000 0.000000 1
8050.730000 0.000000 1
8052.390000 0.000000 1
8054.050000 0.000000 1
8055.710000 0.000000 1
8057.370000 0.000000 1
8059.030000 0.000000 1
8060.690000 0.000000 1
8062.350000 0.000000 1
8064.010000 0.000000 1
8065.670000 0.000000 1
8067.330000 0.000000 1
8068.990000 0.000000 1
8070.650000 0.000000 1
8072.310000 0.000000 1
8073.970000 0.000000 1
8075.630000 0.000000 1
8077.290000 0.000000 1
8078.950000 0.000000 1
8080.610000 0.000000 1
8082.270000 0.000000 1
8083.930000 0.000000 1
8085.590000 0.000000 1
8087.250000 0.000000 1
8088.910000 0.000000 1
8090.570000 0.000000 1
8092.230000 0.000000 1
8093.890000 0.000000 1
8095.550000 0.000000 1
8097.210000 0.000000 1
8098.870000 0.000000 1
8100.530000 0.000000 1
8102.190000 0.000000 1
8103.850000 0.000000 1
8105.510000 0.000000 1
8107.170000 0.000000 1
8108.830000 0.000000 1
8110.490000 0.000000 1
8112.150000 0.000000 1
8113.810000 0.000000 1
8115.470000 0.000000 1
8117.130000 0.000000 1
8118.790000 0.000000 1
8120.450000 0.000000 1
8122.110000 0.000000 1
8123.770000 0.000000 1
8125.430000 0.000000 1
8127.090000 0.000000 1
8128.750000 0.000000 1
8130.410000 0.000000 1
8132.070000 0.000000 1
8133.730000 0.000000 1
8135.390000 0.000000 1
8137.050000 0.000000 1
8138.710000 0.000000 1
8140.370000 0.000000 1
8142.030000 0.000000 1
8143.690000 0.000000 1
8145.350000 0.000000 1
8147.010000 0.000000 1
8148.670000 0.000000 1
8150.330000 0.000000 1
8151.990000 0.000000 1
8153.650000 0.000000 1
8155.310000 0.000000 1
8156.970000 0.000000 1
8158.630000 0.000000 1
8160.290000 0.000000 1
8161.950000 0.000000 1
8163.610000 0.000000 1
8165.270000 0.000000 1
8166.930000 0.000000 1
8168.590000 0.000000 1
8170.250000 0.000000 1
8171.910000 0.000000 1
8173.570000 0.000000 1
8175.230000 0.000000 1
8176.890000 0.000000 1
8178.550000 0.000000 1
8180.210000 0.000000 1
8181.870000 0.000000 1
8183.530000 0.000000 1
8185.190000 0.000000 1
8186.850000 0.000000 1
8188.510000 0.000000 1
8190.170000 0.000000 1
8191.830000 0.000000 1
8193.490000 0.000000 1
8195.150000 0.000000 1
8196.810000 0.000000 1
8198.470000 0.000000 1
8200.130000 0.000000 1
8201.790000 0.000000 1
8203.450000 0.000000 1
8205.110000 0.000000 1
8206.770000 0.000000 1
8208.430000 0.000000 1
8210.090000 0.000000 1
8211.750000 0.000000 1
8213.410000 0.000000 1
8215.070000 0.000000 1
8216.730000 0.000000 1
8218.390000 0.000000 1
8220.050000 0.000000 1
8221.710000 0.000000 1
8223.370000 0.000000 1
8225.030000 0.000000 1
8226.690000 0.000000 1
8228.350000 0.000000 1
8230.010000 0.000000 1
8231.670000 0.000000 1
8233.330000 0.000000 1
8234.990000 0.000000 1
8236.650000 0.000000 1
8238.310000 0.000000 1
8239.970000 0.000000 1
8241.630000 0.000000 1
8243.290000 0.000000 1
8244.950000 0.000000 1
8246.610000 0.000000 1
8248.270000 0.000000 1
8249.930000 0.000000 1
8251.590000 0.000000 1
8253.250000 0.000000 1
8254.910000 0.000000 1
8256.570000 0.000000 1
8258.230000 0.000000 1
8259.890000 0.000000 1
8261.550000 0.000000 1
8263.210000 0.000000 1
8264.870000 0.000000 1
8266.530000 0.000000 1
8268.190000 0.000000 1
8269.850000 0.000000 1
8271.510000 0.000000 1
8273.170000 0.000000 1
8274.830000 0.000000 1
8276.490000 0.000000 1
8278.150000 0.000000 1
8279.810000 0.000000 1
8281.470000 0.000000 1
8283.130000 0.000000 1
8284.790000 0.000000 1
8286.450000 0.000000 1
8288.110000 0.000000 1
8289.770000 0.000000 1
8291.430000 0.000000 1
8293.090000 0.000000 1
8294.750000 0.000000 1
8296.410000 0.000000 1
8298.070000 0.000000 1
8299.730000 0.000000 1
8301.390000 0.000000 1
8303.050000 0.000000 1
8304.710000 0.000000 1
8306.370000 0.000000 1
8308.030000 0.000000 1
8309.690000 0.000000 1
8311.350000 0.000000 1
8313.010000 0.000000 1
8314.670000 0.000000 1
8316.330000 0.000000 1
8317.990000 0.000000 1
8319.650000 0.000000 1
8321.310000 0.000000 1
8322.970000 0.000000 1
8324.630000 0.000000 1
8326.290000 0.000000 1
8327.950000 0.000000 1
8329.610000 0.000000 1
8331.270000 0.000000 1
8332.930000 0.000000 1
8334.590000 0.000000 1
8336.250000 0.000000 1
8337.910000 0.000000 1
8339.570000 0.000000 1
8341.230000 0.000000 1
8342.890000 0.000000 1
8344.550000 0.000000 1
8346.210000 0.000000 1
8347.870000 0.000000 1
8349.530000 0.000000 1
8351.190000 0.000000 1
8352.850000 0.000000 1
8354.510000 0.000000 1
8356.170000 0.000000 1
8357.830000 0.000000 1
8359.490000 0.000000 1
8361.150000 0.000000 1
8362.810000 0.000000 1
8364.470000 0.000000 1
8366.130000 0.000000 1
8367.790000 0.000000 1
8369.450000 0.000000 1
8371.110000 0.000000 1
8372.770000 0.000000 1
8374.430000 0.000000 1
8376.090000 0.000000 1
8377.750000 0.000000 1
8379.410000 0.000000 1
8381.070000 0.000000 1
8382.730000 0.000000 1
8384.390000 0.000000 1
8386.050000 0.000000 1
8387.710000 0.000000 1
8389.370000 0.000000 1
8391.030000 0.000000 1
8392.690000 0.000000 1
8394.350000 0.000000 1
8396.010000 0.000000 1
8397.670000 0.000000 1
8399.330000 0.000000 1
8400.990000 0.000000 1
8402.650000 0.000000 1
8404.310000 0.000000 1
8405.970000 0.000000 1
8407.630000 0.000000 1
8409.290000 0.000000 1
8410.950000 0.000000 1
8412.610000 0.000000 1
8414.270000 0.000000 1
8415.930000 0.000000 1
8417.590000 0.000000 1
8419.250000 0.000000 1
8420.910000 0.000000 1
8422.570000 0.000000 1
8424.230000 0.000000 1
8425.890000 0.000000 1
8427.550000 0.000000 1
8429.210000 0.000000 1
8430.870000 0.000000 1
8432.530000 0.000000 1
8434.190000 0.000000 1
8435.850000 0.000000 1
8437.510000 0.000000 1
8439.170000 0.000000 1
8440.830000 0.000000 1
8442.490000 0.000000 1
8444.150000 0.000000 1
8445.810000 0.000000 1
8447.470000 0.000000 1
8449.130000 0.000000 1
8450.790000 0.000000 1
8452.450000 0.000000 1
8454.110000 0.000000 1
8455.770000 0.000000 1
8457.430000 0.000000 1
8459.090000 0.000000 1
8460.750000 0.000000 1
8462.410000 0.000000 1
8464.070000 0.000000 1
8465.730000 0.000000 1
8467.390000 0.000000 1
8469.050000 0.000000 1
8470.710000 0.000000 1
8472.370000 0.000000 1
8474.030000 0.000000 1
8475.690000 0.000000 1
8477.350000 0.000000 1
