# obs: 255763
# slit: 10
# z: 0.68833
# lines: [OII],H9,H
# spec: 205
4451.680000 0.000000 1
4455.040000 0.000000 1
4458.400000 0.000000 1
4461.760000 0.000000 1
4465.120000 0.000000 1
4468.480000 -0.010796 1
4471.840000 -0.041364 1
4475.200000 -0.023645 1
4478.560000 -0.035101 1
4481.920000 -0.037010 1
4485.280000 0.024510 1
4488.640000 0.017969 1
4492.000000 0.011590 1
4495.360000 0.014342 1
4498.720000 0.017200 1
4502.080000 0.007026 1
4505.440000 0.005261 1
4508.800000 0.025438 1
4512.160000 0.020205 0
4515.520000 0.024825 0
4518.880000 0.026473 0
4522.240000 0.003749 0
4525.600000 0.020317 0
4528.960000 0.016916 0
4532.320000 0.021570 0
4535.680000 0.013480 0
4539.040000 0.013522 0
4542.400000 0.015313 0
4545.760000 0.020183 0
4549.120000 0.028877 0
4552.480000 0.031780 0
4555.840000 0.027723 0
4559.200000 0.041431 0
4562.560000 0.027160 0
4565.920000 0.033396 0
4569.280000 0.032154 0
4572.640000 0.021104 0
4576.000000 0.016754 0
4579.360000 0.024453 0
4582.720000 0.042211 0
4586.080000 0.032832 0
4589.440000 0.011846 0
4592.800000 0.021703 0
4596.160000 0.020337 0
4599.520000 0.029108 0
4602.880000 0.022449 0
4606.240000 0.020334 0
4609.600000 0.012053 0
4612.960000 0.021302 0
4616.320000 0.021613 0
4619.680000 0.024695 0
4623.040000 0.017799 0
4626.400000 0.017905 0
4629.760000 0.015702 0
4633.120000 0.030009 0
4636.480000 0.020863 0
4639.840000 0.029979 0
4643.200000 0.020888 0
4646.560000 0.024777 0
4649.920000 0.013143 0
4653.280000 0.022655 0
4656.640000 0.015417 0
4660.000000 0.026821 0
4663.360000 0.016172 0
4666.720000 0.019560 0
4670.080000 0.021199 0
4673.440000 0.020710 0
4676.800000 0.020217 0
4680.160000 0.021505 0
4683.520000 0.021611 0
4686.880000 0.019533 0
4690.240000 0.027442 0
4693.600000 0.026657 0
4696.960000 0.017971 0
4700.320000 0.018940 0
4703.680000 0.023640 0
4707.040000 0.018623 0
4710.400000 0.005036 0
4713.760000 0.025719 0
4717.120000 0.009791 0
4720.480000 0.013276 0
4723.840000 0.017749 0
4727.200000 0.003250 0
4730.560000 -0.003809 0
4733.920000 0.027967 0
4737.280000 0.018478 0
4740.640000 0.006386 0
4744.000000 0.030517 0
4747.360000 0.012241 0
4750.720000 0.015059 0
4754.080000 0.022133 0
4757.440000 0.014929 0
4760.800000 0.033402 0
4764.160000 0.016652 0
4767.520000 0.009152 0
4770.880000 0.021651 0
4774.240000 0.022619 0
4777.600000 0.022003 0
4780.960000 0.029213 0
4784.320000 0.019080 0
4787.680000 0.020811 0
4791.040000 0.015109 0
4794.400000 0.003474 0
4797.760000 0.013266 0
4801.120000 0.027057 0
4804.480000 0.032763 0
4807.840000 0.020077 0
4811.200000 0.014528 0
4814.560000 0.017045 0
4817.920000 0.023414 0
4821.280000 0.022403 0
4824.640000 0.022882 0
4828.000000 0.029266 0
4831.360000 0.018634 0
4834.720000 -0.002438 0
4838.080000 0.010334 0
4841.440000 0.027881 0
4844.800000 0.022646 0
4848.160000 0.031756 0
4851.520000 0.032308 0
4854.880000 0.026425 0
4858.240000 0.025381 0
4861.600000 0.023859 0
4864.960000 0.021064 0
4868.320000 0.016289 0
4871.680000 0.007495 0
4875.040000 0.002847 0
4878.400000 0.013925 0
4881.760000 0.031258 0
4885.120000 0.030626 0
4888.480000 0.026036 0
4891.840000 0.022164 0
4895.200000 0.030217 0
4898.560000 0.022979 0
4901.920000 0.012591 0
4905.280000 0.026313 0
4908.640000 0.021160 0
4912.000000 0.028722 0
4915.360000 0.019932 0
4918.720000 0.021874 0
4922.080000 0.032619 0
4925.440000 0.012724 0
4928.800000 0.022087 0
4932.160000 0.032804 0
4935.520000 0.021971 0
4938.880000 0.016445 0
4942.240000 0.020061 0
4945.600000 0.019362 0
4948.960000 0.019646 0
4952.320000 0.016879 0
4955.680000 0.022091 0
4959.040000 0.024241 0
4962.400000 0.007510 0
4965.760000 0.018191 0
4969.120000 0.020355 0
4972.480000 0.020810 0
4975.840000 0.023126 0
4979.200000 0.024859 0
4982.560000 0.018906 0
4985.920000 0.022908 0
4989.280000 0.010677 0
4992.640000 0.023949 0
4996.000000 0.020749 0
4999.360000 0.007300 0
5002.720000 0.018582 0
5006.080000 0.017707 0
5009.440000 0.030986 0
5012.800000 0.019108 0
5016.160000 0.011626 0
5019.520000 0.023922 0
5022.880000 0.020935 0
5026.240000 0.025130 0
5029.600000 0.019433 0
5032.960000 0.017015 0
5036.320000 0.025240 0
5039.680000 0.025380 0
5043.040000 0.015960 0
5046.400000 0.018587 0
5049.760000 0.031139 0
5053.120000 0.029596 0
5056.480000 0.035252 0
5059.840000 0.012942 0
5063.200000 0.020469 0
5066.560000 0.030807 0
5069.920000 0.013330 0
5073.280000 0.032565 0
5076.640000 0.029723 0
5080.000000 0.012735 0
5083.360000 0.014947 0
5086.720000 0.017727 0
5090.080000 0.023232 0
5093.440000 0.031009 0
5096.800000 0.032992 0
5100.160000 0.031266 0
5103.520000 0.031506 0
5106.880000 0.024378 0
5110.240000 0.018053 0
5113.600000 0.011505 0
5116.960000 0.016775 0
5120.320000 0.020526 0
5123.680000 0.028676 0
5127.040000 0.027679 0
5130.400000 0.025839 0
5133.760000 0.031217 0
5137.120000 0.012541 0
5140.480000 0.019646 0
5143.840000 0.023695 0
5147.200000 0.016316 0
5150.560000 0.018789 0
5153.920000 0.022985 0
5157.280000 0.012945 0
5160.640000 0.030112 0
5164.000000 0.021970 0
5167.360000 0.020160 0
5170.720000 0.039492 0
5174.080000 0.023001 0
5177.440000 0.020964 0
5180.800000 0.016991 0
5184.160000 0.005362 0
5187.520000 0.022925 0
5190.880000 0.025043 0
5194.240000 0.031201 0
5197.600000 0.026279 0
5200.960000 0.032815 0
5204.320000 0.031389 0
5207.680000 0.012666 0
5211.040000 0.018524 0
5214.400000 0.021265 0
5217.760000 0.020131 0
5221.120000 0.018943 0
5224.480000 0.020930 0
5227.840000 0.023524 0
5231.200000 0.017825 0
5234.560000 0.020308 0
5237.920000 0.039257 0
5241.280000 0.016211 0
5244.640000 0.013068 0
5248.000000 0.026705 0
5251.360000 0.023544 0
5254.720000 0.026486 0
5258.080000 0.020522 0
5261.440000 0.001159 0
5264.800000 0.024488 0
5268.160000 0.030894 0
5271.520000 0.031270 0
5274.880000 0.014350 0
5278.240000 0.030172 0
5281.600000 0.026048 0
5284.960000 0.022701 0
5288.320000 0.020553 0
5291.680000 0.030276 0
5295.040000 0.024573 0
5298.400000 0.016407 0
5301.760000 0.030778 0
5305.120000 0.029488 0
5308.480000 0.034922 0
5311.840000 0.020577 0
5315.200000 0.019033 0
5318.560000 0.024582 0
5321.920000 0.031002 0
5325.280000 0.028961 0
5328.640000 0.019490 0
5332.000000 0.021504 0
5335.360000 0.022976 0
5338.720000 0.010884 0
5342.080000 0.017544 0
5345.440000 0.014583 0
5348.800000 0.027490 0
5352.160000 0.036136 0
5355.520000 0.023289 0
5358.880000 0.018378 0
5362.240000 0.034698 0
5365.600000 0.030881 0
5368.960000 0.019379 0
5372.320000 0.022542 0
5375.680000 0.035459 0
5379.040000 0.026681 0
5382.400000 0.021796 0
5385.760000 0.024652 0
5389.120000 0.033751 0
5392.480000 0.029457 0
5395.840000 0.016844 0
5399.200000 0.018109 0
5402.560000 0.029144 0
5405.920000 0.022606 0
5409.280000 0.024874 0
5412.640000 0.022476 0
5416.000000 0.016826 0
5419.360000 0.024238 0
5422.720000 0.022573 0
5426.080000 0.018218 0
5429.440000 0.018479 0
5432.800000 0.020942 0
5436.160000 0.017256 0
5439.520000 0.016905 0
5442.880000 0.028103 0
5446.240000 0.021839 0
5449.600000 0.028227 0
5452.960000 0.018090 0
5456.320000 0.017371 0
5459.680000 0.025369 0
5463.040000 0.017475 0
5466.400000 0.024295 0
5469.760000 0.023884 0
5473.120000 0.024509 0
5476.480000 0.029163 0
5479.840000 0.033618 0
5483.200000 0.026465 0
5486.560000 0.033656 0
5489.920000 0.031726 0
5493.280000 0.020419 0
5496.640000 0.020367 0
5500.000000 0.021764 0
5503.360000 0.014913 0
5506.720000 0.029923 0
5510.080000 0.018773 0
5513.440000 0.023939 0
5516.800000 0.032330 0
5520.160000 0.023052 0
5523.520000 0.034469 0
5526.880000 0.025989 0
5530.240000 0.028161 0
5533.600000 0.014303 0
5536.960000 0.021700 0
5540.320000 0.030892 0
5543.680000 0.024162 0
5547.040000 0.027275 0
5550.400000 0.020786 0
5553.760000 0.033123 0
5557.120000 0.024483 0
5560.480000 0.022807 0
5563.840000 0.018416 0
5567.200000 0.015570 1
5570.560000 -0.007265 1
5573.920000 -0.025787 1
5577.280000 0.031847 1
5580.640000 -0.026355 1
5584.000000 0.003595 1
5587.360000 0.030757 1
5590.720000 0.028107 1
5594.080000 0.022391 1
5597.440000 0.026006 1
5600.800000 0.027918 0
5604.160000 0.022208 0
5607.520000 0.025587 0
5610.880000 0.034701 0
5614.240000 0.024769 0
5617.600000 0.027175 0
5620.960000 0.037365 0
5624.320000 0.029213 0
5627.680000 0.024320 0
5631.040000 0.022679 0
5634.400000 0.021196 0
5637.760000 0.018747 0
5641.120000 0.019362 0
5644.480000 0.011056 0
5647.840000 0.018127 0
5651.200000 0.031283 0
5654.560000 0.033693 0
5657.920000 0.027712 0
5661.280000 0.022294 0
5664.640000 0.020355 0
5668.000000 0.029571 0
5671.360000 0.028314 0
5674.720000 0.022434 0
5678.080000 0.026134 0
5681.440000 0.021039 0
5684.800000 0.022050 0
5688.160000 0.032037 0
5691.520000 0.034907 0
5694.880000 0.019381 0
5698.240000 0.024852 0
5701.600000 0.019420 0
5704.960000 0.024627 0
5708.320000 0.024468 0
5711.680000 0.019367 0
5715.040000 0.032894 0
5718.400000 0.026251 0
5721.760000 0.009801 0
5725.120000 0.029245 0
5728.480000 0.031055 0
5731.840000 0.028069 0
5735.200000 0.035164 0
5738.560000 0.030851 0
5741.920000 0.018813 0
5745.280000 0.021342 0
5748.640000 0.023824 0
5752.000000 0.029153 0
5755.360000 0.023710 0
5758.720000 0.026568 0
5762.080000 0.025671 0
5765.440000 0.020108 0
5768.800000 0.027040 0
5772.160000 0.034316 0
5775.520000 0.026504 0
5778.880000 0.013817 0
5782.240000 0.028978 0
5785.600000 0.038901 0
5788.960000 0.024310 0
5792.320000 0.023571 0
5795.680000 0.022876 0
5799.040000 0.024440 0
5802.400000 0.025059 0
5805.760000 0.033735 0
5809.120000 0.029538 0
5812.480000 0.023868 0
5815.840000 0.016565 0
5819.200000 0.017146 0
5822.560000 0.022634 0
5825.920000 0.037391 0
5829.280000 0.027171 0
5832.640000 0.031492 0
5836.000000 0.026373 0
5839.360000 0.028607 0
5842.720000 0.033857 0
5846.080000 0.035669 0
5849.440000 0.038468 0
5852.800000 0.022757 0
5856.160000 0.017510 0
5859.520000 0.032931 0
5862.880000 0.033856 0
5866.240000 0.016357 0
5869.600000 0.022326 0
5872.960000 0.034542 0
5876.320000 0.038955 0
5879.680000 0.022705 0
5883.040000 0.041332 0
5886.400000 0.011805 0
5889.760000 0.031026 0
5893.120000 0.060679 0
5896.480000 0.026033 0
5899.840000 0.034201 0
5903.200000 0.032072 0
5906.560000 0.033300 0
5909.920000 0.020941 0
5913.280000 0.025273 0
5916.640000 0.023235 0
5920.000000 0.016639 0
5923.360000 0.033229 0
5926.720000 0.034073 0
5930.080000 0.026787 0
5933.440000 0.028197 0
5936.800000 0.026998 0
5940.160000 0.028380 0
5943.520000 0.019453 0
5946.880000 0.012181 0
5950.240000 0.039814 0
5953.600000 0.020307 0
5956.960000 0.024399 0
5960.320000 0.027840 0
5963.680000 0.029084 0
5967.040000 0.032627 0
5970.400000 0.023008 0
5973.760000 0.010801 0
5977.120000 0.027257 0
5980.480000 0.025368 0
5983.840000 0.033211 0
5987.200000 0.036541 0
5990.560000 0.028880 0
5993.920000 0.020713 0
5997.280000 0.022770 0
6000.640000 0.033511 0
6004.000000 0.034493 0
6007.360000 0.032697 0
6010.720000 0.029464 0
6014.080000 0.032506 0
6017.440000 0.022218 0
6020.800000 0.018744 0
6024.160000 0.025589 0
6027.520000 0.030556 0
6030.880000 0.027676 0
6034.240000 0.029229 0
6037.600000 0.037076 0
6040.960000 0.033003 0
6044.320000 0.026085 0
6047.680000 0.029037 0
6051.040000 0.025893 0
6054.400000 0.009871 0
6057.760000 0.016505 0
6061.120000 0.026671 0
6064.480000 0.026734 0
6067.840000 0.027904 0
6071.200000 0.032646 0
6074.560000 0.023261 0
6077.920000 0.027524 0
6081.280000 0.028878 0
6084.640000 0.035111 0
6088.000000 0.028214 0
6091.360000 0.032466 0
6094.720000 0.042159 0
6098.080000 0.038108 0
6101.440000 0.030055 0
6104.800000 0.022002 0
6108.160000 0.030402 0
6111.520000 0.034642 0
6114.880000 0.033088 0
6118.240000 0.033920 0
6121.600000 0.020453 0
6124.960000 0.018776 0
6128.320000 0.019569 0
6131.680000 0.026467 0
6135.040000 0.036541 0
6138.400000 0.031763 0
6141.760000 0.037415 0
6145.120000 0.039500 0
6148.480000 0.040318 0
6151.840000 0.024689 0
6155.200000 0.023914 0
6158.560000 0.022918 0
6161.920000 0.023777 0
6165.280000 0.035179 0
6168.640000 0.035546 0
6172.000000 0.036709 0
6175.360000 0.030225 0
6178.720000 0.021357 0
6182.080000 0.027020 0
6185.440000 0.031669 0
6188.800000 0.031968 0
6192.160000 0.020778 0
6195.520000 0.025791 0
6198.880000 0.030635 0
6202.240000 0.031848 0
6205.600000 0.027828 0
6208.960000 0.020090 0
6212.320000 0.020368 0
6215.680000 0.028089 0
6219.040000 0.014658 0
6222.400000 0.017839 0
6225.760000 0.020292 0
6229.120000 0.007878 0
6232.480000 0.024067 0
6235.840000 0.039277 0
6239.200000 0.033687 0
6242.560000 0.033164 0
6245.920000 0.035661 0
6249.280000 0.025347 0
6252.640000 0.030395 0
6256.000000 0.025788 0
6259.360000 0.031153 0
6262.720000 0.030235 0
6266.080000 0.021338 0
6269.440000 0.025661 0
6272.800000 0.026548 0
6276.160000 0.021825 0
6279.520000 0.015771 0
6282.880000 0.040920 0
6286.240000 0.062928 0
6289.600000 0.104262 0
6292.960000 0.100337 0
6296.320000 0.104068 0
6299.680000 0.057832 0
6303.040000 0.065319 0
6306.400000 0.036296 0
6309.760000 0.051326 0
6313.120000 0.040619 0
6316.480000 0.035720 0
6319.840000 0.036718 0
6323.200000 0.028400 0
6326.560000 0.038440 0
6329.920000 0.018317 0
6333.280000 0.029990 0
6336.640000 0.032479 0
6340.000000 0.027470 0
6343.360000 0.025581 0
6346.720000 0.032960 0
6350.080000 0.035227 0
6353.440000 0.027433 0
6356.800000 0.014132 0
6360.160000 0.037076 0
6363.520000 0.036417 0
6366.880000 0.042539 0
6370.240000 0.038767 0
6373.600000 0.025502 0
6376.960000 0.045137 0
6380.320000 0.036691 0
6383.680000 0.038485 0
6387.040000 0.038809 0
6390.400000 0.035508 0
6393.760000 0.024644 0
6397.120000 0.031937 0
6400.480000 0.042630 0
6403.840000 0.042619 0
6407.200000 0.029433 0
6410.560000 0.028651 0
6413.920000 0.026299 0
6417.280000 0.028467 0
6420.640000 0.036476 0
6424.000000 0.044152 0
6427.360000 0.036126 0
6430.720000 0.032394 0
6434.080000 0.033671 0
6437.440000 0.043971 0
6440.800000 0.029267 0
6444.160000 0.039589 0
6447.520000 0.037141 0
6450.880000 0.044241 0
6454.240000 0.046518 0
6457.600000 0.054532 0
6460.960000 0.030822 0
6464.320000 0.030279 0
6467.680000 0.040198 0
6471.040000 0.040413 0
6474.400000 0.047290 0
6477.760000 0.039161 0
6481.120000 0.023313 0
6484.480000 0.029843 0
6487.840000 0.038279 0
6491.200000 0.033065 0
6494.560000 0.037303 0
6497.920000 0.049979 0
6501.280000 0.051715 0
6504.640000 0.046793 0
6508.000000 0.048620 0
6511.360000 0.049954 0
6514.720000 0.047011 0
6518.080000 0.048528 0
6521.440000 0.046921 0
6524.800000 0.047429 0
6528.160000 0.064846 0
6531.520000 0.047704 0
6534.880000 0.059236 0
6538.240000 0.056131 0
6541.600000 0.047494 0
6544.960000 0.043539 0
6548.320000 0.046554 0
6551.680000 0.044518 0
6555.040000 0.031823 0
6558.400000 0.045285 0
6561.760000 0.052117 0
6565.120000 0.043171 0
6568.480000 0.041032 0
6571.840000 0.021787 0
6575.200000 0.047644 0
6578.560000 0.044034 0
6581.920000 0.045267 0
6585.280000 0.045422 0
6588.640000 0.044376 0
6592.000000 0.045945 0
6595.360000 0.037067 0
6598.720000 0.047407 0
6602.080000 0.045784 0
6605.440000 0.047163 0
6608.800000 0.048455 0
6612.160000 0.053786 0
6615.520000 0.052320 0
6618.880000 0.056887 0
6622.240000 0.050848 0
6625.600000 0.049141 0
6628.960000 0.051465 0
6632.320000 0.049013 0
6635.680000 0.045719 0
6639.040000 0.043532 0
6642.400000 0.051567 0
6645.760000 0.036407 0
6649.120000 0.044083 0
6652.480000 0.043391 0
6655.840000 0.048906 0
6659.200000 0.044043 0
6662.560000 0.052306 0
6665.920000 0.043505 0
6669.280000 0.043658 0
6672.640000 0.056703 0
6676.000000 0.053215 0
6679.360000 0.045469 0
6682.720000 0.043249 0
6686.080000 0.028642 0
6689.440000 0.041936 0
6692.800000 0.044377 0
6696.160000 0.039845 0
6699.520000 0.033505 0
6702.880000 0.033230 0
6706.240000 0.028166 0
6709.600000 0.027831 0
6712.960000 0.040706 0
6716.320000 0.036504 0
6719.680000 0.036342 0
6723.040000 0.042512 0
6726.400000 0.055188 0
6729.760000 0.050670 0
6733.120000 0.052575 0
6736.480000 0.054028 0
6739.840000 0.044458 0
6743.200000 0.052056 0
6746.560000 0.053509 0
6749.920000 0.054382 0
6753.280000 0.054535 0
6756.640000 0.040404 0
6760.000000 0.047716 0
6763.360000 0.045561 0
6766.720000 0.047109 0
6770.080000 0.048428 0
6773.440000 0.053188 0
6776.800000 0.057220 0
6780.160000 0.053110 0
6783.520000 0.044033 0
6786.880000 0.060420 0
6790.240000 0.056682 0
6793.600000 0.055124 0
6796.960000 0.060821 0
6800.320000 0.051907 0
6803.680000 0.052242 0
6807.040000 0.059097 0
6810.400000 0.062724 0
6813.760000 0.069202 0
6817.120000 0.060107 0
6820.480000 0.063159 0
6823.840000 0.065455 0
6827.200000 0.060984 0
6830.560000 0.044659 0
6833.920000 0.048699 0
6837.280000 0.055014 0
6840.640000 0.065904 0
6844.000000 0.066137 0
6847.360000 0.050690 0
6850.720000 0.063092 0
6854.080000 0.052460 0
6857.440000 0.061018 0
6860.800000 0.057499 0
6864.160000 0.033034 0
6867.520000 0.058990 0
6870.880000 0.049994 0
6874.240000 0.049731 0
6877.600000 0.034959 0
6880.960000 0.037189 0
6884.320000 0.052112 0
6887.680000 0.047250 0
6891.040000 0.055062 0
6894.400000 0.045125 0
6897.760000 0.043184 0
6901.120000 0.046744 0
6904.480000 0.045050 0
6907.840000 0.045568 0
6911.200000 0.049294 0
6914.560000 0.042684 0
6917.920000 0.026171 0
6921.280000 0.055818 0
6924.640000 0.047320 0
6928.000000 0.046370 0
6931.360000 0.050997 0
6934.720000 0.036143 0
6938.080000 0.030042 0
6941.440000 0.045488 0
6944.800000 0.063197 0
6948.160000 0.057740 0
6951.520000 0.044895 0
6954.880000 0.039486 0
6958.240000 0.052453 0
6961.600000 0.064181 0
6964.960000 0.046019 0
6968.320000 0.043142 0
6971.680000 0.075622 0
6975.040000 0.065947 0
6978.400000 0.051847 0
6981.760000 0.049031 0
6985.120000 0.052209 0
6988.480000 0.069098 0
6991.840000 0.056066 0
6995.200000 0.052866 0
6998.560000 0.056641 0
7001.920000 0.059448 0
7005.280000 0.066208 0
7008.640000 0.052668 0
7012.000000 0.058127 0
7015.360000 0.045729 0
7018.720000 0.052896 0
7022.080000 0.064246 0
7025.440000 0.057687 0
7028.800000 0.053529 0
7032.160000 0.055841 0
7035.520000 0.063579 0
7038.880000 0.055147 0
7042.240000 0.055799 0
7045.600000 0.059106 0
7048.960000 0.061431 0
7052.320000 0.051235 0
7055.680000 0.051209 0
7059.040000 0.049028 0
7062.400000 0.047128 0
7065.760000 0.045537 0
7069.120000 0.051737 0
7072.480000 0.058436 0
7075.840000 0.047048 0
7079.200000 0.042453 0
7082.560000 0.044682 0
7085.920000 0.051007 0
7089.280000 0.040882 0
7092.640000 0.055210 0
7096.000000 0.041437 0
7099.360000 0.057012 0
7102.720000 0.050226 0
7106.080000 0.047052 0
7109.440000 0.051287 0
7112.800000 0.049871 0
7116.160000 0.063333 0
7119.520000 0.054937 0
7122.880000 0.051941 0
7126.240000 0.055555 0
7129.600000 0.059883 0
7132.960000 0.065521 0
7136.320000 0.052659 0
7139.680000 0.058575 0
7143.040000 0.050713 0
7146.400000 0.051030 0
7149.760000 0.052157 0
7153.120000 0.058428 0
7156.480000 0.062461 0
7159.840000 0.052853 0
7163.200000 0.070450 0
7166.560000 0.053495 0
7169.920000 0.054574 0
7173.280000 0.056496 0
7176.640000 0.058959 0
7180.000000 0.050739 0
7183.360000 0.050336 0
7186.720000 0.049993 0
7190.080000 0.044174 0
7193.440000 0.044264 0
7196.800000 0.036429 0
7200.160000 0.050291 0
7203.520000 0.056399 0
7206.880000 0.044264 0
7210.240000 0.051096 0
7213.600000 0.047166 1
7216.960000 0.049965 1
7220.320000 0.056318 1
7223.680000 0.061243 1
7227.040000 0.052251 1
7230.400000 0.060192 1
7233.760000 0.089214 1
7237.120000 0.062539 1
7240.480000 0.087764 1
7243.840000 0.070549 1
7247.200000 0.023016 1
7250.560000 0.022923 1
7253.920000 0.026430 1
7257.280000 0.049932 1
7260.640000 0.040319 1
7264.000000 0.050088 1
7267.360000 0.071677 1
7270.720000 0.080928 1
7274.080000 0.047880 1
7277.440000 0.053996 1
7280.800000 0.015347 1
7284.160000 0.003513 1
7287.520000 0.030672 1
7290.880000 0.035992 1
7294.240000 0.050659 1
7297.600000 0.060441 1
7300.960000 0.044474 1
7304.320000 0.031606 1
7307.680000 0.064193 1
7311.040000 0.086319 1
7314.400000 0.048596 1
7317.760000 0.051474 1
7321.120000 0.035062 1
7324.480000 0.034404 1
7327.840000 0.050285 1
7331.200000 0.065154 1
7334.560000 0.082621 1
7337.920000 0.029972 1
7341.280000 0.038943 1
7344.640000 0.024455 1
7348.000000 0.012490 1
7351.360000 0.066574 1
7354.720000 0.060369 1
7358.080000 0.048793 1
7361.440000 0.062846 1
7364.800000 0.038784 1
7368.160000 0.045340 1
7371.520000 0.053935 1
7374.880000 0.054119 1
7378.240000 0.049650 1
7381.600000 0.067760 1
7384.960000 0.067792 1
7388.320000 0.061835 1
7391.680000 0.047932 1
7395.040000 0.058191 1
7398.400000 0.040240 1
7401.760000 0.034393 1
7405.120000 0.034118 1
7408.480000 0.043601 1
7411.840000 0.048004 1
7415.200000 0.047866 1
7418.560000 0.051712 1
7421.920000 0.057669 1
7425.280000 0.058577 1
7428.640000 0.065361 1
7432.000000 0.056962 1
7435.360000 0.054351 1
7438.720000 0.065373 1
7442.080000 0.045776 1
7445.440000 0.041950 1
7448.800000 0.051133 1
7452.160000 0.060875 1
7455.520000 0.048284 1
7458.880000 0.064565 1
7462.240000 0.068412 1
7465.600000 0.077450 1
7468.960000 0.067034 1
7472.320000 0.044414 1
7475.680000 0.081295 1
7479.040000 0.060385 1
7482.400000 0.051736 1
7485.760000 0.046826 1
7489.120000 0.066303 1
7492.480000 0.059845 1
7495.840000 0.047529 1
7499.200000 0.069544 1
7502.560000 0.053563 1
7505.920000 0.051962 1
7509.280000 0.061058 1
7512.640000 0.063471 1
7516.000000 0.073742 1
7519.360000 0.068269 1
7522.720000 0.053647 1
7526.080000 0.064736 1
7529.440000 0.055156 1
7532.800000 0.044365 1
7536.160000 0.046520 1
7539.520000 0.055897 1
7542.880000 0.045007 1
7546.240000 0.057068 1
7549.600000 0.058822 1
7552.960000 0.060421 1
7556.320000 0.055658 1
7559.680000 0.055823 1
7563.040000 0.072392 1
7566.400000 0.068676 1
7569.760000 0.053134 1
7573.120000 0.058549 1
7576.480000 0.055289 1
7579.840000 0.052491 1
7583.200000 0.067986 1
7586.560000 0.063746 1
7589.920000 0.049985 1
7593.280000 0.062348 1
7596.640000 0.066852 1
7600.000000 0.049795 1
7603.360000 0.025499 1
7606.720000 0.044869 1
7610.080000 0.033452 1
7613.440000 0.040432 1
7616.800000 0.046161 1
7620.160000 0.093750 1
7623.520000 0.048838 1
7626.880000 0.036190 1
7630.240000 0.051203 1
7633.600000 0.042673 1
7636.960000 0.055379 1
7640.320000 0.056744 1
7643.680000 0.047712 1
7647.040000 0.046942 1
7650.400000 0.053649 1
7653.760000 0.071371 1
7657.120000 0.048363 1
7660.480000 0.051608 1
7663.840000 0.064481 1
7667.200000 0.060276 1
7670.560000 0.056772 1
7673.920000 0.051543 1
7677.280000 0.055783 1
7680.640000 0.044218 1
7684.000000 0.043685 1
7687.360000 0.047255 1
7690.720000 0.045456 1
7694.080000 0.048998 1
7697.440000 0.060293 1
7700.800000 0.060593 1
7704.160000 0.053703 1
7707.520000 0.011965 1
7710.880000 0.033586 1
7714.240000 0.045260 1
7717.600000 0.067403 1
7720.960000 0.090229 1
7724.320000 0.065827 1
7727.680000 0.054420 1
7731.040000 0.059725 1
7734.400000 0.047320 1
7737.760000 0.056811 1
7741.120000 0.047288 1
7744.480000 0.047529 1
7747.840000 0.051930 1
7751.200000 0.088734 1
7754.560000 0.093784 1
7757.920000 0.091232 1
7761.280000 0.049884 1
7764.640000 0.070301 1
7768.000000 0.050073 1
7771.360000 0.042073 1
7774.720000 0.035004 1
7778.080000 0.058212 1
7781.440000 0.062338 1
7784.800000 0.031090 1
7788.160000 0.032406 1
7791.520000 0.054556 1
7794.880000 0.047997 1
7798.240000 0.091805 1
7801.600000 0.062913 1
7804.960000 0.076527 1
7808.320000 0.058571 1
7811.680000 0.026180 1
7815.040000 0.026939 1
7818.400000 0.069141 1
7821.760000 0.065450 1
7825.120000 0.111377 1
7828.480000 0.117145 1
7831.840000 0.057149 1
7835.200000 0.044274 1
7838.560000 0.061717 1
7841.920000 0.034125 1
7845.280000 -0.003208 1
7848.640000 -0.002709 1
7852.000000 0.048380 1
7855.360000 0.065070 1
7858.720000 0.091452 1
7862.080000 0.046163 1
7865.440000 0.058899 1
7868.800000 0.050970 1
7872.160000 0.054376 1
7875.520000 0.079739 1
7878.880000 0.045417 1
7882.240000 0.025837 1
7885.600000 0.077962 1
7888.960000 0.094685 1
7892.320000 0.077289 1
7895.680000 0.116009 1
7899.040000 0.060157 1
7902.400000 -0.000940 1
7905.760000 -0.075941 1
7909.120000 -0.005706 1
7912.480000 0.359792 1
7915.840000 0.000000 1
7919.200000 0.000000 1
7922.560000 0.000000 1
7925.920000 0.000000 1
7929.280000 0.000000 1
7932.640000 0.000000 1
7936.000000 0.000000 1
7939.360000 0.000000 1
7942.720000 0.000000 1
7946.080000 0.000000 1
7949.440000 0.000000 1
7952.800000 0.000000 1
7956.160000 0.000000 1
7959.520000 0.000000 1
7962.880000 0.000000 1
7966.240000 0.000000 1
7969.600000 0.000000 1
7972.960000 0.000000 1
7976.320000 0.000000 1
7979.680000 0.000000 1
7983.040000 0.000000 1
7986.400000 0.000000 1
7989.760000 0.000000 1
7993.120000 0.000000 1
7996.480000 0.000000 1
7999.840000 0.000000 1
8003.200000 0.000000 1
8006.560000 0.000000 1
8009.920000 0.000000 1
8013.280000 0.000000 1
8016.640000 0.000000 1
8020.000000 0.000000 1
8023.360000 0.000000 1
8026.720000 0.000000 1
8030.080000 0.000000 1
8033.440000 0.000000 1
8036.800000 0.000000 1
8040.160000 0.000000 1
8043.520000 0.000000 1
8046.880000 0.000000 1
8050.240000 0.000000 1
8053.600000 0.000000 1
8056.960000 0.000000 1
8060.320000 0.000000 1
8063.680000 0.000000 1
8067.040000 0.000000 1
8070.400000 0.000000 1
8073.760000 0.000000 1
8077.120000 0.000000 1
8080.480000 0.000000 1
8083.840000 0.000000 1
8087.200000 0.000000 1
8090.560000 0.000000 1
8093.920000 0.000000 1
8097.280000 0.000000 1
8100.640000 0.000000 1
8104.000000 0.000000 1
8107.360000 0.000000 1
8110.720000 0.000000 1
8114.080000 0.000000 1
8117.440000 0.000000 1
8120.800000 0.000000 1
8124.160000 0.000000 1
8127.520000 0.000000 1
8130.880000 0.000000 1
8134.240000 0.000000 1
8137.600000 0.000000 1
8140.960000 0.000000 1
8144.320000 0.000000 1
8147.680000 0.000000 1
8151.040000 0.000000 1
8154.400000 0.000000 1
8157.760000 0.000000 1
8161.120000 0.000000 1
8164.480000 0.000000 1
8167.840000 0.000000 1
8171.200000 0.000000 1
8174.560000 0.000000 1
8177.920000 0.000000 1
8181.280000 0.000000 1
8184.640000 0.000000 1
8188.000000 0.000000 1
8191.360000 0.000000 1
8194.720000 0.000000 1
8198.080000 0.000000 1
8201.440000 0.000000 1
8204.800000 0.000000 1
8208.160000 0.000000 1
8211.520000 0.000000 1
8214.880000 0.000000 1
8218.240000 0.000000 1
8221.600000 0.000000 1
8224.960000 0.000000 1
8228.320000 0.000000 1
8231.680000 0.000000 1
8235.040000 0.000000 1
8238.400000 0.000000 1
8241.760000 0.000000 1
8245.120000 0.000000 1
8248.480000 0.000000 1
8251.840000 0.000000 1
8255.200000 0.000000 1
8258.560000 0.000000 1
8261.920000 0.000000 1
8265.280000 0.000000 1
8268.640000 0.000000 1
8272.000000 0.000000 1
8275.360000 0.000000 1
8278.720000 0.000000 1
8282.080000 0.000000 1
8285.440000 0.000000 1
8288.800000 0.000000 1
8292.160000 0.000000 1
8295.520000 0.000000 1
8298.880000 0.000000 1
8302.240000 0.000000 1
8305.600000 0.000000 1
8308.960000 0.000000 1
8312.320000 0.000000 1
8315.680000 0.000000 1
8319.040000 0.000000 1
8322.400000 0.000000 1
8325.760000 0.000000 1
8329.120000 0.000000 1
8332.480000 0.000000 1
8335.840000 0.000000 1
8339.200000 0.000000 1
8342.560000 0.000000 1
8345.920000 0.000000 1
8349.280000 0.000000 1
8352.640000 0.000000 1
8356.000000 0.000000 1
8359.360000 0.000000 1
8362.720000 0.000000 1
8366.080000 0.000000 1
8369.440000 0.000000 1
8372.800000 0.000000 1
8376.160000 0.000000 1
8379.520000 0.000000 1
8382.880000 0.000000 1
8386.240000 0.000000 1
8389.600000 0.000000 1
8392.960000 0.000000 1
8396.320000 0.000000 1
8399.680000 0.000000 1
8403.040000 0.000000 1
8406.400000 0.000000 1
8409.760000 0.000000 1
8413.120000 0.000000 1
8416.480000 0.000000 1
8419.840000 0.000000 1
8423.200000 0.000000 1
8426.560000 0.000000 1
8429.920000 0.000000 1
8433.280000 0.000000 1
8436.640000 0.000000 1
8440.000000 0.000000 1
8443.360000 0.000000 1
8446.720000 0.000000 1
8450.080000 0.000000 1
8453.440000 0.000000 1
8456.800000 0.000000 1
8460.160000 0.000000 1
8463.520000 0.000000 1
8466.880000 0.000000 1
8470.240000 0.000000 1
8473.600000 0.000000 1
8476.960000 0.000000 1
8480.320000 0.000000 1
8483.680000 0.000000 1
8487.040000 0.000000 1
8490.400000 0.000000 1
8493.760000 0.000000 1
8497.120000 0.000000 1
8500.480000 0.000000 1
8503.840000 0.000000 1
8507.200000 0.000000 1
8510.560000 0.000000 1
8513.920000 0.000000 1
8517.280000 0.000000 1
8520.640000 0.000000 1
8524.000000 0.000000 1
8527.360000 0.000000 1
8530.720000 0.000000 1
8534.080000 0.000000 1
8537.440000 0.000000 1
8540.800000 0.000000 1
8544.160000 0.000000 1
8547.520000 0.000000 1
8550.880000 0.000000 1
8554.240000 0.000000 1
8557.600000 0.000000 1
8560.960000 0.000000 1
8564.320000 0.000000 1
8567.680000 0.000000 1
8571.040000 0.000000 1
8574.400000 0.000000 1
8577.760000 0.000000 1
8581.120000 0.000000 1
8584.480000 0.000000 1
8587.840000 0.000000 1
8591.200000 0.000000 1
8594.560000 0.000000 1
8597.920000 0.000000 1
8601.280000 0.000000 1
8604.640000 0.000000 1
8608.000000 0.000000 1
8611.360000 0.000000 1
8614.720000 0.000000 1
8618.080000 0.000000 1
8621.440000 0.000000 1
8624.800000 0.000000 1
8628.160000 0.000000 1
8631.520000 0.000000 1
8634.880000 0.000000 1
8638.240000 0.000000 1
8641.600000 0.000000 1
8644.960000 0.000000 1
8648.320000 0.000000 1
8651.680000 0.000000 1
8655.040000 0.000000 1
8658.400000 0.000000 1
8661.760000 0.000000 1
8665.120000 0.000000 1
8668.480000 0.000000 1
8671.840000 0.000000 1
8675.200000 0.000000 1
8678.560000 0.000000 1
8681.920000 0.000000 1
8685.280000 0.000000 1
8688.640000 0.000000 1
8692.000000 0.000000 1
8695.360000 0.000000 1
8698.720000 0.000000 1
8702.080000 0.000000 1
8705.440000 0.000000 1
8708.800000 0.000000 1
8712.160000 0.000000 1
8715.520000 0.000000 1
8718.880000 0.000000 1
8722.240000 0.000000 1
8725.600000 0.000000 1
8728.960000 0.000000 1
8732.320000 0.000000 1
8735.680000 0.000000 1
8739.040000 0.000000 1
8742.400000 0.000000 1
8745.760000 0.000000 1
8749.120000 0.000000 1
8752.480000 0.000000 1
8755.840000 0.000000 1
8759.200000 0.000000 1
8762.560000 0.000000 1
8765.920000 0.000000 1
8769.280000 0.000000 1
8772.640000 0.000000 1
8776.000000 0.000000 1
8779.360000 0.000000 1
8782.720000 0.000000 1
8786.080000 0.000000 1
8789.440000 0.000000 1
8792.800000 0.000000 1
8796.160000 0.000000 1
8799.520000 0.000000 1
8802.880000 0.000000 1
8806.240000 0.000000 1
8809.600000 0.000000 1
8812.960000 0.000000 1
8816.320000 0.000000 1
8819.680000 0.000000 1
8823.040000 0.000000 1
8826.400000 0.000000 1
8829.760000 0.000000 1
8833.120000 0.000000 1
8836.480000 0.000000 1
8839.840000 0.000000 1
8843.200000 0.000000 1
8846.560000 0.000000 1
8849.920000 0.000000 1
8853.280000 0.000000 1
8856.640000 0.000000 1
8860.000000 0.000000 1
8863.360000 0.000000 1
8866.720000 0.000000 1
8870.080000 0.000000 1
8873.440000 0.000000 1
8876.800000 0.000000 1
8880.160000 0.000000 1
8883.520000 0.000000 1
8886.880000 0.000000 1
8890.240000 0.000000 1
8893.600000 0.000000 1
8896.960000 0.000000 1
8900.320000 0.000000 1
8903.680000 0.000000 1
8907.040000 0.000000 1
8910.400000 0.000000 1
8913.760000 0.000000 1
8917.120000 0.000000 1
8920.480000 0.000000 1
8923.840000 0.000000 1
8927.200000 0.000000 1
8930.560000 0.000000 1
8933.920000 0.000000 1
8937.280000 0.000000 1
8940.640000 0.000000 1
8944.000000 0.000000 1
8947.360000 0.000000 1
8950.720000 0.000000 1
8954.080000 0.000000 1
8957.440000 0.000000 1
8960.800000 0.000000 1
8964.160000 0.000000 1
8967.520000 0.000000 1
8970.880000 0.000000 1
8974.240000 0.000000 1
8977.600000 0.000000 1
8980.960000 0.000000 1
8984.320000 0.000000 1
8987.680000 0.000000 1
8991.040000 0.000000 1
8994.400000 0.000000 1
8997.760000 0.000000 1
9001.120000 0.000000 1
9004.480000 0.000000 1
9007.840000 0.000000 1
9011.200000 0.000000 1
9014.560000 0.000000 1
9017.920000 0.000000 1
9021.280000 0.000000 1
9024.640000 0.000000 1
9028.000000 0.000000 1
9031.360000 0.000000 1
9034.720000 0.000000 1
9038.080000 0.000000 1
9041.440000 0.000000 1
9044.800000 0.000000 1
9048.160000 0.000000 1
9051.520000 0.000000 1
9054.880000 0.000000 1
9058.240000 0.000000 1
9061.600000 0.000000 1
9064.960000 0.000000 1
9068.320000 0.000000 1
9071.680000 0.000000 1
9075.040000 0.000000 1
9078.400000 0.000000 1
9081.760000 0.000000 1
9085.120000 0.000000 1
9088.480000 0.000000 1
9091.840000 0.000000 1
9095.200000 0.000000 1
9098.560000 0.000000 1
9101.920000 0.000000 1
9105.280000 0.000000 1
9108.640000 0.000000 1
9112.000000 0.000000 1
9115.360000 0.000000 1
9118.720000 0.000000 1
9122.080000 0.000000 1
9125.440000 0.000000 1
9128.800000 0.000000 1
9132.160000 0.000000 1
9135.520000 0.000000 1
9138.880000 0.000000 1
9142.240000 0.000000 1
9145.600000 0.000000 1
9148.960000 0.000000 1
9152.320000 0.000000 1
9155.680000 0.000000 1
9159.040000 0.000000 1
9162.400000 0.000000 1
9165.760000 0.000000 1
9169.120000 0.000000 1
9172.480000 0.000000 1
9175.840000 0.000000 1
9179.200000 0.000000 1
9182.560000 0.000000 1
9185.920000 0.000000 1
9189.280000 0.000000 1
9192.640000 0.000000 1
9196.000000 0.000000 1
9199.360000 0.000000 1
9202.720000 0.000000 1
9206.080000 0.000000 1
9209.440000 0.000000 1
9212.800000 0.000000 1
9216.160000 0.000000 1
9219.520000 0.000000 1
9222.880000 0.000000 1
9226.240000 0.000000 1
9229.600000 0.000000 1
9232.960000 0.000000 1
9236.320000 0.000000 1
9239.680000 0.000000 1
9243.040000 0.000000 1
9246.400000 0.000000 1
9249.760000 0.000000 1
