# obs: 255714
# slit: 38
# z: 0.23060
# lines: [OII],[OIII],H{alpha}
# spec: 727
4451.680000 0.000000 1
4455.040000 0.000000 1
4458.400000 0.000000 1
4461.760000 0.000000 1
4465.120000 0.000000 1
4468.479999 0.000000 1
4471.839999 0.000000 1
4475.199999 0.000000 1
4478.559999 0.000000 1
4481.919999 0.000000 1
4485.279999 0.000000 1
4488.639999 0.000000 1
4491.999999 0.000000 1
4495.359999 0.000000 1
4498.719999 0.000000 1
4502.079998 0.000000 1
4505.439998 0.000000 1
4508.799998 -0.015068 1
4512.159998 -0.110909 1
4515.519998 0.043422 0
4518.879998 0.021557 0
4522.239998 -0.011937 0
4525.599998 0.003406 0
4528.959998 0.020234 0
4532.319997 0.012786 0
4535.679997 0.007753 0
4539.039997 0.028321 0
4542.399997 0.021368 0
4545.759997 0.013546 0
4549.119997 -0.003556 0
4552.479997 0.016047 0
4555.839997 0.022101 0
4559.199997 0.021407 0
4562.559997 0.015602 0
4565.919996 -0.003751 0
4569.279996 0.029511 0
4572.639996 0.014329 0
4575.999996 0.013083 0
4579.359996 0.017623 0
4582.719996 0.019986 0
4586.079996 0.040767 0
4589.439996 0.059493 0
4592.799996 0.069905 0
4596.159995 0.045496 0
4599.519995 0.027019 0
4602.879995 0.008113 0
4606.239995 0.003457 0
4609.599995 0.023800 0
4612.959995 0.013092 0
4616.319995 0.013741 0
4619.679995 0.022689 0
4623.039995 0.019505 0
4626.399995 0.025215 0
4629.759994 0.014425 0
4633.119994 0.023523 0
4636.479994 0.015419 0
4639.839994 0.015689 0
4643.199994 0.011545 0
4646.559994 0.018614 0
4649.919994 0.009412 0
4653.279994 0.013274 0
4656.639994 0.030992 0
4659.999993 0.033019 0
4663.359993 -0.006309 0
4666.719993 0.043459 0
4670.079993 0.040683 0
4673.439993 0.022826 0
4676.799993 0.016697 0
4680.159993 0.021077 0
4683.519993 0.031363 0
4686.879993 0.038551 0
4690.239993 0.043350 0
4693.599992 0.029118 0
4696.959992 0.024498 0
4700.319992 0.008627 0
4703.679992 0.027315 0
4707.039992 0.030481 0
4710.399992 0.013334 0
4713.759992 0.013588 0
4717.119992 0.012692 0
4720.479992 -0.008522 0
4723.839992 0.017882 0
4727.199991 0.008962 0
4730.559991 0.017166 0
4733.919991 0.026652 0
4737.279991 0.041718 0
4740.639991 0.021442 0
4743.999991 0.037409 0
4747.359991 0.036617 0
4750.719991 0.031459 0
4754.079991 0.010324 0
4757.439990 0.036382 0
4760.799990 0.028002 0
4764.159990 0.033573 0
4767.519990 0.026504 0
4770.879990 0.027878 0
4774.239990 0.025851 0
4777.599990 -0.000450 0
4780.959990 0.005063 0
4784.319990 0.030981 0
4787.679990 0.023954 0
4791.039989 0.012396 0
4794.399989 0.028989 0
4797.759989 0.038994 0
4801.119989 0.001503 0
4804.479989 0.015030 0
4807.839989 0.027246 0
4811.199989 0.023780 0
4814.559989 0.025017 0
4817.919989 0.018809 0
4821.279988 0.023771 0
4824.639988 0.038951 0
4827.999988 0.033524 0
4831.359988 0.049467 0
4834.719988 0.023753 0
4838.079988 0.017509 0
4841.439988 0.017834 0
4844.799988 0.020017 0
4848.159988 0.032369 0
4851.519988 0.024914 0
4854.879987 0.016349 0
4858.239987 0.016385 0
4861.599987 0.023676 0
4864.959987 0.027810 0
4868.319987 0.046687 0
4871.679987 0.031088 0
4875.039987 0.019422 0
4878.399987 0.015718 0
4881.759987 0.014014 0
4885.119986 0.038846 0
4888.479986 0.013710 0
4891.839986 0.006153 0
4895.199986 0.013215 0
4898.559986 0.006138 0
4901.919986 0.004813 0
4905.279986 0.020986 0
4908.639986 0.023666 0
4911.999986 0.022142 0
4915.359986 0.019606 0
4918.719985 0.010879 0
4922.079985 0.010607 0
4925.439985 0.040749 0
4928.799985 0.040094 0
4932.159985 0.037048 0
4935.519985 0.014512 0
4938.879985 0.030819 0
4942.239985 0.022283 0
4945.599985 0.043212 0
4948.959984 0.049481 0
4952.319984 0.021738 0
4955.679984 0.032299 0
4959.039984 0.018294 0
4962.399984 0.014358 0
4965.759984 0.024905 0
4969.119984 0.039261 0
4972.479984 0.015940 0
4975.839984 0.030078 0
4979.199984 0.016078 0
4982.559983 0.015508 0
4985.919983 0.025445 0
4989.279983 0.021513 0
4992.639983 0.019471 0
4995.999983 0.022459 0
4999.359983 0.023278 0
5002.719983 0.015359 0
5006.079983 0.015786 0
5009.439983 0.014340 0
5012.799982 0.027570 0
5016.159982 0.015497 0
5019.519982 0.010455 0
5022.879982 0.021172 0
5026.239982 0.023869 0
5029.599982 0.012970 0
5032.959982 0.017403 0
5036.319982 0.020621 0
5039.679982 0.028338 0
5043.039982 0.021110 0
5046.399981 0.017915 0
5049.759981 0.006975 0
5053.119981 0.016047 0
5056.479981 0.012378 0
5059.839981 0.007595 0
5063.199981 0.028671 0
5066.559981 0.013747 0
5069.919981 0.032604 0
5073.279981 0.022847 0
5076.639980 0.027916 0
5079.999980 0.028880 0
5083.359980 0.011480 0
5086.719980 0.016319 0
5090.079980 0.024643 0
5093.439980 0.026327 0
5096.799980 0.029228 0
5100.159980 0.020547 0
5103.519980 0.012811 0
5106.879980 0.016482 0
5110.239979 0.027351 0
5113.599979 0.022018 0
5116.959979 0.030612 0
5120.319979 0.041950 0
5123.679979 0.023673 0
5127.039979 0.016499 0
5130.399979 0.016727 0
5133.759979 0.029988 0
5137.119979 0.045871 0
5140.479978 0.025155 0
5143.839978 0.024811 0
5147.199978 0.023322 0
5150.559978 0.040077 0
5153.919978 0.007947 0
5157.279978 -0.001173 0
5160.639978 0.021484 0
5163.999978 0.022105 0
5167.359978 0.027071 0
5170.719978 0.022809 0
5174.079977 0.032172 0
5177.439977 0.029771 0
5180.799977 0.028445 0
5184.159977 0.029689 0
5187.519977 0.026713 0
5190.879977 0.036595 0
5194.239977 0.039569 0
5197.599977 0.034750 0
5200.959977 0.022718 0
5204.319977 0.031913 0
5207.679976 0.002794 0
5211.039976 0.017811 0
5214.399976 0.028565 0
5217.759976 0.038620 0
5221.119976 0.004380 0
5224.479976 0.019571 0
5227.839976 0.026314 0
5231.199976 0.015619 0
5234.559976 0.029195 0
5237.919975 0.020464 0
5241.279975 0.016316 0
5244.639975 0.017032 0
5247.999975 0.012110 0
5251.359975 0.011100 0
5254.719975 0.017983 0
5258.079975 0.027798 0
5261.439975 0.035234 0
5264.799975 0.017423 0
5268.159975 0.020856 0
5271.519974 0.015370 0
5274.879974 0.017802 0
5278.239974 0.022083 0
5281.599974 0.014200 0
5284.959974 0.002676 0
5288.319974 0.014367 0
5291.679974 0.005316 0
5295.039974 0.026972 0
5298.399974 0.011793 0
5301.759973 0.011059 0
5305.119973 -0.003873 0
5308.479973 0.023595 0
5311.839973 0.024677 0
5315.199973 0.002991 0
5318.559973 0.001193 0
5321.919973 0.013543 0
5325.279973 0.008521 0
5328.639973 0.005425 0
5331.999973 0.015537 0
5335.359972 0.014876 0
5338.719972 0.009855 0
5342.079972 0.028881 0
5345.439972 0.015378 0
5348.799972 0.016234 0
5352.159972 0.016368 0
5355.519972 0.010524 0
5358.879972 0.028281 0
5362.239972 0.012879 0
5365.599971 0.005812 0
5368.959971 0.016879 0
5372.319971 0.028169 0
5375.679971 0.016387 0
5379.039971 0.017685 0
5382.399971 0.020886 0
5385.759971 0.012421 0
5389.119971 0.028648 0
5392.479971 0.017666 0
5395.839971 0.019045 0
5399.199970 0.023819 0
5402.559970 0.027674 0
5405.919970 0.026211 0
5409.279970 0.024131 0
5412.639970 0.010691 0
5415.999970 0.017153 0
5419.359970 0.029711 0
5422.719970 0.028728 0
5426.079970 0.021296 0
5429.439969 0.025585 0
5432.799969 0.005515 0
5436.159969 0.003810 0
5439.519969 0.019568 0
5442.879969 0.018389 0
5446.239969 0.031436 0
5449.599969 0.032905 0
5452.959969 0.020136 0
5456.319969 0.021893 0
5459.679969 0.036534 0
5463.039968 0.015675 0
5466.399968 0.024049 0
5469.759968 0.029428 0
5473.119968 0.009612 0
5476.479968 0.023563 0
5479.839968 0.018360 0
5483.199968 0.012086 0
5486.559968 0.013519 0
5489.919968 0.029859 0
5493.279967 0.021896 0
5496.639967 0.020868 0
5499.999967 0.025691 0
5503.359967 0.021868 0
5506.719967 0.019247 0
5510.079967 0.035877 0
5513.439967 0.022181 0
5516.799967 0.004984 0
5520.159967 0.015611 0
5523.519967 0.018493 0
5526.879966 0.020403 0
5530.239966 0.017080 0
5533.599966 0.027480 0
5536.959966 0.026948 0
5540.319966 0.001471 0
5543.679966 0.019284 0
5547.039966 0.031461 0
5550.399966 0.047856 0
5553.759966 0.018922 0
5557.119965 0.017160 0
5560.479965 0.017980 0
5563.839965 0.024141 1
5567.199965 0.026941 1
5570.559965 0.439648 1
5573.919965 0.163687 1
5577.279965 0.072211 1
5580.639965 -0.030041 1
5583.999965 -0.439152 1
5587.359965 0.021307 1
5590.719964 0.017483 1
5594.079964 0.017629 1
5597.439964 0.022654 0
5600.799964 0.007885 0
5604.159964 0.025249 0
5607.519964 0.035269 0
5610.879964 0.011260 0
5614.239964 0.021376 0
5617.599964 0.037483 0
5620.959963 0.027220 0
5624.319963 0.033549 0
5627.679963 0.013922 0
5631.039963 0.011451 0
5634.399963 0.026711 0
5637.759963 0.015284 0
5641.119963 0.010000 0
5644.479963 0.018321 0
5647.839963 0.021725 0
5651.199963 0.006574 0
5654.559962 0.014705 0
5657.919962 0.027633 0
5661.279962 0.016072 0
5664.639962 0.020472 0
5667.999962 0.001059 0
5671.359962 0.016040 0
5674.719962 0.014780 0
5678.079962 0.008285 0
5681.439962 0.022802 0
5684.799962 0.016327 0
5688.159961 0.009393 0
5691.519961 0.016528 0
5694.879961 0.034138 0
5698.239961 0.045844 0
5701.599961 0.020629 0
5704.959961 0.012983 0
5708.319961 0.019134 0
5711.679961 0.028412 0
5715.039961 0.031209 0
5718.399960 0.019937 0
5721.759960 0.013572 0
5725.119960 0.005426 0
5728.479960 0.016836 0
5731.839960 0.023140 0
5735.199960 0.019033 0
5738.559960 0.029362 0
5741.919960 0.019152 0
5745.279960 0.030097 0
5748.639960 0.030531 0
5751.999959 0.019040 0
5755.359959 0.034019 0
5758.719959 0.024326 0
5762.079959 0.013972 0
5765.439959 0.011831 0
5768.799959 0.009783 0
5772.159959 0.024901 0
5775.519959 0.006296 0
5778.879959 0.022824 0
5782.239958 0.011178 0
5785.599958 0.018610 0
5788.959958 0.041315 1
5792.319958 0.040972 1
5795.679958 0.035147 1
5799.039958 0.018063 1
5802.399958 0.012127 1
5805.759958 0.016251 1
5809.119958 0.019596 1
5812.479958 0.013747 1
5815.839957 0.009646 1
5819.199957 0.018960 1
5822.559957 0.030296 1
5825.919957 0.013710 1
5829.279957 0.028055 1
5832.639957 0.018095 1
5835.999957 0.010294 1
5839.359957 0.029232 0
5842.719957 0.012825 0
5846.079956 0.001580 0
5849.439956 0.015054 0
5852.799956 0.014742 0
5856.159956 0.020818 0
5859.519956 0.012595 0
5862.879956 0.023056 0
5866.239956 0.025522 0
5869.599956 0.025745 0
5872.959956 0.014040 0
5876.319956 0.015886 0
5879.679955 0.032328 0
5883.039955 0.087206 0
5886.399955 0.035807 0
5889.759955 0.047387 0
5893.119955 0.000490 0
5896.479955 -0.035247 0
5899.839955 0.007758 0
5903.199955 -0.002968 0
5906.559955 0.035807 0
5909.919954 0.051206 0
5913.279954 0.018544 0
5916.639954 0.011406 0
5919.999954 0.024721 0
5923.359954 0.010014 0
5926.719954 0.021520 0
5930.079954 0.016280 0
5933.439954 0.019934 0
5936.799954 0.018407 0
5940.159954 0.009279 0
5943.519953 0.033771 0
5946.879953 0.019320 0
5950.239953 0.034600 0
5953.599953 0.023726 0
5956.959953 0.031663 0
5960.319953 0.033419 0
5963.679953 0.016693 0
5967.039953 0.013117 0
5970.399953 0.015973 0
5973.759952 0.013470 0
5977.119952 0.025428 0
5980.479952 0.023734 0
5983.839952 0.031020 0
5987.199952 0.040679 0
5990.559952 0.027948 0
5993.919952 -0.003454 0
5997.279952 0.002720 0
6000.639952 0.019019 0
6003.999952 0.030724 0
6007.359951 -0.002671 0
6010.719951 0.017608 0
6014.079951 0.014345 0
6017.439951 0.012744 0
6020.799951 0.019444 0
6024.159951 0.025236 0
6027.519951 0.016789 0
6030.879951 0.003306 0
6034.239951 0.017181 0
6037.599950 0.022973 0
6040.959950 0.027720 0
6044.319950 0.013318 0
6047.679950 0.004352 0
6051.039950 0.015066 0
6054.399950 0.011764 0
6057.759950 0.004376 0
6061.119950 0.016697 0
6064.479950 0.030782 0
6067.839950 0.007796 0
6071.199949 0.017823 0
6074.559949 0.032592 0
6077.919949 0.031120 0
6081.279949 0.005457 0
6084.639949 0.024172 0
6087.999949 0.019412 0
6091.359949 0.015695 0
6094.719949 0.039320 0
6098.079949 0.022902 0
6101.439948 0.012337 0
6104.799948 0.031533 0
6108.159948 0.048021 0
6111.519948 0.021079 0
6114.879948 0.018343 0
6118.239948 0.018212 0
6121.599948 0.021900 0
6124.959948 0.022909 0
6128.319948 0.022146 0
6131.679948 0.020556 0
6135.039947 0.030816 0
6138.399947 0.043415 0
6141.759947 0.043926 0
6145.119947 0.005835 0
6148.479947 0.010311 0
6151.839947 0.012243 0
6155.199947 0.034480 0
6158.559947 0.042615 0
6161.919947 0.053905 0
6165.279947 0.041045 0
6168.639946 0.020154 0
6171.999946 -0.002520 0
6175.359946 0.023563 0
6178.719946 0.013137 0
6182.079946 0.020373 0
6185.439946 0.010856 0
6188.799946 0.016594 0
6192.159946 0.015900 0
6195.519946 0.029655 0
6198.879945 0.011273 0
6202.239945 0.011077 0
6205.599945 0.012429 0
6208.959945 0.017112 0
6212.319945 0.013541 0
6215.679945 0.006078 0
6219.039945 0.006202 0
6222.399945 0.015325 0
6225.759945 0.030791 0
6229.119945 0.021676 0
6232.479944 0.005546 0
6235.839944 0.024290 0
6239.199944 0.006079 0
6242.559944 0.001916 0
6245.919944 0.011647 0
6249.279944 0.021428 0
6252.639944 0.022721 0
6255.999944 0.015754 0
6259.359944 0.018396 0
6262.719943 0.026025 0
6266.079943 0.012041 0
6269.439943 0.037420 0
6272.799943 0.023327 0
6276.159943 0.008844 0
6279.519943 0.001334 0
6282.879943 -0.003883 0
6286.239943 0.001716 1
6289.599943 0.031419 1
6292.959943 0.096550 1
6296.319942 0.075044 1
6299.679942 0.046608 1
6303.039942 -0.002271 1
6306.399942 0.006163 1
6309.759942 -0.015707 1
6313.119942 0.024269 1
6316.479942 0.036057 0
6319.839942 0.017840 0
6323.199942 0.012306 0
6326.559941 0.011640 0
6329.919941 0.026696 0
6333.279941 0.030594 0
6336.639941 0.029200 0
6339.999941 0.022062 0
6343.359941 0.018621 0
6346.719941 0.024871 0
6350.079941 0.009366 0
6353.439941 0.027002 0
6356.799941 0.033200 0
6360.159940 -0.001924 0
6363.519940 -0.012233 0
6366.879940 -0.030659 0
6370.239940 -0.027687 0
6373.599940 0.007780 0
6376.959940 0.002045 0
6380.319940 0.007789 0
6383.679940 0.033076 0
6387.039940 0.027439 0
6390.399939 0.016534 0
6393.759939 0.027530 0
6397.119939 0.013990 0
6400.479939 0.004096 0
6403.839939 0.013656 0
6407.199939 0.004519 0
6410.559939 0.010899 0
6413.919939 0.005346 0
6417.279939 0.014390 0
6420.639939 0.014537 0
6423.999938 0.010393 0
6427.359938 0.026861 0
6430.719938 0.021750 0
6434.079938 0.008839 0
6437.439938 0.029309 0
6440.799938 0.025456 0
6444.159938 0.019072 0
6447.519938 0.034416 0
6450.879938 0.005071 0
6454.239937 -0.000976 0
6457.599937 0.014792 0
6460.959937 0.019770 0
6464.319937 0.017351 0
6467.679937 0.028497 0
6471.039937 0.004500 0
6474.399937 0.007069 0
6477.759937 0.018793 0
6481.119937 0.015472 0
6484.479937 0.009902 0
6487.839936 0.010302 0
6491.199936 0.035071 0
6494.559936 0.015517 0
6497.919936 0.004580 0
6501.279936 0.008054 0
6504.639936 0.032491 0
6507.999936 0.023422 0
6511.359936 0.024700 0
6514.719936 0.024167 0
6518.079935 0.037897 0
6521.439935 0.022392 0
6524.799935 0.022434 0
6528.159935 0.021556 0
6531.519935 0.015787 0
6534.879935 0.013144 0
6538.239935 0.011134 0
6541.599935 0.012915 0
6544.959935 0.005724 0
6548.319935 0.022804 0
6551.679934 0.030904 0
6555.039934 0.023281 0
6558.399934 0.018284 0
6561.759934 0.022326 0
6565.119934 0.027206 0
6568.479934 0.019878 0
6571.839934 0.022105 0
6575.199934 0.010979 0
6578.559934 0.018189 0
6581.919933 0.015323 0
6585.279933 0.018166 0
6588.639933 0.020774 0
6591.999933 0.021553 0
6595.359933 0.011365 0
6598.719933 0.022800 0
6602.079933 0.022428 0
6605.439933 0.009342 0
6608.799933 -0.007334 0
6612.159933 0.014733 0
6615.519932 0.034220 0
6618.879932 0.005974 0
6622.239932 -0.002218 0
6625.599932 0.001641 0
6628.959932 0.011822 0
6632.319932 0.014737 0
6635.679932 0.016422 0
6639.039932 0.025589 0
6642.399932 0.026044 0
6645.759932 0.024178 0
6649.119931 0.006157 0
6652.479931 0.016400 0
6655.839931 0.028322 0
6659.199931 0.012869 0
6662.559931 -0.004462 0
6665.919931 -0.001740 0
6669.279931 0.001537 0
6672.639931 -0.006541 0
6675.999931 0.002384 0
6679.359930 0.018572 0
6682.719930 0.014950 0
6686.079930 0.012724 0
6689.439930 0.015508 0
6692.799930 0.019679 0
6696.159930 0.009425 0
6699.519930 0.003334 0
6702.879930 0.011437 0
6706.239930 0.004780 0
6709.599930 0.008168 0
6712.959929 0.026743 0
6716.319929 0.018654 0
6719.679929 0.021332 0
6723.039929 0.026018 0
6726.399929 0.015420 0
6729.759929 0.023562 0
6733.119929 0.014263 0
6736.479929 0.009241 0
6739.839929 0.009899 0
6743.199928 0.011337 0
6746.559928 0.025832 0
6749.919928 0.019105 0
6753.279928 0.013704 0
6756.639928 0.019455 0
6759.999928 0.025770 0
6763.359928 0.018301 0
6766.719928 0.035249 0
6770.079928 0.019433 0
6773.439928 0.016570 0
6776.799927 0.019894 0
6780.159927 0.020497 0
6783.519927 0.012242 0
6786.879927 0.020006 0
6790.239927 0.019111 0
6793.599927 0.011267 0
6796.959927 0.015674 0
6800.319927 0.011002 0
6803.679927 0.013456 0
6807.039926 0.004579 0
6810.399926 -0.000827 0
6813.759926 0.002882 0
6817.119926 0.022699 0
6820.479926 0.014705 0
6823.839926 0.032116 0
6827.199926 0.039124 0
6830.559926 0.016290 0
6833.919926 0.002748 0
6837.279926 0.019065 0
6840.639925 0.018332 0
6843.999925 0.011290 0
6847.359925 0.010560 0
6850.719925 0.022228 0
6854.079925 0.023532 0
6857.439925 0.019589 0
6860.799925 0.024523 0
6864.159925 0.009960 0
6867.519925 0.018667 0
6870.879924 0.006269 0
6874.239924 0.017092 0
6877.599924 0.019353 0
6880.959924 0.018640 0
6884.319924 0.017531 0
6887.679924 -0.002734 0
6891.039924 0.028972 0
6894.399924 0.029874 0
6897.759924 0.030032 0
6901.119924 0.014012 0
6904.479923 0.015585 0
6907.839923 0.029982 0
6911.199923 0.020588 0
6914.559923 0.013912 0
6917.919923 0.005292 0
6921.279923 0.019245 0
6924.639923 0.019190 0
6927.999923 0.017308 0
6931.359923 0.019393 0
6934.719922 0.009707 0
6938.079922 0.011509 0
6941.439922 0.009721 0
6944.799922 0.002162 0
6948.159922 0.016473 0
6951.519922 0.022877 0
6954.879922 -0.001416 0
6958.239922 0.019194 0
6961.599922 0.030536 0
6964.959922 0.007577 0
6968.319921 0.009157 0
6971.679921 0.008847 0
6975.039921 0.022602 0
6978.399921 0.030232 0
6981.759921 0.004709 0
6985.119921 0.007465 0
6988.479921 0.013557 0
6991.839921 0.017281 0
6995.199921 0.016631 0
6998.559920 0.013638 0
7001.919920 0.024680 0
7005.279920 0.026497 0
7008.639920 0.010093 0
7011.999920 0.009655 0
7015.359920 0.021102 0
7018.719920 0.021906 0
7022.079920 0.003992 0
7025.439920 0.020261 0
7028.799920 0.013188 0
7032.159919 0.015991 0
7035.519919 0.009623 0
7038.879919 0.013257 0
7042.239919 0.021857 0
7045.599919 0.022605 0
7048.959919 0.016759 0
7052.319919 0.022722 0
7055.679919 0.017449 0
7059.039919 0.020243 0
7062.399918 0.017972 0
7065.759918 0.010071 0
7069.119918 0.002038 0
7072.479918 0.030372 0
7075.839918 0.005318 0
7079.199918 0.017018 0
7082.559918 0.019375 0
7085.919918 0.014407 0
7089.279918 0.010713 0
7092.639918 0.012025 0
7095.999917 0.011400 0
7099.359917 0.022657 0
7102.719917 0.006544 0
7106.079917 0.002614 0
7109.439917 0.013418 0
7112.799917 0.029050 0
7116.159917 0.028578 0
7119.519917 0.016850 0
7122.879917 0.012833 0
7126.239916 0.013515 0
7129.599916 0.028482 0
7132.959916 0.005991 0
7136.319916 0.005587 0
7139.679916 0.006070 0
7143.039916 -0.002151 0
7146.399916 0.031337 0
7149.759916 0.024601 0
7153.119916 0.025765 0
7156.479916 0.010863 0
7159.839915 0.001112 0
7163.199915 0.017830 0
7166.559915 0.009336 0
7169.919915 0.020895 0
7173.279915 0.019220 0
7176.639915 0.020314 0
7179.999915 0.003445 0
7183.359915 0.027724 0
7186.719915 0.015553 0
7190.079915 0.002922 0
7193.439914 0.003805 0
7196.799914 -0.003631 0
7200.159914 0.007941 0
7203.519914 0.023519 0
7206.879914 0.023658 0
7210.239914 0.013186 0
7213.599914 0.012842 0
7216.959914 0.016436 0
7220.319914 0.014862 0
7223.679913 0.016578 0
7227.039913 0.025039 0
7230.399913 0.027128 0
7233.759913 0.019838 0
7237.119913 -0.002495 0
7240.479913 0.019235 0
7243.839913 0.064050 0
7247.199913 0.029445 0
7250.559913 0.034227 0
7253.919913 0.005839 0
7257.279912 0.019468 0
7260.639912 0.000346 0
7263.999912 0.008507 0
7267.359912 0.031534 0
7270.719912 0.025725 0
7274.079912 0.013458 0
7277.439912 -0.021826 0
7280.799912 -0.004433 0
7284.159912 0.017836 0
7287.519911 0.025257 0
7290.879911 0.001546 0
7294.239911 0.025977 0
7297.599911 0.044283 0
7300.959911 0.001471 0
7304.319911 0.016760 0
7307.679911 0.006012 0
7311.039911 -0.005518 0
7314.399911 -0.000362 0
7317.759911 0.008267 0
7321.119910 0.000155 0
7324.479910 0.049408 0
7327.839910 0.027116 0
7331.199910 0.014202 0
7334.559910 0.000847 0
7337.919910 0.028258 0
7341.279910 0.018328 0
7344.639910 0.044754 0
7347.999910 0.035792 0
7351.359909 0.023382 0
7354.719909 0.012023 0
7358.079909 0.008581 0
7361.439909 0.029841 0
7364.799909 0.013287 0
7368.159909 0.019732 0
7371.519909 0.012336 0
7374.879909 -0.014567 0
7378.239909 0.010953 0
7381.599909 0.025249 0
7384.959908 0.025773 0
7388.319908 0.017748 0
7391.679908 0.008585 0
7395.039908 0.014773 0
7398.399908 0.032197 0
7401.759908 0.021734 0
7405.119908 -0.013365 0
7408.479908 0.004407 0
7411.839908 0.021313 0
7415.199907 0.028543 0
7418.559907 0.016681 0
7421.919907 0.016027 0
7425.279907 0.016062 0
7428.639907 0.004444 0
7431.999907 0.015516 0
7435.359907 -0.005716 0
7438.719907 0.002918 0
7442.079907 0.007305 0
7445.439907 0.016035 0
7448.799906 0.019064 0
7452.159906 0.014719 0
7455.519906 0.013791 0
7458.879906 0.027521 0
7462.239906 0.012067 0
7465.599906 0.005204 0
7468.959906 0.024168 0
7472.319906 0.003284 0
7475.679906 0.002715 0
7479.039905 0.029940 0
7482.399905 0.015502 0
7485.759905 0.008002 0
7489.119905 0.026913 0
7492.479905 0.008831 0
7495.839905 0.009773 0
7499.199905 0.026853 0
7502.559905 0.004775 0
7505.919905 0.015524 0
7509.279905 0.001374 0
7512.639904 0.020990 0
7515.999904 0.008889 0
7519.359904 0.015198 0
7522.719904 0.013712 0
7526.079904 0.038338 0
7529.439904 0.005185 0
7532.799904 0.043710 0
7536.159904 0.015941 0
7539.519904 0.009291 0
7542.879903 -0.002880 0
7546.239903 0.021850 0
7549.599903 0.015213 0
7552.959903 0.006507 0
7556.319903 0.016694 0
7559.679903 0.001571 0
7563.039903 0.003698 0
7566.399903 0.041318 0
7569.759903 0.035194 0
7573.119903 0.011625 0
7576.479902 0.003313 0
7579.839902 0.013426 0
7583.199902 0.013564 0
7586.559902 0.031133 0
7589.919902 0.001451 0
7593.279902 0.027627 0
7596.639902 0.016169 0
7599.999902 -0.003944 0
7603.359902 0.011972 0
7606.719901 -0.019800 0
7610.079901 0.040429 0
7613.439901 0.052802 0
7616.799901 0.023716 0
7620.159901 0.039833 0
7623.519901 0.013093 0
7626.879901 0.003150 0
7630.239901 -0.016902 0
7633.599901 0.013935 0
7636.959901 0.023403 0
7640.319900 0.005908 0
7643.679900 0.005596 0
7647.039900 0.045723 0
7650.399900 0.035513 0
7653.759900 0.026901 0
7657.119900 0.026896 0
7660.479900 0.005161 0
7663.839900 0.001005 0
7667.199900 0.025364 0
7670.559900 0.002615 0
7673.919899 -0.001592 0
7677.279899 0.003898 0
7680.639899 0.010228 0
7683.999899 -0.000037 0
7687.359899 0.000863 0
7690.719899 0.011065 0
7694.079899 0.010851 0
7697.439899 0.006643 0
7700.799899 0.010846 0
7704.159898 0.021817 0
7707.519898 0.024117 0
7710.879898 0.047042 0
7714.239898 -0.029681 0
7717.599898 -0.029934 0
7720.959898 0.021347 0
7724.319898 0.010989 0
7727.679898 -0.008512 0
7731.039898 -0.005129 0
7734.399898 0.021771 0
7737.759897 0.032730 0
7741.119897 -0.001228 0
7744.479897 0.007341 0
7747.839897 0.008325 0
7751.199897 -0.013749 0
7754.559897 0.016570 0
7757.919897 0.035166 0
7761.279897 0.026536 0
7764.639897 0.005607 0
7767.999896 0.017689 0
7771.359896 -0.006000 0
7774.719896 0.004332 0
7778.079896 0.005787 0
7781.439896 0.011142 0
7784.799896 0.022605 0
7788.159896 0.019030 0
7791.519896 0.002273 0
7794.879896 -0.026882 0
7798.239896 0.013654 0
7801.599895 -0.001504 0
7804.959895 -0.002137 0
7808.319895 0.040379 0
7811.679895 0.019524 0
7815.039895 0.013729 0
7818.399895 0.052016 0
7821.759895 0.017912 0
7825.119895 0.020300 0
7828.479895 0.036568 0
7831.839894 0.017584 0
7835.199894 -0.000291 0
7838.559894 0.053232 0
7841.919894 0.032292 0
7845.279894 -0.023342 0
7848.639894 -0.005699 0
7851.999894 0.006084 0
7855.359894 0.030022 0
7858.719894 -0.026067 0
7862.079894 0.034339 0
7865.439893 0.049218 0
7868.799893 0.011015 0
7872.159893 0.013331 0
7875.519893 -0.000422 0
7878.879893 0.031599 0
7882.239893 0.027218 0
7885.599893 0.022357 0
7888.959893 0.000348 0
7892.319893 0.002366 0
7895.679892 -0.002337 0
7899.039892 0.025229 0
7902.399892 0.016332 0
7905.759892 0.022961 0
7909.119892 0.002790 0
7912.479892 0.018084 0
7915.839892 0.023345 0
7919.199892 0.058281 0
7922.559892 0.035730 0
7925.919892 0.002577 0
7929.279891 0.032458 0
7932.639891 0.010123 0
7935.999891 -0.002796 0
7939.359891 0.008086 0
7942.719891 0.012884 0
7946.079891 0.016915 0
7949.439891 0.020457 0
7952.799891 0.037356 0
7956.159891 0.022690 0
7959.519890 -0.011915 0
7962.879890 -0.008877 0
7966.239890 -0.009197 0
7969.599890 0.011313 0
7972.959890 0.015931 0
7976.319890 0.024918 0
7979.679890 0.049468 0
7983.039890 0.027946 0
7986.399890 0.012012 0
7989.759890 0.032636 0
7993.119889 -0.036096 0
7996.479889 -0.062352 0
7999.839889 0.035911 0
8003.199889 0.027813 0
8006.559889 0.020629 0
8009.919889 0.031814 0
8013.279889 0.007832 0
8016.639889 0.005624 0
8019.999889 -0.004077 0
8023.359888 0.025287 0
8026.719888 0.027872 0
8030.079888 0.011681 0
8033.439888 -0.012104 0
8036.799888 -0.006898 0
8040.159888 0.001333 0
8043.519888 -0.006190 0
8046.879888 0.023323 0
8050.239888 0.006351 0
8053.599888 0.006465 0
8056.959887 0.004996 0
8060.319887 0.003046 0
8063.679887 0.026283 0
8067.039887 0.029576 0
8070.399887 0.054489 0
8073.759887 0.040423 0
8077.119887 0.048953 0
8080.479887 0.059998 0
8083.839887 0.035452 0
8087.199886 0.025480 0
8090.559886 0.006501 0
8093.919886 0.020654 0
8097.279886 0.007643 0
8100.639886 0.023121 0
8103.999886 0.019272 0
8107.359886 0.007543 0
8110.719886 0.017690 0
8114.079886 0.014795 0
8117.439886 0.016690 0
8120.799885 0.017070 0
8124.159885 -0.000057 0
8127.519885 0.003680 0
8130.879885 0.017994 0
8134.239885 0.011864 0
8137.599885 -0.017451 0
8140.959885 0.006530 0
8144.319885 0.025238 0
8147.679885 0.015745 0
8151.039885 -0.004315 0
8154.399884 0.008214 0
8157.759884 0.025374 0
8161.119884 0.011267 0
8164.479884 -0.000509 0
8167.839884 0.006296 0
8171.199884 0.008836 0
8174.559884 0.013486 0
8177.919884 0.012067 0
8181.279884 0.011820 0
8184.639883 0.013148 0
8187.999883 0.012364 0
8191.359883 0.013296 0
8194.719883 0.026402 0
8198.079883 0.026180 0
8201.439883 0.003718 0
8204.799883 0.006081 0
8208.159883 0.018625 0
8211.519883 -0.005285 0
8214.879883 0.014632 0
8218.239882 0.022052 0
8221.599882 0.005846 0
8224.959882 0.022361 0
8228.319882 0.007202 0
8231.679882 0.013855 0
8235.039882 0.018150 0
8238.399882 0.019237 0
8241.759882 0.018427 0
8245.119882 0.005078 0
8248.479881 0.013883 0
8251.839881 0.013346 0
8255.199881 0.013011 0
8258.559881 0.009062 0
8261.919881 0.006411 0
8265.279881 0.029305 0
8268.639881 0.013986 0
8271.999881 -0.015155 0
8275.359881 0.005443 0
8278.719881 0.050836 0
8282.079880 0.067583 0
8285.439880 0.007975 0
8288.799880 -0.022594 0
8292.159880 0.007432 0
8295.519880 -0.010500 0
8298.879880 -0.019493 0
8302.239880 -0.079325 0
8305.599880 -0.019667 0
8308.959880 -0.003423 0
8312.319879 0.001206 0
8315.679879 0.022676 0
8319.039879 0.020426 0
8322.399879 0.024136 0
8325.759879 0.013656 0
8329.119879 0.009763 0
8332.479879 0.009894 0
8335.839879 0.008535 0
8339.199879 -0.029211 0
8342.559879 -0.020626 0
8345.919878 -0.047110 0
8349.279878 -0.010965 0
8352.639878 0.033494 0
8355.999878 0.012834 0
8359.359878 0.008165 0
8362.719878 0.006873 0
8366.079878 0.007891 0
8369.439878 0.014727 0
8372.799878 0.016848 0
8376.159877 0.033629 0
8379.519877 0.036148 0
8382.879877 0.007910 0
8386.239877 0.025697 0
8389.599877 0.021223 0
8392.959877 -0.005941 0
8396.319877 0.013997 0
8399.679877 0.041418 0
8403.039877 -0.004752 0
8406.399877 0.019831 0
8409.759876 -0.025656 0
8413.119876 0.000995 0
8416.479876 0.008584 0
8419.839876 0.023664 0
8423.199876 -0.007655 0
8426.559876 0.018444 0
8429.919876 0.016451 0
8433.279876 0.036033 0
8436.639876 0.029352 0
8439.999875 0.025228 0
8443.359875 0.008088 0
8446.719875 0.031727 0
8450.079875 0.001947 0
8453.439875 0.017700 0
8456.799875 0.025468 0
8460.159875 -0.019985 0
8463.519875 -0.000705 0
8466.879875 0.061333 0
8470.239875 0.054786 0
8473.599874 -0.005497 0
8476.959874 0.020089 0
8480.319874 0.033342 0
8483.679874 0.025007 0
8487.039874 -0.003973 0
8490.399874 0.006169 0
8493.759874 0.013391 0
8497.119874 -0.019812 0
8500.479874 0.013413 0
8503.839873 0.011822 0
8507.199873 0.011674 0
8510.559873 0.013535 0
8513.919873 0.009887 0
8517.279873 0.015149 0
8520.639873 0.011033 0
8523.999873 0.008188 0
8527.359873 0.021804 0
8530.719873 0.024215 0
8534.079873 0.009489 0
8537.439872 0.018882 0
8540.799872 0.039384 0
8544.159872 0.027584 0
8547.519872 -0.010725 0
8550.879872 -0.016619 0
8554.239872 0.002101 0
8557.599872 0.000943 0
8560.959872 0.017753 0
8564.319872 0.011699 0
8567.679871 0.024530 0
8571.039871 0.006365 0
8574.399871 -0.004453 0
8577.759871 0.024717 0
8581.119871 0.020587 0
8584.479871 0.004930 0
8587.839871 0.016003 0
8591.199871 0.021665 0
8594.559871 -0.013854 0
8597.919871 0.006605 0
8601.279870 0.012531 0
8604.639870 0.008441 0
8607.999870 0.015466 0
8611.359870 -0.010933 0
8614.719870 -0.015032 0
8618.079870 0.023473 0
8621.439870 0.006837 0
8624.799870 -0.022537 0
8628.159870 0.010402 0
8631.519870 -0.016407 0
8634.879869 -0.020555 0
8638.239869 -0.015443 0
8641.599869 0.011950 0
8644.959869 0.028234 0
8648.319869 0.007343 0
8651.679869 -0.001820 0
8655.039869 0.000570 0
8658.399869 0.025075 0
8661.759869 0.021266 0
8665.119868 0.019297 0
8668.479868 0.017430 0
8671.839868 0.017088 0
8675.199868 0.007051 0
8678.559868 -0.014010 0
8681.919868 0.000927 0
8685.279868 0.009267 0
8688.639868 0.008308 0
8691.999868 0.014381 0
8695.359868 0.004567 0
8698.719867 0.005251 0
8702.079867 0.014816 0
8705.439867 0.008429 0
8708.799867 0.015266 0
8712.159867 0.013351 0
8715.519867 0.021227 0
8718.879867 0.008765 0
8722.239867 0.012858 0
8725.599867 0.009333 0
8728.959866 0.005759 0
8732.319866 -0.001226 0
8735.679866 0.004050 0
8739.039866 0.004175 0
8742.399866 0.011565 0
8745.759866 0.018446 0
8749.119866 0.016072 0
8752.479866 0.038785 0
8755.839866 0.037425 0
8759.199866 0.015921 0
8762.559865 -0.059987 0
8765.919865 0.020237 0
8769.279865 0.015684 0
8772.639865 0.049486 0
8775.999865 0.010838 0
8779.359865 -0.023570 0
8782.719865 0.023871 0
8786.079865 -0.003074 0
8789.439865 0.005217 0
8792.799864 0.040561 0
8796.159864 0.050063 0
8799.519864 -0.005185 0
8802.879864 -0.002979 0
8806.239864 0.015054 0
8809.599864 0.023094 1
8812.959864 0.016444 1
8816.319864 -0.014971 1
8819.679864 -0.021721 1
8823.039864 0.009239 1
8826.399863 -0.071598 1
8829.759863 -0.074232 1
8833.119863 0.003474 1
8836.479863 0.000024 1
8839.839863 0.051880 1
8843.199863 0.060413 0
8846.559863 -0.012066 0
8849.919863 -0.002104 0
8853.279863 0.029574 0
8856.639862 -0.008868 0
8859.999862 -0.015796 0
8863.359862 0.004501 0
8866.719862 0.008406 0
8870.079862 0.031525 0
8873.439862 0.011042 0
8876.799862 -0.001546 0
8880.159862 -0.021504 0
8883.519862 0.089646 0
8886.879862 0.012474 0
8890.239861 0.002707 0
8893.599861 0.046673 0
8896.959861 0.020769 0
8900.319861 0.020560 0
8903.679861 -0.016272 0
8907.039861 0.012865 0
8910.399861 0.048363 0
8913.759861 -0.035729 0
8917.119861 -0.054676 0
8920.479860 0.012287 0
8923.839860 0.128283 0
8927.199860 0.094645 0
8930.559860 0.039345 0
8933.919860 0.020101 0
8937.279860 -0.038778 0
8940.639860 -0.062019 0
8943.999860 -0.036264 0
8947.359860 0.065703 0
8950.719860 0.023686 0
8954.079859 -0.061182 0
8957.439859 -0.006657 0
8960.799859 0.070063 0
8964.159859 0.044824 0
8967.519859 0.006030 0
8970.879859 -0.025086 0
8974.239859 -0.008377 0
8977.599859 0.004845 0
8980.959859 0.004231 0
8984.319858 -0.003188 0
8987.679858 -0.003520 0
8991.039858 0.013826 0
8994.399858 0.021982 0
8997.759858 0.039791 0
9001.119858 0.050251 0
9004.479858 0.072233 0
9007.839858 0.024356 0
9011.199858 0.009389 0
9014.559858 0.006275 0
9017.919857 0.022824 0
9021.279857 0.005830 0
9024.639857 -0.007614 0
9027.999857 -0.004131 0
9031.359857 0.011234 0
9034.719857 0.001265 0
9038.079857 0.009221 0
9041.439857 -0.010918 0
9044.799857 0.007531 0
9048.159856 0.026139 0
9051.519856 0.032573 0
9054.879856 0.008652 0
9058.239856 0.029911 0
9061.599856 0.032447 0
9064.959856 0.036089 0
9068.319856 0.024458 0
9071.679856 0.007228 0
9075.039856 0.007414 0
9078.399856 0.004494 0
9081.759855 0.020611 0
9085.119855 0.048470 0
9088.479855 0.008652 0
9091.839855 -0.012393 0
9095.199855 0.011447 0
9098.559855 0.020317 0
9101.919855 -0.009242 0
9105.279855 0.016784 0
9108.639855 -0.006936 0
9111.999855 0.011976 0
9115.359854 0.001681 0
9118.719854 -0.009104 0
9122.079854 -0.000494 0
9125.439854 0.023028 0
9128.799854 0.020316 0
9132.159854 0.000302 0
9135.519854 0.004843 0
9138.879854 0.010629 0
9142.239854 0.014828 0
9145.599853 0.029474 0
9148.959853 0.032901 0
9152.319853 0.010285 0
9155.679853 -0.010116 0
9159.039853 0.015418 0
9162.399853 0.001888 0
9165.759853 -0.008337 0
9169.119853 -0.003313 0
9172.479853 0.002834 0
9175.839853 0.018712 0
9179.199852 0.003136 0
9182.559852 -0.006856 0
9185.919852 0.022175 0
9189.279852 0.009445 0
9192.639852 0.012008 0
9195.999852 0.022565 0
9199.359852 0.007816 0
9202.719852 0.036189 0
9206.079852 -0.010093 0
9209.439851 -0.001506 0
9212.799851 -0.012898 0
9216.159851 -0.006410 0
9219.519851 0.028036 0
9222.879851 0.016048 0
9226.239851 -0.010234 0
9229.599851 0.038045 0
9232.959851 0.029779 0
9236.319851 0.010541 0
9239.679851 -0.002351 0
9243.039850 -0.006916 0
9246.399850 0.019411 0
9249.759850 0.005646 0
