# obs: 255730-33
# slit: 37
# z: 1.46070
# lines: MgII,?
# spec: 546
4451.680000 0.000000 1
4455.040000 0.000000 1
4458.400000 0.000000 1
4461.760000 0.000000 1
4465.120000 0.000000 1
4468.480000 0.000000 1
4471.840000 0.000000 1
4475.200000 0.000000 1
4478.560000 0.000000 1
4481.920000 0.000000 1
4485.280000 0.000000 1
4488.640000 0.003454 1
4492.000000 0.078619 1
4495.360000 0.040682 1
4498.720000 0.016473 1
4502.080000 0.012743 0
4505.440000 0.024460 0
4508.800000 0.016066 0
4512.160000 0.021283 0
4515.520000 0.011317 0
4518.880000 0.022880 0
4522.240000 0.016636 0
4525.600000 0.017216 0
4528.960000 0.014960 0
4532.320000 0.014746 0
4535.680000 0.024608 0
4539.040000 0.024469 0
4542.400000 0.020791 0
4545.760000 0.016200 0
4549.120000 0.013687 0
4552.480000 0.012687 0
4555.840000 0.023531 0
4559.200000 0.023851 0
4562.560000 0.019541 0
4565.920000 0.008059 0
4569.280000 0.008597 0
4572.640000 0.013076 0
4576.000000 0.010185 0
4579.360000 0.009888 0
4582.720000 0.010228 0
4586.080000 0.018940 0
4589.440000 0.012694 0
4592.800000 0.013320 0
4596.160000 0.017928 0
4599.520000 0.017594 0
4602.880000 0.010452 0
4606.240000 0.022989 0
4609.600000 0.016491 0
4612.960000 0.012793 0
4616.320000 0.015849 0
4619.680000 0.014914 0
4623.040000 0.015198 0
4626.400000 0.010309 0
4629.760000 0.019647 0
4633.120000 0.021528 0
4636.480000 0.016295 0
4639.840000 0.020811 0
4643.200000 0.021379 0
4646.560000 0.016783 0
4649.920000 0.014452 0
4653.280000 0.018703 0
4656.640000 0.013696 0
4660.000000 0.023188 0
4663.360000 0.019728 0
4666.720000 0.020453 0
4670.080000 0.018341 0
4673.440000 0.015380 0
4676.800000 0.007874 0
4680.160000 0.015979 0
4683.520000 0.013419 0
4686.880000 0.014792 0
4690.240000 0.021992 0
4693.600000 0.017095 0
4696.960000 0.012599 0
4700.320000 0.016552 0
4703.680000 0.015730 0
4707.040000 0.016304 0
4710.400000 0.018691 0
4713.760000 0.024969 0
4717.120000 0.019851 0
4720.480000 0.025282 0
4723.840000 0.004989 0
4727.200000 0.016333 0
4730.560000 0.022401 0
4733.920000 0.022574 0
4737.280000 0.012205 0
4740.640000 0.016123 0
4744.000000 0.014120 0
4747.360000 0.012625 0
4750.720000 0.013763 0
4754.080000 0.015969 0
4757.440000 0.021852 0
4760.800000 0.014934 0
4764.160000 0.017195 0
4767.520000 0.023819 0
4770.880000 0.015341 0
4774.240000 0.015312 0
4777.600000 0.015498 0
4780.960000 0.020439 0
4784.320000 0.022385 0
4787.680000 0.012413 0
4791.040000 0.015169 0
4794.400000 0.012545 0
4797.760000 0.010056 0
4801.120000 0.021560 0
4804.480000 0.013567 0
4807.840000 0.009457 0
4811.200000 0.015769 0
4814.560000 0.015805 0
4817.920000 0.014496 0
4821.280000 0.021177 0
4824.640000 0.022019 0
4828.000000 0.013284 0
4831.360000 0.018295 0
4834.720000 0.011781 0
4838.080000 0.018900 0
4841.440000 0.011120 0
4844.800000 0.008807 0
4848.160000 0.016311 0
4851.520000 0.009303 0
4854.880000 0.016972 0
4858.240000 0.013479 0
4861.600000 0.017851 0
4864.960000 0.015222 0
4868.320000 0.016903 0
4871.680000 0.015141 0
4875.040000 0.019507 0
4878.400000 0.017665 0
4881.760000 0.011554 0
4885.120000 0.016941 0
4888.480000 0.020868 0
4891.840000 0.016197 0
4895.200000 0.006266 0
4898.560000 0.013513 0
4901.920000 0.018787 0
4905.280000 0.018496 0
4908.640000 0.016468 0
4912.000000 0.019441 0
4915.360000 0.018728 0
4918.720000 0.013880 0
4922.080000 0.007294 0
4925.440000 0.012837 0
4928.800000 0.020493 0
4932.160000 0.017513 0
4935.520000 0.024935 0
4938.880000 0.021669 0
4942.240000 0.008888 0
4945.600000 0.011165 0
4948.960000 0.015860 0
4952.320000 0.012957 0
4955.680000 0.023294 0
4959.040000 0.022572 0
4962.400000 0.014290 0
4965.760000 0.017874 0
4969.120000 0.012274 0
4972.480000 0.011441 0
4975.840000 0.021268 0
4979.200000 0.016463 0
4982.560000 0.013731 0
4985.920000 0.019570 0
4989.280000 0.021872 0
4992.640000 0.017788 0
4996.000000 0.013313 0
4999.360000 0.018064 0
5002.720000 0.013989 0
5006.080000 0.014940 0
5009.440000 0.018216 0
5012.800000 0.017345 0
5016.160000 0.018531 0
5019.520000 0.013489 0
5022.880000 0.019514 0
5026.240000 0.021124 0
5029.600000 0.021894 0
5032.960000 0.014471 0
5036.320000 0.015941 0
5039.680000 0.016889 0
5043.040000 0.015186 0
5046.400000 0.013791 0
5049.760000 0.015543 0
5053.120000 0.014633 0
5056.480000 0.016851 0
5059.840000 0.017347 0
5063.200000 0.016212 0
5066.560000 0.013141 0
5069.920000 0.022386 0
5073.280000 0.020259 0
5076.640000 0.013385 0
5080.000000 0.017463 0
5083.360000 0.017997 0
5086.720000 0.017489 0
5090.080000 0.014706 0
5093.440000 0.015543 0
5096.800000 0.020527 0
5100.160000 0.019368 0
5103.520000 0.012500 0
5106.880000 0.015350 0
5110.240000 0.019063 0
5113.600000 0.013376 0
5116.960000 0.015677 0
5120.320000 0.024153 0
5123.680000 0.022402 0
5127.040000 0.013462 0
5130.400000 0.015997 0
5133.760000 0.013441 0
5137.120000 0.013179 0
5140.480000 0.021065 0
5143.840000 0.020052 0
5147.200000 0.013648 0
5150.560000 0.021020 0
5153.920000 0.014186 0
5157.280000 0.015639 0
5160.640000 0.014622 0
5164.000000 0.019059 0
5167.360000 0.017550 0
5170.720000 0.018708 0
5174.080000 0.017819 0
5177.440000 0.015098 0
5180.800000 0.017710 0
5184.160000 0.023774 0
5187.520000 0.008033 0
5190.880000 0.015213 0
5194.240000 0.017876 0
5197.600000 0.023424 0
5200.960000 0.014091 0
5204.320000 0.010531 0
5207.680000 0.013584 0
5211.040000 0.011084 0
5214.400000 0.012345 0
5217.760000 0.017585 0
5221.120000 0.017730 0
5224.480000 0.013569 0
5227.840000 0.015110 0
5231.200000 0.014236 0
5234.560000 0.017737 0
5237.920000 0.012678 0
5241.280000 0.015754 0
5244.640000 0.012720 0
5248.000000 0.010763 0
5251.360000 0.012425 0
5254.720000 0.016536 0
5258.080000 0.019766 0
5261.440000 0.015962 0
5264.800000 0.019525 0
5268.160000 0.022640 0
5271.520000 0.007918 0
5274.880000 0.017587 0
5278.240000 0.020770 0
5281.600000 0.018620 0
5284.960000 0.019024 0
5288.320000 0.015485 0
5291.680000 0.019386 0
5295.040000 0.015167 0
5298.400000 0.016416 0
5301.760000 0.014460 0
5305.120000 0.016339 0
5308.480000 0.014832 0
5311.840000 0.017831 0
5315.200000 0.014394 0
5318.560000 0.018614 0
5321.920000 0.018319 0
5325.280000 0.020819 0
5328.640000 0.012901 0
5332.000000 0.009344 0
5335.360000 0.013103 0
5338.720000 0.012857 0
5342.080000 0.020950 0
5345.440000 0.015250 0
5348.800000 0.017910 0
5352.160000 0.019436 0
5355.520000 0.014210 0
5358.880000 0.016546 0
5362.240000 0.024992 0
5365.600000 0.016357 0
5368.960000 0.013455 0
5372.320000 0.015305 0
5375.680000 0.014843 0
5379.040000 0.007573 0
5382.400000 0.012087 0
5385.760000 0.021721 0
5389.120000 0.020720 0
5392.480000 0.016819 0
5395.840000 0.010398 0
5399.200000 0.013611 0
5402.560000 0.019873 0
5405.920000 0.020762 0
5409.280000 0.016425 0
5412.640000 0.016748 0
5416.000000 0.011113 0
5419.360000 0.009337 0
5422.720000 0.013898 0
5426.080000 0.010222 0
5429.440000 0.010925 0
5432.800000 0.018760 0
5436.160000 0.014355 0
5439.520000 0.014881 0
5442.880000 0.017131 0
5446.240000 0.015842 0
5449.600000 0.009984 0
5452.960000 0.009064 0
5456.320000 0.014505 0
5459.680000 0.021140 0
5463.040000 0.017449 0
5466.400000 0.013772 0
5469.760000 0.021694 0
5473.120000 0.014907 0
5476.480000 0.017363 0
5479.840000 0.013635 0
5483.200000 0.011864 0
5486.560000 0.010966 0
5489.920000 0.017437 0
5493.280000 0.010870 0
5496.640000 0.010500 0
5500.000000 0.014079 0
5503.360000 0.011740 0
5506.720000 0.018699 0
5510.080000 0.009900 0
5513.440000 0.009445 0
5516.800000 0.015396 0
5520.160000 0.018326 0
5523.520000 0.014813 0
5526.880000 0.021358 0
5530.240000 0.018340 0
5533.600000 0.015121 0
5536.960000 0.010866 0
5540.320000 0.021676 0
5543.680000 0.011847 0
5547.040000 0.013377 0
5550.400000 0.013925 0
5553.760000 0.018631 0
5557.120000 0.014672 0
5560.480000 0.017451 0
5563.840000 0.012150 0
5567.200000 0.016091 1
5570.560000 -0.043332 1
5573.920000 0.022578 1
5577.280000 0.018124 1
5580.640000 0.011720 1
5584.000000 0.067125 1
5587.360000 0.016616 1
5590.720000 0.021742 1
5594.080000 0.015513 1
5597.440000 0.014280 1
5600.800000 0.014635 0
5604.160000 0.014108 0
5607.520000 0.011958 0
5610.880000 0.009841 0
5614.240000 0.016308 0
5617.600000 0.014432 0
5620.960000 0.016152 0
5624.320000 0.011996 0
5627.680000 0.009487 0
5631.040000 0.010750 0
5634.400000 0.013922 0
5637.760000 0.016010 0
5641.120000 0.008439 0
5644.480000 0.016084 0
5647.840000 0.013769 0
5651.200000 0.009847 0
5654.560000 0.014905 0
5657.920000 0.011916 0
5661.280000 0.016142 0
5664.640000 0.019194 0
5668.000000 0.015442 0
5671.360000 0.008882 0
5674.720000 0.011924 0
5678.080000 0.009820 0
5681.440000 0.017659 0
5684.800000 0.017021 0
5688.160000 0.016238 0
5691.520000 0.010737 0
5694.880000 0.008387 0
5698.240000 0.013950 0
5701.600000 0.018352 0
5704.960000 0.017999 0
5708.320000 0.014499 0
5711.680000 0.017041 0
5715.040000 0.009968 0
5718.400000 0.016920 0
5721.760000 0.012834 0
5725.120000 0.015250 0
5728.480000 0.010949 0
5731.840000 0.010952 0
5735.200000 0.011422 0
5738.560000 0.012509 0
5741.920000 0.018634 0
5745.280000 0.015885 0
5748.640000 0.017025 0
5752.000000 0.016812 0
5755.360000 0.014559 0
5758.720000 0.010529 0
5762.080000 0.008175 0
5765.440000 0.009082 0
5768.800000 0.014948 0
5772.160000 0.018638 0
5775.520000 0.007920 0
5778.880000 0.012712 0
5782.240000 0.017963 0
5785.600000 0.018275 0
5788.960000 0.020569 0
5792.320000 0.014871 0
5795.680000 0.012435 0
5799.040000 0.014139 0
5802.400000 0.013590 0
5805.760000 0.017421 0
5809.120000 0.008974 0
5812.480000 0.014519 0
5815.840000 0.024383 0
5819.200000 0.017943 0
5822.560000 0.013144 0
5825.920000 0.010017 0
5829.280000 0.019492 0
5832.640000 0.012055 0
5836.000000 0.014566 0
5839.360000 0.014159 0
5842.720000 0.015110 0
5846.080000 0.006279 0
5849.440000 0.018150 0
5852.800000 0.014514 0
5856.160000 0.011631 0
5859.520000 0.014109 0
5862.880000 0.008112 0
5866.240000 0.004406 0
5869.600000 0.007467 0
5872.960000 0.016477 0
5876.320000 0.009506 0
5879.680000 0.019149 0
5883.040000 0.007899 0
5886.400000 0.010623 0
5889.760000 -0.001190 0
5893.120000 -0.005295 0
5896.480000 0.015867 0
5899.840000 0.026344 0
5903.200000 0.016817 0
5906.560000 0.014124 0
5909.920000 0.009736 0
5913.280000 0.014617 0
5916.640000 0.017036 0
5920.000000 0.017775 0
5923.360000 0.021055 0
5926.720000 0.025821 0
5930.080000 0.003535 0
5933.440000 0.017497 0
5936.800000 0.012930 0
5940.160000 0.011857 0
5943.520000 0.014122 0
5946.880000 0.011631 0
5950.240000 0.013640 0
5953.600000 0.012492 0
5956.960000 0.021306 0
5960.320000 0.020652 0
5963.680000 0.012315 0
5967.040000 0.009156 0
5970.400000 0.010044 0
5973.760000 0.020224 0
5977.120000 0.011374 0
5980.480000 0.011515 0
5983.840000 0.010244 0
5987.200000 0.010694 0
5990.560000 0.017000 0
5993.920000 0.021018 0
5997.280000 0.016474 0
6000.640000 0.016836 0
6004.000000 0.016593 0
6007.360000 0.012838 0
6010.720000 0.015339 0
6014.080000 0.013839 0
6017.440000 0.010740 0
6020.800000 0.015584 0
6024.160000 0.016185 0
6027.520000 0.014364 0
6030.880000 0.008976 0
6034.240000 0.015096 0
6037.600000 0.015438 0
6040.960000 0.014554 0
6044.320000 0.016278 0
6047.680000 0.018772 0
6051.040000 0.013533 0
6054.400000 0.014262 0
6057.760000 0.020480 0
6061.120000 0.020485 0
6064.480000 0.016353 0
6067.840000 0.012221 0
6071.200000 0.020065 0
6074.560000 0.013415 0
6077.920000 0.011580 0
6081.280000 0.010701 0
6084.640000 0.011736 0
6088.000000 0.016495 0
6091.360000 0.013564 0
6094.720000 0.010512 0
6098.080000 0.009752 0
6101.440000 0.011252 0
6104.800000 0.013694 0
6108.160000 0.009918 0
6111.520000 0.015118 0
6114.880000 0.012820 0
6118.240000 0.001563 0
6121.600000 0.011079 0
6124.960000 0.015862 0
6128.320000 0.016977 0
6131.680000 0.009144 0
6135.040000 0.014184 0
6138.400000 0.013207 0
6141.760000 0.019056 0
6145.120000 0.005288 0
6148.480000 0.015113 0
6151.840000 0.015937 0
6155.200000 0.011314 0
6158.560000 0.014376 0
6161.920000 0.013234 0
6165.280000 0.008590 0
6168.640000 0.019232 0
6172.000000 0.012665 0
6175.360000 0.011370 0
6178.720000 0.014565 0
6182.080000 0.012609 0
6185.440000 0.018412 0
6188.800000 0.013173 0
6192.160000 0.014725 0
6195.520000 0.013929 0
6198.880000 0.010847 0
6202.240000 0.015779 0
6205.600000 0.018598 0
6208.960000 0.019052 0
6212.320000 0.009325 0
6215.680000 0.016877 0
6219.040000 0.015552 0
6222.400000 0.013934 0
6225.760000 0.013603 0
6229.120000 0.010642 0
6232.480000 0.016693 0
6235.840000 0.015822 0
6239.200000 0.011377 0
6242.560000 0.016242 0
6245.920000 0.017572 0
6249.280000 0.007913 0
6252.640000 0.018766 0
6256.000000 0.017675 0
6259.360000 0.004710 0
6262.720000 0.015970 0
6266.080000 0.011298 0
6269.440000 0.018955 0
6272.800000 0.013088 0
6276.160000 0.012428 0
6279.520000 0.012279 0
6282.880000 0.015370 0
6286.240000 0.015673 0
6289.600000 0.014878 0
6292.960000 0.007143 1
6296.320000 0.016855 1
6299.680000 0.016103 1
6303.040000 0.002935 1
6306.400000 0.026581 1
6309.760000 0.008715 1
6313.120000 0.010780 1
6316.480000 0.015666 1
6319.840000 0.014491 0
6323.200000 0.016353 0
6326.560000 0.016536 0
6329.920000 0.014524 0
6333.280000 0.016992 0
6336.640000 0.013789 0
6340.000000 0.019913 0
6343.360000 0.016821 0
6346.720000 0.014037 0
6350.080000 0.019876 0
6353.440000 0.020175 1
6356.800000 0.017026 1
6360.160000 0.021968 1
6363.520000 0.015828 1
6366.880000 0.025749 1
6370.240000 0.013211 1
6373.600000 0.010171 1
6376.960000 0.018461 0
6380.320000 0.006596 0
6383.680000 0.012165 0
6387.040000 0.017477 0
6390.400000 0.014143 0
6393.760000 0.017977 0
6397.120000 0.017135 0
6400.480000 0.016403 0
6403.840000 0.018488 0
6407.200000 0.010783 0
6410.560000 0.012681 0
6413.920000 0.010244 0
6417.280000 0.008654 0
6420.640000 0.014288 0
6424.000000 0.011460 0
6427.360000 0.018405 0
6430.720000 0.015372 0
6434.080000 0.015602 0
6437.440000 0.010947 0
6440.800000 0.012030 0
6444.160000 0.009222 0
6447.520000 0.010533 0
6450.880000 0.009702 0
6454.240000 0.013067 0
6457.600000 0.011439 0
6460.960000 0.018303 0
6464.320000 0.013955 0
6467.680000 0.012738 0
6471.040000 0.011759 0
6474.400000 0.015448 0
6477.760000 0.016486 0
6481.120000 0.020660 0
6484.480000 0.012465 0
6487.840000 0.017049 0
6491.200000 0.020009 0
6494.560000 0.023275 0
6497.920000 0.015979 0
6501.280000 0.011362 0
6504.640000 0.014900 0
6508.000000 0.014426 0
6511.360000 0.014019 0
6514.720000 0.009847 0
6518.080000 0.015995 0
6521.440000 0.013155 0
6524.800000 0.013112 0
6528.160000 0.019836 0
6531.520000 0.017107 0
6534.880000 0.012314 0
6538.240000 0.011069 0
6541.600000 0.019130 0
6544.960000 0.008145 0
6548.320000 0.015829 0
6551.680000 0.019899 0
6555.040000 0.017248 0
6558.400000 0.018759 0
6561.760000 0.016604 0
6565.120000 0.007241 0
6568.480000 0.004079 0
6571.840000 0.014501 0
6575.200000 0.014449 0
6578.560000 0.012375 0
6581.920000 0.007440 0
6585.280000 0.012020 0
6588.640000 0.008772 0
6592.000000 0.016114 0
6595.360000 0.018160 0
6598.720000 0.014013 0
6602.080000 0.013370 0
6605.440000 0.011651 0
6608.800000 0.012397 0
6612.160000 0.015617 0
6615.520000 0.011320 0
6618.880000 0.008553 0
6622.240000 0.021953 0
6625.600000 0.013888 0
6628.960000 0.008452 0
6632.320000 0.010609 0
6635.680000 0.017763 0
6639.040000 0.015134 0
6642.400000 0.014645 0
6645.760000 0.015872 0
6649.120000 0.014453 0
6652.480000 0.012654 0
6655.840000 0.016745 0
6659.200000 0.008967 0
6662.560000 0.010515 0
6665.920000 0.017311 0
6669.280000 0.012169 0
6672.640000 0.014183 0
6676.000000 0.014127 0
6679.360000 0.013786 0
6682.720000 0.012158 0
6686.080000 0.012785 0
6689.440000 0.017463 0
6692.800000 0.016635 0
6696.160000 0.015754 0
6699.520000 0.013132 0
6702.880000 0.011530 0
6706.240000 0.017050 0
6709.600000 0.010148 0
6712.960000 0.008646 0
6716.320000 0.012885 0
6719.680000 0.008273 0
6723.040000 0.008792 0
6726.400000 0.015027 0
6729.760000 0.014110 0
6733.120000 0.014306 0
6736.480000 0.010637 0
6739.840000 0.012317 0
6743.200000 0.019760 0
6746.560000 0.006400 0
6749.920000 0.008229 0
6753.280000 0.013848 0
6756.640000 0.008900 0
6760.000000 0.012109 0
6763.360000 0.010837 0
6766.720000 0.017363 0
6770.080000 0.017103 0
6773.440000 0.014540 0
6776.800000 0.015937 0
6780.160000 0.011814 0
6783.520000 0.010908 0
6786.880000 0.015231 0
6790.240000 0.012771 0
6793.600000 0.014801 0
6796.960000 0.011480 0
6800.320000 0.013505 0
6803.680000 0.008721 0
6807.040000 0.005619 0
6810.400000 0.009428 0
6813.760000 0.010110 0
6817.120000 0.017657 0
6820.480000 0.012615 0
6823.840000 0.016114 0
6827.200000 0.016328 0
6830.560000 0.010724 0
6833.920000 0.015686 0
6837.280000 0.016084 0
6840.640000 0.015685 0
6844.000000 0.009825 0
6847.360000 0.016739 0
6850.720000 0.010191 0
6854.080000 0.014843 0
6857.440000 0.010533 0
6860.800000 0.005019 0
6864.160000 0.012410 0
6867.520000 0.009022 0
6870.880000 0.010307 0
6874.240000 0.004486 0
6877.600000 0.006359 0
6880.960000 0.010184 0
6884.320000 0.004427 0
6887.680000 0.008061 0
6891.040000 0.007739 0
6894.400000 0.008861 0
6897.760000 0.005302 0
6901.120000 0.008199 0
6904.480000 0.008778 0
6907.840000 0.011095 0
6911.200000 0.011414 0
6914.560000 0.006073 0
6917.920000 0.018551 0
6921.280000 0.014244 0
6924.640000 0.014737 0
6928.000000 0.007102 0
6931.360000 0.007866 0
6934.720000 0.016020 0
6938.080000 0.013184 0
6941.440000 0.017780 0
6944.800000 0.013491 0
6948.160000 0.006476 0
6951.520000 0.015287 0
6954.880000 0.010314 0
6958.240000 0.008464 0
6961.600000 0.016677 0
6964.960000 0.020174 0
6968.320000 0.014432 0
6971.680000 0.012151 0
6975.040000 0.012511 0
6978.400000 0.011057 0
6981.760000 0.011481 0
6985.120000 0.013092 0
6988.480000 0.014272 0
6991.840000 0.015047 0
6995.200000 0.013513 0
6998.560000 0.010357 0
7001.920000 0.016054 0
7005.280000 0.012139 0
7008.640000 0.014358 0
7012.000000 0.015524 0
7015.360000 0.017762 0
7018.720000 0.017535 0
7022.080000 0.009458 0
7025.440000 0.011883 0
7028.800000 0.016743 0
7032.160000 0.012514 0
7035.520000 0.011029 0
7038.880000 0.017344 0
7042.240000 0.014199 0
7045.600000 0.014873 0
7048.960000 0.014699 0
7052.320000 0.011634 0
7055.680000 0.014025 0
7059.040000 0.013797 0
7062.400000 0.009497 0
7065.760000 0.012421 0
7069.120000 0.010696 0
7072.480000 0.012917 0
7075.840000 0.016830 0
7079.200000 0.009911 0
7082.560000 0.006281 0
7085.920000 0.011696 0
7089.280000 0.016233 0
7092.640000 0.012649 0
7096.000000 0.011109 0
7099.360000 0.010320 0
7102.720000 0.013697 0
7106.080000 0.012176 0
7109.440000 0.014104 0
7112.800000 0.009965 0
7116.160000 0.011565 0
7119.520000 0.007996 0
7122.880000 0.008199 0
7126.240000 0.015476 0
7129.600000 0.012091 0
7132.960000 0.006748 0
7136.320000 0.013333 0
7139.680000 0.011454 0
7143.040000 0.009515 0
7146.400000 0.009951 0
7149.760000 0.012246 0
7153.120000 0.012755 0
7156.480000 0.012653 0
7159.840000 0.014598 0
7163.200000 0.009582 0
7166.560000 0.014433 0
7169.920000 0.008948 0
7173.280000 0.014343 0
7176.640000 0.015719 0
7180.000000 0.014070 0
7183.360000 0.013099 0
7186.720000 0.013326 0
7190.080000 0.012139 0
7193.440000 0.009219 0
7196.800000 0.013392 0
7200.160000 0.014920 0
7203.520000 0.006908 0
7206.880000 0.012599 0
7210.240000 0.017014 0
7213.600000 0.014298 0
7216.960000 0.011924 0
7220.320000 0.015779 0
7223.680000 0.005492 0
7227.040000 0.009400 0
7230.400000 0.011261 0
7233.760000 0.010955 0
7237.120000 0.014075 0
7240.480000 0.017411 0
7243.840000 0.012496 0
7247.200000 -0.011119 0
7250.560000 0.007376 0
7253.920000 0.013437 0
7257.280000 0.015292 0
7260.640000 0.010992 0
7264.000000 0.015163 0
7267.360000 0.011855 0
7270.720000 -0.000006 0
7274.080000 0.017592 0
7277.440000 0.003175 0
7280.800000 0.000780 0
7284.160000 -0.002846 0
7287.520000 0.007824 0
7290.880000 0.006011 0
7294.240000 0.016539 0
7297.600000 0.012777 0
7300.960000 0.007906 0
7304.320000 0.015103 0
7307.680000 0.019142 0
7311.040000 0.021822 0
7314.400000 0.023930 0
7317.760000 0.011557 0
7321.120000 0.013780 0
7324.480000 0.010017 0
7327.840000 0.006741 0
7331.200000 0.006542 0
7334.560000 0.004301 0
7337.920000 0.025225 0
7341.280000 0.010671 0
7344.640000 0.005749 0
7348.000000 0.004894 0
7351.360000 0.015668 0
7354.720000 0.012111 0
7358.080000 0.001521 0
7361.440000 0.001866 0
7364.800000 0.018600 0
7368.160000 0.015568 0
7371.520000 0.017498 0
7374.880000 0.008491 0
7378.240000 0.007084 0
7381.600000 0.016156 0
7384.960000 0.004188 0
7388.320000 0.010093 0
7391.680000 0.008038 0
7395.040000 0.014675 0
7398.400000 0.014173 0
7401.760000 0.018059 0
7405.120000 0.014653 0
7408.480000 0.014297 0
7411.840000 0.012283 0
7415.200000 0.014161 0
7418.560000 0.010436 0
7421.920000 0.005105 0
7425.280000 0.013094 0
7428.640000 0.006537 0
7432.000000 0.009010 0
7435.360000 0.017419 0
7438.720000 0.022091 0
7442.080000 0.012522 0
7445.440000 0.015032 0
7448.800000 0.014652 0
7452.160000 0.012652 0
7455.520000 0.013655 0
7458.880000 0.011878 0
7462.240000 0.006988 0
7465.600000 0.006814 0
7468.960000 0.007375 0
7472.320000 0.020233 0
7475.680000 0.012240 0
7479.040000 0.010953 0
7482.400000 0.016318 0
7485.760000 0.006384 0
7489.120000 0.016165 0
7492.480000 0.012540 0
7495.840000 0.014094 0
7499.200000 0.009945 0
7502.560000 0.006753 0
7505.920000 0.012354 0
7509.280000 0.016122 0
7512.640000 0.011772 0
7516.000000 0.015047 0
7519.360000 0.017543 0
7522.720000 0.024430 0
7526.080000 0.002541 0
7529.440000 0.008916 0
7532.800000 0.013717 0
7536.160000 0.003569 0
7539.520000 0.011338 0
7542.880000 0.009337 0
7546.240000 0.020112 0
7549.600000 0.009529 0
7552.960000 0.012883 0
7556.320000 0.019303 0
7559.680000 0.012234 0
7563.040000 0.015595 0
7566.400000 0.020568 0
7569.760000 0.012885 0
7573.120000 0.009386 0
7576.480000 0.010572 0
7579.840000 0.008102 0
7583.200000 0.008474 0
7586.560000 0.015848 0
7589.920000 0.015745 0
7593.280000 0.012086 0
7596.640000 0.011511 0
7600.000000 0.005821 0
7603.360000 0.008644 0
7606.720000 0.007716 0
7610.080000 0.011753 0
7613.440000 0.026247 0
7616.800000 0.003682 0
7620.160000 0.013900 0
7623.520000 0.010892 0
7626.880000 0.002684 0
7630.240000 0.008789 0
7633.600000 0.007387 0
7636.960000 0.010423 0
7640.320000 0.014523 0
7643.680000 0.020018 0
7647.040000 0.012289 0
7650.400000 0.012497 0
7653.760000 0.006415 0
7657.120000 0.006498 0
7660.480000 0.013953 0
7663.840000 0.006896 0
7667.200000 0.009658 0
7670.560000 0.012205 0
7673.920000 0.011905 0
7677.280000 0.010975 0
7680.640000 0.014030 0
7684.000000 0.005674 0
7687.360000 0.008568 0
7690.720000 0.012212 0
7694.080000 0.013484 0
7697.440000 0.007458 0
7700.800000 0.008950 0
7704.160000 0.011084 0
7707.520000 0.003229 0
7710.880000 0.013904 0
7714.240000 -0.000015 0
7717.600000 0.006523 0
7720.960000 0.025122 0
7724.320000 0.008348 0
7727.680000 0.013558 0
7731.040000 0.016339 0
7734.400000 0.012234 0
7737.760000 0.009627 0
7741.120000 0.007157 0
7744.480000 0.011213 0
7747.840000 0.007083 0
7751.200000 0.025746 0
7754.560000 0.012395 0
7757.920000 -0.000089 0
7761.280000 0.001694 0
7764.640000 0.010274 0
7768.000000 0.009222 0
7771.360000 0.014111 0
7774.720000 0.013746 0
7778.080000 0.015338 0
7781.440000 0.010944 0
7784.800000 0.016485 0
7788.160000 0.011746 0
7791.520000 0.003187 0
7794.880000 0.014602 0
7798.240000 -0.003613 0
7801.600000 0.005487 0
7804.960000 0.006762 0
7808.320000 0.008918 0
7811.680000 0.018138 0
7815.040000 0.007852 0
7818.400000 0.022650 0
7821.760000 0.023767 0
7825.120000 0.019681 0
7828.480000 0.012090 0
7831.840000 0.013439 0
7835.200000 0.019383 0
7838.560000 0.009859 0
7841.920000 0.000061 0
7845.280000 0.023813 0
7848.640000 0.020726 0
7852.000000 0.014469 0
7855.360000 0.008113 0
7858.720000 -0.000826 0
7862.080000 -0.004753 0
7865.440000 -0.004651 0
7868.800000 0.012020 0
7872.160000 0.011703 0
7875.520000 0.021483 0
7878.880000 0.013175 0
7882.240000 0.002584 0
7885.600000 0.010208 0
7888.960000 0.014976 0
7892.320000 0.009701 0
7895.680000 0.010450 0
7899.040000 0.007072 0
7902.400000 0.004620 0
7905.760000 0.013677 0
7909.120000 0.034943 0
7912.480000 0.018849 0
7915.840000 -0.012243 0
7919.200000 -0.006201 0
7922.560000 0.013045 0
7925.920000 0.010987 0
7929.280000 -0.000251 0
7932.640000 0.022242 0
7936.000000 0.018094 0
7939.360000 0.001209 0
7942.720000 0.005937 0
7946.080000 0.008108 0
7949.440000 0.008712 0
7952.800000 0.021663 0
7956.160000 0.012235 0
7959.520000 0.005237 0
7962.880000 0.000231 0
7966.240000 -0.008687 0
7969.600000 0.006119 0
7972.960000 0.003720 0
7976.320000 0.004216 0
7979.680000 0.021550 0
7983.040000 0.015951 0
7986.400000 0.013822 0
7989.760000 -0.006523 0
7993.120000 0.004920 0
7996.480000 0.012404 0
7999.840000 0.014009 0
8003.200000 0.003084 0
8006.560000 0.003647 0
8009.920000 0.006264 0
8013.280000 0.010961 0
8016.640000 0.020088 0
8020.000000 0.019576 0
8023.360000 0.012197 0
8026.720000 0.013015 0
8030.080000 0.011375 0
8033.440000 0.004076 0
8036.800000 0.009553 0
8040.160000 0.009984 0
8043.520000 0.007911 0
8046.880000 0.010779 0
8050.240000 0.015652 0
8053.600000 0.007954 0
8056.960000 0.011140 0
8060.320000 0.013305 0
8063.680000 0.005435 0
8067.040000 0.003534 0
8070.400000 0.010854 0
8073.760000 0.005308 0
8077.120000 0.014943 0
8080.480000 0.002429 0
8083.840000 0.001917 0
8087.200000 0.005438 0
8090.560000 0.016417 0
8093.920000 0.009339 0
8097.280000 0.000803 0
8100.640000 0.004702 0
8104.000000 0.011394 0
8107.360000 0.011106 0
8110.720000 0.008382 0
8114.080000 0.003549 0
8117.440000 0.006401 0
8120.800000 0.015928 0
8124.160000 0.012949 0
8127.520000 0.016070 0
8130.880000 0.011264 0
8134.240000 0.005722 0
8137.600000 0.006621 0
8140.960000 0.010413 0
8144.320000 0.013660 0
8147.680000 0.016660 0
8151.040000 0.010148 0
8154.400000 0.008112 0
8157.760000 0.008165 0
8161.120000 0.010404 0
8164.480000 0.008657 0
8167.840000 0.009301 0
8171.200000 0.010445 0
8174.560000 0.010415 0
8177.920000 0.005312 0
8181.280000 0.007275 0
8184.640000 0.013307 0
8188.000000 0.011487 0
8191.360000 0.006268 0
8194.720000 0.005510 0
8198.080000 0.012415 0
8201.440000 0.021146 0
8204.800000 0.013465 0
8208.160000 0.012690 0
8211.520000 0.009100 0
8214.880000 0.010256 0
8218.240000 0.014144 0
8221.600000 0.007310 0
8224.960000 0.012807 0
8228.320000 0.008589 0
8231.680000 0.007322 0
8235.040000 0.015551 0
8238.400000 0.006640 0
8241.760000 0.007070 0
8245.120000 0.009547 0
8248.480000 0.012773 0
8251.840000 0.008941 0
8255.200000 0.005124 0
8258.560000 0.014702 0
8261.920000 0.004205 0
8265.280000 0.004738 0
8268.640000 0.013720 0
8272.000000 0.009911 0
8275.360000 0.016054 0
8278.720000 0.024321 0
8282.080000 0.004349 0
8285.440000 -0.023200 0
8288.800000 -0.006640 0
8292.160000 0.001968 0
8295.520000 0.034151 0
8298.880000 -0.006497 0
8302.240000 0.005186 0
8305.600000 -0.000714 0
8308.960000 0.014694 0
8312.320000 0.006982 0
8315.680000 0.009640 0
8319.040000 0.015158 0
8322.400000 0.003495 0
8325.760000 0.006867 0
8329.120000 0.009642 0
8332.480000 0.008341 0
8335.840000 0.008405 0
8339.200000 0.023395 0
8342.560000 0.017842 0
8345.920000 0.001375 0
8349.280000 0.022186 0
8352.640000 -0.000367 0
8356.000000 0.021086 0
8359.360000 0.009908 0
8362.720000 0.004474 0
8366.080000 0.010064 0
8369.440000 0.012159 0
8372.800000 0.016756 0
8376.160000 0.007714 0
8379.520000 -0.004395 0
8382.880000 0.011226 0
8386.240000 0.016656 0
8389.600000 -0.007520 0
8392.960000 0.019137 0
8396.320000 0.024225 0
8399.680000 -0.000314 0
8403.040000 0.014259 0
8406.400000 0.006275 0
8409.760000 0.033185 0
8413.120000 0.028974 0
8416.480000 0.012196 0
8419.840000 0.015130 0
8423.200000 0.018185 0
8426.560000 0.036374 0
8429.920000 0.000745 0
8433.280000 0.012819 0
8436.640000 0.008124 0
8440.000000 0.012937 0
8443.360000 0.001168 0
8446.720000 0.009893 0
8450.080000 0.008312 0
8453.440000 0.007974 0
8456.800000 0.005070 0
8460.160000 0.022138 0
8463.520000 -0.006798 0
8466.880000 -0.005289 0
8470.240000 0.020532 0
8473.600000 0.008197 0
8476.960000 0.007420 0
8480.320000 0.007667 0
8483.680000 0.004875 0
8487.040000 0.015008 0
8490.400000 0.015941 0
8493.760000 0.007852 0
8497.120000 0.006133 0
8500.480000 0.015923 0
8503.840000 0.012512 0
8507.200000 0.000868 0
8510.560000 0.004136 0
8513.920000 0.013382 0
8517.280000 0.011878 0
8520.640000 0.007755 0
8524.000000 0.005954 0
8527.360000 0.005447 0
8530.720000 0.010190 0
8534.080000 0.004660 0
8537.440000 0.015784 0
8540.800000 0.015717 0
8544.160000 0.009061 0
8547.520000 0.006624 0
8550.880000 0.026105 0
8554.240000 0.008622 0
8557.600000 0.007463 0
8560.960000 0.003470 0
8564.320000 0.012805 0
8567.680000 0.005374 0
8571.040000 0.007991 0
8574.400000 0.011966 0
8577.760000 0.007411 0
8581.120000 0.009933 0
8584.480000 0.010971 0
8587.840000 0.008254 0
8591.200000 -0.004551 0
8594.560000 0.005419 0
8597.920000 0.010142 0
8601.280000 0.015604 0
8604.640000 0.008443 0
8608.000000 -0.035517 0
8611.360000 0.000000 1
8614.720000 0.000000 1
8618.080000 0.000000 1
8621.440000 0.000000 1
8624.800000 0.000000 1
8628.160000 0.000000 1
8631.520000 0.000000 1
8634.880000 0.000000 1
8638.240000 0.000000 1
8641.600000 0.000000 1
8644.960000 0.000000 1
8648.320000 0.000000 1
8651.680000 0.000000 1
8655.040000 0.000000 1
8658.400000 0.000000 1
8661.760000 0.000000 1
8665.120000 0.000000 1
8668.480000 0.000000 1
8671.840000 0.000000 1
8675.200000 0.000000 1
8678.560000 0.000000 1
8681.920000 0.000000 1
8685.280000 0.000000 1
8688.640000 0.000000 1
8692.000000 0.000000 1
8695.360000 0.000000 1
8698.720000 0.000000 1
8702.080000 0.000000 1
8705.440000 0.000000 1
8708.800000 0.000000 1
8712.160000 0.000000 1
8715.520000 0.000000 1
8718.880000 0.000000 1
8722.240000 0.000000 1
8725.600000 0.000000 1
8728.960000 0.000000 1
8732.320000 0.000000 1
8735.680000 0.000000 1
8739.040000 0.000000 1
8742.400000 0.000000 1
8745.760000 0.000000 1
8749.120000 0.000000 1
8752.480000 0.000000 1
8755.840000 0.000000 1
8759.200000 0.000000 1
8762.560000 0.000000 1
8765.920000 0.000000 1
8769.280000 0.000000 1
8772.640000 0.000000 1
8776.000000 0.000000 1
8779.360000 0.000000 1
8782.720000 0.000000 1
8786.080000 0.000000 1
8789.440000 0.000000 1
8792.800000 0.000000 1
8796.160000 0.000000 1
8799.520000 0.000000 1
8802.880000 0.000000 1
8806.240000 0.000000 1
8809.600000 0.000000 1
8812.960000 0.000000 1
8816.320000 0.000000 1
8819.680000 0.000000 1
8823.040000 0.000000 1
8826.400000 0.000000 1
8829.760000 0.000000 1
8833.120000 0.000000 1
8836.480000 0.000000 1
8839.840000 0.000000 1
8843.200000 0.000000 1
8846.560000 0.000000 1
8849.920000 0.000000 1
8853.280000 0.000000 1
8856.640000 0.000000 1
8860.000000 0.000000 1
8863.360000 0.000000 1
8866.720000 0.000000 1
8870.080000 0.000000 1
8873.440000 0.000000 1
8876.800000 0.000000 1
8880.160000 0.000000 1
8883.520000 0.000000 1
8886.880000 0.000000 1
8890.240000 0.000000 1
8893.600000 0.000000 1
8896.960000 0.000000 1
8900.320000 0.000000 1
8903.680000 0.000000 1
8907.040000 0.000000 1
8910.400000 0.000000 1
8913.760000 0.000000 1
8917.120000 0.000000 1
8920.480000 0.000000 1
8923.840000 0.000000 1
8927.200000 0.000000 1
8930.560000 0.000000 1
8933.920000 0.000000 1
8937.280000 0.000000 1
8940.640000 0.000000 1
8944.000000 0.000000 1
8947.360000 0.000000 1
8950.720000 0.000000 1
8954.080000 0.000000 1
8957.440000 0.000000 1
8960.800000 0.000000 1
8964.160000 0.000000 1
8967.520000 0.000000 1
8970.880000 0.000000 1
8974.240000 0.000000 1
8977.600000 0.000000 1
8980.960000 0.000000 1
8984.320000 0.000000 1
8987.680000 0.000000 1
8991.040000 0.000000 1
8994.400000 0.000000 1
8997.760000 0.000000 1
9001.120000 0.000000 1
9004.480000 0.000000 1
9007.840000 0.000000 1
9011.200000 0.000000 1
9014.560000 0.000000 1
9017.920000 0.000000 1
9021.280000 0.000000 1
9024.640000 0.000000 1
9028.000000 0.000000 1
9031.360000 0.000000 1
9034.720000 0.000000 1
9038.080000 0.000000 1
9041.440000 0.000000 1
9044.800000 0.000000 1
9048.160000 0.000000 1
9051.520000 0.000000 1
9054.880000 0.000000 1
9058.240000 0.000000 1
9061.600000 0.000000 1
9064.960000 0.000000 1
9068.320000 0.000000 1
9071.680000 0.000000 1
9075.040000 0.000000 1
9078.400000 0.000000 1
9081.760000 0.000000 1
9085.120000 0.000000 1
9088.480000 0.000000 1
9091.840000 0.000000 1
9095.200000 0.000000 1
9098.560000 0.000000 1
9101.920000 0.000000 1
9105.280000 0.000000 1
9108.640000 0.000000 1
9112.000000 0.000000 1
9115.360000 0.000000 1
9118.720000 0.000000 1
9122.080000 0.000000 1
9125.440000 0.000000 1
9128.800000 0.000000 1
9132.160000 0.000000 1
9135.520000 0.000000 1
9138.880000 0.000000 1
9142.240000 0.000000 1
9145.600000 0.000000 1
9148.960000 0.000000 1
9152.320000 0.000000 1
9155.680000 0.000000 1
9159.040000 0.000000 1
9162.400000 0.000000 1
9165.760000 0.000000 1
9169.120000 0.000000 1
9172.480000 0.000000 1
9175.840000 0.000000 1
9179.200000 0.000000 1
9182.560000 0.000000 1
9185.920000 0.000000 1
9189.280000 0.000000 1
9192.640000 0.000000 1
9196.000000 0.000000 1
9199.360000 0.000000 1
9202.720000 0.000000 1
9206.080000 0.000000 1
9209.440000 0.000000 1
9212.800000 0.000000 1
9216.160000 0.000000 1
9219.520000 0.000000 1
9222.880000 0.000000 1
9226.240000 0.000000 1
9229.600000 0.000000 1
9232.960000 0.000000 1
9236.320000 0.000000 1
9239.680000 0.000000 1
9243.040000 0.000000 1
9246.400000 0.000000 1
9249.760000 0.000000 1
