# obs: 255710
# slit: 26a
# z: 0.29039
# lines: [OII],[OIII],H{alpha}
# spec: 365
4451.680000 0.000000 1
4455.040000 0.000000 1
4458.400000 0.000000 1
4461.760000 0.000000 1
4465.120000 0.000000 1
4468.480000 0.000000 1
4471.840000 0.000000 1
4475.200000 0.000000 1
4478.560000 0.000000 1
4481.920000 0.000000 1
4485.280000 0.000000 1
4488.640000 0.000000 1
4492.000000 0.000000 1
4495.360000 0.000000 1
4498.720000 0.000000 1
4502.080000 0.000000 1
4505.440000 0.028381 0
4508.800000 0.015224 0
4512.160000 0.045729 0
4515.520000 0.028629 0
4518.880000 0.050043 0
4522.240000 0.056248 0
4525.600000 0.043726 0
4528.960000 0.011137 0
4532.320000 0.025552 0
4535.680000 0.010421 0
4539.040000 0.052346 0
4542.400000 0.014711 0
4545.760000 0.010045 0
4549.120000 0.039856 0
4552.480000 0.024471 0
4555.840000 0.014631 0
4559.200000 0.026219 0
4562.560000 0.028463 0
4565.920000 0.031088 0
4569.280000 0.002211 0
4572.640000 0.038126 0
4576.000000 0.044062 0
4579.360000 0.023255 0
4582.720000 0.032881 0
4586.080000 0.014876 0
4589.440000 0.029614 0
4592.800000 0.036644 0
4596.160000 0.015561 0
4599.520000 0.012132 0
4602.880000 0.036147 0
4606.240000 0.038133 0
4609.600000 0.018316 0
4612.960000 0.013890 0
4616.320000 0.019441 0
4619.680000 0.034148 0
4623.040000 0.012622 0
4626.400000 0.008432 0
4629.760000 0.031569 0
4633.120000 0.013898 0
4636.480000 0.022442 0
4639.840000 0.035592 0
4643.200000 0.030641 0
4646.560000 0.021298 0
4649.920000 0.022932 0
4653.280000 0.032377 0
4656.640000 0.013895 0
4660.000000 0.027870 0
4663.360000 0.020594 0
4666.720000 0.021681 0
4670.080000 0.036718 0
4673.440000 0.022478 0
4676.800000 0.024804 0
4680.160000 0.042092 0
4683.520000 0.028633 0
4686.880000 0.026044 0
4690.240000 0.048114 0
4693.600000 0.034418 0
4696.960000 0.030673 0
4700.320000 0.025024 0
4703.680000 0.036946 0
4707.040000 0.030649 0
4710.400000 0.029599 0
4713.760000 0.038228 0
4717.120000 0.027063 0
4720.480000 0.032598 0
4723.840000 0.004800 0
4727.200000 0.024722 0
4730.560000 0.027974 0
4733.920000 0.020488 0
4737.280000 0.040114 0
4740.640000 0.038179 0
4744.000000 0.026406 0
4747.360000 0.016365 0
4750.720000 0.021393 0
4754.080000 0.028590 0
4757.440000 0.013889 0
4760.800000 0.019052 0
4764.160000 0.027127 0
4767.520000 0.043572 0
4770.880000 0.027115 0
4774.240000 0.018730 0
4777.600000 0.017303 0
4780.960000 0.030653 0
4784.320000 0.028314 0
4787.680000 0.031628 0
4791.040000 0.024745 0
4794.400000 0.026303 0
4797.760000 0.027765 0
4801.120000 0.035027 0
4804.480000 0.046693 0
4807.840000 0.119477 0
4811.200000 0.191254 0
4814.560000 0.159363 0
4817.920000 0.067269 0
4821.280000 0.026450 0
4824.640000 0.038021 0
4828.000000 0.033792 0
4831.360000 0.039951 0
4834.720000 0.015937 0
4838.080000 0.034543 0
4841.440000 0.005919 0
4844.800000 0.022208 0
4848.160000 0.017986 0
4851.520000 0.024771 0
4854.880000 0.026955 0
4858.240000 0.024558 0
4861.600000 0.032059 0
4864.960000 0.035914 0
4868.320000 0.037882 0
4871.680000 0.035446 0
4875.040000 0.035870 0
4878.400000 0.030939 0
4881.760000 0.019458 0
4885.120000 0.041771 0
4888.480000 0.026821 0
4891.840000 0.029217 0
4895.200000 0.029670 0
4898.560000 0.049282 0
4901.920000 0.037010 0
4905.280000 0.001623 0
4908.640000 0.016567 0
4912.000000 0.047053 0
4915.360000 0.044683 0
4918.720000 0.042980 0
4922.080000 0.049140 0
4925.440000 0.044836 0
4928.800000 0.037218 0
4932.160000 0.039900 0
4935.520000 0.038238 0
4938.880000 0.025845 0
4942.240000 0.037633 0
4945.600000 0.035367 0
4948.960000 0.006279 0
4952.320000 0.025999 0
4955.680000 0.031970 0
4959.040000 0.031033 0
4962.400000 0.033909 0
4965.760000 0.030519 0
4969.120000 0.048877 0
4972.480000 0.041940 0
4975.840000 0.046767 0
4979.200000 0.044324 0
4982.560000 0.050921 0
4985.920000 0.041191 0
4989.280000 0.041266 0
4992.640000 0.036090 0
4996.000000 0.046579 0
4999.360000 0.038075 0
5002.720000 0.038943 0
5006.080000 0.026754 0
5009.440000 0.015631 0
5012.800000 0.029319 0
5016.160000 0.041253 0
5019.520000 0.033798 0
5022.880000 0.043576 0
5026.240000 0.029498 0
5029.600000 0.028476 0
5032.960000 0.028401 0
5036.320000 0.050302 0
5039.680000 0.042519 0
5043.040000 0.041314 0
5046.400000 0.037571 0
5049.760000 0.035260 0
5053.120000 0.041778 0
5056.480000 0.040744 0
5059.840000 0.030791 0
5063.200000 0.041830 0
5066.560000 0.051737 0
5069.920000 0.045228 0
5073.280000 0.035446 0
5076.640000 0.033477 0
5080.000000 0.033232 0
5083.360000 0.033714 0
5086.720000 0.028369 0
5090.080000 0.044452 0
5093.440000 0.053201 0
5096.800000 0.047864 0
5100.160000 0.041750 0
5103.520000 0.045826 0
5106.880000 0.022583 0
5110.240000 0.043098 0
5113.600000 0.034094 0
5116.960000 0.024112 0
5120.320000 0.030875 0
5123.680000 0.018545 0
5127.040000 0.036821 0
5130.400000 0.041681 0
5133.760000 0.025481 0
5137.120000 0.032459 0
5140.480000 0.047133 0
5143.840000 0.039910 0
5147.200000 0.034627 0
5150.560000 0.031741 0
5153.920000 0.043100 0
5157.280000 0.034995 0
5160.640000 0.040754 0
5164.000000 0.036614 0
5167.360000 0.044658 0
5170.720000 0.038320 0
5174.080000 0.048746 0
5177.440000 0.042368 0
5180.800000 0.036639 0
5184.160000 0.046361 0
5187.520000 0.054173 0
5190.880000 0.053285 0
5194.240000 0.048741 0
5197.600000 0.039777 0
5200.960000 0.041927 0
5204.320000 0.041738 0
5207.680000 0.042886 0
5211.040000 0.040626 0
5214.400000 0.046258 0
5217.760000 0.047611 0
5221.120000 0.046390 0
5224.480000 0.035362 0
5227.840000 0.049967 0
5231.200000 0.044187 0
5234.560000 0.044557 0
5237.920000 0.048359 0
5241.280000 0.053615 0
5244.640000 0.043474 0
5248.000000 0.047266 0
5251.360000 0.047979 0
5254.720000 0.035409 0
5258.080000 0.038972 0
5261.440000 0.053852 0
5264.800000 0.054508 0
5268.160000 0.041109 0
5271.520000 0.050020 0
5274.880000 0.042659 0
5278.240000 0.026748 0
5281.600000 0.034668 0
5284.960000 0.031877 0
5288.320000 0.043146 0
5291.680000 0.039310 0
5295.040000 0.037700 0
5298.400000 0.045496 0
5301.760000 0.031009 0
5305.120000 0.021957 0
5308.480000 0.041543 0
5311.840000 0.032725 0
5315.200000 0.031304 0
5318.560000 0.040456 0
5321.920000 0.045382 0
5325.280000 0.039035 0
5328.640000 0.038356 0
5332.000000 0.036457 0
5335.360000 0.040212 0
5338.720000 0.042400 0
5342.080000 0.036372 0
5345.440000 0.040517 0
5348.800000 0.040241 0
5352.160000 0.038199 0
5355.520000 0.042571 0
5358.880000 0.047351 0
5362.240000 0.061596 0
5365.600000 0.047488 0
5368.960000 0.053076 0
5372.320000 0.041421 0
5375.680000 0.041117 0
5379.040000 0.041990 0
5382.400000 0.029515 0
5385.760000 0.036846 0
5389.120000 0.048553 0
5392.480000 0.027292 0
5395.840000 0.041414 0
5399.200000 0.045108 0
5402.560000 0.043603 0
5405.920000 0.041774 0
5409.280000 0.051420 0
5412.640000 0.048313 0
5416.000000 0.047883 0
5419.360000 0.040046 0
5422.720000 0.041624 0
5426.080000 0.032571 0
5429.440000 0.037207 0
5432.800000 0.050463 0
5436.160000 0.044223 0
5439.520000 0.041951 0
5442.880000 0.029544 0
5446.240000 0.038109 0
5449.600000 0.048332 0
5452.960000 0.049964 0
5456.320000 0.024145 0
5459.680000 0.035882 0
5463.040000 0.048309 0
5466.400000 0.038767 0
5469.760000 0.044321 0
5473.120000 0.018498 0
5476.480000 0.031185 0
5479.840000 0.036642 0
5483.200000 0.035070 0
5486.560000 0.040843 0
5489.920000 0.029042 0
5493.280000 0.049449 0
5496.640000 0.035166 0
5500.000000 0.037347 0
5503.360000 0.035916 0
5506.720000 0.024064 0
5510.080000 0.030546 0
5513.440000 0.043145 0
5516.800000 0.058370 0
5520.160000 0.042561 0
5523.520000 0.039498 0
5526.880000 0.047612 0
5530.240000 0.039141 0
5533.600000 0.018337 0
5536.960000 0.027714 0
5540.320000 0.033647 0
5543.680000 0.043245 0
5547.040000 0.033878 0
5550.400000 0.040634 0
5553.760000 0.041066 0
5557.120000 0.028797 0
5560.480000 0.015248 0
5563.840000 0.023427 1
5567.200000 0.039060 1
5570.560000 -0.110735 1
5573.920000 -0.054901 1
5577.280000 0.028759 1
5580.640000 0.123806 1
5584.000000 0.171425 1
5587.360000 0.035560 1
5590.720000 0.033117 1
5594.080000 0.022303 1
5597.440000 0.032560 1
5600.800000 0.059449 1
5604.160000 0.059722 0
5607.520000 0.037917 0
5610.880000 0.041737 0
5614.240000 0.043016 0
5617.600000 0.030231 0
5620.960000 0.026773 0
5624.320000 0.018324 0
5627.680000 0.030765 0
5631.040000 0.040998 0
5634.400000 0.043077 0
5637.760000 0.038026 0
5641.120000 0.041144 0
5644.480000 0.031026 0
5647.840000 0.026476 0
5651.200000 0.035767 0
5654.560000 0.032017 0
5657.920000 0.032125 0
5661.280000 0.031469 0
5664.640000 0.027759 0
5668.000000 0.040881 0
5671.360000 0.049356 0
5674.720000 0.022754 0
5678.080000 0.046532 0
5681.440000 0.032703 0
5684.800000 0.041269 0
5688.160000 0.035515 0
5691.520000 0.026353 0
5694.880000 0.051889 0
5698.240000 0.038480 0
5701.600000 0.029357 0
5704.960000 0.037559 0
5708.320000 0.056403 0
5711.680000 0.038621 0
5715.040000 0.041900 0
5718.400000 0.038963 0
5721.760000 0.043482 0
5725.120000 0.031736 0
5728.480000 0.037379 0
5731.840000 0.051872 0
5735.200000 0.048534 0
5738.560000 0.027596 0
5741.920000 0.024702 0
5745.280000 0.059534 0
5748.640000 0.043184 0
5752.000000 0.043440 0
5755.360000 0.050849 0
5758.720000 0.044507 0
5762.080000 0.027385 0
5765.440000 0.038773 0
5768.800000 0.050213 0
5772.160000 0.040129 0
5775.520000 0.037955 0
5778.880000 0.043000 0
5782.240000 0.042328 0
5785.600000 0.046279 0
5788.960000 0.039954 0
5792.320000 0.043531 0
5795.680000 0.039242 0
5799.040000 0.042892 0
5802.400000 0.039352 0
5805.760000 0.035930 0
5809.120000 0.056784 0
5812.480000 0.042393 0
5815.840000 0.044334 0
5819.200000 0.039081 0
5822.560000 0.031612 0
5825.920000 0.038124 0
5829.280000 0.033558 0
5832.640000 0.040357 0
5836.000000 0.042817 0
5839.360000 0.025083 0
5842.720000 0.046500 0
5846.080000 0.034219 0
5849.440000 0.023154 0
5852.800000 0.022353 0
5856.160000 0.051361 0
5859.520000 0.031285 0
5862.880000 0.025292 0
5866.240000 0.045563 0
5869.600000 0.029047 0
5872.960000 0.052822 0
5876.320000 0.051912 0
5879.680000 0.036874 0
5883.040000 -0.023156 0
5886.400000 0.016987 0
5889.760000 -0.030416 0
5893.120000 0.084104 0
5896.480000 0.059302 0
5899.840000 0.081946 0
5903.200000 0.059543 0
5906.560000 0.029477 0
5909.920000 0.040518 0
5913.280000 0.025458 0
5916.640000 0.031066 0
5920.000000 0.042533 0
5923.360000 0.034518 0
5926.720000 0.034841 0
5930.080000 0.053676 0
5933.440000 0.052296 0
5936.800000 0.035701 0
5940.160000 0.031709 0
5943.520000 0.041564 0
5946.880000 0.044723 0
5950.240000 0.050762 0
5953.600000 0.040073 0
5956.960000 0.054393 0
5960.320000 0.041020 0
5963.680000 0.036090 0
5967.040000 0.034537 0
5970.400000 0.026563 0
5973.760000 0.051260 0
5977.120000 0.056687 0
5980.480000 0.048700 0
5983.840000 0.039980 0
5987.200000 0.036655 0
5990.560000 0.034045 0
5993.920000 0.035516 0
5997.280000 0.024590 0
6000.640000 0.045068 0
6004.000000 0.037671 0
6007.360000 0.026320 0
6010.720000 0.029804 0
6014.080000 0.055693 0
6017.440000 0.044122 0
6020.800000 0.046853 0
6024.160000 0.045040 0
6027.520000 0.050423 0
6030.880000 0.041973 0
6034.240000 0.021733 0
6037.600000 0.022287 0
6040.960000 0.036168 0
6044.320000 0.030095 0
6047.680000 0.044797 0
6051.040000 0.027460 0
6054.400000 0.036753 0
6057.760000 0.042784 0
6061.120000 0.024228 0
6064.480000 0.040953 0
6067.840000 0.053210 0
6071.200000 0.031553 0
6074.560000 0.038211 0
6077.920000 0.060216 0
6081.280000 0.059987 0
6084.640000 0.045939 0
6088.000000 0.048146 0
6091.360000 0.045582 0
6094.720000 0.028073 0
6098.080000 0.042074 0
6101.440000 0.035021 0
6104.800000 0.054069 0
6108.160000 0.038792 0
6111.520000 0.040901 0
6114.880000 0.043495 0
6118.240000 0.058046 0
6121.600000 0.041541 0
6124.960000 0.044658 0
6128.320000 0.034856 0
6131.680000 0.045763 0
6135.040000 0.047916 0
6138.400000 0.042305 0
6141.760000 0.033200 0
6145.120000 0.026325 0
6148.480000 0.047287 0
6151.840000 0.045032 0
6155.200000 0.045906 0
6158.560000 0.044014 0
6161.920000 0.034404 0
6165.280000 0.041532 0
6168.640000 0.025911 0
6172.000000 0.030854 0
6175.360000 0.036027 0
6178.720000 0.030133 0
6182.080000 0.034153 0
6185.440000 0.030721 0
6188.800000 0.033477 0
6192.160000 0.042234 0
6195.520000 0.024698 0
6198.880000 0.039781 0
6202.240000 0.046470 0
6205.600000 0.041368 0
6208.960000 0.047258 0
6212.320000 0.047669 0
6215.680000 0.021868 0
6219.040000 0.036348 0
6222.400000 0.045683 0
6225.760000 0.047745 0
6229.120000 0.030035 0
6232.480000 0.018490 0
6235.840000 0.032375 0
6239.200000 0.035528 0
6242.560000 0.061181 0
6245.920000 0.072735 0
6249.280000 0.042375 0
6252.640000 0.026355 0
6256.000000 0.041335 0
6259.360000 0.027077 0
6262.720000 0.037029 0
6266.080000 0.033543 0
6269.440000 0.054713 0
6272.800000 0.071912 0
6276.160000 0.064853 0
6279.520000 0.050215 0
6282.880000 0.034184 0
6286.240000 0.031766 0
6289.600000 0.036152 0
6292.960000 -0.008534 0
6296.320000 0.013753 0
6299.680000 -0.001367 0
6303.040000 0.028386 0
6306.400000 0.067268 0
6309.760000 0.045413 0
6313.120000 0.047246 0
6316.480000 0.025349 0
6319.840000 0.037561 0
6323.200000 0.021650 0
6326.560000 0.034947 0
6329.920000 0.019728 0
6333.280000 0.039044 0
6336.640000 0.057282 0
6340.000000 0.034483 0
6343.360000 0.032886 0
6346.720000 0.024794 0
6350.080000 0.040986 0
6353.440000 0.039012 0
6356.800000 0.024067 0
6360.160000 0.050115 0
6363.520000 0.055113 0
6366.880000 0.033110 0
6370.240000 0.027854 0
6373.600000 0.030847 0
6376.960000 0.041043 0
6380.320000 0.038424 0
6383.680000 0.052726 0
6387.040000 0.038125 0
6390.400000 0.051563 0
6393.760000 0.049910 0
6397.120000 0.054040 0
6400.480000 0.066937 0
6403.840000 0.067200 0
6407.200000 0.062344 0
6410.560000 0.044936 0
6413.920000 0.027656 0
6417.280000 0.031351 0
6420.640000 0.042335 0
6424.000000 0.027128 0
6427.360000 0.045273 0
6430.720000 0.042833 0
6434.080000 0.036974 0
6437.440000 0.037548 0
6440.800000 0.040681 0
6444.160000 0.037358 0
6447.520000 0.037901 0
6450.880000 0.035881 0
6454.240000 0.029081 0
6457.600000 0.071439 0
6460.960000 0.124917 0
6464.320000 0.100767 0
6467.680000 0.065948 0
6471.040000 0.037743 0
6474.400000 0.034664 0
6477.760000 0.037667 0
6481.120000 0.048424 0
6484.480000 0.051164 0
6487.840000 0.037182 0
6491.200000 0.036193 0
6494.560000 0.022592 0
6497.920000 0.034331 0
6501.280000 0.027325 0
6504.640000 0.043795 0
6508.000000 0.025338 0
6511.360000 0.049783 0
6514.720000 0.040234 0
6518.080000 0.046411 0
6521.440000 0.049951 0
6524.800000 0.033906 0
6528.160000 0.032771 0
6531.520000 0.050015 0
6534.880000 0.055665 0
6538.240000 0.038784 0
6541.600000 0.030392 0
6544.960000 0.051956 0
6548.320000 0.017803 0
6551.680000 0.028141 0
6555.040000 0.022037 0
6558.400000 0.026133 0
6561.760000 0.050176 0
6565.120000 0.035338 0
6568.480000 0.052578 0
6571.840000 0.024480 0
6575.200000 0.016903 0
6578.560000 0.027969 0
6581.920000 0.022157 0
6585.280000 0.035712 0
6588.640000 0.036359 0
6592.000000 0.029866 0
6595.360000 0.034752 0
6598.720000 0.022355 0
6602.080000 0.026223 0
6605.440000 0.034354 0
6608.800000 0.036496 0
6612.160000 0.038185 0
6615.520000 0.042953 0
6618.880000 0.028983 0
6622.240000 0.022037 0
6625.600000 0.036097 0
6628.960000 0.031615 0
6632.320000 0.043289 0
6635.680000 0.031985 0
6639.040000 0.051657 0
6642.400000 0.041306 0
6645.760000 0.033370 0
6649.120000 0.047529 0
6652.480000 0.039702 0
6655.840000 0.030417 0
6659.200000 0.042656 0
6662.560000 0.046822 0
6665.920000 0.037254 0
6669.280000 0.018364 0
6672.640000 0.038941 0
6676.000000 0.038084 0
6679.360000 0.023972 0
6682.720000 0.043940 0
6686.080000 0.038424 0
6689.440000 0.030665 0
6692.800000 0.047150 0
6696.160000 0.039950 0
6699.520000 0.037791 0
6702.880000 0.045760 0
6706.240000 0.035405 0
6709.600000 0.026875 0
6712.960000 0.030048 0
6716.320000 0.037680 0
6719.680000 0.047533 0
6723.040000 0.038391 0
6726.400000 0.016419 0
6729.760000 0.044217 0
6733.120000 0.039228 0
6736.480000 0.037280 0
6739.840000 0.043423 0
6743.200000 0.039503 0
6746.560000 0.014167 0
6749.920000 0.021613 0
6753.280000 0.036544 0
6756.640000 0.036846 0
6760.000000 0.035534 0
6763.360000 0.031764 0
6766.720000 0.037083 0
6770.080000 0.043973 0
6773.440000 0.029849 0
6776.800000 0.028955 0
6780.160000 0.032985 0
6783.520000 0.030189 0
6786.880000 0.032855 0
6790.240000 0.046500 0
6793.600000 0.039083 0
6796.960000 0.018101 0
6800.320000 0.025571 0
6803.680000 0.037017 0
6807.040000 0.034750 0
6810.400000 0.027477 0
6813.760000 0.032065 0
6817.120000 0.024922 0
6820.480000 0.028427 0
6823.840000 0.021710 0
6827.200000 0.020076 0
6830.560000 0.032445 0
6833.920000 0.036587 0
6837.280000 0.032498 0
6840.640000 0.036095 0
6844.000000 0.031601 0
6847.360000 0.050733 0
6850.720000 0.047855 0
6854.080000 0.043618 0
6857.440000 0.013958 0
6860.800000 0.033458 0
6864.160000 0.038940 0
6867.520000 0.023962 0
6870.880000 0.028594 0
6874.240000 0.023146 0
6877.600000 0.010698 0
6880.960000 0.025027 0
6884.320000 0.037463 0
6887.680000 0.043417 0
6891.040000 0.036887 0
6894.400000 0.020800 0
6897.760000 0.032451 0
6901.120000 0.035053 0
6904.480000 0.023082 0
6907.840000 0.028332 0
6911.200000 0.042311 0
6914.560000 0.027319 0
6917.920000 0.020478 0
6921.280000 0.020088 0
6924.640000 0.029558 0
6928.000000 0.048571 0
6931.360000 0.061553 0
6934.720000 0.029548 0
6938.080000 0.014709 0
6941.440000 0.022895 0
6944.800000 0.037099 0
6948.160000 0.036015 0
6951.520000 0.047602 0
6954.880000 0.043500 0
6958.240000 0.021840 0
6961.600000 0.025042 0
6964.960000 0.044307 0
6968.320000 0.034967 0
6971.680000 0.041649 0
6975.040000 0.036910 0
6978.400000 0.045438 0
6981.760000 0.046451 0
6985.120000 0.049023 0
6988.480000 0.043971 0
6991.840000 0.034283 0
6995.200000 0.036427 0
6998.560000 0.024106 0
7001.920000 0.031913 0
7005.280000 0.050947 0
7008.640000 0.028740 0
7012.000000 0.027896 0
7015.360000 0.044445 0
7018.720000 0.038624 0
7022.080000 0.024235 0
7025.440000 0.037895 0
7028.800000 0.043866 0
7032.160000 0.045452 0
7035.520000 0.043557 0
7038.880000 0.048466 0
7042.240000 0.047500 0
7045.600000 0.034332 0
7048.960000 0.024455 0
7052.320000 0.032953 0
7055.680000 0.030743 0
7059.040000 0.024980 0
7062.400000 0.034693 0
7065.760000 0.037373 0
7069.120000 0.028205 0
7072.480000 0.031814 0
7075.840000 0.029236 0
7079.200000 0.035577 0
7082.560000 0.040625 0
7085.920000 0.033422 0
7089.280000 0.036371 0
7092.640000 0.029734 0
7096.000000 0.033627 0
7099.360000 0.028021 0
7102.720000 0.031581 0
7106.080000 0.031437 0
7109.440000 0.034058 0
7112.800000 0.041666 0
7116.160000 0.033548 0
7119.520000 0.039543 0
7122.880000 0.016355 0
7126.240000 0.011141 0
7129.600000 0.023923 0
7132.960000 0.046249 0
7136.320000 0.041054 0
7139.680000 0.037941 0
7143.040000 0.014122 0
7146.400000 0.047184 0
7149.760000 0.030330 0
7153.120000 0.031876 0
7156.480000 0.024661 0
7159.840000 0.035079 0
7163.200000 0.035836 0
7166.560000 0.035063 0
7169.920000 0.031079 0
7173.280000 0.041692 0
7176.640000 0.039956 0
7180.000000 0.034897 0
7183.360000 0.025137 0
7186.720000 0.032850 0
7190.080000 0.037707 0
7193.440000 0.017319 0
7196.800000 0.026671 0
7200.160000 0.043175 0
7203.520000 0.034134 0
7206.880000 0.024629 0
7210.240000 0.040714 0
7213.600000 0.038680 0
7216.960000 0.047750 0
7220.320000 0.024916 0
7223.680000 0.038204 0
7227.040000 0.046386 0
7230.400000 0.025920 0
7233.760000 0.043233 0
7237.120000 0.046496 0
7240.480000 0.044071 0
7243.840000 0.013630 0
7247.200000 0.053793 0
7250.560000 0.032651 0
7253.920000 0.025752 0
7257.280000 0.047866 0
7260.640000 0.035314 0
7264.000000 0.038065 0
7267.360000 0.042228 0
7270.720000 0.035074 0
7274.080000 0.041878 0
7277.440000 0.041242 0
7280.800000 0.054784 0
7284.160000 0.048649 0
7287.520000 0.026974 0
7290.880000 0.026319 0
7294.240000 0.046926 0
7297.600000 0.048565 0
7300.960000 0.035521 0
7304.320000 0.028362 0
7307.680000 0.056871 0
7311.040000 0.029134 0
7314.400000 0.035792 0
7317.760000 0.052666 0
7321.120000 0.046329 0
7324.480000 0.021497 0
7327.840000 0.032955 0
7331.200000 0.036603 0
7334.560000 0.013599 0
7337.920000 0.031442 0
7341.280000 0.009831 0
7344.640000 0.027173 0
7348.000000 0.040710 0
7351.360000 0.032119 0
7354.720000 0.017149 0
7358.080000 0.019072 0
7361.440000 0.042620 0
7364.800000 0.038287 0
7368.160000 0.031516 0
7371.520000 0.045997 0
7374.880000 0.051398 0
7378.240000 0.023431 0
7381.600000 0.035875 0
7384.960000 0.026871 0
7388.320000 0.033053 0
7391.680000 0.037290 0
7395.040000 0.030212 0
7398.400000 0.047655 0
7401.760000 0.037363 0
7405.120000 0.023139 0
7408.480000 0.030440 0
7411.840000 0.037145 0
7415.200000 0.035398 0
7418.560000 0.034221 0
7421.920000 0.029270 0
7425.280000 0.038133 0
7428.640000 0.029588 0
7432.000000 0.025959 0
7435.360000 0.037894 0
7438.720000 0.050840 0
7442.080000 0.035515 0
7445.440000 0.032040 0
7448.800000 0.026846 0
7452.160000 0.033453 0
7455.520000 0.034112 0
7458.880000 0.028358 0
7462.240000 0.036273 0
7465.600000 0.026501 0
7468.960000 0.033056 0
7472.320000 0.036500 0
7475.680000 0.033992 0
7479.040000 0.023545 0
7482.400000 0.030267 0
7485.760000 0.025103 0
7489.120000 0.044142 0
7492.480000 0.044391 0
7495.840000 0.033580 0
7499.200000 0.026546 0
7502.560000 0.036678 0
7505.920000 0.041655 0
7509.280000 0.038290 0
7512.640000 0.042918 0
7516.000000 0.031587 0
7519.360000 0.024655 0
7522.720000 0.040573 0
7526.080000 0.037171 0
7529.440000 0.020330 0
7532.800000 0.034759 0
7536.160000 0.015858 0
7539.520000 0.051925 0
7542.880000 0.032867 0
7546.240000 0.035964 0
7549.600000 0.036731 0
7552.960000 0.032867 0
7556.320000 0.027767 0
7559.680000 0.033026 0
7563.040000 0.012076 0
7566.400000 0.022616 0
7569.760000 0.050409 0
7573.120000 0.060579 0
7576.480000 0.026585 0
7579.840000 0.031404 0
7583.200000 0.044532 0
7586.560000 0.047337 0
7589.920000 0.032123 0
7593.280000 0.023784 0
7596.640000 0.038492 0
7600.000000 -0.030778 0
7603.360000 0.008851 0
7606.720000 0.033531 0
7610.080000 0.045210 0
7613.440000 0.053820 0
7616.800000 0.024599 0
7620.160000 0.029243 0
7623.520000 -0.010058 0
7626.880000 0.014719 0
7630.240000 -0.002198 0
7633.600000 0.045043 0
7636.960000 0.034599 0
7640.320000 0.019122 0
7643.680000 0.034393 0
7647.040000 0.041032 0
7650.400000 0.024536 0
7653.760000 0.023983 0
7657.120000 0.012422 0
7660.480000 0.048664 0
7663.840000 0.025368 0
7667.200000 0.015960 0
7670.560000 0.012780 0
7673.920000 0.026005 0
7677.280000 0.036900 0
7680.640000 0.041801 0
7684.000000 0.031557 0
7687.360000 0.035285 0
7690.720000 0.038133 0
7694.080000 0.019171 0
7697.440000 0.025214 0
7700.800000 0.036029 0
7704.160000 0.047955 0
7707.520000 0.040949 0
7710.880000 0.031901 0
7714.240000 0.010802 0
7717.600000 -0.013593 0
7720.960000 0.026246 0
7724.320000 0.031056 0
7727.680000 0.014858 0
7731.040000 0.012245 0
7734.400000 0.019221 0
7737.760000 0.033566 0
7741.120000 0.041388 0
7744.480000 0.030765 0
7747.840000 0.024215 0
7751.200000 0.029028 0
7754.560000 0.049008 0
7757.920000 0.029519 0
7761.280000 0.006281 0
7764.640000 0.019036 0
7768.000000 0.024041 0
7771.360000 0.037367 0
7774.720000 0.036077 0
7778.080000 0.043766 0
7781.440000 0.029871 0
7784.800000 0.034792 0
7788.160000 0.030820 0
7791.520000 0.038101 0
7794.880000 0.043893 0
7798.240000 0.049701 0
7801.600000 0.023103 0
7804.960000 0.018093 0
7808.320000 0.019188 0
7811.680000 0.053511 0
7815.040000 0.076683 0
7818.400000 0.044003 0
7821.760000 0.036525 0
7825.120000 0.021270 0
7828.480000 0.025143 0
7831.840000 0.011468 0
7835.200000 0.046110 0
7838.560000 0.032084 0
7841.920000 0.034752 0
7845.280000 0.036533 0
7848.640000 0.065467 0
7852.000000 0.047808 0
7855.360000 0.033662 0
7858.720000 0.004184 0
7862.080000 0.048583 0
7865.440000 0.072273 0
7868.800000 0.078362 0
7872.160000 0.023346 0
7875.520000 0.016386 0
7878.880000 0.033088 0
7882.240000 0.053501 0
7885.600000 0.032691 0
7888.960000 0.043077 0
7892.320000 0.048350 0
7895.680000 0.026607 0
7899.040000 0.021464 0
7902.400000 0.029599 0
7905.760000 0.042475 0
7909.120000 0.030071 0
7912.480000 0.003350 0
7915.840000 0.032570 0
7919.200000 0.003130 0
7922.560000 0.000822 0
7925.920000 0.004007 0
7929.280000 0.009496 0
7932.640000 0.029120 0
7936.000000 0.022411 0
7939.360000 0.043237 0
7942.720000 0.038901 0
7946.080000 0.016865 0
7949.440000 0.025664 0
7952.800000 0.023603 0
7956.160000 0.016911 0
7959.520000 0.043824 0
7962.880000 0.038831 0
7966.240000 0.040160 0
7969.600000 0.016627 0
7972.960000 0.052130 0
7976.320000 0.052968 0
7979.680000 0.027614 0
7983.040000 0.021513 0
7986.400000 0.029899 0
7989.760000 0.076984 0
7993.120000 -0.008078 0
7996.480000 -0.036827 0
7999.840000 0.008286 0
8003.200000 0.048069 0
8006.560000 0.049454 0
8009.920000 0.028472 0
8013.280000 0.028343 0
8016.640000 0.033273 0
8020.000000 0.040884 0
8023.360000 0.025950 0
8026.720000 0.033062 0
8030.080000 0.014893 0
8033.440000 0.032096 0
8036.800000 0.028125 0
8040.160000 0.029395 0
8043.520000 0.012859 0
8046.880000 0.027139 0
8050.240000 0.041024 0
8053.600000 0.023511 0
8056.960000 0.035591 0
8060.320000 0.028865 0
8063.680000 0.038181 0
8067.040000 0.015169 0
8070.400000 0.041927 0
8073.760000 0.033125 0
8077.120000 0.034604 0
8080.480000 0.022957 0
8083.840000 0.022222 0
8087.200000 0.021431 0
8090.560000 0.016438 0
8093.920000 0.021397 0
8097.280000 0.025434 0
8100.640000 0.036501 0
8104.000000 0.030450 0
8107.360000 0.019830 0
8110.720000 0.018608 0
8114.080000 0.023899 0
8117.440000 0.031187 0
8120.800000 0.037871 0
8124.160000 0.039851 0
8127.520000 0.035384 0
8130.880000 0.017888 0
8134.240000 0.057156 0
8137.600000 0.034902 0
8140.960000 0.026879 0
8144.320000 0.003300 0
8147.680000 0.037228 0
8151.040000 0.023866 0
8154.400000 0.026944 0
8157.760000 0.028138 0
8161.120000 0.033863 0
8164.480000 0.032110 0
8167.840000 0.038899 0
8171.200000 0.029272 0
8174.560000 0.024136 0
8177.920000 0.038819 0
8181.280000 0.043896 0
8184.640000 0.034916 0
8188.000000 0.031650 0
8191.360000 0.030853 0
8194.720000 0.015736 0
8198.080000 0.026637 0
8201.440000 0.037357 0
8204.800000 0.018970 0
8208.160000 0.035744 0
8211.520000 0.040993 0
8214.880000 0.029290 0
8218.240000 0.024251 0
8221.600000 0.030501 0
8224.960000 0.019016 0
8228.320000 0.004648 0
8231.680000 0.010726 0
8235.040000 0.020284 0
8238.400000 0.022313 0
8241.760000 0.019525 0
8245.120000 0.021132 0
8248.480000 0.030081 0
8251.840000 0.030295 0
8255.200000 0.026537 0
8258.560000 0.030261 0
8261.920000 0.020229 0
8265.280000 0.019921 0
8268.640000 0.026537 0
8272.000000 0.024199 0
8275.360000 0.035064 0
8278.720000 0.059400 0
8282.080000 0.042549 0
8285.440000 0.011635 0
8288.800000 0.073439 0
8292.160000 0.057111 0
8295.520000 0.019885 0
8298.880000 0.038603 0
8302.240000 0.002908 0
8305.600000 0.038227 0
8308.960000 0.029954 0
8312.320000 0.018124 0
8315.680000 -0.007649 0
8319.040000 0.032892 0
8322.400000 0.022664 0
8325.760000 0.021973 0
8329.120000 0.034479 0
8332.480000 0.028144 0
8335.840000 0.040720 0
8339.200000 0.005509 0
8342.560000 0.016100 0
8345.920000 0.093913 0
8349.280000 0.046041 0
8352.640000 0.007282 0
8356.000000 0.003849 0
8359.360000 0.025203 0
8362.720000 0.036159 0
8366.080000 0.059997 0
8369.440000 0.041877 0
8372.800000 0.030409 0
8376.160000 0.040512 0
8379.520000 0.034578 0
8382.880000 0.028671 0
8386.240000 0.034827 0
8389.600000 0.025954 0
8392.960000 -0.001113 0
8396.320000 0.039258 0
8399.680000 0.034646 0
8403.040000 0.021352 0
8406.400000 0.013605 0
8409.760000 0.027534 0
8413.120000 0.017622 0
8416.480000 0.013269 0
8419.840000 0.039462 0
8423.200000 0.034083 0
8426.560000 0.024575 0
8429.920000 0.004901 0
8433.280000 -0.008519 0
8436.640000 -0.033203 0
8440.000000 0.025826 0
8443.360000 0.035892 0
8446.720000 0.067753 0
8450.080000 0.053675 0
8453.440000 0.020788 0
8456.800000 0.005527 0
8460.160000 -0.000460 0
8463.520000 0.079026 0
8466.880000 0.144976 0
8470.240000 0.222743 0
8473.600000 0.121427 0
8476.960000 0.051969 0
8480.320000 0.034522 0
8483.680000 0.023275 0
8487.040000 0.034551 0
8490.400000 0.017183 0
8493.760000 0.015664 0
8497.120000 0.040231 0
8500.480000 0.039677 0
8503.840000 0.020564 0
8507.200000 0.010717 0
8510.560000 0.033177 0
8513.920000 0.041262 0
8517.280000 0.023782 0
8520.640000 0.050450 0
8524.000000 0.043244 0
8527.360000 0.023912 0
8530.720000 0.027921 0
8534.080000 0.017151 0
8537.440000 0.030125 0
8540.800000 0.024870 0
8544.160000 0.036421 0
8547.520000 0.039362 0
8550.880000 0.050886 0
8554.240000 0.033891 0
8557.600000 0.017804 0
8560.960000 0.020043 0
8564.320000 0.049755 0
8567.680000 0.035259 0
8571.040000 0.028565 0
8574.400000 0.029462 0
8577.760000 0.028534 0
8581.120000 0.021419 0
8584.480000 0.025120 0
8587.840000 0.045958 0
8591.200000 0.034904 0
8594.560000 0.008219 0
8597.920000 0.019994 0
8601.280000 0.024429 0
8604.640000 0.054511 0
8608.000000 0.041694 0
8611.360000 0.033133 0
8614.720000 0.018005 0
8618.080000 0.016905 0
8621.440000 0.026641 0
8624.800000 0.025593 0
8628.160000 0.015864 0
8631.520000 0.014494 0
8634.880000 0.049324 0
8638.240000 0.014665 0
8641.600000 0.019983 0
8644.960000 0.014158 0
8648.320000 0.013603 0
8651.680000 0.015099 0
8655.040000 0.020971 0
8658.400000 0.054405 0
8661.760000 0.032126 0
8665.120000 0.046287 0
8668.480000 0.060406 0
8671.840000 0.009023 0
8675.200000 0.030700 0
8678.560000 0.020206 0
8681.920000 0.026953 0
8685.280000 0.064023 0
8688.640000 0.049100 0
8692.000000 0.026437 0
8695.360000 0.023445 0
8698.720000 0.022238 0
8702.080000 0.034936 0
8705.440000 0.028121 0
8708.800000 0.045336 0
8712.160000 0.026646 0
8715.520000 0.022413 0
8718.880000 0.020525 0
8722.240000 0.026364 0
8725.600000 0.031084 0
8728.960000 0.028424 0
8732.320000 0.036542 0
8735.680000 0.026453 0
8739.040000 0.043253 0
8742.400000 0.029090 0
8745.760000 0.029581 0
8749.120000 0.016499 0
8752.480000 0.022557 0
8755.840000 0.034753 0
8759.200000 0.076125 0
8762.560000 0.050253 0
8765.920000 0.030417 0
8769.280000 0.037114 0
8772.640000 -0.030221 0
8776.000000 -0.019566 0
8779.360000 -0.049155 0
8782.720000 0.037499 0
8786.080000 0.070945 0
8789.440000 0.067998 0
8792.800000 0.059402 0
8796.160000 0.031354 0
8799.520000 0.021644 0
8802.880000 0.020508 0
8806.240000 0.023155 0
8809.600000 0.023719 0
8812.960000 0.035150 0
8816.320000 0.033764 0
8819.680000 -0.007436 0
8823.040000 0.028458 0
8826.400000 -0.035309 0
8829.760000 -0.018007 0
8833.120000 0.093848 0
8836.480000 0.000078 0
8839.840000 0.039491 0
8843.200000 0.066142 0
8846.560000 0.007734 0
8849.920000 0.042502 0
8853.280000 0.054056 0
8856.640000 0.055348 0
8860.000000 0.002837 0
8863.360000 0.001880 0
8866.720000 0.051197 0
8870.080000 0.067123 0
8873.440000 0.022738 0
8876.800000 0.003854 0
8880.160000 0.028561 0
8883.520000 0.035007 0
8886.880000 0.021325 0
8890.240000 0.014058 0
8893.600000 0.065060 0
8896.960000 0.049052 0
8900.320000 0.042942 0
8903.680000 -0.033004 0
8907.040000 -0.003780 0
8910.400000 0.007897 0
8913.760000 -0.017593 0
8917.120000 -0.088691 0
8920.480000 -0.062836 0
8923.840000 0.037501 0
8927.200000 0.047734 0
8930.560000 0.048472 0
8933.920000 0.016689 0
8937.280000 -0.008141 0
8940.640000 0.024664 0
8944.000000 0.067916 0
8947.360000 0.060810 0
8950.720000 -0.035251 0
8954.080000 -0.002009 0
8957.440000 0.009722 0
8960.800000 0.039201 0
8964.160000 0.003965 0
8967.520000 0.038845 0
8970.880000 0.016623 0
8974.240000 0.020910 0
8977.600000 0.045010 0
8980.960000 0.014589 0
8984.320000 0.026870 0
8987.680000 0.015919 0
8991.040000 0.008215 0
8994.400000 -0.024823 0
8997.760000 0.053963 0
9001.120000 -0.019842 0
9004.480000 0.016062 0
9007.840000 0.048418 0
9011.200000 0.028157 0
9014.560000 0.038471 0
9017.920000 0.024458 0
9021.280000 0.028888 0
9024.640000 0.049343 0
9028.000000 0.029150 0
9031.360000 0.021246 0
9034.720000 0.015219 0
9038.080000 0.052355 0
9041.440000 0.011720 0
9044.800000 0.039279 0
9048.160000 0.030604 0
9051.520000 0.028336 0
9054.880000 0.050244 0
9058.240000 0.020481 0
9061.600000 0.026319 0
9064.960000 0.028090 0
9068.320000 0.034239 0
9071.680000 0.021711 0
9075.040000 0.019760 0
9078.400000 0.034410 0
9081.760000 0.022270 0
9085.120000 0.023392 0
9088.480000 0.025390 0
9091.840000 0.023329 0
9095.200000 -0.005729 0
9098.560000 -0.011100 0
9101.920000 0.017350 0
9105.280000 0.020083 0
9108.640000 0.017363 0
9112.000000 0.024559 0
9115.360000 0.027249 0
9118.720000 0.029109 0
9122.080000 0.027077 0
9125.440000 0.019623 0
9128.800000 0.027059 0
9132.160000 0.027333 0
9135.520000 0.015843 0
9138.880000 0.031264 0
9142.240000 0.048564 0
9145.600000 0.032499 0
9148.960000 0.030787 0
9152.320000 0.053031 0
9155.680000 0.028343 0
9159.040000 0.045386 0
9162.400000 0.013855 0
9165.760000 0.044879 0
9169.120000 0.041914 0
9172.480000 0.023751 0
9175.840000 0.001779 0
9179.200000 0.028806 0
9182.560000 0.054716 0
9185.920000 0.040741 0
9189.280000 0.023936 0
9192.640000 0.011925 0
9196.000000 0.028452 0
9199.360000 0.052179 0
9202.720000 0.029714 0
9206.080000 0.044407 0
9209.440000 0.035317 0
9212.800000 0.009856 0
9216.160000 0.055436 0
9219.520000 0.057089 0
9222.880000 0.030495 0
9226.240000 0.027450 0
9229.600000 0.030530 0
9232.960000 0.021889 0
9236.320000 0.037851 0
9239.680000 0.042194 0
9243.040000 0.031338 0
9246.400000 0.027042 0
9249.760000 0.026862 0
