# obs: 255710
# slit: 45
# z: 0.16191
# lines: H,H{beta},[OIII],H{alpha}
# spec: 384
4451.680000 0.000000 1
4455.040000 0.000000 1
4458.400000 0.000000 1
4461.760000 0.000000 1
4465.120000 0.000000 1
4468.480000 0.000000 1
4471.840000 0.000000 1
4475.200000 0.000000 1
4478.560000 0.000000 1
4481.920000 0.000000 1
4485.280000 0.000000 1
4488.640000 0.000000 1
4492.000000 0.000000 1
4495.360000 0.000000 1
4498.720000 0.000000 1
4502.080000 0.000000 1
4505.440000 0.065308 0
4508.800000 0.081331 0
4512.160000 0.057602 0
4515.520000 0.069363 0
4518.880000 0.078200 0
4522.240000 0.039769 0
4525.600000 0.055465 0
4528.960000 0.074730 0
4532.320000 0.081352 0
4535.680000 0.063933 0
4539.040000 0.055064 0
4542.400000 0.092360 0
4545.760000 0.081783 0
4549.120000 0.064255 0
4552.480000 0.058226 0
4555.840000 0.076963 0
4559.200000 0.067927 0
4562.560000 0.074367 0
4565.920000 0.052721 0
4569.280000 0.050824 0
4572.640000 0.037785 0
4576.000000 0.056874 0
4579.360000 0.067259 0
4582.720000 0.075230 0
4586.080000 0.077233 0
4589.440000 0.068116 0
4592.800000 0.058995 0
4596.160000 0.066889 0
4599.520000 0.075242 0
4602.880000 0.071150 0
4606.240000 0.072835 0
4609.600000 0.078467 0
4612.960000 0.044478 0
4616.320000 0.052974 0
4619.680000 0.051964 0
4623.040000 0.065433 0
4626.400000 0.050883 0
4629.760000 0.065137 0
4633.120000 0.076193 0
4636.480000 0.075118 0
4639.840000 0.077174 0
4643.200000 0.087608 0
4646.560000 0.098838 0
4649.920000 0.090867 0
4653.280000 0.092224 0
4656.640000 0.093338 0
4660.000000 0.086608 0
4663.360000 0.076743 0
4666.720000 0.084699 0
4670.080000 0.089849 0
4673.440000 0.091580 0
4676.800000 0.086043 0
4680.160000 0.089422 0
4683.520000 0.090321 0
4686.880000 0.100803 0
4690.240000 0.087367 0
4693.600000 0.097101 0
4696.960000 0.093344 0
4700.320000 0.098615 0
4703.680000 0.092553 0
4707.040000 0.081749 0
4710.400000 0.079881 0
4713.760000 0.088952 0
4717.120000 0.082683 0
4720.480000 0.054621 0
4723.840000 0.073129 0
4727.200000 0.093502 0
4730.560000 0.084274 0
4733.920000 0.089978 0
4737.280000 0.066815 0
4740.640000 0.090251 0
4744.000000 0.083015 0
4747.360000 0.088318 0
4750.720000 0.099946 0
4754.080000 0.078573 0
4757.440000 0.070645 0
4760.800000 0.077711 0
4764.160000 0.075106 0
4767.520000 0.070828 0
4770.880000 0.079998 0
4774.240000 0.074799 0
4777.600000 0.076898 0
4780.960000 0.076942 0
4784.320000 0.075698 0
4787.680000 0.070327 0
4791.040000 0.091163 0
4794.400000 0.096807 0
4797.760000 0.083023 0
4801.120000 0.068230 0
4804.480000 0.086799 0
4807.840000 0.084505 0
4811.200000 0.080967 0
4814.560000 0.077436 0
4817.920000 0.086954 0
4821.280000 0.101270 0
4824.640000 0.077949 0
4828.000000 0.086259 0
4831.360000 0.097341 0
4834.720000 0.105765 0
4838.080000 0.108178 0
4841.440000 0.086229 0
4844.800000 0.094617 0
4848.160000 0.098792 0
4851.520000 0.064390 0
4854.880000 0.078153 0
4858.240000 0.088452 0
4861.600000 0.085843 0
4864.960000 0.096295 0
4868.320000 0.078675 0
4871.680000 0.074816 0
4875.040000 0.104064 0
4878.400000 0.096255 0
4881.760000 0.076950 0
4885.120000 0.090226 0
4888.480000 0.081972 0
4891.840000 0.089367 0
4895.200000 0.075921 0
4898.560000 0.090743 0
4901.920000 0.090111 0
4905.280000 0.091375 0
4908.640000 0.074188 0
4912.000000 0.092739 0
4915.360000 0.102700 0
4918.720000 0.074632 0
4922.080000 0.077890 0
4925.440000 0.092339 0
4928.800000 0.081362 0
4932.160000 0.090492 0
4935.520000 0.088733 0
4938.880000 0.079778 0
4942.240000 0.068721 0
4945.600000 0.078994 0
4948.960000 0.095482 0
4952.320000 0.087565 0
4955.680000 0.088520 0
4959.040000 0.095685 0
4962.400000 0.077453 0
4965.760000 0.083432 0
4969.120000 0.068099 0
4972.480000 0.097168 0
4975.840000 0.067370 0
4979.200000 0.090089 0
4982.560000 0.072096 0
4985.920000 0.083172 0
4989.280000 0.068743 0
4992.640000 0.063805 0
4996.000000 0.076901 0
4999.360000 0.078432 0
5002.720000 0.069086 0
5006.080000 0.085852 0
5009.440000 0.073550 0
5012.800000 0.086907 0
5016.160000 0.091041 0
5019.520000 0.073976 0
5022.880000 0.079232 0
5026.240000 0.074217 0
5029.600000 0.071521 0
5032.960000 0.078241 0
5036.320000 0.063273 0
5039.680000 0.086634 0
5043.040000 0.086256 0
5046.400000 0.106678 0
5049.760000 0.092225 0
5053.120000 0.086707 0
5056.480000 0.077133 0
5059.840000 0.069356 0
5063.200000 0.097277 0
5066.560000 0.099767 0
5069.920000 0.105384 0
5073.280000 0.097446 0
5076.640000 0.090883 0
5080.000000 0.085207 0
5083.360000 0.089857 0
5086.720000 0.086813 0
5090.080000 0.091719 0
5093.440000 0.084936 0
5096.800000 0.083486 0
5100.160000 0.087669 0
5103.520000 0.082322 0
5106.880000 0.074323 0
5110.240000 0.092719 0
5113.600000 0.093117 0
5116.960000 0.081565 0
5120.320000 0.083646 0
5123.680000 0.082516 0
5127.040000 0.076912 0
5130.400000 0.098209 0
5133.760000 0.069701 0
5137.120000 0.093139 0
5140.480000 0.087478 0
5143.840000 0.099420 0
5147.200000 0.077762 0
5150.560000 0.081548 0
5153.920000 0.092989 0
5157.280000 0.087316 0
5160.640000 0.083767 0
5164.000000 0.086331 0
5167.360000 0.098877 0
5170.720000 0.098341 0
5174.080000 0.097144 0
5177.440000 0.090032 0
5180.800000 0.097074 0
5184.160000 0.088338 0
5187.520000 0.090811 0
5190.880000 0.077831 0
5194.240000 0.079876 0
5197.600000 0.100133 0
5200.960000 0.092768 0
5204.320000 0.080176 0
5207.680000 0.101339 0
5211.040000 0.110643 0
5214.400000 0.087458 0
5217.760000 0.099073 0
5221.120000 0.093412 0
5224.480000 0.102409 0
5227.840000 0.098158 0
5231.200000 0.093724 0
5234.560000 0.100042 0
5237.920000 0.102506 0
5241.280000 0.095254 0
5244.640000 0.116437 0
5248.000000 0.092818 0
5251.360000 0.089433 0
5254.720000 0.081604 0
5258.080000 0.082388 0
5261.440000 0.092716 0
5264.800000 0.094439 0
5268.160000 0.101941 0
5271.520000 0.098778 0
5274.880000 0.095179 0
5278.240000 0.104671 0
5281.600000 0.096456 0
5284.960000 0.098873 0
5288.320000 0.101218 0
5291.680000 0.081015 0
5295.040000 0.082364 0
5298.400000 0.097717 0
5301.760000 0.100008 0
5305.120000 0.110604 0
5308.480000 0.094667 0
5311.840000 0.093374 0
5315.200000 0.107008 0
5318.560000 0.105394 0
5321.920000 0.110300 0
5325.280000 0.088938 0
5328.640000 0.086859 0
5332.000000 0.093844 0
5335.360000 0.094729 0
5338.720000 0.086939 0
5342.080000 0.098409 0
5345.440000 0.104715 0
5348.800000 0.101880 0
5352.160000 0.097184 0
5355.520000 0.097509 0
5358.880000 0.093592 0
5362.240000 0.094891 0
5365.600000 0.086215 0
5368.960000 0.094981 0
5372.320000 0.100794 0
5375.680000 0.100364 0
5379.040000 0.105472 0
5382.400000 0.097615 0
5385.760000 0.090156 0
5389.120000 0.090365 0
5392.480000 0.092877 0
5395.840000 0.077011 0
5399.200000 0.098551 0
5402.560000 0.096362 0
5405.920000 0.081969 0
5409.280000 0.099416 0
5412.640000 0.110869 0
5416.000000 0.097515 0
5419.360000 0.088729 0
5422.720000 0.098463 0
5426.080000 0.092752 0
5429.440000 0.090819 0
5432.800000 0.097917 0
5436.160000 0.116177 0
5439.520000 0.102988 0
5442.880000 0.111712 0
5446.240000 0.102893 0
5449.600000 0.083689 0
5452.960000 0.094593 0
5456.320000 0.097169 0
5459.680000 0.103731 0
5463.040000 0.100154 0
5466.400000 0.098655 0
5469.760000 0.102527 0
5473.120000 0.112472 0
5476.480000 0.104418 0
5479.840000 0.110493 0
5483.200000 0.108812 0
5486.560000 0.093007 0
5489.920000 0.099839 0
5493.280000 0.090812 0
5496.640000 0.096008 0
5500.000000 0.106563 0
5503.360000 0.086436 0
5506.720000 0.093826 0
5510.080000 0.101855 0
5513.440000 0.096134 0
5516.800000 0.086648 0
5520.160000 0.104840 0
5523.520000 0.087954 0
5526.880000 0.107460 0
5530.240000 0.100580 0
5533.600000 0.096998 0
5536.960000 0.108142 0
5540.320000 0.091026 0
5543.680000 0.102984 0
5547.040000 0.106773 0
5550.400000 0.090004 0
5553.760000 0.116275 0
5557.120000 0.104655 0
5560.480000 0.084152 0
5563.840000 0.106758 1
5567.200000 0.091584 1
5570.560000 0.068759 1
5573.920000 0.053302 1
5577.280000 0.067307 1
5580.640000 0.083641 1
5584.000000 0.118778 1
5587.360000 0.097809 1
5590.720000 0.103143 1
5594.080000 0.120102 1
5597.440000 0.092197 1
5600.800000 0.109255 1
5604.160000 0.087537 0
5607.520000 0.097029 0
5610.880000 0.105733 0
5614.240000 0.103213 0
5617.600000 0.100164 0
5620.960000 0.097346 0
5624.320000 0.108148 0
5627.680000 0.108746 0
5631.040000 0.103847 0
5634.400000 0.083975 0
5637.760000 0.102093 0
5641.120000 0.092236 0
5644.480000 0.104053 0
5647.840000 0.133316 0
5651.200000 0.131756 0
5654.560000 0.119720 0
5657.920000 0.099705 0
5661.280000 0.094920 0
5664.640000 0.073096 0
5668.000000 0.056456 0
5671.360000 0.073642 0
5674.720000 0.085469 0
5678.080000 0.092246 0
5681.440000 0.102928 0
5684.800000 0.089645 0
5688.160000 0.090775 0
5691.520000 0.103633 0
5694.880000 0.110570 0
5698.240000 0.093912 0
5701.600000 0.113138 0
5704.960000 0.094463 0
5708.320000 0.103025 0
5711.680000 0.084255 0
5715.040000 0.102578 0
5718.400000 0.109263 0
5721.760000 0.089364 0
5725.120000 0.082790 0
5728.480000 0.080464 0
5731.840000 0.108440 0
5735.200000 0.098013 0
5738.560000 0.097618 0
5741.920000 0.095284 0
5745.280000 0.096222 0
5748.640000 0.098301 0
5752.000000 0.109704 0
5755.360000 0.105193 0
5758.720000 0.087127 0
5762.080000 0.097312 0
5765.440000 0.102602 0
5768.800000 0.104214 0
5772.160000 0.112147 0
5775.520000 0.120886 0
5778.880000 0.110459 0
5782.240000 0.115943 0
5785.600000 0.098312 0
5788.960000 0.092075 0
5792.320000 0.099849 0
5795.680000 0.102060 0
5799.040000 0.111028 0
5802.400000 0.125349 0
5805.760000 0.106010 0
5809.120000 0.097871 0
5812.480000 0.106727 0
5815.840000 0.122473 0
5819.200000 0.130919 0
5822.560000 0.127213 0
5825.920000 0.120027 0
5829.280000 0.107556 0
5832.640000 0.094134 0
5836.000000 0.102957 0
5839.360000 0.097572 0
5842.720000 0.107210 0
5846.080000 0.094200 0
5849.440000 0.096961 0
5852.800000 0.107237 0
5856.160000 0.109862 0
5859.520000 0.106476 0
5862.880000 0.097823 0
5866.240000 0.103537 0
5869.600000 0.086144 0
5872.960000 0.121661 0
5876.320000 0.119712 0
5879.680000 0.078377 0
5883.040000 0.045290 0
5886.400000 0.063669 0
5889.760000 0.089197 0
5893.120000 0.176759 0
5896.480000 0.135923 0
5899.840000 0.140678 0
5903.200000 0.133728 0
5906.560000 0.087315 0
5909.920000 0.088166 0
5913.280000 0.083769 0
5916.640000 0.094462 0
5920.000000 0.098731 0
5923.360000 0.107632 0
5926.720000 0.079459 0
5930.080000 0.081909 0
5933.440000 0.096120 0
5936.800000 0.097054 0
5940.160000 0.110057 0
5943.520000 0.103234 0
5946.880000 0.080479 0
5950.240000 0.105501 0
5953.600000 0.092031 0
5956.960000 0.118265 0
5960.320000 0.121943 0
5963.680000 0.098788 0
5967.040000 0.105915 0
5970.400000 0.108330 0
5973.760000 0.098928 0
5977.120000 0.109606 0
5980.480000 0.089510 0
5983.840000 0.091835 0
5987.200000 0.111866 0
5990.560000 0.120998 0
5993.920000 0.108514 0
5997.280000 0.113554 0
6000.640000 0.100333 0
6004.000000 0.107413 0
6007.360000 0.109101 0
6010.720000 0.103962 0
6014.080000 0.089241 0
6017.440000 0.113437 0
6020.800000 0.097416 0
6024.160000 0.092494 0
6027.520000 0.105513 0
6030.880000 0.080828 0
6034.240000 0.106686 0
6037.600000 0.103273 0
6040.960000 0.109850 0
6044.320000 0.103574 0
6047.680000 0.094460 0
6051.040000 0.078706 0
6054.400000 0.103701 0
6057.760000 0.116750 0
6061.120000 0.106366 0
6064.480000 0.104414 0
6067.840000 0.124694 0
6071.200000 0.122210 0
6074.560000 0.080900 0
6077.920000 0.081334 0
6081.280000 0.100995 0
6084.640000 0.098736 0
6088.000000 0.104029 0
6091.360000 0.108491 0
6094.720000 0.109151 0
6098.080000 0.105386 0
6101.440000 0.092095 0
6104.800000 0.079620 0
6108.160000 0.121150 0
6111.520000 0.117441 0
6114.880000 0.102574 0
6118.240000 0.093661 0
6121.600000 0.098116 0
6124.960000 0.107611 0
6128.320000 0.096710 0
6131.680000 0.115249 0
6135.040000 0.105032 0
6138.400000 0.104430 0
6141.760000 0.106661 0
6145.120000 0.100072 0
6148.480000 0.113842 0
6151.840000 0.099648 0
6155.200000 0.116262 0
6158.560000 0.110875 0
6161.920000 0.120518 0
6165.280000 0.108871 0
6168.640000 0.098642 0
6172.000000 0.109812 0
6175.360000 0.135937 0
6178.720000 0.123301 0
6182.080000 0.098799 0
6185.440000 0.107199 0
6188.800000 0.099511 0
6192.160000 0.103167 0
6195.520000 0.099007 0
6198.880000 0.104347 0
6202.240000 0.114477 0
6205.600000 0.118668 0
6208.960000 0.103848 0
6212.320000 0.093492 0
6215.680000 0.099156 0
6219.040000 0.105508 0
6222.400000 0.114010 0
6225.760000 0.103136 0
6229.120000 0.089288 0
6232.480000 0.084212 0
6235.840000 0.070224 0
6239.200000 0.118398 0
6242.560000 0.095975 0
6245.920000 0.123489 0
6249.280000 0.102115 0
6252.640000 0.100101 0
6256.000000 0.119626 0
6259.360000 0.092323 0
6262.720000 0.156923 0
6266.080000 0.105726 0
6269.440000 0.101097 0
6272.800000 0.097094 0
6276.160000 0.116918 0
6279.520000 0.101060 0
6282.880000 0.106857 0
6286.240000 0.103754 0
6289.600000 0.111971 0
6292.960000 0.092159 0
6296.320000 0.107642 0
6299.680000 0.094818 0
6303.040000 0.133220 0
6306.400000 0.137792 0
6309.760000 0.114308 0
6313.120000 0.114705 0
6316.480000 0.093744 0
6319.840000 0.090426 0
6323.200000 0.112294 0
6326.560000 0.081935 0
6329.920000 0.104938 0
6333.280000 0.117486 0
6336.640000 0.120114 0
6340.000000 0.113707 0
6343.360000 0.112509 0
6346.720000 0.097889 0
6350.080000 0.100296 0
6353.440000 0.107351 0
6356.800000 0.097434 0
6360.160000 0.097285 0
6363.520000 0.099492 0
6366.880000 0.109589 0
6370.240000 0.113388 0
6373.600000 0.105185 0
6376.960000 0.094205 0
6380.320000 0.101079 0
6383.680000 0.118396 0
6387.040000 0.101734 0
6390.400000 0.103828 0
6393.760000 0.113801 0
6397.120000 0.133923 0
6400.480000 0.113894 0
6403.840000 0.117803 0
6407.200000 0.114401 0
6410.560000 0.111316 0
6413.920000 0.124994 0
6417.280000 0.113715 0
6420.640000 0.102869 0
6424.000000 0.111091 0
6427.360000 0.111018 0
6430.720000 0.115360 0
6434.080000 0.111907 0
6437.440000 0.111394 0
6440.800000 0.112480 0
6444.160000 0.120457 0
6447.520000 0.117600 0
6450.880000 0.097414 0
6454.240000 0.099822 0
6457.600000 0.106972 0
6460.960000 0.106460 0
6464.320000 0.087820 0
6467.680000 0.108641 0
6471.040000 0.129672 0
6474.400000 0.126575 0
6477.760000 0.113741 0
6481.120000 0.120271 0
6484.480000 0.129853 0
6487.840000 0.118727 0
6491.200000 0.105355 0
6494.560000 0.113755 0
6497.920000 0.121795 0
6501.280000 0.119824 0
6504.640000 0.125359 0
6508.000000 0.109754 0
6511.360000 0.107297 0
6514.720000 0.115308 0
6518.080000 0.108115 0
6521.440000 0.110609 0
6524.800000 0.097355 0
6528.160000 0.107127 0
6531.520000 0.120141 0
6534.880000 0.120082 0
6538.240000 0.118692 0
6541.600000 0.127616 0
6544.960000 0.088999 0
6548.320000 0.087307 0
6551.680000 0.109480 0
6555.040000 0.127797 0
6558.400000 0.127096 0
6561.760000 0.114925 0
6565.120000 0.121392 0
6568.480000 0.104405 0
6571.840000 0.096784 0
6575.200000 0.106659 0
6578.560000 0.116964 0
6581.920000 0.117898 0
6585.280000 0.124947 0
6588.640000 0.101793 0
6592.000000 0.109493 0
6595.360000 0.106353 0
6598.720000 0.110858 0
6602.080000 0.109152 0
6605.440000 0.098423 0
6608.800000 0.114412 0
6612.160000 0.138968 0
6615.520000 0.116553 0
6618.880000 0.110045 0
6622.240000 0.112295 0
6625.600000 0.115198 0
6628.960000 0.105606 0
6632.320000 0.102210 0
6635.680000 0.114027 0
6639.040000 0.119145 0
6642.400000 0.117898 0
6645.760000 0.108522 0
6649.120000 0.119236 0
6652.480000 0.113231 0
6655.840000 0.115110 0
6659.200000 0.117814 0
6662.560000 0.108117 0
6665.920000 0.111883 0
6669.280000 0.114651 0
6672.640000 0.124788 0
6676.000000 0.118316 0
6679.360000 0.114104 0
6682.720000 0.119951 0
6686.080000 0.111063 0
6689.440000 0.098708 0
6692.800000 0.102078 0
6696.160000 0.101977 0
6699.520000 0.105314 0
6702.880000 0.118544 0
6706.240000 0.108232 0
6709.600000 0.108994 0
6712.960000 0.119246 0
6716.320000 0.115862 0
6719.680000 0.130208 0
6723.040000 0.126732 0
6726.400000 0.123893 0
6729.760000 0.118469 0
6733.120000 0.126184 0
6736.480000 0.116772 0
6739.840000 0.118130 0
6743.200000 0.125091 0
6746.560000 0.132428 0
6749.920000 0.128185 0
6753.280000 0.114250 0
6756.640000 0.124979 0
6760.000000 0.127111 0
6763.360000 0.103464 0
6766.720000 0.119792 0
6770.080000 0.124366 0
6773.440000 0.128064 0
6776.800000 0.117052 0
6780.160000 0.116906 0
6783.520000 0.124343 0
6786.880000 0.122237 0
6790.240000 0.123028 0
6793.600000 0.128719 0
6796.960000 0.113534 0
6800.320000 0.119920 0
6803.680000 0.112016 0
6807.040000 0.107472 0
6810.400000 0.119423 0
6813.760000 0.112172 0
6817.120000 0.112786 0
6820.480000 0.097083 0
6823.840000 0.102089 0
6827.200000 0.122863 0
6830.560000 0.138561 0
6833.920000 0.124708 0
6837.280000 0.139270 0
6840.640000 0.125797 0
6844.000000 0.116845 0
6847.360000 0.114874 0
6850.720000 0.102648 0
6854.080000 0.106687 0
6857.440000 0.081733 0
6860.800000 0.115756 0
6864.160000 0.106794 0
6867.520000 0.113469 0
6870.880000 0.119898 0
6874.240000 0.088765 0
6877.600000 0.114808 0
6880.960000 0.119096 0
6884.320000 0.097726 0
6887.680000 0.105295 0
6891.040000 0.107038 0
6894.400000 0.105223 0
6897.760000 0.111261 0
6901.120000 0.096433 0
6904.480000 0.100941 0
6907.840000 0.106636 0
6911.200000 0.119678 0
6914.560000 0.105059 0
6917.920000 0.110147 0
6921.280000 0.122960 0
6924.640000 0.116154 0
6928.000000 0.113445 0
6931.360000 0.129490 0
6934.720000 0.122079 0
6938.080000 0.125828 0
6941.440000 0.128902 0
6944.800000 0.096676 0
6948.160000 0.088117 0
6951.520000 0.109901 0
6954.880000 0.130787 0
6958.240000 0.111031 0
6961.600000 0.110127 0
6964.960000 0.136273 0
6968.320000 0.107124 0
6971.680000 0.095932 0
6975.040000 0.102557 0
6978.400000 0.152372 0
6981.760000 0.123820 0
6985.120000 0.127522 0
6988.480000 0.103155 0
6991.840000 0.115585 0
6995.200000 0.118056 0
6998.560000 0.110904 0
7001.920000 0.103987 0
7005.280000 0.106856 0
7008.640000 0.112807 0
7012.000000 0.115442 0
7015.360000 0.113024 0
7018.720000 0.137246 0
7022.080000 0.129023 0
7025.440000 0.106484 0
7028.800000 0.113136 0
7032.160000 0.123364 0
7035.520000 0.108967 0
7038.880000 0.106485 0
7042.240000 0.122838 0
7045.600000 0.144317 0
7048.960000 0.117674 0
7052.320000 0.105187 0
7055.680000 0.115183 0
7059.040000 0.122404 0
7062.400000 0.135637 0
7065.760000 0.115281 0
7069.120000 0.119401 0
7072.480000 0.114145 0
7075.840000 0.118213 0
7079.200000 0.120310 0
7082.560000 0.127302 0
7085.920000 0.125569 0
7089.280000 0.100235 0
7092.640000 0.103302 0
7096.000000 0.114241 0
7099.360000 0.108806 0
7102.720000 0.127585 0
7106.080000 0.134133 0
7109.440000 0.125576 0
7112.800000 0.132317 0
7116.160000 0.126459 0
7119.520000 0.120416 0
7122.880000 0.108958 0
7126.240000 0.119026 0
7129.600000 0.125424 0
7132.960000 0.111890 0
7136.320000 0.106284 0
7139.680000 0.118677 0
7143.040000 0.121668 0
7146.400000 0.118418 0
7149.760000 0.100325 0
7153.120000 0.105168 0
7156.480000 0.117548 0
7159.840000 0.119868 0
7163.200000 0.114774 0
7166.560000 0.115528 0
7169.920000 0.112119 0
7173.280000 0.113396 0
7176.640000 0.103266 0
7180.000000 0.100465 0
7183.360000 0.116117 0
7186.720000 0.107139 0
7190.080000 0.104463 0
7193.440000 0.111375 0
7196.800000 0.115443 0
7200.160000 0.104544 0
7203.520000 0.111805 0
7206.880000 0.110742 0
7210.240000 0.093921 0
7213.600000 0.116454 0
7216.960000 0.118268 0
7220.320000 0.109921 0
7223.680000 0.112070 0
7227.040000 0.112931 0
7230.400000 0.136738 0
7233.760000 0.104598 0
7237.120000 0.124156 0
7240.480000 0.161370 0
7243.840000 0.131609 0
7247.200000 0.126321 0
7250.560000 0.076458 0
7253.920000 0.115526 0
7257.280000 0.121507 0
7260.640000 0.119844 0
7264.000000 0.117806 0
7267.360000 0.124800 0
7270.720000 0.105220 0
7274.080000 0.124533 0
7277.440000 0.120548 0
7280.800000 0.107583 0
7284.160000 0.124614 0
7287.520000 0.109679 0
7290.880000 0.128307 0
7294.240000 0.112322 0
7297.600000 0.095375 0
7300.960000 0.102960 0
7304.320000 0.085244 0
7307.680000 0.126042 0
7311.040000 0.122842 0
7314.400000 0.141196 0
7317.760000 0.123470 0
7321.120000 0.126805 0
7324.480000 0.112108 0
7327.840000 0.113586 0
7331.200000 0.105896 0
7334.560000 0.106360 0
7337.920000 0.121440 0
7341.280000 0.102235 0
7344.640000 0.105865 0
7348.000000 0.115485 0
7351.360000 0.122250 0
7354.720000 0.121500 0
7358.080000 0.133336 0
7361.440000 0.130061 0
7364.800000 0.126150 0
7368.160000 0.128626 0
7371.520000 0.106681 0
7374.880000 0.113960 0
7378.240000 0.130164 0
7381.600000 0.114170 0
7384.960000 0.094546 0
7388.320000 0.136181 0
7391.680000 0.128257 0
7395.040000 0.106161 0
7398.400000 0.094901 0
7401.760000 0.097977 0
7405.120000 0.113852 0
7408.480000 0.106261 0
7411.840000 0.118685 0
7415.200000 0.114369 0
7418.560000 0.122080 0
7421.920000 0.110737 0
7425.280000 0.113281 0
7428.640000 0.111032 0
7432.000000 0.129359 0
7435.360000 0.136503 0
7438.720000 0.119983 0
7442.080000 0.122091 0
7445.440000 0.122591 0
7448.800000 0.110957 0
7452.160000 0.108240 0
7455.520000 0.126832 0
7458.880000 0.124346 0
7462.240000 0.129098 0
7465.600000 0.123223 0
7468.960000 0.106298 0
7472.320000 0.122021 0
7475.680000 0.111516 0
7479.040000 0.113196 0
7482.400000 0.114702 0
7485.760000 0.101608 0
7489.120000 0.100260 0
7492.480000 0.106188 0
7495.840000 0.110225 0
7499.200000 0.112023 0
7502.560000 0.115331 0
7505.920000 0.109934 0
7509.280000 0.108692 0
7512.640000 0.105251 0
7516.000000 0.132498 0
7519.360000 0.121163 0
7522.720000 0.121360 0
7526.080000 0.097668 0
7529.440000 0.100182 0
7532.800000 0.106583 0
7536.160000 0.114168 0
7539.520000 0.117063 0
7542.880000 0.122387 0
7546.240000 0.107314 0
7549.600000 0.103937 0
7552.960000 0.110125 0
7556.320000 0.111029 0
7559.680000 0.121203 0
7563.040000 0.129409 0
7566.400000 0.108979 0
7569.760000 0.118445 0
7573.120000 0.132825 0
7576.480000 0.134938 0
7579.840000 0.127899 0
7583.200000 0.128570 0
7586.560000 0.092413 0
7589.920000 0.123345 0
7593.280000 0.120183 0
7596.640000 0.099684 0
7600.000000 0.076517 0
7603.360000 0.077957 0
7606.720000 0.168933 0
7610.080000 0.167363 0
7613.440000 0.187667 0
7616.800000 0.164174 0
7620.160000 0.167123 0
7623.520000 0.254280 0
7626.880000 0.440837 0
7630.240000 0.352155 0
7633.600000 0.229888 0
7636.960000 0.110899 0
7640.320000 0.126502 0
7643.680000 0.148858 0
7647.040000 0.243071 0
7650.400000 0.265081 0
7653.760000 0.235538 0
7657.120000 0.156278 0
7660.480000 0.153584 0
7663.840000 0.112352 0
7667.200000 0.103687 0
7670.560000 0.113856 0
7673.920000 0.119318 0
7677.280000 0.105010 0
7680.640000 0.103007 0
7684.000000 0.112680 0
7687.360000 0.110953 0
7690.720000 0.109787 0
7694.080000 0.120727 0
7697.440000 0.116380 0
7700.800000 0.118444 0
7704.160000 0.126977 0
7707.520000 0.150986 0
7710.880000 0.130342 0
7714.240000 0.150800 0
7717.600000 0.126551 0
7720.960000 0.100086 0
7724.320000 0.062209 0
7727.680000 0.113010 0
7731.040000 0.119085 0
7734.400000 0.094978 0
7737.760000 0.093058 0
7741.120000 0.144234 0
7744.480000 0.142734 0
7747.840000 0.120970 0
7751.200000 0.130892 0
7754.560000 0.121581 0
7757.920000 0.085081 0
7761.280000 0.116194 0
7764.640000 0.111618 0
7768.000000 0.093928 0
7771.360000 0.096690 0
7774.720000 0.128123 0
7778.080000 0.093217 0
7781.440000 0.116683 0
7784.800000 0.155739 0
7788.160000 0.146212 0
7791.520000 0.137575 0
7794.880000 0.141625 0
7798.240000 0.058891 0
7801.600000 0.130299 0
7804.960000 0.180685 0
7808.320000 0.166134 0
7811.680000 0.157926 0
7815.040000 0.166577 0
7818.400000 0.139652 0
7821.760000 0.168067 0
7825.120000 0.146802 0
7828.480000 0.103363 0
7831.840000 0.151295 0
7835.200000 0.131135 0
7838.560000 0.119555 0
7841.920000 0.118909 0
7845.280000 0.154633 0
7848.640000 0.143380 0
7852.000000 0.111694 0
7855.360000 0.094466 0
7858.720000 0.038486 0
7862.080000 0.099382 0
7865.440000 0.122535 0
7868.800000 0.133043 0
7872.160000 0.161809 0
7875.520000 0.131362 0
7878.880000 0.107222 0
7882.240000 0.126575 0
7885.600000 0.088937 0
7888.960000 0.107691 0
7892.320000 0.104759 0
7895.680000 0.091445 0
7899.040000 0.112163 0
7902.400000 0.137142 0
7905.760000 0.153161 0
7909.120000 0.193006 0
7912.480000 0.135358 0
7915.840000 0.084109 0
7919.200000 0.057526 0
7922.560000 0.095864 0
7925.920000 0.101706 0
7929.280000 0.102438 0
7932.640000 0.121310 0
7936.000000 0.099682 0
7939.360000 0.108656 0
7942.720000 0.126391 0
7946.080000 0.111542 0
7949.440000 0.113565 0
7952.800000 0.104975 0
7956.160000 0.139690 0
7959.520000 0.143500 0
7962.880000 0.118111 0
7966.240000 0.122325 0
7969.600000 0.120434 0
7972.960000 0.101323 0
7976.320000 0.107800 0
7979.680000 0.120329 0
7983.040000 0.109991 0
7986.400000 0.125525 0
7989.760000 0.121738 0
7993.120000 0.142031 0
7996.480000 0.136640 0
7999.840000 0.082431 0
8003.200000 0.103349 0
8006.560000 0.118499 0
8009.920000 0.117457 0
8013.280000 0.120891 0
8016.640000 0.143476 0
8020.000000 0.148783 0
8023.360000 0.108472 0
8026.720000 0.105778 0
8030.080000 0.094619 0
8033.440000 0.106843 0
8036.800000 0.102877 0
8040.160000 0.117314 0
8043.520000 0.131516 0
8046.880000 0.142086 0
8050.240000 0.117351 0
8053.600000 0.115254 0
8056.960000 0.119007 0
8060.320000 0.111791 0
8063.680000 0.122641 0
8067.040000 0.086643 0
8070.400000 0.096713 0
8073.760000 0.102921 0
8077.120000 0.115791 0
8080.480000 0.134379 0
8083.840000 0.113607 0
8087.200000 0.137699 0
8090.560000 0.148513 0
8093.920000 0.135842 0
8097.280000 0.130485 0
8100.640000 0.132233 0
8104.000000 0.148060 0
8107.360000 0.127876 0
8110.720000 0.134735 0
8114.080000 0.130837 0
8117.440000 0.125811 0
8120.800000 0.106298 0
8124.160000 0.116811 0
8127.520000 0.120154 0
8130.880000 0.124152 0
8134.240000 0.114493 0
8137.600000 0.135715 0
8140.960000 0.102608 0
8144.320000 0.081158 0
8147.680000 0.111203 0
8151.040000 0.124785 0
8154.400000 0.122596 0
8157.760000 0.122608 0
8161.120000 0.103862 0
8164.480000 0.103240 0
8167.840000 0.127811 0
8171.200000 0.114176 0
8174.560000 0.111113 0
8177.920000 0.133384 0
8181.280000 0.119798 0
8184.640000 0.115344 0
8188.000000 0.117939 0
8191.360000 0.115016 0
8194.720000 0.124495 0
8198.080000 0.124931 0
8201.440000 0.118861 0
8204.800000 0.122673 0
8208.160000 0.117393 0
8211.520000 0.116208 0
8214.880000 0.105979 0
8218.240000 0.111647 0
8221.600000 0.107250 0
8224.960000 0.104572 0
8228.320000 0.124166 0
8231.680000 0.127437 0
8235.040000 0.122030 0
8238.400000 0.119218 0
8241.760000 0.132401 0
8245.120000 0.136889 0
8248.480000 0.148918 0
8251.840000 0.116400 0
8255.200000 0.101536 0
8258.560000 0.119437 0
8261.920000 0.130210 0
8265.280000 0.111165 0
8268.640000 0.120722 0
8272.000000 0.124042 0
8275.360000 0.109334 0
8278.720000 0.129272 0
8282.080000 0.129733 0
8285.440000 0.113674 0
8288.800000 0.116152 0
8292.160000 0.150635 0
8295.520000 0.108578 0
8298.880000 0.127553 0
8302.240000 0.112375 0
8305.600000 0.107717 0
8308.960000 0.124583 0
8312.320000 0.115443 0
8315.680000 0.105908 0
8319.040000 0.095893 0
8322.400000 0.104332 0
8325.760000 0.108435 0
8329.120000 0.111800 0
8332.480000 0.115764 0
8335.840000 0.129299 0
8339.200000 0.158234 0
8342.560000 0.190630 0
8345.920000 0.122103 0
8349.280000 0.116890 0
8352.640000 0.103472 0
8356.000000 0.114126 0
8359.360000 0.092082 0
8362.720000 0.088645 0
8366.080000 0.104646 0
8369.440000 0.130525 0
8372.800000 0.112308 0
8376.160000 0.127219 0
8379.520000 0.111955 0
8382.880000 0.110992 0
8386.240000 0.137381 0
8389.600000 0.130174 0
8392.960000 0.119927 0
8396.320000 0.061816 0
8399.680000 0.101200 0
8403.040000 0.162939 0
8406.400000 0.123497 0
8409.760000 0.104067 0
8413.120000 0.103442 0
8416.480000 0.112935 0
8419.840000 0.135683 0
8423.200000 0.098475 0
8426.560000 0.105664 0
8429.920000 0.130400 0
8433.280000 0.176932 0
8436.640000 0.149421 0
8440.000000 0.101895 0
8443.360000 0.107365 0
8446.720000 0.104331 0
8450.080000 0.081043 0
8453.440000 0.129422 0
8456.800000 0.110782 0
8460.160000 0.124107 0
8463.520000 0.103718 0
8466.880000 0.076477 0
8470.240000 0.105956 0
8473.600000 0.121285 0
8476.960000 0.122342 0
8480.320000 0.126551 0
8483.680000 0.116941 0
8487.040000 0.093686 0
8490.400000 0.112432 0
8493.760000 0.104446 0
8497.120000 0.101358 0
8500.480000 0.130311 0
8503.840000 0.091334 0
8507.200000 0.109203 0
8510.560000 0.143260 0
8513.920000 0.114389 0
8517.280000 0.131382 0
8520.640000 0.126157 0
8524.000000 0.124153 0
8527.360000 0.108779 0
8530.720000 0.118635 0
8534.080000 0.106222 0
8537.440000 0.119246 0
8540.800000 0.137253 0
8544.160000 0.115236 0
8547.520000 0.139820 0
8550.880000 0.148327 0
8554.240000 0.115198 0
8557.600000 0.118186 0
8560.960000 0.133143 0
8564.320000 0.132438 0
8567.680000 0.123692 0
8571.040000 0.113263 0
8574.400000 0.136877 0
8577.760000 0.136636 0
8581.120000 0.131753 0
8584.480000 0.126456 0
8587.840000 0.125443 0
8591.200000 0.117328 0
8594.560000 0.101321 0
8597.920000 0.125660 0
8601.280000 0.108984 0
8604.640000 0.125168 0
8608.000000 0.107305 0
8611.360000 0.096486 0
8614.720000 0.120415 0
8618.080000 0.136663 0
8621.440000 0.149404 0
8624.800000 0.132315 0
8628.160000 0.140158 0
8631.520000 0.157574 0
8634.880000 0.138696 0
8638.240000 0.146078 0
8641.600000 0.128601 0
8644.960000 0.117366 0
8648.320000 0.114086 0
8651.680000 0.140301 0
8655.040000 0.147820 0
8658.400000 0.116033 0
8661.760000 0.147832 0
8665.120000 0.160189 0
8668.480000 0.115885 0
8671.840000 0.128367 0
8675.200000 0.154556 0
8678.560000 0.128496 0
8681.920000 0.134959 0
8685.280000 0.135879 0
8688.640000 0.119766 0
8692.000000 0.125732 0
8695.360000 0.115827 0
8698.720000 0.141130 0
8702.080000 0.117384 0
8705.440000 0.121893 0
8708.800000 0.119797 0
8712.160000 0.106502 0
8715.520000 0.108391 0
8718.880000 0.135203 0
8722.240000 0.119741 0
8725.600000 0.106158 0
8728.960000 0.123291 0
8732.320000 0.139202 0
8735.680000 0.134960 0
8739.040000 0.121089 0
8742.400000 0.132550 0
8745.760000 0.136738 0
8749.120000 0.119519 0
8752.480000 0.083618 0
8755.840000 0.118311 0
8759.200000 0.074743 0
8762.560000 0.168216 0
8765.920000 0.186021 0
8769.280000 0.135095 0
8772.640000 0.196270 0
8776.000000 0.170153 0
8779.360000 0.131561 0
8782.720000 0.164516 0
8786.080000 0.162200 0
8789.440000 0.171269 0
8792.800000 0.162819 0
8796.160000 0.175812 0
8799.520000 0.140886 0
8802.880000 0.119494 0
8806.240000 0.118148 0
8809.600000 0.125174 0
8812.960000 0.116908 0
8816.320000 0.110687 0
8819.680000 -0.024750 0
8823.040000 0.049676 0
8826.400000 0.090495 0
8829.760000 0.215318 0
8833.120000 0.326225 0
8836.480000 0.200724 0
8839.840000 0.133234 0
8843.200000 0.148983 0
8846.560000 0.152932 0
8849.920000 0.121421 0
8853.280000 0.142217 0
8856.640000 0.135012 0
8860.000000 0.093818 0
8863.360000 0.157745 0
8866.720000 0.123764 0
8870.080000 0.163179 0
8873.440000 0.156921 0
8876.800000 0.085324 0
8880.160000 0.079894 0
8883.520000 0.105487 0
8886.880000 0.112026 0
8890.240000 0.165407 0
8893.600000 0.177904 0
8896.960000 0.108372 0
8900.320000 0.109417 0
8903.680000 0.114483 0
8907.040000 0.148464 0
8910.400000 0.097459 0
8913.760000 0.051263 0
8917.120000 0.117015 0
8920.480000 0.086111 0
8923.840000 0.269988 0
8927.200000 0.152051 0
8930.560000 0.147355 0
8933.920000 0.104836 0
8937.280000 0.085187 0
8940.640000 0.057411 0
8944.000000 0.112623 0
8947.360000 0.120246 0
8950.720000 0.033612 0
8954.080000 0.092596 0
8957.440000 0.113059 0
8960.800000 0.159173 0
8964.160000 0.213871 0
8967.520000 0.140909 0
8970.880000 0.122965 0
8974.240000 0.125508 0
8977.600000 0.133302 0
8980.960000 0.107456 0
8984.320000 0.093738 0
8987.680000 0.099492 0
8991.040000 0.081845 0
8994.400000 0.106830 0
8997.760000 0.136237 0
9001.120000 0.137107 0
9004.480000 0.185334 0
9007.840000 0.159004 0
9011.200000 0.119088 0
9014.560000 0.139557 0
9017.920000 0.134313 0
9021.280000 0.132562 0
9024.640000 0.115566 0
9028.000000 0.124403 0
9031.360000 0.109162 0
9034.720000 0.139856 0
9038.080000 0.148301 0
9041.440000 0.161944 0
9044.800000 0.124966 0
9048.160000 0.047649 0
9051.520000 0.113160 0
9054.880000 0.201874 0
9058.240000 0.129647 0
9061.600000 0.102813 0
9064.960000 0.121848 0
9068.320000 0.133092 0
9071.680000 0.153349 0
9075.040000 0.142164 0
9078.400000 0.119899 0
9081.760000 0.114711 0
9085.120000 0.116316 0
9088.480000 0.129902 0
9091.840000 0.110170 0
9095.200000 0.117542 0
9098.560000 0.130705 0
9101.920000 0.085820 0
9105.280000 0.125041 0
9108.640000 0.148946 0
9112.000000 0.153493 0
9115.360000 0.136405 0
9118.720000 0.116801 0
9122.080000 0.125159 0
9125.440000 0.149001 0
9128.800000 0.119031 0
9132.160000 0.145902 0
9135.520000 0.128625 0
9138.880000 0.137964 0
9142.240000 0.131575 0
9145.600000 0.105281 0
9148.960000 0.124856 0
9152.320000 0.135987 0
9155.680000 0.138744 0
9159.040000 0.132606 0
9162.400000 0.121841 0
9165.760000 0.137776 0
9169.120000 0.115652 0
9172.480000 0.128837 0
9175.840000 0.127354 0
9179.200000 0.139864 0
9182.560000 0.126599 0
9185.920000 0.144995 0
9189.280000 0.146466 0
9192.640000 0.110115 0
9196.000000 0.141245 0
9199.360000 0.131817 0
9202.720000 0.115347 0
9206.080000 0.129448 0
9209.440000 0.146337 0
9212.800000 0.117056 0
9216.160000 0.149116 0
9219.520000 0.136654 0
9222.880000 0.131039 0
9226.240000 0.116484 0
9229.600000 0.122690 0
9232.960000 0.128395 0
9236.320000 0.120946 0
9239.680000 0.117618 0
9243.040000 0.142276 0
9246.400000 0.146132 0
9249.760000 0.139249 0
