# obs: 255754-58fits
# slit: 42
# z: 0.43551
# lines: [OII],H{beta},[OIII]
# spec: 264
4451.680000 0.000000 1
4455.040000 0.000000 1
4458.400000 0.000000 1
4461.760000 0.000000 1
4465.120000 0.000000 1
4468.480000 0.000000 1
4471.840000 0.000000 1
4475.200000 0.000000 1
4478.560000 0.000000 1
4481.920000 0.000000 1
4485.280000 0.000000 1
4488.640000 0.000000 1
4492.000000 0.000000 1
4495.360000 0.000000 1
4498.720000 0.000000 1
4502.080000 -0.032184 0
4505.440000 0.035664 0
4508.800000 0.015478 0
4512.160000 0.015921 0
4515.520000 0.012712 0
4518.880000 0.017342 0
4522.240000 0.020284 0
4525.600000 0.011339 0
4528.960000 0.022293 0
4532.320000 0.017114 0
4535.680000 0.008559 0
4539.040000 0.002964 0
4542.400000 0.018212 0
4545.760000 0.012518 0
4549.120000 0.016374 0
4552.480000 0.007760 0
4555.840000 0.010112 0
4559.200000 0.011865 0
4562.560000 0.013214 0
4565.920000 0.021436 0
4569.280000 0.008465 0
4572.640000 0.016430 0
4576.000000 0.008190 0
4579.360000 0.015803 0
4582.720000 0.011909 0
4586.080000 0.004565 0
4589.440000 0.008167 0
4592.800000 0.014497 0
4596.160000 0.013791 0
4599.520000 0.010943 0
4602.880000 0.010590 0
4606.240000 0.018061 0
4609.600000 0.018112 0
4612.960000 0.015353 0
4616.320000 0.022061 0
4619.680000 0.009220 0
4623.040000 0.016718 0
4626.400000 0.006798 0
4629.760000 0.003174 0
4633.120000 0.011810 0
4636.480000 0.006977 0
4639.840000 0.001154 0
4643.200000 0.015513 0
4646.560000 0.016015 0
4649.920000 0.007659 0
4653.280000 0.013830 0
4656.640000 0.018331 0
4660.000000 0.019609 0
4663.360000 0.005767 0
4666.720000 0.007271 0
4670.080000 0.023314 0
4673.440000 0.018114 0
4676.800000 0.011879 0
4680.160000 0.013125 0
4683.520000 0.013073 0
4686.880000 0.012560 0
4690.240000 0.010609 0
4693.600000 0.014359 0
4696.960000 0.013390 0
4700.320000 0.019413 0
4703.680000 0.013045 0
4707.040000 0.010558 0
4710.400000 0.016375 0
4713.760000 0.009447 0
4717.120000 0.005342 0
4720.480000 0.006370 0
4723.840000 0.013696 0
4727.200000 0.011958 0
4730.560000 0.012973 0
4733.920000 0.012686 0
4737.280000 0.013649 0
4740.640000 0.017627 0
4744.000000 0.015884 0
4747.360000 0.011042 0
4750.720000 0.006038 0
4754.080000 0.011357 0
4757.440000 0.007317 0
4760.800000 0.005677 0
4764.160000 0.007607 0
4767.520000 0.013197 0
4770.880000 0.012642 0
4774.240000 0.016418 0
4777.600000 0.018324 0
4780.960000 0.016015 0
4784.320000 0.013477 0
4787.680000 0.011627 0
4791.040000 0.012979 0
4794.400000 0.004458 0
4797.760000 0.013602 0
4801.120000 0.013818 0
4804.480000 0.004613 0
4807.840000 0.004307 0
4811.200000 0.013724 0
4814.560000 0.005054 0
4817.920000 0.012767 0
4821.280000 0.009672 0
4824.640000 0.009199 0
4828.000000 0.017122 0
4831.360000 0.011213 0
4834.720000 0.010770 0
4838.080000 0.015683 0
4841.440000 0.012859 0
4844.800000 0.015414 0
4848.160000 0.012728 0
4851.520000 0.014553 0
4854.880000 0.014524 0
4858.240000 0.009680 0
4861.600000 0.016127 0
4864.960000 0.009383 0
4868.320000 0.009295 0
4871.680000 0.007730 0
4875.040000 0.015751 0
4878.400000 0.009890 0
4881.760000 0.019418 0
4885.120000 0.013638 0
4888.480000 0.010706 0
4891.840000 0.014946 0
4895.200000 0.016477 0
4898.560000 0.020834 0
4901.920000 0.015472 0
4905.280000 0.009712 0
4908.640000 0.011752 0
4912.000000 0.009802 0
4915.360000 0.017215 0
4918.720000 0.011616 0
4922.080000 0.009215 0
4925.440000 0.012657 0
4928.800000 0.008222 0
4932.160000 0.010149 0
4935.520000 0.026360 0
4938.880000 0.016569 0
4942.240000 0.016580 0
4945.600000 0.016239 0
4948.960000 0.014567 0
4952.320000 0.004017 0
4955.680000 0.012709 0
4959.040000 0.013687 0
4962.400000 0.005505 0
4965.760000 0.003399 0
4969.120000 0.014996 0
4972.480000 0.014158 0
4975.840000 0.017705 0
4979.200000 0.012268 0
4982.560000 0.023390 0
4985.920000 0.013132 0
4989.280000 0.014550 0
4992.640000 0.020738 0
4996.000000 0.012643 0
4999.360000 0.018415 0
5002.720000 0.009718 0
5006.080000 0.015812 0
5009.440000 0.008553 0
5012.800000 0.009196 0
5016.160000 0.014806 0
5019.520000 0.016730 0
5022.880000 0.015115 0
5026.240000 0.005271 0
5029.600000 0.010468 0
5032.960000 0.010963 0
5036.320000 0.009932 0
5039.680000 0.016798 0
5043.040000 0.016153 0
5046.400000 0.009533 0
5049.760000 0.018374 0
5053.120000 0.010324 0
5056.480000 0.008398 0
5059.840000 0.014261 0
5063.200000 0.006149 0
5066.560000 0.008635 0
5069.920000 0.012603 0
5073.280000 0.014953 0
5076.640000 0.008010 0
5080.000000 0.009986 0
5083.360000 0.009418 0
5086.720000 0.011810 0
5090.080000 0.007634 0
5093.440000 0.013477 0
5096.800000 0.014275 0
5100.160000 0.016645 0
5103.520000 0.008780 0
5106.880000 0.007948 0
5110.240000 0.007163 0
5113.600000 0.009976 0
5116.960000 0.015738 0
5120.320000 0.012597 0
5123.680000 0.013048 0
5127.040000 0.006957 0
5130.400000 0.012236 0
5133.760000 0.006373 0
5137.120000 0.004814 0
5140.480000 0.009793 0
5143.840000 0.009745 0
5147.200000 0.015806 0
5150.560000 0.017741 0
5153.920000 0.014449 0
5157.280000 0.017401 0
5160.640000 0.011349 0
5164.000000 0.012013 0
5167.360000 0.019170 0
5170.720000 0.011565 0
5174.080000 0.014573 0
5177.440000 0.012523 0
5180.800000 0.006837 0
5184.160000 0.016092 0
5187.520000 0.018772 0
5190.880000 0.016793 0
5194.240000 0.011329 0
5197.600000 0.006081 0
5200.960000 0.015473 0
5204.320000 0.008637 0
5207.680000 0.011445 0
5211.040000 0.013523 0
5214.400000 0.018875 0
5217.760000 0.018741 0
5221.120000 0.011233 0
5224.480000 0.008288 0
5227.840000 0.016443 0
5231.200000 0.017644 0
5234.560000 0.010093 0
5237.920000 0.017939 0
5241.280000 0.016916 0
5244.640000 0.016753 0
5248.000000 0.016187 0
5251.360000 0.021108 0
5254.720000 0.010483 0
5258.080000 0.013310 0
5261.440000 0.013312 0
5264.800000 0.013396 0
5268.160000 0.015676 0
5271.520000 0.013267 0
5274.880000 0.009806 0
5278.240000 0.005020 0
5281.600000 0.014596 0
5284.960000 0.007521 0
5288.320000 0.012230 0
5291.680000 0.004306 0
5295.040000 0.011960 0
5298.400000 0.016910 0
5301.760000 0.007511 0
5305.120000 0.012839 0
5308.480000 0.022733 0
5311.840000 0.005788 0
5315.200000 0.007619 0
5318.560000 0.004234 0
5321.920000 0.016517 0
5325.280000 0.015548 0
5328.640000 0.011639 0
5332.000000 0.012915 0
5335.360000 0.011653 0
5338.720000 0.005772 0
5342.080000 0.017218 0
5345.440000 0.044708 0
5348.800000 0.089849 0
5352.160000 0.110185 0
5355.520000 0.095408 0
5358.880000 0.047378 0
5362.240000 0.021733 0
5365.600000 0.012408 0
5368.960000 0.009747 0
5372.320000 0.014369 0
5375.680000 0.015794 0
5379.040000 0.022517 0
5382.400000 0.015031 0
5385.760000 0.013319 0
5389.120000 0.013973 0
5392.480000 0.018028 0
5395.840000 0.009712 0
5399.200000 0.017054 0
5402.560000 0.017960 0
5405.920000 0.018336 0
5409.280000 0.019890 0
5412.640000 0.017574 0
5416.000000 0.022507 0
5419.360000 0.023556 0
5422.720000 0.016727 0
5426.080000 0.019913 0
5429.440000 0.021349 0
5432.800000 0.018921 0
5436.160000 0.012339 0
5439.520000 0.014900 0
5442.880000 0.013781 0
5446.240000 0.009064 0
5449.600000 0.018475 0
5452.960000 0.009461 0
5456.320000 0.013090 0
5459.680000 0.020267 0
5463.040000 0.018544 0
5466.400000 0.015165 0
5469.760000 0.016060 0
5473.120000 0.014555 0
5476.480000 0.013606 0
5479.840000 0.019713 0
5483.200000 0.021182 0
5486.560000 0.016666 0
5489.920000 0.015510 0
5493.280000 0.017045 0
5496.640000 0.016673 0
5500.000000 0.015345 0
5503.360000 0.009095 0
5506.720000 0.014856 0
5510.080000 0.017447 0
5513.440000 0.013263 0
5516.800000 0.017426 0
5520.160000 0.017591 0
5523.520000 0.017613 0
5526.880000 0.017390 0
5530.240000 0.018599 0
5533.600000 0.018461 0
5536.960000 0.016171 0
5540.320000 0.013759 0
5543.680000 0.013467 0
5547.040000 0.023432 0
5550.400000 0.021519 0
5553.760000 0.023503 0
5557.120000 0.024502 0
5560.480000 0.021936 1
5563.840000 0.020869 1
5567.200000 0.016620 1
5570.560000 -0.071858 1
5573.920000 -0.014968 1
5577.280000 0.023116 1
5580.640000 0.054006 1
5584.000000 0.093802 1
5587.360000 0.023786 1
5590.720000 0.014938 1
5594.080000 0.014205 1
5597.440000 0.020683 0
5600.800000 0.013668 0
5604.160000 0.009087 0
5607.520000 0.022306 0
5610.880000 0.022938 0
5614.240000 0.018606 0
5617.600000 0.015431 0
5620.960000 0.022251 0
5624.320000 0.019103 0
5627.680000 0.011287 0
5631.040000 0.012542 0
5634.400000 0.013579 0
5637.760000 0.013462 0
5641.120000 0.021939 0
5644.480000 0.011261 0
5647.840000 0.013823 0
5651.200000 0.012170 0
5654.560000 0.021165 0
5657.920000 0.014128 0
5661.280000 0.019924 0
5664.640000 0.018358 0
5668.000000 0.024571 0
5671.360000 0.021563 0
5674.720000 0.023719 0
5678.080000 0.014354 0
5681.440000 0.018906 0
5684.800000 0.017111 0
5688.160000 0.018398 0
5691.520000 0.019750 0
5694.880000 0.016447 0
5698.240000 0.012756 0
5701.600000 0.018630 0
5704.960000 0.011212 0
5708.320000 0.011574 0
5711.680000 0.016942 0
5715.040000 0.014609 0
5718.400000 0.011721 0
5721.760000 0.013625 0
5725.120000 0.023396 0
5728.480000 0.022747 0
5731.840000 0.021245 0
5735.200000 0.019070 0
5738.560000 0.021407 0
5741.920000 0.025689 0
5745.280000 0.023523 0
5748.640000 0.014567 0
5752.000000 0.014058 0
5755.360000 0.016984 0
5758.720000 0.022635 0
5762.080000 0.019980 0
5765.440000 0.016284 0
5768.800000 0.009017 0
5772.160000 0.018670 0
5775.520000 0.018025 0
5778.880000 0.018345 0
5782.240000 0.021442 0
5785.600000 0.019627 0
5788.960000 0.014641 0
5792.320000 0.015605 0
5795.680000 0.023672 0
5799.040000 0.026821 0
5802.400000 0.015597 0
5805.760000 0.019127 0
5809.120000 0.020717 0
5812.480000 0.027783 0
5815.840000 0.019583 0
5819.200000 0.024226 0
5822.560000 0.022104 0
5825.920000 0.018525 0
5829.280000 0.011420 0
5832.640000 0.021237 0
5836.000000 0.019952 0
5839.360000 0.023423 0
5842.720000 0.025027 0
5846.080000 0.023274 0
5849.440000 0.025609 0
5852.800000 0.019844 0
5856.160000 0.014120 0
5859.520000 0.009592 0
5862.880000 0.012803 0
5866.240000 0.017379 0
5869.600000 0.019240 0
5872.960000 0.023253 0
5876.320000 0.013846 0
5879.680000 0.018196 0
5883.040000 0.016841 0
5886.400000 0.025494 0
5889.760000 0.019665 0
5893.120000 0.033620 0
5896.480000 0.018385 0
5899.840000 0.012139 0
5903.200000 0.018237 0
5906.560000 0.026541 0
5909.920000 0.017627 0
5913.280000 0.001653 0
5916.640000 0.015313 0
5920.000000 0.029480 0
5923.360000 0.024472 0
5926.720000 0.022297 0
5930.080000 0.027880 0
5933.440000 0.019823 0
5936.800000 0.022734 0
5940.160000 0.024636 0
5943.520000 0.029758 0
5946.880000 0.016771 0
5950.240000 0.030215 0
5953.600000 0.030770 0
5956.960000 0.031668 0
5960.320000 0.018239 0
5963.680000 0.018126 0
5967.040000 0.021205 0
5970.400000 0.024184 0
5973.760000 0.031107 0
5977.120000 0.016675 0
5980.480000 0.026281 0
5983.840000 0.026715 0
5987.200000 0.023619 0
5990.560000 0.020796 0
5993.920000 0.017510 0
5997.280000 0.030749 0
6000.640000 0.020450 0
6004.000000 0.014986 0
6007.360000 0.017308 0
6010.720000 0.015900 0
6014.080000 0.022435 0
6017.440000 0.018865 0
6020.800000 0.017433 0
6024.160000 0.022578 0
6027.520000 0.015830 0
6030.880000 0.021598 0
6034.240000 0.028136 0
6037.600000 0.028709 0
6040.960000 0.015195 0
6044.320000 0.018718 0
6047.680000 0.020792 0
6051.040000 0.022043 0
6054.400000 0.023319 0
6057.760000 0.025649 0
6061.120000 0.020141 0
6064.480000 0.019549 0
6067.840000 0.011632 0
6071.200000 0.020014 0
6074.560000 0.020055 0
6077.920000 0.009040 0
6081.280000 0.025967 0
6084.640000 0.020735 0
6088.000000 0.020005 0
6091.360000 0.029144 0
6094.720000 0.021981 0
6098.080000 0.018674 0
6101.440000 0.018372 0
6104.800000 0.022850 0
6108.160000 0.018635 0
6111.520000 0.015186 0
6114.880000 0.015390 0
6118.240000 0.015716 0
6121.600000 0.016370 0
6124.960000 0.019426 0
6128.320000 0.019783 0
6131.680000 0.016771 0
6135.040000 0.019704 0
6138.400000 0.020866 0
6141.760000 0.019753 0
6145.120000 0.019521 0
6148.480000 0.022638 0
6151.840000 0.017847 0
6155.200000 0.023195 0
6158.560000 0.007286 0
6161.920000 0.011009 0
6165.280000 0.021482 0
6168.640000 0.011165 0
6172.000000 0.010721 0
6175.360000 0.015887 0
6178.720000 0.020800 0
6182.080000 0.020383 0
6185.440000 0.010524 0
6188.800000 0.010097 0
6192.160000 0.017240 0
6195.520000 0.013240 0
6198.880000 0.012361 0
6202.240000 0.018721 0
6205.600000 0.017608 0
6208.960000 0.013245 0
6212.320000 0.006094 0
6215.680000 0.006006 0
6219.040000 0.013618 0
6222.400000 0.012565 0
6225.760000 0.017938 0
6229.120000 0.020513 0
6232.480000 0.028065 0
6235.840000 0.036977 0
6239.200000 0.019677 0
6242.560000 0.012014 0
6245.920000 0.018966 0
6249.280000 0.016576 0
6252.640000 0.009878 0
6256.000000 0.018614 0
6259.360000 0.016722 0
6262.720000 0.012944 0
6266.080000 0.016427 0
6269.440000 0.013722 0
6272.800000 0.024181 0
6276.160000 0.019161 0
6279.520000 0.028407 0
6282.880000 0.021675 0
6286.240000 0.011025 0
6289.600000 0.019836 0
6292.960000 0.006088 0
6296.320000 0.019153 0
6299.680000 0.015445 0
6303.040000 0.007907 0
6306.400000 -0.005904 0
6309.760000 0.003536 0
6313.120000 0.023480 0
6316.480000 0.020958 0
6319.840000 0.016827 0
6323.200000 0.019778 0
6326.560000 0.010734 0
6329.920000 0.015380 0
6333.280000 0.009807 0
6336.640000 0.014799 0
6340.000000 0.010553 0
6343.360000 0.026957 0
6346.720000 0.021927 0
6350.080000 0.026383 0
6353.440000 0.022792 0
6356.800000 0.012573 0
6360.160000 0.001584 0
6363.520000 0.012301 0
6366.880000 0.021727 0
6370.240000 0.012569 0
6373.600000 0.016866 0
6376.960000 0.015832 0
6380.320000 0.018048 0
6383.680000 0.019353 0
6387.040000 0.021779 0
6390.400000 0.012700 0
6393.760000 0.015488 0
6397.120000 0.015110 0
6400.480000 0.018106 0
6403.840000 0.013185 0
6407.200000 0.013989 0
6410.560000 0.016783 0
6413.920000 0.016486 0
6417.280000 0.014746 0
6420.640000 0.019091 0
6424.000000 0.016329 0
6427.360000 0.021401 0
6430.720000 0.017318 0
6434.080000 0.015410 0
6437.440000 0.015414 0
6440.800000 0.014380 0
6444.160000 0.016389 0
6447.520000 0.016134 0
6450.880000 0.014142 0
6454.240000 0.011264 0
6457.600000 0.022570 0
6460.960000 0.021668 0
6464.320000 0.031394 0
6467.680000 0.016301 0
6471.040000 0.019835 0
6474.400000 0.015296 0
6477.760000 0.014882 0
6481.120000 0.013002 0
6484.480000 0.011964 0
6487.840000 0.018662 0
6491.200000 0.023414 0
6494.560000 0.033927 0
6497.920000 0.024549 0
6501.280000 0.015775 0
6504.640000 0.009425 0
6508.000000 0.011241 0
6511.360000 0.010091 0
6514.720000 0.013494 0
6518.080000 0.008696 0
6521.440000 0.023627 0
6524.800000 0.023958 0
6528.160000 0.025009 0
6531.520000 0.011003 0
6534.880000 0.016311 0
6538.240000 0.029428 0
6541.600000 0.011682 0
6544.960000 0.016019 0
6548.320000 0.013010 0
6551.680000 0.021534 0
6555.040000 0.008564 0
6558.400000 -0.002741 0
6561.760000 0.017357 0
6565.120000 0.010706 0
6568.480000 0.028164 0
6571.840000 0.017847 0
6575.200000 0.020055 0
6578.560000 0.013774 0
6581.920000 0.008911 0
6585.280000 0.008223 0
6588.640000 0.018381 0
6592.000000 0.015694 0
6595.360000 0.023799 0
6598.720000 0.021465 0
6602.080000 0.010844 0
6605.440000 0.021657 0
6608.800000 0.014740 0
6612.160000 0.017384 0
6615.520000 0.016500 0
6618.880000 0.009285 0
6622.240000 0.013647 0
6625.600000 0.015635 0
6628.960000 0.014873 0
6632.320000 0.014818 0
6635.680000 0.013568 0
6639.040000 0.010087 0
6642.400000 0.010875 0
6645.760000 0.014153 0
6649.120000 0.011042 0
6652.480000 0.013618 0
6655.840000 0.018047 0
6659.200000 0.018346 0
6662.560000 0.008945 0
6665.920000 0.014567 0
6669.280000 0.013615 0
6672.640000 0.015431 0
6676.000000 0.015341 0
6679.360000 0.017200 0
6682.720000 0.020962 0
6686.080000 0.019947 0
6689.440000 0.021933 0
6692.800000 0.015614 0
6696.160000 0.018016 0
6699.520000 0.009292 0
6702.880000 0.013915 0
6706.240000 0.014003 0
6709.600000 0.016078 0
6712.960000 0.020695 0
6716.320000 0.014373 0
6719.680000 0.014152 0
6723.040000 0.018845 0
6726.400000 0.017338 0
6729.760000 0.017447 0
6733.120000 0.015494 0
6736.480000 0.014092 0
6739.840000 0.017236 0
6743.200000 0.018206 0
6746.560000 0.019685 0
6749.920000 0.020713 0
6753.280000 0.012853 0
6756.640000 0.012137 0
6760.000000 0.008719 0
6763.360000 0.010052 0
6766.720000 0.011550 0
6770.080000 0.009324 0
6773.440000 0.011252 0
6776.800000 0.013632 0
6780.160000 0.012069 0
6783.520000 0.016494 0
6786.880000 0.020929 0
6790.240000 0.017645 0
6793.600000 0.013795 0
6796.960000 0.016410 0
6800.320000 0.016851 0
6803.680000 0.012965 0
6807.040000 0.014315 0
6810.400000 0.012275 0
6813.760000 0.009633 0
6817.120000 0.013685 1
6820.480000 0.018923 1
6823.840000 0.024663 1
6827.200000 0.040079 1
6830.560000 0.018804 1
6833.920000 0.003023 1
6837.280000 0.009452 1
6840.640000 0.008220 0
6844.000000 0.020710 0
6847.360000 0.019278 0
6850.720000 0.015085 0
6854.080000 0.014836 0
6857.440000 0.022233 0
6860.800000 0.021151 0
6864.160000 0.015592 0
6867.520000 -0.003343 0
6870.880000 -0.003073 0
6874.240000 0.008487 0
6877.600000 0.013716 0
6880.960000 0.014349 0
6884.320000 0.012976 0
6887.680000 0.009362 0
6891.040000 0.016190 0
6894.400000 0.016528 0
6897.760000 0.011846 0
6901.120000 0.010022 0
6904.480000 0.016823 0
6907.840000 0.009025 0
6911.200000 0.012948 0
6914.560000 0.025450 0
6917.920000 0.023213 0
6921.280000 0.010246 0
6924.640000 0.007888 0
6928.000000 0.010975 0
6931.360000 0.008751 0
6934.720000 0.025614 0
6938.080000 0.021508 0
6941.440000 0.017187 0
6944.800000 0.007587 0
6948.160000 0.023369 0
6951.520000 0.021664 0
6954.880000 -0.000458 0
6958.240000 0.013077 0
6961.600000 0.013776 0
6964.960000 0.011551 0
6968.320000 0.008558 0
6971.680000 0.026381 0
6975.040000 0.027273 0
6978.400000 0.049161 0
6981.760000 0.032302 0
6985.120000 0.018194 0
6988.480000 0.012224 0
6991.840000 0.007863 0
6995.200000 0.023090 0
6998.560000 0.015107 0
7001.920000 0.012241 0
7005.280000 0.008439 0
7008.640000 0.013583 0
7012.000000 0.013582 0
7015.360000 0.017033 0
7018.720000 0.013927 0
7022.080000 0.020360 0
7025.440000 0.024207 0
7028.800000 0.021686 0
7032.160000 0.017017 0
7035.520000 0.014794 0
7038.880000 0.016163 0
7042.240000 0.023794 0
7045.600000 0.007856 0
7048.960000 0.021133 0
7052.320000 0.014940 0
7055.680000 0.010684 0
7059.040000 0.012961 0
7062.400000 0.011227 0
7065.760000 0.013970 0
7069.120000 0.018215 0
7072.480000 0.020453 0
7075.840000 0.017994 0
7079.200000 0.022886 0
7082.560000 0.013300 0
7085.920000 0.015606 0
7089.280000 0.011069 0
7092.640000 0.017944 0
7096.000000 0.015393 0
7099.360000 0.014526 0
7102.720000 0.009333 0
7106.080000 0.008330 0
7109.440000 0.011052 0
7112.800000 0.025957 0
7116.160000 0.043436 0
7119.520000 0.049811 0
7122.880000 0.041613 0
7126.240000 0.016893 0
7129.600000 0.016702 0
7132.960000 0.013531 0
7136.320000 0.013520 0
7139.680000 0.017143 0
7143.040000 0.013549 0
7146.400000 0.018818 0
7149.760000 0.016083 0
7153.120000 0.011840 0
7156.480000 0.013509 0
7159.840000 0.018340 0
7163.200000 0.013369 0
7166.560000 0.008210 0
7169.920000 0.014629 0
7173.280000 0.018239 0
7176.640000 0.014397 0
7180.000000 0.033742 0
7183.360000 0.043910 0
7186.720000 0.072103 0
7190.080000 0.109589 0
7193.440000 0.054113 0
7196.800000 0.016547 0
7200.160000 0.015681 0
7203.520000 0.016527 0
7206.880000 0.010164 0
7210.240000 0.008332 0
7213.600000 0.012582 0
7216.960000 0.010968 0
7220.320000 0.017388 0
7223.680000 0.015765 0
7227.040000 0.013228 0
7230.400000 0.021287 0
7233.760000 0.026755 0
7237.120000 0.003901 0
7240.480000 0.003203 0
7243.840000 -0.003578 0
7247.200000 0.030843 0
7250.560000 0.013410 0
7253.920000 0.015807 0
7257.280000 0.006746 0
7260.640000 0.010491 0
7264.000000 0.006098 0
7267.360000 0.021025 0
7270.720000 0.017937 0
7274.080000 0.000495 0
7277.440000 0.034143 0
7280.800000 0.023080 0
7284.160000 0.013500 0
7287.520000 0.008196 0
7290.880000 0.011253 0
7294.240000 0.014714 0
7297.600000 0.015379 0
7300.960000 0.021219 0
7304.320000 0.003707 0
7307.680000 0.031661 0
7311.040000 0.030054 0
7314.400000 0.016378 0
7317.760000 0.024598 0
7321.120000 0.012308 0
7324.480000 -0.012072 0
7327.840000 0.004427 0
7331.200000 0.000525 0
7334.560000 0.010760 0
7337.920000 0.029331 0
7341.280000 0.019359 0
7344.640000 0.012447 0
7348.000000 0.020689 0
7351.360000 0.025950 0
7354.720000 0.005308 0
7358.080000 0.003298 0
7361.440000 0.006893 0
7364.800000 -0.004009 0
7368.160000 0.017439 0
7371.520000 0.013983 0
7374.880000 0.010831 0
7378.240000 0.011324 0
7381.600000 0.016914 0
7384.960000 0.022480 0
7388.320000 0.009441 0
7391.680000 0.026400 0
7395.040000 0.025392 0
7398.400000 0.000107 0
7401.760000 0.025500 0
7405.120000 0.003888 0
7408.480000 0.013629 0
7411.840000 0.016217 0
7415.200000 0.015313 0
7418.560000 0.002321 0
7421.920000 0.016232 0
7425.280000 0.012266 0
7428.640000 0.012536 0
7432.000000 0.008468 0
7435.360000 0.010407 0
7438.720000 0.018528 0
7442.080000 0.023513 0
7445.440000 0.013556 0
7448.800000 0.016862 0
7452.160000 0.007335 0
7455.520000 0.012542 0
7458.880000 0.015496 0
7462.240000 0.017876 0
7465.600000 0.019823 0
7468.960000 0.023354 0
7472.320000 0.017510 0
7475.680000 -0.000945 0
7479.040000 0.016318 0
7482.400000 0.016604 0
7485.760000 0.020636 0
7489.120000 0.012054 0
7492.480000 0.014605 0
7495.840000 0.024142 0
7499.200000 0.021235 0
7502.560000 0.006922 0
7505.920000 0.013954 0
7509.280000 0.013345 0
7512.640000 0.018480 0
7516.000000 0.014109 0
7519.360000 0.029440 0
7522.720000 0.019189 0
7526.080000 -0.004909 0
7529.440000 0.032633 0
7532.800000 0.019256 0
7536.160000 0.004539 0
7539.520000 0.006911 0
7542.880000 0.009785 0
7546.240000 0.012149 0
7549.600000 0.012228 0
7552.960000 0.003745 0
7556.320000 0.014276 0
7559.680000 0.012389 0
7563.040000 0.016709 0
7566.400000 -0.001676 0
7569.760000 0.007456 0
7573.120000 0.025005 0
7576.480000 0.004754 0
7579.840000 0.006247 0
7583.200000 0.008502 0
7586.560000 0.015850 0
7589.920000 0.006421 0
7593.280000 0.014444 0
7596.640000 0.020787 0
7600.000000 0.018770 0
7603.360000 0.016852 0
7606.720000 0.003602 0
7610.080000 0.021508 0
7613.440000 0.025933 0
7616.800000 0.027234 0
7620.160000 0.013581 0
7623.520000 0.006361 0
7626.880000 0.014468 0
7630.240000 0.022343 0
7633.600000 0.019246 0
7636.960000 0.008657 0
7640.320000 0.020542 0
7643.680000 0.024884 0
7647.040000 0.011910 0
7650.400000 0.010959 0
7653.760000 0.015448 0
7657.120000 0.018757 0
7660.480000 0.006682 0
7663.840000 0.010021 0
7667.200000 0.019634 0
7670.560000 0.013512 0
7673.920000 0.009225 0
7677.280000 0.010311 0
7680.640000 0.011829 0
7684.000000 0.007874 0
7687.360000 0.004867 0
7690.720000 0.012373 0
7694.080000 0.005638 0
7697.440000 0.015101 0
7700.800000 0.012969 0
7704.160000 0.010399 0
7707.520000 -0.021649 0
7710.880000 -0.027203 0
7714.240000 0.016572 0
7717.600000 0.014941 0
7720.960000 0.049883 0
7724.320000 0.020943 0
7727.680000 0.011963 0
7731.040000 0.011443 0
7734.400000 0.013403 0
7737.760000 0.015957 0
7741.120000 0.019927 0
7744.480000 -0.001615 0
7747.840000 -0.010796 0
7751.200000 0.017977 0
7754.560000 0.020379 0
7757.920000 0.040614 0
7761.280000 -0.002779 0
7764.640000 0.012534 0
7768.000000 -0.001947 0
7771.360000 -0.002801 0
7774.720000 -0.010326 0
7778.080000 -0.010051 0
7781.440000 0.022329 0
7784.800000 0.010304 0
7788.160000 -0.002711 0
7791.520000 0.004255 0
7794.880000 0.017246 0
7798.240000 0.012734 0
7801.600000 0.004752 0
7804.960000 0.004591 0
7808.320000 0.008433 0
7811.680000 0.013165 0
7815.040000 -0.002845 0
7818.400000 0.026437 0
7821.760000 0.045424 0
7825.120000 0.029048 0
7828.480000 0.022180 0
7831.840000 0.007022 0
7835.200000 -0.001165 0
7838.560000 -0.007185 0
7841.920000 0.011001 0
7845.280000 0.012209 0
7848.640000 -0.018246 0
7852.000000 0.004257 0
7855.360000 -0.000734 0
7858.720000 0.028012 0
7862.080000 0.004969 0
7865.440000 0.004907 0
7868.800000 0.024859 0
7872.160000 0.038212 0
7875.520000 0.025327 0
7878.880000 0.017826 0
7882.240000 -0.004614 0
7885.600000 -0.006477 0
7888.960000 0.019512 0
7892.320000 0.036046 0
7895.680000 0.002095 0
7899.040000 0.004115 0
7902.400000 0.015232 0
7905.760000 0.004949 0
7909.120000 -0.003751 0
7912.480000 -0.022407 0
7915.840000 -0.037345 0
7919.200000 0.033146 0
7922.560000 -0.000296 0
7925.920000 0.025070 0
7929.280000 0.027172 0
7932.640000 0.018211 0
7936.000000 0.027479 0
7939.360000 0.018607 0
7942.720000 0.019882 0
7946.080000 -0.005034 0
7949.440000 0.010514 0
7952.800000 0.013901 0
7956.160000 0.022625 0
7959.520000 0.029658 0
7962.880000 -0.015404 0
7966.240000 0.006126 0
7969.600000 0.021659 0
7972.960000 0.018971 0
7976.320000 0.004431 0
7979.680000 0.015664 0
7983.040000 -0.010459 0
7986.400000 0.001528 0
7989.760000 0.014991 0
7993.120000 0.036380 0
7996.480000 0.017343 0
7999.840000 0.050782 0
8003.200000 0.008621 0
8006.560000 0.009470 0
8009.920000 0.029480 0
8013.280000 -0.000379 0
8016.640000 0.017035 0
8020.000000 0.010165 0
8023.360000 -0.004619 0
8026.720000 -0.001635 0
8030.080000 0.005058 0
8033.440000 0.017800 0
8036.800000 0.002495 0
8040.160000 0.012831 0
8043.520000 0.012872 0
8046.880000 0.014866 0
8050.240000 0.007789 0
8053.600000 0.006263 0
8056.960000 -0.003968 0
8060.320000 0.005418 0
8063.680000 0.005509 0
8067.040000 0.004898 0
8070.400000 0.024603 0
8073.760000 0.017637 0
8077.120000 0.022599 0
8080.480000 0.025226 0
8083.840000 0.014447 0
8087.200000 0.010339 0
8090.560000 0.014623 0
8093.920000 0.002468 0
8097.280000 0.011911 0
8100.640000 0.022018 0
8104.000000 0.003995 0
8107.360000 0.008909 0
8110.720000 0.010862 0
8114.080000 0.011633 0
8117.440000 0.010677 0
8120.800000 0.015270 0
8124.160000 0.005959 0
8127.520000 0.017699 0
8130.880000 0.019300 0
8134.240000 0.011519 0
8137.600000 0.010053 0
8140.960000 0.009703 0
8144.320000 0.010558 0
8147.680000 0.009373 0
8151.040000 0.014753 0
8154.400000 0.006647 0
8157.760000 0.008909 0
8161.120000 0.009651 0
8164.480000 0.004511 0
8167.840000 0.011296 0
8171.200000 0.011539 0
8174.560000 0.008091 0
8177.920000 0.013052 0
8181.280000 0.012234 0
8184.640000 0.008993 0
8188.000000 0.016540 0
8191.360000 0.013792 0
8194.720000 0.013446 0
8198.080000 0.015148 0
8201.440000 0.012250 0
8204.800000 0.003007 0
8208.160000 0.008313 0
8211.520000 0.000242 0
8214.880000 0.004675 0
8218.240000 0.007153 0
8221.600000 0.007851 0
8224.960000 0.006961 0
8228.320000 0.017205 0
8231.680000 0.003419 0
8235.040000 0.020988 0
8238.400000 0.016742 0
8241.760000 0.012731 0
8245.120000 0.006742 0
8248.480000 0.009439 0
8251.840000 0.014916 0
8255.200000 0.011851 0
8258.560000 0.012330 0
8261.920000 0.011872 0
8265.280000 0.000664 0
8268.640000 0.005761 0
8272.000000 0.012050 0
8275.360000 -0.017794 0
8278.720000 0.024908 0
8282.080000 0.011001 0
8285.440000 -0.000516 0
8288.800000 0.016705 0
8292.160000 -0.012825 0
8295.520000 0.023135 0
8298.880000 0.015394 0
8302.240000 0.023783 0
8305.600000 -0.014887 0
8308.960000 0.005686 0
8312.320000 0.015252 0
8315.680000 -0.014530 0
8319.040000 0.007462 0
8322.400000 0.011381 0
8325.760000 0.016481 0
8329.120000 0.012910 0
8332.480000 0.002460 0
8335.840000 0.002049 0
8339.200000 0.044918 0
8342.560000 0.015816 0
8345.920000 -0.015838 0
8349.280000 -0.019339 0
8352.640000 0.006764 0
8356.000000 0.001786 0
8359.360000 0.003273 0
8362.720000 0.024373 0
8366.080000 0.018064 0
8369.440000 -0.008844 0
8372.800000 -0.001226 0
8376.160000 0.010356 0
8379.520000 -0.000557 0
8382.880000 0.008128 0
8386.240000 0.014563 0
8389.600000 -0.039221 0
8392.960000 0.003032 0
8396.320000 0.002320 0
8399.680000 0.007659 0
8403.040000 0.015997 0
8406.400000 0.016080 0
8409.760000 0.019791 0
8413.120000 0.004375 0
8416.480000 -0.002936 0
8419.840000 0.004600 0
8423.200000 0.008052 0
8426.560000 0.022110 0
8429.920000 0.039783 0
8433.280000 0.037546 0
8436.640000 0.015532 0
8440.000000 0.007150 0
8443.360000 -0.017601 0
8446.720000 0.012332 0
8450.080000 0.023769 0
8453.440000 0.011217 0
8456.800000 -0.000441 0
8460.160000 0.004938 0
8463.520000 0.024362 0
8466.880000 0.022062 0
8470.240000 -0.000127 0
8473.600000 -0.006215 0
8476.960000 0.012062 0
8480.320000 0.008087 0
8483.680000 0.006878 0
8487.040000 0.011257 0
8490.400000 0.030426 0
8493.760000 0.017359 0
8497.120000 0.011478 0
8500.480000 -0.004457 0
8503.840000 0.010243 0
8507.200000 0.012906 0
8510.560000 -0.007806 0
8513.920000 0.012536 0
8517.280000 0.000774 0
8520.640000 0.003765 0
8524.000000 0.006046 0
8527.360000 0.012580 0
8530.720000 0.021222 0
8534.080000 0.015320 0
8537.440000 0.015377 0
8540.800000 0.011341 0
8544.160000 0.000847 0
8547.520000 0.024320 0
8550.880000 0.028387 0
8554.240000 -0.007224 0
8557.600000 0.006357 0
8560.960000 0.005514 0
8564.320000 0.004317 0
8567.680000 0.010333 0
8571.040000 0.005452 0
8574.400000 0.010863 0
8577.760000 0.008704 0
8581.120000 0.019740 0
8584.480000 0.007403 0
8587.840000 0.006975 0
8591.200000 0.008927 0
8594.560000 0.013199 0
8597.920000 0.018233 0
8601.280000 0.004672 0
8604.640000 0.006917 0
8608.000000 0.007856 0
8611.360000 0.036940 0
8614.720000 0.036536 0
8618.080000 0.031373 0
8621.440000 0.028755 0
8624.800000 0.013107 0
8628.160000 0.024770 0
8631.520000 0.010125 0
8634.880000 -0.004286 0
8638.240000 0.001585 0
8641.600000 0.014050 0
8644.960000 0.005302 0
8648.320000 0.010947 0
8651.680000 -0.023751 0
8655.040000 -0.000805 0
8658.400000 0.027761 0
8661.760000 0.026550 0
8665.120000 0.006240 0
8668.480000 0.028350 0
8671.840000 0.011333 0
8675.200000 0.001956 0
8678.560000 0.012123 0
8681.920000 0.034804 0
8685.280000 0.020771 0
8688.640000 -0.002999 0
8692.000000 0.006171 0
8695.360000 0.014016 0
8698.720000 0.012401 0
8702.080000 0.009515 0
8705.440000 0.004413 0
8708.800000 -0.001899 0
8712.160000 0.009798 0
8715.520000 0.012598 0
8718.880000 0.014899 0
8722.240000 0.004294 0
8725.600000 -0.001465 0
8728.960000 -0.003046 0
8732.320000 -0.009943 0
8735.680000 0.013914 0
8739.040000 0.019724 0
8742.400000 0.011493 0
8745.760000 -0.003813 0
8749.120000 0.008903 0
8752.480000 0.015533 0
8755.840000 0.059399 0
8759.200000 0.102569 0
8762.560000 0.032359 0
8765.920000 -0.018900 0
8769.280000 0.036607 0
8772.640000 -0.001829 0
8776.000000 0.029256 0
8779.360000 0.004126 0
8782.720000 -0.020219 0
8786.080000 -0.006025 0
8789.440000 0.016414 0
8792.800000 0.025466 0
8796.160000 -0.000450 0
8799.520000 -0.016201 0
8802.880000 -0.006621 0
8806.240000 0.011355 0
8809.600000 -0.002642 0
8812.960000 -0.005869 0
8816.320000 0.002932 0
8819.680000 0.009065 0
8823.040000 0.021212 0
8826.400000 0.003042 0
8829.760000 -0.009708 0
8833.120000 -0.108005 0
8836.480000 -0.037653 0
8839.840000 -0.062110 0
8843.200000 -0.035438 0
8846.560000 0.015410 0
8849.920000 0.012287 0
8853.280000 0.005697 0
8856.640000 0.003293 0
8860.000000 -0.001362 0
8863.360000 0.029060 0
8866.720000 0.012649 0
8870.080000 -0.004969 0
8873.440000 -0.016386 0
8876.800000 0.014209 0
8880.160000 0.063350 0
8883.520000 -0.059133 0
8886.880000 -0.005364 0
8890.240000 -0.037223 0
8893.600000 -0.058799 0
8896.960000 0.024268 0
8900.320000 0.011795 0
8903.680000 -0.011166 0
8907.040000 -0.034269 0
8910.400000 -0.010871 0
8913.760000 -0.022783 0
8917.120000 0.011655 0
8920.480000 -0.046278 0
8923.840000 -0.074303 0
8927.200000 -0.095962 0
8930.560000 -0.004968 0
8933.920000 0.006449 0
8937.280000 0.039672 0
8940.640000 0.015639 0
8944.000000 -0.022796 0
8947.360000 0.022605 0
8950.720000 0.011172 0
8954.080000 -0.001127 0
8957.440000 0.013145 0
8960.800000 0.017685 0
8964.160000 -0.055723 0
8967.520000 -0.001868 0
8970.880000 -0.009329 0
8974.240000 0.009954 0
8977.600000 0.013641 0
8980.960000 0.015612 0
8984.320000 0.017980 0
8987.680000 0.022608 0
8991.040000 0.012519 0
8994.400000 0.034118 0
8997.760000 0.025863 0
9001.120000 0.033164 0
9004.480000 0.002094 0
9007.840000 -0.008149 0
9011.200000 0.009312 0
9014.560000 0.008387 0
9017.920000 -0.004284 0
9021.280000 0.015338 0
9024.640000 0.008511 0
9028.000000 0.009573 0
9031.360000 0.020630 0
9034.720000 0.001669 0
9038.080000 0.014975 0
9041.440000 0.026089 0
9044.800000 -0.005587 0
9048.160000 0.007500 0
9051.520000 0.020224 0
9054.880000 0.006055 0
9058.240000 0.005323 0
9061.600000 0.008237 0
9064.960000 0.015504 0
9068.320000 0.017382 0
9071.680000 0.000356 0
9075.040000 -0.000858 0
9078.400000 0.005239 0
9081.760000 0.007177 0
9085.120000 0.020341 0
9088.480000 0.001165 0
9091.840000 -0.019886 0
9095.200000 -0.009618 0
9098.560000 0.005130 0
9101.920000 -0.008417 0
9105.280000 0.016567 0
9108.640000 0.021191 0
9112.000000 0.002801 0
9115.360000 0.012061 0
9118.720000 0.006334 0
9122.080000 0.001000 0
9125.440000 -0.005887 0
9128.800000 0.000859 0
9132.160000 0.005424 0
9135.520000 0.010429 0
9138.880000 0.017515 0
9142.240000 0.007746 0
9145.600000 -0.007422 0
9148.960000 0.019283 0
9152.320000 0.009013 0
9155.680000 -0.006941 0
9159.040000 0.015341 0
9162.400000 0.015972 0
9165.760000 0.020121 0
9169.120000 0.017893 0
9172.480000 0.000165 0
9175.840000 0.012481 0
9179.200000 0.007945 0
9182.560000 0.004338 0
9185.920000 -0.000642 0
9189.280000 0.001845 0
9192.640000 0.022126 0
9196.000000 0.007941 0
9199.360000 0.000137 0
9202.720000 0.012967 0
9206.080000 0.019281 0
9209.440000 0.008074 0
9212.800000 -0.004203 0
9216.160000 0.022842 0
9219.520000 0.015384 0
9222.880000 0.013244 0
9226.240000 0.014186 0
9229.600000 0.002372 0
9232.960000 0.008659 0
9236.320000 0.015365 0
9239.680000 0.012561 0
9243.040000 0.000596 0
9246.400000 0.004643 0
9249.760000 0.011117 0
