# obs: 255710
# slit: 11
# z: 0.80238
# lines: MgII,[OII],H{beta},[OIII]
# spec: 395
4451.680000 0.000000 1
4455.040000 0.000000 1
4458.400000 0.000000 1
4461.760000 0.000000 1
4465.120000 0.000000 1
4468.480000 0.000000 1
4471.840000 0.000000 1
4475.200000 0.000000 1
4478.560000 0.000000 1
4481.920000 0.000000 1
4485.280000 0.000000 1
4488.640000 0.000000 1
4492.000000 0.000000 1
4495.360000 0.000000 1
4498.720000 0.000000 1
4502.080000 0.000000 1
4505.440000 0.000000 1
4508.800000 0.000000 1
4512.160000 0.000000 1
4515.520000 0.000000 1
4518.880000 0.000000 1
4522.240000 0.004650 0
4525.600000 0.067345 0
4528.960000 0.050560 0
4532.320000 0.046509 0
4535.680000 0.035534 0
4539.040000 0.029698 0
4542.400000 0.032906 0
4545.760000 0.033299 0
4549.120000 0.056522 0
4552.480000 0.052186 0
4555.840000 0.043700 0
4559.200000 0.062907 0
4562.560000 0.074749 0
4565.920000 0.046319 0
4569.280000 0.033574 0
4572.640000 0.037912 0
4576.000000 0.035930 0
4579.360000 0.045955 0
4582.720000 0.050181 0
4586.080000 0.039984 0
4589.440000 0.056353 0
4592.800000 0.056681 0
4596.160000 0.055487 0
4599.520000 0.023576 0
4602.880000 0.032685 0
4606.240000 0.067044 0
4609.600000 0.028453 0
4612.960000 0.048917 0
4616.320000 0.051740 0
4619.680000 0.061029 0
4623.040000 0.055077 0
4626.400000 0.050532 0
4629.760000 0.048533 0
4633.120000 0.048716 0
4636.480000 0.052822 0
4639.840000 0.049185 0
4643.200000 0.045422 0
4646.560000 0.041769 0
4649.920000 0.043739 0
4653.280000 0.055021 0
4656.640000 0.056688 0
4660.000000 0.020338 0
4663.360000 0.015018 0
4666.720000 0.050730 0
4670.080000 0.060101 0
4673.440000 0.066449 0
4676.800000 0.024587 0
4680.160000 0.039741 0
4683.520000 0.022541 0
4686.880000 0.019085 0
4690.240000 0.033277 0
4693.600000 0.010399 0
4696.960000 0.029026 0
4700.320000 0.055944 0
4703.680000 0.032668 0
4707.040000 0.029147 0
4710.400000 0.038301 0
4713.760000 0.041965 0
4717.120000 0.037748 0
4720.480000 0.048958 0
4723.840000 0.030385 0
4727.200000 0.032154 0
4730.560000 0.058747 0
4733.920000 0.045540 0
4737.280000 0.055046 0
4740.640000 0.060829 0
4744.000000 0.058504 0
4747.360000 0.047721 0
4750.720000 0.050342 0
4754.080000 0.057577 0
4757.440000 0.040554 0
4760.800000 0.041191 0
4764.160000 0.029892 0
4767.520000 0.038563 0
4770.880000 0.045301 0
4774.240000 0.054214 0
4777.600000 0.039165 0
4780.960000 0.032155 0
4784.320000 0.035128 0
4787.680000 0.044993 0
4791.040000 0.039458 0
4794.400000 0.032258 0
4797.760000 0.041883 0
4801.120000 0.035976 0
4804.480000 0.020810 0
4807.840000 0.046146 0
4811.200000 0.036072 0
4814.560000 0.051908 0
4817.920000 0.029801 0
4821.280000 0.041736 0
4824.640000 0.026710 0
4828.000000 0.021357 0
4831.360000 0.038227 0
4834.720000 0.044012 0
4838.080000 0.040725 0
4841.440000 0.055143 0
4844.800000 0.049742 0
4848.160000 0.030890 0
4851.520000 0.051652 0
4854.880000 0.035709 0
4858.240000 0.021101 0
4861.600000 0.039965 0
4864.960000 0.042261 0
4868.320000 0.058014 0
4871.680000 0.033774 0
4875.040000 0.031135 0
4878.400000 0.051247 0
4881.760000 0.047838 0
4885.120000 0.037958 0
4888.480000 0.040311 0
4891.840000 0.030750 0
4895.200000 0.045070 0
4898.560000 0.035444 0
4901.920000 0.027068 0
4905.280000 0.051358 0
4908.640000 0.046773 0
4912.000000 0.027186 0
4915.360000 0.029208 0
4918.720000 0.025273 0
4922.080000 0.046858 0
4925.440000 0.042257 0
4928.800000 0.038734 0
4932.160000 0.034438 0
4935.520000 0.040422 0
4938.880000 0.049574 0
4942.240000 0.037638 0
4945.600000 0.044699 0
4948.960000 0.040665 0
4952.320000 0.025403 0
4955.680000 0.042000 0
4959.040000 0.042268 0
4962.400000 0.029224 0
4965.760000 0.057541 0
4969.120000 0.048758 0
4972.480000 0.022472 0
4975.840000 0.028320 0
4979.200000 0.045045 0
4982.560000 0.032873 0
4985.920000 0.055663 0
4989.280000 0.058595 0
4992.640000 0.051899 0
4996.000000 0.053915 0
4999.360000 0.059614 0
5002.720000 0.036910 0
5006.080000 0.037141 0
5009.440000 0.051707 0
5012.800000 0.049556 0
5016.160000 0.038985 0
5019.520000 0.048863 0
5022.880000 0.046888 0
5026.240000 0.050574 0
5029.600000 0.043152 0
5032.960000 0.034883 0
5036.320000 0.030636 0
5039.680000 0.030432 0
5043.040000 0.020679 0
5046.400000 0.026206 0
5049.760000 0.036704 0
5053.120000 0.027940 0
5056.480000 0.025291 0
5059.840000 0.032113 0
5063.200000 0.033063 0
5066.560000 0.024268 0
5069.920000 0.031126 0
5073.280000 0.036240 0
5076.640000 0.046084 0
5080.000000 0.038054 0
5083.360000 0.059407 0
5086.720000 0.033695 0
5090.080000 0.025738 0
5093.440000 0.034178 0
5096.800000 0.023134 0
5100.160000 0.024773 0
5103.520000 0.029888 0
5106.880000 0.038381 0
5110.240000 0.049186 0
5113.600000 0.040521 0
5116.960000 0.037380 0
5120.320000 0.045260 0
5123.680000 0.034886 0
5127.040000 0.044978 0
5130.400000 0.039847 0
5133.760000 0.044586 0
5137.120000 0.034847 0
5140.480000 0.033365 0
5143.840000 0.030218 0
5147.200000 0.024843 0
5150.560000 0.044597 0
5153.920000 0.015979 0
5157.280000 0.041791 0
5160.640000 0.054303 0
5164.000000 0.058105 0
5167.360000 0.027562 0
5170.720000 0.039215 0
5174.080000 0.034146 0
5177.440000 0.035138 0
5180.800000 0.060733 0
5184.160000 0.035676 0
5187.520000 0.030395 0
5190.880000 0.038953 0
5194.240000 0.045580 0
5197.600000 0.033800 0
5200.960000 0.033181 0
5204.320000 0.037954 0
5207.680000 0.026723 0
5211.040000 0.024382 0
5214.400000 0.053165 0
5217.760000 0.033731 0
5221.120000 0.036018 0
5224.480000 0.035452 0
5227.840000 0.039381 0
5231.200000 0.057286 0
5234.560000 0.065968 0
5237.920000 0.035142 0
5241.280000 0.036324 0
5244.640000 0.049932 0
5248.000000 0.033082 0
5251.360000 0.031981 0
5254.720000 0.039487 0
5258.080000 0.029334 0
5261.440000 0.054043 0
5264.800000 0.041529 0
5268.160000 0.038850 0
5271.520000 0.027730 0
5274.880000 0.038385 0
5278.240000 0.033257 0
5281.600000 0.031211 0
5284.960000 0.031684 0
5288.320000 0.042955 0
5291.680000 0.047351 0
5295.040000 0.032563 0
5298.400000 0.033620 0
5301.760000 0.041148 0
5305.120000 0.034712 0
5308.480000 0.036553 0
5311.840000 0.041229 0
5315.200000 0.051451 0
5318.560000 0.029475 0
5321.920000 0.023007 0
5325.280000 0.035223 0
5328.640000 0.033187 0
5332.000000 0.032806 0
5335.360000 0.053935 0
5338.720000 0.041480 0
5342.080000 0.016260 0
5345.440000 0.027986 0
5348.800000 0.036824 0
5352.160000 0.036084 0
5355.520000 0.038932 0
5358.880000 0.022076 0
5362.240000 0.039415 0
5365.600000 0.022339 0
5368.960000 0.035293 0
5372.320000 0.030711 0
5375.680000 0.031856 0
5379.040000 0.028509 0
5382.400000 0.037861 0
5385.760000 0.035690 0
5389.120000 0.032003 0
5392.480000 0.039096 0
5395.840000 0.047561 0
5399.200000 0.034301 0
5402.560000 0.039110 0
5405.920000 0.038625 0
5409.280000 0.042889 0
5412.640000 0.030525 0
5416.000000 0.031043 0
5419.360000 0.029638 0
5422.720000 0.038775 0
5426.080000 0.048760 0
5429.440000 0.048066 0
5432.800000 0.030046 0
5436.160000 0.043568 0
5439.520000 0.054062 0
5442.880000 0.039157 0
5446.240000 0.043331 0
5449.600000 0.041398 0
5452.960000 0.026348 0
5456.320000 0.028935 0
5459.680000 0.038813 0
5463.040000 0.034124 0
5466.400000 0.040063 0
5469.760000 0.046916 0
5473.120000 0.035605 0
5476.480000 0.021927 0
5479.840000 0.032157 0
5483.200000 0.029711 0
5486.560000 0.030824 0
5489.920000 0.050078 0
5493.280000 0.052705 0
5496.640000 0.052569 0
5500.000000 0.058241 0
5503.360000 0.025684 0
5506.720000 0.045750 0
5510.080000 0.042559 0
5513.440000 0.021684 0
5516.800000 0.046737 0
5520.160000 0.024084 0
5523.520000 0.038806 0
5526.880000 0.043295 0
5530.240000 0.041208 0
5533.600000 0.063907 0
5536.960000 0.021579 0
5540.320000 0.030635 0
5543.680000 0.044485 0
5547.040000 0.033004 0
5550.400000 0.018596 0
5553.760000 0.018328 0
5557.120000 0.019791 0
5560.480000 0.031560 0
5563.840000 0.033738 1
5567.200000 0.024102 1
5570.560000 0.062919 1
5573.920000 0.053670 1
5577.280000 0.154188 1
5580.640000 0.075784 1
5584.000000 0.068657 1
5587.360000 0.006764 1
5590.720000 0.021491 1
5594.080000 0.040742 1
5597.440000 0.039630 1
5600.800000 0.030326 1
5604.160000 0.044446 0
5607.520000 0.027485 0
5610.880000 0.026222 0
5614.240000 0.049512 0
5617.600000 0.031682 0
5620.960000 0.021691 0
5624.320000 0.035345 0
5627.680000 0.047332 0
5631.040000 0.045322 0
5634.400000 0.047318 0
5637.760000 0.030358 0
5641.120000 0.016065 0
5644.480000 0.034522 0
5647.840000 0.044749 0
5651.200000 0.029982 0
5654.560000 0.036560 0
5657.920000 0.039997 0
5661.280000 0.040691 0
5664.640000 0.034376 0
5668.000000 0.039440 0
5671.360000 0.049145 0
5674.720000 0.023625 0
5678.080000 0.033409 0
5681.440000 0.029997 0
5684.800000 0.042293 0
5688.160000 0.037212 0
5691.520000 0.022707 0
5694.880000 0.036766 0
5698.240000 0.055956 0
5701.600000 0.021406 0
5704.960000 0.051438 0
5708.320000 0.034402 0
5711.680000 0.030119 0
5715.040000 0.030739 0
5718.400000 0.028544 0
5721.760000 0.027666 0
5725.120000 0.019358 0
5728.480000 0.027509 0
5731.840000 0.028659 0
5735.200000 0.031280 0
5738.560000 0.021029 0
5741.920000 0.025159 0
5745.280000 0.037246 0
5748.640000 0.056204 0
5752.000000 0.031326 0
5755.360000 0.031921 0
5758.720000 0.045819 0
5762.080000 0.039747 0
5765.440000 0.038811 0
5768.800000 0.037447 0
5772.160000 0.025771 0
5775.520000 0.031862 0
5778.880000 0.020386 0
5782.240000 0.030989 0
5785.600000 0.047926 0
5788.960000 0.040139 0
5792.320000 0.042996 0
5795.680000 0.063706 0
5799.040000 0.047498 0
5802.400000 0.027503 0
5805.760000 0.018821 0
5809.120000 0.051968 0
5812.480000 0.032473 0
5815.840000 0.034977 0
5819.200000 0.033471 0
5822.560000 0.022583 0
5825.920000 0.033899 0
5829.280000 0.022835 0
5832.640000 0.037243 0
5836.000000 0.046874 0
5839.360000 0.039999 0
5842.720000 0.031244 0
5846.080000 0.030521 0
5849.440000 0.031774 0
5852.800000 0.039184 0
5856.160000 0.027246 0
5859.520000 0.025543 0
5862.880000 0.037773 0
5866.240000 0.027657 0
5869.600000 0.033269 0
5872.960000 0.045413 0
5876.320000 0.040078 0
5879.680000 0.035162 0
5883.040000 0.005440 0
5886.400000 0.030489 0
5889.760000 -0.015181 0
5893.120000 0.042257 0
5896.480000 0.063002 0
5899.840000 0.025960 0
5903.200000 0.043644 0
5906.560000 0.036639 0
5909.920000 0.040484 0
5913.280000 0.039001 0
5916.640000 0.047763 0
5920.000000 0.051983 0
5923.360000 0.043572 0
5926.720000 0.010739 0
5930.080000 0.032227 0
5933.440000 0.021854 0
5936.800000 0.034338 0
5940.160000 0.047317 0
5943.520000 0.044088 0
5946.880000 0.018521 0
5950.240000 0.017274 0
5953.600000 0.041811 0
5956.960000 0.010787 0
5960.320000 0.041463 0
5963.680000 0.033008 0
5967.040000 0.020393 0
5970.400000 0.040692 0
5973.760000 0.054545 0
5977.120000 0.050387 0
5980.480000 0.043200 0
5983.840000 0.052070 0
5987.200000 0.030915 0
5990.560000 0.013194 0
5993.920000 0.028010 0
5997.280000 0.038573 0
6000.640000 0.033081 0
6004.000000 0.029598 0
6007.360000 0.034096 0
6010.720000 0.040222 0
6014.080000 0.019810 0
6017.440000 0.034894 0
6020.800000 0.042627 0
6024.160000 0.031514 0
6027.520000 0.060453 0
6030.880000 0.044944 0
6034.240000 0.036445 0
6037.600000 0.028365 0
6040.960000 0.033926 0
6044.320000 0.045458 0
6047.680000 0.023480 0
6051.040000 0.027953 0
6054.400000 0.046825 0
6057.760000 0.026539 0
6061.120000 0.037584 0
6064.480000 0.021251 0
6067.840000 0.025163 0
6071.200000 0.052481 0
6074.560000 0.040180 0
6077.920000 0.015124 0
6081.280000 0.032837 0
6084.640000 0.041044 0
6088.000000 0.037365 0
6091.360000 0.035447 0
6094.720000 0.050102 0
6098.080000 0.043511 0
6101.440000 0.029887 0
6104.800000 0.019948 0
6108.160000 0.034616 0
6111.520000 0.032577 0
6114.880000 0.029385 0
6118.240000 0.046283 0
6121.600000 0.035339 0
6124.960000 0.034063 0
6128.320000 0.039606 0
6131.680000 0.029975 0
6135.040000 0.026956 0
6138.400000 0.031218 0
6141.760000 0.036923 0
6145.120000 0.017673 0
6148.480000 0.033780 0
6151.840000 0.046587 0
6155.200000 0.044448 0
6158.560000 0.052641 0
6161.920000 0.032768 0
6165.280000 0.018023 0
6168.640000 0.029961 0
6172.000000 0.045681 0
6175.360000 0.034139 0
6178.720000 0.042909 0
6182.080000 0.040860 0
6185.440000 0.024036 0
6188.800000 0.031731 0
6192.160000 0.040936 0
6195.520000 0.034947 0
6198.880000 0.032576 0
6202.240000 0.028818 0
6205.600000 0.012465 0
6208.960000 0.025487 0
6212.320000 0.032038 0
6215.680000 0.036617 0
6219.040000 0.022348 0
6222.400000 0.024746 0
6225.760000 0.015702 0
6229.120000 0.015696 0
6232.480000 0.029190 0
6235.840000 0.044724 0
6239.200000 0.050049 0
6242.560000 0.046325 0
6245.920000 0.041139 0
6249.280000 0.038123 0
6252.640000 0.009918 0
6256.000000 0.026120 0
6259.360000 0.025653 0
6262.720000 0.032209 0
6266.080000 0.042857 0
6269.440000 0.046174 0
6272.800000 0.039948 0
6276.160000 0.032429 0
6279.520000 0.024630 0
6282.880000 0.035889 0
6286.240000 0.028604 0
6289.600000 0.019750 0
6292.960000 0.017083 0
6296.320000 0.024606 0
6299.680000 0.031155 0
6303.040000 0.001764 0
6306.400000 0.055531 0
6309.760000 0.054186 0
6313.120000 0.032263 0
6316.480000 0.043300 0
6319.840000 0.029812 0
6323.200000 0.006105 0
6326.560000 0.032864 0
6329.920000 0.026704 0
6333.280000 0.028008 0
6336.640000 0.033455 0
6340.000000 0.041030 0
6343.360000 0.029673 0
6346.720000 0.017541 0
6350.080000 0.030431 0
6353.440000 0.030245 0
6356.800000 0.015567 0
6360.160000 0.007801 0
6363.520000 0.028951 0
6366.880000 0.033165 0
6370.240000 0.020532 0
6373.600000 0.029409 0
6376.960000 0.029806 0
6380.320000 0.030536 0
6383.680000 0.027838 0
6387.040000 0.037280 0
6390.400000 0.052003 0
6393.760000 0.038006 0
6397.120000 0.033645 0
6400.480000 0.029704 0
6403.840000 0.038782 0
6407.200000 0.029533 0
6410.560000 0.033365 0
6413.920000 0.015668 0
6417.280000 0.041355 0
6420.640000 0.046909 0
6424.000000 0.016628 0
6427.360000 0.028282 0
6430.720000 0.036704 0
6434.080000 0.033939 0
6437.440000 0.028025 0
6440.800000 0.033071 0
6444.160000 0.033346 0
6447.520000 0.033574 0
6450.880000 0.034012 0
6454.240000 0.030996 0
6457.600000 0.029219 0
6460.960000 0.035183 0
6464.320000 0.017964 0
6467.680000 0.033464 0
6471.040000 0.025067 0
6474.400000 0.027828 0
6477.760000 0.025375 0
6481.120000 0.028785 0
6484.480000 0.036946 0
6487.840000 0.040623 0
6491.200000 0.023553 0
6494.560000 0.024003 0
6497.920000 0.023505 0
6501.280000 0.023861 0
6504.640000 0.046541 0
6508.000000 0.026268 0
6511.360000 0.030930 0
6514.720000 0.044075 0
6518.080000 0.048695 0
6521.440000 0.026170 0
6524.800000 0.022036 0
6528.160000 0.036542 0
6531.520000 0.031528 0
6534.880000 0.026831 0
6538.240000 0.021677 0
6541.600000 0.028109 0
6544.960000 0.022308 0
6548.320000 0.021020 0
6551.680000 0.029190 0
6555.040000 0.021727 0
6558.400000 0.021119 0
6561.760000 0.043052 0
6565.120000 0.048143 0
6568.480000 0.054318 0
6571.840000 0.007405 0
6575.200000 0.014286 0
6578.560000 0.016561 0
6581.920000 0.025614 0
6585.280000 0.031101 0
6588.640000 0.033824 0
6592.000000 0.032966 0
6595.360000 0.033930 0
6598.720000 0.019617 0
6602.080000 0.033903 0
6605.440000 0.024465 0
6608.800000 0.033375 0
6612.160000 0.044632 0
6615.520000 0.039436 0
6618.880000 0.032841 0
6622.240000 0.029032 0
6625.600000 0.028143 0
6628.960000 0.023459 0
6632.320000 0.025515 0
6635.680000 0.042543 0
6639.040000 0.027075 0
6642.400000 0.039666 0
6645.760000 0.036843 0
6649.120000 0.032909 0
6652.480000 0.021655 0
6655.840000 0.043240 0
6659.200000 0.037062 0
6662.560000 0.040903 0
6665.920000 0.051907 0
6669.280000 0.023478 0
6672.640000 0.044600 0
6676.000000 0.022143 0
6679.360000 0.011103 0
6682.720000 0.024525 0
6686.080000 0.029881 0
6689.440000 0.031317 0
6692.800000 0.025192 0
6696.160000 0.029838 0
6699.520000 0.048156 0
6702.880000 0.038826 0
6706.240000 0.021292 0
6709.600000 0.053954 0
6712.960000 0.129093 0
6716.320000 0.236345 0
6719.680000 0.295741 0
6723.040000 0.209201 0
6726.400000 0.108320 0
6729.760000 0.047880 0
6733.120000 0.043944 0
6736.480000 0.023675 0
6739.840000 0.021870 0
6743.200000 0.026379 0
6746.560000 0.036480 0
6749.920000 0.042192 0
6753.280000 0.039016 0
6756.640000 0.033673 0
6760.000000 0.016767 0
6763.360000 0.029143 0
6766.720000 0.042238 0
6770.080000 0.050388 0
6773.440000 0.043588 0
6776.800000 0.035795 0
6780.160000 0.032856 0
6783.520000 0.052340 0
6786.880000 0.035596 0
6790.240000 0.022307 0
6793.600000 0.035363 0
6796.960000 0.024798 0
6800.320000 0.022410 0
6803.680000 0.026901 0
6807.040000 0.037381 0
6810.400000 0.043808 0
6813.760000 0.047503 0
6817.120000 0.038126 0
6820.480000 0.030624 0
6823.840000 0.042592 0
6827.200000 0.014281 0
6830.560000 0.026900 0
6833.920000 0.018086 0
6837.280000 0.023071 0
6840.640000 0.041672 0
6844.000000 0.035252 0
6847.360000 0.028741 0
6850.720000 0.031776 0
6854.080000 0.042464 0
6857.440000 0.052354 0
6860.800000 0.061525 0
6864.160000 0.026817 0
6867.520000 0.012989 0
6870.880000 0.012929 0
6874.240000 0.052738 0
6877.600000 0.051602 0
6880.960000 0.046597 0
6884.320000 0.051027 0
6887.680000 0.037439 0
6891.040000 0.048077 0
6894.400000 0.044525 0
6897.760000 0.038399 0
6901.120000 0.033233 0
6904.480000 0.026869 0
6907.840000 0.019013 0
6911.200000 0.030056 0
6914.560000 0.027291 0
6917.920000 0.007242 0
6921.280000 0.029833 0
6924.640000 0.040164 0
6928.000000 0.034069 0
6931.360000 0.037899 0
6934.720000 0.025212 0
6938.080000 0.044164 0
6941.440000 0.025094 0
6944.800000 0.016136 0
6948.160000 0.036254 0
6951.520000 0.047020 0
6954.880000 0.045932 0
6958.240000 0.057538 0
6961.600000 0.043215 0
6964.960000 0.052251 0
6968.320000 0.046846 0
6971.680000 0.043849 0
6975.040000 0.037686 0
6978.400000 0.040754 0
6981.760000 0.058789 0
6985.120000 0.053558 0
6988.480000 0.047124 0
6991.840000 0.032314 0
6995.200000 0.036064 0
6998.560000 0.037189 0
7001.920000 0.030951 0
7005.280000 0.043277 0
7008.640000 0.049687 0
7012.000000 0.057298 0
7015.360000 0.022536 0
7018.720000 0.031074 0
7022.080000 0.029981 0
7025.440000 0.045795 0
7028.800000 0.039254 0
7032.160000 0.033932 0
7035.520000 0.038819 0
7038.880000 0.019940 0
7042.240000 0.026387 0
7045.600000 0.045086 0
7048.960000 0.052669 0
7052.320000 0.043812 0
7055.680000 0.052899 0
7059.040000 0.056762 0
7062.400000 0.047304 0
7065.760000 0.030633 0
7069.120000 0.047347 0
7072.480000 0.054436 0
7075.840000 0.047861 0
7079.200000 0.042897 0
7082.560000 0.026279 0
7085.920000 0.018446 0
7089.280000 0.041517 0
7092.640000 0.047321 0
7096.000000 0.040166 0
7099.360000 0.045763 0
7102.720000 0.047434 0
7106.080000 0.040966 0
7109.440000 0.032619 0
7112.800000 0.029682 0
7116.160000 0.040117 0
7119.520000 0.057727 0
7122.880000 0.050427 0
7126.240000 0.039266 0
7129.600000 0.035019 0
7132.960000 0.033441 0
7136.320000 0.036146 0
7139.680000 0.045971 0
7143.040000 0.039742 0
7146.400000 0.037924 0
7149.760000 0.034270 0
7153.120000 0.059873 0
7156.480000 0.036490 0
7159.840000 0.022813 0
7163.200000 0.027025 0
7166.560000 0.046936 0
7169.920000 0.044633 0
7173.280000 0.045562 0
7176.640000 0.040478 0
7180.000000 0.048804 0
7183.360000 0.045152 0
7186.720000 0.035399 0
7190.080000 0.042422 0
7193.440000 0.025037 0
7196.800000 0.042708 0
7200.160000 0.046087 0
7203.520000 0.034802 0
7206.880000 0.055377 0
7210.240000 0.053325 0
7213.600000 0.046512 0
7216.960000 0.041078 0
7220.320000 0.063839 0
7223.680000 0.030526 0
7227.040000 0.034185 0
7230.400000 0.057048 0
7233.760000 0.027406 0
7237.120000 0.044185 0
7240.480000 0.066094 0
7243.840000 0.028601 0
7247.200000 0.029210 0
7250.560000 0.040839 0
7253.920000 0.043095 0
7257.280000 0.034531 0
7260.640000 0.049115 0
7264.000000 0.035581 0
7267.360000 0.044779 0
7270.720000 -0.001819 0
7274.080000 0.016826 0
7277.440000 0.034337 0
7280.800000 0.060401 0
7284.160000 0.064909 0
7287.520000 0.054881 0
7290.880000 0.044711 0
7294.240000 0.057132 0
7297.600000 0.052511 0
7300.960000 0.041000 0
7304.320000 0.055357 0
7307.680000 0.044137 0
7311.040000 0.028499 0
7314.400000 0.049270 0
7317.760000 0.042383 0
7321.120000 0.012442 0
7324.480000 0.043189 0
7327.840000 0.041340 0
7331.200000 0.048415 0
7334.560000 0.045234 0
7337.920000 0.033763 0
7341.280000 0.035468 0
7344.640000 0.027934 0
7348.000000 0.030684 0
7351.360000 0.058317 0
7354.720000 0.020856 0
7358.080000 0.054834 0
7361.440000 0.055744 0
7364.800000 0.056749 0
7368.160000 0.050588 0
7371.520000 0.041911 0
7374.880000 0.009784 0
7378.240000 0.032321 0
7381.600000 0.019482 0
7384.960000 0.042164 0
7388.320000 0.033630 0
7391.680000 0.030148 0
7395.040000 0.071084 0
7398.400000 0.035746 0
7401.760000 0.053738 0
7405.120000 0.035063 0
7408.480000 0.033240 0
7411.840000 0.052649 0
7415.200000 0.057540 0
7418.560000 0.039557 0
7421.920000 0.046339 0
7425.280000 0.036976 0
7428.640000 0.036247 0
7432.000000 0.068234 0
7435.360000 0.058529 0
7438.720000 0.053794 0
7442.080000 0.054075 0
7445.440000 0.049327 0
7448.800000 0.031346 0
7452.160000 0.039305 0
7455.520000 0.040659 0
7458.880000 0.066825 0
7462.240000 0.057410 0
7465.600000 0.027623 0
7468.960000 0.046004 0
7472.320000 0.026746 0
7475.680000 0.022630 0
7479.040000 0.051058 0
7482.400000 0.036110 0
7485.760000 0.019741 0
7489.120000 0.041729 0
7492.480000 0.036911 0
7495.840000 0.020584 0
7499.200000 0.025315 0
7502.560000 0.036018 0
7505.920000 0.038995 0
7509.280000 0.040757 0
7512.640000 0.039667 0
7516.000000 0.029857 0
7519.360000 0.043119 0
7522.720000 0.031762 0
7526.080000 0.051992 0
7529.440000 0.043539 0
7532.800000 0.030338 0
7536.160000 0.057972 0
7539.520000 0.045704 0
7542.880000 0.025561 0
7546.240000 0.025993 0
7549.600000 0.041802 0
7552.960000 0.041706 0
7556.320000 0.049466 0
7559.680000 0.058924 0
7563.040000 0.053059 0
7566.400000 0.043039 0
7569.760000 0.032057 0
7573.120000 0.034558 0
7576.480000 0.036521 0
7579.840000 0.056475 0
7583.200000 0.044905 0
7586.560000 0.016651 0
7589.920000 0.035977 0
7593.280000 0.051826 0
7596.640000 0.013476 0
7600.000000 0.014794 0
7603.360000 0.043341 0
7606.720000 0.115910 0
7610.080000 0.011053 0
7613.440000 0.031692 0
7616.800000 0.071751 0
7620.160000 0.014740 0
7623.520000 0.024175 0
7626.880000 0.056661 0
7630.240000 0.055017 0
7633.600000 0.028274 0
7636.960000 0.033055 0
7640.320000 0.035051 0
7643.680000 0.029513 0
7647.040000 0.055180 0
7650.400000 0.063210 0
7653.760000 0.040785 0
7657.120000 0.039513 0
7660.480000 0.046079 0
7663.840000 0.047018 0
7667.200000 0.049060 0
7670.560000 0.043620 0
7673.920000 0.024467 0
7677.280000 0.019888 0
7680.640000 0.028275 0
7684.000000 0.036012 0
7687.360000 0.035064 0
7690.720000 0.044510 0
7694.080000 0.023464 0
7697.440000 0.025964 0
7700.800000 0.044323 0
7704.160000 0.047012 0
7707.520000 0.063725 0
7710.880000 0.050847 0
7714.240000 0.063976 0
7717.600000 0.032721 0
7720.960000 0.055168 0
7724.320000 0.021049 0
7727.680000 0.050912 0
7731.040000 0.016222 0
7734.400000 0.029600 0
7737.760000 0.021556 0
7741.120000 0.057993 0
7744.480000 0.057821 0
7747.840000 0.031397 0
7751.200000 0.039113 0
7754.560000 -0.017027 0
7757.920000 -0.009121 0
7761.280000 0.029395 0
7764.640000 0.038872 0
7768.000000 0.045701 0
7771.360000 0.055454 0
7774.720000 0.027334 0
7778.080000 0.020885 0
7781.440000 0.031380 0
7784.800000 0.041278 0
7788.160000 0.018164 0
7791.520000 0.034047 0
7794.880000 0.031615 0
7798.240000 0.002853 0
7801.600000 0.021345 0
7804.960000 0.020468 0
7808.320000 0.024523 0
7811.680000 0.031460 0
7815.040000 0.057443 0
7818.400000 0.036187 0
7821.760000 0.044335 0
7825.120000 0.056781 0
7828.480000 0.040969 0
7831.840000 0.057804 0
7835.200000 0.043866 0
7838.560000 0.035758 0
7841.920000 0.046003 0
7845.280000 0.034479 0
7848.640000 0.029317 0
7852.000000 0.017117 0
7855.360000 0.067004 0
7858.720000 0.055851 0
7862.080000 0.034411 0
7865.440000 0.027457 0
7868.800000 0.047798 0
7872.160000 0.041041 0
7875.520000 0.022340 0
7878.880000 0.059915 0
7882.240000 0.045804 0
7885.600000 0.046174 0
7888.960000 0.063360 0
7892.320000 0.017817 0
7895.680000 0.027148 0
7899.040000 0.001476 0
7902.400000 0.032291 0
7905.760000 0.074387 0
7909.120000 0.069146 0
7912.480000 0.025784 0
7915.840000 0.033542 0
7919.200000 0.002334 0
7922.560000 0.038714 0
7925.920000 0.058678 0
7929.280000 0.056753 0
7932.640000 0.041714 0
7936.000000 0.032205 0
7939.360000 0.044052 0
7942.720000 0.047869 0
7946.080000 0.034658 0
7949.440000 0.013785 0
7952.800000 0.037672 0
7956.160000 0.051308 0
7959.520000 0.097533 0
7962.880000 0.054007 0
7966.240000 0.000562 0
7969.600000 -0.006697 0
7972.960000 0.052789 0
7976.320000 0.054099 0
7979.680000 0.025259 0
7983.040000 0.039157 0
7986.400000 0.069164 0
7989.760000 0.052627 0
7993.120000 0.008810 0
7996.480000 0.005117 0
7999.840000 -0.007153 0
8003.200000 0.044472 0
8006.560000 0.032208 0
8009.920000 0.018058 0
8013.280000 0.013649 0
8016.640000 0.014059 0
8020.000000 0.055437 0
8023.360000 0.015865 0
8026.720000 0.032435 0
8030.080000 0.030297 0
8033.440000 0.035466 0
8036.800000 0.026595 0
8040.160000 0.035611 0
8043.520000 0.050941 0
8046.880000 0.055329 0
8050.240000 0.041892 0
8053.600000 0.050907 0
8056.960000 0.040015 0
8060.320000 0.062953 0
8063.680000 0.038899 0
8067.040000 0.013879 0
8070.400000 0.023969 0
8073.760000 0.025295 0
8077.120000 0.013311 0
8080.480000 0.042343 0
8083.840000 0.040984 0
8087.200000 0.022572 0
8090.560000 0.066790 0
8093.920000 0.027140 0
8097.280000 0.040398 0
8100.640000 0.037421 0
8104.000000 0.030946 0
8107.360000 0.031994 0
8110.720000 0.025777 0
8114.080000 0.041030 0
8117.440000 0.052098 0
8120.800000 0.042196 0
8124.160000 0.041075 0
8127.520000 0.030448 0
8130.880000 0.043249 0
8134.240000 0.046561 0
8137.600000 0.047006 0
8140.960000 0.025152 0
8144.320000 0.022431 0
8147.680000 0.028203 0
8151.040000 0.040076 0
8154.400000 0.038554 0
8157.760000 0.028418 0
8161.120000 0.037649 0
8164.480000 0.034097 0
8167.840000 0.026038 0
8171.200000 0.027206 0
8174.560000 0.039296 0
8177.920000 0.029212 0
8181.280000 0.031907 0
8184.640000 0.037086 0
8188.000000 0.057254 0
8191.360000 0.033410 0
8194.720000 0.030353 0
8198.080000 0.042127 0
8201.440000 0.033809 0
8204.800000 0.018777 0
8208.160000 0.036885 0
8211.520000 0.037921 0
8214.880000 0.025908 0
8218.240000 0.027301 0
8221.600000 0.021693 0
8224.960000 0.018465 0
8228.320000 0.045925 0
8231.680000 0.032956 0
8235.040000 0.043767 0
8238.400000 0.028965 0
8241.760000 0.039186 0
8245.120000 0.025461 0
8248.480000 0.024385 0
8251.840000 0.026007 0
8255.200000 0.022190 0
8258.560000 0.035385 0
8261.920000 0.042860 0
8265.280000 0.034893 0
8268.640000 0.031230 0
8272.000000 0.058457 0
8275.360000 0.074736 0
8278.720000 0.014888 0
8282.080000 0.063127 0
8285.440000 0.055197 0
8288.800000 -0.001211 0
8292.160000 0.064309 0
8295.520000 0.022146 0
8298.880000 0.046737 0
8302.240000 0.029824 0
8305.600000 0.007571 0
8308.960000 0.041001 0
8312.320000 0.054414 0
8315.680000 0.019486 0
8319.040000 0.040083 0
8322.400000 0.030879 0
8325.760000 0.040169 0
8329.120000 0.021689 0
8332.480000 0.029063 0
8335.840000 0.116162 0
8339.200000 0.035310 0
8342.560000 -0.028702 0
8345.920000 0.026782 0
8349.280000 0.008730 0
8352.640000 0.034522 0
8356.000000 0.063264 0
8359.360000 0.036829 0
8362.720000 0.020239 0
8366.080000 0.032278 0
8369.440000 0.043627 0
8372.800000 0.027443 0
8376.160000 0.039946 0
8379.520000 0.025128 0
8382.880000 -0.011113 0
8386.240000 0.002292 0
8389.600000 0.011905 0
8392.960000 0.081013 0
8396.320000 0.068293 0
8399.680000 0.025818 0
8403.040000 0.051464 0
8406.400000 0.032488 0
8409.760000 0.007040 0
8413.120000 0.060739 0
8416.480000 0.034138 0
8419.840000 0.062461 0
8423.200000 0.039994 0
8426.560000 0.039099 0
8429.920000 0.029986 0
8433.280000 -0.004875 0
8436.640000 -0.028809 0
8440.000000 0.032908 0
8443.360000 0.019650 0
8446.720000 0.044752 0
8450.080000 0.048738 0
8453.440000 0.004140 0
8456.800000 0.047839 0
8460.160000 0.039349 0
8463.520000 0.086162 0
8466.880000 0.031833 0
8470.240000 0.033195 0
8473.600000 0.023333 0
8476.960000 0.043442 0
8480.320000 0.051902 0
8483.680000 0.042068 0
8487.040000 0.035612 0
8490.400000 0.051273 0
8493.760000 0.013293 0
8497.120000 0.010522 0
8500.480000 0.045034 0
8503.840000 0.029699 0
8507.200000 0.059520 0
8510.560000 0.027649 0
8513.920000 0.019094 0
8517.280000 0.031043 0
8520.640000 0.044087 0
8524.000000 0.066635 0
8527.360000 0.033628 0
8530.720000 0.019407 0
8534.080000 0.049545 0
8537.440000 0.027426 0
8540.800000 0.024508 0
8544.160000 0.041182 0
8547.520000 0.041764 0
8550.880000 0.021505 0
8554.240000 0.039250 0
8557.600000 0.044189 0
8560.960000 0.033727 0
8564.320000 0.031389 0
8567.680000 0.018836 0
8571.040000 0.031639 0
8574.400000 0.038540 0
8577.760000 0.038752 0
8581.120000 0.029342 0
8584.480000 0.021887 0
8587.840000 0.036197 0
8591.200000 0.026354 0
8594.560000 0.034911 0
8597.920000 0.027767 0
8601.280000 0.024315 0
8604.640000 0.019726 0
8608.000000 0.016905 0
8611.360000 0.037484 0
8614.720000 0.026763 0
8618.080000 0.015905 0
8621.440000 0.028943 0
8624.800000 0.035103 0
8628.160000 0.026025 0
8631.520000 0.026973 0
8634.880000 0.037458 0
8638.240000 0.029849 0
8641.600000 0.024998 0
8644.960000 0.022237 0
8648.320000 -0.006448 0
8651.680000 0.028754 0
8655.040000 0.019992 0
8658.400000 0.001746 0
8661.760000 0.020067 0
8665.120000 0.031169 0
8668.480000 0.033795 0
8671.840000 0.020743 0
8675.200000 0.027197 0
8678.560000 0.036439 0
8681.920000 0.002350 0
8685.280000 0.041014 0
8688.640000 0.029782 0
8692.000000 0.034856 0
8695.360000 0.056393 0
8698.720000 0.041102 0
8702.080000 0.034631 0
8705.440000 0.021999 0
8708.800000 0.035508 0
8712.160000 0.020045 0
8715.520000 0.042424 0
8718.880000 0.038500 0
8722.240000 0.058102 0
8725.600000 0.027682 0
8728.960000 0.033699 0
8732.320000 0.042516 0
8735.680000 0.015490 0
8739.040000 0.024346 0
8742.400000 0.036983 0
8745.760000 0.034387 0
8749.120000 0.003633 0
8752.480000 0.016685 0
8755.840000 -0.003695 0
8759.200000 0.058134 0
8762.560000 0.088061 0
8765.920000 0.141815 0
8769.280000 0.065612 0
8772.640000 0.034737 0
8776.000000 0.030626 0
8779.360000 0.055737 0
8782.720000 0.086779 0
8786.080000 0.016554 0
8789.440000 0.028984 0
8792.800000 0.019833 0
8796.160000 0.012793 0
8799.520000 0.038695 0
8802.880000 0.035740 0
8806.240000 0.030897 0
8809.600000 0.020444 0
8812.960000 0.039694 0
8816.320000 0.033176 0
8819.680000 -0.061607 0
8823.040000 -0.035454 0
8826.400000 0.003357 0
8829.760000 -0.007026 0
8833.120000 -0.028606 0
8836.480000 0.000411 0
8839.840000 0.000123 0
8843.200000 0.025825 0
8846.560000 0.070310 0
8849.920000 0.004470 0
8853.280000 0.029734 0
8856.640000 0.023284 0
8860.000000 0.023275 0
8863.360000 0.026445 0
8866.720000 0.051204 0
8870.080000 0.030846 0
8873.440000 0.022808 0
8876.800000 -0.000406 0
8880.160000 -0.013518 0
8883.520000 -0.035049 0
8886.880000 0.051513 0
8890.240000 0.004776 0
8893.600000 0.040904 0
8896.960000 0.036937 0
8900.320000 0.074144 0
8903.680000 0.035798 0
8907.040000 0.009338 0
8910.400000 0.010346 0
8913.760000 -0.011482 0
8917.120000 0.121825 0
8920.480000 0.011451 0
8923.840000 0.014953 0
8927.200000 0.060893 0
8930.560000 0.013891 0
8933.920000 0.103025 0
8937.280000 0.085761 0
8940.640000 0.063970 0
8944.000000 0.117562 0
8947.360000 0.070291 0
8950.720000 0.037013 0
8954.080000 0.036404 0
8957.440000 -0.013493 0
8960.800000 -0.034948 0
8964.160000 0.016228 0
8967.520000 0.061099 0
8970.880000 0.034118 0
8974.240000 0.054640 0
8977.600000 0.036316 0
8980.960000 0.001545 0
8984.320000 0.010939 0
8987.680000 0.042172 0
8991.040000 0.030713 0
8994.400000 -0.029765 0
8997.760000 0.062006 0
9001.120000 0.055194 0
9004.480000 0.039105 0
9007.840000 0.006093 0
9011.200000 0.040396 0
9014.560000 0.019880 0
9017.920000 0.065509 0
9021.280000 0.145866 0
9024.640000 0.203812 0
9028.000000 0.180324 0
9031.360000 0.110338 0
9034.720000 0.032676 0
9038.080000 0.033772 0
9041.440000 0.024620 0
9044.800000 0.049283 0
9048.160000 0.045598 0
9051.520000 0.032884 0
9054.880000 0.044807 0
9058.240000 0.042083 0
9061.600000 0.047407 0
9064.960000 0.033971 0
9068.320000 0.034032 0
9071.680000 0.010235 0
9075.040000 0.009843 0
9078.400000 0.034970 0
9081.760000 0.057131 0
9085.120000 0.002152 0
9088.480000 0.025624 0
9091.840000 0.020626 0
9095.200000 0.024890 0
9098.560000 0.027966 0
9101.920000 0.036797 0
9105.280000 0.076031 0
9108.640000 0.051441 0
9112.000000 0.045691 0
9115.360000 0.035236 0
9118.720000 0.038138 0
9122.080000 0.041529 0
9125.440000 0.045889 0
9128.800000 0.034686 0
9132.160000 0.050893 0
9135.520000 0.037777 0
9138.880000 0.023962 0
9142.240000 0.029774 0
9145.600000 0.021409 0
9148.960000 0.067238 0
9152.320000 0.056715 0
9155.680000 0.041869 0
9159.040000 0.036063 0
9162.400000 0.038708 0
9165.760000 0.015772 0
9169.120000 0.022875 0
9172.480000 0.025432 0
9175.840000 0.033812 0
9179.200000 0.058345 0
9182.560000 0.030242 0
9185.920000 0.013314 0
9189.280000 0.018934 0
9192.640000 0.045661 0
9196.000000 0.067110 0
9199.360000 0.053176 0
9202.720000 0.035765 0
9206.080000 0.034270 0
9209.440000 0.034941 0
9212.800000 0.037307 0
9216.160000 0.045743 0
9219.520000 0.043163 0
9222.880000 0.022707 0
9226.240000 0.001833 0
9229.600000 0.034289 0
9232.960000 0.038346 0
9236.320000 0.017121 0
9239.680000 0.034776 0
9243.040000 0.036710 0
9246.400000 0.041635 0
9249.760000 0.038807 0
