# obs: 255718
# slit: 8
# z: 0.39429
# lines: K,H,G,H{beta}
# spec: 603
4451.680000 0.000000 1
4455.040000 0.000000 1
4458.400000 0.000000 1
4461.760000 0.000000 1
4465.120000 0.000000 1
4468.479999 0.000000 1
4471.839999 0.000000 1
4475.199999 0.000000 1
4478.559999 0.000000 1
4481.919999 0.000000 1
4485.279999 0.000000 1
4488.639999 0.000000 1
4491.999999 0.000000 1
4495.359999 0.000000 1
4498.719999 0.000000 1
4502.079998 0.000000 1
4505.439998 0.000000 1
4508.799998 0.000000 1
4512.159998 0.000000 1
4515.519998 0.000000 1
4518.879998 -0.000131 0
4522.239998 0.035602 0
4525.599998 0.034796 0
4528.959998 0.056594 0
4532.319997 0.050916 0
4535.679997 0.031721 0
4539.039997 0.036876 0
4542.399997 0.042886 0
4545.759997 0.056272 0
4549.119997 0.040043 0
4552.479997 0.034128 0
4555.839997 0.064352 0
4559.199997 0.049879 0
4562.559997 0.050176 0
4565.919996 0.047428 0
4569.279996 0.051656 0
4572.639996 0.056172 0
4575.999996 0.056054 0
4579.359996 0.042058 0
4582.719996 0.047218 0
4586.079996 0.045993 0
4589.439996 0.045930 0
4592.799996 0.033164 0
4596.159995 0.063478 0
4599.519995 0.050211 0
4602.879995 0.059599 0
4606.239995 0.055217 0
4609.599995 0.038362 0
4612.959995 0.048318 0
4616.319995 0.045415 0
4619.679995 0.039438 0
4623.039995 0.047608 0
4626.399995 0.053199 0
4629.759994 0.049591 0
4633.119994 0.045538 0
4636.479994 0.025963 0
4639.839994 0.040039 0
4643.199994 0.058734 0
4646.559994 0.062161 0
4649.919994 0.044671 0
4653.279994 0.058279 0
4656.639994 0.052207 0
4659.999993 0.015380 0
4663.359993 0.047862 0
4666.719993 0.047579 0
4670.079993 0.043933 0
4673.439993 0.048228 0
4676.799993 0.049607 0
4680.159993 0.046089 0
4683.519993 0.023945 0
4686.879993 0.049515 0
4690.239993 0.033388 0
4693.599992 0.024642 0
4696.959992 0.008752 0
4700.319992 0.030866 0
4703.679992 0.034168 0
4707.039992 0.060392 0
4710.399992 0.062342 0
4713.759992 0.057893 0
4717.119992 0.049315 0
4720.479992 0.050990 0
4723.839992 0.040443 0
4727.199991 0.056980 0
4730.559991 0.073789 0
4733.919991 0.053321 0
4737.279991 0.031666 0
4740.639991 0.060535 0
4743.999991 0.028934 0
4747.359991 0.053994 0
4750.719991 0.054419 0
4754.079991 0.038098 0
4757.439990 0.041677 0
4760.799990 0.053033 0
4764.159990 0.062403 0
4767.519990 0.052683 0
4770.879990 0.063984 0
4774.239990 0.060764 0
4777.599990 0.049298 0
4780.959990 0.056602 0
4784.319990 0.046601 0
4787.679990 0.041926 0
4791.039989 0.035168 0
4794.399989 0.043097 0
4797.759989 0.036441 0
4801.119989 0.036816 0
4804.479989 0.033333 0
4807.839989 0.053057 0
4811.199989 0.049628 0
4814.559989 0.061867 0
4817.919989 0.066206 0
4821.279988 0.052803 0
4824.639988 0.045774 0
4827.999988 0.054246 0
4831.359988 0.050865 0
4834.719988 0.057208 0
4838.079988 0.044512 0
4841.439988 0.053995 0
4844.799988 0.050730 0
4848.159988 0.044362 0
4851.519988 0.069850 0
4854.879987 0.042981 0
4858.239987 0.048250 0
4861.599987 0.048212 0
4864.959987 0.056050 0
4868.319987 0.044489 0
4871.679987 0.043843 0
4875.039987 0.048553 0
4878.399987 0.054691 0
4881.759987 0.060521 0
4885.119986 0.067688 0
4888.479986 0.057732 0
4891.839986 0.069557 0
4895.199986 0.045377 0
4898.559986 0.048594 0
4901.919986 0.051898 0
4905.279986 0.048705 0
4908.639986 0.065829 0
4911.999986 0.057942 0
4915.359986 0.034574 0
4918.719985 0.053853 0
4922.079985 0.062426 0
4925.439985 0.036238 0
4928.799985 0.065811 0
4932.159985 0.077779 0
4935.519985 0.082485 0
4938.879985 0.062974 0
4942.239985 0.053231 0
4945.599985 0.059867 0
4948.959984 0.077324 0
4952.319984 0.065689 0
4955.679984 0.045864 0
4959.039984 0.057828 0
4962.399984 0.073031 0
4965.759984 0.046609 0
4969.119984 0.045147 0
4972.479984 0.046884 0
4975.839984 0.059349 0
4979.199984 0.053029 0
4982.559983 0.061245 0
4985.919983 0.064360 0
4989.279983 0.052145 0
4992.639983 0.029711 0
4995.999983 0.044201 0
4999.359983 0.042077 0
5002.719983 0.049976 0
5006.079983 0.041553 0
5009.439983 0.047989 0
5012.799982 0.065055 0
5016.159982 0.058792 0
5019.519982 0.054673 0
5022.879982 0.063451 0
5026.239982 0.050123 0
5029.599982 0.050176 0
5032.959982 0.056957 0
5036.319982 0.073707 0
5039.679982 0.069456 0
5043.039982 0.040017 0
5046.399981 0.041539 0
5049.759981 0.066889 0
5053.119981 0.063415 0
5056.479981 0.068029 0
5059.839981 0.062982 0
5063.199981 0.063119 0
5066.559981 0.077637 0
5069.919981 0.065743 0
5073.279981 0.068242 0
5076.639980 0.071634 0
5079.999980 0.077075 0
5083.359980 0.057151 0
5086.719980 0.048671 0
5090.079980 0.062695 0
5093.439980 0.049256 0
5096.799980 0.077937 0
5100.159980 0.064723 0
5103.519980 0.086254 0
5106.879980 0.085853 0
5110.239979 0.100440 0
5113.599979 0.086996 0
5116.959979 0.067708 0
5120.319979 0.061968 0
5123.679979 0.066293 0
5127.039979 0.082981 0
5130.399979 0.068210 0
5133.759979 0.062899 0
5137.119979 0.071785 0
5140.479978 0.075091 0
5143.839978 0.061119 0
5147.199978 0.062617 0
5150.559978 0.044002 0
5153.919978 0.064662 0
5157.279978 0.079470 0
5160.639978 0.073866 0
5163.999978 0.060018 0
5167.359978 0.071130 0
5170.719978 0.064503 0
5174.079977 0.069507 0
5177.439977 0.083939 0
5180.799977 0.093575 0
5184.159977 0.071737 0
5187.519977 0.046278 0
5190.879977 0.063948 0
5194.239977 0.073616 0
5197.599977 0.055988 0
5200.959977 0.065662 0
5204.319977 0.061181 0
5207.679976 0.060143 0
5211.039976 0.058545 0
5214.399976 0.053820 0
5217.759976 0.061161 0
5221.119976 0.059424 0
5224.479976 0.041964 0
5227.839976 0.056946 0
5231.199976 0.076858 0
5234.559976 0.083068 0
5237.919975 0.075796 0
5241.279975 0.072873 0
5244.639975 0.051943 0
5247.999975 0.065036 0
5251.359975 0.063815 0
5254.719975 0.067394 0
5258.079975 0.059849 0
5261.439975 0.061270 0
5264.799975 0.088147 0
5268.159975 0.094862 0
5271.519974 0.091127 0
5274.879974 0.082078 0
5278.239974 0.078540 0
5281.599974 0.074780 0
5284.959974 0.070881 0
5288.319974 0.079196 0
5291.679974 0.051721 0
5295.039974 0.069298 0
5298.399974 0.069141 0
5301.759973 0.069755 0
5305.119973 0.083707 0
5308.479973 0.080079 0
5311.839973 0.099985 0
5315.199973 0.061474 0
5318.559973 0.061321 0
5321.919973 0.073709 0
5325.279973 0.063386 0
5328.639973 0.074915 0
5331.999973 0.082875 0
5335.359972 0.055543 0
5338.719972 0.049660 0
5342.079972 0.044974 0
5345.439972 0.033740 0
5348.799972 0.031729 0
5352.159972 0.055874 0
5355.519972 0.069501 0
5358.879972 0.053401 0
5362.239972 0.059538 0
5365.599971 0.079053 0
5368.959971 0.068795 0
5372.319971 0.073083 0
5375.679971 0.075602 0
5379.039971 0.072303 0
5382.399971 0.057212 0
5385.759971 0.063926 0
5389.119971 0.067826 0
5392.479971 0.058188 0
5395.839971 0.070838 0
5399.199970 0.065606 0
5402.559970 0.091061 0
5405.919970 0.082081 0
5409.279970 0.076461 0
5412.639970 0.058179 0
5415.999970 0.079894 0
5419.359970 0.065384 0
5422.719970 0.077075 0
5426.079970 0.078502 0
5429.439969 0.093797 0
5432.799969 0.092302 0
5436.159969 0.088154 0
5439.519969 0.081368 0
5442.879969 0.070437 0
5446.239969 0.085831 0
5449.599969 0.099213 0
5452.959969 0.109769 0
5456.319969 0.095892 0
5459.679969 0.097009 0
5463.039968 0.074678 0
5466.399968 0.075536 0
5469.759968 0.099418 0
5473.119968 0.058767 0
5476.479968 0.072247 0
5479.839968 0.045895 0
5483.199968 0.016027 0
5486.559968 0.018757 0
5489.919968 0.036025 0
5493.279967 0.051289 0
5496.639967 0.076681 0
5499.999967 0.080091 0
5503.359967 0.072750 0
5506.719967 0.093056 0
5510.079967 0.103875 0
5513.439967 0.097237 0
5516.799967 0.068309 0
5520.159967 0.063867 0
5523.519967 0.073116 0
5526.879966 0.052598 0
5530.239966 0.035470 0
5533.599966 0.034229 0
5536.959966 0.045580 0
5540.319966 0.063597 0
5543.679966 0.077119 0
5547.039966 0.088571 0
5550.399966 0.105203 0
5553.759966 0.115931 0
5557.119965 0.093565 0
5560.479965 0.129892 1
5563.839965 0.116292 1
5567.199965 0.110121 1
5570.559965 0.047114 1
5573.919965 0.181189 1
5577.279965 0.143208 1
5580.639965 0.114514 1
5583.999965 0.138246 1
5587.359965 0.098214 1
5590.719964 0.132783 1
5594.079964 0.146775 1
5597.439964 0.134806 1
5600.799964 0.128767 1
5604.159964 0.117208 1
5607.519964 0.138212 1
5610.879964 0.135630 0
5614.239964 0.139785 0
5617.599964 0.149786 0
5620.959963 0.126922 0
5624.319963 0.124788 0
5627.679963 0.130919 0
5631.039963 0.122372 0
5634.399963 0.119234 0
5637.759963 0.124124 0
5641.119963 0.113430 0
5644.479963 0.134275 0
5647.839963 0.121387 0
5651.199963 0.127157 0
5654.559962 0.142490 0
5657.919962 0.121922 0
5661.279962 0.109269 0
5664.639962 0.144004 0
5667.999962 0.110211 0
5671.359962 0.113028 0
5674.719962 0.107126 0
5678.079962 0.119564 0
5681.439962 0.133979 0
5684.799962 0.108652 0
5688.159961 0.130450 0
5691.519961 0.139415 0
5694.879961 0.120058 0
5698.239961 0.127576 0
5701.599961 0.144035 0
5704.959961 0.146801 0
5708.319961 0.124349 0
5711.679961 0.128979 0
5715.039961 0.120631 0
5718.399960 0.098668 0
5721.759960 0.104511 0
5725.119960 0.125122 0
5728.479960 0.153510 0
5731.839960 0.138641 0
5735.199960 0.123795 0
5738.559960 0.120242 0
5741.919960 0.127888 0
5745.279960 0.137042 0
5748.639960 0.153280 0
5751.999959 0.141650 0
5755.359959 0.121586 0
5758.719959 0.134947 0
5762.079959 0.127878 0
5765.439959 0.131748 0
5768.799959 0.128526 0
5772.159959 0.129120 0
5775.519959 0.110639 0
5778.879959 0.124651 0
5782.239958 0.117665 0
5785.599958 0.139923 0
5788.959958 0.130233 0
5792.319958 0.146942 0
5795.679958 0.127337 0
5799.039958 0.122289 0
5802.399958 0.133154 0
5805.759958 0.130740 0
5809.119958 0.125715 0
5812.479958 0.108894 0
5815.839957 0.129395 0
5819.199957 0.115954 0
5822.559957 0.123557 0
5825.919957 0.133246 0
5829.279957 0.137925 0
5832.639957 0.113510 0
5835.999957 0.111526 0
5839.359957 0.130741 0
5842.719957 0.126702 0
5846.079956 0.122215 0
5849.439956 0.138174 0
5852.799956 0.123086 0
5856.159956 0.126260 0
5859.519956 0.112087 0
5862.879956 0.132592 0
5866.239956 0.135919 0
5869.599956 0.131400 0
5872.959956 0.145040 0
5876.319956 0.143214 0
5879.679955 0.135614 0
5883.039955 0.137551 0
5886.399955 0.132882 0
5889.759955 0.127141 0
5893.119955 0.154934 0
5896.479955 0.128674 0
5899.839955 0.131484 0
5903.199955 0.148890 0
5906.559955 0.118394 0
5909.919954 0.135292 0
5913.279954 0.148905 0
5916.639954 0.155484 0
5919.999954 0.171187 0
5923.359954 0.144033 0
5926.719954 0.142845 0
5930.079954 0.131517 0
5933.439954 0.120282 0
5936.799954 0.125021 0
5940.159954 0.132340 0
5943.519953 0.139380 0
5946.879953 0.173852 0
5950.239953 0.143505 0
5953.599953 0.139296 0
5956.959953 0.138269 0
5960.319953 0.119772 0
5963.679953 0.125354 0
5967.039953 0.143012 0
5970.399953 0.137839 0
5973.759952 0.143080 0
5977.119952 0.127524 0
5980.479952 0.116051 0
5983.839952 0.097261 0
5987.199952 0.112248 0
5990.559952 0.129736 0
5993.919952 0.112182 0
5997.279952 0.097713 0
6000.639952 0.101673 0
6003.999952 0.096385 0
6007.359951 0.092209 0
6010.719951 0.106083 0
6014.079951 0.139485 0
6017.439951 0.154289 0
6020.799951 0.166161 0
6024.159951 0.161526 0
6027.519951 0.130865 0
6030.879951 0.132064 0
6034.239951 0.149599 0
6037.599950 0.145898 0
6040.959950 0.150188 0
6044.319950 0.147041 0
6047.679950 0.132699 0
6051.039950 0.120659 0
6054.399950 0.130241 0
6057.759950 0.132769 0
6061.119950 0.144831 0
6064.479950 0.157638 0
6067.839950 0.162296 0
6071.199949 0.151462 0
6074.559949 0.140488 0
6077.919949 0.158323 0
6081.279949 0.166937 0
6084.639949 0.153370 0
6087.999949 0.167347 0
6091.359949 0.163066 0
6094.719949 0.162201 0
6098.079949 0.151828 0
6101.439948 0.172138 0
6104.799948 0.163886 0
6108.159948 0.149949 0
6111.519948 0.134492 0
6114.879948 0.115318 0
6118.239948 0.130097 0
6121.599948 0.155596 0
6124.959948 0.170100 0
6128.319948 0.144685 0
6131.679948 0.166674 0
6135.039947 0.154361 0
6138.399947 0.148940 0
6141.759947 0.142663 0
6145.119947 0.163018 0
6148.479947 0.164461 0
6151.839947 0.174182 0
6155.199947 0.161610 0
6158.559947 0.172187 0
6161.919947 0.193350 0
6165.279947 0.188819 0
6168.639946 0.148349 0
6171.999946 0.163640 0
6175.359946 0.185614 0
6178.719946 0.186933 0
6182.079946 0.152820 0
6185.439946 0.148662 0
6188.799946 0.156120 0
6192.159946 0.157685 0
6195.519946 0.162758 0
6198.879945 0.171082 0
6202.239945 0.150873 0
6205.599945 0.157025 0
6208.959945 0.167613 0
6212.319945 0.137123 0
6215.679945 0.150304 0
6219.039945 0.167188 0
6222.399945 0.167111 0
6225.759945 0.155544 0
6229.119945 0.174267 0
6232.479944 0.172435 0
6235.839944 0.174853 0
6239.199944 0.175219 0
6242.559944 0.178042 0
6245.919944 0.160904 0
6249.279944 0.152352 0
6252.639944 0.151071 0
6255.999944 0.181763 0
6259.359944 0.159178 0
6262.719943 0.167809 0
6266.079943 0.195988 0
6269.439943 0.169387 0
6272.799943 0.180540 0
6276.159943 0.190839 0
6279.519943 0.185319 0
6282.879943 0.184163 0
6286.239943 0.176816 0
6289.599943 0.170917 0
6292.959943 0.168389 0
6296.319942 0.165878 0
6299.679942 0.209834 0
6303.039942 0.213751 0
6306.399942 0.188703 0
6309.759942 0.138550 0
6313.119942 0.159135 0
6316.479942 0.180423 0
6319.839942 0.163949 0
6323.199942 0.170617 0
6326.559941 0.187104 0
6329.919941 0.181368 0
6333.279941 0.166520 0
6336.639941 0.180379 0
6339.999941 0.179069 0
6343.359941 0.174243 0
6346.719941 0.165442 0
6350.079941 0.175269 0
6353.439941 0.198134 0
6356.799941 0.193169 0
6360.159940 0.209288 0
6363.519940 0.190703 0
6366.879940 0.190606 0
6370.239940 0.194230 0
6373.599940 0.188283 0
6376.959940 0.196625 0
6380.319940 0.202540 0
6383.679940 0.171486 0
6387.039940 0.213069 0
6390.399939 0.171531 0
6393.759939 0.185380 0
6397.119939 0.202815 0
6400.479939 0.195071 0
6403.839939 0.187570 0
6407.199939 0.173039 0
6410.559939 0.170805 0
6413.919939 0.170808 0
6417.279939 0.167368 0
6420.639939 0.173597 0
6423.999938 0.200086 0
6427.359938 0.197679 0
6430.719938 0.185324 0
6434.079938 0.193467 0
6437.439938 0.220905 0
6440.799938 0.223263 0
6444.159938 0.218645 0
6447.519938 0.204499 0
6450.879938 0.204481 0
6454.239937 0.210058 0
6457.599937 0.224841 0
6460.959937 0.197080 0
6464.319937 0.202263 0
6467.679937 0.177918 0
6471.039937 0.167779 0
6474.399937 0.197686 0
6477.759937 0.171391 0
6481.119937 0.191312 0
6484.479937 0.174856 0
6487.839936 0.190488 0
6491.199936 0.199626 0
6494.559936 0.193420 0
6497.919936 0.203058 0
6501.279936 0.207729 0
6504.639936 0.175715 0
6507.999936 0.194955 0
6511.359936 0.164837 0
6514.719936 0.194383 0
6518.079935 0.183240 0
6521.439935 0.195681 0
6524.799935 0.164125 0
6528.159935 0.168650 0
6531.519935 0.176386 0
6534.879935 0.206174 0
6538.239935 0.195459 0
6541.599935 0.193602 0
6544.959935 0.191115 0
6548.319935 0.195976 0
6551.679934 0.185883 0
6555.039934 0.179958 0
6558.399934 0.176554 0
6561.759934 0.193782 0
6565.119934 0.187478 0
6568.479934 0.183595 0
6571.839934 0.165008 0
6575.199934 0.209441 0
6578.559934 0.183029 0
6581.919933 0.200698 0
6585.279933 0.212515 0
6588.639933 0.190097 0
6591.999933 0.178741 0
6595.359933 0.193732 0
6598.719933 0.193802 0
6602.079933 0.186827 0
6605.439933 0.208237 0
6608.799933 0.180589 0
6612.159933 0.192089 0
6615.519932 0.217268 0
6618.879932 0.200510 0
6622.239932 0.199885 0
6625.599932 0.243117 0
6628.959932 0.198173 0
6632.319932 0.191627 0
6635.679932 0.202639 0
6639.039932 0.219567 0
6642.399932 0.204919 0
6645.759932 0.193449 0
6649.119931 0.179270 0
6652.479931 0.186945 0
6655.839931 0.205223 0
6659.199931 0.200705 0
6662.559931 0.203174 0
6665.919931 0.219057 0
6669.279931 0.195297 0
6672.639931 0.182545 0
6675.999931 0.207184 0
6679.359930 0.214379 0
6682.719930 0.221939 0
6686.079930 0.216074 0
6689.439930 0.201541 0
6692.799930 0.210181 0
6696.159930 0.200831 0
6699.519930 0.210873 0
6702.879930 0.191503 0
6706.239930 0.182063 0
6709.599930 0.207444 0
6712.959929 0.210126 0
6716.319929 0.199862 0
6719.679929 0.214540 0
6723.039929 0.199151 0
6726.399929 0.189050 0
6729.759929 0.201379 0
6733.119929 0.200975 0
6736.479929 0.208488 0
6739.839929 0.218799 0
6743.199928 0.198851 0
6746.559928 0.177361 0
6749.919928 0.202641 0
6753.279928 0.212123 0
6756.639928 0.211390 0
6759.999928 0.197217 0
6763.359928 0.200096 0
6766.719928 0.206221 0
6770.079928 0.191755 0
6773.439928 0.188693 0
6776.799927 0.177021 0
6780.159927 0.163517 0
6783.519927 0.160800 0
6786.879927 0.167572 0
6790.239927 0.167359 0
6793.599927 0.168293 0
6796.959927 0.200695 0
6800.319927 0.203008 0
6803.679927 0.192029 0
6807.039926 0.211657 0
6810.399926 0.199545 0
6813.759926 0.182736 0
6817.119926 0.193113 0
6820.479926 0.188911 0
6823.839926 0.187727 0
6827.199926 0.188692 0
6830.559926 0.195584 0
6833.919926 0.211889 0
6837.279926 0.226960 0
6840.639925 0.234864 0
6843.999925 0.210190 0
6847.359925 0.200626 0
6850.719925 0.204774 0
6854.079925 0.201865 0
6857.439925 0.204240 0
6860.799925 0.170638 0
6864.159925 0.172412 0
6867.519925 0.180512 0
6870.879924 0.173772 0
6874.239924 0.170119 0
6877.599924 0.163708 0
6880.959924 0.176770 0
6884.319924 0.163929 0
6887.679924 0.171354 0
6891.039924 0.181669 0
6894.399924 0.182314 0
6897.759924 0.190778 0
6901.119924 0.184626 0
6904.479923 0.196258 0
6907.839923 0.192162 0
6911.199923 0.189110 0
6914.559923 0.200069 0
6917.919923 0.191764 0
6921.279923 0.186326 0
6924.639923 0.181001 0
6927.999923 0.195143 0
6931.359923 0.197662 0
6934.719922 0.189160 0
6938.079922 0.201704 0
6941.439922 0.197021 0
6944.799922 0.168761 0
6948.159922 0.199595 0
6951.519922 0.208324 0
6954.879922 0.208721 0
6958.239922 0.199410 0
6961.599922 0.198148 0
6964.959922 0.199798 0
6968.319921 0.191842 0
6971.679921 0.198448 0
6975.039921 0.190559 0
6978.399921 0.209213 0
6981.759921 0.197682 0
6985.119921 0.176351 0
6988.479921 0.188912 0
6991.839921 0.177126 0
6995.199921 0.192047 0
6998.559920 0.204845 0
7001.919920 0.181119 0
7005.279920 0.177776 0
7008.639920 0.200411 0
7011.999920 0.206110 0
7015.359920 0.201718 0
7018.719920 0.194858 0
7022.079920 0.194199 0
7025.439920 0.194509 0
7028.799920 0.187337 0
7032.159919 0.176456 0
7035.519919 0.199095 0
7038.879919 0.192911 0
7042.239919 0.190526 0
7045.599919 0.187088 0
7048.959919 0.194761 0
7052.319919 0.208356 0
7055.679919 0.223933 0
7059.039919 0.212253 0
7062.399918 0.211625 0
7065.759918 0.208964 0
7069.119918 0.197175 0
7072.479918 0.189830 0
7075.839918 0.188065 0
7079.199918 0.182523 0
7082.559918 0.180859 0
7085.919918 0.186354 0
7089.279918 0.197122 0
7092.639918 0.208443 0
7095.999917 0.202784 0
7099.359917 0.183108 0
7102.719917 0.216768 0
7106.079917 0.194422 0
7109.439917 0.197367 0
7112.799917 0.194242 0
7116.159917 0.182306 0
7119.519917 0.171030 0
7122.879917 0.182907 0
7126.239916 0.187798 0
7129.599916 0.208107 0
7132.959916 0.200583 0
7136.319916 0.204852 0
7139.679916 0.228235 0
7143.039916 0.201590 0
7146.399916 0.171801 0
7149.759916 0.180788 0
7153.119916 0.197394 0
7156.479916 0.169509 0
7159.839915 0.204217 0
7163.199915 0.200383 0
7166.559915 0.200259 0
7169.919915 0.198365 0
7173.279915 0.165750 0
7176.639915 0.168278 0
7179.999915 0.187716 0
7183.359915 0.195042 0
7186.719915 0.191424 0
7190.079915 0.180430 0
7193.439914 0.158939 0
7196.799914 0.188146 0
7200.159914 0.191694 0
7203.519914 0.166532 0
7206.879914 0.130529 0
7210.239914 0.146378 0
7213.599914 0.157867 0
7216.959914 0.166639 0
7220.319914 0.177600 0
7223.679913 0.159700 0
7227.039913 0.154314 0
7230.399913 0.169681 0
7233.759913 0.162091 0
7237.119913 0.179283 0
7240.479913 0.187257 0
7243.839913 0.175322 0
7247.199913 0.217398 0
7250.559913 0.221890 0
7253.919913 0.173733 0
7257.279912 0.175423 0
7260.639912 0.182880 0
7263.999912 0.190209 0
7267.359912 0.197518 0
7270.719912 0.160633 0
7274.079912 0.188645 0
7277.439912 0.196312 0
7280.799912 0.206257 0
7284.159912 0.180532 0
7287.519911 0.171740 0
7290.879911 0.199563 0
7294.239911 0.186449 0
7297.599911 0.189656 0
7300.959911 0.195477 0
7304.319911 0.210353 0
7307.679911 0.228862 0
7311.039911 0.188274 0
7314.399911 0.210666 0
7317.759911 0.204463 0
7321.119910 0.215126 0
7324.479910 0.208860 0
7327.839910 0.216023 0
7331.199910 0.191108 0
7334.559910 0.203126 0
7337.919910 0.210442 0
7341.279910 0.185225 0
7344.639910 0.172103 0
7347.999910 0.195210 0
7351.359909 0.178655 0
7354.719909 0.201316 0
7358.079909 0.220286 0
7361.439909 0.191121 0
7364.799909 0.219835 0
7368.159909 0.194694 0
7371.519909 0.189025 0
7374.879909 0.194758 0
7378.239909 0.245475 0
7381.599909 0.217854 0
7384.959908 0.194086 0
7388.319908 0.208148 0
7391.679908 0.208604 0
7395.039908 0.207620 0
7398.399908 0.202188 0
7401.759908 0.223154 0
7405.119908 0.230822 0
7408.479908 0.212464 0
7411.839908 0.237395 0
7415.199907 0.221932 0
7418.559907 0.220380 0
7421.919907 0.219338 0
7425.279907 0.189557 0
7428.639907 0.194795 0
7431.999907 0.204663 0
7435.359907 0.225616 0
7438.719907 0.228411 0
7442.079907 0.229505 0
7445.439907 0.211967 0
7448.799906 0.230087 0
7452.159906 0.211084 0
7455.519906 0.192114 0
7458.879906 0.189308 0
7462.239906 0.257099 0
7465.599906 0.192278 0
7468.959906 0.208587 0
7472.319906 0.205003 0
7475.679906 0.218769 0
7479.039905 0.241159 0
7482.399905 0.205094 0
7485.759905 0.230792 0
7489.119905 0.191203 0
7492.479905 0.194649 0
7495.839905 0.220993 0
7499.199905 0.224574 0
7502.559905 0.188240 0
7505.919905 0.202749 0
7509.279905 0.196396 0
7512.639904 0.198424 0
7515.999904 0.165076 0
7519.359904 0.168725 0
7522.719904 0.203759 0
7526.079904 0.202144 0
7529.439904 0.192296 0
7532.799904 0.201849 0
7536.159904 0.213650 0
7539.519904 0.200728 0
7542.879903 0.194824 0
7546.239903 0.198946 0
7549.599903 0.213686 0
7552.959903 0.208408 0
7556.319903 0.193240 0
7559.679903 0.199030 0
7563.039903 0.201058 0
7566.399903 0.212776 0
7569.759903 0.189623 0
7573.119903 0.185836 0
7576.479902 0.198455 0
7579.839902 0.198427 0
7583.199902 0.224207 0
7586.559902 0.236356 0
7589.919902 0.231939 0
7593.279902 0.187993 0
7596.639902 0.159744 0
7599.999902 0.194029 0
7603.359902 0.171680 0
7606.719901 0.223460 0
7610.079901 0.189823 0
7613.439901 0.238799 0
7616.799901 0.260244 0
7620.159901 0.251717 0
7623.519901 0.211566 0
7626.879901 0.221530 0
7630.239901 0.240620 0
7633.599901 0.155791 0
7636.959901 0.189722 0
7640.319900 0.214280 0
7643.679900 0.213834 0
7647.039900 0.186742 0
7650.399900 0.205861 0
7653.759900 0.235760 0
7657.119900 0.223153 0
7660.479900 0.200674 0
7663.839900 0.210716 0
7667.199900 0.196068 0
7670.559900 0.210479 0
7673.919899 0.191143 0
7677.279899 0.196830 0
7680.639899 0.184735 0
7683.999899 0.219324 0
7687.359899 0.196947 0
7690.719899 0.192581 0
7694.079899 0.189614 0
7697.439899 0.221075 0
7700.799899 0.203932 0
7704.159898 0.194700 0
7707.519898 0.205574 0
7710.879898 0.200743 0
7714.239898 0.147202 0
7717.599898 0.165329 0
7720.959898 0.183183 0
7724.319898 0.228899 0
7727.679898 0.217960 0
7731.039898 0.196267 0
7734.399898 0.172052 0
7737.759897 0.215684 0
7741.119897 0.200208 0
7744.479897 0.169282 0
7747.839897 0.210088 0
7751.199897 0.216725 0
7754.559897 0.202275 0
7757.919897 0.218989 0
7761.279897 0.186005 0
7764.639897 0.194720 0
7767.999896 0.202195 0
7771.359896 0.202558 0
7774.719896 0.188027 0
7778.079896 0.214201 0
7781.439896 0.227000 0
7784.799896 0.216442 0
7788.159896 0.185670 0
7791.519896 0.218951 0
7794.879896 0.188439 0
7798.239896 0.194253 0
7801.599895 0.196073 0
7804.959895 0.185164 0
7808.319895 0.169170 0
7811.679895 0.187056 0
7815.039895 0.178393 0
7818.399895 0.220471 0
7821.759895 0.184562 0
7825.119895 0.183006 0
7828.479895 0.230521 0
7831.839894 0.186353 0
7835.199894 0.193555 0
7838.559894 0.202710 0
7841.919894 0.189648 0
7845.279894 0.202933 0
7848.639894 0.208809 0
7851.999894 0.160961 0
7855.359894 0.164025 0
7858.719894 0.250460 0
7862.079894 0.219790 0
7865.439893 0.216213 0
7868.799893 0.207061 0
7872.159893 0.193930 0
7875.519893 0.210391 0
7878.879893 0.219582 0
7882.239893 0.219076 0
7885.599893 0.171048 0
7888.959893 0.195469 0
7892.319893 0.212771 0
7895.679892 0.203054 0
7899.039892 0.197456 0
7902.399892 0.191023 0
7905.759892 0.184775 0
7909.119892 0.195741 0
7912.479892 0.212148 0
7915.839892 0.205869 0
7919.199892 0.216262 0
7922.559892 0.215580 0
7925.919892 0.209597 0
7929.279891 0.194324 0
7932.639891 0.205479 0
7935.999891 0.225210 0
7939.359891 0.212823 0
7942.719891 0.204770 0
7946.079891 0.197506 0
7949.439891 0.214393 0
7952.799891 0.203274 0
7956.159891 0.158235 0
7959.519890 0.170954 0
7962.879890 0.183371 0
7966.239890 0.205740 0
7969.599890 0.179135 0
7972.959890 0.186819 0
7976.319890 0.234442 0
7979.679890 0.221155 0
7983.039890 0.230719 0
7986.399890 0.231421 0
7989.759890 0.193822 0
7993.119889 0.169236 0
7996.479889 0.194353 0
7999.839889 0.234723 0
8003.199889 0.236454 0
8006.559889 0.209976 0
8009.919889 0.193371 0
8013.279889 0.210851 0
8016.639889 0.221981 0
8019.999889 0.198262 0
8023.359888 0.221360 0
8026.719888 0.278472 0
8030.079888 0.181663 0
8033.439888 0.204561 0
8036.799888 0.197153 0
8040.159888 0.201931 0
8043.519888 0.220170 0
8046.879888 0.237817 0
8050.239888 0.200855 0
8053.599888 0.200936 0
8056.959887 0.230689 0
8060.319887 0.200303 0
8063.679887 0.201617 0
8067.039887 0.209011 0
8070.399887 0.213612 0
8073.759887 0.193094 0
8077.119887 0.201088 0
8080.479887 0.237872 0
8083.839887 0.226766 0
8087.199886 0.227700 0
8090.559886 0.241199 0
8093.919886 0.211317 0
8097.279886 0.213512 0
8100.639886 0.224801 0
8103.999886 0.204356 0
8107.359886 0.189886 0
8110.719886 0.216861 0
8114.079886 0.216292 0
8117.439886 0.215057 0
8120.799885 0.231945 0
8124.159885 0.212952 0
8127.519885 0.210236 0
8130.879885 0.211420 0
8134.239885 0.229292 0
8137.599885 0.219728 0
8140.959885 0.232101 0
8144.319885 0.212500 0
8147.679885 0.228413 0
8151.039885 0.223604 0
8154.399884 0.209581 0
8157.759884 0.191183 0
8161.119884 0.221052 0
8164.479884 0.227587 0
8167.839884 0.203329 0
8171.199884 0.213789 0
8174.559884 0.205019 0
8177.919884 0.189947 0
8181.279884 0.200904 0
8184.639883 0.229129 0
8187.999883 0.221825 0
8191.359883 0.224828 0
8194.719883 0.225384 0
8198.079883 0.224774 0
8201.439883 0.228750 0
8204.799883 0.195979 0
8208.159883 0.183441 0
8211.519883 0.187185 0
8214.879883 0.171087 0
8218.239882 0.159558 0
8221.599882 0.176108 0
8224.959882 0.174078 0
8228.319882 0.191725 0
8231.679882 0.200346 0
8235.039882 0.192549 0
8238.399882 0.226770 0
8241.759882 0.228305 0
8245.119882 0.211502 0
8248.479881 0.215705 0
8251.839881 0.187402 0
8255.199881 0.209661 0
8258.559881 0.189095 0
8261.919881 0.193200 0
8265.279881 0.199046 0
8268.639881 0.226613 0
8271.999881 0.200460 0
8275.359881 0.171904 0
8278.719881 0.179286 0
8282.079880 0.216458 0
8285.439880 0.209280 0
8288.799880 0.229979 0
8292.159880 0.165646 0
8295.519880 0.218061 0
8298.879880 0.192268 0
8302.239880 0.224632 0
8305.599880 0.238106 0
8308.959880 0.170552 0
8312.319879 0.210145 0
8315.679879 0.219201 0
8319.039879 0.227779 0
8322.399879 0.222179 0
8325.759879 0.223248 0
8329.119879 0.207979 0
8332.479879 0.202517 0
8335.839879 0.193517 0
8339.199879 0.175205 0
8342.559879 0.122818 0
8345.919878 0.251583 0
8349.279878 0.157909 0
8352.639878 0.190721 0
8355.999878 0.207753 0
8359.359878 0.198012 0
8362.719878 0.199419 0
8366.079878 0.178256 0
8369.439878 0.206395 0
8372.799878 0.226184 0
8376.159877 0.216427 0
8379.519877 0.227938 0
8382.879877 0.227834 0
8386.239877 0.201410 0
8389.599877 0.200108 0
8392.959877 0.172265 0
8396.319877 0.220169 0
8399.679877 0.223746 0
8403.039877 0.225187 0
8406.399877 0.233955 0
8409.759876 0.237987 0
8413.119876 0.212682 0
8416.479876 0.187234 0
8419.839876 0.204725 0
8423.199876 0.234700 0
8426.559876 0.213516 0
8429.919876 0.221080 0
8433.279876 0.235481 0
8436.639876 0.201235 0
8439.999875 0.195399 0
8443.359875 0.204436 0
8446.719875 0.197759 0
8450.079875 0.184020 0
8453.439875 0.222056 0
8456.799875 0.211875 0
8460.159875 0.228991 0
8463.519875 0.214183 0
8466.879875 0.191771 0
8470.239875 0.195002 0
8473.599874 0.210209 0
8476.959874 0.205031 0
8480.319874 0.191171 0
8483.679874 0.235314 0
8487.039874 0.229320 0
8490.399874 0.195382 0
8493.759874 0.217467 0
8497.119874 0.193864 0
8500.479874 0.173873 0
8503.839873 0.207998 0
8507.199873 0.225553 0
8510.559873 0.187307 0
8513.919873 0.194558 0
8517.279873 0.229912 0
8520.639873 0.199051 0
8523.999873 0.210154 0
8527.359873 0.211401 0
8530.719873 0.226235 0
8534.079873 0.215025 0
8537.439872 0.223817 0
8540.799872 0.215933 0
8544.159872 0.210746 0
8547.519872 0.193302 0
8550.879872 0.172202 0
8554.239872 0.170845 0
8557.599872 0.186844 0
8560.959872 0.182301 0
8564.319872 0.218626 0
8567.679871 0.203424 0
8571.039871 0.217714 0
8574.399871 0.225904 0
8577.759871 0.222738 0
8581.119871 0.216524 0
8584.479871 0.193357 0
8587.839871 0.183985 0
8591.199871 0.169558 0
8594.559871 0.173628 0
8597.919871 0.162674 0
8601.279870 0.160146 0
8604.639870 0.194549 0
8607.999870 0.197495 0
8611.359870 0.195613 0
8614.719870 0.226786 0
8618.079870 0.235624 0
8621.439870 0.205884 0
8624.799870 0.201162 0
8628.159870 0.199513 0
8631.519870 0.200312 0
8634.879869 0.170173 0
8638.239869 0.195403 0
8641.599869 0.201212 0
8644.959869 0.183322 0
8648.319869 0.218161 0
8651.679869 0.202221 0
8655.039869 0.200358 0
8658.399869 0.192347 0
8661.759869 0.170633 0
8665.119868 0.223064 0
8668.479868 0.163637 0
8671.839868 0.175976 0
8675.199868 0.188837 0
8678.559868 0.151420 0
8681.919868 0.163972 0
8685.279868 0.160730 0
8688.639868 0.204004 0
8691.999868 0.221530 0
8695.359868 0.187174 0
8698.719867 0.194081 0
8702.079867 0.201272 0
8705.439867 0.184337 0
8708.799867 0.182752 0
8712.159867 0.198920 0
8715.519867 0.219465 0
8718.879867 0.202799 0
8722.239867 0.197205 0
8725.599867 0.223383 0
8728.959866 0.201106 0
8732.319866 0.201617 0
8735.679866 0.191223 0
8739.039866 0.210776 0
8742.399866 0.213395 0
8745.759866 0.213590 0
8749.119866 0.214698 0
8752.479866 0.205235 0
8755.839866 0.193049 0
8759.199866 0.204994 0
8762.559865 0.240787 0
8765.919865 0.199814 0
8769.279865 0.189805 0
8772.639865 0.168982 0
8775.999865 0.123519 0
8779.359865 0.189025 0
8782.719865 0.203071 0
8786.079865 0.188244 0
8789.439865 0.186172 0
8792.799864 0.182313 0
8796.159864 0.216576 0
8799.519864 0.195491 0
8802.879864 0.192874 0
8806.239864 0.195591 0
8809.599864 0.199983 0
8812.959864 0.192772 0
8816.319864 0.193761 0
8819.679864 0.238613 0
8823.039864 0.194696 0
8826.399863 0.221141 0
8829.759863 0.271302 0
8833.119863 0.276274 0
8836.479863 0.194973 0
8839.839863 0.197331 0
8843.199863 0.211794 0
8846.559863 0.214200 0
8849.919863 0.205150 0
8853.279863 0.254218 0
8856.639862 0.206672 0
8859.999862 0.183371 0
8863.359862 0.209549 0
8866.719862 0.194778 0
8870.079862 0.184675 0
8873.439862 0.201989 0
8876.799862 0.212248 0
8880.159862 0.168448 0
8883.519862 0.185533 0
8886.879862 0.221274 0
8890.239861 0.269967 0
8893.599861 0.222032 0
8896.959861 0.227458 0
8900.319861 0.194899 0
8903.679861 0.243752 0
8907.039861 0.224432 0
8910.399861 0.180256 0
8913.759861 0.271577 0
8917.119861 0.254787 0
8920.479860 0.186281 0
8923.839860 0.192312 0
8927.199860 0.214612 0
8930.559860 0.235538 0
8933.919860 0.201060 0
8937.279860 0.189170 0
8940.639860 0.225735 0
8943.999860 0.223529 0
8947.359860 0.177773 0
8950.719860 0.208136 0
8954.079859 0.166184 0
8957.439859 0.242015 0
8960.799859 0.253164 0
8964.159859 0.192794 0
8967.519859 0.200229 0
8970.879859 0.214110 0
8974.239859 0.223281 0
8977.599859 0.229303 0
8980.959859 0.215252 0
8984.319858 0.189968 0
8987.679858 0.182837 0
8991.039858 0.224739 0
8994.399858 0.220151 0
8997.759858 0.168597 0
9001.119858 0.173452 0
9004.479858 0.159047 0
9007.839858 0.222596 0
9011.199858 0.215098 0
9014.559858 0.231321 0
9017.919857 0.222395 0
9021.279857 0.220116 0
9024.639857 0.204526 0
9027.999857 0.212745 0
9031.359857 0.230603 0
9034.719857 0.197874 0
9038.079857 0.207201 0
9041.439857 0.187459 0
9044.799857 0.211217 0
9048.159856 0.243209 0
9051.519856 0.213875 0
9054.879856 0.177814 0
9058.239856 0.192533 0
9061.599856 0.191238 0
9064.959856 0.190057 0
9068.319856 0.209235 0
9071.679856 0.225257 0
9075.039856 0.198748 0
9078.399856 0.202892 0
9081.759855 0.235450 0
9085.119855 0.220446 0
9088.479855 0.186448 0
9091.839855 0.177020 0
9095.199855 0.195401 0
9098.559855 0.185618 0
9101.919855 0.180950 0
9105.279855 0.247114 0
9108.639855 0.205960 0
9111.999855 0.207203 0
9115.359854 0.223007 0
9118.719854 0.226059 0
9122.079854 0.203929 0
9125.439854 0.215833 0
9128.799854 0.176321 0
9132.159854 0.220604 0
9135.519854 0.207068 0
9138.879854 0.215444 0
9142.239854 0.229005 0
9145.599853 0.210540 0
9148.959853 0.215614 0
9152.319853 0.149743 0
9155.679853 0.152663 0
9159.039853 0.203769 0
9162.399853 0.212395 0
9165.759853 0.236776 0
9169.119853 0.210042 0
9172.479853 0.204397 0
9175.839853 0.222736 0
9179.199852 0.192813 0
9182.559852 0.190227 0
9185.919852 0.207392 0
9189.279852 0.257942 0
9192.639852 0.214689 0
9195.999852 0.213530 0
9199.359852 0.237242 0
9202.719852 0.211040 0
9206.079852 0.197701 0
9209.439851 0.197799 0
9212.799851 0.238190 0
9216.159851 0.214855 0
9219.519851 0.206927 0
9222.879851 0.234236 0
9226.239851 0.232377 0
9229.599851 0.226827 0
9232.959851 0.220590 0
9236.319851 0.216439 0
9239.679851 0.233452 0
9243.039850 0.231094 0
9246.399850 0.253383 0
9249.759850 0.220327 0
