# obs: 255754-58fits
# slit: 31
# z: 0.46659
# lines: [OII],H9,H,[OIII]
# spec: 259
4451.680000 0.000000 1
4455.040000 0.000000 1
4458.400000 0.000000 1
4461.760000 0.000000 1
4465.120000 0.000000 1
4468.480000 0.000000 1
4471.840000 0.000000 1
4475.200000 0.000000 1
4478.560000 0.000000 1
4481.920000 0.000000 1
4485.280000 0.000000 1
4488.640000 0.000000 1
4492.000000 0.000000 1
4495.360000 0.037468 1
4498.720000 0.030200 0
4502.080000 0.010386 0
4505.440000 0.008793 0
4508.800000 0.011175 0
4512.160000 0.012856 0
4515.520000 0.013632 0
4518.880000 0.003390 0
4522.240000 0.019627 0
4525.600000 0.005815 0
4528.960000 0.012364 0
4532.320000 0.026194 0
4535.680000 0.005734 0
4539.040000 0.010511 0
4542.400000 0.013700 0
4545.760000 0.026905 0
4549.120000 0.013212 0
4552.480000 0.015915 0
4555.840000 0.003376 0
4559.200000 0.013297 0
4562.560000 0.017262 0
4565.920000 0.016222 0
4569.280000 0.012506 0
4572.640000 0.018702 0
4576.000000 0.005932 0
4579.360000 0.008215 0
4582.720000 0.012650 0
4586.080000 0.017348 0
4589.440000 0.010315 0
4592.800000 0.008722 0
4596.160000 0.009898 0
4599.520000 0.014206 0
4602.880000 0.022669 0
4606.240000 0.017809 0
4609.600000 0.007407 0
4612.960000 0.010422 0
4616.320000 0.022629 0
4619.680000 0.010521 0
4623.040000 0.004007 0
4626.400000 0.018967 0
4629.760000 0.014626 0
4633.120000 0.016197 0
4636.480000 0.007795 0
4639.840000 0.015578 0
4643.200000 0.012188 0
4646.560000 0.010295 0
4649.920000 0.011937 0
4653.280000 0.011861 0
4656.640000 0.013434 0
4660.000000 0.015934 0
4663.360000 0.013733 0
4666.720000 0.016636 0
4670.080000 0.008023 0
4673.440000 0.012142 0
4676.800000 0.015031 0
4680.160000 0.011588 0
4683.520000 0.017708 0
4686.880000 0.017037 0
4690.240000 0.016281 0
4693.600000 -0.000919 0
4696.960000 0.016942 0
4700.320000 0.007742 0
4703.680000 0.007063 0
4707.040000 0.020772 0
4710.400000 0.015478 0
4713.760000 0.013954 0
4717.120000 0.006652 0
4720.480000 0.004964 0
4723.840000 0.014593 0
4727.200000 0.011232 0
4730.560000 0.009733 0
4733.920000 0.012670 0
4737.280000 0.021674 0
4740.640000 0.017477 0
4744.000000 0.015514 0
4747.360000 0.003508 0
4750.720000 0.013947 0
4754.080000 0.009975 0
4757.440000 0.021048 0
4760.800000 0.010895 0
4764.160000 0.004841 0
4767.520000 0.014316 0
4770.880000 0.003327 0
4774.240000 0.017155 0
4777.600000 0.020526 0
4780.960000 0.015257 0
4784.320000 0.009112 0
4787.680000 0.009897 0
4791.040000 0.015601 0
4794.400000 0.020419 0
4797.760000 0.009180 0
4801.120000 0.017896 0
4804.480000 0.008704 0
4807.840000 0.009367 0
4811.200000 0.017797 0
4814.560000 0.014287 0
4817.920000 0.012927 0
4821.280000 0.009729 0
4824.640000 0.008413 0
4828.000000 0.014508 0
4831.360000 0.018221 0
4834.720000 0.013845 0
4838.080000 0.013786 0
4841.440000 0.009547 0
4844.800000 0.009703 0
4848.160000 0.015300 0
4851.520000 0.019819 0
4854.880000 0.020928 0
4858.240000 0.021250 0
4861.600000 0.025256 0
4864.960000 0.016310 0
4868.320000 0.009471 0
4871.680000 0.015871 0
4875.040000 0.020924 0
4878.400000 0.015736 0
4881.760000 0.011325 0
4885.120000 0.018971 0
4888.480000 0.010126 0
4891.840000 0.013860 0
4895.200000 0.018451 0
4898.560000 0.019033 0
4901.920000 0.023325 0
4905.280000 0.013757 0
4908.640000 0.007119 0
4912.000000 0.009893 0
4915.360000 0.010343 0
4918.720000 0.026163 0
4922.080000 0.011459 0
4925.440000 0.005432 0
4928.800000 0.015597 0
4932.160000 0.015681 0
4935.520000 0.014370 0
4938.880000 0.007270 0
4942.240000 0.011524 0
4945.600000 0.015147 0
4948.960000 0.017106 0
4952.320000 0.012730 0
4955.680000 0.017194 0
4959.040000 0.009470 0
4962.400000 0.010630 0
4965.760000 0.011252 0
4969.120000 0.009727 0
4972.480000 0.014537 0
4975.840000 0.014914 0
4979.200000 0.016062 0
4982.560000 0.015405 0
4985.920000 0.020658 0
4989.280000 0.016088 0
4992.640000 0.019849 0
4996.000000 0.020305 0
4999.360000 0.011179 0
5002.720000 0.023774 0
5006.080000 0.018901 0
5009.440000 0.012257 0
5012.800000 0.013561 0
5016.160000 0.009702 0
5019.520000 0.012976 0
5022.880000 0.014105 0
5026.240000 0.008879 0
5029.600000 0.012520 0
5032.960000 0.017176 0
5036.320000 0.011517 0
5039.680000 0.005694 0
5043.040000 0.017198 0
5046.400000 0.012392 0
5049.760000 0.013430 0
5053.120000 0.011903 0
5056.480000 0.013290 0
5059.840000 0.018837 0
5063.200000 0.014280 0
5066.560000 0.008688 0
5069.920000 0.016791 0
5073.280000 0.010038 0
5076.640000 0.007957 0
5080.000000 0.018826 0
5083.360000 0.011126 0
5086.720000 0.015585 0
5090.080000 0.016557 0
5093.440000 0.013537 0
5096.800000 0.012279 0
5100.160000 0.016783 0
5103.520000 0.011592 0
5106.880000 0.015671 0
5110.240000 0.014288 0
5113.600000 0.011970 0
5116.960000 0.017176 0
5120.320000 0.015924 0
5123.680000 0.018115 0
5127.040000 0.013746 0
5130.400000 0.017294 0
5133.760000 0.020190 0
5137.120000 0.016672 0
5140.480000 0.017364 0
5143.840000 0.017630 0
5147.200000 0.015702 0
5150.560000 0.018694 0
5153.920000 0.016966 0
5157.280000 0.023940 0
5160.640000 0.015798 0
5164.000000 0.011224 0
5167.360000 0.014963 0
5170.720000 0.015569 0
5174.080000 0.013464 0
5177.440000 0.012377 0
5180.800000 0.016375 0
5184.160000 0.012369 0
5187.520000 0.010590 0
5190.880000 0.022067 0
5194.240000 0.014544 0
5197.600000 0.009712 0
5200.960000 0.021568 0
5204.320000 0.020926 0
5207.680000 0.014147 0
5211.040000 0.013426 0
5214.400000 0.014683 0
5217.760000 0.009806 0
5221.120000 0.015223 0
5224.480000 0.019638 0
5227.840000 0.014393 0
5231.200000 0.011974 0
5234.560000 0.007251 0
5237.920000 0.015148 0
5241.280000 0.015617 0
5244.640000 0.015626 0
5248.000000 0.018378 0
5251.360000 0.010518 0
5254.720000 0.004088 0
5258.080000 0.009871 0
5261.440000 0.018785 0
5264.800000 0.010002 0
5268.160000 0.010279 0
5271.520000 0.019649 0
5274.880000 0.015333 0
5278.240000 0.012635 0
5281.600000 0.008453 0
5284.960000 0.009483 0
5288.320000 0.007726 0
5291.680000 0.006595 0
5295.040000 0.013605 0
5298.400000 0.015251 0
5301.760000 0.008261 0
5305.120000 0.016416 0
5308.480000 0.014504 0
5311.840000 0.005961 0
5315.200000 0.014886 0
5318.560000 0.012483 0
5321.920000 0.019608 0
5325.280000 0.016705 0
5328.640000 0.012462 0
5332.000000 0.020021 0
5335.360000 0.018367 0
5338.720000 0.017799 0
5342.080000 0.025967 0
5345.440000 0.014955 0
5348.800000 0.012319 0
5352.160000 0.010213 0
5355.520000 0.011782 0
5358.880000 0.015885 0
5362.240000 0.019588 0
5365.600000 0.014718 0
5368.960000 0.018122 0
5372.320000 0.016194 0
5375.680000 0.015739 0
5379.040000 0.011051 0
5382.400000 0.018442 0
5385.760000 0.011320 0
5389.120000 0.017446 0
5392.480000 0.017443 0
5395.840000 0.011789 0
5399.200000 0.010545 0
5402.560000 0.015682 0
5405.920000 0.020941 0
5409.280000 0.015835 0
5412.640000 0.012351 0
5416.000000 0.012657 0
5419.360000 0.015183 0
5422.720000 0.016492 0
5426.080000 0.011118 0
5429.440000 0.010563 0
5432.800000 0.015907 0
5436.160000 0.013834 0
5439.520000 0.021830 0
5442.880000 0.019034 0
5446.240000 0.013587 0
5449.600000 0.019541 0
5452.960000 0.011402 0
5456.320000 0.018736 0
5459.680000 0.037714 0
5463.040000 0.047787 0
5466.400000 0.062406 0
5469.760000 0.066019 0
5473.120000 0.055646 0
5476.480000 0.022926 0
5479.840000 0.015560 0
5483.200000 0.023538 0
5486.560000 0.010021 0
5489.920000 0.016111 0
5493.280000 0.025447 0
5496.640000 0.014220 0
5500.000000 0.020682 0
5503.360000 0.011079 0
5506.720000 0.017918 0
5510.080000 0.016153 0
5513.440000 0.020171 0
5516.800000 0.017137 0
5520.160000 0.014153 0
5523.520000 0.015451 0
5526.880000 0.011121 0
5530.240000 0.012261 0
5533.600000 0.012675 0
5536.960000 0.015170 0
5540.320000 0.015472 0
5543.680000 0.028101 0
5547.040000 0.029043 0
5550.400000 0.022328 0
5553.760000 0.026481 0
5557.120000 0.026527 0
5560.480000 0.020818 1
5563.840000 0.025560 1
5567.200000 0.027501 1
5570.560000 0.150471 1
5573.920000 0.076297 1
5577.280000 -0.013704 1
5580.640000 -0.017403 1
5584.000000 -0.022543 1
5587.360000 0.024047 1
5590.720000 0.019754 1
5594.080000 0.017396 1
5597.440000 0.027371 0
5600.800000 0.032849 0
5604.160000 0.020448 0
5607.520000 0.012222 0
5610.880000 0.028333 0
5614.240000 0.013707 0
5617.600000 0.011717 0
5620.960000 0.007063 0
5624.320000 0.015499 0
5627.680000 0.013623 0
5631.040000 0.012611 0
5634.400000 0.020311 0
5637.760000 0.025110 0
5641.120000 0.020730 0
5644.480000 0.019668 0
5647.840000 0.025920 0
5651.200000 0.028977 0
5654.560000 0.022981 0
5657.920000 0.023320 0
5661.280000 0.033375 0
5664.640000 0.028164 0
5668.000000 0.022831 0
5671.360000 0.030045 0
5674.720000 0.019131 0
5678.080000 0.027071 0
5681.440000 0.034924 0
5684.800000 0.026325 0
5688.160000 0.023801 0
5691.520000 0.020458 0
5694.880000 0.028097 0
5698.240000 0.018310 0
5701.600000 0.024893 0
5704.960000 0.022391 0
5708.320000 0.020150 0
5711.680000 0.014714 0
5715.040000 0.020757 0
5718.400000 0.016014 0
5721.760000 0.021280 0
5725.120000 0.019980 0
5728.480000 0.018077 0
5731.840000 0.016162 0
5735.200000 0.023179 0
5738.560000 0.020176 0
5741.920000 0.024616 0
5745.280000 0.022437 0
5748.640000 0.029224 0
5752.000000 0.014415 0
5755.360000 0.027038 0
5758.720000 0.029580 0
5762.080000 0.026477 0
5765.440000 0.016843 0
5768.800000 0.023698 0
5772.160000 0.020040 0
5775.520000 0.025229 0
5778.880000 0.026615 0
5782.240000 0.024961 0
5785.600000 0.018632 0
5788.960000 0.021632 0
5792.320000 0.023541 0
5795.680000 0.013599 0
5799.040000 0.026323 0
5802.400000 0.027916 0
5805.760000 0.022187 0
5809.120000 0.019987 0
5812.480000 0.019021 0
5815.840000 0.023585 0
5819.200000 0.014437 0
5822.560000 0.017974 0
5825.920000 0.010566 0
5829.280000 0.025273 0
5832.640000 0.013681 0
5836.000000 0.017315 0
5839.360000 0.020905 0
5842.720000 0.029909 0
5846.080000 0.027490 0
5849.440000 0.026954 0
5852.800000 0.022395 0
5856.160000 0.029035 0
5859.520000 0.031259 0
5862.880000 0.028619 0
5866.240000 0.023871 0
5869.600000 0.025850 0
5872.960000 0.025190 0
5876.320000 0.029880 0
5879.680000 0.032663 0
5883.040000 0.048487 0
5886.400000 0.037722 0
5889.760000 0.008349 0
5893.120000 0.008922 0
5896.480000 0.019358 0
5899.840000 0.027455 0
5903.200000 0.031461 0
5906.560000 0.038580 0
5909.920000 0.016141 0
5913.280000 0.031526 0
5916.640000 0.028654 0
5920.000000 0.028482 0
5923.360000 0.032059 0
5926.720000 0.032301 0
5930.080000 0.030902 0
5933.440000 0.040843 0
5936.800000 0.034717 0
5940.160000 0.019381 0
5943.520000 0.036239 0
5946.880000 0.040496 0
5950.240000 0.035892 0
5953.600000 0.023401 0
5956.960000 0.025267 0
5960.320000 0.024091 0
5963.680000 0.029117 0
5967.040000 0.033295 0
5970.400000 0.020321 0
5973.760000 0.029886 0
5977.120000 0.022483 0
5980.480000 0.024354 0
5983.840000 0.030342 0
5987.200000 0.029323 0
5990.560000 0.020688 0
5993.920000 0.022912 0
5997.280000 0.035526 0
6000.640000 0.031767 0
6004.000000 0.028829 0
6007.360000 0.020071 0
6010.720000 0.022741 0
6014.080000 0.025607 0
6017.440000 0.025751 0
6020.800000 0.026048 0
6024.160000 0.025353 0
6027.520000 0.017735 0
6030.880000 0.020303 0
6034.240000 0.029875 0
6037.600000 0.025031 0
6040.960000 0.022777 0
6044.320000 0.027021 0
6047.680000 0.026503 0
6051.040000 0.028197 0
6054.400000 0.026107 0
6057.760000 0.026930 0
6061.120000 0.016258 0
6064.480000 0.024657 0
6067.840000 0.031450 0
6071.200000 0.026053 0
6074.560000 0.019792 0
6077.920000 0.026553 0
6081.280000 0.029341 0
6084.640000 0.018527 0
6088.000000 0.024835 0
6091.360000 0.021873 0
6094.720000 0.020954 0
6098.080000 0.029992 0
6101.440000 0.020265 0
6104.800000 0.027850 0
6108.160000 0.025234 0
6111.520000 0.023184 0
6114.880000 0.025776 0
6118.240000 0.031112 0
6121.600000 0.025225 0
6124.960000 0.018482 0
6128.320000 0.020014 0
6131.680000 0.031010 0
6135.040000 0.023321 0
6138.400000 0.025679 0
6141.760000 0.038230 0
6145.120000 0.037121 0
6148.480000 0.033306 0
6151.840000 0.029595 0
6155.200000 0.025304 0
6158.560000 0.017863 0
6161.920000 0.014031 0
6165.280000 0.027206 0
6168.640000 0.028685 0
6172.000000 0.027664 0
6175.360000 0.025666 0
6178.720000 0.030472 0
6182.080000 0.025047 0
6185.440000 0.027560 0
6188.800000 0.024338 0
6192.160000 0.023827 0
6195.520000 0.024064 0
6198.880000 0.024955 0
6202.240000 0.029393 0
6205.600000 0.025579 0
6208.960000 0.020982 0
6212.320000 0.021043 0
6215.680000 0.021936 0
6219.040000 0.025901 0
6222.400000 0.027541 0
6225.760000 0.026031 0
6229.120000 0.030503 0
6232.480000 0.031539 0
6235.840000 0.029437 0
6239.200000 0.021920 0
6242.560000 0.013290 0
6245.920000 0.022007 0
6249.280000 0.021451 0
6252.640000 0.026670 0
6256.000000 0.024341 0
6259.360000 0.034766 0
6262.720000 0.018124 0
6266.080000 0.028402 0
6269.440000 0.029749 0
6272.800000 0.022060 0
6276.160000 0.024990 0
6279.520000 0.017739 0
6282.880000 0.023957 0
6286.240000 0.032928 0
6289.600000 0.030244 0
6292.960000 0.021848 0
6296.320000 0.018282 0
6299.680000 0.004569 0
6303.040000 0.007492 0
6306.400000 0.026002 0
6309.760000 0.021700 0
6313.120000 0.019757 0
6316.480000 0.028082 0
6319.840000 0.021449 0
6323.200000 0.029442 0
6326.560000 0.029706 0
6329.920000 0.015555 0
6333.280000 0.019558 0
6336.640000 0.024355 0
6340.000000 0.028668 0
6343.360000 0.025395 0
6346.720000 0.024902 0
6350.080000 0.024565 0
6353.440000 0.026815 0
6356.800000 0.010936 0
6360.160000 0.012504 0
6363.520000 0.025041 0
6366.880000 0.028918 0
6370.240000 0.022224 0
6373.600000 0.024533 0
6376.960000 0.017457 0
6380.320000 0.017571 0
6383.680000 0.018980 0
6387.040000 0.021563 0
6390.400000 0.033857 0
6393.760000 0.029274 0
6397.120000 0.022707 0
6400.480000 0.028836 0
6403.840000 0.026899 0
6407.200000 0.029761 0
6410.560000 0.024471 0
6413.920000 0.022225 0
6417.280000 0.026365 0
6420.640000 0.023925 0
6424.000000 0.027048 0
6427.360000 0.027619 0
6430.720000 0.022773 0
6434.080000 0.019767 0
6437.440000 0.019561 0
6440.800000 0.022058 0
6444.160000 0.022937 0
6447.520000 0.028959 0
6450.880000 0.034576 0
6454.240000 0.030273 0
6457.600000 0.017324 0
6460.960000 0.032918 0
6464.320000 0.023800 0
6467.680000 0.030561 0
6471.040000 0.019380 0
6474.400000 0.014689 0
6477.760000 0.026367 0
6481.120000 0.028858 0
6484.480000 0.030377 0
6487.840000 0.023328 0
6491.200000 0.016906 0
6494.560000 0.021322 0
6497.920000 0.032630 0
6501.280000 0.034552 0
6504.640000 0.027709 0
6508.000000 0.018409 0
6511.360000 0.024620 0
6514.720000 0.025504 0
6518.080000 0.019477 0
6521.440000 0.029717 0
6524.800000 0.023227 0
6528.160000 0.021814 0
6531.520000 0.023693 0
6534.880000 0.030424 0
6538.240000 0.025813 0
6541.600000 0.028966 0
6544.960000 0.017435 0
6548.320000 0.023150 0
6551.680000 0.027769 0
6555.040000 0.025353 0
6558.400000 0.017549 0
6561.760000 0.027291 0
6565.120000 0.025458 0
6568.480000 0.023254 0
6571.840000 0.027309 0
6575.200000 0.030479 0
6578.560000 0.031450 0
6581.920000 0.033095 0
6585.280000 0.033018 0
6588.640000 0.020089 0
6592.000000 0.019940 0
6595.360000 0.026114 0
6598.720000 0.023254 0
6602.080000 0.027652 0
6605.440000 0.027423 0
6608.800000 0.025994 0
6612.160000 0.025157 0
6615.520000 0.019520 0
6618.880000 0.017991 0
6622.240000 0.029013 0
6625.600000 0.023111 0
6628.960000 0.012936 0
6632.320000 0.021387 0
6635.680000 0.029388 0
6639.040000 0.026885 0
6642.400000 0.019220 0
6645.760000 0.019606 0
6649.120000 0.019858 0
6652.480000 0.024525 0
6655.840000 0.020328 0
6659.200000 0.025592 0
6662.560000 0.026536 0
6665.920000 0.021799 0
6669.280000 0.023804 0
6672.640000 0.032884 0
6676.000000 0.022090 0
6679.360000 0.018630 0
6682.720000 0.018258 0
6686.080000 0.020928 0
6689.440000 0.024530 0
6692.800000 0.018111 0
6696.160000 0.024305 0
6699.520000 0.022665 0
6702.880000 0.023067 0
6706.240000 0.024366 0
6709.600000 0.022319 0
6712.960000 0.024078 0
6716.320000 0.018827 0
6719.680000 0.023835 0
6723.040000 0.026077 0
6726.400000 0.023598 0
6729.760000 0.027674 0
6733.120000 0.032598 0
6736.480000 0.018281 0
6739.840000 0.022065 0
6743.200000 0.029631 0
6746.560000 0.024830 0
6749.920000 0.015369 0
6753.280000 0.020734 0
6756.640000 0.024156 0
6760.000000 0.028637 0
6763.360000 0.021093 0
6766.720000 0.020054 0
6770.080000 0.025332 0
6773.440000 0.022905 0
6776.800000 0.023561 0
6780.160000 0.017960 0
6783.520000 0.013714 0
6786.880000 0.020398 0
6790.240000 0.033602 0
6793.600000 0.026079 0
6796.960000 0.021904 0
6800.320000 0.026195 0
6803.680000 0.029788 0
6807.040000 0.019212 0
6810.400000 0.018708 0
6813.760000 0.017687 0
6817.120000 0.018530 1
6820.480000 0.021759 1
6823.840000 0.034480 1
6827.200000 0.031090 1
6830.560000 0.031782 1
6833.920000 0.031705 1
6837.280000 0.030724 1
6840.640000 0.031467 0
6844.000000 0.022772 0
6847.360000 0.025670 0
6850.720000 0.029630 0
6854.080000 0.024538 0
6857.440000 0.015840 0
6860.800000 0.016776 0
6864.160000 0.024115 0
6867.520000 0.018903 0
6870.880000 0.015356 0
6874.240000 0.020964 0
6877.600000 0.027871 0
6880.960000 0.023803 0
6884.320000 0.027023 0
6887.680000 0.028080 0
6891.040000 0.017182 0
6894.400000 0.020347 0
6897.760000 0.022485 0
6901.120000 0.015090 0
6904.480000 0.020140 0
6907.840000 0.027331 0
6911.200000 0.017444 0
6914.560000 0.022650 0
6917.920000 0.033348 0
6921.280000 0.035911 0
6924.640000 0.039137 0
6928.000000 0.030186 0
6931.360000 0.026023 0
6934.720000 0.028676 0
6938.080000 0.026018 0
6941.440000 0.035767 0
6944.800000 0.033440 0
6948.160000 0.024642 0
6951.520000 0.026728 0
6954.880000 0.041288 0
6958.240000 0.025477 0
6961.600000 0.021089 0
6964.960000 0.029871 0
6968.320000 0.028555 0
6971.680000 0.027311 0
6975.040000 0.023366 0
6978.400000 0.024711 0
6981.760000 0.034788 0
6985.120000 0.034598 0
6988.480000 0.028190 0
6991.840000 0.021880 0
6995.200000 0.022178 0
6998.560000 0.024317 0
7001.920000 0.028524 0
7005.280000 0.027651 0
7008.640000 0.021546 0
7012.000000 0.030561 0
7015.360000 0.025813 0
7018.720000 0.021631 0
7022.080000 0.020151 0
7025.440000 0.026226 0
7028.800000 0.023643 0
7032.160000 0.017772 0
7035.520000 0.021416 0
7038.880000 0.027193 0
7042.240000 0.031438 0
7045.600000 0.032731 0
7048.960000 0.025360 0
7052.320000 0.029854 0
7055.680000 0.025112 0
7059.040000 0.025354 0
7062.400000 0.022234 0
7065.760000 0.020200 0
7069.120000 0.023813 0
7072.480000 0.023305 0
7075.840000 0.029275 0
7079.200000 0.031500 0
7082.560000 0.025214 0
7085.920000 0.021417 0
7089.280000 0.027804 0
7092.640000 0.023009 0
7096.000000 0.020002 0
7099.360000 0.024002 0
7102.720000 0.022928 0
7106.080000 0.015264 0
7109.440000 0.021835 0
7112.800000 0.021926 0
7116.160000 0.018399 0
7119.520000 0.020250 0
7122.880000 0.022038 0
7126.240000 0.029572 0
7129.600000 0.034415 0
7132.960000 0.035901 0
7136.320000 0.025625 0
7139.680000 0.028044 0
7143.040000 0.023351 0
7146.400000 0.021790 0
7149.760000 0.023059 0
7153.120000 0.025745 0
7156.480000 0.021229 0
7159.840000 0.020984 0
7163.200000 0.022552 0
7166.560000 0.023805 0
7169.920000 0.026808 0
7173.280000 0.019647 0
7176.640000 0.012496 0
7180.000000 0.022279 0
7183.360000 0.019922 0
7186.720000 0.022283 0
7190.080000 0.019015 0
7193.440000 0.029404 0
7196.800000 0.026197 0
7200.160000 0.025365 0
7203.520000 0.023974 0
7206.880000 0.022778 0
7210.240000 0.014378 0
7213.600000 0.014418 0
7216.960000 0.017881 0
7220.320000 0.009990 0
7223.680000 0.021106 0
7227.040000 0.021149 0
7230.400000 0.018788 0
7233.760000 0.034220 0
7237.120000 0.045066 0
7240.480000 0.036835 0
7243.840000 0.021462 0
7247.200000 -0.004140 0
7250.560000 0.020614 0
7253.920000 0.032406 0
7257.280000 0.024086 0
7260.640000 0.026439 0
7264.000000 0.031776 0
7267.360000 0.031513 0
7270.720000 0.046954 0
7274.080000 0.020586 0
7277.440000 0.039026 0
7280.800000 0.041177 0
7284.160000 0.019447 0
7287.520000 0.022815 0
7290.880000 0.025724 0
7294.240000 0.021526 0
7297.600000 0.025272 0
7300.960000 0.033008 0
7304.320000 0.034946 0
7307.680000 0.010325 0
7311.040000 0.053154 0
7314.400000 0.026799 0
7317.760000 0.022754 0
7321.120000 0.028998 0
7324.480000 0.019972 0
7327.840000 0.038051 0
7331.200000 0.016583 0
7334.560000 0.042249 0
7337.920000 0.044624 0
7341.280000 0.048963 0
7344.640000 0.051015 0
7348.000000 0.023363 0
7351.360000 0.030336 0
7354.720000 0.017585 0
7358.080000 0.025584 0
7361.440000 0.018151 0
7364.800000 -0.002137 0
7368.160000 0.010148 0
7371.520000 0.027136 0
7374.880000 0.004644 0
7378.240000 0.012976 0
7381.600000 0.022350 0
7384.960000 0.022976 0
7388.320000 0.023686 0
7391.680000 0.013199 0
7395.040000 0.021250 0
7398.400000 0.018517 0
7401.760000 0.038860 0
7405.120000 0.022590 0
7408.480000 0.009544 0
7411.840000 0.016031 0
7415.200000 0.019442 0
7418.560000 0.023593 0
7421.920000 0.022485 0
7425.280000 0.017873 0
7428.640000 0.014945 0
7432.000000 0.028880 0
7435.360000 0.022638 0
7438.720000 0.037288 0
7442.080000 0.032843 0
7445.440000 0.024866 0
7448.800000 0.012648 0
7452.160000 0.023056 0
7455.520000 0.018068 0
7458.880000 0.009087 0
7462.240000 0.019418 0
7465.600000 0.040205 0
7468.960000 0.041976 0
7472.320000 0.029257 0
7475.680000 0.019785 0
7479.040000 0.026483 0
7482.400000 0.025877 0
7485.760000 0.025760 0
7489.120000 0.019468 0
7492.480000 0.023890 0
7495.840000 0.019096 0
7499.200000 0.020846 0
7502.560000 0.018555 0
7505.920000 0.021516 0
7509.280000 0.031541 0
7512.640000 0.024637 0
7516.000000 0.026078 0
7519.360000 0.008646 0
7522.720000 0.006913 0
7526.080000 0.026549 0
7529.440000 0.017519 0
7532.800000 0.030665 0
7536.160000 0.015822 0
7539.520000 0.027321 0
7542.880000 0.018023 0
7546.240000 0.024552 0
7549.600000 0.023780 0
7552.960000 0.011891 0
7556.320000 0.016899 0
7559.680000 0.031560 0
7563.040000 0.020173 0
7566.400000 0.011858 0
7569.760000 0.020709 0
7573.120000 0.026451 0
7576.480000 0.006186 0
7579.840000 0.025362 0
7583.200000 0.020277 0
7586.560000 0.032438 0
7589.920000 0.035678 0
7593.280000 0.029993 0
7596.640000 0.010462 0
7600.000000 0.022960 0
7603.360000 0.014276 0
7606.720000 0.007414 0
7610.080000 0.013567 0
7613.440000 0.034491 0
7616.800000 0.033824 0
7620.160000 0.048793 0
7623.520000 0.034223 0
7626.880000 0.023346 0
7630.240000 0.021582 0
7633.600000 0.013564 0
7636.960000 0.022671 0
7640.320000 0.031632 0
7643.680000 0.033548 0
7647.040000 0.025553 0
7650.400000 0.023784 0
7653.760000 0.024602 0
7657.120000 0.024396 0
7660.480000 0.025662 0
7663.840000 0.025096 0
7667.200000 0.031857 0
7670.560000 0.010911 0
7673.920000 0.018912 0
7677.280000 0.021563 0
7680.640000 0.022195 0
7684.000000 0.018026 0
7687.360000 0.023213 0
7690.720000 0.021033 0
7694.080000 0.028737 0
7697.440000 0.022615 0
7700.800000 0.021783 0
7704.160000 0.028048 0
7707.520000 0.037968 0
7710.880000 0.031596 0
7714.240000 0.024490 0
7717.600000 0.018543 0
7720.960000 0.016876 0
7724.320000 0.025275 0
7727.680000 0.023241 0
7731.040000 0.029047 0
7734.400000 0.016243 0
7737.760000 0.015554 0
7741.120000 0.030399 0
7744.480000 0.054658 0
7747.840000 0.046530 0
7751.200000 0.030993 0
7754.560000 0.030910 0
7757.920000 0.021971 0
7761.280000 0.002332 0
7764.640000 0.019598 0
7768.000000 0.000845 0
7771.360000 0.011083 0
7774.720000 0.007583 0
7778.080000 -0.000721 0
7781.440000 0.028090 0
7784.800000 0.035147 0
7788.160000 0.027729 0
7791.520000 0.025882 0
7794.880000 0.032756 0
7798.240000 0.032599 0
7801.600000 0.006709 0
7804.960000 0.010980 0
7808.320000 0.033005 0
7811.680000 0.033834 0
7815.040000 0.017638 0
7818.400000 -0.008333 0
7821.760000 -0.001080 0
7825.120000 0.002154 0
7828.480000 0.017596 0
7831.840000 0.019746 0
7835.200000 0.023298 0
7838.560000 0.025414 0
7841.920000 0.020876 0
7845.280000 0.008100 0
7848.640000 0.033493 0
7852.000000 0.054386 0
7855.360000 0.024709 0
7858.720000 0.053594 0
7862.080000 0.047947 0
7865.440000 0.045795 0
7868.800000 0.003981 0
7872.160000 0.025052 0
7875.520000 0.021691 0
7878.880000 0.018136 0
7882.240000 0.000117 0
7885.600000 0.039203 0
7888.960000 -0.007357 0
7892.320000 0.037774 0
7895.680000 0.022450 0
7899.040000 0.012758 0
7902.400000 0.022026 0
7905.760000 0.016468 0
7909.120000 0.007022 0
7912.480000 0.027062 0
7915.840000 0.010716 0
7919.200000 0.008460 0
7922.560000 0.004472 0
7925.920000 0.038298 0
7929.280000 0.020875 0
7932.640000 -0.003351 0
7936.000000 0.005599 0
7939.360000 0.013625 0
7942.720000 0.024640 0
7946.080000 0.025087 0
7949.440000 0.017586 0
7952.800000 0.036878 0
7956.160000 0.022584 0
7959.520000 0.038784 0
7962.880000 0.027971 0
7966.240000 0.045059 0
7969.600000 0.005975 0
7972.960000 0.020273 0
7976.320000 0.020337 0
7979.680000 0.034084 0
7983.040000 0.013093 0
7986.400000 0.008459 0
7989.760000 0.010262 0
7993.120000 0.043260 0
7996.480000 0.030729 0
7999.840000 0.008711 0
8003.200000 0.016468 0
8006.560000 0.024122 0
8009.920000 0.041669 0
8013.280000 0.010737 0
8016.640000 0.002197 0
8020.000000 0.059849 0
8023.360000 0.053797 0
8026.720000 0.056259 0
8030.080000 0.014553 0
8033.440000 0.030089 0
8036.800000 0.014515 0
8040.160000 0.018144 0
8043.520000 0.020593 0
8046.880000 0.027759 0
8050.240000 0.019869 0
8053.600000 0.020536 0
8056.960000 0.019633 0
8060.320000 0.010033 0
8063.680000 0.039933 0
8067.040000 0.034158 0
8070.400000 0.010633 0
8073.760000 0.016403 0
8077.120000 0.032784 0
8080.480000 0.017383 0
8083.840000 0.014906 0
8087.200000 0.012349 0
8090.560000 0.016436 0
8093.920000 0.037865 0
8097.280000 0.023691 0
8100.640000 0.036123 0
8104.000000 0.030700 0
8107.360000 0.026853 0
8110.720000 0.009429 0
8114.080000 0.018031 0
8117.440000 0.022590 0
8120.800000 0.026890 0
8124.160000 0.020935 0
8127.520000 0.018226 0
8130.880000 0.030515 0
8134.240000 0.017279 0
8137.600000 0.021554 0
8140.960000 0.017323 0
8144.320000 0.015920 0
8147.680000 0.017453 0
8151.040000 0.028955 0
8154.400000 0.026494 0
8157.760000 0.022096 0
8161.120000 0.019842 0
8164.480000 0.027264 0
8167.840000 0.019080 0
8171.200000 0.024199 0
8174.560000 0.024450 0
8177.920000 0.018881 0
8181.280000 0.015733 0
8184.640000 0.028956 0
8188.000000 0.021926 0
8191.360000 0.029504 0
8194.720000 0.017935 0
8198.080000 0.031460 0
8201.440000 0.029831 0
8204.800000 0.014539 0
8208.160000 0.028000 0
8211.520000 0.012739 0
8214.880000 0.024115 0
8218.240000 0.016138 0
8221.600000 0.022397 0
8224.960000 0.034956 0
8228.320000 0.019519 0
8231.680000 0.015307 0
8235.040000 0.028822 0
8238.400000 0.023684 0
8241.760000 0.022269 0
8245.120000 0.023178 0
8248.480000 0.032976 0
8251.840000 0.025964 0
8255.200000 0.014882 0
8258.560000 0.013009 0
8261.920000 0.019675 0
8265.280000 0.018560 0
8268.640000 0.020903 0
8272.000000 0.035351 0
8275.360000 0.021062 0
8278.720000 0.032787 0
8282.080000 0.013901 0
8285.440000 -0.002617 0
8288.800000 0.015219 0
8292.160000 0.037434 0
8295.520000 0.018478 0
8298.880000 0.012484 0
8302.240000 0.031154 0
8305.600000 0.019189 0
8308.960000 0.036292 0
8312.320000 0.024409 0
8315.680000 0.013312 0
8319.040000 0.022574 0
8322.400000 0.009191 0
8325.760000 0.011677 0
8329.120000 0.022827 0
8332.480000 0.019708 0
8335.840000 0.020184 0
8339.200000 0.051191 0
8342.560000 0.037818 0
8345.920000 0.046414 0
8349.280000 0.049865 0
8352.640000 0.017355 0
8356.000000 0.022192 0
8359.360000 0.018608 0
8362.720000 0.022742 0
8366.080000 0.012128 0
8369.440000 0.026825 0
8372.800000 0.025601 0
8376.160000 0.030167 0
8379.520000 0.040557 0
8382.880000 0.036282 0
8386.240000 0.028699 0
8389.600000 0.026642 0
8392.960000 0.035937 0
8396.320000 0.055176 0
8399.680000 0.077615 0
8403.040000 0.013123 0
8406.400000 0.021833 0
8409.760000 0.043911 0
8413.120000 0.030051 0
8416.480000 0.035424 0
8419.840000 0.012021 0
8423.200000 0.035402 0
8426.560000 0.048076 0
8429.920000 0.048930 0
8433.280000 0.043951 0
8436.640000 0.034061 0
8440.000000 -0.006585 0
8443.360000 0.004451 0
8446.720000 0.035350 0
8450.080000 0.020319 0
8453.440000 0.030055 0
8456.800000 0.009093 0
8460.160000 -0.015193 0
8463.520000 0.028019 0
8466.880000 0.026562 0
8470.240000 0.032068 0
8473.600000 0.004695 0
8476.960000 0.013414 0
8480.320000 0.019703 0
8483.680000 0.023508 0
8487.040000 0.012651 0
8490.400000 0.037649 0
8493.760000 0.029877 0
8497.120000 0.030002 0
8500.480000 0.052116 0
8503.840000 0.015331 0
8507.200000 0.040961 0
8510.560000 0.037635 0
8513.920000 0.021171 0
8517.280000 0.018602 0
8520.640000 0.014827 0
8524.000000 0.022796 0
8527.360000 0.017235 0
8530.720000 0.012542 0
8534.080000 0.024659 0
8537.440000 0.024984 0
8540.800000 0.025083 0
8544.160000 0.034142 0
8547.520000 0.012663 0
8550.880000 0.014142 0
8554.240000 0.021040 0
8557.600000 0.017194 0
8560.960000 0.025519 0
8564.320000 0.024366 0
8567.680000 0.021487 0
8571.040000 0.022076 0
8574.400000 0.028413 0
8577.760000 0.018683 0
8581.120000 0.024034 0
8584.480000 0.024493 0
8587.840000 0.024980 0
8591.200000 0.009217 0
8594.560000 0.015976 0
8597.920000 0.023704 0
8601.280000 0.029274 0
8604.640000 0.016023 0
8608.000000 0.027625 0
8611.360000 0.051367 0
8614.720000 0.046284 0
8618.080000 0.007720 0
8621.440000 0.040661 0
8624.800000 0.057681 0
8628.160000 0.054879 0
8631.520000 0.036690 0
8634.880000 0.004342 0
8638.240000 0.046117 0
8641.600000 0.008984 0
8644.960000 0.026507 0
8648.320000 0.039154 0
8651.680000 0.028011 0
8655.040000 0.032899 0
8658.400000 0.026144 0
8661.760000 0.055478 0
8665.120000 0.040760 0
8668.480000 0.019676 0
8671.840000 0.023443 0
8675.200000 0.010234 0
8678.560000 0.005053 0
8681.920000 -0.017992 0
8685.280000 0.014744 0
8688.640000 0.028084 0
8692.000000 0.030968 0
8695.360000 0.027201 0
8698.720000 0.022289 0
8702.080000 0.017820 0
8705.440000 0.024434 0
8708.800000 0.030648 0
8712.160000 0.020198 0
8715.520000 0.013374 0
8718.880000 0.020617 0
8722.240000 0.015661 0
8725.600000 0.018281 0
8728.960000 0.005802 0
8732.320000 0.016359 0
8735.680000 0.014885 0
8739.040000 0.009110 0
8742.400000 0.026494 0
8745.760000 0.026521 0
8749.120000 0.024103 0
8752.480000 0.047686 0
8755.840000 0.048100 0
8759.200000 0.040368 0
8762.560000 0.015821 0
8765.920000 -0.006864 0
8769.280000 -0.006096 0
8772.640000 -0.100729 0
8776.000000 -0.009041 0
8779.360000 0.010567 0
8782.720000 0.013257 0
8786.080000 0.014668 0
8789.440000 0.021484 0
8792.800000 0.025161 0
8796.160000 0.028897 0
8799.520000 0.023882 0
8802.880000 0.035153 0
8806.240000 0.020969 0
8809.600000 0.039480 0
8812.960000 0.014480 0
8816.320000 0.017171 0
8819.680000 0.048289 0
8823.040000 0.038769 0
8826.400000 0.023774 0
8829.760000 -0.021889 0
8833.120000 0.083341 0
8836.480000 0.055514 0
8839.840000 0.010687 0
8843.200000 0.014188 0
8846.560000 0.026463 0
8849.920000 0.039022 0
8853.280000 0.041812 0
8856.640000 0.025154 0
8860.000000 0.037544 0
8863.360000 -0.009971 0
8866.720000 0.011487 0
8870.080000 0.002163 0
8873.440000 0.015577 0
8876.800000 0.014541 0
8880.160000 0.032177 0
8883.520000 0.007208 0
8886.880000 0.001926 0
8890.240000 0.006022 0
8893.600000 -0.000709 0
8896.960000 0.063274 0
8900.320000 0.041332 0
8903.680000 0.015078 0
8907.040000 0.047774 0
8910.400000 -0.012022 0
8913.760000 0.019075 0
8917.120000 -0.022161 0
8920.480000 0.021203 0
8923.840000 0.067547 0
8927.200000 0.004119 0
8930.560000 0.012333 0
8933.920000 0.027938 0
8937.280000 0.022274 0
8940.640000 0.042805 0
8944.000000 0.028816 0
8947.360000 0.014285 0
8950.720000 0.046945 0
8954.080000 0.052381 0
8957.440000 -0.004093 0
8960.800000 -0.004925 0
8964.160000 0.023161 0
8967.520000 0.026894 0
8970.880000 0.026400 0
8974.240000 0.041029 0
8977.600000 0.025468 0
8980.960000 0.028027 0
8984.320000 0.018530 0
8987.680000 0.024994 0
8991.040000 0.020154 0
8994.400000 0.023582 0
8997.760000 0.025796 0
9001.120000 0.027881 0
9004.480000 0.017069 0
9007.840000 0.024532 0
9011.200000 0.018457 0
9014.560000 0.018516 0
9017.920000 0.008455 0
9021.280000 0.014800 0
9024.640000 0.016988 0
9028.000000 0.020177 0
9031.360000 0.015728 0
9034.720000 0.018749 0
9038.080000 0.015977 0
9041.440000 0.012406 0
9044.800000 0.031111 0
9048.160000 0.036642 0
9051.520000 0.028452 0
9054.880000 0.035557 0
9058.240000 0.007066 0
9061.600000 0.011886 0
9064.960000 0.018371 0
9068.320000 0.036291 0
9071.680000 0.013788 0
9075.040000 0.007609 0
9078.400000 0.018904 0
9081.760000 0.024048 0
9085.120000 0.027124 0
9088.480000 0.035502 0
9091.840000 0.034854 0
9095.200000 0.004598 0
9098.560000 0.008571 0
9101.920000 0.030122 0
9105.280000 0.042712 0
9108.640000 0.011178 0
9112.000000 0.008727 0
9115.360000 0.017954 0
9118.720000 0.017342 0
9122.080000 0.021411 0
9125.440000 0.014286 0
9128.800000 0.015075 0
9132.160000 0.010848 0
9135.520000 0.008993 0
9138.880000 0.022345 0
9142.240000 0.022621 0
9145.600000 0.023152 0
9148.960000 0.028271 0
9152.320000 0.036702 0
9155.680000 0.033611 0
9159.040000 0.043812 0
9162.400000 0.052534 0
9165.760000 0.028090 0
9169.120000 0.028440 0
9172.480000 0.018298 0
9175.840000 0.009795 0
9179.200000 0.009206 0
9182.560000 0.012018 0
9185.920000 0.020630 0
9189.280000 0.021367 0
9192.640000 0.016820 0
9196.000000 0.006314 0
9199.360000 0.016922 0
9202.720000 0.022962 0
9206.080000 0.020554 0
9209.440000 0.020686 0
9212.800000 0.023550 0
9216.160000 0.029649 0
9219.520000 0.030184 0
9222.880000 0.010463 0
9226.240000 0.008524 0
9229.600000 0.013971 0
9232.960000 0.037313 0
9236.320000 0.000000 1
9239.680000 0.000000 1
9243.040000 0.000000 1
9246.400000 0.000000 1
9249.760000 0.000000 1
